0
0
1
1
2
3
4
5
5
6
11
11
14
15
16
18
19
20
20
20
21
21
23
24
24
26
26
26
27
27
27
28
29
32
32
33
33
33
36
37
38
40
40
41
41
42
44
46
48
49
50
52
53
53
55
56
57
58
58
59
62
62
62
62
65
65
66
66
67
68
68
69
69
72
72
73
73
78
78
78
78
78
79
79
79
80
81
81
82
83
84
84
88
88
90
90
97
97
98
98
99
99
99
99
100
100
100
101
103
104
105
107
107
109
109
110
113
116
116
116
118
120
120
122
123
126
126
126
128
128
129
130
131
131
131
135
138
138
139
140
140
141
141
142
143
143
145
147
148
148
149
150
150
151
151
153
154
154
158
159
159
160
163
163
165
167
169
169
171
171
172
173
173
175
176
178
179
179
180
181
182
187
189
189
189
190
190
190
190
190
191
191
193
193
196
197
197
197
197
198
199
199
200
201
202
204
206
208
208
209
210
210
211
212
215
216
217
217
217
218
219
219
220
221
221
221
221
223
225
225
225
226
227
227
228
228
228
230
231
231
231
232
235
236
236
239
241
241
241
242
243
244
245
247
248
249
254
254
255
255
255
257
257
259
261
263
264
264
264
265
266
266
267
269
272
272
274
274
274
274
274
275
275
276
277
277
277
278
279
280
282
282
284
289
290
293
293
294
294
295
297
299
299
300
301
301
302
302
305
305
306
307
307
307
307
307
308
309
310
311
311
312
314
314
315
315
315
316
317
317
318
319
321
322
322
323
324
325
327
327
329
329
330
330
331
331
331
331
332
333
334
335
335
335
337
338
338
339
343
346
347
347
348
349
350
351
351
353
354
355
356
356
356
359
359
359
362
363
365
366
367
368
368
369
370
374
374
376
377
377
378
378
378
379
379
380
383
383
383
384
385
390
390
391
392
392
392
393
393
394
395
396
396
396
398
401
401
401
401
402
402
403
403
404
405
406
406
407
407
407
408
412
413
414
415
416
417
420
421
422
423
423
426
426
427
430
430
431
434
435
435
436
436
437
439
440
440
443
444
445
446
446
447
447
447
447
449
450
450
450
451
453
453
454
457
457
457
458
459
461
461
463
465
469
470
471
471
471
472
472
474
474
475
475
478
478
481
482
483
483
484
484
488
488
488
490
491
491
495
497
503
504
508
509
512
512
513
516
516
518
518
519
520
521
522
523
524
525
526
528
529
529
529
531
533
534
534
535
535
536
536
536
537
538
538
541
541
542
543
544
544
544
546
547
548
550
551
551
552
552
554
554
555
555
556
558
558
560
560
562
562
563
563
564
565
566
567
569
569
570
570
572
573
575
576
576
576
578
578
578
578
579
579
583
583
584
585
585
586
590
591
591
593
595
595
596
596
597
597
598
599
600
600
602
602
603
605
606
607
607
608
608
609
610
611
612
612
613
614
617
618
618
620
620
621
623
625
625
625
626
628
630
631
631
631
634
634
635
635
636
636
637
637
638
639
640
645
645
645
646
646
647
649
650
650
650
652
652
653
654
654
654
655
656
657
657
659
659
660
660
660
662
662
663
663
664
664
666
668
668
668
671
672
672
673
678
679
680
680
681
681
685
685
690
690
691
692
694
696
696
696
697
698
699
700
701
702
703
705
705
706
707
708
708
708
708
708
708
711
711
711
712
713
718
718
718
720
721
721
722
722
723
724
725
727
731
734
734
735
736
737
737
737
737
737
737
739
740
741
741
742
744
744
746
746
747
748
749
750
751
752
752
753
753
755
757
758
761
761
766
767
768
769
770
773
773
773
777
777
778
780
781
783
784
785
786
786
786
787
788
788
788
789
790
791
792
793
794
795
796
796
799
800
801
802
802
802
803
804
805
806
807
807
807
807
811
811
811
811
812
814
815
816
816
818
819
820
821
824
824
825
825
825
825
826
827
831
832
833
834
835
835
836
838
838
839
841
841
842
843
844
844
845
845
847
848
850
850
850
853
853
853
854
855
855
857
858
858
859
860
862
862
862
863
866
866
867
867
868
871
871
871
875
875
876
877
877
877
878
879
880
881
882
882
884
885
885
886
887
887
888
888
888
889
889
890
890
893
894
894
895
895
897
898
899
900
900
902
904
904
906
906
907
909
909
911
912
913
913
915
916
916
917
919
919
919
919
919
921
921
924
924
924
924
925
925
926
926
926
931
931
933
933
933
933
934
935
935
935
936
937
937
939
940
940
940
942
946
946
949
950
951
951
951
952
952
953
955
956
957
957
959
960
962
962
964
965
965
965
966
969
969
970
970
970
973
973
973
974
975
978
978
980
980
981
981
981
982
982
985
985
988
989
989
990
990
991
991
991
991
992
992
993
995
995
997
997
999
999
1000
1000
1000
1000
1001
1003
1003
1003
1003
1004
1005
1007
1007
1008
1008
1010
1013
1014
1015
1016
1016
1017
1017
1018
1018
1021
1021
1021
1021
1022
1023
1023
1023
1024
1026
1027
1027
1027
1029
1030
1031
1033
1036
1036
1037
1039
1040
1041
1042
1042
1043
1043
1046
1046
1046
1049
1052
1055
1055
1058
1058
1058
1064
1067
1068
1068
1072
1072
1072
1073
1074
1075
1075
1076
1076
1076
1077
1077
1078
1080
1080
1081
1082
1083
1085
1086
1088
1089
1089
1090
1090
1090
1094
1096
1098
1098
1100
1100
1100
1101
1101
1102
1102
1102
1103
1104
1104
1105
1106
1106
1107
1109
1112
1114
1114
1117
1117
1118
1121
1121
1122
1123
1125
1126
1128
1130
1131
1131
1132
1132
1133
1133
1134
1134
1137
1138
1141
1141
1142
1145
1145
1146
1147
1147
1149
1149
1149
1150
1150
1156
1156
1156
1157
1158
1159
1163
1163
1164
1164
1165
1168
1169
1169
1170
1170
1173
1173
1174
1174
1175
1175
1177
1177
1178
1178
1180
1182
1182
1182
1182
1184
1185
1185
1185
1186
1188
1189
1189
1190
1190
1192
1194
1198
1200
1203
1203
1203
1204
1205
1206
1210
1210
1211
1211
1212
1216
1216
1216
1217
1218
1218
1221
1221
1221
1222
1224
1226
1226
1226
1227
1228
1232
1232
1232
1233
1233
1235
1235
1237
1238
1239
1241
1242
1242
1242
1243
1245
1246
1246
1248
1249
1249
1251
1251
1251
1253
1254
1256
1256
1257
1257
1257
1259
1259
1260
1262
1268
1268
1269
1269
1270
1270
1270
1271
1271
1271
1272
1272
1272
1274
1276
1277
1283
1284
1284
1285
1286
1287
1288
1289
1289
1290
1291
1292
1295
1295
1299
1299
1299
1300
1301
1301
1302
1306
1308
1311
1312
1313
1314
1316
1317
1317
1317
1318
1322
1322
1323
1325
1326
1327
1327
1328
1328
1330
1332
1332
1333
1334
1336
1336
1337
1338
1338
1341
1342
1344
1344
1345
1347
1348
1348
1349
1349
1351
1353
1353
1355
1356
1356
1357
1357
1359
1359
1360
1361
1361
1362
1362
1364
1366
1370
1370
1370
1372
1375
1376
1377
1377
1379
1379
1380
1381
1383
1383
1384
1384
1385
1387
1387
1391
1392
1393
1394
1395
1395
1396
1401
1402
1403
1403
1405
1407
1407
1407
1408
1410
1410
1411
1413
1420
1422
1422
1423
1424
1427
1431
1431
1432
1433
1435
1436
1437
1438
1439
1439
1440
1441
1442
1442
1444
1444
1444
1444
1445
1446
1446
1446
1446
1448
1448
1454
1454
1456
1457
1460
1460
1463
1464
1465
1465
1465
1467
1467
1468
1473
1473
1474
1474
1476
1480
1481
1482
1482
1483
1486
1486
1486
1487
1487
1487
1488
1488
1489
1489
1489
1490
1491
1492
1493
1494
1494
1494
1495
1497
1498
1499
1499
1499
1500
1501
1502
1504
1506
1508
1509
1509
1511
1512
1513
1514
1514
1514
1516
1517
1518
1519
1519
1522
1525
1525
1525
1526
1528
1529
1531
1533
1533
1534
1534
1535
1535
1536
1537
1539
1540
1541
1541
1542
1547
1547
1547
1549
1551
1556
1560
1560
1560
1561
1561
1563
1564
1564
1564
1566
1567
1569
1569
1570
1571
1572
1572
1572
1572
1572
1575
1575
1580
1581
1581
1582
1583
1584
1586
1588
1588
1589
1589
1590
1590
1595
1597
1597
1598
1599
1599
1599
1599
1602
1602
1605
1605
1606
1606
1608
1612
1616
1617
1623
1625
1625
1626
1628
1628
1630
1630
1630
1632
1632
1632
1633
1633
1633
1634
1636
1637
1637
1640
1640
1641
1641
1642
1644
1644
1644
1646
1648
1650
1651
1651
1651
1653
1654
1654
1657
1657
1658
1659
1660
1660
1663
1665
1665
1665
1666
1667
1667
1668
1670
1670
1671
1674
1675
1675
1677
1678
1680
1680
1684
1686
1687
1687
1688
1689
1690
1691
1692
1693
1694
1695
1695
1695
1696
1697
1698
1698
1698
1699
1699
1701
1704
1704
1705
1705
1706
1707
1710
1711
1712
1713
1713
1713
1714
1716
1717
1718
1718
1719
1722
1723
1723
1724
1727
1729
1729
1730
1730
1731
1732
1733
1735
1736
1736
1736
1736
1738
1739
1740
1742
1744
1744
1746
1747
1748
1750
1750
1754
1754
1754
1755
1755
1756
1756
1758
1759
1760
1761
1764
1765
1767
1767
1767
1767
1769
1769
1769
1774
1776
1778
1779
1779
1780
1781
1781
1784
1784
1788
1789
1789
1790
1791
1792
1795
1795
1796
1796
1797
1797
1798
1799
1801
1802
1803
1805
1806
1807
1808
1809
1810
1812
1812
1815
1816
1816
1818
1819
1819
1820
1820
1821
1821
1822
1824
1825
1827
1829
1829
1830
1831
1832
1833
1834
1834
1834
1835
1836
1837
1837
1838
1839
1839
1840
1840
1841
1844
1844
1845
1847
1850
1852
1852
1852
1852
1853
1854
1855
1856
1857
1857
1857
1858
1858
1859
1860
1860
1862
1862
1863
1864
1866
1867
1870
1870
1872
1873
1874
1875
1875
1876
1877
1877
1879
1879
1879
1882
1883
1886
1886
1887
1887
1887
1890
1891
1893
1894
1895
1895
1895
1898
1899
1900
1900
1902
1903
1904
1904
1905
1905
1908
1910
1910
1913
1914
1914
1915
1917
1917
1918
1918
1919
1919
1921
1921
1923
1924
1924
1928
1929
1929
1929
1932
1932
1934
1938
1938
1938
1938
1939
1940
1940
1941
1942
1942
1942
1943
1943
1946
1949
1949
1949
1950
1953
1954
1957
1959
1959
1960
1961
1961
1965
1966
1966
1967
1967
1968
1968
1968
1969
1969
1971
1971
1972
1973
1974
1975
1975
1978
1978
1981
1981
1981
1983
1983
1983
1984
1985
1986
1986
1987
1988
1988
1990
1991
1992
1993
1994
1995
1996
1997
1998
1998
2000
2001
2001
2003
2004
2004
2006
2009
2013
2014
2014
2015
2015
2016
2016
2016
2016
2016
2016
2016
2018
2019
2019
2022
2022
2023
2023
2026
2028
2028
2029
2032
2033
2034
2034
2035
2038
2039
2040
2041
2043
2045
2046
2046
2048
2050
2051
2052
2057
2057
2060
2061
2063
2064
2066
2067
2069
2070
2070
2070
2071
2072
2076
2077
2078
2078
2078
2079
2081
2082
2082
2082
2083
2084
2084
2085
2085
2085
2086
2087
2089
2089
2091
2092
2092
2093
2093
2094
2094
2095
2095
2097
2097
2098
2098
2099
2099
2101
2104
2104
2104
2105
2105
2107
2108
2108
2108
2109
2109
2110
2112
2113
2114
2114
2114
2115
2116
2117
2118
2118
2119
2119
2119
2120
2121
2123
2123
2124
2125
2126
2127
2129
2131
2131
2132
2133
2133
2133
2133
2135
2136
2137
2138
2138
2139
2139
2139
2141
2141
2142
2143
2144
2145
2145
2146
2146
2147
2147
2149
2151
2151
2153
2153
2154
2156
2157
2157
2157
2157
2157
2159
2159
2160
2160
2161
2161
2161
2162
2162
2163
2163
2165
2169
2170
2171
2172
2172
2172
2173
2173
2174
2174
2179
2183
2184
2184
2184
2184
2187
2189
2189
2190
2191
2191
2193
2196
2197
2198
2198
2198
2198
2200
2200
2200
2201
2202
2204
2204
2204
2205
2205
2206
2207
2207
2209
2210
2212
2212
2212
2213
2213
2214
2214
2214
2215
2217
2219
2220
2220
2223
2224
2226
2226
2226
2227
2227
2229
2230
2231
2231
2232
2232
2232
2233
2235
2235
2238
2240
2240
2242
2243
2244
2244
2245
2246
2247
2247
2247
2248
2249
2250
2252
2252
2253
2253
2253
2255
2255
2255
2259
2260
2261
2262
2264
2265
2265
2266
2267
2268
2269
2269
2270
2271
2272
2273
2274
2275
2276
2277
2279
2279
2279
2280
2286
2286
2287
2288
2290
2292
2294
2295
2296
2296
2296
2296
2297
2298
2299
2299
2300
2300
2301
2302
2303
2303
2304
2305
2306
2307
2307
2308
2309
2309
2309
2310
2311
2311
2311
2313
2313
2314
2315
2315
2316
2322
2322
2323
2324
2325
2327
2330
2331
2332
2333
2333
2333
2333
2338
2338
2339
2341
2341
2341
2342
2343
2345
2345
2345
2346
2347
2347
2351
2352
2357
2357
2358
2359
2359
2362
2364
2364
2365
2365
2367
2367
2367
2368
2368
2368
2369
2369
2370
2371
2372
2373
2374
2375
2378
2379
2380
2381
2381
2381
2381
2381
2382
2383
2383
2384
2387
2388
2390
2390
2391
2392
2393
2394
2395
2396
2397
2397
2397
2398
2398
2400
2401
2402
2403
2405
2406
2407
2409
2411
2411
2414
2414
2414
2415
2416
2416
2417
2417
2418
2418
2419
2420
2420
2421
2422
2427
2428
2428
2432
2433
2435
2435
2435
2436
2436
2437
2438
2440
2440
2443
2443
2444
2445
2446
2447
2449
2449
2450
2450
2451
2452
2453
2454
2454
2455
2456
2456
2461
2461
2465
2466
2466
2467
2467
2467
2468
2468
2469
2469
2469
2470
2471
2473
2475
2475
2477
2477
2478
2480
2481
2481
2482
2482
2483
2484
2486
2486
2486
2487
2490
2491
2492
2492
2493
2493
2495
2495
2495
2495
2496
2496
2496
2496
2496
2498
2498
2500
2502
2505
2510
2510
2511
2511
2511
2511
2512
2513
2514
2518
2520
2525
2525
2526
2528
2529
2530
2532
2533
2533
2534
2534
2534
2537
2538
2538
2538
2538
2539
2541
2542
2542
2543
2545
2545
2545
2548
2548
2551
2552
2554
2555
2556
2561
2561
2563
2566
2567
2567
2568
2569
2571
2574
2575
2576
2576
2578
2582
2582
2585
2589
2589
2590
2591
2591
2592
2594
2595
2595
2595
2597
2599
2601
2601
2601
2602
2603
2603
2604
2605
2605
2607
2608
2609
2613
2615
2615
2615
2616
2616
2617
2619
2621
2628
2629
2630
2630
2630
2631
2632
2632
2633
2634
2634
2635
2635
2635
2636
2637
2637
2638
2638
2638
2640
2640
2640
2643
2646
2648
2649
2650
2652
2652
2652
2654
2656
2657
2658
2660
2664
2666
2669
2670
2670
2670
2671
2672
2673
2676
2676
2679
2681
2681
2684
2684
2685
2686
2687
2687
2687
2687
2688
2688
2688
2689
2689
2689
2691
2691
2692
2693
2694
2695
2695
2696
2697
2697
2697
2698
2698
2701
2703
2703
2704
2705
2706
2707
2709
2709
2710
2711
2712
2712
2712
2713
2715
2716
2716
2717
2718
2719
2721
2723
2724
2726
2728
2729
2729
2730
2731
2731
2732
2732
2734
2734
2736
2740
2742
2744
2746
2746
2747
2748
2751
2754
2754
2754
2754
2755
2755
2757
2759
2759
2760
2760
2762
2763
2766
2767
2767
2770
2770
2771
2773
2774
2774
2775
2777
2777
2778
2779
2780
2781
2782
2784
2785
2785
2785
2786
2788
2788
2789
2790
2791
2793
2793
2794
2796
2797
2797
2798
2798
2800
2801
2802
2803
2804
2804
2805
2805
2806
2806
2807
2808
2808
2808
2808
2809
2809
2811
2814
2816
2817
2817
2818
2819
2819
2821
2821
2823
2824
2825
2825
2825
2827
2828
2829
2830
2830
2830
2833
2833
2838
2839
2840
2840
2841
2841
2842
2842
2842
2849
2849
2851
2851
2851
2852
2852
2853
2855
2855
2860
2860
2861
2862
2862
2862
2863
2865
2865
2866
2867
2868
2869
2870
2871
2872
2873
2873
2873
2874
2875
2875
2877
2877
2878
2880
2880
2880
2881
2885
2886
2886
2891
2891
2892
2892
2893
2896
2896
2897
2897
2899
2900
2900
2902
2902
2903
2906
2907
2910
2910
2911
2912
2912
2913
2913
2914
2914
2915
2917
2917
2918
2919
2920
2922
2924
2924
2924
2925
2925
2927
2928
2929
2930
2930
2931
2932
2933
2933
2935
2935
2936
2939
2940
2944
2944
2946
2947
2947
2947
2949
2949
2950
2950
2951
2951
2952
2952
2952
2952
2953
2954
2954
2955
2955
2956
2957
2957
2959
2959
2961
2961
2965
2966
2966
2968
2968
2968
2969
2969
2970
2971
2974
2974
2975
2976
2976
2978
2979
2981
2982
2982
2983
2983
2983
2984
2984
2985
2986
2986
2990
2990
2991
2994
2995
2995
2995
2996
2997
2998
2998
3001
3001
3002
3003
3003
3003
3005
3006
3008
3009
3009
3015
3016
3017
3017
3020
3020
3021
3021
3022
3026
3026
3026
3027
3028
3029
3033
3034
3038
3038
3042
3043
3046
3048
3048
3050
3051
3052
3053
3053
3053
3055
3056
3057
3057
3059
3060
3064
3064
3064
3065
3066
3068
3070
3070
3071
3072
3073
3073
3073
3076
3077
3077
3080
3081
3082
3082
3084
3085
3086
3087
3087
3091
3092
3094
3096
3097
3099
3099
3100
3100
3101
3101
3103
3103
3106
3106
3107
3109
3109
3111
3111
3112
3115
3116
3116
3120
3123
3123
3123
3125
3125
3125
3125
3125
3128
3129
3131
3131
3134
3134
3134
3135
3135
3136
3137
3138
3139
3139
3140
3140
3141
3141
3142
3142
3142
3142
3143
3143
3143
3145
3145
3145
3146
3148
3149
3149
3149
3149
3151
3153
3153
3153
3154
3154
3154
3154
3156
3157
3157
3157
3161
3162
3163
3163
3165
3166
3166
3168
3170
3170
3173
3173
3174
3174
3176
3176
3177
3179
3179
3180
3181
3182
3182
3182
3182
3183
3183
3183
3184
3186
3186
3186
3187
3188
3189
3189
3190
3191
3192
3192
3192
3192
3193
3193
3194
3195
3195
3198
3198
3198
3199
3200
3203
3203
3206
3206
3206
3206
3207
3209
3209
3210
3210
3211
3211
3212
3212
3213
3214
3215
3215
3217
3221
3222
3223
3224
3227
3227
3228
3229
3231
3231
3232
3232
3232
3233
3233
3235
3238
3239
3240
3242
3243
3248
3250
3250
3250
3252
3252
3253
3255
3257
3257
3260
3260
3261
3261
3261
3262
3262
3262
3264
3265
3267
3269
3274
3274
3277
3280
3280
3282
3283
3284
3285
3287
3287
3287
3287
3289
3291
3291
3292
3294
3294
3295
3295
3296
3297
3300
3301
3301
3303
3304
3304
3304
3307
3308
3314
3314
3315
3315
3315
3315
3317
3317
3317
3317
3318
3319
3319
3321
3322
3322
3324
3325
3325
3326
3326
3327
3327
3327
3328
3329
3331
3331
3336
3336
3337
3338
3339
3339
3342
3344
3344
3346
3347
3347
3349
3350
3351
3351
3351
3351
3357
3358
3360
3360
3363
3364
3365
3367
3367
3371
3371
3372
3374
3375
3375
3375
3376
3376
3376
3377
3377
3377
3379
3379
3382
3384
3385
3386
3386
3387
3387
3389
3391
3392
3392
3392
3392
3392
3394
3396
3396
3396
3396
3400
3400
3401
3401
3402
3404
3404
3406
3407
3410
3410
3411
3416
3416
3417
3417
3417
3417
3418
3418
3419
3419
3419
3420
3421
3422
3425
3426
3427
3427
3428
3428
3429
3430
3431
3432
3435
3435
3435
3436
3436
3438
3439
3439
3439
3439
3440
3441
3443
3443
3444
3445
3445
3446
3448
3449
3450
3450
3451
3451
3451
3453
3454
3454
3455
3455
3455
3456
3456
3457
3457
3458
3461
3462
3463
3464
3465
3466
3466
3467
3467
3468
3468
3469
3470
3471
3472
3473
3474
3474
3475
3475
3476
3477
3478
3481
3482
3484
3484
3485
3486
3486
3486
3487
3490
3490
3491
3491
3492
3492
3493
3495
3496
3499
3499
3500
3502
3502
3503
3504
3505
3506
3507
3507
3507
3508
3509
3509
3509
3510
3510
3510
3510
3511
3511
3512
3513
3514
3515
3516
3519
3520
3521
3521
3522
3523
3523
3525
3526
3528
3528
3532
3533
3533
3535
3535
3537
3538
3538
3538
3540
3540
3540
3541
3541
3543
3545
3545
3546
3546
3547
3551
3554
3556
3556
3557
3557
3559
3561
3563
3563
3564
3566
3566
3569
3570
3571
3571
3571
3572
3572
3573
3573
3575
3576
3576
3577
3581
3581
3582
3582
3582
3583
3585
3585
3586
3587
3587
3588
3590
3594
3594
3594
3595
3598
3598
3599
3600
3600
3601
3602
3603
3603
3604
3605
3605
3605
3605
3606
3606
3607
3608
3609
3610
3612
3612
3613
3614
3615
3615
3617
3617
3618
3623
3623
3625
3625
3630
3633
3633
3634
3635
3636
3636
3637
3637
3637
3637
3638
3639
3641
3641
3644
3649
3651
3652
3653
3655
3656
3657
3658
3659
3659
3660
3660
3660
3660
3661
3664
3665
3666
3666
3666
3667
3670
3671
3671
3674
3674
3675
3675
3675
3676
3677
3678
3678
3679
3679
3680
3680
3682
3682
3684
3684
3687
3687
3688
3688
3688
3688
3689
3690
3692
3693
3696
3696
3699
3700
3701
3701
3702
3704
3705
3706
3708
3708
3709
3710
3711
3711
3712
3712
3713
3713
3713
3718
3719
3719
3719
3724
3725
3726
3727
3727
3727
3728
3729
3730
3730
3731
3732
3735
3735
3736
3737
3737
3737
3738
3740
3740
3741
3742
3744
3745
3746
3746
3749
3750
3750
3750
3751
3751
3753
3753
3753
3754
3755
3756
3756
3757
3758
3758
3761
3761
3762
3763
3764
3764
3765
3766
3770
3771
3772
3772
3775
3777
3778
3778
3781
3783
3785
3786
3786
3786
3788
3789
3790
3791
3793
3793
3796
3796
3799
3804
3805
3806
3807
3809
3811
3812
3812
3813
3813
3814
3815
3816
3818
3820
3821
3821
3822
3823
3823
3831
3831
3832
3832
3832
3835
3836
3837
3839
3840
3840
3842
3842
3844
3844
3844
3845
3845
3846
3846
3852
3854
3854
3855
3856
3858
3859
3860
3862
3866
3867
3868
3869
3870
3870
3872
3872
3873
3874
3876
3877
3878
3880
3881
3882
3883
3883
3884
3885
3885
3887
3888
3889
3890
3891
3894
3895
3896
3897
3897
3898
3901
3901
3902
3903
3903
3905
3905
3905
3906
3910
3914
3916
3917
3917
3919
3919
3919
3920
3922
3923
3923
3923
3924
3924
3924
3924
3925
3925
3926
3926
3927
3928
3929
3929
3931
3932
3933
3935
3935
3938
3941
3942
3943
3944
3944
3945
3946
3948
3950
3950
3950
3951
3951
3952
3953
3953
3954
3954
3954
3954
3954
3954
3955
3956
3956
3956
3956
3958
3959
3960
3962
3962
3964
3965
3965
3965
3967
3968
3970
3972
3973
3973
3974
3974
3975
3975
3975
3976
3978
3978
3978
3978
3980
3981
3981
3985
3985
3986
3987
3988
3990
3991
3991
3992
3992
3993
3994
3994
3995
3996
3996
3997
3999
4000
4001
4002
4003
4004
4004
4005
4006
4006
4007
4007
4009
4012
4013
4015
4016
4017
4021
4023
4023
4025
4026
4027
4027
4028
4033
4034
4035
4036
4037
4037
4037
4038
4039
4042
4042
4047
4048
4049
4050
4051
4051
4053
4055
4056
4057
4059
4059
4060
4060
4063
4063
4063
4063
4064
4065
4066
4066
4070
4071
4071
4073
4073
4079
4079
4081
4084
4084
4085
4085
4089
4090
4090
4091
4091
4093
4094
4096
4097
4097
4097
4098
4100
4102
4103
4103
4104
4104
4106
4108
4108
4109
4109
4114
4114
4114
4118
4119
4120
4121
4121
4122
4123
4124
4124
4127
4127
4128
4130
4130
4132
4133
4135
4136
4136
4136
4138
4138
4138
4139
4139
4140
4141
4142
4143
4144
4144
4146
4148
4149
4150
4150
4151
4151
4152
4154
4156
4159
4161
4162
4163
4164
4165
4165
4166
4166
4167
4167
4169
4170
4171
4174
4175
4175
4176
4176
4176
4177
4177
4177
4178
4178
4180
4180
4182
4183
4184
4187
4187
4187
4188
4189
4190
4192
4193
4193
4193
4194
4195
4195
4195
4198
4198
4200
4200
4200
4201
4203
4203
4204
4204
4204
4205
4207
4207
4208
4210
4211
4212
4213
4213
4214
4215
4215
4216
4216
4216
4217
4218
4218
4219
4220
4220
4221
4221
4221
4221
4222
4223
4224
4225
4226
4227
4227
4230
4230
4231
4231
4234
4235
4235
4235
4236
4236
4236
4237
4239
4239
4240
4241
4241
4242
4243
4244
4244
4250
4251
4252
4253
4254
4256
4256
4257
4259
4262
4263
4264
4265
4267
4268
4268
4269
4269
4270
4273
4273
4274
4276
4276
4277
4278
4279
4279
4279
4279
4280
4280
4280
4283
4283
4285
4286
4287
4288
4291
4292
4292
4292
4292
4293
4294
4296
4296
4297
4298
4300
4300
4300
4301
4301
4302
4302
4304
4304
4305
4306
4307
4308
4309
4310
4311
4312
4312
4315
4316
4316
4316
4317
4321
4321
4321
4323
4323
4324
4325
4326
4328
4330
4330
4332
4332
4333
4335
4336
4336
4338
4339
4340
4341
4342
4342
4343
4344
4344
4346
4347
4350
4350
4353
4353
4354
4354
4354
4356
4356
4358
4358
4358
4358
4360
4361
4361
4362
4364
4366
4366
4367
4368
4368
4368
4368
4369
4371
4372
4373
4374
4377
4378
4379
4379
4380
4381
4383
4383
4386
4386
4386
4390
4393
4393
4393
4396
4401
4401
4402
4402
4403
4405
4410
4411
4412
4412
4414
4418
4418
4420
4420
4421
4421
4423
4423
4423
4424
4424
4425
4427
4428
4429
4430
4430
4431
4431
4432
4432
4432
4433
4436
4436
4436
4437
4438
4439
4440
4440
4441
4442
4444
4445
4445
4448
4448
4449
4450
4450
4451
4451
4453
4453
4454
4458
4459
4461
4461
4462
4462
4464
4465
4465
4466
4466
4467
4470
4470
4470
4471
4471
4472
4472
4473
4473
4477
4478
4481
4482
4482
4482
4484
4484
4485
4488
4489
4491
4491
4493
4497
4498
4499
4500
4500
4501
4502
4506
4507
4507
4508
4510
4510
4512
4513
4513
4513
4515
4518
4518
4519
4519
4520
4521
4523
4523
4523
4525
4526
4526
4526
4527
4528
4528
4529
4529
4532
4533
4535
4535
4536
4537
4539
4540
4541
4543
4546
4546
4546
4546
4546
4547
4547
4548
4549
4549
4551
4552
4553
4553
4555
4555
4557
4557
4560
4560
4560
4561
4562
4562
4562
4565
4566
4566
4569
4570
4573
4573
4573
4573
4575
4576
4577
4579
4581
4585
4585
4586
4586
4586
4587
4588
4590
4590
4592
4593
4594
4598
4599
4600
4601
4601
4603
4606
4607
4612
4612
4613
4613
4614
4614
4617
4618
4618
4619
4621
4623
4624
4624
4625
4626
4627
4627
4628
4628
4628
4630
4631
4632
4635
4635
4636
4637
4637
4638
4638
4638
4638
4639
4642
4642
4644
4644
4644
4645
4645
4646
4650
4651
4652
4652
4655
4655
4656
4656
4657
4658
4658
4660
4662
4663
4663
4664
4666
4666
4667
4667
4669
4670
4671
4674
4675
4675
4675
4676
4677
4677
4680
4681
4681
4683
4684
4689
4689
4689
4692
4693
4694
4695
4696
4697
4698
4698
4700
4701
4707
4707
4709
4709
4710
4710
4711
4713
4713
4714
4714
4715
4716
4717
4717
4719
4719
4722
4722
4725
4726
4733
4733
4733
4734
4737
4737
4737
4737
4739
4739
4740
4741
4744
4745
4747
4747
4747
4747
4752
4753
4753
4753
4753
4755
4755
4758
4759
4759
4760
4760
4760
4761
4765
4765
4766
4769
4770
4770
4772
4774
4774
4777
4778
4779
4780
4780
4781
4781
4781
4781
4783
4783
4785
4785
4786
4788
4788
4789
4789
4791
4793
4793
4795
4797
4797
4799
4799
4802
4806
4807
4808
4809
4811
4811
4813
4813
4813
4814
4814
4814
4814
4815
4815
4818
4818
4818
4818
4822
4822
4822
4823
4825
4830
4830
4830
4831
4832
4834
4835
4835
4835
4835
4837
4838
4838
4838
4839
4840
4841
4842
4843
4844
4845
4845
4847
4847
4848
4849
4849
4850
4851
4852
4852
4854
4854
4855
4855
4855
4858
4858
4860
4860
4863
4864
4864
4865
4865
4865
4865
4866
4867
4867
4868
4868
4869
4872
4872
4873
4873
4873
4875
4876
4877
4877
4879
4879
4879
4881
4882
4884
4884
4885
4885
4886
4887
4888
4889
4890
4892
4892
4893
4894
4894
4894
4896
4897
4898
4898
4899
4900
4900
4902
4902
4903
4903
4906
4907
4907
4907
4909
4911
4911
4912
4912
4914
4915
4917
4918
4920
4921
4922
4922
4922
4923
4923
4924
4924
4924
4928
4928
4929
4930
4930
4931
4931
4933
4933
4934
4935
4936
4937
4937
4938
4939
4941
4944
4945
4946
4947
4947
4950
4950
4952
4952
4953
4954
4954
4954
4956
4957
4957
4958
4958
4959
4959
4960
4964
4967
4967
4969
4970
4972
4973
4974
4974
4974
4974
4975
4975
4975
4975
4976
4977
4979
4980
4981
4981
4981
4982
4983
4985
4985
4986
4986
4987
4988
4988
4993
4994
4995
4995
4997
4997
4998
4998
5001
5002
5004
5004
5005
5005
5006
5008
5009
5010
5010
5010
5011
5012
5012
5012
5013
5015
5015
5016
5018
5018
5019
5022
5024
5024
5025
5025
5027
5027
5031
5031
5032
5034
5035
5035
5035
5036
5038
5039
5039
5040
5042
5045
5046
5048
5048
5051
5054
5055
5055
5056
5057
5057
5058
5058
5059
5060
5062
5062
5062
5062
5064
5065
5067
5067
5071
5073
5074
5074
5076
5080
5080
5081
5083
5083
5084
5085
5086
5086
5087
5087
5088
5089
5089
5094
5095
5097
5097
5098
5099
5100
5101
5102
5105
5106
5106
5107
5108
5109
5110
5110
5111
5111
5112
5113
5117
5117
5119
5119
5124
5124
5127
5128
5129
5132
5134
5136
5136
5137
5140
5141
5143
5147
5147
5149
5150
5150
5150
5151
5153
5154
5155
5156
5156
5158
5158
5159
5159
5162
5165
5167
5167
5167
5168
5168
5170
5171
5173
5174
5175
5177
5177
5177
5178
5178
5178
5178
5180
5180
5181
5181
5182
5182
5183
5184
5184
5185
5185
5186
5186
5187
5190
5190
5191
5191
5191
5192
5194
5194
5194
5195
5196
5197
5198
5198
5199
5204
5208
5210
5211
5211
5212
5213
5214
5216
5216
5217
5219
5220
5222
5222
5223
5223
5225
5230
5231
5234
5235
5237
5238
5238
5240
5243
5247
5247
5247
5248
5248
5250
5255
5255
5257
5257
5260
5263
5263
5265
5265
5266
5267
5268
5269
5269
5270
5270
5270
5275
5275
5276
5277
5279
5280
5281
5282
5284
5285
5285
5285
5287
5288
5289
5289
5292
5293
5295
5295
5297
5297
5298
5298
5298
5299
5299
5299
5299
5301
5303
5303
5304
5304
5305
5307
5307
5311
5313
5313
5315
5315
5316
5317
5317
5317
5317
5318
5319
5319
5319
5320
5321
5322
5323
5324
5327
5328
5328
5330
5331
5331
5331
5336
5337
5338
5338
5338
5339
5340
5341
5341
5341
5342
5342
5343
5343
5344
5344
5345
5345
5345
5346
5347
5347
5348
5350
5350
5350
5353
5353
5354
5355
5355
5356
5357
5359
5360
5361
5362
5362
5362
5362
5363
5363
5364
5366
5366
5367
5367
5368
5370
5372
5372
5373
5373
5374
5374
5376
5377
5377
5378
5378
5380
5380
5381
5381
5382
5382
5384
5384
5385
5386
5390
5391
5392
5397
5397
5398
5398
5398
5398
5399
5400
5400
5401
5404
5406
5408
5410
5411
5411
5412
5413
5413
5413
5413
5414
5414
5415
5416
5417
5420
5422
5425
5426
5426
5429
5430
5430
5430
5432
5432
5432
5434
5435
5435
5435
5436
5436
5437
5437
5437
5438
5441
5442
5442
5444
5445
5446
5446
5448
5448
5448
5449
5450
5452
5452
5453
5453
5454
5455
5455
5461
5461
5463
5463
5464
5465
5466
5466
5467
5469
5469
5470
5470
5471
5472
5473
5473
5474
5475
5478
5479
5479
5483
5483
5484
5484
5485
5487
5488
5488
5488
5488
5493
5493
5496
5497
5498
5498
5498
5500
5501
5502
5502
5503
5504
5506
5506
5507
5508
5509
5509
5509
5510
5511
5513
5513
5514
5514
5514
5515
5516
5517
5518
5519
5519
5519
5519
5520
5522
5522
5523
5525
5525
5526
5527
5529
5529
5531
5532
5532
5533
5533
5536
5539
5540
5540
5541
5541
5542
5544
5544
5545
5545
5550
5550
5551
5551
5551
5553
5554
5555
5559
5562
5562
5562
5562
5564
5565
5566
5566
5568
5569
5570
5570
5570
5572
5573
5576
5576
5577
5579
5580
5580
5581
5583
5583
5585
5586
5587
5588
5588
5589
5590
5591
5592
5592
5595
5596
5599
5602
5602
5603
5605
5605
5606
5606
5606
5609
5609
5611
5611
5618
5619
5620
5621
5621
5622
5622
5623
5623
5624
5624
5625
5625
5627
5628
5628
5628
5629
5629
5630
5630
5630
5631
5632
5634
5634
5634
5635
5636
5636
5637
5637
5638
5638
5640
5640
5641
5641
5641
5643
5643
5644
5645
5646
5647
5647
5648
5651
5652
5654
5655
5656
5657
5657
5658
5658
5660
5661
5661
5662
5662
5663
5664
5664
5664
5665
5665
5666
5666
5667
5671
5672
5672
5673
5674
5675
5675
5676
5677
5677
5678
5678
5679
5683
5685
5686
5687
5689
5691
5692
5692
5692
5693
5693
5693
5695
5697
5697
5697
5698
5698
5700
5700
5701
5701
5701
5701
5702
5704
5705
5707
5708
5708
5710
5710
5712
5712
5715
5716
5716
5719
5720
5720
5722
5722
5723
5726
5726
5728
5728
5729
5730
5730
5733
5734
5735
5736
5737
5739
5741
5743
5745
5745
5745
5746
5746
5748
5749
5749
5751
5751
5753
5755
5756
5757
5759
5760
5761
5765
5765
5766
5767
5771
5772
5774
5774
5775
5776
5776
5779
5780
5781
5782
5782
5783
5783
5783
5786
5787
5789
5791
5791
5791
5793
5795
5795
5796
5797
5797
5797
5798
5798
5800
5800
5801
5803
5804
5804
5805
5806
5806
5807
5808
5808
5810
5810
5810
5810
5811
5811
5813
5813
5814
5814
5815
5816
5816
5816
5817
5820
5821
5822
5823
5824
5825
5828
5828
5828
5828
5829
5830
5832
5836
5838
5840
5840
5840
5844
5845
5845
5846
5847
5847
5848
5848
5850
5850
5850
5853
5853
5853
5853
5855
5855
5855
5855
5856
5857
5857
5861
5861
5861
5861
5862
5864
5864
5865
5865
5865
5866
5869
5870
5870
5873
5874
5874
5874
5878
5878
5878
5879
5879
5880
5881
5883
5883
5885
5887
5888
5888
5890
5891
5891
5892
5893
5893
5895
5897
5898
5899
5899
5899
5900
5900
5901
5901
5902
5903
5904
5904
5905
5906
5907
5907
5909
5910
5911
5911
5912
5912
5912
5912
5913
5913
5915
5915
5916
5916
5918
5919
5921
5921
5921
5922
5922
5922
5925
5926
5928
5928
5930
5930
5931
5933
5934
5935
5935
5936
5937
5938
5939
5940
5940
5940
5940
5942
5943
5945
5947
5948
5952
5953
5954
5954
5955
5956
5957
5958
5960
5961
5962
5962
5962
5963
5963
5964
5964
5965
5965
5966
5966
5968
5968
5969
5969
5971
5973
5974
5974
5975
5977
5980
5981
5985
5986
5987
5988
5990
5991
5991
5994
5995
5995
5997
5997
5997
5998
6000
6000
6000
6000
6001
6001
6001
6003
6004
6005
6006
6006
6007
6007
6009
6011
6011
6012
6014
6016
6020
6020
6021
6022
6025
6025
6026
6027
6029
6030
6030
6031
6031
6031
6032
6032
6032
6034
6034
6034
6038
6038
6038
6038
6040
6042
6043
6044
6047
6048
6048
6049
6052
6052
6053
6053
6055
6056
6056
6056
6056
6057
6058
6062
6063
6063
6064
6066
6067
6067
6069
6069
6069
6070
6071
6071
6072
6074
6075
6077
6077
6077
6077
6078
6079
6080
6080
6081
6081
6083
6083
6085
6086
6086
6088
6091
6091
6092
6095
6095
6096
6098
6100
6100
6100
6101
6102
6106
6107
6107
6110
6111
6111
6112
6113
6113
6113
6113
6114
6114
6115
6117
6117
6120
6120
6122
6122
6124
6124
6125
6125
6125
6125
6126
6129
6130
6131
6133
6133
6133
6135
6136
6136
6136
6139
6140
6141
6141
6145
6149
6149
6150
6150
6150
6151
6152
6154
6155
6155
6156
6157
6158
6159
6163
6163
6164
6164
6164
6165
6169
6173
6174
6174
6177
6180
6181
6182
6182
6183
6183
6183
6185
6187
6188
6188
6189
6189
6190
6190
6193
6193
6194
6195
6195
6196
6196
6198
6199
6199
6203
6203
6203
6203
6203
6205
6206
6206
6207
6207
6209
6210
6210
6211
6212
6212
6212
6213
6214
6215
6219
6219
6220
6222
6222
6224
6224
6224
6226
6229
6231
6233
6233
6233
6234
6235
6237
6238
6239
6239
6240
6240
6242
6242
6244
6245
6249
6249
6250
6250
6250
6253
6254
6258
6258
6259
6259
6259
6260
6260
6261
6261
6261
6263
6263
6263
6264
6265
6265
6265
6270
6271
6272
6272
6272
6275
6275
6276
6276
6276
6277
6277
6277
6278
6280
6280
6281
6282
6283
6283
6285
6286
6287
6288
6289
6289
6293
6293
6294
6297
6299
6299
6300
6300
6300
6300
6302
6302
6303
6304
6304
6307
6307
6309
6310
6311
6311
6312
6312
6312
6312
6313
6319
6319
6321
6321
6323
6323
6323
6324
6325
6325
6325
6326
6327
6328
6331
6331
6332
6335
6335
6336
6338
6338
6338
6339
6339
6339
6340
6341
6342
6342
6343
6346
6350
6350
6351
6353
6354
6354
6356
6357
6357
6358
6360
6362
6362
6362
6363
6364
6364
6364
6365
6365
6365
6366
6366
6367
6368
6368
6368
6368
6368
6371
6371
6372
6372
6373
6373
6374
6374
6376
6376
6378
6379
6381
6381
6382
6382
6382
6383
6383
6385
6386
6387
6389
6389
6389
6390
6391
6391
6392
6393
6395
6398
6398
6398
6399
6399
6399
6402
6402
6403
6405
6407
6409
6410
6410
6410
6410
6411
6412
6413
6416
6416
6416
6417
6417
6420
6422
6422
6423
6425
6426
6427
6427
6428
6429
6430
6432
6432
6433
6433
6434
6437
6437
6439
6439
6439
6440
6443
6446
6447
6447
6447
6448
6449
6449
6450
6451
6451
6453
6453
6454
6454
6455
6457
6457
6458
6458
6459
6459
6460
6461
6461
6462
6465
6466
6466
6467
6467
6467
6467
6469
6469
6471
6474
6475
6475
6475
6476
6477
6478
6479
6480
6480
6481
6482
6482
6491
6492
6492
6493
6494
6494
6495
6496
6497
6498
6498
6498
6500
6500
6501
6501
6503
6504
6506
6506
6507
6508
6510
6510
6510
6511
6511
6512
6513
6513
6515
6517
6518
6519
6522
6523
6524
6524
6525
6527
6529
6530
6530
6533
6534
6535
6535
6536
6537
6539
6540
6541
6543
6543
6552
6552
6553
6553
6554
6554
6554
6556
6557
6558
6559
6561
6561
6561
6561
6562
6562
6562
6562
6562
6567
6567
6567
6568
6572
6573
6573
6574
6574
6574
6575
6575
6576
6578
6578
6578
6580
6580
6580
6582
6582
6583
6583
6584
6584
6585
6585
6585
6586
6586
6586
6586
6587
6588
6588
6589
6589
6589
6590
6590
6591
6591
6591
6592
6593
6593
6595
6595
6597
6598
6600
6601
6602
6603
6603
6604
6604
6605
6606
6607
6607
6609
6611
6613
6614
6615
6616
6616
6617
6618
6618
6618
6619
6620
6623
6624
6626
6626
6629
6631
6632
6633
6633
6635
6636
6636
6636
6638
6639
6639
6641
6641
6643
6643
6644
6645
6645
6645
6646
6650
6652
6654
6655
6655
6655
6656
6660
6660
6662
6664
6664
6665
6667
6667
6667
6670
6671
6672
6672
6672
6672
6674
6676
6676
6677
6677
6678
6678
6681
6682
6683
6684
6685
6687
6687
6688
6688
6689
6689
6690
6690
6690
6691
6691
6691
6691
6692
6693
6694
6695
6695
6696
6698
6698
6699
6700
6701
6703
6704
6704
6704
6704
6705
6708
6708
6708
6709
6709
6712
6713
6714
6717
6718
6720
6722
6722
6722
6725
6726
6727
6727
6727
6728
6728
6730
6733
6734
6735
6736
6736
6737
6737
6738
6738
6738
6740
6742
6742
6744
6747
6747
6748
6749
6750
6750
6751
6754
6755
6755
6755
6757
6759
6759
6759
6762
6767
6767
6768
6769
6769
6771
6771
6772
6773
6773
6773
6774
6775
6775
6775
6776
6779
6781
6782
6783
6784
6784
6785
6786
6786
6787
6788
6789
6789
6790
6792
6794
6795
6796
6798
6800
6800
6801
6803
6804
6806
6807
6808
6808
6810
6810
6812
6812
6815
6815
6816
6818
6820
6822
6826
6826
6826
6827
6828
6828
6828
6828
6829
6830
6830
6831
6833
6834
6834
6835
6835
6835
6839
6840
6841
6841
6842
6842
6844
6844
6845
6845
6846
6846
6846
6848
6848
6848
6850
6852
6853
6853
6854
6854
6854
6855
6856
6860
6862
6862
6863
6863
6863
6863
6864
6864
6865
6867
6867
6869
6869
6869
6870
6871
6871
6873
6877
6878
6878
6880
6881
6883
6884
6884
6886
6886
6886
6887
6889
6890
6891
6893
6894
6895
6897
6898
6900
6901
6902
6902
6903
6904
6905
6906
6908
6909
6909
6910
6911
6912
6912
6912
6917
6919
6924
6925
6925
6927
6929
6930
6932
6933
6933
6933
6934
6934
6936
6937
6937
6938
6938
6940
6941
6942
6943
6945
6945
6945
6946
6946
6948
6951
6955
6955
6955
6956
6956
6956
6958
6958
6959
6962
6964
6964
6965
6965
6968
6970
6971
6971
6972
6973
6975
6975
6977
6977
6979
6980
6982
6983
6984
6984
6986
6987
6987
6988
6988
6989
6989
6992
6992
6992
6992
6993
6993
6993
6994
6994
6995
6997
6997
6998
7000
7001
7002
7005
7006
7006
7006
7006
7009
7010
7010
7012
7013
7013
7014
7015
7015
7016
7020
7021
7022
7022
7024
7025
7026
7027
7030
7031
7031
7034
7034
7034
7035
7035
7037
7037
7038
7039
7039
7040
7041
7041
7041
7041
7042
7043
7045
7046
7047
7047
7050
7051
7051
7053
7054
7055
7057
7058
7059
7059
7059
7060
7061
7061
7062
7062
7064
7064
7069
7070
7071
7071
7073
7075
7076
7077
7081
7082
7084
7085
7086
7087
7089
7089
7091
7091
7095
7096
7097
7100
7101
7101
7102
7104
7104
7105
7105
7105
7106
7109
7110
7110
7110
7111
7112
7112
7112
7114
7117
7118
7121
7121
7122
7123
7123
7123
7124
7129
7131
7132
7132
7135
7135
7138
7139
7141
7143
7143
7143
7144
7144
7144
7144
7146
7147
7147
7149
7151
7151
7151
7151
7152
7155
7157
7158
7159
7159
7159
7160
7162
7163
7164
7167
7168
7168
7170
7171
7171
7171
7172
7182
7183
7183
7184
7184
7184
7185
7186
7186
7187
7187
7188
7188
7189
7190
7190
7191
7196
7197
7197
7198
7199
7201
7204
7204
7205
7205
7205
7206
7207
7208
7209
7209
7210
7212
7213
7214
7216
7216
7216
7219
7220
7220
7221
7223
7225
7226
7228
7229
7231
7232
7234
7234
7235
7235
7236
7239
7239
7239
7241
7241
7242
7242
7242
7245
7245
7245
7247
7248
7249
7251
7253
7253
7257
7257
7259
7259
7261
7261
7262
7262
7262
7263
7266
7268
7268
7268
7269
7269
7269
7271
7271
7274
7274
7275
7276
7278
7278
7279
7283
7283
7286
7286
7289
7294
7294
7295
7297
7297
7298
7299
7299
7303
7303
7304
7305
7305
7311
7312
7312
7314
7316
7317
7319
7322
7324
7327
7328
7328
7329
7330
7331
7332
7332
7332
7333
7334
7335
7336
7337
7338
7338
7340
7341
7342
7343
7343
7346
7346
7347
7350
7350
7350
7350
7351
7352
7353
7353
7355
7357
7357
7358
7359
7361
7362
7366
7366
7367
7369
7369
7373
7374
7375
7375
7376
7377
7377
7378
7379
7380
7380
7381
7383
7383
7383
7385
7387
7389
7389
7389
7389
7390
7392
7393
7393
7395
7397
7400
7400
7402
7402
7403
7404
7405
7406
7408
7410
7412
7413
7414
7415
7415
7415
7416
7419
7419
7420
7420
7420
7421
7422
7423
7423
7424
7424
7424
7425
7426
7426
7428
7430
7431
7431
7432
7432
7433
7433
7434
7434
7436
7440
7440
7441
7441
7441
7442
7447
7449
7450
7452
7452
7455
7456
7457
7460
7462
7464
7466
7472
7472
7472
7473
7473
7473
7474
7475
7475
7475
7477
7479
7482
7482
7482
7484
7485
7485
7486
7486
7487
7488
7489
7489
7490
7491
7491
7492
7496
7496
7497
7498
7498
7499
7501
7501
7503
7503
7503
7509
7516
7517
7519
7520
7520
7522
7522
7522
7522
7523
7524
7526
7526
7527
7529
7530
7530
7535
7536
7536
7537
7537
7538
7539
7540
7541
7541
7542
7543
7543
7544
7546
7546
7546
7547
7548
7548
7549
7549
7551
7554
7554
7554
7555
7555
7556
7557
7559
7561
7564
7564
7564
7566
7567
7568
7568
7569
7570
7570
7571
7571
7572
7573
7573
7574
7576
7577
7577
7577
7578
7583
7583
7583
7584
7585
7585
7586
7586
7586
7589
7591
7592
7593
7595
7596
7599
7600
7604
7607
7607
7607
7608
7609
7609
7609
7610
7611
7611
7611
7613
7613
7613
7614
7615
7616
7620
7620
7623
7624
7625
7625
7627
7628
7629
7630
7631
7632
7632
7634
7636
7636
7637
7637
7638
7639
7640
7641
7642
7643
7643
7643
7645
7646
7649
7650
7650
7652
7652
7652
7653
7658
7659
7659
7660
7660
7661
7664
7664
7665
7667
7668
7669
7669
7671
7671
7672
7672
7674
7674
7675
7675
7676
7679
7679
7680
7681
7682
7682
7685
7686
7687
7688
7690
7691
7692
7695
7696
7696
7696
7697
7698
7700
7702
7703
7703
7704
7705
7706
7706
7709
7715
7717
7718
7721
7722
7722
7723
7725
7727
7727
7728
7729
7735
7735
7735
7736
7736
7737
7737
7737
7738
7738
7738
7738
7739
7739
7739
7741
7743
7744
7744
7747
7747
7748
7748
7750
7750
7751
7751
7752
7754
7755
7756
7757
7757
7758
7760
7760
7762
7765
7766
7766
7766
7766
7767
7767
7769
7770
7770
7773
7774
7775
7777
7779
7780
7780
7784
7785
7786
7787
7787
7789
7789
7790
7791
7791
7792
7792
7792
7792
7794
7795
7796
7797
7799
7799
7802
7804
7805
7807
7808
7808
7808
7810
7810
7810
7813
7813
7813
7814
7814
7816
7816
7817
7817
7818
7818
7818
7819
7819
7821
7822
7826
7827
7832
7834
7835
7838
7838
7840
7841
7842
7842
7843
7844
7844
7844
7846
7847
7847
7847
7849
7850
7850
7853
7854
7855
7855
7855
7855
7856
7857
7857
7857
7859
7862
7863
7863
7864
7865
7866
7867
7867
7871
7872
7874
7875
7875
7879
7879
7880
7881
7883
7883
7884
7885
7886
7887
7890
7890
7891
7891
7893
7895
7897
7898
7898
7900
7901
7902
7905
7906
7906
7907
7908
7908
7908
7908
7909
7910
7910
7910
7912
7913
7913
7914
7916
7917
7917
7917
7920
7921
7922
7923
7923
7924
7925
7925
7925
7926
7927
7928
7933
7934
7936
7937
7938
7939
7940
7940
7941
7942
7942
7943
7943
7943
7944
7950
7950
7951
7951
7952
7955
7957
7958
7959
7959
7959
7963
7963
7966
7970
7970
7971
7972
7972
7972
7974
7976
7978
7978
7980
7980
7981
7982
7983
7984
7984
7984
7984
7984
7985
7987
7987
7987
7988
7989
7989
7990
7991
7991
7994
7998
7998
7998
8000
8001
8002
8004
8005
8006
8007
8007
8007
8007
8007
8012
8012
8013
8013
8014
8016
8016
8018
8019
8021
8022
8025
8025
8026
8026
8027
8028
8029
8030
8032
8032
8032
8033
8033
8033
8033
8034
8034
8035
8037
8038
8041
8041
8042
8043
8043
8044
8044
8044
8045
8045
8046
8048
8049
8049
8051
8054
8055
8056
8056
8057
8058
8059
8062
8062
8063
8064
8064
8065
8065
8068
8068
8068
8068
8069
8069
8070
8074
8075
8077
8079
8079
8080
8083
8083
8084
8085
8085
8087
8087
8088
8089
8089
8090
8090
8091
8093
8095
8096
8098
8098
8098
8098
8098
8099
8100
8101
8102
8103
8104
8104
8105
8105
8106
8109
8112
8115
8115
8115
8116
8116
8116
8118
8119
8120
8120
8121
8121
8122
8123
8126
8126
8128
8129
8129
8130
8130
8130
8132
8132
8133
8133
8134
8135
8136
8137
8137
8137
8138
8138
8138
8138
8139
8140
8140
8140
8142
8142
8143
8144
8145
8146
8147
8148
8148
8148
8153
8153
8156
8157
8158
8158
8158
8158
8160
8163
8164
8165
8166
8168
8168
8169
8170
8171
8171
8171
8172
8172
8173
8176
8179
8180
8180
8181
8181
8182
8183
8183
8183
8183
8184
8185
8185
8185
8187
8188
8189
8189
8191
8192
8193
8193
8196
8197
8198
8199
8200
8201
8202
8204
8208
8209
8209
8209
8210
8210
8211
8213
8214
8214
8214
8219
8220
8221
8221
8221
8222
8223
8224
8224
8224
8225
8226
8226
8227
8227
8227
8228
8228
8230
8231
8231
8233
8238
8238
8240
8242
8242
8244
8245
8247
8252
8252
8254
8254
8255
8255
8256
8258
8259
8261
8263
8263
8263
8263
8263
8264
8265
8265
8265
8266
8266
8267
8268
8268
8269
8272
8273
8275
8276
8277
8278
8281
8281
8281
8282
8284
8284
8285
8288
8288
8288
8291
8291
8292
8292
8293
8293
8293
8294
8296
8300
8300
8303
8303
8304
8306
8307
8307
8308
8309
8311
8311
8312
8314
8315
8316
8318
8320
8321
8321
8323
8323
8323
8324
8325
8325
8326
8327
8327
8329
8331
8331
8334
8335
8335
8336
8339
8341
8342
8344
8344
8345
8348
8348
8349
8350
8351
8351
8351
8352
8353
8353
8354
8354
8354
8356
8356
8357
8359
8363
8364
8364
8364
8365
8365
8365
8366
8366
8367
8368
8369
8369
8371
8371
8375
8375
8377
8379
8380
8380
8385
8385
8386
8386
8387
8387
8387
8388
8388
8389
8390
8391
8391
8392
8393
8393
8394
8395
8395
8396
8400
8401
8402
8403
8404
8404
8404
8405
8406
8407
8407
8408
8408
8409
8410
8411
8413
8413
8416
8416
8417
8417
8418
8419
8419
8420
8421
8421
8422
8426
8427
8430
8430
8431
8432
8432
8432
8432
8433
8434
8435
8436
8438
8439
8439
8442
8443
8443
8445
8445
8446
8446
8447
8448
8448
8448
8449
8450
8451
8453
8453
8453
8456
8457
8457
8457
8459
8459
8459
8459
8460
8461
8461
8463
8466
8466
8469
8470
8472
8472
8474
8476
8476
8477
8478
8479
8479
8482
8482
8482
8484
8484
8485
8486
8486
8487
8487
8488
8489
8490
8492
8493
8493
8498
8500
8500
8502
8504
8504
8505
8506
8507
8507
8507
8509
8510
8510
8511
8512
8513
8514
8514
8515
8515
8515
8519
8519
8520
8524
8525
8526
8526
8527
8531
8532
8533
8533
8534
8536
8536
8538
8538
8538
8538
8539
8539
8540
8540
8540
8543
8544
8545
8545
8545
8546
8549
8550
8550
8552
8553
8555
8557
8558
8559
8559
8559
8562
8563
8564
8564
8564
8564
8565
8565
8566
8567
8569
8569
8569
8570
8572
8572
8572
8573
8574
8577
8579
8581
8582
8583
8584
8586
8588
8588
8588
8589
8591
8593
8597
8598
8600
8600
8600
8602
8602
8604
8605
8606
8607
8608
8610
8611
8611
8612
8612
8613
8613
8614
8615
8617
8617
8618
8619
8619
8619
8619
8620
8620
8621
8621
8622
8622
8623
8623
8623
8623
8624
8625
8628
8631
8632
8632
8633
8634
8635
8636
8636
8637
8638
8638
8638
8640
8640
8643
8643
8644
8645
8647
8648
8649
8650
8652
8652
8653
8653
8654
8655
8655
8656
8657
8657
8658
8658
8659
8664
8668
8669
8669
8669
8669
8670
8671
8671
8671
8674
8674
8674
8675
8677
8677
8678
8679
8680
8682
8684
8685
8686
8686
8686
8687
8689
8689
8693
8693
8694
8694
8694
8697
8697
8697
8697
8698
8698
8700
8701
8701
8702
8709
8709
8710
8715
8717
8717
8717
8719
8720
8722
8722
8723
8725
8726
8726
8726
8726
8726
8730
8731
8732
8732
8732
8733
8735
8738
8741
8743
8744
8744
8745
8746
8746
8748
8748
8749
8749
8750
8752
8754
8754
8755
8755
8757
8758
8759
8759
8761
8762
8762
8764
8764
8764
8765
8765
8766
8769
8769
8772
8772
8774
8775
8777
8780
8780
8780
8782
8783
8787
8788
8788
8790
8793
8793
8794
8794
8797
8797
8798
8798
8798
8798
8798
8800
8800
8800
8800
8800
8801
8801
8803
8803
8803
8803
8803
8805
8805
8805
8806
8806
8807
8811
8811
8812
8812
8813
8813
8814
8815
8815
8817
8818
8819
8819
8822
8822
8823
8824
8825
8826
8827
8828
8828
8829
8830
8832
8832
8835
8835
8835
8836
8836
8837
8838
8838
8838
8839
8840
8840
8841
8842
8842
8844
8845
8846
8846
8847
8848
8849
8850
8851
8852
8852
8854
8854
8854
8856
8857
8862
8863
8865
8865
8865
8866
8866
8866
8869
8869
8870
8872
8872
8873
8874
8874
8874
8876
8877
8878
8878
8878
8879
8879
8880
8880
8881
8881
8881
8882
8883
8884
8886
8889
8889
8890
8890
8891
8892
8894
8895
8895
8895
8897
8899
8900
8901
8901
8902
8904
8906
8906
8907
8907
8909
8911
8912
8913
8914
8915
8915
8916
8917
8918
8919
8920
8922
8923
8924
8926
8926
8926
8927
8927
8929
8929
8930
8931
8933
8934
8935
8936
8936
8936
8937
8938
8939
8940
8940
8940
8941
8942
8942
8943
8944
8944
8944
8944
8945
8945
8950
8950
8950
8951
8952
8952
8954
8954
8954
8954
8957
8957
8958
8958
8961
8962
8962
8962
8962
8964
8964
8965
8966
8970
8971
8971
8972
8973
8974
8976
8978
8981
8982
8983
8983
8984
8985
8986
8988
8989
8991
8992
8992
8993
8996
8996
8998
8998
8999
9001
9001
9002
9003
9004
9004
9005
9005
9005
9005
9006
9007
9011
9012
9014
9014
9014
9015
9015
9016
9017
9017
9017
9018
9019
9020
9021
9021
9021
9021
9022
9022
9023
9023
9023
9024
9024
9024
9025
9026
9026
9026
9027
9031
9032
9032
9033
9034
9035
9036
9038
9039
9039
9041
9043
9044
9044
9045
9046
9046
9047
9049
9049
9051
9054
9056
9058
9058
9059
9060
9061
9061
9061
9061
9062
9063
9064
9065
9066
9066
9066
9067
9068
9070
9071
9073
9076
9076
9078
9079
9079
9081
9083
9083
9083
9084
9084
9086
9091
9093
9094
9095
9096
9099
9100
9106
9107
9108
9108
9108
9109
9109
9110
9110
9111
9111
9111
9112
9113
9114
9115
9116
9117
9117
9118
9119
9122
9123
9124
9124
9125
9127
9127
9128
9128
9129
9129
9132
9132
9132
9133
9134
9139
9141
9141
9142
9142
9143
9148
9150
9150
9150
9151
9151
9151
9152
9153
9154
9155
9156
9156
9158
9158
9160
9160
9160
9160
9160
9161
9162
9163
9163
9163
9164
9165
9167
9167
9168
9171
9172
9172
9173
9173
9174
9174
9175
9176
9178
9178
9178
9178
9178
9179
9179
9179
9179
9179
9179
9181
9181
9182
9182
9183
9184
9185
9185
9186
9186
9188
9188
9189
9191
9192
9192
9192
9193
9195
9195
9196
9196
9197
9198
9198
9200
9203
9203
9204
9205
9205
9206
9206
9207
9207
9208
9209
9209
9211
9211
9211
9211
9212
9212
9214
9214
9216
9217
9218
9219
9219
9219
9220
9220
9223
9223
9224
9225
9226
9228
9229
9229
9231
9237
9237
9240
9240
9240
9240
9242
9243
9243
9244
9245
9246
9246
9247
9250
9252
9252
9252
9254
9254
9254
9256
9256
9257
9258
9260
9261
9262
9262
9262
9262
9263
9263
9264
9265
9267
9267
9268
9268
9268
9269
9270
9271
9272
9274
9274
9275
9275
9276
9277
9278
9284
9284
9287
9288
9289
9290
9290
9290
9292
9293
9297
9298
9298
9298
9301
9301
9302
9304
9307
9308
9311
9311
9311
9312
9312
9313
9313
9315
9316
9316
9316
9321
9321
9321
9321
9321
9325
9325
9327
9327
9329
9333
9333
9333
9340
9340
9341
9344
9347
9349
9351
9355
9356
9356
9356
9356
9357
9358
9359
9359
9359
9359
9361
9362
9363
9363
9364
9364
9365
9365
9365
9366
9366
9367
9367
9368
9368
9370
9371
9373
9373
9374
9375
9375
9376
9376
9378
9385
9385
9388
9390
9392
9392
9393
9394
9395
9395
9398
9399
9399
9399
9401
9401
9402
9403
9405
9406
9408
9409
9410
9410
9413
9414
9414
9418
9418
9419
9419
9420
9421
9422
9422
9425
9425
9426
9429
9431
9431
9432
9434
9435
9436
9436
9437
9437
9440
9440
9440
9440
9440
9441
9443
9443
9445
9447
9447
9449
9451
9451
9451
9452
9453
9455
9456
9456
9457
9457
9457
9457
9460
9461
9462
9462
9462
9463
9464
9465
9465
9466
9467
9469
9471
9471
9472
9473
9473
9473
9474
9475
9476
9476
9477
9479
9480
9481
9481
9481
9483
9483
9483
9483
9484
9487
9489
9491
9491
9492
9492
9492
9493
9493
9493
9494
9495
9497
9497
9498
9498
9499
9499
9499
9501
9501
9501
9505
9505
9505
9509
9511
9511
9512
9513
9513
9513
9514
9514
9515
9516
9518
9518
9519
9520
9522
9522
9522
9524
9524
9526
9526
9529
9529
9530
9530
9530
9531
9532
9533
9534
9534
9535
9535
9535
9536
9537
9538
9539
9539
9540
9542
9543
9544
9544
9545
9546
9546
9546
9546
9547
9548
9548
9552
9554
9554
9555
9556
9556
9556
9557
9558
9558
9559
9560
9561
9563
9563
9563
9564
9564
9564
9564
9565
9566
9566
9570
9570
9571
9574
9576
9576
9578
9579
9579
9580
9580
9581
9582
9583
9583
9583
9584
9584
9589
9590
9591
9593
9594
9596
9599
9599
9600
9600
9600
9602
9602
9603
9607
9608
9609
9609
9610
9611
9612
9613
9614
9614
9615
9616
9617
9618
9618
9619
9621
9622
9623
9626
9626
9629
9629
9630
9631
9632
9634
9636
9637
9640
9640
9641
9641
9641
9643
9644
9646
9647
9649
9649
9651
9652
9654
9654
9655
9655
9656
9657
9657
9657
9658
9658
9658
9661
9661
9661
9663
9663
9664
9664
9666
9667
9667
9667
9670
9671
9673
9674
9677
9679
9679
9680
9680
9680
9681
9681
9681
9684
9684
9685
9687
9688
9688
9689
9689
9689
9690
9690
9691
9692
9693
9694
9694
9694
9694
9695
9696
9698
9698
9699
9700
9700
9701
9701
9702
9703
9703
9704
9705
9705
9706
9707
9711
9713
9713
9714
9715
9715
9715
9716
9717
9719
9719
9722
9722
9724
9724
9725
9725
9726
9727
9727
9729
9730
9730
9731
9731
9733
9736
9737
9738
9739
9741
9741
9742
9742
9745
9746
9746
9748
9748
9749
9749
9754
9754
9755
9755
9756
9758
9759
9761
9761
9762
9762
9763
9763
9764
9765
9765
9766
9766
9768
9769
9770
9770
9770
9773
9774
9775
9779
9779
9780
9781
9781
9781
9782
9784
9784
9786
9789
9789
9790
9792
9793
9793
9794
9795
9796
9796
9797
9797
9799
9802
9802
9803
9805
9805
9805
9806
9808
9808
9809
9811
9813
9813
9814
9814
9814
9815
9818
9819
9823
9824
9826
9826
9826
9828
9829
9829
9830
9831
9831
9834
9834
9834
9836
9836
9836
9837
9837
9838
9838
9839
9840
9840
9841
9842
9842
9843
9844
9844
9845
9846
9847
9847
9849
9849
9850
9851
9852
9852
9853
9855
9856
9856
9856
9858
9858
9858
9859
9861
9862
9863
9865
9867
9867
9867
9868
9868
9868
9870
9872
9872
9873
9873
9873
9873
9876
9880
9880
9880
9881
9882
9884
9884
9885
9886
9886
9886
9888
9888
9890
9890
9891
9892
9893
9897
9897
9897
9897
9898
9898
9899
9899
9899
9900
9900
9901
9902
9903
9903
9906
9909
9909
9910
9910
9911
9911
9912
9912
9913
9913
9915
9921
9921
9923
9923
9923
9924
9924
9924
9924
9924
9927
9931
9932
9933
9933
9934
9934
9935
9935
9938
9939
9939
9941
9942
9943
9943
9944
9946
9946
9947
9949
9949
9950
9951
9951
9952
9954
9954
9955
9956
9956
9958
9958
9959
9960
9960
9961
9962
9962
9965
9966
9967
9967
9968
9968
9969
9969
9970
9971
9978
9979
9982
9982
9983
9984
9985
9986
9986
9987
9988
9990
9990
9990
9991
9992
9992
9995
9997
9998
9998
9998
