0
3
8
9
12
12
13
14
14
23
23
25
28
28
30
31
31
32
34
36
37
37
38
39
40
40
40
40
43
44
46
46
47
47
47
51
51
51
51
54
54
54
55
56
56
57
58
59
59
60
60
60
61
61
63
63
66
68
68
69
69
69
69
69
71
73
73
73
74
75
75
76
77
77
79
81
81
83
86
87
88
89
90
90
91
91
91
91
94
95
97
97
99
100
100
100
101
102
102
103
104
106
106
106
106
110
111
112
113
115
117
117
118
118
119
123
124
124
126
126
126
126
129
129
130
130
131
131
133
134
136
138
138
139
139
140
140
141
142
142
143
143
143
149
150
151
155
156
158
158
159
159
159
160
162
163
164
164
164
167
167
169
171
171
172
172
173
173
174
174
174
175
182
183
183
185
185
186
187
188
188
189
191
191
191
192
192
194
196
197
197
197
198
198
199
200
202
202
202
203
204
206
208
208
209
210
213
214
214
215
219
220
220
220
220
220
222
222
225
225
225
226
230
232
233
234
234
236
237
242
245
245
245
246
247
248
248
249
250
251
251
252
253
253
256
256
256
256
257
259
259
261
262
262
263
265
267
268
270
270
271
271
275
276
276
278
278
279
280
281
282
284
284
287
288
290
291
293
293
293
295
296
298
300
300
300
300
302
304
304
305
306
307
307
308
309
311
312
313
314
315
315
316
317
320
320
322
323
323
324
324
326
329
330
331
334
336
337
337
339
341
342
343
343
344
345
346
346
347
348
349
349
350
351
352
353
353
354
354
356
356
357
358
358
361
362
363
363
364
365
366
367
369
369
371
371
372
374
374
374
375
379
381
382
385
386
386
387
387
388
389
389
393
393
393
393
393
393
394
395
396
397
397
397
398
398
399
401
401
401
402
403
403
404
406
407
408
408
408
409
410
411
414
414
415
415
417
417
417
423
424
426
426
427
427
427
427
427
427
428
428
430
432
433
434
434
434
435
435
436
438
441
445
446
446
447
447
448
448
448
449
449
449
451
451
451
451
451
455
455
456
456
456
457
457
457
458
458
458
459
461
461
461
461
462
464
465
465
466
470
470
471
472
474
475
476
477
477
477
480
482
483
485
487
488
489
490
490
490
491
491
491
492
492
493
493
494
494
495
498
498
499
499
499
501
502
503
503
503
503
505
505
506
511
512
514
518
520
521
521
522
523
523
525
526
526
526
526
528
530
530
532
533
533
534
535
536
536
538
540
542
543
544
545
547
547
548
548
548
549
549
549
550
550
550
550
551
551
552
556
558
558
562
563
563
564
565
565
567
568
569
569
569
572
572
573
575
575
578
584
584
585
589
589
590
590
592
592
592
593
593
594
594
595
595
596
598
598
598
602
602
602
603
603
604
604
604
604
604
605
605
607
608
609
609
609
610
612
612
613
613
614
616
617
617
617
617
617
618
618
618
620
622
622
623
624
624
625
625
625
626
630
631
631
633
634
634
636
637
637
637
637
638
640
641
642
644
645
650
650
650
653
655
657
657
657
658
659
659
661
661
662
666
667
669
672
672
674
674
676
678
679
679
680
680
681
681
682
682
683
684
684
686
687
687
688
689
690
691
691
691
694
694
696
696
698
700
700
700
701
703
703
704
705
705
705
706
706
706
706
707
707
708
709
709
710
711
711
711
712
715
717
717
720
721
722
722
722
726
730
731
734
734
736
736
737
737
737
739
742
742
745
747
747
747
747
749
750
751
752
753
754
756
757
759
761
762
764
764
765
766
766
768
769
769
769
770
770
770
771
771
771
774
776
778
778
778
778
782
784
785
787
788
788
789
791
791
794
801
802
804
805
805
808
809
811
813
814
814
814
816
817
818
819
819
820
821
821
822
823
824
824
825
828
829
830
831
832
833
834
834
835
835
836
837
837
840
841
842
842
843
844
845
846
847
847
848
848
850
851
851
853
854
855
856
857
859
860
860
861
861
861
862
862
862
864
865
866
867
867
867
870
870
871
871
874
874
876
877
877
879
883
884
885
886
887
887
889
890
890
894
895
895
898
899
901
901
902
902
903
903
903
903
904
904
905
906
907
910
911
911
911
913
913
913
917
918
919
920
921
922
923
923
924
925
931
931
933
934
936
938
938
939
940
940
941
942
943
945
945
946
946
947
948
949
952
954
954
955
955
956
956
956
957
957
959
959
962
964
966
967
968
970
972
972
973
974
975
976
976
977
979
981
981
985
986
989
990
993
995
998
1000
1001
1003
1004
1006
1008
1010
1011
1012
1014
1015
1016
1018
1021
1021
1022
1023
1028
1029
1030
1031
1031
1033
1034
1036
1036
1036
1040
1041
1042
1044
1045
1045
1047
1048
1050
1050
1053
1055
1058
1059
1060
1060
1060
1063
1064
1065
1065
1066
1066
1067
1068
1069
1070
1070
1070
1070
1072
1075
1077
1078
1078
1078
1080
1083
1086
1086
1089
1092
1092
1092
1093
1095
1095
1097
1098
1098
1101
1101
1101
1102
1102
1103
1105
1106
1108
1109
1110
1110
1110
1114
1117
1120
1120
1122
1122
1123
1123
1124
1126
1127
1127
1128
1130
1132
1133
1134
1134
1136
1136
1141
1143
1144
1145
1145
1145
1146
1146
1147
1148
1148
1152
1152
1152
1152
1153
1156
1158
1159
1160
1160
1161
1161
1163
1165
1166
1168
1168
1170
1171
1171
1171
1172
1175
1179
1180
1181
1182
1183
1185
1188
1188
1188
1188
1189
1189
1190
1191
1194
1195
1195
1196
1198
1202
1204
1205
1205
1205
1207
1208
1208
1210
1210
1210
1211
1212
1213
1214
1215
1217
1217
1218
1220
1220
1221
1222
1222
1222
1223
1226
1226
1229
1231
1231
1232
1233
1233
1234
1235
1237
1238
1239
1240
1240
1240
1242
1242
1242
1243
1243
1243
1245
1245
1246
1248
1250
1252
1252
1254
1256
1256
1257
1257
1258
1263
1263
1263
1264
1264
1265
1266
1268
1268
1268
1269
1270
1270
1271
1272
1274
1274
1276
1277
1277
1278
1280
1280
1280
1281
1281
1282
1282
1283
1283
1286
1286
1288
1288
1290
1290
1290
1292
1293
1293
1295
1296
1297
1297
1298
1298
1299
1299
1299
1300
1300
1301
1301
1302
1303
1304
1304
1305
1307
1309
1309
1310
1311
1312
1312
1314
1314
1317
1318
1318
1319
1320
1320
1321
1323
1323
1324
1324
1324
1325
1325
1326
1328
1329
1330
1332
1332
1333
1334
1336
1338
1339
1341
1341
1341
1342
1344
1345
1345
1347
1348
1349
1350
1350
1352
1352
1352
1353
1354
1354
1355
1355
1355
1356
1357
1357
1357
1357
1358
1358
1360
1362
1363
1364
1364
1365
1368
1369
1370
1372
1372
1373
1373
1374
1374
1376
1376
1376
1377
1378
1378
1382
1382
1383
1384
1384
1386
1386
1387
1387
1388
1388
1389
1391
1392
1393
1395
1396
1397
1398
1398
1398
1400
1400
1401
1401
1402
1403
1404
1404
1406
1406
1407
1407
1408
1410
1410
1411
1412
1412
1413
1414
1414
1419
1420
1421
1421
1422
1423
1423
1424
1425
1425
1425
1425
1425
1426
1427
1428
1431
1431
1432
1433
1434
1434
1435
1436
1436
1437
1437
1438
1440
1441
1441
1442
1445
1446
1448
1448
1449
1449
1449
1449
1450
1451
1451
1452
1453
1453
1454
1454
1456
1456
1456
1456
1457
1457
1457
1458
1458
1461
1462
1462
1462
1465
1466
1466
1467
1467
1468
1469
1471
1471
1472
1472
1472
1472
1473
1474
1475
1475
1477
1477
1477
1480
1481
1482
1482
1482
1490
1491
1491
1493
1495
1495
1497
1498
1500
1502
1503
1504
1506
1510
1511
1514
1515
1516
1517
1518
1519
1519
1522
1523
1523
1524
1524
1526
1526
1526
1528
1531
1533
1534
1536
1536
1539
1539
1540
1541
1541
1543
1544
1547
1547
1548
1549
1549
1552
1552
1552
1556
1559
1562
1562
1563
1563
1564
1565
1566
1567
1567
1568
1568
1569
1570
1573
1573
1574
1574
1575
1576
1580
1582
1582
1583
1584
1586
1586
1588
1589
1589
1589
1590
1593
1593
1594
1594
1594
1596
1596
1596
1596
1597
1599
1600
1602
1603
1604
1605
1605
1606
1606
1609
1610
1610
1612
1613
1614
1614
1614
1615
1615
1615
1616
1618
1618
1619
1619
1620
1621
1623
1623
1627
1627
1628
1630
1630
1633
1635
1636
1636
1637
1637
1637
1639
1640
1642
1642
1644
1647
1648
1650
1652
1654
1655
1655
1659
1660
1660
1664
1664
1664
1664
1665
1665
1666
1668
1670
1670
1672
1673
1673
1674
1674
1675
1676
1676
1677
1677
1678
1678
1679
1679
1684
1684
1685
1686
1687
1688
1690
1691
1692
1693
1693
1694
1696
1700
1700
1701
1702
1702
1705
1705
1706
1708
1708
1708
1709
1709
1710
1710
1710
1710
1711
1711
1713
1713
1715
1716
1716
1716
1717
1718
1729
1730
1731
1731
1731
1736
1739
1739
1740
1740
1740
1741
1742
1743
1744
1744
1744
1746
1746
1748
1750
1752
1752
1753
1753
1753
1754
1754
1754
1754
1755
1755
1756
1756
1756
1757
1758
1758
1761
1762
1762
1763
1764
1765
1766
1767
1770
1771
1771
1773
1774
1776
1777
1778
1778
1779
1779
1780
1781
1784
1786
1786
1787
1787
1788
1789
1789
1789
1790
1790
1791
1791
1794
1795
1797
1797
1798
1799
1799
1800
1800
1800
1804
1805
1805
1805
1805
1807
1808
1808
1810
1810
1811
1813
1816
1816
1817
1821
1822
1824
1824
1825
1825
1826
1827
1827
1829
1830
1833
1833
1834
1835
1836
1837
1837
1838
1838
1839
1839
1839
1840
1842
1843
1843
1847
1847
1848
1849
1849
1850
1853
1854
1855
1855
1859
1860
1861
1861
1864
1867
1869
1871
1873
1873
1874
1875
1876
1876
1879
1880
1880
1881
1881
1882
1884
1885
1885
1885
1885
1890
1890
1890
1891
1892
1892
1892
1893
1894
1894
1896
1897
1898
1898
1899
1903
1904
1904
1904
1904
1905
1905
1906
1907
1908
1913
1913
1914
1915
1916
1919
1920
1920
1920
1920
1921
1922
1923
1923
1925
1925
1926
1928
1928
1930
1931
1932
1932
1932
1933
1935
1936
1939
1940
1941
1942
1942
1942
1943
1943
1944
1945
1946
1947
1947
1947
1947
1948
1948
1950
1951
1951
1952
1954
1955
1956
1956
1957
1957
1959
1959
1961
1961
1963
1964
1964
1966
1967
1967
1969
1969
1970
1970
1971
1972
1973
1975
1976
1976
1978
1978
1978
1978
1979
1980
1981
1982
1984
1985
1988
1988
1989
1992
1992
1993
1993
1995
1995
1996
1996
1996
1996
1998
2000
2001
2002
2002
2004
2006
2007
2008
2012
2012
2013
2013
2013
2014
2015
2015
2015
2016
2016
2018
2018
2018
2020
2021
2023
2023
2024
2026
2027
2027
2028
2029
2032
2032
2033
2034
2038
2039
2042
2042
2043
2043
2045
2048
2049
2050
2051
2053
2054
2056
2056
2058
2058
2058
2058
2058
2061
2061
2062
2063
2064
2066
2066
2066
2066
2067
2068
2069
2069
2070
2070
2070
2071
2074
2075
2076
2077
2079
2081
2081
2081
2082
2082
2083
2084
2084
2084
2087
2088
2088
2090
2091
2091
2094
2094
2094
2095
2096
2099
2100
2101
2101
2106
2106
2106
2106
2107
2109
2109
2110
2110
2111
2114
2114
2115
2116
2120
2120
2124
2124
2125
2126
2126
2127
2127
2128
2130
2132
2132
2132
2134
2135
2136
2137
2139
2139
2143
2144
2145
2147
2147
2147
2149
2149
2152
2152
2152
2154
2154
2154
2155
2155
2157
2157
2158
2159
2159
2159
2160
2161
2161
2163
2163
2164
2164
2165
2165
2167
2167
2169
2170
2173
2174
2174
2174
2178
2179
2179
2180
2180
2181
2183
2183
2186
2189
2189
2190
2190
2191
2191
2191
2192
2193
2195
2196
2197
2198
2198
2199
2200
2200
2201
2202
2202
2202
2203
2204
2205
2206
2210
2211
2213
2213
2214
2216
2217
2217
2218
2218
2219
2219
2222
2222
2223
2224
2224
2226
2227
2227
2228
2229
2229
2230
2230
2232
2232
2233
2235
2235
2236
2236
2241
2242
2242
2243
2246
2246
2246
2246
2248
2248
2249
2249
2250
2250
2251
2251
2253
2254
2255
2255
2256
2256
2256
2256
2257
2258
2258
2260
2260
2260
2261
2261
2261
2262
2263
2263
2263
2264
2264
2264
2265
2265
2267
2268
2269
2269
2270
2270
2271
2272
2273
2274
2277
2278
2278
2278
2279
2279
2280
2280
2282
2282
2283
2284
2284
2285
2285
2286
2287
2287
2289
2292
2293
2294
2294
2295
2296
2297
2298
2299
2300
2301
2301
2302
2303
2304
2305
2305
2305
2306
2308
2311
2312
2314
2314
2316
2316
2320
2320
2321
2325
2325
2328
2330
2330
2332
2333
2334
2335
2335
2336
2337
2337
2337
2338
2338
2339
2339
2339
2340
2341
2341
2341
2345
2346
2347
2348
2350
2351
2352
2352
2353
2354
2355
2359
2359
2360
2361
2361
2363
2363
2365
2366
2368
2368
2370
2372
2372
2375
2376
2377
2379
2380
2381
2382
2384
2385
2385
2386
2386
2386
2387
2388
2388
2388
2389
2390
2399
2399
2400
2400
2401
2401
2402
2402
2403
2403
2403
2403
2407
2407
2409
2410
2411
2412
2412
2413
2414
2417
2418
2420
2420
2422
2425
2425
2426
2427
2427
2428
2428
2429
2433
2433
2434
2435
2435
2436
2437
2437
2438
2438
2439
2440
2442
2442
2442
2442
2445
2446
2447
2448
2450
2450
2450
2453
2454
2455
2456
2457
2458
2458
2459
2459
2460
2461
2461
2466
2468
2470
2470
2471
2473
2473
2474
2475
2475
2475
2476
2477
2479
2480
2481
2482
2483
2488
2488
2489
2490
2490
2490
2491
2492
2492
2495
2495
2496
2496
2497
2498
2499
2500
2504
2504
2504
2505
2506
2507
2508
2509
2511
2511
2513
2513
2513
2514
2515
2515
2516
2516
2518
2519
2520
2520
2524
2524
2525
2528
2528
2530
2530
2531
2531
2533
2534
2537
2538
2539
2539
2539
2539
2539
2540
2540
2541
2542
2545
2546
2547
2548
2550
2550
2550
2552
2553
2554
2554
2555
2555
2556
2556
2556
2556
2557
2558
2560
2561
2561
2562
2563
2563
2563
2565
2566
2567
2568
2571
2571
2572
2577
2579
2579
2581
2583
2584
2585
2585
2587
2591
2593
2594
2595
2596
2596
2596
2597
2597
2598
2598
2599
2600
2603
2604
2604
2604
2604
2605
2606
2607
2608
2608
2609
2609
2610
2611
2614
2616
2616
2617
2617
2617
2618
2618
2619
2619
2621
2622
2622
2623
2624
2625
2626
2627
2627
2628
2629
2630
2631
2632
2636
2637
2637
2638
2639
2639
2640
2640
2640
2641
2641
2642
2643
2643
2645
2645
2646
2646
2647
2648
2648
2650
2650
2653
2656
2658
2658
2659
2662
2662
2662
2663
2663
2664
2665
2665
2666
2669
2669
2670
2670
2671
2671
2671
2672
2672
2672
2672
2674
2675
2675
2675
2675
2676
2677
2679
2682
2683
2684
2686
2686
2687
2688
2689
2689
2690
2690
2692
2694
2694
2694
2694
2695
2696
2699
2700
2700
2700
2700
2700
2700
2702
2702
2704
2704
2708
2708
2709
2709
2710
2710
2712
2713
2713
2715
2716
2718
2719
2721
2722
2725
2726
2727
2727
2728
2729
2729
2729
2732
2736
2736
2737
2738
2739
2739
2740
2740
2740
2740
2741
2745
2747
2748
2749
2749
2750
2751
2751
2752
2752
2753
2755
2756
2757
2758
2758
2758
2759
2761
2762
2764
2765
2766
2768
2768
2770
2771
2772
2775
2780
2782
2782
2784
2784
2785
2785
2786
2787
2788
2790
2791
2791
2791
2793
2793
2794
2794
2797
2798
2799
2799
2799
2799
2800
2800
2801
2801
2804
2805
2806
2806
2806
2807
2807
2808
2808
2810
2810
2811
2811
2811
2812
2813
2813
2816
2816
2817
2817
2817
2819
2821
2821
2822
2822
2823
2824
2824
2825
2826
2826
2827
2827
2828
2831
2831
2834
2835
2836
2836
2837
2837
2838
2840
2840
2840
2841
2842
2845
2846
2847
2847
2848
2848
2849
2852
2853
2853
2853
2854
2856
2857
2857
2859
2862
2862
2863
2864
2867
2869
2869
2870
2871
2872
2873
2874
2875
2875
2876
2876
2876
2876
2876
2878
2878
2879
2881
2881
2882
2882
2882
2885
2885
2886
2887
2887
2888
2888
2888
2890
2892
2893
2893
2894
2895
2896
2896
2896
2896
2897
2897
2897
2900
2901
2902
2902
2903
2904
2905
2906
2909
2913
2914
2914
2915
2916
2916
2916
2917
2917
2919
2920
2922
2922
2923
2923
2924
2925
2926
2927
2929
2930
2931
2932
2934
2934
2936
2936
2938
2940
2940
2944
2945
2947
2947
2947
2948
2948
2949
2949
2950
2950
2952
2952
2953
2953
2954
2954
2955
2955
2955
2956
2958
2958
2959
2962
2962
2964
2964
2967
2967
2967
2968
2970
2971
2972
2975
2975
2975
2976
2978
2980
2982
2983
2983
2984
2987
2990
2990
2992
2992
2994
2995
2996
2996
2996
2998
2998
2999
3001
3002
3003
3004
3005
3007
3008
3012
3012
3013
3014
3014
3014
3016
3017
3019
3019
3019
3023
3023
3024
3025
3025
3027
3027
3027
3030
3030
3031
3034
3035
3035
3038
3038
3038
3041
3042
3042
3042
3043
3045
3046
3046
3047
3047
3048
3048
3049
3049
3053
3053
3053
3055
3055
3056
3056
3058
3058
3058
3060
3062
3063
3064
3064
3065
3065
3068
3068
3069
3069
3070
3071
3072
3073
3073
3073
3074
3074
3074
3075
3075
3078
3079
3080
3081
3082
3082
3082
3083
3084
3085
3088
3089
3090
3090
3090
3093
3094
3094
3095
3096
3097
3097
3099
3099
3103
3104
3104
3106
3106
3107
3108
3110
3112
3112
3112
3114
3115
3116
3118
3119
3119
3119
3119
3120
3121
3122
3124
3124
3125
3125
3126
3127
3129
3134
3135
3136
3138
3138
3138
3139
3143
3144
3144
3145
3145
3145
3146
3147
3149
3149
3149
3150
3151
3151
3151
3152
3154
3155
3155
3157
3157
3158
3159
3161
3162
3162
3162
3165
3165
3165
3166
3166
3167
3167
3167
3168
3168
3169
3169
3170
3170
3171
3172
3172
3173
3175
3179
3180
3182
3182
3183
3186
3186
3187
3187
3188
3188
3188
3189
3194
3196
3198
3200
3200
3201
3202
3202
3204
3204
3205
3207
3207
3208
3208
3210
3212
3213
3214
3217
3218
3219
3219
3221
3222
3222
3223
3225
3225
3226
3226
3227
3227
3228
3230
3232
3236
3236
3237
3237
3238
3240
3242
3242
3243
3243
3245
3246
3247
3247
3248
3253
3253
3254
3254
3254
3256
3256
3257
3257
3260
3260
3261
3262
3264
3264
3266
3267
3267
3267
3268
3268
3269
3270
3271
3271
3272
3273
3274
3275
3275
3279
3280
3281
3282
3283
3287
3291
3291
3293
3294
3296
3297
3297
3298
3299
3299
3302
3302
3303
3303
3304
3304
3305
3306
3306
3306
3306
3307
3310
3311
3312
3313
3317
3318
3318
3320
3321
3322
3322
3323
3323
3323
3326
3326
3327
3329
3329
3331
3331
3332
3333
3333
3334
3335
3335
3336
3336
3338
3339
3340
3344
3344
3345
3347
3349
3349
3349
3349
3350
3350
3351
3351
3352
3354
3356
3357
3357
3357
3359
3361
3364
3364
3364
3367
3367
3367
3368
3370
3370
3374
3375
3375
3376
3376
3378
3378
3378
3380
3381
3381
3383
3384
3387
3388
3391
3391
3391
3392
3394
3395
3397
3397
3398
3398
3401
3402
3404
3405
3406
3408
3409
3409
3410
3411
3412
3413
3414
3416
3417
3417
3417
3418
3420
3422
3422
3423
3424
3424
3425
3426
3426
3426
3427
3427
3430
3431
3431
3432
3432
3433
3433
3433
3435
3435
3435
3436
3437
3437
3437
3437
3437
3439
3439
3439
3440
3442
3442
3444
3444
3445
3446
3446
3448
3450
3452
3453
3453
3453
3454
3454
3456
3456
3457
3459
3460
3460
3460
3464
3464
3464
3465
3465
3466
3468
3468
3469
3470
3472
3472
3472
3472
3473
3474
3475
3475
3477
3478
3478
3479
3479
3479
3480
3483
3484
3484
3485
3486
3487
3488
3490
3490
3491
3492
3493
3496
3496
3497
3498
3499
3499
3500
3501
3501
3502
3503
3504
3506
3507
3507
3508
3509
3509
3512
3512
3513
3514
3514
3515
3516
3516
3517
3517
3517
3517
3517
3518
3519
3519
3520
3520
3523
3524
3525
3526
3528
3528
3530
3531
3532
3533
3533
3534
3534
3535
3536
3538
3539
3539
3540
3540
3542
3542
3542
3542
3544
3546
3547
3550
3551
3551
3552
3554
3556
3557
3557
3559
3560
3560
3561
3561
3562
3562
3562
3563
3563
3563
3563
3563
3565
3565
3565
3567
3570
3571
3572
3574
3576
3576
3578
3578
3579
3580
3581
3581
3582
3582
3583
3583
3584
3585
3586
3586
3586
3587
3587
3588
3592
3592
3594
3598
3598
3602
3605
3611
3612
3613
3614
3614
3614
3616
3616
3617
3618
3620
3622
3622
3623
3624
3626
3626
3626
3629
3629
3631
3631
3634
3635
3637
3640
3642
3642
3644
3644
3645
3645
3645
3646
3647
3650
3651
3652
3652
3654
3654
3654
3659
3662
3663
3663
3666
3667
3667
3670
3670
3672
3672
3673
3675
3676
3677
3677
3678
3679
3680
3682
3686
3686
3686
3687
3688
3688
3688
3688
3688
3691
3693
3695
3695
3695
3695
3697
3697
3698
3699
3702
3704
3708
3708
3709
3709
3711
3712
3714
3714
3715
3715
3718
3719
3719
3719
3720
3723
3724
3726
3726
3726
3727
3727
3728
3730
3731
3734
3735
3737
3738
3738
3738
3738
3739
3740
3740
3741
3744
3744
3746
3746
3748
3750
3750
3752
3752
3752
3753
3755
3757
3757
3757
3758
3759
3759
3760
3761
3762
3763
3765
3765
3765
3767
3767
3768
3769
3770
3770
3770
3770
3770
3771
3771
3772
3773
3774
3776
3776
3776
3777
3780
3780
3781
3781
3782
3782
3785
3787
3787
3788
3789
3789
3790
3791
3792
3794
3796
3798
3798
3801
3801
3801
3801
3803
3804
3804
3806
3806
3808
3808
3808
3809
3809
3810
3810
3812
3813
3814
3816
3816
3818
3818
3818
3818
3821
3823
3823
3823
3824
3824
3825
3825
3826
3828
3828
3829
3830
3830
3830
3832
3834
3835
3835
3835
3836
3838
3841
3841
3845
3848
3849
3850
3853
3854
3855
3855
3855
3856
3858
3859
3859
3860
3861
3864
3865
3865
3866
3867
3867
3867
3867
3867
3868
3869
3870
3871
3872
3872
3874
3875
3875
3876
3876
3876
3877
3878
3878
3878
3878
3879
3883
3883
3885
3886
3888
3893
3898
3898
3899
3900
3900
3902
3903
3904
3904
3904
3905
3908
3909
3910
3912
3914
3914
3916
3916
3917
3917
3917
3918
3918
3919
3920
3920
3920
3921
3921
3921
3921
3922
3923
3924
3927
3928
3929
3930
3931
3932
3933
3934
3935
3936
3937
3938
3938
3938
3943
3944
3944
3945
3946
3946
3946
3947
3948
3948
3949
3949
3949
3949
3950
3951
3955
3955
3956
3956
3958
3959
3960
3961
3962
3962
3964
3965
3966
3969
3969
3973
3975
3978
3979
3980
3981
3982
3985
3985
3986
3986
3987
3987
3988
3990
3990
3991
3991
3993
3993
3993
3993
3995
3996
3998
3998
3998
3999
4001
4001
4002
4002
4004
4004
4005
4006
4007
4008
4009
4009
4009
4010
4010
4010
4011
4012
4012
4013
4015
4015
4018
4019
4021
4021
4022
4022
4022
4022
4022
4024
4024
4025
4026
4030
4030
4031
4033
4034
4035
4035
4035
4035
4036
4036
4036
4037
4037
4040
4041
4041
4041
4042
4045
4046
4047
4049
4051
4052
4052
4053
4054
4054
4055
4055
4057
4057
4058
4058
4060
4061
4062
4062
4063
4064
4065
4067
4067
4068
4070
4070
4070
4073
4073
4073
4074
4074
4076
4076
4076
4076
4077
4078
4079
4080
4082
4082
4082
4085
4086
4087
4087
4088
4088
4088
4089
4089
4089
4090
4092
4092
4094
4096
4098
4098
4101
4101
4103
4104
4104
4104
4106
4108
4110
4113
4114
4115
4115
4115
4116
4117
4119
4121
4121
4121
4121
4122
4122
4124
4124
4125
4125
4126
4126
4127
4127
4128
4128
4131
4132
4135
4138
4139
4141
4141
4142
4142
4142
4143
4144
4144
4145
4146
4147
4148
4149
4149
4152
4153
4153
4153
4155
4156
4157
4157
4157
4158
4159
4162
4163
4164
4164
4165
4165
4166
4169
4169
4169
4170
4171
4171
4171
4173
4174
4175
4176
4177
4177
4179
4180
4180
4180
4181
4182
4183
4183
4183
4184
4184
4184
4184
4185
4188
4189
4189
4190
4193
4193
4193
4195
4195
4196
4197
4198
4199
4200
4203
4203
4204
4205
4205
4206
4207
4208
4209
4209
4212
4213
4215
4215
4216
4216
4216
4218
4218
4219
4219
4219
4220
4221
4222
4222
4222
4223
4223
4224
4225
4225
4228
4228
4229
4230
4231
4231
4232
4235
4235
4237
4238
4238
4239
4239
4239
4240
4243
4243
4244
4244
4245
4246
4247
4247
4248
4249
4252
4253
4254
4254
4255
4255
4256
4257
4257
4258
4258
4258
4260
4261
4261
4262
4262
4264
4265
4266
4266
4266
4269
4270
4270
4271
4271
4276
4276
4278
4278
4279
4279
4279
4280
4280
4281
4283
4284
4285
4287
4288
4289
4290
4292
4293
4293
4294
4294
4295
4295
4299
4299
4300
4301
4302
4303
4305
4306
4306
4309
4310
4312
4313
4314
4314
4314
4314
4316
4316
4316
4317
4317
4318
4321
4322
4324
4324
4325
4326
4326
4326
4326
4329
4330
4330
4331
4333
4336
4338
4339
4339
4339
4341
4341
4342
4342
4343
4345
4347
4349
4350
4352
4353
4354
4354
4356
4357
4358
4359
4361
4361
4361
4361
4362
4362
4363
4365
4365
4367
4369
4371
4372
4372
4372
4372
4374
4375
4375
4375
4375
4377
4379
4381
4382
4383
4384
4385
4386
4386
4392
4393
4393
4394
4394
4394
4399
4399
4400
4400
4400
4400
4403
4404
4406
4407
4407
4409
4409
4411
4411
4412
4414
4414
4417
4419
4422
4422
4423
4423
4424
4425
4425
4426
4427
4428
4428
4428
4430
4430
4430
4431
4431
4431
4432
4433
4435
4436
4438
4438
4439
4440
4441
4443
4444
4445
4446
4447
4448
4448
4449
4449
4451
4452
4453
4453
4454
4456
4458
4460
4460
4461
4461
4462
4462
4462
4463
4463
4464
4466
4467
4468
4471
4473
4474
4474
4475
4477
4480
4481
4482
4485
4486
4487
4488
4488
4490
4490
4494
4495
4496
4497
4498
4498
4498
4500
4502
4503
4504
4508
4513
4514
4514
4515
4515
4516
4516
4516
4520
4520
4520
4520
4522
4523
4525
4526
4526
4527
4528
4528
4529
4530
4530
4531
4532
4533
4533
4534
4535
4537
4538
4538
4539
4540
4541
4542
4542
4545
4545
4550
4553
4553
4554
4555
4555
4556
4560
4561
4562
4562
4563
4564
4565
4565
4567
4568
4571
4572
4572
4573
4574
4575
4577
4577
4579
4580
4581
4582
4583
4585
4586
4587
4587
4587
4588
4589
4591
4592
4594
4595
4596
4597
4598
4605
4605
4606
4606
4608
4609
4611
4611
4614
4615
4617
4618
4619
4619
4621
4622
4627
4630
4631
4633
4633
4634
4635
4636
4637
4638
4639
4639
4639
4640
4640
4642
4643
4643
4644
4645
4646
4646
4648
4649
4651
4651
4652
4652
4652
4657
4658
4659
4659
4659
4660
4661
4661
4662
4663
4665
4666
4667
4667
4668
4669
4669
4670
4670
4670
4670
4670
4671
4674
4674
4676
4676
4676
4678
4680
4680
4681
4681
4681
4683
4683
4684
4684
4686
4688
4691
4691
4691
4694
4699
4700
4701
4703
4703
4703
4703
4705
4706
4706
4706
4707
4707
4707
4708
4708
4710
4710
4711
4712
4714
4715
4715
4715
4716
4717
4718
4718
4718
4718
4719
4722
4724
4724
4725
4725
4728
4728
4729
4730
4732
4734
4734
4734
4737
4737
4737
4737
4737
4737
4738
4739
4740
4740
4741
4742
4742
4743
4743
4745
4748
4748
4749
4749
4750
4750
4750
4751
4753
4754
4756
4758
4759
4760
4762
4762
4763
4764
4765
4766
4767
4767
4768
4769
4769
4770
4771
4771
4774
4775
4776
4779
4779
4779
4780
4781
4781
4783
4784
4784
4785
4786
4787
4788
4789
4793
4793
4794
4794
4795
4797
4797
4798
4799
4800
4801
4801
4801
4802
4802
4803
4805
4806
4806
4807
4807
4809
4811
4811
4813
4815
4815
4815
4815
4815
4816
4823
4825
4826
4826
4828
4828
4830
4830
4831
4831
4834
4835
4835
4838
4845
4847
4849
4849
4849
4850
4851
4852
4853
4853
4853
4854
4855
4855
4855
4856
4858
4860
4861
4862
4862
4863
4864
4865
4866
4866
4866
4867
4867
4868
4869
4872
4872
4873
4874
4875
4875
4877
4879
4879
4880
4882
4884
4884
4887
4887
4889
4890
4890
4890
4890
4891
4895
4896
4897
4898
4898
4898
4900
4901
4901
4901
4904
4904
4904
4904
4905
4906
4906
4906
4907
4909
4909
4909
4909
4910
4911
4913
4916
4916
4917
4917
4919
4920
4923
4923
4924
4924
4924
4925
4925
4927
4932
4932
4932
4933
4934
4934
4937
4937
4939
4940
4940
4942
4943
4944
4944
4945
4945
4945
4946
4949
4949
4950
4950
4951
4952
4952
4953
4953
4954
4954
4954
4955
4956
4956
4956
4956
4957
4960
4960
4962
4965
4966
4967
4967
4968
4968
4968
4969
4971
4972
4975
4976
4977
4980
4980
4981
4982
4982
4982
4982
4985
4986
4986
4988
4988
4989
4989
4989
4991
4992
4992
4993
4995
4997
4997
4998
5000
5001
5001
5002
5003
5005
5005
5006
5006
5007
5009
5009
5009
5012
5012
5012
5014
5014
5016
5019
5021
5023
5024
5024
5026
5029
5029
5030
5031
5032
5033
5036
5036
5037
5037
5037
5038
5038
5039
5040
5044
5044
5044
5045
5045
5047
5049
5049
5050
5050
5051
5051
5051
5052
5052
5053
5053
5055
5056
5057
5059
5059
5059
5061
5063
5063
5063
5064
5065
5067
5067
5069
5072
5072
5072
5073
5074
5075
5077
5077
5080
5082
5082
5086
5086
5086
5088
5088
5089
5089
5090
5091
5091
5092
5092
5092
5092
5094
5096
5097
5097
5097
5097
5098
5099
5100
5101
5102
5102
5103
5103
5103
5104
5105
5106
5106
5106
5108
5110
5111
5111
5112
5117
5117
5118
5118
5119
5119
5120
5120
5120
5121
5122
5123
5127
5128
5128
5130
5132
5133
5135
5138
5140
5140
5144
5145
5146
5147
5148
5149
5150
5150
5150
5150
5150
5151
5153
5154
5157
5157
5157
5158
5158
5159
5160
5161
5162
5164
5165
5166
5166
5166
5167
5169
5170
5170
5171
5172
5172
5173
5174
5175
5176
5178
5179
5180
5180
5181
5182
5183
5184
5189
5190
5194
5197
5199
5203
5205
5207
5208
5208
5208
5210
5210
5211
5211
5211
5212
5212
5212
5213
5215
5216
5216
5216
5217
5217
5221
5221
5222
5222
5224
5228
5229
5229
5230
5231
5234
5235
5238
5239
5240
5241
5242
5242
5243
5243
5243
5244
5245
5245
5247
5247
5247
5249
5249
5251
5253
5253
5253
5254
5257
5258
5259
5259
5264
5265
5266
5266
5268
5269
5270
5270
5271
5272
5272
5272
5273
5273
5274
5275
5277
5278
5279
5279
5280
5282
5282
5282
5284
5284
5289
5290
5290
5291
5291
5292
5293
5293
5294
5294
5295
5295
5296
5297
5298
5298
5301
5302
5302
5303
5304
5305
5309
5311
5312
5312
5315
5315
5315
5315
5317
5317
5319
5319
5319
5322
5322
5323
5323
5323
5324
5325
5327
5328
5328
5329
5330
5330
5332
5332
5333
5333
5334
5335
5336
5337
5337
5338
5340
5341
5341
5341
5342
5343
5343
5343
5343
5343
5344
5347
5348
5349
5349
5350
5350
5351
5352
5355
5357
5361
5361
5363
5363
5364
5366
5367
5367
5367
5367
5368
5368
5368
5370
5371
5372
5372
5373
5374
5376
5380
5380
5382
5383
5384
5386
5387
5387
5387
5388
5391
5392
5392
5393
5393
5397
5398
5398
5399
5399
5401
5403
5404
5405
5406
5407
5407
5408
5410
5410
5410
5411
5411
5411
5411
5412
5413
5414
5416
5416
5416
5417
5418
5418
5419
5422
5422
5423
5427
5428
5428
5430
5430
5431
5432
5432
5433
5433
5434
5434
5434
5435
5435
5435
5437
5438
5443
5444
5448
5449
5449
5449
5450
5450
5451
5451
5454
5455
5455
5456
5457
5459
5461
5462
5463
5468
5469
5472
5472
5472
5473
5474
5474
5474
5474
5476
5477
5477
5477
5477
5478
5478
5478
5479
5480
5481
5481
5482
5484
5484
5484
5484
5485
5487
5488
5490
5491
5493
5494
5497
5499
5501
5506
5506
5506
5508
5508
5509
5510
5511
5512
5512
5515
5515
5516
5517
5518
5518
5520
5520
5520
5521
5521
5522
5523
5525
5525
5526
5526
5528
5529
5531
5533
5533
5534
5534
5534
5535
5537
5538
5540
5542
5543
5544
5545
5545
5548
5549
5550
5550
5550
5550
5551
5554
5555
5555
5555
5557
5558
5559
5559
5559
5560
5560
5561
5567
5568
5568
5568
5569
5569
5570
5570
5570
5571
5571
5572
5572
5575
5577
5577
5578
5578
5578
5580
5583
5586
5587
5588
5588
5589
5589
5589
5591
5592
5593
5593
5594
5596
5597
5599
5601
5603
5606
5608
5609
5609
5610
5612
5613
5616
5619
5620
5621
5621
5621
5622
5622
5623
5623
5623
5624
5625
5625
5625
5627
5627
5627
5628
5629
5630
5630
5631
5632
5634
5634
5637
5637
5638
5638
5638
5639
5640
5641
5641
5646
5648
5648
5649
5650
5654
5658
5658
5659
5659
5663
5664
5666
5668
5668
5671
5672
5672
5673
5673
5675
5675
5675
5675
5676
5678
5678
5680
5682
5683
5685
5685
5686
5687
5687
5688
5688
5688
5688
5689
5691
5692
5692
5694
5695
5697
5699
5699
5704
5705
5705
5706
5709
5709
5710
5710
5710
5710
5712
5714
5714
5716
5717
5718
5718
5718
5719
5719
5720
5720
5721
5721
5723
5724
5725
5726
5726
5727
5728
5731
5732
5732
5736
5736
5737
5737
5739
5740
5741
5743
5743
5743
5745
5746
5747
5748
5750
5750
5751
5752
5752
5753
5754
5758
5758
5759
5760
5765
5766
5767
5769
5770
5770
5771
5771
5772
5772
5774
5775
5775
5777
5777
5778
5779
5780
5780
5780
5780
5780
5782
5782
5782
5783
5783
5783
5784
5784
5785
5785
5786
5787
5788
5789
5789
5790
5790
5791
5791
5791
5793
5794
5795
5795
5796
5796
5796
5796
5797
5798
5798
5799
5803
5804
5806
5806
5807
5807
5808
5810
5811
5811
5811
5812
5813
5815
5815
5816
5816
5817
5820
5820
5820
5820
5821
5822
5823
5823
5825
5825
5826
5829
5831
5831
5831
5832
5833
5833
5834
5834
5836
5836
5836
5837
5840
5840
5840
5841
5843
5843
5843
5843
5845
5848
5848
5848
5850
5850
5850
5851
5852
5852
5852
5853
5853
5854
5854
5854
5856
5857
5857
5857
5859
5860
5860
5860
5862
5866
5867
5867
5869
5869
5870
5870
5872
5873
5873
5874
5875
5878
5878
5878
5879
5882
5883
5884
5885
5885
5885
5886
5886
5887
5889
5889
5890
5890
5891
5895
5895
5895
5897
5897
5898
5898
5900
5900
5901
5902
5902
5903
5904
5904
5905
5907
5908
5909
5909
5910
5910
5913
5914
5914
5915
5917
5918
5920
5920
5921
5922
5922
5925
5926
5926
5927
5928
5931
5931
5932
5932
5933
5934
5935
5935
5936
5938
5939
5939
5941
5941
5943
5944
5945
5946
5946
5947
5950
5952
5953
5953
5954
5954
5955
5955
5957
5959
5960
5960
5961
5962
5963
5963
5963
5965
5966
5966
5967
5969
5969
5971
5971
5973
5973
5974
5975
5976
5976
5978
5979
5980
5980
5982
5982
5982
5983
5984
5985
5985
5985
5988
5988
5989
5990
5990
5990
5991
5993
5993
5994
5995
5997
5999
5999
6000
6000
6001
6003
6003
6004
6007
6009
6009
6009
6010
6012
6012
6013
6015
6016
6016
6017
6017
6017
6017
6017
6018
6018
6019
6020
6022
6023
6023
6024
6026
6027
6029
6029
6029
6029
6030
6032
6033
6034
6034
6035
6035
6035
6036
6036
6036
6038
6039
6039
6040
6040
6045
6046
6046
6046
6049
6052
6053
6053
6053
6054
6055
6057
6060
6060
6061
6061
6064
6065
6065
6065
6066
6067
6067
6067
6067
6071
6071
6071
6071
6071
6072
6074
6075
6076
6078
6083
6085
6085
6085
6085
6087
6087
6088
6090
6091
6093
6094
6095
6096
6096
6097
6097
6097
6098
6100
6100
6100
6102
6102
6103
6105
6105
6107
6109
6109
6110
6112
6112
6112
6113
6115
6116
6116
6117
6117
6120
6120
6121
6121
6121
6122
6122
6125
6125
6126
6126
6127
6127
6127
6129
6129
6129
6130
6131
6132
6133
6133
6134
6135
6135
6136
6136
6137
6142
6143
6143
6144
6144
6145
6145
6146
6150
6151
6153
6153
6154
6156
6157
6158
6159
6161
6161
6161
6161
6162
6162
6163
6163
6164
6165
6165
6166
6169
6170
6171
6172
6173
6174
6175
6176
6176
6176
6176
6176
6177
6177
6178
6178
6179
6179
6179
6179
6181
6181
6182
6182
6183
6184
6189
6189
6194
6195
6197
6199
6200
6200
6201
6201
6201
6204
6204
6204
6204
6205
6205
6207
6209
6210
6212
6214
6215
6215
6217
6217
6217
6218
6218
6221
6221
6221
6222
6224
6228
6228
6228
6230
6231
6231
6232
6234
6234
6235
6235
6238
6239
6240
6241
6241
6241
6244
6244
6245
6245
6250
6251
6251
6252
6255
6255
6257
6257
6259
6260
6261
6262
6262
6265
6266
6268
6269
6270
6271
6272
6273
6273
6276
6276
6277
6277
6277
6278
6279
6279
6279
6281
6284
6284
6284
6287
6288
6290
6293
6294
6296
6296
6296
6298
6299
6300
6300
6301
6301
6301
6302
6302
6302
6303
6304
6307
6308
6312
6314
6315
6316
6316
6316
6317
6318
6319
6320
6320
6321
6322
6324
6324
6325
6325
6325
6325
6326
6326
6327
6328
6329
6329
6329
6330
6332
6333
6334
6335
6335
6336
6337
6339
6339
6339
6339
6342
6344
6345
6345
6346
6349
6350
6351
6353
6354
6354
6354
6355
6356
6357
6358
6360
6362
6364
6365
6365
6367
6368
6369
6370
6371
6372
6373
6373
6376
6376
6377
6377
6378
6379
6382
6383
6384
6384
6384
6385
6386
6395
6395
6396
6397
6399
6400
6400
6400
6400
6401
6402
6404
6405
6405
6406
6411
6412
6413
6413
6415
6415
6415
6416
6416
6417
6417
6417
6417
6417
6419
6420
6420
6420
6421
6421
6422
6422
6422
6422
6422
6422
6424
6426
6426
6428
6429
6431
6431
6432
6432
6433
6434
6435
6440
6441
6444
6444
6444
6445
6447
6449
6451
6451
6453
6454
6454
6455
6457
6457
6458
6459
6459
6459
6463
6464
6465
6467
6468
6468
6469
6469
6469
6469
6471
6473
6473
6474
6475
6475
6476
6477
6478
6479
6479
6480
6481
6481
6482
6484
6484
6484
6484
6485
6486
6489
6489
6491
6492
6492
6493
6496
6496
6499
6501
6501
6501
6501
6503
6504
6505
6505
6505
6505
6506
6507
6508
6508
6509
6510
6510
6511
6512
6515
6520
6522
6523
6523
6525
6526
6526
6527
6527
6528
6528
6529
6529
6530
6534
6535
6535
6536
6538
6538
6540
6540
6541
6542
6542
6542
6543
6543
6543
6546
6546
6546
6547
6549
6549
6549
6550
6552
6554
6555
6555
6556
6557
6562
6562
6563
6564
6564
6565
6565
6565
6566
6567
6567
6568
6569
6571
6571
6573
6573
6574
6576
6578
6578
6579
6579
6579
6580
6583
6585
6586
6587
6588
6588
6590
6591
6591
6591
6594
6594
6594
6595
6596
6596
6597
6597
6598
6599
6599
6600
6602
6605
6606
6606
6606
6606
6609
6610
6611
6612
6612
6612
6612
6612
6614
6615
6615
6616
6616
6617
6618
6619
6620
6620
6621
6622
6624
6625
6626
6628
6628
6629
6631
6632
6632
6633
6634
6634
6634
6635
6635
6637
6637
6638
6638
6640
6640
6641
6642
6644
6644
6645
6646
6647
6647
6647
6649
6650
6651
6652
6653
6653
6655
6656
6657
6662
6662
6663
6665
6666
6666
6666
6669
6670
6670
6672
6673
6673
6675
6677
6678
6679
6681
6681
6681
6684
6687
6689
6690
6691
6693
6697
6699
6700
6701
6701
6701
6703
6704
6704
6705
6706
6706
6709
6710
6710
6711
6711
6711
6713
6714
6714
6715
6716
6719
6720
6721
6721
6722
6722
6724
6726
6728
6728
6728
6729
6730
6731
6732
6732
6735
6737
6738
6738
6739
6739
6739
6739
6739
6740
6741
6742
6742
6744
6745
6746
6746
6746
6750
6751
6752
6754
6754
6755
6761
6764
6766
6766
6767
6770
6771
6772
6772
6772
6772
6773
6773
6773
6774
6774
6775
6775
6776
6776
6777
6777
6777
6778
6778
6781
6781
6782
6783
6785
6786
6786
6788
6788
6790
6790
6792
6793
6794
6794
6795
6797
6798
6799
6800
6800
6801
6802
6803
6805
6810
6811
6814
6821
6823
6824
6827
6830
6830
6832
6834
6834
6834
6837
6837
6838
6842
6842
6843
6843
6844
6844
6845
6845
6845
6846
6850
6851
6852
6853
6853
6854
6857
6858
6858
6859
6861
6862
6863
6863
6863
6863
6864
6866
6866
6869
6869
6870
6871
6871
6871
6872
6875
6875
6877
6878
6878
6878
6879
6880
6881
6881
6882
6885
6885
6885
6886
6888
6889
6889
6890
6891
6892
6892
6895
6897
6897
6898
6898
6898
6904
6904
6904
6905
6907
6909
6914
6914
6914
6914
6915
6917
6917
6918
6919
6920
6920
6921
6924
6925
6925
6926
6927
6929
6931
6932
6933
6935
6937
6937
6938
6941
6944
6945
6946
6946
6947
6948
6949
6949
6950
6950
6951
6951
6951
6951
6952
6952
6954
6955
6955
6955
6958
6959
6962
6963
6964
6964
6966
6966
6967
6968
6969
6970
6970
6971
6972
6972
6972
6972
6973
6977
6979
6980
6980
6981
6982
6983
6984
6986
6986
6987
6990
6990
6990
6992
6992
6992
6994
6995
6995
6996
6996
6997
6997
7000
7002
7003
7004
7005
7006
7007
7007
7007
7007
7008
7009
7010
7011
7011
7011
7013
7014
7019
7019
7020
7021
7021
7021
7023
7023
7024
7025
7028
7028
7029
7029
7030
7031
7032
7033
7035
7037
7040
7043
7043
7045
7046
7046
7047
7050
7051
7051
7051
7051
7052
7052
7053
7054
7055
7055
7056
7057
7057
7058
7059
7060
7060
7061
7061
7061
7062
7062
7063
7064
7064
7064
7065
7066
7067
7067
7068
7071
7072
7072
7073
7074
7074
7075
7078
7079
7079
7080
7081
7081
7082
7083
7087
7088
7088
7089
7091
7092
7092
7093
7093
7093
7094
7095
7096
7096
7097
7101
7102
7103
7105
7105
7106
7107
7107
7109
7109
7110
7110
7113
7114
7114
7115
7115
7117
7118
7119
7120
7120
7120
7122
7122
7124
7125
7126
7127
7128
7131
7131
7132
7132
7133
7134
7134
7134
7134
7135
7136
7137
7140
7141
7141
7141
7142
7142
7143
7143
7143
7144
7145
7145
7146
7147
7148
7149
7150
7151
7151
7151
7152
7152
7153
7155
7157
7157
7157
7158
7158
7160
7161
7162
7164
7164
7168
7168
7168
7169
7170
7170
7171
7171
7171
7172
7176
7178
7178
7178
7179
7180
7181
7181
7184
7185
7186
7188
7189
7190
7190
7191
7191
7191
7192
7193
7193
7195
7195
7197
7200
7201
7201
7204
7205
7206
7206
7206
7208
7211
7212
7212
7212
7215
7215
7221
7222
7222
7223
7227
7229
7230
7230
7231
7231
7232
7233
7235
7237
7237
7238
7239
7241
7242
7243
7244
7245
7245
7245
7245
7246
7246
7248
7248
7248
7249
7250
7250
7252
7253
7255
7255
7256
7259
7261
7261
7262
7263
7263
7265
7265
7267
7268
7268
7269
7270
7270
7271
7271
7272
7272
7272
7274
7275
7278
7278
7278
7279
7281
7282
7283
7283
7283
7284
7285
7285
7285
7292
7293
7296
7297
7298
7298
7298
7300
7300
7302
7302
7303
7304
7305
7305
7307
7310
7310
7310
7311
7312
7314
7314
7315
7317
7318
7319
7319
7319
7319
7320
7321
7321
7321
7321
7322
7322
7322
7323
7324
7326
7327
7328
7329
7329
7333
7333
7334
7335
7336
7337
7338
7338
7338
7339
7339
7340
7343
7343
7343
7344
7347
7347
7348
7350
7350
7350
7351
7352
7355
7355
7356
7357
7359
7359
7359
7359
7359
7360
7360
7361
7361
7361
7362
7362
7363
7365
7365
7365
7366
7368
7369
7370
7371
7372
7374
7374
7375
7376
7378
7379
7379
7380
7380
7382
7382
7388
7388
7388
7389
7390
7390
7392
7393
7394
7394
7395
7395
7396
7398
7399
7399
7402
7402
7403
7406
7406
7406
7408
7411
7413
7414
7416
7418
7419
7419
7421
7423
7429
7429
7430
7431
7431
7432
7433
7435
7438
7438
7438
7439
7444
7445
7447
7447
7447
7447
7448
7448
7450
7450
7450
7451
7452
7452
7453
7453
7455
7455
7457
7458
7459
7461
7461
7462
7463
7463
7464
7467
7467
7468
7468
7469
7474
7475
7475
7475
7476
7476
7477
7477
7479
7479
7479
7481
7481
7483
7483
7483
7484
7484
7484
7487
7489
7489
7489
7489
7490
7493
7496
7497
7498
7499
7500
7500
7501
7502
7503
7507
7507
7509
7511
7511
7512
7515
7515
7517
7518
7519
7520
7522
7522
7523
7524
7524
7526
7528
7529
7530
7531
7531
7531
7532
7534
7534
7534
7535
7537
7538
7538
7538
7539
7540
7540
7540
7541
7543
7543
7545
7546
7546
7549
7550
7551
7552
7552
7554
7554
7555
7556
7558
7561
7561
7563
7564
7565
7566
7566
7567
7567
7567
7568
7568
7568
7568
7570
7572
7573
7573
7574
7575
7575
7577
7578
7580
7581
7582
7584
7584
7585
7586
7587
7590
7591
7592
7592
7593
7593
7593
7595
7595
7596
7596
7596
7597
7599
7599
7600
7600
7600
7601
7602
7603
7603
7605
7610
7610
7611
7611
7612
7612
7613
7614
7614
7618
7618
7620
7622
7623
7626
7626
7627
7628
7629
7630
7631
7631
7632
7632
7633
7634
7635
7635
7637
7639
7640
7640
7641
7641
7643
7643
7645
7646
7647
7647
7648
7650
7650
7652
7654
7655
7656
7656
7657
7657
7658
7659
7659
7659
7660
7660
7660
7661
7664
7665
7668
7668
7669
7669
7670
7670
7671
7675
7676
7677
7677
7680
7681
7682
7682
7683
7685
7687
7687
7690
7692
7693
7693
7694
7695
7695
7696
7697
7700
7700
7701
7702
7702
7703
7703
7704
7705
7705
7708
7709
7711
7711
7711
7712
7712
7713
7714
7715
7715
7716
7717
7717
7718
7718
7718
7719
7719
7720
7721
7726
7726
7726
7728
7729
7734
7734
7734
7735
7737
7737
7738
7738
7739
7739
7742
7742
7744
7745
7745
7745
7746
7749
7749
7751
7751
7751
7753
7755
7756
7757
7758
7759
7762
7763
7763
7765
7767
7767
7768
7768
7768
7768
7769
7769
7774
7774
7777
7777
7779
7780
7781
7781
7782
7783
7784
7784
7784
7784
7784
7786
7787
7788
7789
7790
7791
7791
7791
7792
7793
7794
7794
7797
7798
7799
7799
7800
7802
7803
7803
7804
7805
7806
7807
7807
7807
7807
7808
7809
7811
7811
7812
7812
7813
7816
7816
7817
7818
7820
7820
7821
7821
7822
7822
7825
7826
7827
7827
7828
7828
7830
7831
7832
7832
7833
7838
7838
7839
7840
7841
7841
7843
7844
7844
7844
7844
7845
7846
7847
7848
7849
7850
7852
7852
7854
7854
7855
7856
7856
7858
7859
7859
7860
7861
7862
7862
7864
7865
7865
7865
7866
7868
7868
7869
7871
7871
7872
7873
7877
7879
7879
7879
7880
7881
7881
7882
7883
7883
7883
7885
7886
7888
7888
7888
7889
7889
7890
7890
7891
7891
7893
7893
7894
7894
7895
7895
7898
7899
7900
7901
7902
7902
7903
7904
7905
7905
7905
7906
7907
7910
7910
7911
7911
7912
7913
7916
7918
7920
7920
7921
7921
7921
7923
7924
7925
7925
7925
7925
7927
7928
7928
7932
7932
7933
7933
7934
7935
7935
7938
7941
7943
7943
7944
7944
7947
7947
7949
7951
7952
7954
7955
7960
7962
7962
7963
7963
7964
7966
7967
7972
7972
7973
7974
7974
7974
7975
7977
7978
7980
7982
7982
7982
7989
7990
7994
7994
7995
7996
7999
7999
8000
8001
8001
8002
8002
8003
8003
8004
8006
8006
8006
8007
8007
8007
8008
8009
8012
8012
8012
8012
8013
8013
8014
8014
8017
8017
8019
8019
8020
8022
8023
8027
8027
8029
8029
8029
8029
8030
8030
8030
8031
8032
8033
8033
8035
8037
8037
8037
8039
8040
8041
8041
8043
8043
8044
8044
8046
8046
8046
8047
8048
8048
8049
8049
8051
8053
8053
8054
8054
8054
8054
8056
8056
8057
8057
8058
8060
8062
8062
8063
8063
8063
8065
8066
8067
8068
8069
8071
8072
8074
8077
8078
8078
8078
8080
8080
8081
8081
8084
8084
8085
8088
8089
8090
8091
8092
8094
8095
8095
8096
8100
8101
8102
8103
8103
8105
8107
8107
8108
8109
8109
8112
8112
8112
8113
8113
8115
8115
8116
8116
8119
8120
8122
8122
8123
8125
8126
8126
8127
8127
8130
8131
8134
8134
8135
8136
8137
8138
8138
8139
8139
8142
8142
8142
8144
8145
8147
8148
8150
8150
8152
8153
8154
8155
8158
8158
8161
8162
8162
8163
8164
8165
8166
8168
8170
8170
8172
8173
8173
8177
8177
8177
8179
8179
8179
8180
8181
8182
8182
8183
8185
8186
8187
8188
8188
8189
8189
8189
8190
8191
8191
8192
8192
8193
8194
8194
8198
8199
8201
8204
8207
8207
8209
8209
8211
8212
8214
8214
8216
8217
8217
8218
8218
8219
8219
8220
8220
8220
8222
8224
8225
8227
8229
8231
8233
8234
8237
8237
8238
8238
8239
8239
8240
8240
8241
8241
8242
8242
8243
8244
8245
8245
8246
8246
8248
8248
8248
8248
8248
8249
8250
8250
8251
8252
8253
8253
8255
8255
8258
8258
8259
8260
8261
8262
8263
8264
8265
8267
8268
8270
8270
8271
8272
8272
8272
8274
8274
8276
8280
8282
8283
8283
8284
8284
8285
8286
8287
8287
8289
8289
8289
8291
8291
8291
8292
8295
8298
8298
8301
8302
8303
8304
8304
8305
8306
8306
8307
8307
8308
8310
8310
8312
8312
8312
8313
8315
8319
8320
8323
8324
8325
8326
8329
8329
8333
8333
8335
8335
8337
8338
8338
8339
8340
8341
8344
8346
8347
8347
8349
8350
8351
8352
8352
8355
8358
8358
8359
8360
8363
8364
8364
8364
8365
8365
8366
8367
8369
8370
8371
8374
8376
8376
8376
8377
8378
8380
8380
8381
8382
8383
8383
8384
8385
8386
8388
8388
8388
8389
8389
8390
8391
8391
8392
8392
8392
8392
8393
8393
8393
8394
8394
8398
8398
8398
8398
8398
8399
8401
8402
8403
8403
8404
8404
8404
8407
8411
8412
8412
8413
8415
8416
8417
8417
8417
8420
8420
8421
8422
8424
8424
8424
8425
8425
8425
8427
8429
8434
8435
8435
8436
8436
8437
8437
8438
8439
8441
8441
8441
8442
8443
8444
8446
8446
8447
8448
8448
8449
8449
8449
8450
8452
8452
8453
8454
8456
8457
8458
8461
8462
8463
8465
8466
8469
8470
8471
8473
8474
8476
8477
8480
8482
8482
8483
8484
8488
8489
8493
8493
8493
8494
8494
8500
8501
8501
8502
8502
8502
8502
8505
8505
8506
8506
8506
8510
8511
8512
8518
8518
8521
8523
8524
8524
8525
8525
8528
8532
8532
8533
8533
8534
8535
8536
8536
8538
8539
8540
8541
8543
8543
8543
8545
8545
8546
8546
8547
8549
8550
8550
8550
8553
8553
8554
8555
8555
8555
8556
8559
8559
8561
8562
8562
8563
8564
8565
8565
8566
8566
8566
8566
8567
8567
8568
8568
8568
8568
8569
8569
8569
8570
8571
8571
8573
8576
8576
8577
8580
8581
8582
8583
8583
8585
8586
8587
8588
8588
8590
8590
8592
8592
8593
8593
8593
8595
8596
8597
8597
8599
8599
8600
8603
8605
8608
8608
8608
8609
8609
8609
8610
8610
8610
8612
8612
8612
8613
8613
8613
8613
8614
8617
8617
8618
8619
8619
8620
8620
8621
8622
8623
8624
8624
8624
8626
8626
8628
8629
8631
8631
8633
8638
8641
8646
8646
8646
8649
8650
8651
8651
8657
8657
8660
8663
8663
8664
8664
8666
8666
8666
8667
8668
8668
8669
8670
8670
8671
8671
8674
8674
8675
8677
8682
8683
8683
8683
8684
8685
8686
8686
8689
8692
8693
8695
8698
8698
8699
8701
8702
8703
8704
8704
8704
8704
8705
8706
8706
8706
8707
8708
8708
8709
8710
8712
8712
8714
8715
8715
8717
8719
8720
8720
8721
8722
8722
8723
8723
8724
8727
8728
8729
8735
8736
8737
8739
8742
8745
8745
8746
8746
8747
8747
8747
8747
8748
8749
8749
8749
8752
8752
8752
8753
8753
8754
8754
8755
8758
8759
8759
8761
8763
8763
8764
8768
8769
8771
8772
8773
8774
8775
8776
8776
8776
8777
8779
8779
8781
8781
8785
8786
8787
8788
8788
8791
8792
8792
8797
8798
8800
8800
8801
8801
8801
8801
8803
8805
8806
8807
8807
8810
8811
8812
8813
8814
8815
8817
8818
8819
8820
8821
8821
8822
8823
8827
8827
8828
8828
8829
8830
8830
8830
8832
8832
8832
8832
8833
8834
8834
8834
8836
8836
8838
8839
8840
8840
8841
8845
8845
8845
8848
8848
8850
8851
8854
8858
8859
8861
8861
8864
8865
8865
8868
8869
8871
8872
8873
8873
8874
8875
8878
8880
8881
8881
8882
8882
8882
8882
8883
8895
8895
8895
8897
8897
8897
8898
8899
8899
8899
8901
8901
8908
8910
8911
8912
8912
8913
8913
8913
8914
8915
8915
8916
8917
8917
8918
8921
8921
8922
8924
8925
8925
8926
8926
8928
8928
8929
8929
8931
8932
8932
8933
8935
8936
8936
8937
8939
8939
8940
8941
8942
8942
8942
8943
8943
8945
8946
8946
8947
8947
8948
8950
8950
8951
8953
8956
8957
8958
8958
8959
8959
8961
8962
8964
8965
8965
8965
8973
8973
8973
8974
8976
8976
8978
8978
8978
8979
8979
8982
8982
8982
8983
8983
8984
8985
8986
8991
8991
8993
8995
8995
8995
8996
9000
9001
9001
9003
9003
9004
9006
9006
9007
9008
9008
9009
9009
9009
9010
9011
9011
9013
9014
9015
9015
9016
9016
9017
9019
9019
9021
9024
9029
9029
9031
9033
9033
9036
9038
9038
9039
9040
9040
9041
9042
9043
9043
9043
9045
9050
9051
9051
9051
9052
9052
9053
9054
9055
9055
9056
9056
9058
9060
9063
9064
9064
9066
9066
9066
9067
9068
9068
9070
9071
9073
9075
9075
9077
9078
9081
9082
9084
9084
9085
9088
9090
9092
9092
9092
9094
9094
9096
9097
9097
9097
9097
9100
9101
9102
9103
9103
9103
9104
9104
9105
9106
9106
9107
9109
9110
9112
9112
9112
9112
9114
9114
9115
9116
9120
9121
9124
9125
9125
9126
9126
9127
9129
9129
9131
9132
9133
9133
9135
9136
9138
9138
9138
9139
9142
9142
9144
9144
9145
9146
9147
9148
9149
9151
9156
9157
9158
9158
9161
9161
9162
9166
9168
9169
9170
9171
9171
9172
9173
9173
9175
9176
9176
9177
9177
9178
9179
9179
9180
9182
9185
9186
9186
9186
9187
9188
9188
9188
9189
9189
9190
9190
9191
9192
9193
9196
9196
9197
9197
9198
9198
9198
9199
9200
9202
9203
9204
9204
9205
9205
9206
9207
9208
9208
9213
9214
9215
9215
9216
9216
9216
9216
9216
9217
9218
9218
9218
9221
9222
9223
9224
9225
9229
9231
9232
9234
9234
9235
9235
9236
9236
9237
9237
9237
9239
9239
9240
9242
9242
9243
9243
9244
9244
9246
9247
9247
9248
9250
9251
9251
9252
9252
9253
9254
9255
9255
9255
9257
9258
9264
9265
9265
9266
9266
9266
9267
9269
9269
9269
9271
9271
9274
9274
9275
9275
9277
9277
9281
9282
9282
9283
9283
9284
9284
9285
9286
9287
9288
9290
9290
9290
9292
9292
9293
9293
9294
9294
9295
9295
9297
9297
9298
9298
9300
9302
9302
9302
9303
9304
9305
9305
9308
9309
9309
9309
9310
9312
9312
9312
9316
9317
9317
9321
9321
9321
9322
9324
9325
9325
9325
9327
9329
9331
9332
9334
9334
9335
9335
9335
9336
9337
9337
9339
9340
9340
9342
9343
9344
9345
9345
9345
9347
9348
9351
9351
9352
9352
9354
9354
9355
9356
9356
9358
9359
9359
9360
9361
9363
9363
9364
9364
9364
9365
9366
9367
9367
9369
9370
9370
9373
9377
9378
9381
9381
9382
9383
9385
9386
9386
9386
9387
9387
9388
9389
9392
9394
9394
9396
9396
9401
9401
9401
9403
9403
9405
9405
9406
9408
9413
9418
9418
9420
9423
9423
9423
9423
9424
9424
9426
9426
9427
9428
9429
9430
9430
9431
9431
9431
9432
9433
9434
9434
9435
9435
9437
9438
9438
9438
9438
9438
9440
9442
9443
9445
9445
9446
9447
9447
9449
9451
9452
9452
9452
9454
9456
9458
9460
9460
9461
9461
9461
9462
9463
9464
9465
9465
9466
9467
9470
9473
9478
9479
9480
9481
9482
9482
9487
9487
9487
9488
9488
9488
9490
9490
9490
9490
9491
9492
9494
9495
9496
9498
9499
9502
9506
9506
9509
9511
9513
9514
9514
9514
9514
9515
9519
9519
9520
9521
9521
9522
9526
9526
9526
9527
9529
9529
9530
9530
9531
9532
9534
9535
9536
9537
9538
9539
9539
9541
9545
9546
9546
9547
9547
9547
9549
9551
9552
9552
9554
9554
9554
9557
9558
9559
9560
9562
9564
9564
9565
9565
9566
9567
9569
9569
9569
9570
9571
9572
9572
9572
9573
9574
9577
9581
9581
9582
9583
9583
9583
9585
9586
9589
9593
9594
9594
9595
9596
9596
9596
9597
9597
9597
9599
9599
9601
9603
9604
9604
9604
9604
9605
9605
9609
9610
9610
9611
9611
9612
9614
9614
9614
9615
9615
9615
9618
9618
9619
9620
9622
9623
9624
9626
9627
9627
9627
9629
9631
9632
9636
9637
9637
9637
9638
9639
9640
9645
9646
9646
9647
9647
9648
9653
9653
9655
9655
9657
9657
9658
9660
9660
9660
9663
9664
9664
9665
9667
9668
9670
9670
9671
9672
9672
9672
9672
9673
9673
9673
9674
9675
9676
9677
9677
9678
9679
9681
9681
9682
9683
9683
9684
9685
9688
9690
9694
9696
9696
9697
9697
9697
9701
9702
9703
9704
9705
9706
9707
9708
9710
9711
9712
9715
9719
9720
9721
9721
9723
9724
9724
9724
9726
9727
9729
9729
9730
9731
9736
9737
9738
9739
9739
9739
9740
9741
9742
9742
9742
9743
9743
9743
9746
9748
9749
9750
9754
9755
9757
9757
9758
9759
9759
9760
9761
9761
9764
9765
9766
9766
9767
9767
9767
9768
9769
9770
9771
9771
9774
9774
9775
9778
9778
9779
9782
9782
9783
9783
9785
9786
9786
9786
9787
9787
9788
9788
9789
9791
9792
9793
9794
9796
9796
9798
9798
9798
9804
9804
9805
9806
9807
9807
9808
9810
9811
9813
9814
9815
9815
9815
9816
9818
9819
9820
9822
9823
9824
9824
9826
9831
9833
9835
9836
9838
9839
9840
9841
9841
9843
9843
9845
9846
9847
9849
9850
9851
9851
9852
9856
9858
9858
9861
9864
9864
9865
9867
9868
9869
9869
9870
9870
9870
9871
9871
9872
9872
9873
9873
9875
9878
9879
9881
9881
9882
9887
9887
9887
9887
9887
9888
9888
9889
9889
9892
9892
9893
9893
9893
9894
9895
9901
9901
9902
9902
9905
9905
9905
9907
9907
9908
9908
9910
9911
9912
9913
9915
9916
9917
9917
9918
9918
9919
9920
9921
9922
9922
9923
9923
9923
9924
9927
9928
9931
9937
9938
9939
9939
9939
9940
9941
9942
9942
9943
9943
9946
9946
9946
9946
9948
9949
9949
9950
9951
9951
9951
9952
9952
9954
9954
9955
9957
9957
9959
9960
9960
9962
9962
9965
9965
9965
9966
9967
9968
9969
9972
9972
9974
9976
9976
9978
9978
9979
9980
9980
9981
9981
9981
9983
9983
9984
9990
9991
9992
9993
9995
