1
1
2
3
3
4
4
4
6
7
8
8
10
12
12
13
14
15
16
16
17
20
21
23
26
26
26
28
28
28
28
29
30
30
31
31
32
33
35
36
37
37
38
38
40
41
41
43
44
44
46
46
46
47
47
48
50
52
52
52
54
55
56
56
58
61
62
67
69
69
70
73
73
74
74
77
79
83
83
85
87
87
88
88
89
93
94
94
94
95
98
99
99
100
100
101
106
106
107
107
107
108
109
110
110
111
111
113
113
114
114
114
114
116
116
117
117
118
119
122
122
123
124
127
127
127
129
129
131
133
133
136
137
138
139
139
139
140
142
143
143
145
146
147
147
149
151
152
156
157
157
158
160
161
161
162
163
165
165
166
167
167
169
172
172
172
175
175
175
176
176
178
179
179
179
180
181
183
183
187
188
188
188
188
189
189
189
192
192
195
196
198
198
200
200
200
201
202
202
203
204
206
206
207
208
208
209
210
211
212
213
214
214
214
214
216
217
218
218
219
219
220
221
223
223
223
224
225
229
230
232
234
235
235
236
238
238
239
240
241
242
244
245
246
246
248
251
251
252
253
253
253
255
256
257
257
257
258
261
261
263
265
265
266
268
268
269
271
271
274
276
277
278
279
281
281
282
286
286
286
291
293
294
295
296
298
300
301
302
303
304
305
306
308
309
310
310
311
312
313
314
314
314
315
316
317
317
319
320
320
321
321
321
323
324
325
326
326
327
330
330
331
331
331
332
332
334
335
336
337
338
339
339
340
340
340
341
345
346
347
348
349
350
351
352
352
352
353
354
356
356
357
357
357
357
358
358
359
360
363
364
365
366
367
370
371
373
374
374
375
375
375
380
381
381
382
384
388
388
389
390
391
391
391
393
393
394
397
398
399
399
403
404
405
406
406
407
412
412
413
413
414
417
418
418
419
419
422
426
427
427
428
429
429
431
431
432
434
435
435
436
436
436
437
438
438
440
442
442
444
446
446
447
448
448
448
448
449
450
452
452
454
454
455
455
455
456
461
461
461
462
464
467
468
469
469
471
472
473
473
474
474
474
475
475
476
477
478
478
479
479
481
488
489
491
491
493
494
495
495
495
496
496
496
500
502
502
502
503
504
505
506
507
509
510
511
511
512
513
513
513
513
514
515
515
518
519
519
520
522
524
524
525
526
526
526
527
528
528
530
532
533
533
534
535
536
537
537
538
539
542
542
542
544
544
544
545
546
547
550
552
552
553
553
554
555
555
555
557
561
562
564
564
565
565
569
574
574
577
579
579
581
581
581
581
582
582
583
583
584
587
588
591
592
593
593
594
595
595
597
597
598
599
599
601
601
601
602
602
603
605
606
607
608
608
608
609
609
610
610
612
613
613
613
614
614
618
623
623
624
625
626
628
628
628
628
631
632
633
634
636
636
637
638
638
639
640
643
644
646
648
649
651
652
652
652
653
653
653
655
655
658
659
660
661
664
664
664
664
666
666
667
667
667
667
670
670
671
674
675
678
678
679
680
681
681
682
683
684
684
685
687
688
690
690
690
691
692
693
695
696
697
699
699
699
701
702
702
703
703
705
705
709
710
710
710
711
712
714
714
716
716
716
718
718
718
719
719
721
723
726
727
728
729
730
734
736
737
738
738
740
742
744
744
744
745
745
745
746
749
750
751
757
757
759
760
761
761
761
762
763
764
764
765
767
767
768
768
768
769
770
772
775
776
778
780
780
780
781
782
786
787
787
788
790
790
791
794
795
796
799
799
800
801
802
804
804
805
806
807
810
812
812
813
814
815
815
815
816
819
820
820
820
822
823
825
826
826
827
827
830
831
833
833
834
834
835
836
838
838
838
840
841
843
843
844
846
847
847
847
848
849
851
851
853
855
856
857
857
857
858
858
859
860
860
860
861
862
863
864
864
865
865
866
868
869
870
872
872
872
872
873
876
876
876
878
879
880
881
881
883
883
884
885
886
887
889
890
890
890
890
891
894
895
898
898
899
899
903
904
905
906
906
908
909
910
911
911
911
912
912
913
913
916
918
919
920
920
924
927
927
929
929
930
931
932
932
932
933
937
938
938
939
940
940
942
942
943
944
944
945
945
946
946
946
947
950
951
951
951
951
952
952
953
953
954
955
956
957
958
960
961
961
961
962
963
964
965
965
965
966
966
967
969
970
970
971
971
972
973
973
974
974
974
974
976
977
979
982
983
984
984
985
985
986
988
988
989
990
991
991
993
993
995
997
997
1000
1001
1003
1003
1004
1006
1007
1009
1010
1011
1014
1014
1014
1014
1015
1015
1015
1016
1016
1017
1019
1020
1021
1021
1021
1022
1022
1023
1025
1028
1029
1030
1032
1032
1037
1038
1039
1041
1043
1044
1044
1045
1045
1045
1047
1047
1049
1049
1049
1049
1050
1051
1052
1054
1054
1055
1056
1056
1059
1060
1061
1062
1064
1064
1065
1065
1065
1068
1069
1070
1072
1072
1072
1072
1076
1076
1076
1078
1080
1081
1082
1082
1082
1084
1084
1085
1086
1087
1089
1089
1090
1091
1092
1092
1093
1094
1095
1096
1098
1098
1099
1101
1103
1105
1105
1105
1107
1107
1108
1109
1110
1112
1113
1115
1116
1118
1118
1119
1119
1120
1121
1121
1124
1126
1127
1127
1131
1132
1133
1133
1134
1135
1135
1137
1139
1140
1140
1141
1141
1144
1144
1145
1146
1148
1148
1148
1150
1151
1152
1152
1153
1156
1156
1157
1157
1159
1160
1166
1167
1168
1168
1169
1170
1171
1171
1171
1175
1175
1175
1177
1178
1178
1179
1181
1181
1182
1182
1183
1184
1185
1185
1193
1196
1196
1198
1199
1199
1199
1200
1201
1203
1203
1206
1206
1206
1207
1207
1209
1210
1210
1210
1210
1211
1211
1212
1213
1217
1217
1218
1219
1220
1220
1224
1224
1225
1225
1225
1226
1228
1229
1229
1230
1231
1232
1234
1236
1236
1237
1237
1239
1239
1240
1241
1242
1242
1242
1243
1248
1248
1249
1250
1251
1253
1253
1254
1254
1255
1255
1258
1258
1259
1259
1259
1260
1262
1262
1263
1263
1265
1266
1269
1269
1269
1270
1271
1272
1272
1273
1275
1275
1275
1276
1276
1276
1279
1280
1280
1282
1282
1282
1284
1287
1287
1288
1288
1288
1288
1289
1292
1293
1293
1294
1297
1297
1298
1299
1299
1301
1305
1306
1308
1313
1315
1319
1319
1320
1323
1323
1326
1326
1327
1327
1329
1330
1330
1332
1333
1334
1334
1335
1335
1337
1339
1339
1340
1341
1342
1342
1343
1344
1346
1347
1348
1348
1351
1355
1355
1356
1356
1358
1358
1358
1359
1361
1362
1362
1362
1363
1363
1364
1365
1366
1369
1375
1376
1377
1378
1380
1380
1381
1381
1386
1387
1387
1387
1388
1388
1388
1389
1389
1390
1390
1390
1391
1392
1392
1394
1395
1396
1396
1397
1398
1400
1401
1402
1404
1407
1408
1409
1409
1409
1410
1411
1412
1413
1413
1414
1416
1418
1418
1420
1421
1421
1423
1424
1426
1427
1428
1430
1430
1430
1430
1431
1434
1434
1435
1436
1438
1439
1439
1439
1440
1441
1441
1442
1442
1443
1444
1446
1447
1447
1447
1447
1449
1450
1450
1450
1451
1451
1451
1453
1454
1455
1455
1458
1459
1460
1461
1461
1462
1465
1466
1467
1467
1467
1468
1470
1471
1472
1474
1475
1475
1476
1478
1479
1480
1481
1483
1484
1484
1484
1484
1485
1485
1485
1485
1488
1488
1489
1489
1491
1499
1500
1501
1501
1501
1503
1506
1506
1508
1510
1510
1510
1511
1513
1514
1515
1515
1515
1516
1516
1516
1521
1522
1523
1524
1525
1526
1528
1528
1529
1530
1531
1531
1532
1532
1533
1533
1534
1535
1536
1537
1538
1538
1541
1541
1542
1542
1542
1544
1545
1546
1546
1548
1548
1548
1550
1552
1552
1553
1556
1556
1556
1559
1559
1560
1561
1562
1562
1562
1563
1566
1567
1568
1568
1568
1569
1569
1571
1571
1572
1572
1573
1574
1577
1579
1580
1581
1581
1581
1581
1582
1584
1584
1586
1586
1588
1591
1592
1592
1593
1593
1595
1595
1596
1597
1598
1599
1599
1600
1600
1601
1601
1602
1603
1603
1605
1605
1605
1606
1607
1607
1608
1610
1610
1611
1612
1613
1613
1613
1616
1619
1620
1621
1623
1625
1626
1627
1627
1628
1629
1630
1631
1634
1635
1635
1635
1638
1638
1639
1640
1640
1642
1642
1643
1643
1643
1644
1647
1647
1647
1649
1652
1652
1652
1653
1653
1654
1654
1654
1654
1655
1657
1657
1658
1658
1659
1659
1660
1661
1661
1663
1665
1667
1668
1669
1674
1675
1676
1676
1677
1677
1677
1679
1679
1679
1680
1682
1685
1685
1685
1686
1687
1688
1688
1689
1691
1692
1693
1696
1696
1697
1698
1700
1701
1701
1702
1703
1703
1704
1704
1705
1706
1707
1708
1708
1711
1711
1711
1711
1714
1718
1719
1720
1720
1720
1722
1722
1725
1725
1725
1727
1727
1729
1729
1731
1731
1733
1735
1735
1735
1735
1736
1737
1738
1738
1738
1739
1740
1740
1740
1743
1744
1747
1748
1748
1749
1752
1752
1752
1753
1754
1755
1755
1756
1756
1756
1756
1756
1757
1757
1757
1760
1761
1761
1763
1764
1764
1765
1765
1766
1768
1771
1771
1772
1774
1774
1774
1775
1775
1775
1776
1777
1778
1779
1780
1781
1783
1784
1786
1786
1786
1786
1788
1789
1790
1792
1792
1793
1793
1794
1797
1798
1799
1799
1799
1801
1801
1802
1804
1805
1805
1806
1808
1808
1809
1809
1809
1809
1810
1810
1810
1810
1812
1814
1815
1816
1816
1817
1817
1818
1820
1820
1820
1822
1823
1824
1825
1826
1827
1827
1830
1831
1831
1831
1832
1832
1832
1833
1833
1833
1834
1836
1836
1837
1837
1837
1838
1839
1840
1840
1841
1842
1844
1844
1844
1847
1847
1848
1848
1849
1850
1850
1851
1851
1852
1852
1852
1852
1853
1854
1854
1855
1860
1861
1861
1861
1861
1862
1863
1864
1865
1865
1868
1868
1868
1869
1870
1871
1872
1874
1874
1875
1876
1876
1877
1877
1878
1879
1880
1880
1880
1881
1881
1881
1882
1882
1883
1885
1885
1885
1886
1888
1889
1891
1891
1892
1892
1893
1893
1893
1895
1896
1896
1897
1899
1900
1900
1901
1901
1903
1903
1904
1904
1904
1905
1906
1908
1910
1911
1911
1913
1914
1915
1917
1917
1917
1918
1919
1919
1920
1920
1920
1922
1925
1925
1926
1927
1927
1927
1927
1929
1929
1930
1930
1932
1934
1934
1934
1934
1935
1935
1937
1937
1937
1942
1943
1944
1945
1945
1946
1947
1947
1948
1948
1948
1949
1950
1951
1952
1953
1954
1954
1956
1957
1958
1958
1960
1961
1964
1964
1964
1964
1967
1967
1970
1971
1974
1975
1975
1977
1977
1978
1979
1979
1980
1980
1982
1983
1984
1985
1986
1986
1987
1987
1987
1988
1988
1989
1990
1991
1992
1993
1993
1994
1996
1996
1997
1997
1997
1998
1999
2001
2002
2003
2005
2006
2006
2008
2009
2010
2010
2010
2011
2011
2011
2012
2014
2014
2015
2016
2017
2017
2018
2019
2019
2020
2020
2021
2024
2024
2026
2029
2029
2030
2031
2031
2032
2032
2032
2033
2033
2034
2034
2034
2034
2034
2035
2036
2037
2037
2039
2039
2040
2041
2041
2042
2044
2044
2044
2047
2047
2048
2049
2049
2050
2051
2051
2052
2052
2053
2054
2054
2056
2058
2058
2060
2065
2065
2065
2066
2066
2067
2069
2070
2070
2072
2072
2073
2074
2075
2076
2077
2079
2081
2081
2082
2083
2084
2085
2086
2087
2088
2089
2089
2090
2090
2090
2091
2092
2092
2093
2093
2096
2097
2098
2099
2104
2105
2108
2108
2108
2109
2109
2116
2121
2122
2123
2124
2125
2125
2127
2128
2129
2130
2130
2130
2131
2131
2132
2133
2135
2137
2138
2140
2140
2141
2144
2145
2146
2147
2148
2148
2150
2151
2153
2153
2153
2154
2154
2155
2156
2157
2159
2159
2160
2160
2161
2162
2162
2164
2164
2166
2166
2170
2170
2170
2172
2172
2173
2173
2173
2174
2175
2178
2179
2179
2179
2181
2182
2183
2184
2184
2186
2189
2190
2194
2195
2195
2197
2200
2200
2204
2205
2205
2205
2206
2206
2206
2207
2209
2209
2210
2210
2211
2212
2213
2214
2214
2215
2215
2215
2216
2218
2218
2225
2225
2225
2225
2226
2227
2229
2229
2230
2231
2231
2232
2232
2234
2237
2239
2240
2241
2245
2249
2249
2251
2253
2254
2255
2256
2257
2257
2258
2259
2261
2261
2261
2262
2262
2262
2263
2267
2267
2271
2274
2274
2275
2276
2277
2277
2277
2279
2280
2281
2283
2284
2284
2287
2290
2291
2292
2293
2297
2298
2298
2299
2299
2303
2305
2306
2309
2310
2311
2315
2317
2318
2318
2319
2319
2321
2321
2322
2323
2323
2324
2325
2326
2326
2326
2331
2334
2335
2336
2338
2338
2339
2340
2341
2341
2343
2344
2345
2348
2349
2352
2353
2354
2355
2356
2356
2356
2357
2357
2358
2359
2361
2362
2363
2363
2363
2366
2369
2370
2371
2372
2373
2373
2375
2377
2380
2381
2385
2386
2387
2387
2387
2388
2388
2390
2390
2391
2392
2395
2396
2396
2397
2397
2398
2400
2402
2405
2405
2405
2406
2406
2407
2407
2407
2408
2411
2411
2413
2415
2415
2416
2418
2418
2421
2421
2421
2421
2422
2422
2424
2426
2428
2429
2429
2429
2431
2432
2433
2433
2434
2434
2435
2435
2436
2436
2436
2436
2437
2437
2438
2438
2441
2441
2441
2442
2443
2443
2444
2445
2445
2446
2446
2447
2450
2451
2453
2455
2456
2457
2457
2457
2458
2460
2460
2461
2463
2464
2464
2465
2466
2468
2469
2469
2470
2471
2473
2475
2476
2477
2477
2478
2478
2478
2478
2479
2481
2482
2482
2484
2484
2485
2487
2487
2488
2492
2494
2495
2495
2496
2496
2497
2497
2500
2503
2504
2508
2509
2509
2510
2511
2511
2512
2512
2513
2513
2515
2516
2520
2522
2523
2524
2524
2525
2525
2527
2529
2529
2532
2532
2532
2532
2534
2536
2536
2536
2536
2536
2536
2537
2537
2541
2544
2545
2547
2547
2548
2549
2550
2550
2552
2552
2552
2553
2553
2560
2560
2560
2561
2561
2565
2567
2567
2569
2570
2573
2574
2574
2574
2575
2575
2576
2576
2577
2577
2577
2579
2579
2579
2579
2580
2583
2584
2587
2587
2589
2590
2590
2592
2592
2593
2595
2597
2597
2597
2598
2599
2599
2599
2600
2600
2601
2602
2603
2603
2603
2604
2604
2604
2604
2604
2606
2606
2606
2606
2607
2608
2609
2610
2610
2610
2610
2613
2613
2613
2613
2614
2616
2616
2617
2617
2618
2619
2619
2620
2621
2621
2622
2623
2624
2625
2625
2625
2625
2626
2630
2630
2631
2632
2633
2633
2633
2634
2634
2634
2634
2635
2637
2638
2638
2639
2640
2640
2640
2641
2641
2641
2645
2645
2647
2648
2650
2651
2652
2652
2653
2656
2656
2656
2659
2660
2660
2660
2661
2662
2662
2663
2663
2664
2666
2672
2673
2673
2673
2673
2675
2679
2679
2679
2680
2682
2682
2682
2683
2684
2685
2686
2687
2687
2688
2689
2689
2692
2693
2694
2695
2696
2697
2697
2698
2701
2706
2706
2706
2707
2708
2708
2709
2709
2709
2710
2710
2710
2711
2711
2711
2711
2713
2714
2714
2715
2715
2715
2717
2718
2718
2718
2719
2719
2719
2727
2728
2729
2729
2730
2730
2731
2731
2732
2733
2733
2733
2733
2736
2736
2737
2739
2739
2740
2742
2744
2744
2745
2751
2751
2752
2753
2755
2758
2759
2759
2761
2762
2763
2767
2767
2767
2768
2769
2770
2771
2772
2773
2773
2773
2775
2775
2777
2780
2780
2781
2781
2781
2781
2781
2783
2784
2785
2786
2787
2788
2788
2789
2790
2791
2791
2794
2794
2796
2797
2800
2801
2803
2803
2803
2803
2804
2806
2806
2807
2808
2808
2809
2810
2810
2810
2811
2815
2815
2815
2816
2817
2818
2821
2822
2822
2825
2826
2827
2827
2828
2828
2828
2829
2829
2830
2832
2832
2832
2833
2834
2835
2837
2838
2842
2842
2845
2845
2845
2846
2846
2847
2848
2848
2849
2850
2850
2850
2852
2855
2856
2856
2857
2857
2858
2862
2862
2862
2862
2865
2865
2865
2866
2868
2868
2868
2869
2869
2871
2871
2871
2872
2875
2875
2877
2877
2877
2879
2883
2884
2884
2885
2887
2888
2888
2888
2889
2890
2890
2890
2890
2891
2893
2894
2894
2895
2895
2898
2898
2898
2901
2902
2902
2904
2905
2905
2906
2906
2907
2911
2913
2914
2916
2917
2919
2919
2919
2920
2920
2923
2927
2927
2928
2929
2933
2933
2934
2934
2936
2937
2937
2938
2939
2939
2939
2940
2941
2941
2942
2942
2943
2945
2945
2947
2949
2949
2950
2950
2950
2951
2951
2951
2951
2952
2952
2952
2953
2955
2956
2956
2956
2958
2961
2962
2963
2963
2963
2964
2966
2968
2969
2971
2971
2972
2975
2978
2979
2979
2981
2982
2982
2982
2983
2983
2984
2985
2985
2986
2987
2988
2990
2991
2992
2992
2993
2995
2995
2996
2996
2997
2997
2998
2998
2999
3000
3000
3002
3006
3006
3006
3007
3007
3008
3010
3013
3013
3013
3014
3015
3016
3016
3017
3021
3022
3023
3024
3027
3029
3031
3037
3037
3039
3039
3040
3041
3042
3043
3044
3044
3044
3045
3047
3050
3051
3052
3056
3057
3057
3058
3058
3059
3059
3060
3061
3062
3062
3063
3065
3065
3067
3067
3068
3068
3069
3070
3070
3071
3072
3073
3075
3077
3077
3078
3078
3081
3081
3081
3083
3085
3087
3088
3089
3089
3090
3092
3092
3092
3093
3095
3095
3098
3098
3099
3100
3101
3102
3102
3104
3104
3104
3106
3107
3107
3108
3109
3110
3112
3112
3114
3115
3115
3115
3115
3116
3117
3117
3118
3118
3119
3119
3119
3121
3121
3121
3122
3123
3125
3125
3126
3126
3129
3130
3131
3132
3132
3133
3133
3133
3133
3136
3136
3136
3137
3137
3139
3139
3140
3140
3143
3145
3146
3147
3147
3147
3149
3149
3150
3157
3162
3162
3163
3165
3168
3169
3169
3169
3170
3170
3171
3171
3171
3171
3172
3173
3174
3175
3175
3175
3176
3177
3177
3179
3179
3180
3181
3183
3183
3184
3185
3186
3186
3188
3189
3190
3191
3193
3195
3197
3197
3198
3199
3202
3204
3205
3205
3205
3205
3205
3206
3207
3209
3209
3210
3210
3211
3212
3214
3215
3216
3216
3217
3218
3219
3219
3219
3220
3224
3224
3225
3225
3227
3227
3228
3229
3230
3230
3230
3231
3232
3232
3233
3233
3234
3234
3236
3236
3237
3237
3238
3240
3240
3241
3241
3241
3242
3242
3245
3245
3246
3246
3247
3248
3248
3248
3249
3249
3250
3250
3251
3254
3254
3255
3255
3255
3256
3256
3257
3260
3261
3261
3265
3265
3265
3266
3268
3268
3268
3270
3271
3272
3274
3275
3276
3276
3277
3278
3279
3279
3281
3281
3281
3281
3283
3284
3286
3287
3287
3287
3289
3290
3292
3293
3294
3294
3295
3295
3296
3297
3297
3297
3299
3304
3308
3310
3310
3310
3310
3312
3312
3316
3316
3316
3317
3317
3318
3320
3320
3321
3321
3321
3322
3323
3324
3325
3325
3325
3326
3326
3327
3329
3330
3330
3331
3331
3331
3332
3333
3333
3334
3334
3334
3335
3337
3337
3338
3338
3339
3339
3339
3340
3340
3341
3344
3344
3345
3345
3345
3348
3348
3348
3350
3350
3352
3352
3352
3353
3353
3357
3358
3359
3360
3361
3361
3362
3368
3368
3369
3370
3370
3374
3379
3379
3380
3380
3381
3382
3383
3383
3383
3384
3384
3386
3390
3390
3391
3391
3392
3393
3393
3395
3396
3397
3397
3397
3397
3401
3402
3403
3403
3405
3405
3406
3406
3406
3407
3407
3407
3409
3409
3414
3414
3414
3414
3416
3417
3419
3419
3420
3421
3421
3422
3423
3423
3423
3426
3426
3426
3426
3431
3431
3432
3433
3433
3435
3437
3437
3438
3438
3439
3443
3444
3445
3445
3446
3446
3447
3448
3451
3451
3452
3452
3453
3455
3455
3455
3456
3456
3456
3458
3458
3459
3459
3460
3460
3461
3461
3462
3463
3463
3464
3466
3468
3468
3471
3471
3474
3474
3475
3475
3475
3475
3475
3476
3477
3477
3477
3479
3481
3481
3482
3482
3482
3484
3485
3486
3487
3488
3488
3488
3493
3493
3493
3494
3494
3494
3495
3495
3496
3498
3499
3500
3500
3500
3503
3503
3505
3506
3509
3510
3512
3514
3515
3515
3517
3518
3521
3522
3524
3526
3527
3527
3528
3529
3530
3531
3532
3533
3533
3534
3535
3535
3537
3540
3541
3542
3543
3543
3544
3545
3546
3547
3548
3548
3548
3550
3550
3550
3551
3554
3556
3556
3556
3558
3559
3562
3562
3563
3564
3564
3564
3565
3566
3566
3566
3567
3567
3568
3568
3569
3569
3570
3571
3573
3574
3574
3574
3574
3575
3576
3576
3576
3577
3578
3580
3582
3583
3584
3585
3585
3586
3586
3586
3588
3588
3589
3589
3591
3592
3592
3593
3594
3594
3594
3594
3594
3594
3597
3598
3600
3604
3607
3609
3609
3609
3610
3611
3611
3614
3616
3618
3620
3620
3620
3621
3621
3621
3622
3623
3624
3626
3626
3627
3628
3629
3635
3635
3635
3636
3637
3639
3640
3644
3645
3648
3650
3651
3652
3652
3652
3653
3654
3654
3656
3656
3658
3660
3661
3661
3661
3663
3663
3665
3665
3666
3666
3668
3669
3669
3671
3671
3672
3673
3675
3675
3676
3676
3677
3678
3680
3680
3681
3681
3684
3686
3686
3687
3687
3688
3689
3690
3691
3692
3693
3695
3695
3696
3696
3698
3698
3699
3701
3701
3703
3710
3712
3712
3712
3712
3713
3713
3713
3714
3714
3715
3718
3719
3719
3720
3720
3721
3722
3722
3725
3726
3728
3728
3729
3730
3731
3732
3734
3734
3735
3736
3741
3742
3742
3742
3744
3746
3748
3750
3751
3751
3752
3752
3753
3753
3753
3754
3754
3755
3755
3757
3757
3760
3761
3761
3762
3763
3763
3763
3767
3768
3768
3769
3769
3770
3770
3770
3770
3770
3773
3773
3773
3775
3775
3776
3777
3778
3778
3778
3779
3780
3780
3780
3780
3782
3782
3784
3785
3787
3788
3788
3790
3790
3790
3790
3791
3791
3792
3793
3793
3793
3794
3794
3796
3796
3798
3800
3803
3803
3803
3803
3803
3805
3805
3806
3807
3808
3808
3810
3810
3810
3811
3812
3813
3813
3814
3814
3815
3816
3818
3819
3819
3820
3820
3822
3823
3824
3824
3824
3824
3826
3827
3827
3827
3828
3828
3828
3829
3831
3834
3835
3836
3837
3840
3841
3842
3842
3842
3845
3845
3845
3846
3846
3847
3847
3847
3851
3851
3851
3852
3860
3860
3860
3861
3861
3862
3862
3863
3866
3868
3869
3871
3872
3872
3873
3874
3876
3876
3877
3878
3878
3879
3880
3881
3881
3883
3884
3887
3889
3890
3890
3890
3892
3892
3893
3895
3896
3899
3899
3900
3903
3904
3905
3906
3907
3907
3907
3910
3910
3910
3913
3913
3916
3917
3920
3920
3921
3921
3923
3923
3924
3926
3927
3928
3929
3929
3930
3931
3931
3932
3933
3934
3935
3935
3936
3937
3937
3938
3938
3939
3942
3944
3945
3945
3945
3946
3947
3949
3951
3953
3954
3955
3955
3957
3957
3960
3961
3962
3963
3965
3968
3969
3970
3970
3971
3972
3972
3973
3973
3973
3975
3975
3975
3977
3979
3979
3980
3980
3980
3980
3982
3984
3984
3985
3986
3987
3988
3990
3991
3992
3993
3994
3994
3995
3997
3998
4001
4003
4003
4003
4004
4005
4005
4005
4006
4006
4006
4007
4008
4008
4010
4011
4011
4012
4014
4015
4015
4016
4017
4017
4018
4018
4019
4020
4021
4022
4026
4026
4027
4029
4030
4031
4032
4033
4033
4033
4033
4036
4036
4037
4038
4038
4039
4040
4040
4042
4043
4044
4046
4046
4047
4048
4051
4051
4051
4052
4052
4053
4054
4057
4059
4061
4061
4064
4065
4066
4070
4070
4070
4071
4071
4071
4072
4075
4076
4077
4077
4078
4078
4079
4080
4082
4083
4083
4084
4084
4084
4084
4085
4085
4086
4086
4087
4089
4091
4092
4095
4097
4097
4097
4098
4098
4100
4101
4102
4102
4113
4113
4113
4115
4117
4117
4119
4120
4120
4122
4122
4122
4123
4124
4124
4125
4126
4129
4130
4130
4132
4132
4134
4134
4137
4140
4142
4143
4144
4144
4148
4149
4149
4152
4152
4153
4155
4156
4157
4158
4160
4161
4163
4169
4170
4171
4172
4174
4175
4176
4178
4178
4179
4179
4179
4179
4180
4182
4183
4184
4186
4190
4190
4192
4193
4194
4194
4197
4197
4197
4202
4202
4203
4204
4205
4206
4207
4208
4208
4213
4214
4214
4217
4218
4218
4218
4219
4220
4221
4224
4226
4228
4228
4230
4231
4232
4233
4234
4234
4235
4235
4235
4236
4236
4237
4242
4242
4244
4245
4247
4247
4247
4250
4251
4251
4252
4253
4253
4254
4255
4255
4256
4257
4259
4259
4261
4262
4262
4265
4267
4269
4269
4269
4269
4269
4270
4271
4272
4272
4272
4272
4274
4276
4277
4278
4279
4280
4282
4282
4283
4284
4284
4285
4285
4290
4294
4294
4295
4296
4297
4299
4299
4300
4301
4301
4302
4305
4305
4305
4306
4306
4307
4309
4310
4310
4312
4313
4313
4313
4314
4315
4320
4320
4321
4322
4322
4322
4323
4327
4328
4328
4329
4330
4331
4331
4331
4332
4333
4335
4336
4336
4336
4337
4337
4337
4337
4337
4338
4338
4338
4339
4339
4340
4341
4342
4342
4344
4346
4346
4348
4349
4351
4352
4353
4354
4354
4356
4356
4357
4358
4359
4360
4362
4364
4365
4366
4367
4368
4371
4371
4371
4372
4372
4373
4373
4373
4374
4374
4374
4374
4377
4377
4377
4379
4380
4381
4382
4383
4386
4387
4388
4389
4391
4393
4393
4394
4397
4398
4400
4401
4402
4402
4402
4403
4403
4404
4408
4408
4409
4410
4410
4416
4417
4418
4418
4419
4420
4423
4427
4427
4428
4428
4429
4432
4435
4436
4436
4437
4438
4439
4439
4441
4443
4444
4445
4445
4446
4448
4448
4449
4452
4452
4453
4454
4454
4456
4456
4457
4457
4460
4461
4464
4464
4466
4466
4467
4467
4467
4470
4470
4470
4470
4470
4471
4472
4473
4473
4474
4474
4475
4477
4478
4478
4479
4479
4480
4481
4481
4483
4485
4485
4486
4487
4487
4490
4490
4491
4492
4492
4493
4494
4494
4494
4495
4496
4496
4498
4499
4503
4506
4506
4508
4509
4509
4511
4511
4513
4516
4516
4517
4517
4517
4520
4520
4522
4523
4525
4525
4527
4529
4529
4530
4531
4533
4534
4535
4536
4537
4538
4539
4539
4539
4540
4540
4541
4543
4543
4545
4546
4546
4546
4547
4548
4548
4548
4549
4550
4552
4555
4555
4556
4556
4557
4558
4559
4559
4560
4561
4562
4563
4565
4566
4569
4571
4571
4572
4572
4577
4578
4578
4578
4579
4580
4580
4581
4584
4585
4586
4587
4588
4590
4590
4590
4592
4594
4594
4596
4597
4598
4600
4601
4602
4603
4604
4604
4605
4605
4609
4609
4610
4610
4611
4611
4614
4615
4615
4616
4618
4618
4619
4622
4623
4623
4624
4625
4625
4627
4628
4628
4630
4630
4630
4631
4632
4632
4633
4633
4634
4637
4638
4639
4640
4641
4641
4642
4644
4644
4644
4645
4646
4647
4648
4650
4651
4652
4652
4653
4655
4655
4656
4656
4658
4659
4660
4662
4662
4664
4664
4664
4665
4665
4666
4667
4668
4669
4670
4671
4672
4672
4673
4674
4676
4678
4679
4679
4680
4681
4682
4682
4682
4682
4683
4685
4686
4686
4688
4689
4689
4689
4691
4692
4695
4696
4696
4698
4698
4698
4698
4698
4699
4701
4702
4702
4702
4703
4703
4703
4703
4704
4705
4708
4709
4710
4710
4710
4710
4712
4712
4713
4713
4714
4715
4716
4717
4718
4721
4722
4722
4722
4723
4723
4724
4725
4725
4726
4728
4729
4732
4732
4736
4736
4737
4737
4738
4738
4738
4738
4740
4741
4741
4741
4743
4745
4746
4747
4748
4749
4749
4750
4751
4754
4755
4756
4756
4762
4763
4765
4768
4768
4769
4769
4769
4771
4771
4772
4773
4775
4780
4781
4783
4785
4786
4786
4788
4789
4789
4790
4793
4795
4795
4795
4797
4797
4800
4800
4801
4802
4804
4804
4805
4805
4805
4807
4807
4808
4808
4808
4809
4812
4812
4812
4813
4814
4814
4815
4815
4816
4819
4819
4820
4820
4820
4823
4825
4827
4827
4827
4828
4829
4829
4830
4831
4834
4836
4836
4840
4840
4840
4841
4841
4841
4842
4843
4843
4845
4846
4846
4848
4850
4850
4854
4855
4856
4857
4857
4860
4861
4861
4862
4863
4865
4866
4866
4867
4870
4870
4871
4872
4876
4878
4878
4880
4880
4881
4882
4882
4886
4886
4887
4888
4888
4890
4891
4892
4894
4894
4894
4895
4896
4896
4897
4898
4898
4900
4901
4902
4903
4903
4903
4903
4905
4907
4908
4910
4911
4913
4914
4915
4915
4915
4916
4917
4918
4918
4918
4919
4919
4919
4919
4923
4923
4923
4923
4925
4925
4927
4927
4928
4928
4930
4930
4930
4932
4932
4932
4933
4939
4940
4940
4944
4944
4946
4947
4949
4950
4951
4952
4953
4956
4956
4957
4960
4960
4961
4961
4962
4963
4964
4965
4966
4968
4971
4972
4972
4974
4975
4978
4978
4980
4983
4983
4985
4986
4988
4988
4989
4989
4992
4993
4993
4994
4995
4995
4997
4998
4999
5000
5000
5000
5002
5003
5003
5004
5005
5005
5006
5011
5011
5012
5013
5014
5016
5018
5022
5023
5023
5026
5026
5026
5027
5027
5027
5030
5030
5032
5033
5034
5036
5038
5039
5039
5039
5039
5041
5042
5043
5043
5045
5045
5045
5045
5045
5046
5047
5048
5049
5049
5050
5051
5051
5052
5052
5052
5053
5055
5056
5057
5059
5059
5059
5060
5060
5060
5062
5062
5065
5067
5068
5069
5071
5072
5073
5074
5074
5075
5076
5078
5079
5080
5080
5080
5081
5084
5085
5085
5085
5086
5086
5089
5091
5093
5094
5095
5095
5098
5098
5100
5101
5106
5106
5109
5109
5110
5110
5111
5111
5113
5113
5116
5117
5117
5118
5119
5119
5119
5119
5120
5121
5121
5124
5130
5132
5132
5133
5134
5136
5137
5138
5143
5143
5143
5144
5144
5144
5146
5147
5148
5149
5151
5151
5152
5152
5153
5157
5160
5163
5164
5165
5165
5165
5166
5166
5166
5167
5170
5170
5173
5173
5174
5174
5175
5176
5176
5178
5178
5182
5184
5184
5185
5189
5189
5189
5190
5190
5190
5193
5194
5195
5195
5196
5197
5197
5197
5200
5203
5203
5206
5208
5208
5209
5209
5210
5211
5212
5212
5213
5216
5218
5218
5218
5219
5220
5220
5221
5222
5222
5223
5223
5224
5224
5224
5225
5225
5225
5226
5228
5229
5229
5229
5229
5230
5230
5231
5231
5234
5235
5235
5235
5236
5238
5238
5238
5238
5242
5243
5243
5243
5244
5245
5245
5246
5247
5248
5248
5249
5249
5250
5250
5251
5253
5253
5254
5254
5255
5255
5256
5256
5262
5263
5263
5265
5265
5266
5266
5266
5267
5269
5270
5271
5272
5273
5273
5274
5275
5276
5277
5278
5279
5280
5284
5284
5284
5284
5286
5287
5287
5288
5288
5289
5290
5293
5294
5294
5297
5297
5297
5298
5299
5300
5301
5301
5301
5302
5302
5303
5307
5308
5308
5309
5311
5311
5311
5313
5313
5314
5316
5316
5318
5320
5321
5321
5322
5324
5325
5325
5326
5328
5332
5332
5335
5336
5336
5337
5337
5339
5340
5341
5341
5341
5342
5343
5346
5346
5348
5351
5351
5351
5353
5357
5357
5358
5358
5358
5359
5365
5369
5369
5371
5373
5373
5375
5376
5376
5379
5379
5380
5380
5386
5390
5391
5392
5392
5392
5393
5393
5393
5393
5394
5395
5395
5395
5398
5399
5401
5401
5401
5402
5403
5404
5405
5405
5406
5407
5409
5410
5413
5414
5414
5415
5415
5416
5419
5421
5421
5422
5423
5425
5428
5430
5431
5431
5431
5431
5432
5433
5433
5433
5434
5434
5434
5434
5435
5435
5436
5436
5437
5437
5438
5439
5439
5440
5442
5442
5444
5445
5451
5451
5452
5452
5453
5454
5457
5460
5460
5461
5469
5469
5469
5470
5470
5470
5470
5472
5474
5475
5475
5476
5477
5477
5478
5480
5481
5481
5482
5483
5485
5486
5487
5488
5489
5489
5491
5491
5492
5492
5492
5493
5493
5494
5494
5495
5495
5496
5499
5500
5501
5502
5502
5502
5503
5507
5508
5509
5510
5511
5511
5511
5511
5514
5514
5514
5514
5515
5515
5516
5516
5517
5517
5519
5523
5523
5525
5526
5527
5528
5528
5530
5530
5530
5532
5533
5533
5534
5534
5535
5538
5539
5539
5540
5540
5540
5541
5541
5541
5543
5544
5545
5546
5547
5547
5549
5549
5552
5553
5554
5555
5555
5555
5555
5558
5560
5560
5561
5562
5564
5566
5569
5570
5570
5572
5575
5576
5576
5576
5578
5580
5582
5583
5585
5588
5588
5589
5590
5590
5592
5593
5594
5594
5595
5595
5601
5601
5603
5604
5604
5607
5608
5609
5609
5614
5615
5616
5618
5619
5619
5620
5622
5622
5625
5625
5626
5627
5627
5633
5634
5634
5634
5635
5636
5636
5636
5636
5637
5639
5641
5643
5643
5645
5646
5647
5647
5648
5649
5650
5650
5651
5652
5655
5655
5655
5655
5658
5658
5659
5662
5662
5663
5665
5668
5668
5670
5670
5672
5673
5674
5675
5675
5676
5679
5679
5680
5681
5682
5682
5683
5683
5683
5684
5685
5686
5687
5689
5689
5692
5694
5694
5696
5696
5698
5698
5698
5699
5701
5704
5705
5706
5707
5708
5709
5710
5710
5710
5711
5711
5711
5713
5715
5715
5716
5717
5719
5722
5724
5724
5726
5726
5727
5727
5727
5728
5729
5731
5731
5731
5731
5732
5732
5733
5733
5734
5734
5735
5736
5736
5737
5737
5737
5738
5738
5738
5741
5744
5746
5749
5749
5749
5750
5750
5752
5752
5753
5753
5755
5755
5755
5756
5756
5758
5759
5760
5766
5768
5769
5771
5771
5772
5772
5772
5773
5775
5775
5776
5776
5778
5778
5780
5780
5784
5785
5789
5792
5793
5793
5795
5796
5796
5797
5798
5798
5798
5799
5799
5802
5802
5803
5805
5806
5806
5806
5807
5807
5809
5811
5811
5812
5813
5813
5814
5814
5815
5818
5819
5820
5823
5825
5825
5825
5827
5827
5828
5832
5832
5833
5837
5837
5838
5840
5840
5841
5844
5845
5845
5845
5846
5847
5850
5850
5851
5851
5852
5853
5853
5854
5854
5854
5855
5855
5856
5857
5858
5858
5861
5862
5863
5869
5870
5871
5872
5872
5872
5872
5874
5875
5876
5876
5877
5877
5877
5880
5881
5881
5881
5882
5882
5885
5885
5886
5886
5886
5887
5890
5891
5891
5892
5894
5894
5896
5897
5897
5898
5898
5898
5900
5905
5906
5907
5907
5908
5908
5909
5909
5910
5910
5911
5912
5912
5914
5916
5920
5920
5921
5924
5924
5925
5926
5931
5932
5932
5933
5935
5935
5937
5938
5938
5938
5938
5941
5941
5943
5943
5944
5945
5946
5947
5947
5947
5950
5951
5952
5953
5957
5957
5958
5959
5959
5961
5961
5961
5961
5962
5962
5963
5965
5965
5966
5966
5967
5968
5969
5970
5971
5971
5974
5975
5976
5977
5979
5980
5980
5982
5982
5984
5987
5989
5989
5989
5991
5993
5993
5994
5995
5998
5998
5998
5998
5998
5999
5999
5999
6002
6004
6005
6005
6005
6007
6008
6008
6009
6010
6010
6011
6012
6013
6015
6016
6017
6018
6020
6020
6022
6025
6026
6027
6028
6029
6031
6031
6032
6032
6033
6034
6035
6037
6037
6038
6038
6039
6039
6042
6043
6044
6044
6046
6047
6048
6049
6050
6050
6052
6052
6053
6053
6055
6058
6058
6058
6058
6060
6061
6063
6063
6063
6065
6066
6067
6070
6070
6071
6071
6072
6074
6074
6076
6077
6077
6081
6083
6083
6084
6090
6090
6090
6091
6091
6091
6091
6094
6097
6098
6101
6101
6101
6102
6102
6104
6105
6106
6107
6109
6110
6112
6113
6114
6114
6115
6117
6120
6121
6123
6123
6124
6124
6126
6126
6126
6126
6132
6132
6133
6133
6133
6138
6140
6140
6140
6141
6141
6142
6142
6142
6142
6143
6146
6146
6147
6150
6150
6151
6152
6152
6154
6157
6157
6158
6158
6162
6165
6165
6166
6168
6169
6170
6170
6171
6172
6173
6174
6174
6174
6175
6176
6177
6177
6177
6177
6179
6180
6181
6183
6185
6187
6187
6189
6190
6190
6191
6191
6192
6193
6193
6194
6195
6195
6197
6197
6198
6200
6201
6202
6203
6204
6206
6208
6209
6209
6209
6211
6211
6212
6212
6213
6215
6216
6217
6217
6219
6225
6227
6229
6230
6231
6231
6232
6233
6236
6236
6239
6242
6243
6243
6244
6244
6244
6245
6245
6245
6248
6251
6252
6252
6252
6254
6255
6255
6256
6256
6256
6257
6257
6258
6258
6259
6260
6261
6262
6263
6264
6264
6265
6265
6270
6270
6271
6271
6271
6272
6274
6274
6275
6275
6275
6276
6276
6276
6276
6277
6279
6281
6281
6281
6282
6284
6284
6284
6285
6286
6286
6286
6287
6291
6293
6293
6295
6299
6300
6304
6304
6305
6306
6306
6306
6307
6307
6308
6308
6309
6310
6312
6313
6313
6315
6319
6319
6321
6321
6321
6322
6322
6326
6329
6331
6332
6332
6332
6333
6333
6337
6337
6337
6338
6338
6338
6339
6341
6341
6342
6342
6342
6342
6344
6345
6345
6345
6346
6347
6348
6348
6349
6350
6353
6354
6358
6358
6360
6361
6365
6365
6365
6366
6366
6366
6366
6368
6368
6369
6370
6370
6371
6372
6373
6373
6374
6375
6376
6377
6377
6378
6379
6380
6383
6384
6385
6388
6389
6391
6391
6392
6392
6393
6393
6397
6397
6397
6398
6400
6400
6401
6401
6401
6402
6403
6403
6404
6405
6405
6405
6407
6412
6413
6413
6414
6414
6414
6416
6417
6419
6419
6420
6421
6421
6422
6423
6423
6423
6424
6424
6428
6428
6429
6429
6431
6431
6432
6433
6433
6433
6434
6434
6436
6437
6437
6437
6437
6438
6442
6443
6443
6443
6444
6445
6445
6446
6450
6451
6452
6453
6453
6454
6455
6457
6459
6459
6459
6459
6459
6461
6462
6462
6463
6467
6472
6473
6473
6474
6474
6474
6475
6475
6476
6478
6479
6480
6481
6481
6482
6482
6484
6484
6485
6486
6486
6487
6487
6488
6491
6493
6493
6495
6497
6498
6498
6499
6499
6500
6500
6500
6500
6501
6503
6503
6506
6507
6507
6507
6507
6507
6508
6508
6509
6511
6512
6513
6513
6513
6514
6515
6521
6521
6522
6523
6524
6525
6526
6531
6532
6533
6536
6536
6536
6538
6538
6538
6538
6541
6541
6542
6543
6544
6544
6546
6546
6548
6548
6548
6549
6550
6553
6557
6557
6559
6559
6559
6561
6561
6561
6563
6563
6564
6565
6565
6566
6567
6568
6570
6572
6573
6573
6574
6574
6575
6580
6582
6582
6582
6583
6583
6583
6585
6587
6587
6588
6588
6589
6591
6593
6593
6593
6595
6596
6598
6598
6601
6601
6603
6606
6606
6608
6609
6609
6613
6615
6616
6616
6620
6620
6620
6621
6622
6624
6625
6625
6626
6626
6627
6629
6629
6630
6631
6631
6632
6632
6632
6634
6636
6637
6638
6638
6641
6641
6642
6644
6645
6645
6648
6653
6655
6659
6659
6659
6660
6660
6660
6661
6662
6663
6663
6663
6663
6665
6666
6668
6668
6668
6669
6669
6672
6672
6675
6675
6676
6677
6677
6682
6684
6684
6685
6688
6688
6689
6689
6691
6694
6694
6696
6697
6697
6697
6699
6700
6701
6702
6704
6704
6705
6705
6706
6708
6710
6710
6710
6710
6710
6712
6712
6712
6714
6715
6715
6718
6719
6719
6719
6721
6723
6723
6723
6724
6724
6725
6726
6726
6728
6729
6730
6730
6730
6730
6733
6734
6734
6735
6735
6736
6738
6741
6742
6742
6743
6743
6745
6746
6748
6749
6750
6751
6752
6755
6756
6757
6758
6758
6758
6759
6760
6761
6761
6763
6763
6764
6765
6766
6768
6768
6768
6769
6772
6772
6775
6776
6778
6782
6784
6784
6785
6785
6787
6790
6791
6794
6796
6797
6797
6798
6799
6802
6802
6804
6804
6805
6806
6808
6808
6809
6809
6810
6812
6813
6813
6815
6815
6815
6815
6815
6816
6818
6819
6820
6821
6821
6821
6821
6821
6823
6823
6824
6825
6828
6828
6828
6829
6829
6830
6831
6832
6834
6835
6835
6835
6837
6837
6837
6838
6842
6848
6848
6851
6855
6858
6860
6861
6863
6864
6864
6864
6865
6866
6867
6868
6869
6869
6870
6872
6872
6874
6874
6875
6878
6878
6881
6881
6881
6882
6882
6884
6887
6887
6890
6890
6892
6892
6893
6894
6896
6897
6898
6901
6903
6903
6906
6912
6916
6917
6917
6918
6919
6921
6921
6921
6922
6923
6924
6925
6926
6927
6929
6929
6932
6932
6933
6933
6933
6934
6937
6938
6938
6939
6939
6939
6940
6942
6944
6944
6944
6944
6945
6946
6948
6949
6950
6950
6950
6950
6951
6952
6952
6955
6956
6956
6957
6957
6957
6958
6958
6959
6959
6960
6961
6962
6963
6963
6964
6965
6965
6966
6967
6967
6968
6970
6971
6971
6972
6972
6972
6973
6974
6974
6975
6976
6976
6977
6977
6977
6978
6981
6981
6982
6982
6983
6985
6987
6989
6989
6989
6990
6990
6990
6991
6991
6991
6992
6992
6992
6993
6994
6996
6996
6996
7001
7002
7003
7003
7004
7004
7004
7006
7007
7008
7008
7009
7010
7010
7011
7012
7014
7014
7015
7016
7018
7018
7019
7019
7020
7020
7021
7021
7022
7023
7026
7026
7027
7030
7031
7033
7033
7034
7035
7037
7041
7043
7044
7046
7046
7046
7046
7047
7048
7049
7050
7050
7051
7051
7051
7053
7053
7055
7055
7058
7058
7059
7060
7061
7061
7062
7064
7066
7068
7068
7068
7072
7075
7078
7079
7081
7081
7081
7082
7082
7082
7082
7088
7089
7092
7093
7093
7093
7094
7094
7096
7096
7096
7097
7097
7098
7098
7099
7100
7107
7107
7111
7111
7113
7114
7114
7115
7115
7115
7116
7116
7117
7117
7118
7118
7119
7119
7121
7123
7128
7128
7130
7131
7131
7132
7132
7133
7135
7136
7137
7137
7137
7138
7139
7140
7142
7143
7144
7145
7145
7147
7149
7150
7151
7152
7153
7153
7153
7154
7155
7155
7156
7157
7158
7158
7159
7160
7161
7162
7163
7163
7165
7165
7165
7165
7167
7169
7170
7171
7174
7174
7174
7176
7176
7176
7178
7179
7180
7180
7182
7182
7183
7184
7185
7187
7188
7190
7190
7195
7198
7198
7199
7199
7199
7201
7204
7205
7207
7209
7212
7214
7217
7218
7219
7220
7220
7221
7222
7222
7224
7224
7224
7224
7225
7226
7226
7226
7226
7229
7229
7232
7232
7233
7234
7235
7236
7237
7238
7238
7239
7239
7240
7243
7244
7244
7245
7245
7249
7249
7250
7251
7252
7253
7254
7256
7258
7259
7259
7260
7263
7264
7264
7265
7266
7268
7268
7269
7270
7275
7275
7277
7279
7280
7281
7282
7283
7284
7287
7287
7287
7288
7288
7289
7289
7290
7291
7292
7295
7296
7296
7296
7297
7299
7302
7304
7304
7305
7306
7307
7308
7308
7309
7315
7315
7317
7318
7318
7319
7319
7321
7324
7324
7325
7325
7326
7327
7327
7328
7329
7331
7335
7336
7337
7337
7340
7341
7342
7342
7343
7343
7343
7344
7345
7346
7348
7348
7349
7349
7351
7353
7354
7355
7355
7356
7358
7360
7361
7362
7362
7362
7363
7364
7365
7365
7365
7366
7367
7369
7370
7370
7371
7372
7372
7374
7375
7376
7379
7379
7380
7380
7381
7381
7382
7382
7382
7384
7385
7385
7387
7387
7387
7387
7388
7389
7389
7391
7393
7393
7393
7393
7394
7394
7394
7394
7395
7396
7398
7398
7398
7400
7402
7403
7404
7404
7404
7405
7406
7406
7406
7406
7407
7409
7410
7410
7411
7411
7411
7412
7413
7414
7414
7415
7415
7415
7417
7417
7419
7419
7420
7420
7422
7422
7422
7424
7424
7427
7429
7430
7431
7436
7437
7437
7440
7441
7442
7442
7444
7445
7446
7446
7448
7448
7453
7454
7454
7455
7456
7456
7456
7456
7458
7460
7461
7461
7462
7463
7464
7464
7465
7467
7469
7469
7469
7469
7470
7470
7474
7474
7475
7477
7477
7479
7479
7480
7481
7481
7482
7484
7484
7484
7488
7489
7490
7490
7492
7495
7495
7499
7502
7502
7504
7505
7506
7506
7511
7513
7516
7517
7517
7519
7522
7523
7523
7523
7525
7525
7527
7527
7527
7527
7528
7528
7529
7530
7530
7533
7535
7536
7538
7539
7539
7540
7540
7540
7543
7546
7547
7548
7549
7553
7554
7556
7556
7557
7558
7558
7560
7560
7560
7561
7562
7563
7564
7564
7564
7565
7567
7570
7570
7571
7572
7573
7574
7577
7577
7579
7581
7581
7583
7584
7585
7585
7586
7586
7587
7588
7589
7591
7593
7593
7596
7596
7596
7599
7599
7599
7599
7600
7600
7601
7602
7603
7604
7604
7606
7607
7607
7607
7608
7608
7611
7611
7611
7612
7614
7615
7615
7616
7617
7617
7617
7617
7618
7618
7621
7621
7621
7624
7625
7626
7627
7627
7627
7627
7627
7628
7628
7628
7629
7629
7630
7630
7632
7632
7633
7633
7634
7637
7637
7639
7641
7641
7642
7642
7643
7644
7644
7646
7647
7647
7649
7650
7650
7651
7653
7653
7654
7655
7656
7656
7656
7657
7659
7660
7661
7662
7663
7663
7663
7664
7665
7666
7666
7667
7669
7669
7669
7669
7670
7672
7672
7672
7673
7675
7675
7676
7677
7678
7679
7680
7680
7680
7681
7683
7684
7684
7687
7689
7689
7692
7694
7694
7694
7694
7695
7695
7695
7695
7696
7696
7696
7698
7698
7700
7701
7705
7705
7708
7709
7709
7709
7710
7711
7711
7712
7713
7713
7713
7714
7715
7717
7718
7719
7721
7723
7725
7725
7725
7727
7727
7729
7730
7732
7733
7733
7733
7735
7736
7738
7739
7741
7741
7744
7745
7747
7747
7749
7751
7753
7755
7755
7756
7756
7756
7757
7757
7757
7758
7758
7759
7759
7760
7761
7762
7762
7763
7765
7765
7766
7767
7768
7768
7769
7769
7771
7773
7773
7778
7781
7785
7785
7785
7786
7788
7789
7791
7792
7792
7793
7793
7795
7796
7796
7797
7798
7799
7800
7801
7801
7802
7802
7804
7805
7808
7809
7813
7814
7814
7816
7817
7818
7819
7819
7819
7821
7821
7821
7821
7822
7825
7825
7826
7827
7829
7829
7830
7830
7831
7831
7833
7833
7833
7835
7837
7838
7839
7839
7840
7841
7842
7843
7843
7844
7846
7846
7847
7847
7849
7851
7852
7852
7852
7853
7856
7857
7857
7861
7861
7861
7861
7862
7863
7864
7865
7865
7868
7868
7868
7869
7869
7870
7875
7877
7880
7880
7883
7884
7884
7885
7885
7885
7886
7886
7886
7886
7887
7887
7890
7890
7890
7890
7890
7891
7892
7895
7897
7898
7898
7899
7899
7899
7899
7900
7901
7901
7902
7903
7904
7905
7907
7908
7910
7910
7911
7911
7912
7913
7915
7916
7917
7918
7918
7920
7920
7921
7921
7923
7925
7926
7926
7928
7928
7929
7930
7933
7934
7934
7934
7934
7934
7937
7939
7939
7943
7944
7945
7946
7947
7948
7948
7949
7950
7950
7951
7951
7953
7954
7954
7959
7960
7960
7961
7962
7963
7963
7966
7966
7969
7970
7970
7970
7973
7973
7974
7974
7976
7978
7978
7978
7978
7979
7979
7979
7979
7980
7980
7981
7984
7985
7985
7985
7986
7988
7989
7990
7993
7994
7994
7996
7996
7997
7999
7999
8001
8001
8003
8003
8004
8005
8009
8010
8013
8013
8014
8015
8016
8016
8017
8017
8018
8018
8019
8020
8020
8021
8021
8022
8022
8025
8025
8025
8025
8026
8026
8028
8032
8032
8034
8035
8037
8040
8040
8041
8043
8043
8044
8044
8045
8046
8047
8049
8050
8050
8051
8052
8053
8055
8055
8056
8057
8057
8058
8058
8058
8058
8060
8060
8063
8063
8064
8064
8065
8069
8070
8071
8071
8071
8073
8073
8073
8073
8074
8074
8077
8078
8078
8078
8079
8080
8081
8082
8082
8082
8082
8085
8085
8085
8085
8087
8090
8090
8091
8093
8093
8094
8094
8094
8096
8097
8097
8098
8100
8100
8101
8102
8103
8103
8103
8103
8107
8107
8107
8108
8108
8109
8110
8111
8112
8112
8112
8114
8115
8115
8117
8119
8120
8121
8121
8122
8123
8124
8125
8125
8127
8128
8129
8131
8131
8132
8133
8133
8133
8133
8134
8135
8135
8136
8136
8137
8139
8142
8142
8146
8148
8150
8150
8152
8154
8156
8158
8158
8159
8162
8165
8166
8168
8170
8170
8171
8171
8171
8173
8175
8176
8176
8177
8178
8179
8180
8180
8183
8184
8185
8185
8186
8187
8187
8189
8189
8190
8190
8192
8194
8194
8195
8195
8196
8197
8197
8197
8197
8197
8200
8201
8201
8203
8203
8207
8208
8208
8208
8210
8210
8211
8211
8214
8215
8217
8222
8223
8223
8224
8224
8225
8227
8228
8228
8228
8229
8230
8230
8232
8232
8233
8233
8235
8235
8236
8236
8237
8238
8239
8239
8240
8241
8241
8241
8241
8241
8242
8243
8243
8243
8244
8244
8244
8247
8247
8248
8248
8248
8249
8249
8251
8253
8254
8255
8258
8258
8259
8260
8262
8263
8264
8267
8267
8268
8268
8268
8271
8273
8274
8276
8276
8277
8279
8280
8280
8282
8282
8285
8289
8292
8294
8296
8297
8299
8299
8300
8300
8301
8301
8303
8304
8304
8307
8307
8307
8310
8315
8315
8316
8316
8317
8317
8318
8319
8322
8323
8326
8326
8327
8329
8330
8330
8332
8334
8335
8336
8337
8337
8338
8340
8340
8342
8343
8343
8345
8347
8349
8350
8351
8351
8352
8353
8353
8353
8354
8358
8360
8360
8360
8361
8362
8362
8363
8363
8368
8368
8372
8372
8373
8373
8373
8374
8375
8377
8377
8377
8377
8379
8379
8381
8382
8382
8384
8385
8390
8390
8391
8392
8392
8395
8396
8396
8397
8398
8399
8403
8403
8404
8404
8404
8404
8408
8411
8411
8413
8414
8414
8415
8415
8415
8416
8417
8417
8417
8418
8419
8419
8420
8421
8421
8424
8426
8429
8429
8430
8431
8432
8433
8434
8436
8436
8437
8437
8438
8443
8443
8445
8446
8446
8447
8448
8454
8454
8454
8456
8456
8457
8457
8458
8459
8459
8462
8464
8465
8465
8467
8467
8468
8468
8469
8469
8469
8469
8473
8474
8476
8478
8478
8480
8482
8483
8484
8484
8484
8485
8486
8487
8488
8488
8490
8491
8492
8492
8493
8493
8494
8495
8495
8497
8498
8500
8502
8504
8507
8509
8509
8511
8514
8514
8516
8516
8517
8517
8517
8519
8520
8520
8521
8521
8521
8522
8522
8525
8525
8525
8526
8526
8528
8532
8534
8534
8534
8536
8537
8537
8538
8540
8541
8541
8542
8543
8544
8544
8545
8545
8545
8545
8547
8548
8548
8550
8554
8555
8556
8556
8556
8558
8559
8562
8562
8563
8564
8565
8566
8567
8569
8570
8574
8575
8576
8576
8578
8580
8580
8582
8583
8585
8586
8587
8588
8589
8590
8590
8591
8591
8591
8593
8593
8593
8594
8595
8595
8596
8597
8597
8598
8599
8600
8600
8601
8601
8602
8603
8604
8604
8604
8605
8605
8606
8607
8607
8608
8608
8609
8609
8609
8610
8611
8611
8611
8611
8611
8612
8612
8613
8613
8614
8615
8615
8615
8616
8616
8617
8617
8618
8618
8618
8619
8619
8621
8621
8621
8623
8624
8625
8625
8627
8627
8628
8629
8630
8631
8634
8634
8636
8636
8636
8642
8643
8643
8645
8646
8646
8647
8648
8649
8650
8651
8651
8653
8656
8656
8658
8658
8658
8659
8661
8662
8662
8663
8663
8663
8663
8665
8666
8667
8667
8667
8667
8667
8668
8669
8671
8672
8672
8674
8674
8675
8675
8678
8679
8680
8681
8682
8682
8685
8685
8686
8687
8689
8690
8693
8694
8695
8695
8696
8696
8697
8697
8699
8702
8702
8703
8704
8705
8706
8707
8707
8707
8712
8714
8714
8715
8716
8716
8717
8718
8718
8721
8721
8722
8723
8724
8724
8725
8725
8726
8726
8727
8729
8730
8731
8732
8733
8734
8735
8736
8736
8738
8738
8738
8739
8741
8741
8742
8742
8744
8745
8746
8746
8747
8748
8750
8752
8752
8752
8753
8754
8755
8755
8756
8757
8757
8758
8759
8760
8763
8764
8766
8766
8766
8769
8770
8770
8770
8770
8772
8773
8774
8774
8775
8775
8777
8778
8778
8779
8780
8782
8782
8783
8784
8784
8785
8786
8786
8787
8788
8789
8790
8791
8792
8792
8793
8793
8794
8794
8797
8802
8804
8804
8805
8805
8807
8808
8810
8810
8811
8814
8817
8818
8818
8818
8818
8819
8820
8821
8822
8825
8825
8825
8826
8827
8827
8827
8830
8831
8832
8832
8832
8834
8834
8834
8835
8836
8837
8839
8840
8843
8847
8847
8849
8850
8851
8851
8853
8854
8855
8856
8856
8857
8857
8859
8859
8859
8863
8865
8868
8870
8872
8873
8873
8876
8876
8876
8877
8877
8878
8879
8879
8879
8879
8879
8881
8881
8881
8882
8884
8885
8886
8887
8888
8889
8890
8891
8893
8894
8897
8898
8899
8899
8899
8902
8902
8902
8903
8904
8906
8907
8909
8911
8914
8914
8914
8914
8915
8915
8916
8918
8918
8920
8923
8924
8925
8925
8926
8926
8928
8929
8930
8931
8932
8933
8933
8935
8935
8937
8937
8938
8939
8943
8944
8944
8945
8948
8948
8948
8950
8950
8951
8951
8952
8954
8954
8955
8961
8964
8966
8967
8967
8969
8969
8971
8972
8972
8973
8975
8975
8976
8977
8978
8979
8980
8981
8981
8984
8984
8985
8986
8986
8987
8988
8989
8991
8993
8993
8993
8994
8997
8998
8999
8999
9000
9001
9002
9003
9003
9004
9004
9008
9009
9009
9010
9010
9011
9011
9015
9015
9018
9019
9020
9021
9023
9024
9025
9026
9027
9027
9028
9028
9031
9031
9032
9032
9033
9033
9033
9033
9035
9036
9036
9037
9038
9042
9044
9044
9044
9045
9046
9048
9048
9050
9052
9052
9052
9052
9053
9054
9055
9056
9057
9058
9058
9058
9058
9060
9061
9064
9064
9065
9068
9068
9070
9071
9072
9075
9076
9076
9076
9078
9079
9081
9081
9081
9082
9084
9084
9086
9087
9087
9088
9090
9090
9092
9093
9093
9093
9093
9093
9094
9096
9098
9098
9101
9102
9102
9102
9103
9104
9106
9108
9108
9109
9110
9111
9112
9113
9114
9115
9116
9119
9120
9121
9121
9122
9123
9124
9124
9126
9127
9128
9128
9131
9131
9132
9133
9133
9136
9136
9137
9137
9138
9141
9141
9144
9145
9145
9145
9148
9149
9150
9150
9150
9151
9152
9153
9155
9157
9159
9160
9160
9164
9164
9164
9164
9166
9167
9167
9168
9168
9170
9171
9173
9176
9178
9179
9180
9181
9182
9184
9187
9187
9192
9194
9194
9196
9197
9197
9199
9200
9201
9202
9202
9204
9204
9206
9207
9207
9210
9211
9211
9212
9213
9213
9213
9214
9214
9216
9217
9219
9219
9219
9222
9222
9222
9225
9227
9227
9228
9230
9231
9234
9235
9236
9236
9240
9241
9241
9242
9242
9243
9244
9245
9246
9246
9248
9248
9249
9250
9250
9251
9251
9254
9254
9254
9255
9257
9257
9258
9258
9259
9259
9261
9263
9264
9264
9266
9267
9267
9268
9271
9274
9274
9274
9278
9278
9279
9280
9286
9286
9287
9287
9288
9288
9288
9288
9289
9292
9293
9294
9297
9297
9297
9298
9300
9301
9301
9302
9303
9304
9304
9304
9306
9309
9309
9310
9311
9313
9314
9315
9315
9316
9317
9317
9317
9319
9319
9320
9320
9320
9321
9324
9324
9324
9325
9327
9327
9327
9328
9328
9329
9330
9330
9331
9333
9333
9334
9336
9337
9338
9339
9339
9341
9341
9341
9343
9343
9343
9344
9346
9346
9346
9347
9349
9349
9350
9351
9351
9352
9356
9357
9357
9357
9359
9362
9363
9363
9363
9366
9366
9368
9372
9372
9373
9373
9373
9373
9378
9378
9378
9379
9380
9381
9381
9381
9383
9384
9385
9386
9386
9387
9388
9388
9388
9389
9394
9395
9395
9397
9398
9398
9399
9400
9400
9402
9402
9407
9407
9408
9408
9409
9409
9410
9410
9413
9414
9415
9416
9417
9417
9419
9419
9420
9421
9422
9423
9423
9424
9424
9425
9426
9426
9427
9427
9428
9429
9429
9429
9431
9434
9437
9437
9441
9441
9442
9443
9443
9444
9445
9445
9447
9448
9449
9452
9452
9452
9452
9452
9453
9455
9459
9459
9461
9461
9465
9465
9466
9467
9468
9468
9468
9469
9470
9472
9474
9475
9477
9477
9477
9479
9479
9481
9481
9481
9481
9483
9483
9483
9484
9484
9486
9487
9488
9491
9491
9491
9491
9492
9492
9492
9493
9493
9494
9494
9495
9495
9496
9496
9497
9498
9499
9501
9501
9502
9502
9503
9503
9504
9506
9506
9506
9507
9507
9507
9507
9508
9509
9512
9515
9516
9517
9519
9521
9522
9523
9524
9524
9524
9525
9525
9526
9527
9527
9527
9530
9531
9531
9531
9532
9533
9533
9534
9536
9536
9538
9540
9541
9542
9545
9545
9547
9547
9548
9548
9550
9551
9552
9554
9554
9557
9558
9558
9559
9559
9559
9562
9562
9565
9566
9567
9568
9569
9570
9570
9572
9573
9574
9574
9576
9576
9580
9580
9581
9584
9584
9585
9586
9590
9591
9593
9596
9596
9598
9599
9600
9600
9604
9604
9604
9605
9605
9607
9607
9607
9609
9609
9609
9610
9614
9614
9616
9621
9622
9625
9625
9625
9626
9626
9627
9627
9628
9629
9629
9630
9630
9632
9632
9632
9634
9634
9635
9635
9638
9638
9640
9644
9644
9644
9645
9646
9646
9646
9648
9648
9649
9649
9650
9650
9652
9652
9654
9657
9657
9658
9659
9660
9660
9661
9661
9662
9662
9662
9665
9665
9666
9666
9667
9667
9667
9670
9670
9672
9672
9673
9674
9674
9674
9679
9679
9680
9680
9681
9682
9683
9686
9686
9687
9687
9687
9687
9688
9689
9691
9691
9691
9691
9691
9692
9694
9694
9694
9695
9696
9700
9700
9702
9703
9705
9705
9705
9707
9709
9710
9710
9711
9715
9715
9716
9717
9719
9720
9721
9722
9722
9724
9724
9725
9726
9726
9727
9728
9729
9729
9730
9730
9730
9731
9731
9733
9735
9736
9737
9738
9741
9741
9743
9743
9743
9744
9744
9746
9746
9749
9750
9751
9752
9752
9753
9754
9756
9757
9757
9758
9759
9759
9763
9764
9764
9765
9765
9767
9768
9768
9769
9770
9771
9771
9771
9773
9775
9775
9779
9779
9781
9781
9781
9782
9784
9784
9789
9790
9790
9793
9796
9796
9798
9799
9799
9799
9800
9800
9801
9801
9801
9802
9802
9805
9806
9807
9807
9807
9808
9809
9810
9812
9815
9817
9818
9820
9820
9821
9823
9823
9823
9823
9825
9827
9828
9829
9832
9832
9833
9834
9837
9837
9838
9839
9839
9839
9839
9840
9842
9843
9844
9844
9845
9845
9845
9845
9845
9847
9848
9849
9851
9851
9851
9851
9853
9854
9854
9855
9855
9857
9857
9858
9859
9860
9860
9860
9860
9861
9862
9864
9866
9867
9867
9867
9872
9872
9873
9873
9874
9875
9876
9878
9881
9885
9885
9887
9887
9887
9887
9887
9890
9890
9891
9892
9892
9894
9896
9899
9900
9901
9903
9905
9906
9908
9908
9908
9909
9910
9910
9912
9913
9916
9919
9919
9920
9921
9922
9923
9923
9927
9929
9930
9930
9932
9934
9934
9935
9935
9937
9938
9938
9939
9939
9939
9941
9942
9944
9944
9945
9945
9945
9946
9946
9947
9948
9949
9951
9951
9952
9953
9953
9955
9960
9964
9964
9964
9965
9967
9967
9967
9967
9968
9969
9969
9970
9972
9974
9976
9976
9976
9976
9978
9981
9982
9982
9982
9983
9985
9989
9989
9989
9990
9991
9992
9995
9996
9998
9998
9998
