0
2
3
3
7
7
9
9
10
11
12
12
13
14
15
16
16
17
19
19
20
20
21
22
26
27
28
29
29
30
30
30
32
33
33
34
35
36
38
39
41
41
46
46
46
47
47
47
48
49
49
49
50
51
51
51
53
54
56
58
59
59
60
63
65
66
66
71
72
72
72
73
73
73
73
76
81
81
83
85
87
87
88
90
90
92
92
92
93
93
94
94
95
95
96
96
96
97
98
98
99
104
105
106
106
107
108
108
109
110
110
110
111
111
112
113
113
114
115
115
116
116
116
117
117
118
119
119
120
120
120
120
120
121
122
122
123
124
127
128
128
129
129
131
132
132
133
137
137
138
138
140
140
140
142
142
142
142
142
142
144
144
145
145
146
149
152
152
153
154
154
155
155
155
156
156
156
158
161
161
161
161
162
163
166
168
168
169
169
170
172
172
172
172
173
175
175
175
176
178
179
181
183
185
185
185
185
188
189
189
192
192
192
195
195
196
196
196
197
198
199
200
200
200
201
202
205
210
210
211
213
214
217
217
217
219
221
221
222
222
223
226
227
228
228
229
230
232
234
234
235
235
235
236
237
237
237
239
240
241
244
246
247
251
251
256
257
258
263
263
265
266
268
268
273
275
276
278
279
281
285
286
287
289
291
294
296
296
302
303
305
305
307
307
310
311
311
311
313
313
315
316
316
317
317
317
318
318
320
320
321
321
321
322
322
323
324
325
326
327
327
331
332
333
333
333
334
334
335
335
335
335
336
337
338
339
339
340
340
341
343
345
346
347
347
348
349
349
350
351
353
354
354
354
354
355
356
356
356
357
357
358
361
362
362
362
364
366
366
367
367
369
369
370
371
371
371
372
372
372
373
373
374
375
375
376
376
376
376
376
377
378
380
381
382
382
383
384
384
384
385
386
387
387
388
388
389
394
395
397
398
398
400
402
402
403
403
405
405
406
407
408
409
410
410
411
413
413
416
416
417
417
418
418
420
421
426
426
426
427
428
430
430
430
439
440
443
445
446
446
447
452
453
454
455
457
457
458
458
458
459
460
460
462
466
468
468
468
469
471
471
473
473
474
474
475
475
476
476
477
479
480
481
481
482
485
486
487
488
491
492
493
493
493
494
495
496
497
498
499
500
501
502
502
503
505
506
506
507
508
511
512
514
515
517
517
518
518
521
522
523
524
527
527
527
527
527
529
531
532
534
535
535
536
537
538
540
540
541
541
542
542
543
543
544
546
546
546
546
547
547
548
549
552
552
552
554
555
555
555
555
556
557
559
561
563
563
566
567
567
568
571
572
572
572
573
573
573
575
575
576
576
577
577
579
579
581
584
585
585
585
585
587
588
588
590
591
593
593
597
598
598
601
601
602
602
602
603
604
605
605
606
606
606
607
608
608
611
613
613
615
617
618
619
621
626
626
627
628
629
630
634
634
635
636
637
638
638
638
639
639
641
642
644
645
646
648
648
648
649
649
649
650
651
654
654
657
658
658
658
659
659
659
663
664
664
665
665
665
666
668
669
670
671
672
673
673
673
673
674
674
674
675
675
675
677
677
677
680
681
681
685
686
686
686
690
691
691
692
693
693
694
696
696
698
699
700
702
702
702
702
702
703
703
705
705
705
706
706
708
708
708
709
712
714
716
717
719
719
719
720
720
721
722
724
725
726
726
727
728
729
729
731
731
732
733
734
735
736
736
736
737
737
738
739
740
740
740
741
742
743
744
744
746
746
746
749
750
752
755
755
756
756
757
757
759
763
763
763
764
767
768
769
769
769
770
773
774
775
775
777
777
779
780
781
782
783
785
785
785
790
792
792
793
794
795
796
797
799
799
800
800
801
802
803
805
805
806
806
806
808
811
814
816
819
819
820
820
820
820
821
821
822
825
825
827
827
830
830
832
833
834
836
836
836
837
837
837
838
841
841
841
841
841
844
844
845
845
846
847
848
849
849
851
852
853
853
854
854
855
855
855
861
861
862
862
862
868
868
870
870
870
871
872
873
873
874
875
876
877
877
877
877
877
878
880
881
883
884
885
886
886
887
888
890
890
892
893
893
896
896
896
897
901
901
903
903
904
904
905
906
907
907
907
907
910
911
913
913
917
918
920
921
922
923
923
923
926
926
927
927
927
927
928
929
933
935
936
937
937
937
939
941
942
942
943
943
943
944
945
945
946
948
949
952
953
954
955
957
958
959
959
960
961
961
962
963
966
967
968
968
971
971
972
972
973
975
975
978
978
978
981
982
982
983
984
985
985
986
986
988
988
989
989
990
991
994
994
995
995
995
999
999
1001
1001
1004
1007
1007
1007
1007
1011
1012
1012
1012
1012
1013
1014
1014
1016
1018
1020
1021
1021
1022
1023
1023
1023
1025
1025
1026
1027
1028
1028
1030
1031
1032
1032
1032
1033
1035
1036
1038
1038
1039
1039
1040
1040
1041
1042
1042
1043
1046
1048
1051
1051
1055
1055
1057
1058
1058
1059
1060
1060
1060
1060
1061
1061
1062
1063
1064
1064
1065
1066
1066
1068
1069
1070
1070
1074
1074
1075
1075
1075
1075
1076
1077
1079
1080
1080
1082
1084
1084
1086
1086
1089
1090
1091
1092
1094
1095
1096
1097
1098
1098
1099
1099
1099
1100
1100
1102
1105
1106
1106
1106
1107
1108
1109
1110
1110
1111
1111
1112
1112
1113
1114
1114
1118
1118
1118
1119
1119
1119
1121
1121
1122
1123
1123
1125
1127
1127
1128
1128
1129
1131
1131
1132
1132
1135
1135
1135
1136
1136
1138
1139
1140
1140
1144
1144
1149
1150
1150
1151
1152
1153
1153
1154
1156
1157
1158
1158
1158
1159
1160
1162
1163
1163
1163
1164
1169
1169
1171
1171
1171
1171
1173
1174
1174
1175
1175
1176
1176
1176
1176
1176
1177
1178
1178
1180
1181
1181
1182
1183
1183
1184
1184
1186
1186
1187
1189
1189
1192
1195
1195
1196
1199
1199
1201
1202
1202
1203
1203
1203
1203
1205
1205
1205
1207
1208
1209
1210
1211
1212
1212
1213
1214
1215
1215
1217
1217
1219
1219
1219
1220
1221
1221
1222
1222
1227
1227
1229
1230
1234
1234
1235
1237
1238
1240
1243
1244
1248
1249
1249
1250
1250
1253
1257
1258
1258
1260
1261
1261
1263
1264
1264
1266
1266
1268
1268
1268
1269
1272
1273
1273
1273
1273
1275
1275
1275
1276
1276
1276
1277
1278
1279
1280
1282
1282
1282
1282
1283
1285
1286
1286
1286
1288
1289
1290
1293
1293
1294
1294
1295
1297
1298
1299
1301
1301
1302
1302
1303
1303
1303
1304
1305
1305
1306
1308
1308
1309
1310
1310
1310
1311
1312
1312
1312
1314
1314
1315
1316
1317
1317
1318
1319
1319
1319
1321
1322
1323
1324
1327
1329
1329
1329
1330
1331
1331
1332
1332
1334
1334
1334
1334
1335
1337
1337
1340
1341
1344
1344
1344
1345
1345
1346
1346
1348
1351
1351
1351
1352
1352
1354
1354
1356
1356
1357
1357
1358
1359
1359
1360
1360
1361
1361
1361
1363
1364
1366
1366
1368
1369
1370
1372
1372
1373
1377
1377
1378
1378
1379
1380
1382
1382
1383
1385
1385
1386
1386
1387
1388
1388
1389
1390
1390
1390
1392
1392
1395
1396
1399
1401
1402
1403
1405
1406
1407
1407
1408
1409
1410
1411
1412
1413
1413
1416
1416
1416
1418
1418
1423
1423
1427
1429
1431
1432
1433
1433
1434
1435
1435
1435
1436
1437
1438
1438
1438
1441
1441
1442
1443
1448
1449
1450
1450
1451
1451
1452
1453
1453
1454
1455
1456
1456
1457
1458
1461
1461
1462
1462
1462
1462
1463
1463
1464
1465
1466
1466
1471
1472
1472
1473
1474
1474
1475
1475
1475
1476
1477
1479
1480
1480
1481
1483
1491
1491
1492
1492
1492
1493
1493
1496
1496
1496
1498
1498
1498
1498
1499
1500
1502
1503
1504
1505
1505
1507
1507
1508
1509
1511
1512
1512
1514
1515
1515
1516
1519
1520
1520
1522
1522
1523
1524
1524
1524
1524
1525
1525
1525
1527
1529
1530
1530
1534
1536
1536
1538
1538
1539
1540
1542
1544
1546
1547
1548
1548
1548
1549
1550
1551
1552
1552
1556
1557
1558
1562
1564
1565
1568
1568
1568
1568
1568
1569
1569
1570
1570
1571
1571
1572
1573
1574
1577
1578
1578
1578
1582
1582
1583
1584
1584
1585
1586
1587
1588
1588
1589
1592
1592
1594
1595
1595
1596
1596
1599
1599
1602
1603
1603
1603
1604
1604
1605
1606
1607
1607
1608
1608
1608
1611
1611
1611
1611
1612
1613
1619
1621
1621
1623
1623
1623
1623
1623
1625
1626
1627
1627
1629
1630
1630
1633
1633
1635
1636
1636
1639
1640
1640
1641
1642
1642
1643
1644
1647
1647
1649
1650
1653
1655
1655
1656
1658
1658
1659
1660
1663
1663
1664
1665
1665
1665
1667
1668
1670
1670
1670
1671
1677
1678
1680
1681
1681
1683
1684
1686
1687
1689
1690
1690
1690
1691
1692
1693
1698
1698
1700
1700
1701
1702
1704
1704
1705
1707
1708
1708
1708
1710
1710
1710
1711
1711
1713
1713
1714
1714
1715
1716
1718
1719
1720
1722
1722
1723
1723
1724
1724
1725
1725
1727
1728
1729
1730
1731
1731
1736
1737
1738
1740
1741
1742
1743
1744
1745
1745
1749
1749
1752
1752
1753
1754
1755
1755
1756
1757
1757
1758
1759
1759
1759
1760
1761
1762
1763
1763
1765
1765
1766
1767
1767
1769
1770
1771
1773
1774
1775
1777
1778
1782
1785
1786
1787
1787
1788
1790
1792
1794
1795
1795
1795
1796
1798
1799
1799
1800
1800
1801
1802
1803
1804
1804
1805
1805
1808
1810
1811
1812
1815
1817
1817
1821
1821
1823
1823
1824
1824
1826
1826
1827
1827
1828
1829
1829
1829
1829
1830
1830
1830
1833
1834
1834
1834
1835
1835
1835
1835
1836
1838
1839
1840
1840
1840
1840
1841
1842
1842
1843
1846
1847
1847
1848
1852
1853
1853
1853
1854
1854
1855
1856
1859
1859
1861
1863
1863
1863
1865
1865
1865
1865
1871
1871
1872
1873
1874
1874
1874
1874
1875
1877
1877
1877
1877
1880
1883
1883
1884
1886
1886
1889
1890
1890
1891
1892
1894
1894
1897
1897
1899
1900
1904
1907
1907
1909
1911
1913
1914
1916
1916
1918
1920
1920
1921
1922
1922
1926
1926
1928
1929
1929
1933
1933
1934
1935
1935
1937
1937
1938
1939
1939
1939
1941
1941
1941
1942
1943
1945
1945
1947
1947
1948
1952
1952
1952
1953
1956
1957
1958
1958
1958
1959
1961
1963
1964
1964
1964
1967
1971
1972
1972
1973
1973
1976
1987
1988
1989
1989
1990
1991
1993
1993
1994
1994
1994
1998
1998
1999
2000
2001
2001
2004
2005
2005
2005
2007
2008
2008
2008
2008
2009
2009
2009
2010
2012
2012
2013
2014
2015
2015
2019
2020
2021
2023
2024
2024
2024
2025
2025
2027
2028
2029
2030
2031
2038
2038
2040
2040
2040
2041
2043
2043
2044
2045
2047
2049
2050
2053
2054
2056
2056
2058
2059
2059
2060
2060
2060
2061
2061
2061
2063
2063
2064
2064
2065
2065
2067
2069
2070
2070
2071
2072
2072
2076
2078
2078
2079
2081
2085
2089
2089
2090
2095
2097
2097
2097
2097
2099
2099
2100
2101
2102
2105
2106
2106
2106
2106
2107
2108
2109
2109
2110
2111
2112
2113
2113
2115
2115
2116
2116
2117
2117
2118
2118
2119
2119
2122
2122
2123
2125
2125
2126
2126
2128
2130
2130
2134
2134
2134
2134
2136
2136
2136
2136
2137
2137
2140
2140
2141
2141
2142
2144
2144
2145
2147
2147
2148
2148
2149
2149
2151
2152
2155
2158
2159
2162
2162
2165
2165
2166
2167
2167
2169
2171
2171
2173
2174
2174
2175
2176
2179
2180
2180
2181
2182
2182
2183
2184
2185
2186
2186
2189
2194
2196
2197
2197
2197
2197
2201
2201
2202
2203
2204
2204
2204
2205
2206
2207
2207
2208
2209
2210
2213
2213
2214
2215
2216
2218
2218
2220
2222
2222
2224
2224
2224
2225
2225
2225
2225
2227
2228
2228
2229
2230
2231
2231
2232
2234
2234
2235
2237
2238
2238
2242
2243
2244
2244
2245
2245
2246
2246
2248
2250
2250
2250
2251
2254
2254
2256
2259
2260
2261
2261
2263
2263
2264
2264
2265
2265
2267
2269
2271
2272
2274
2274
2274
2274
2276
2278
2280
2283
2283
2284
2284
2285
2285
2285
2286
2286
2287
2289
2290
2290
2290
2291
2292
2292
2294
2297
2297
2297
2298
2299
2303
2303
2303
2304
2305
2308
2309
2309
2310
2310
2312
2313
2313
2313
2314
2315
2317
2318
2323
2325
2325
2325
2326
2326
2326
2328
2329
2331
2331
2332
2337
2337
2337
2338
2339
2344
2344
2345
2345
2346
2347
2348
2349
2350
2351
2352
2353
2353
2353
2355
2355
2355
2356
2356
2356
2356
2356
2357
2358
2360
2360
2361
2362
2362
2363
2364
2364
2364
2366
2367
2367
2368
2368
2368
2369
2369
2369
2370
2373
2375
2376
2377
2377
2377
2378
2379
2380
2380
2382
2383
2385
2385
2386
2386
2389
2391
2392
2392
2392
2393
2396
2398
2398
2400
2401
2402
2402
2403
2403
2404
2405
2405
2406
2406
2406
2406
2407
2408
2408
2410
2411
2411
2412
2415
2415
2416
2419
2421
2421
2423
2426
2426
2427
2429
2430
2434
2434
2435
2435
2436
2437
2438
2439
2439
2440
2441
2441
2441
2441
2442
2443
2446
2446
2447
2448
2448
2449
2449
2450
2450
2450
2451
2452
2453
2454
2455
2455
2455
2456
2458
2461
2462
2462
2464
2464
2464
2466
2468
2469
2471
2471
2471
2472
2473
2475
2476
2477
2477
2477
2478
2478
2478
2479
2480
2481
2481
2483
2484
2484
2486
2487
2488
2488
2492
2493
2493
2494
2494
2497
2498
2501
2505
2505
2507
2508
2508
2511
2511
2511
2514
2515
2515
2516
2517
2517
2518
2519
2520
2525
2526
2528
2533
2534
2535
2538
2542
2544
2544
2544
2544
2545
2546
2547
2548
2548
2549
2549
2549
2549
2550
2550
2551
2551
2552
2554
2554
2554
2555
2555
2556
2558
2561
2561
2562
2562
2565
2565
2568
2569
2572
2575
2576
2576
2577
2580
2582
2582
2584
2584
2587
2588
2589
2590
2592
2595
2595
2595
2595
2596
2597
2597
2597
2598
2601
2605
2605
2605
2609
2609
2611
2612
2612
2613
2613
2614
2615
2616
2617
2618
2619
2620
2621
2622
2622
2623
2623
2623
2623
2624
2625
2625
2626
2627
2627
2628
2628
2628
2630
2631
2631
2633
2633
2634
2634
2636
2639
2639
2640
2642
2642
2643
2644
2645
2645
2646
2647
2648
2651
2651
2652
2653
2653
2653
2654
2654
2654
2654
2655
2655
2656
2659
2659
2661
2665
2669
2671
2671
2672
2672
2673
2675
2676
2677
2681
2682
2684
2685
2686
2688
2689
2689
2691
2691
2692
2694
2694
2695
2696
2697
2698
2699
2699
2700
2703
2705
2705
2706
2707
2708
2709
2709
2710
2711
2714
2714
2715
2716
2718
2719
2720
2720
2720
2721
2721
2721
2721
2721
2722
2722
2722
2723
2724
2724
2724
2725
2725
2725
2728
2728
2729
2729
2730
2731
2731
2731
2732
2732
2734
2735
2736
2737
2738
2739
2740
2740
2741
2742
2742
2745
2746
2746
2748
2748
2749
2750
2750
2750
2752
2753
2753
2753
2753
2754
2755
2756
2756
2757
2757
2759
2761
2762
2767
2767
2767
2769
2770
2771
2771
2772
2772
2773
2774
2776
2776
2776
2777
2778
2780
2782
2782
2782
2783
2783
2783
2783
2785
2786
2786
2787
2787
2790
2792
2793
2794
2796
2796
2796
2797
2798
2799
2799
2803
2804
2804
2807
2807
2809
2810
2812
2812
2813
2815
2815
2816
2817
2819
2819
2819
2819
2820
2821
2823
2824
2824
2825
2826
2826
2826
2832
2833
2834
2834
2835
2835
2838
2838
2838
2838
2839
2840
2843
2845
2847
2849
2850
2851
2851
2851
2851
2852
2852
2853
2854
2854
2855
2855
2855
2856
2858
2858
2860
2861
2862
2862
2867
2867
2868
2868
2871
2871
2871
2873
2874
2874
2874
2875
2875
2878
2878
2880
2880
2881
2882
2885
2885
2887
2888
2888
2888
2889
2890
2890
2891
2894
2896
2896
2897
2899
2903
2903
2904
2905
2905
2907
2908
2910
2910
2911
2912
2913
2914
2915
2917
2917
2920
2920
2921
2923
2923
2924
2925
2927
2929
2930
2931
2932
2933
2933
2935
2935
2936
2938
2939
2941
2941
2942
2943
2944
2944
2947
2947
2947
2948
2954
2954
2957
2957
2957
2957
2961
2963
2964
2965
2965
2965
2965
2965
2970
2970
2971
2971
2971
2972
2973
2973
2974
2974
2974
2974
2976
2979
2980
2980
2981
2981
2982
2983
2983
2985
2985
2986
2986
2987
2988
2990
2991
2991
2992
2994
2994
2995
2997
2997
2997
2998
2998
2998
2999
3000
3002
3002
3004
3004
3007
3008
3009
3009
3009
3009
3009
3010
3011
3011
3012
3016
3016
3016
3017
3018
3018
3020
3020
3021
3022
3022
3022
3023
3023
3025
3026
3026
3027
3027
3027
3029
3029
3030
3031
3031
3031
3032
3032
3034
3034
3034
3036
3037
3037
3037
3039
3041
3043
3044
3044
3044
3045
3045
3046
3046
3047
3052
3053
3055
3058
3059
3062
3062
3063
3063
3065
3066
3067
3069
3069
3071
3074
3077
3077
3078
3078
3079
3079
3081
3082
3083
3087
3088
3088
3089
3091
3093
3095
3095
3097
3097
3098
3099
3100
3100
3101
3104
3105
3107
3108
3113
3113
3115
3115
3117
3117
3118
3123
3124
3124
3127
3127
3127
3128
3129
3130
3130
3130
3131
3132
3132
3133
3133
3135
3135
3139
3140
3140
3142
3142
3143
3143
3146
3146
3148
3149
3151
3152
3152
3154
3157
3159
3159
3160
3160
3160
3161
3162
3162
3166
3169
3170
3170
3171
3172
3172
3173
3173
3176
3176
3178
3179
3179
3179
3181
3182
3182
3185
3185
3186
3186
3189
3189
3190
3190
3192
3193
3195
3197
3197
3198
3198
3202
3204
3205
3205
3207
3207
3209
3210
3213
3213
3214
3217
3218
3220
3220
3220
3221
3221
3222
3225
3226
3226
3226
3227
3229
3231
3231
3232
3233
3234
3234
3235
3236
3236
3237
3238
3238
3238
3239
3243
3246
3247
3248
3248
3251
3253
3253
3254
3257
3261
3262
3263
3263
3264
3266
3266
3267
3268
3269
3271
3272
3272
3272
3274
3274
3275
3275
3275
3276
3277
3277
3278
3279
3280
3282
3283
3283
3284
3291
3294
3294
3296
3297
3297
3300
3300
3302
3302
3302
3302
3303
3305
3305
3307
3307
3307
3308
3310
3312
3313
3315
3315
3315
3316
3317
3317
3317
3318
3319
3319
3320
3320
3321
3321
3321
3323
3324
3324
3326
3326
3326
3329
3329
3330
3331
3331
3332
3334
3335
3335
3335
3337
3337
3339
3339
3343
3344
3345
3345
3345
3347
3347
3348
3348
3350
3351
3352
3355
3355
3355
3358
3360
3361
3362
3363
3363
3363
3365
3366
3367
3367
3367
3367
3367
3367
3367
3370
3370
3371
3371
3372
3372
3373
3373
3373
3374
3375
3376
3376
3376
3378
3379
3381
3384
3384
3384
3386
3386
3388
3388
3388
3389
3389
3391
3392
3392
3395
3396
3396
3398
3398
3398
3399
3401
3402
3403
3405
3406
3406
3407
3408
3408
3408
3408
3409
3410
3412
3413
3413
3414
3417
3419
3422
3424
3425
3428
3428
3430
3432
3432
3432
3433
3434
3435
3436
3437
3438
3440
3441
3441
3441
3442
3443
3443
3445
3445
3447
3451
3451
3451
3453
3455
3456
3457
3458
3458
3459
3459
3461
3462
3467
3467
3467
3470
3471
3471
3473
3473
3473
3474
3475
3475
3476
3478
3478
3480
3484
3485
3486
3486
3486
3489
3490
3490
3492
3493
3495
3495
3496
3497
3497
3498
3502
3503
3506
3508
3509
3511
3513
3513
3513
3514
3516
3518
3518
3518
3519
3519
3519
3524
3525
3526
3526
3527
3529
3530
3531
3531
3531
3532
3533
3534
3534
3536
3538
3539
3541
3542
3542
3542
3544
3544
3546
3546
3546
3546
3547
3547
3547
3548
3550
3553
3553
3554
3554
3555
3555
3555
3559
3562
3564
3565
3566
3567
3567
3567
3567
3567
3568
3570
3573
3573
3573
3574
3574
3575
3577
3578
3578
3579
3580
3581
3582
3582
3583
3583
3584
3584
3584
3586
3586
3587
3589
3592
3592
3595
3595
3595
3596
3598
3602
3602
3604
3605
3605
3605
3606
3606
3606
3607
3608
3609
3610
3613
3613
3614
3614
3615
3616
3617
3617
3618
3621
3622
3622
3623
3625
3625
3626
3626
3626
3628
3628
3629
3630
3631
3632
3632
3633
3634
3634
3635
3637
3638
3638
3639
3639
3639
3640
3643
3643
3643
3647
3649
3650
3650
3651
3652
3652
3653
3655
3656
3656
3658
3658
3659
3659
3659
3661
3662
3662
3667
3669
3670
3672
3672
3672
3673
3674
3677
3679
3680
3681
3685
3685
3685
3685
3685
3686
3688
3688
3688
3689
3690
3690
3690
3691
3692
3692
3693
3697
3698
3698
3698
3699
3700
3701
3701
3702
3703
3703
3705
3705
3705
3705
3709
3709
3710
3710
3711
3711
3711
3711
3712
3717
3719
3720
3722
3725
3726
3727
3729
3729
3730
3731
3731
3731
3733
3734
3736
3736
3737
3738
3738
3739
3740
3742
3744
3744
3744
3752
3753
3755
3755
3756
3758
3758
3758
3758
3758
3759
3761
3761
3761
3762
3763
3763
3764
3764
3765
3765
3768
3768
3770
3770
3774
3775
3776
3777
3781
3783
3783
3784
3784
3784
3786
3788
3788
3788
3789
3789
3789
3790
3794
3795
3796
3796
3797
3797
3799
3800
3800
3801
3803
3803
3806
3809
3809
3809
3809
3810
3810
3811
3812
3814
3815
3815
3815
3815
3817
3817
3817
3817
3817
3819
3819
3819
3820
3823
3823
3823
3825
3825
3826
3826
3827
3827
3828
3828
3828
3829
3829
3830
3830
3831
3833
3833
3834
3834
3836
3836
3839
3839
3839
3841
3842
3845
3847
3847
3850
3850
3851
3852
3853
3853
3854
3857
3859
3859
3860
3860
3861
3862
3862
3862
3863
3863
3864
3865
3865
3867
3867
3868
3868
3869
3871
3872
3873
3873
3875
3876
3876
3877
3877
3878
3878
3878
3879
3880
3880
3881
3882
3882
3883
3883
3884
3886
3886
3886
3890
3894
3895
3896
3898
3898
3900
3902
3902
3903
3903
3904
3904
3904
3905
3906
3906
3907
3907
3911
3912
3912
3913
3915
3916
3917
3917
3917
3918
3919
3922
3922
3923
3923
3923
3923
3923
3924
3925
3928
3929
3931
3933
3935
3936
3937
3938
3941
3941
3941
3942
3942
3942
3943
3944
3944
3945
3947
3950
3950
3950
3950
3950
3950
3951
3952
3952
3953
3953
3954
3954
3954
3956
3956
3957
3958
3958
3961
3962
3964
3964
3965
3965
3967
3971
3971
3971
3972
3974
3975
3976
3978
3978
3980
3980
3980
3980
3981
3983
3986
3986
3987
3987
3987
3987
3987
3988
3992
3997
3997
3997
3998
3999
3999
3999
3999
4001
4001
4002
4003
4003
4004
4004
4004
4004
4007
4007
4008
4009
4009
4009
4013
4014
4014
4017
4018
4019
4023
4023
4024
4024
4025
4025
4025
4025
4026
4028
4030
4031
4034
4035
4036
4036
4041
4041
4042
4043
4044
4045
4048
4048
4049
4050
4050
4051
4052
4052
4053
4053
4054
4055
4055
4057
4057
4057
4058
4058
4059
4060
4061
4062
4064
4065
4068
4069
4072
4072
4074
4074
4074
4076
4076
4080
4081
4081
4082
4083
4084
4084
4084
4085
4085
4085
4087
4088
4088
4089
4089
4090
4090
4091
4092
4094
4094
4096
4096
4097
4097
4098
4100
4101
4103
4103
4103
4106
4107
4107
4108
4108
4108
4109
4112
4113
4114
4118
4119
4121
4121
4123
4126
4128
4128
4129
4133
4134
4135
4136
4136
4139
4139
4145
4146
4146
4146
4146
4149
4149
4151
4153
4153
4154
4156
4156
4156
4156
4159
4160
4160
4161
4162
4163
4164
4166
4166
4167
4167
4168
4168
4169
4170
4170
4170
4172
4172
4173
4174
4174
4176
4177
4177
4179
4181
4181
4182
4183
4184
4185
4186
4186
4187
4187
4188
4189
4190
4191
4192
4192
4193
4196
4200
4202
4204
4204
4206
4207
4207
4210
4210
4212
4213
4213
4214
4216
4216
4217
4218
4218
4221
4221
4223
4225
4227
4227
4227
4228
4229
4229
4231
4231
4232
4232
4233
4237
4238
4239
4241
4242
4243
4244
4246
4247
4249
4249
4249
4250
4250
4252
4254
4254
4254
4255
4255
4256
4256
4257
4258
4259
4259
4261
4261
4263
4264
4265
4267
4268
4271
4272
4272
4273
4273
4278
4279
4279
4280
4280
4280
4281
4282
4284
4285
4286
4286
4288
4289
4289
4291
4292
4293
4293
4295
4295
4296
4297
4298
4301
4302
4303
4303
4304
4306
4307
4311
4311
4311
4313
4317
4317
4319
4321
4322
4323
4324
4325
4325
4328
4330
4330
4333
4334
4335
4336
4336
4337
4337
4339
4340
4341
4341
4342
4343
4344
4345
4346
4346
4348
4348
4349
4352
4352
4352
4357
4358
4359
4359
4360
4363
4364
4364
4365
4365
4368
4368
4370
4370
4373
4373
4373
4374
4374
4374
4375
4375
4376
4376
4377
4377
4378
4378
4380
4380
4381
4381
4383
4384
4384
4386
4387
4387
4388
4389
4392
4393
4393
4395
4396
4397
4397
4397
4398
4398
4401
4401
4403
4405
4408
4408
4408
4409
4410
4410
4410
4410
4411
4411
4411
4412
4414
4415
4415
4417
4417
4419
4419
4420
4420
4424
4427
4429
4430
4431
4431
4432
4433
4434
4436
4437
4439
4440
4440
4443
4444
4450
4450
4451
4452
4452
4452
4452
4454
4454
4455
4455
4455
4455
4456
4456
4457
4457
4457
4460
4462
4465
4467
4468
4468
4470
4470
4471
4474
4474
4476
4479
4479
4479
4482
4482
4485
4486
4488
4491
4491
4491
4492
4493
4494
4495
4495
4499
4499
4499
4500
4500
4502
4504
4505
4505
4506
4507
4510
4512
4513
4515
4516
4516
4518
4519
4519
4519
4521
4523
4524
4524
4525
4526
4527
4528
4528
4531
4532
4532
4533
4534
4536
4536
4537
4541
4541
4542
4543
4544
4547
4549
4551
4554
4554
4555
4555
4556
4557
4558
4558
4560
4560
4562
4563
4564
4564
4567
4568
4569
4570
4571
4573
4574
4574
4575
4576
4577
4577
4578
4579
4579
4579
4581
4581
4586
4586
4587
4588
4589
4589
4591
4594
4594
4594
4596
4596
4598
4598
4598
4599
4603
4604
4604
4605
4608
4609
4609
4611
4611
4612
4612
4612
4619
4619
4619
4620
4622
4622
4622
4622
4623
4623
4625
4629
4629
4630
4630
4631
4632
4632
4632
4633
4634
4635
4635
4635
4635
4637
4637
4637
4640
4640
4641
4643
4645
4646
4648
4649
4651
4651
4652
4653
4657
4658
4661
4661
4663
4663
4663
4664
4668
4669
4670
4672
4672
4678
4678
4682
4687
4687
4687
4690
4691
4692
4692
4693
4693
4694
4695
4695
4696
4697
4697
4697
4697
4698
4699
4699
4700
4700
4703
4704
4705
4706
4707
4710
4711
4712
4714
4714
4715
4715
4716
4716
4717
4718
4719
4719
4721
4721
4724
4725
4727
4729
4731
4731
4732
4732
4733
4736
4736
4736
4738
4741
4741
4742
4745
4745
4746
4747
4750
4750
4750
4751
4754
4755
4756
4757
4758
4759
4759
4760
4760
4762
4762
4763
4764
4764
4765
4766
4766
4766
4768
4768
4769
4769
4770
4771
4771
4772
4773
4773
4774
4775
4775
4778
4779
4780
4780
4780
4780
4780
4781
4782
4783
4783
4785
4785
4787
4787
4787
4788
4790
4791
4792
4793
4794
4794
4794
4797
4798
4798
4800
4800
4800
4801
4801
4802
4802
4803
4803
4803
4804
4806
4806
4807
4807
4807
4808
4808
4811
4811
4812
4813
4815
4818
4819
4820
4822
4823
4823
4823
4824
4824
4828
4829
4830
4830
4831
4831
4835
4836
4837
4837
4839
4843
4843
4844
4845
4846
4846
4849
4851
4853
4854
4854
4855
4855
4860
4864
4865
4865
4866
4868
4868
4868
4869
4869
4871
4871
4872
4874
4876
4876
4877
4878
4878
4879
4880
4882
4885
4886
4886
4887
4889
4891
4892
4892
4893
4893
4893
4893
4894
4894
4895
4897
4898
4899
4900
4900
4901
4903
4905
4905
4906
4906
4907
4907
4908
4909
4910
4910
4911
4913
4915
4916
4917
4918
4918
4920
4922
4922
4924
4925
4926
4927
4932
4935
4935
4936
4937
4938
4940
4941
4942
4942
4943
4943
4944
4944
4944
4944
4945
4946
4947
4948
4948
4949
4951
4952
4952
4953
4954
4954
4958
4960
4961
4962
4963
4963
4964
4966
4967
4967
4968
4969
4973
4973
4974
4976
4976
4977
4977
4978
4980
4980
4981
4982
4983
4984
4985
4985
4986
4988
4988
4988
4989
4989
4990
4990
4991
4991
4992
4992
4992
4993
4993
4998
4998
4999
5000
5000
5000
5001
5002
5003
5004
5005
5005
5006
5007
5007
5008
5010
5012
5015
5015
5019
5019
5020
5020
5022
5024
5024
5025
5025
5025
5027
5027
5028
5029
5030
5031
5031
5031
5031
5032
5033
5036
5038
5039
5039
5040
5041
5042
5044
5044
5044
5045
5045
5046
5049
5050
5050
5051
5052
5053
5054
5054
5055
5056
5056
5057
5058
5058
5059
5061
5061
5061
5062
5063
5064
5065
5066
5070
5070
5070
5071
5073
5073
5073
5077
5077
5078
5081
5082
5083
5084
5085
5086
5086
5086
5088
5089
5094
5096
5097
5097
5098
5098
5098
5099
5099
5100
5100
5101
5101
5102
5105
5105
5106
5108
5108
5109
5112
5112
5112
5112
5113
5118
5124
5124
5124
5127
5129
5130
5132
5133
5134
5134
5135
5135
5135
5136
5136
5138
5139
5139
5140
5141
5141
5142
5143
5144
5145
5147
5147
5148
5148
5148
5149
5151
5152
5152
5153
5153
5154
5155
5156
5156
5156
5156
5156
5157
5159
5159
5160
5160
5162
5163
5164
5164
5164
5165
5165
5168
5168
5169
5169
5169
5170
5172
5173
5173
5175
5180
5181
5182
5183
5185
5185
5186
5186
5187
5188
5188
5189
5190
5191
5192
5193
5194
5194
5198
5198
5199
5201
5202
5204
5205
5206
5206
5206
5207
5207
5208
5208
5208
5210
5211
5211
5211
5212
5212
5213
5214
5216
5217
5218
5219
5219
5219
5220
5220
5221
5222
5224
5224
5224
5230
5230
5231
5232
5233
5233
5234
5235
5235
5237
5237
5237
5239
5240
5241
5243
5243
5243
5243
5245
5246
5246
5247
5247
5248
5249
5250
5252
5253
5255
5255
5259
5259
5260
5262
5265
5265
5266
5268
5270
5272
5274
5275
5276
5277
5278
5278
5278
5280
5281
5284
5285
5286
5286
5287
5288
5289
5290
5290
5293
5294
5294
5295
5299
5299
5301
5302
5305
5305
5306
5308
5309
5309
5312
5313
5314
5318
5318
5319
5319
5320
5321
5321
5321
5322
5325
5325
5326
5329
5330
5331
5332
5332
5334
5335
5336
5338
5338
5340
5341
5346
5346
5348
5349
5349
5350
5350
5350
5352
5353
5354
5355
5355
5356
5356
5358
5358
5359
5359
5361
5362
5362
5362
5363
5364
5364
5365
5366
5366
5366
5367
5368
5369
5370
5373
5374
5374
5374
5375
5376
5377
5378
5378
5380
5380
5380
5380
5381
5382
5382
5384
5385
5386
5386
5388
5389
5390
5391
5391
5392
5393
5393
5394
5395
5396
5396
5397
5398
5399
5402
5402
5403
5404
5406
5408
5409
5409
5410
5411
5412
5413
5415
5416
5420
5421
5422
5423
5425
5426
5427
5427
5428
5432
5432
5433
5434
5437
5437
5439
5442
5445
5445
5445
5446
5447
5447
5447
5449
5452
5452
5452
5452
5453
5454
5455
5457
5459
5460
5460
5460
5463
5463
5464
5467
5468
5468
5471
5474
5477
5477
5477
5477
5478
5481
5482
5482
5482
5482
5483
5483
5484
5484
5485
5486
5486
5486
5487
5487
5488
5489
5489
5492
5492
5496
5497
5497
5499
5499
5500
5501
5501
5501
5501
5503
5505
5506
5507
5508
5509
5510
5511
5511
5515
5515
5517
5522
5523
5523
5525
5525
5528
5529
5529
5530
5532
5534
5536
5537
5537
5538
5538
5540
5541
5541
5543
5543
5544
5545
5548
5549
5551
5552
5554
5554
5555
5555
5558
5558
5559
5559
5560
5560
5561
5561
5561
5564
5565
5567
5568
5570
5571
5571
5572
5572
5572
5573
5576
5576
5578
5578
5579
5581
5581
5582
5583
5584
5584
5585
5586
5586
5587
5587
5588
5591
5593
5593
5595
5596
5597
5598
5599
5600
5601
5602
5605
5608
5609
5610
5610
5610
5611
5611
5611
5614
5614
5615
5615
5617
5619
5620
5621
5624
5625
5625
5626
5627
5629
5630
5630
5631
5633
5634
5635
5636
5636
5637
5638
5640
5641
5641
5644
5645
5645
5646
5646
5646
5647
5647
5648
5648
5648
5653
5654
5656
5656
5657
5658
5659
5659
5661
5662
5663
5663
5664
5664
5664
5665
5666
5667
5668
5668
5669
5670
5672
5672
5672
5673
5674
5674
5675
5677
5678
5679
5679
5681
5681
5682
5682
5683
5683
5683
5683
5685
5685
5685
5687
5689
5690
5691
5691
5692
5692
5693
5695
5696
5699
5699
5699
5700
5700
5703
5703
5703
5704
5704
5705
5706
5706
5707
5707
5707
5707
5709
5710
5710
5711
5712
5713
5717
5717
5722
5723
5726
5728
5728
5729
5730
5731
5732
5734
5734
5734
5736
5737
5737
5737
5738
5740
5742
5743
5744
5744
5746
5747
5749
5752
5752
5753
5754
5754
5754
5754
5754
5754
5757
5757
5758
5758
5761
5761
5764
5764
5765
5767
5767
5767
5769
5772
5773
5774
5774
5775
5776
5776
5778
5778
5779
5787
5790
5790
5791
5792
5792
5795
5795
5796
5796
5796
5798
5801
5802
5802
5803
5805
5805
5807
5807
5812
5816
5816
5818
5820
5820
5821
5823
5824
5825
5825
5825
5826
5828
5829
5830
5830
5830
5831
5834
5834
5838
5840
5844
5848
5849
5849
5851
5851
5852
5852
5853
5858
5858
5859
5862
5863
5863
5864
5866
5867
5867
5868
5868
5868
5869
5870
5871
5872
5872
5872
5873
5873
5873
5876
5878
5879
5880
5880
5885
5885
5885
5887
5888
5888
5889
5889
5890
5891
5891
5892
5892
5894
5894
5895
5896
5898
5899
5900
5901
5902
5904
5905
5905
5907
5908
5910
5911
5911
5911
5912
5912
5912
5912
5912
5914
5914
5914
5914
5914
5916
5916
5917
5917
5921
5922
5923
5924
5924
5925
5926
5926
5926
5933
5933
5934
5935
5937
5939
5940
5940
5941
5943
5944
5944
5945
5945
5946
5946
5946
5947
5947
5949
5951
5952
5952
5953
5954
5955
5956
5957
5958
5958
5959
5960
5960
5961
5961
5961
5962
5963
5964
5966
5966
5967
5967
5971
5973
5974
5978
5979
5979
5979
5980
5980
5980
5980
5981
5982
5983
5985
5986
5987
5987
5987
5988
5989
5993
5993
5995
5996
5996
5996
5997
5998
5998
5998
5999
5999
5999
6000
6000
6003
6003
6003
6004
6004
6006
6007
6009
6010
6012
6012
6013
6013
6015
6015
6016
6021
6023
6025
6025
6026
6028
6028
6029
6029
6031
6033
6036
6038
6038
6039
6039
6039
6041
6043
6043
6044
6044
6045
6045
6046
6049
6051
6052
6055
6055
6055
6057
6058
6058
6058
6060
6060
6061
6063
6064
6064
6065
6065
6065
6066
6067
6068
6069
6069
6070
6073
6073
6074
6075
6076
6078
6080
6080
6080
6081
6083
6083
6084
6089
6089
6090
6091
6091
6091
6095
6095
6097
6097
6099
6099
6099
6100
6100
6101
6104
6105
6105
6107
6109
6109
6112
6114
6114
6114
6114
6115
6115
6115
6117
6118
6120
6120
6124
6126
6126
6133
6133
6133
6134
6135
6135
6135
6136
6138
6139
6140
6144
6144
6145
6147
6147
6154
6154
6158
6158
6159
6161
6161
6163
6165
6165
6165
6165
6166
6167
6168
6168
6168
6169
6169
6172
6172
6172
6172
6175
6175
6176
6176
6177
6178
6178
6179
6179
6179
6180
6180
6180
6180
6181
6182
6182
6182
6182
6182
6183
6183
6184
6186
6189
6190
6193
6193
6193
6194
6194
6195
6195
6196
6197
6197
6198
6198
6198
6199
6200
6203
6204
6206
6207
6207
6208
6208
6210
6210
6213
6213
6218
6219
6219
6219
6219
6222
6222
6224
6227
6227
6227
6227
6227
6227
6229
6230
6230
6234
6237
6239
6239
6240
6240
6240
6241
6241
6242
6243
6243
6246
6246
6247
6248
6249
6250
6250
6250
6251
6251
6252
6252
6253
6254
6254
6255
6256
6256
6258
6259
6260
6260
6261
6261
6263
6264
6265
6267
6269
6270
6270
6270
6271
6273
6273
6274
6274
6275
6275
6277
6278
6280
6280
6282
6282
6282
6283
6285
6286
6287
6287
6287
6289
6289
6290
6290
6290
6294
6297
6297
6299
6299
6299
6301
6302
6303
6303
6303
6306
6307
6307
6309
6313
6313
6314
6315
6317
6317
6320
6320
6321
6321
6321
6322
6322
6322
6324
6324
6324
6326
6326
6328
6330
6330
6332
6333
6334
6335
6335
6335
6337
6338
6339
6339
6340
6340
6340
6342
6342
6343
6343
6344
6345
6348
6348
6351
6352
6352
6356
6356
6357
6359
6359
6359
6360
6360
6361
6362
6364
6364
6364
6364
6365
6365
6366
6366
6367
6369
6369
6369
6370
6371
6371
6372
6374
6375
6376
6378
6379
6380
6382
6383
6384
6384
6384
6389
6389
6392
6392
6392
6393
6393
6395
6397
6400
6400
6400
6400
6402
6403
6403
6403
6406
6407
6408
6408
6409
6409
6409
6409
6410
6411
6412
6414
6415
6417
6417
6420
6421
6422
6426
6426
6427
6427
6428
6429
6430
6435
6437
6438
6440
6441
6441
6444
6446
6446
6449
6449
6450
6451
6452
6452
6452
6453
6453
6455
6457
6458
6459
6459
6460
6460
6460
6462
6463
6465
6465
6465
6467
6467
6468
6468
6468
6468
6471
6473
6475
6476
6476
6476
6478
6478
6480
6482
6482
6482
6482
6483
6484
6485
6485
6486
6486
6486
6488
6489
6491
6492
6494
6495
6497
6497
6498
6498
6499
6502
6503
6504
6504
6504
6508
6508
6508
6509
6509
6511
6513
6514
6514
6516
6516
6518
6519
6519
6519
6520
6521
6521
6525
6526
6528
6530
6531
6532
6533
6533
6533
6534
6535
6535
6536
6536
6538
6539
6541
6542
6543
6545
6546
6546
6547
6548
6548
6548
6549
6552
6552
6553
6554
6554
6554
6554
6554
6555
6555
6555
6556
6557
6559
6560
6560
6564
6567
6570
6572
6572
6573
6573
6574
6576
6576
6579
6579
6579
6580
6580
6583
6584
6584
6585
6585
6585
6585
6587
6588
6589
6591
6591
6592
6593
6593
6594
6594
6594
6595
6595
6595
6597
6597
6598
6599
6599
6600
6602
6603
6604
6604
6605
6605
6606
6607
6607
6609
6610
6610
6614
6614
6616
6616
6617
6618
6621
6621
6621
6622
6622
6622
6624
6625
6627
6627
6627
6628
6628
6629
6630
6631
6632
6632
6632
6633
6635
6636
6636
6636
6638
6639
6640
6641
6644
6646
6646
6647
6647
6649
6649
6651
6652
6653
6655
6656
6657
6657
6658
6658
6658
6659
6659
6663
6664
6665
6666
6667
6667
6670
6673
6674
6674
6674
6675
6676
6676
6676
6679
6680
6681
6682
6682
6683
6685
6685
6686
6689
6691
6692
6692
6692
6694
6694
6695
6695
6695
6696
6696
6701
6701
6703
6703
6706
6708
6709
6710
6710
6711
6711
6711
6713
6714
6715
6716
6719
6721
6722
6722
6723
6723
6723
6726
6726
6727
6727
6728
6728
6729
6730
6732
6733
6733
6734
6735
6736
6737
6738
6739
6740
6740
6740
6741
6742
6744
6744
6745
6746
6747
6747
6748
6748
6749
6750
6752
6752
6752
6753
6753
6754
6759
6760
6761
6761
6763
6764
6766
6766
6767
6771
6774
6776
6778
6778
6779
6781
6782
6782
6783
6783
6785
6785
6789
6790
6794
6795
6795
6796
6796
6797
6797
6797
6801
6802
6802
6802
6802
6803
6803
6804
6806
6806
6807
6807
6808
6812
6813
6813
6814
6815
6817
6817
6817
6818
6819
6820
6821
6821
6825
6826
6827
6827
6828
6829
6829
6833
6833
6835
6836
6838
6840
6841
6842
6843
6844
6844
6845
6847
6849
6849
6850
6850
6853
6853
6853
6853
6857
6858
6859
6859
6859
6859
6860
6860
6861
6862
6862
6863
6863
6864
6865
6865
6866
6866
6866
6867
6868
6870
6870
6871
6871
6871
6872
6872
6873
6873
6874
6874
6875
6877
6877
6878
6880
6880
6880
6881
6881
6882
6883
6888
6888
6888
6889
6889
6889
6890
6890
6890
6890
6895
6897
6898
6899
6899
6900
6900
6901
6902
6903
6903
6906
6906
6907
6908
6909
6910
6910
6911
6913
6913
6917
6917
6918
6918
6919
6921
6924
6924
6924
6925
6927
6928
6930
6930
6930
6932
6933
6934
6935
6935
6937
6937
6937
6938
6940
6943
6944
6944
6945
6947
6947
6949
6950
6952
6952
6954
6955
6955
6957
6961
6962
6964
6966
6967
6968
6968
6969
6969
6970
6970
6970
6972
6974
6974
6975
6976
6976
6976
6977
6978
6980
6981
6982
6983
6984
6985
6985
6987
6988
6991
6992
6992
6992
6993
6994
6994
6994
6994
6995
6996
6997
6997
6998
6998
7001
7002
7003
7004
7006
7007
7008
7011
7011
7014
7014
7017
7017
7017
7020
7020
7020
7021
7022
7024
7024
7025
7026
7027
7028
7028
7031
7031
7031
7032
7033
7033
7035
7037
7037
7037
7037
7039
7039
7040
7040
7040
7040
7040
7041
7042
7043
7044
7045
7047
7049
7050
7051
7051
7053
7054
7055
7059
7059
7060
7060
7061
7062
7062
7063
7063
7064
7064
7066
7066
7067
7069
7070
7076
7078
7080
7082
7083
7083
7084
7084
7085
7086
7086
7087
7088
7089
7090
7090
7092
7093
7093
7093
7094
7094
7097
7097
7097
7099
7101
7103
7105
7106
7106
7106
7108
7109
7111
7111
7114
7114
7115
7116
7116
7119
7121
7123
7123
7123
7124
7124
7124
7126
7126
7127
7128
7128
7129
7130
7130
7131
7132
7132
7133
7133
7133
7134
7135
7137
7137
7138
7139
7140
7141
7141
7142
7143
7144
7144
7145
7145
7145
7146
7146
7148
7148
7148
7151
7153
7154
7154
7156
7157
7158
7160
7161
7161
7161
7163
7164
7165
7165
7169
7170
7171
7172
7172
7174
7176
7178
7179
7181
7181
7181
7181
7182
7184
7185
7186
7188
7189
7190
7193
7194
7196
7197
7197
7198
7199
7200
7202
7202
7202
7202
7203
7204
7205
7205
7207
7207
7208
7208
7209
7211
7212
7215
7215
7216
7217
7217
7218
7218
7219
7221
7222
7223
7223
7223
7224
7224
7225
7225
7229
7230
7230
7231
7232
7234
7234
7234
7237
7237
7237
7239
7239
7240
7240
7242
7244
7245
7245
7245
7246
7246
7247
7248
7249
7251
7251
7253
7253
7256
7256
7256
7257
7259
7259
7262
7264
7267
7267
7268
7270
7272
7272
7273
7275
7276
7277
7278
7278
7278
7280
7281
7281
7281
7282
7282
7282
7283
7283
7283
7284
7285
7288
7289
7290
7291
7292
7294
7296
7296
7297
7297
7297
7298
7298
7301
7301
7303
7304
7305
7305
7307
7307
7307
7309
7309
7311
7311
7313
7314
7314
7315
7319
7324
7324
7324
7326
7328
7329
7329
7329
7329
7331
7332
7333
7333
7336
7337
7337
7339
7340
7341
7343
7345
7347
7348
7350
7350
7351
7351
7352
7352
7353
7354
7357
7359
7361
7361
7363
7364
7365
7366
7367
7368
7369
7369
7370
7370
7372
7372
7372
7373
7373
7373
7373
7374
7375
7376
7377
7377
7377
7377
7377
7378
7380
7380
7380
7381
7383
7384
7384
7387
7387
7388
7388
7389
7389
7390
7391
7393
7395
7395
7396
7397
7398
7399
7399
7399
7400
7401
7401
7401
7402
7403
7403
7403
7404
7405
7405
7408
7408
7408
7409
7409
7410
7413
7414
7416
7416
7418
7419
7420
7422
7423
7425
7428
7428
7429
7430
7430
7433
7433
7434
7436
7436
7436
7436
7437
7437
7438
7438
7438
7438
7439
7439
7442
7443
7445
7447
7447
7449
7450
7450
7452
7454
7455
7455
7456
7457
7457
7457
7459
7460
7461
7461
7461
7468
7471
7472
7473
7475
7477
7477
7479
7479
7480
7482
7483
7487
7487
7487
7488
7489
7489
7490
7491
7491
7492
7493
7494
7494
7495
7496
7499
7500
7500
7500
7501
7501
7502
7503
7505
7506
7506
7507
7507
7507
7508
7508
7510
7510
7512
7513
7513
7514
7518
7518
7519
7519
7519
7520
7521
7521
7523
7524
7524
7525
7528
7528
7528
7528
7531
7531
7532
7532
7533
7534
7535
7535
7536
7536
7536
7536
7538
7542
7545
7545
7547
7548
7548
7550
7551
7552
7552
7554
7555
7555
7556
7556
7556
7557
7557
7557
7559
7559
7560
7560
7561
7562
7562
7564
7564
7565
7565
7567
7569
7571
7573
7574
7577
7578
7579
7579
7579
7580
7580
7583
7586
7586
7587
7587
7587
7590
7591
7592
7596
7596
7598
7599
7600
7601
7602
7602
7603
7604
7605
7605
7607
7609
7610
7611
7611
7612
7612
7615
7619
7622
7622
7623
7623
7624
7624
7626
7627
7630
7631
7631
7633
7634
7634
7635
7635
7637
7641
7642
7643
7644
7645
7645
7645
7645
7645
7646
7647
7647
7648
7648
7649
7650
7650
7651
7651
7652
7653
7653
7654
7655
7656
7656
7656
7656
7659
7660
7662
7662
7663
7664
7664
7666
7666
7667
7668
7668
7671
7672
7673
7674
7674
7675
7675
7677
7677
7677
7678
7678
7679
7679
7681
7681
7681
7681
7682
7683
7684
7686
7686
7688
7689
7690
7691
7691
7691
7691
7692
7694
7694
7695
7695
7696
7696
7696
7696
7698
7698
7699
7699
7700
7700
7702
7702
7703
7704
7704
7705
7707
7709
7711
7712
7713
7714
7714
7714
7716
7717
7718
7718
7718
7721
7721
7721
7722
7722
7724
7726
7726
7726
7727
7727
7727
7728
7729
7730
7730
7731
7731
7732
7732
7733
7733
7733
7735
7736
7736
7736
7737
7738
7739
7742
7746
7746
7746
7749
7750
7750
7750
7750
7752
7754
7756
7757
7757
7758
7761
7762
7762
7764
7764
7768
7768
7768
7769
7771
7771
7772
7773
7774
7774
7775
7775
7776
7776
7776
7776
7776
7776
7776
7777
7777
7777
7778
7780
7780
7781
7782
7783
7783
7784
7785
7785
7786
7787
7787
7791
7791
7793
7793
7796
7796
7797
7798
7798
7799
7799
7799
7800
7800
7801
7801
7801
7803
7806
7806
7806
7807
7808
7811
7812
7813
7820
7821
7821
7822
7822
7824
7824
7825
7826
7826
7827
7829
7831
7832
7834
7834
7834
7835
7837
7838
7839
7839
7839
7840
7842
7843
7844
7845
7846
7846
7846
7847
7847
7848
7849
7849
7852
7853
7853
7854
7855
7855
7857
7857
7858
7858
7859
7860
7862
7863
7863
7864
7867
7869
7870
7870
7874
7874
7874
7875
7877
7878
7878
7879
7879
7879
7881
7882
7883
7883
7883
7884
7885
7885
7885
7885
7889
7889
7890
7890
7891
7891
7891
7893
7895
7896
7896
7897
7898
7898
7901
7902
7902
7903
7903
7903
7904
7904
7906
7906
7906
7907
7909
7911
7912
7912
7913
7913
7917
7918
7919
7920
7923
7924
7925
7926
7926
7927
7928
7929
7930
7930
7931
7931
7933
7934
7934
7937
7938
7938
7938
7939
7940
7941
7942
7943
7945
7947
7948
7948
7949
7951
7951
7951
7952
7953
7953
7953
7955
7955
7956
7957
7957
7957
7958
7959
7959
7963
7964
7965
7965
7966
7966
7966
7967
7968
7972
7975
7977
7977
7979
7979
7980
7980
7981
7982
7983
7983
7983
7984
7986
7987
7987
7988
7989
7990
7991
7991
7992
7993
7993
7993
7993
7994
7995
7996
7996
7996
7997
7998
7998
7998
7998
8000
8000
8001
8001
8002
8002
8002
8004
8004
8005
8006
8006
8009
8009
8010
8011
8013
8013
8014
8015
8017
8017
8018
8021
8022
8022
8023
8023
8024
8025
8026
8026
8026
8027
8029
8031
8031
8034
8034
8036
8037
8037
8039
8039
8040
8042
8042
8042
8043
8043
8045
8046
8047
8049
8050
8050
8050
8051
8051
8053
8055
8059
8060
8060
8061
8062
8063
8064
8065
8065
8065
8066
8066
8068
8068
8069
8070
8073
8073
8074
8076
8076
8078
8079
8081
8081
8083
8084
8084
8086
8086
8087
8088
8088
8089
8090
8090
8091
8092
8093
8093
8097
8098
8099
8099
8100
8101
8101
8103
8104
8105
8106
8107
8107
8108
8108
8109
8110
8110
8111
8115
8116
8119
8121
8122
8124
8124
8124
8124
8125
8127
8127
8129
8131
8132
8134
8135
8136
8138
8140
8140
8141
8142
8143
8146
8147
8149
8150
8151
8151
8152
8153
8154
8154
8154
8154
8155
8155
8157
8158
8158
8158
8158
8159
8160
8161
8163
8164
8164
8166
8167
8167
8167
8170
8171
8172
8172
8173
8176
8177
8177
8178
8178
8179
8179
8180
8180
8180
8180
8181
8183
8183
8185
8186
8187
8187
8187
8188
8188
8188
8188
8189
8190
8190
8190
8191
8196
8199
8199
8200
8200
8200
8201
8202
8204
8207
8207
8208
8208
8208
8209
8212
8213
8213
8214
8215
8218
8219
8219
8221
8224
8225
8226
8226
8227
8228
8229
8230
8231
8232
8233
8233
8235
8235
8236
8236
8236
8237
8238
8239
8239
8239
8240
8240
8240
8240
8241
8244
8244
8245
8246
8247
8248
8251
8251
8252
8252
8252
8254
8257
8259
8260
8261
8262
8263
8264
8266
8266
8268
8270
8270
8270
8272
8272
8273
8273
8273
8278
8278
8279
8280
8280
8281
8281
8281
8282
8284
8284
8284
8284
8285
8285
8286
8286
8287
8288
8288
8289
8289
8292
8292
8294
8295
8297
8297
8298
8300
8302
8302
8303
8304
8304
8310
8311
8312
8312
8313
8314
8317
8317
8318
8319
8319
8320
8320
8320
8321
8321
8322
8322
8322
8323
8324
8324
8325
8327
8329
8329
8330
8334
8336
8337
8339
8339
8340
8341
8341
8342
8343
8343
8345
8347
8347
8348
8348
8351
8354
8357
8358
8359
8361
8363
8363
8366
8366
8367
8368
8368
8370
8370
8372
8372
8372
8373
8378
8380
8381
8384
8384
8384
8385
8385
8385
8388
8389
8390
8390
8393
8393
8394
8394
8395
8396
8396
8396
8397
8399
8399
8401
8404
8404
8404
8406
8406
8407
8409
8410
8414
8414
8415
8416
8416
8419
8420
8421
8427
8428
8431
8432
8435
8435
8435
8440
8440
8442
8442
8444
8446
8447
8448
8449
8451
8454
8454
8455
8456
8456
8456
8458
8459
8459
8459
8461
8461
8462
8464
8467
8469
8470
8470
8471
8472
8473
8474
8474
8477
8477
8481
8482
8482
8482
8487
8487
8487
8488
8489
8491
8492
8493
8493
8493
8494
8494
8494
8495
8495
8495
8497
8497
8498
8498
8498
8499
8501
8501
8504
8508
8509
8510
8511
8513
8513
8514
8517
8518
8520
8520
8520
8523
8525
8525
8525
8525
8526
8526
8527
8528
8529
8529
8530
8531
8531
8532
8536
8536
8537
8538
8538
8538
8538
8540
8540
8541
8542
8543
8545
8546
8547
8548
8548
8551
8556
8557
8559
8561
8562
8563
8563
8564
8564
8564
8566
8568
8568
8571
8572
8572
8573
8573
8575
8575
8576
8576
8577
8578
8578
8581
8582
8583
8589
8590
8590
8592
8592
8593
8594
8595
8595
8597
8599
8601
8601
8604
8604
8605
8606
8607
8607
8608
8608
8608
8609
8609
8609
8610
8612
8612
8613
8615
8617
8617
8620
8621
8622
8622
8622
8624
8624
8625
8626
8627
8627
8628
8628
8629
8630
8630
8630
8630
8631
8631
8633
8633
8634
8634
8636
8637
8637
8641
8644
8644
8644
8645
8645
8645
8646
8646
8646
8646
8648
8649
8651
8653
8654
8654
8656
8657
8658
8659
8661
8662
8662
8662
8664
8666
8667
8668
8668
8670
8671
8672
8672
8674
8675
8676
8677
8678
8681
8683
8683
8686
8686
8688
8688
8689
8689
8691
8693
8693
8694
8695
8697
8697
8700
8700
8704
8704
8705
8705
8711
8711
8713
8713
8714
8715
8718
8719
8719
8723
8724
8728
8730
8730
8731
8731
8732
8732
8733
8733
8734
8735
8736
8736
8737
8739
8741
8743
8743
8744
8747
8748
8749
8753
8754
8754
8755
8759
8760
8761
8761
8761
8762
8763
8764
8764
8767
8768
8770
8770
8773
8774
8781
8782
8783
8783
8785
8785
8787
8789
8791
8792
8792
8793
8794
8796
8796
8796
8796
8797
8797
8799
8800
8800
8801
8803
8803
8806
8807
8808
8808
8811
8812
8812
8815
8817
8819
8821
8822
8825
8826
8826
8828
8831
8832
8833
8833
8835
8836
8837
8837
8839
8840
8842
8844
8844
8844
8844
8845
8845
8845
8847
8847
8848
8849
8850
8851
8851
8852
8853
8853
8856
8859
8859
8861
8861
8862
8864
8864
8864
8865
8866
8867
8867
8872
8872
8872
8874
8875
8876
8877
8877
8878
8879
8879
8879
8884
8885
8886
8887
8888
8889
8889
8889
8891
8891
8895
8896
8897
8898
8898
8899
8899
8900
8902
8905
8906
8906
8907
8908
8911
8912
8913
8915
8915
8918
8919
8922
8922
8925
8926
8929
8932
8933
8934
8935
8936
8936
8936
8937
8937
8940
8941
8942
8943
8944
8946
8948
8949
8950
8951
8951
8953
8954
8955
8955
8956
8956
8957
8957
8958
8960
8962
8964
8965
8966
8967
8968
8968
8971
8973
8974
8975
8977
8978
8978
8978
8979
8979
8982
8985
8986
8988
8989
8989
8990
8991
8992
8992
8996
8997
8997
9000
9000
9000
9001
9003
9004
9004
9004
9004
9004
9005
9006
9006
9006
9007
9007
9009
9011
9011
9012
9013
9015
9015
9018
9019
9019
9019
9019
9020
9021
9022
9023
9025
9025
9027
9027
9029
9030
9030
9030
9033
9033
9036
9039
9041
9043
9045
9049
9049
9052
9052
9054
9054
9054
9056
9057
9057
9057
9058
9059
9059
9060
9063
9063
9063
9063
9064
9066
9066
9067
9069
9071
9071
9072
9074
9075
9077
9079
9080
9080
9080
9081
9082
9082
9082
9082
9083
9084
9084
9086
9087
9087
9088
9092
9094
9094
9095
9095
9096
9098
9098
9098
9098
9099
9099
9099
9099
9100
9100
9100
9101
9103
9106
9106
9108
9108
9109
9113
9113
9115
9115
9118
9120
9122
9122
9123
9125
9125
9126
9126
9128
9131
9131
9131
9134
9134
9135
9136
9136
9137
9138
9139
9142
9142
9144
9146
9147
9148
9150
9152
9153
9153
9154
9154
9154
9155
9155
9156
9157
9158
9162
9163
9165
9165
9166
9167
9167
9170
9171
9172
9173
9174
9175
9176
9177
9177
9177
9178
9178
9178
9180
9181
9182
9184
9184
9184
9185
9186
9186
9187
9189
9190
9190
9190
9191
9191
9191
9191
9192
9193
9194
9195
9196
9197
9198
9199
9200
9200
9200
9201
9201
9202
9202
9204
9205
9206
9209
9214
9214
9215
9216
9216
9216
9218
9219
9220
9220
9222
9224
9226
9226
9229
9230
9230
9232
9232
9233
9233
9235
9236
9238
9241
9244
9245
9245
9245
9246
9247
9248
9249
9249
9249
9252
9253
9253
9254
9255
9258
9259
9259
9259
9260
9260
9261
9261
9262
9262
9263
9263
9263
9263
9265
9267
9268
9269
9271
9273
9273
9276
9277
9277
9278
9278
9280
9281
9282
9283
9285
9285
9286
9287
9288
9290
9294
9295
9295
9295
9295
9299
9300
9300
9301
9301
9301
9302
9303
9303
9304
9305
9306
9306
9306
9307
9308
9312
9314
9316
9318
9321
9321
9321
9321
9322
9322
9322
9323
9323
9323
9324
9326
9326
9326
9328
9328
9330
9331
9334
9335
9335
9335
9335
9336
9336
9337
9338
9339
9339
9339
9341
9341
9341
9342
9342
9344
9344
9346
9347
9347
9347
9348
9349
9352
9352
9353
9355
9356
9357
9357
9357
9358
9359
9362
9362
9363
9364
9364
9367
9370
9371
9373
9374
9376
9377
9378
9381
9381
9382
9385
9385
9386
9387
9388
9389
9390
9390
9391
9391
9392
9392
9392
9393
9395
9397
9397
9397
9400
9402
9403
9403
9404
9406
9406
9407
9408
9409
9413
9416
9417
9418
9419
9420
9422
9424
9424
9425
9426
9426
9426
9427
9427
9427
9428
9428
9429
9430
9433
9436
9436
9436
9437
9437
9437
9437
9439
9439
9439
9442
9448
9449
9449
9451
9452
9452
9453
9455
9456
9456
9457
9457
9459
9461
9463
9463
9465
9468
9468
9468
9469
9470
9471
9472
9472
9473
9473
9475
9476
9477
9478
9479
9479
9480
9480
9480
9480
9484
9484
9485
9485
9486
9488
9488
9489
9489
9489
9491
9492
9492
9492
9493
9496
9496
9496
9496
9498
9498
9499
9500
9500
9501
9502
9502
9504
9505
9506
9506
9506
9507
9507
9508
9509
9509
9510
9510
9512
9512
9513
9514
9515
9519
9519
9520
9522
9523
9523
9524
9524
9527
9528
9532
9534
9535
9535
9536
9537
9538
9538
9540
9541
9542
9543
9543
9544
9545
9545
9545
9548
9548
9549
9549
9550
9551
9555
9555
9558
9559
9562
9563
9563
9564
9564
9567
9568
9568
9569
9570
9570
9571
9572
9575
9575
9576
9576
9577
9579
9579
9579
9582
9584
9584
9585
9585
9586
9587
9588
9589
9589
9590
9590
9590
9590
9591
9592
9592
9596
9597
9598
9598
9599
9602
9603
9605
9607
9608
9609
9609
9610
9611
9613
9613
9614
9614
9615
9616
9616
9620
9621
9622
9623
9624
9624
9624
9625
9625
9625
9626
9626
9626
9626
9627
9627
9628
9630
9630
9630
9630
9632
9633
9634
9636
9637
9639
9639
9640
9641
9641
9641
9642
9642
9644
9644
9644
9646
9647
9647
9647
9647
9649
9650
9651
9653
9654
9656
9657
9658
9659
9660
9663
9667
9668
9668
9669
9672
9673
9674
9674
9674
9675
9676
9676
9677
9677
9679
9682
9683
9683
9685
9685
9686
9687
9688
9693
9697
9697
9699
9699
9700
9700
9701
9703
9704
9704
9704
9706
9706
9707
9708
9708
9708
9709
9709
9711
9711
9712
9713
9715
9715
9716
9716
9717
9717
9718
9718
9719
9720
9721
9722
9723
9724
9725
9725
9726
9727
9728
9729
9730
9731
9731
9731
9731
9732
9734
9734
9735
9735
9737
9738
9739
9739
9739
9740
9741
9743
9744
9745
9745
9746
9746
9746
9748
9748
9749
9750
9751
9751
9752
9753
9754
9754
9755
9757
9758
9759
9759
9759
9760
9761
9762
9763
9764
9765
9766
9768
9769
9770
9771
9771
9772
9774
9775
9776
9777
9778
9779
9779
9779
9780
9782
9783
9783
9783
9784
9784
9785
9785
9786
9787
9787
9787
9788
9790
9792
9793
9793
9793
9795
9795
9795
9796
9799
9799
9799
9800
9800
9802
9804
9805
9805
9805
9806
9807
9808
9808
9812
9812
9813
9814
9814
9814
9814
9815
9815
9817
9819
9820
9823
9823
9823
9825
9825
9825
9825
9826
9827
9830
9830
9831
9831
9833
9833
9834
9835
9836
9837
9838
9840
9840
9843
9845
9845
9845
9845
9846
9849
9849
9852
9853
9853
9856
9856
9857
9857
9857
9858
9858
9858
9859
9863
9865
9868
9868
9869
9870
9870
9871
9871
9871
9872
9872
9874
9874
9875
9875
9876
9878
9880
9882
9882
9882
9882
9883
9885
9885
9886
9886
9888
9888
9889
9890
9890
9890
9891
9891
9893
9893
9894
9896
9897
9898
9899
9902
9902
9902
9906
9907
9907
9907
9907
9907
9907
9908
9909
9909
9909
9911
9911
9911
9912
9913
9913
9913
9918
9921
9921
9923
9924
9924
9925
9926
9926
9928
9928
9928
9930
9934
9934
9935
9935
9936
9936
9936
9939
9940
9942
9942
9945
9947
9947
9949
9951
9951
9951
9951
9952
9956
9957
9957
9957
9957
9957
9959
9960
9960
9962
9964
9965
9967
9971
9971
9972
9972
9975
9976
9976
9977
9978
9978
9980
9980
9980
9980
9980
9981
9981
9983
9985
9985
9987
9987
9988
9989
9989
9989
9989
9990
9991
9992
9995
9996
