0
0
2
2
3
4
6
8
8
9
10
10
11
11
13
14
16
17
17
17
17
18
18
20
20
21
21
21
22
22
22
22
23
25
25
29
31
33
34
34
35
36
36
37
37
37
38
38
39
41
41
42
43
43
43
44
44
44
45
45
46
46
47
49
49
50
51
54
56
56
57
59
59
60
61
65
67
67
67
68
70
70
71
72
72
72
73
73
74
74
74
75
77
80
81
82
82
83
83
84
84
86
87
87
88
88
88
89
90
90
90
91
93
94
94
96
97
98
100
100
101
101
102
102
104
106
107
107
108
109
109
111
111
112
112
114
115
116
119
120
123
123
124
125
125
125
126
127
127
129
130
131
132
133
133
133
133
134
134
135
135
138
139
139
139
139
139
140
140
141
142
142
142
143
144
144
145
146
147
148
149
149
150
152
154
155
155
156
156
157
159
160
160
161
161
163
165
167
167
169
171
171
171
172
173
174
176
176
177
177
178
178
179
179
180
180
182
182
183
184
184
185
186
189
189
190
192
194
195
195
200
201
204
204
204
205
205
207
207
209
210
210
211
214
216
217
219
220
223
224
224
226
227
228
228
228
232
233
235
236
238
239
240
241
241
242
243
245
245
245
248
249
250
250
250
250
251
251
251
253
254
254
256
259
260
260
261
261
262
262
263
263
263
264
265
267
267
267
268
269
270
271
271
274
274
274
275
275
275
276
279
279
279
280
281
281
283
283
285
285
286
287
287
287
288
288
288
289
289
289
290
290
290
290
290
291
294
296
296
298
299
299
300
303
304
304
305
305
305
307
307
307
308
308
311
312
313
313
313
317
317
318
319
321
323
323
323
323
324
326
326
327
328
329
331
331
331
332
333
333
335
336
336
338
338
339
340
340
341
342
343
344
345
346
346
347
347
348
348
348
349
351
353
355
355
355
357
359
361
366
368
369
370
374
374
374
375
375
376
377
377
378
378
379
379
379
379
381
383
384
385
386
387
387
387
390
390
391
391
391
392
393
393
397
398
400
401
402
403
403
403
404
404
405
406
406
407
412
413
413
414
416
416
417
418
419
420
421
422
424
427
427
427
427
427
428
429
432
433
433
435
439
440
440
441
449
450
451
451
452
452
454
455
455
456
456
456
458
460
461
462
463
463
465
466
468
469
469
470
471
472
472
473
473
474
476
476
477
477
477
478
479
479
479
479
483
483
484
484
485
485
485
486
486
486
487
487
489
493
493
493
497
498
498
498
498
499
500
501
502
502
505
505
509
509
509
511
512
513
514
514
517
517
519
520
520
521
521
521
521
522
522
523
526
526
528
529
529
531
533
533
533
537
539
539
542
542
542
543
544
546
546
547
547
551
551
552
553
555
556
558
558
559
560
563
564
565
566
566
568
569
569
570
572
572
574
575
577
577
578
579
579
579
580
580
582
583
583
584
586
586
586
588
588
588
590
591
593
595
595
597
598
598
601
602
603
605
608
608
611
613
614
616
616
621
621
622
623
623
623
623
624
624
625
625
626
627
627
628
629
631
632
635
636
637
637
638
639
639
641
642
642
644
645
648
648
650
650
650
652
653
654
654
657
658
658
658
659
659
660
660
662
662
662
662
664
665
665
666
666
667
667
668
669
669
671
671
671
671
671
672
672
674
678
681
682
684
685
686
688
688
688
689
689
691
693
693
694
694
695
695
695
695
696
699
701
703
704
707
708
708
708
713
713
715
719
719
720
726
727
727
727
729
730
731
731
731
732
733
733
733
735
736
736
737
738
739
741
742
744
746
746
746
746
747
749
749
750
751
753
754
755
757
758
759
760
761
761
763
763
765
765
766
766
766
769
769
769
769
770
774
776
778
779
780
781
782
782
783
783
783
784
784
786
786
788
789
789
789
790
796
798
798
801
802
802
804
805
808
810
810
810
813
813
814
817
817
818
819
819
820
821
822
822
824
824
826
827
828
829
829
830
833
835
838
838
838
840
842
843
844
845
847
847
849
850
852
854
854
854
855
855
856
857
857
859
861
862
862
864
864
864
865
865
865
865
866
868
870
870
871
872
872
872
872
873
873
873
874
875
876
876
876
877
877
878
878
878
879
879
880
883
884
886
886
886
888
888
889
892
892
894
897
898
898
898
899
899
900
902
904
906
907
908
909
909
910
910
911
912
914
916
916
917
918
918
921
921
922
925
925
928
928
930
931
932
932
932
934
935
935
936
936
937
938
938
939
940
942
943
944
945
947
947
947
949
950
951
952
954
959
963
963
964
966
966
968
968
968
968
968
970
970
972
973
974
975
975
976
977
978
979
979
983
983
983
984
984
984
985
985
985
986
988
988
989
989
990
993
994
994
996
997
997
998
998
999
1000
1000
1000
1001
1001
1002
1002
1003
1004
1005
1006
1006
1007
1010
1010
1011
1011
1011
1015
1016
1019
1019
1019
1019
1020
1022
1024
1024
1024
1026
1028
1029
1030
1030
1031
1032
1033
1035
1035
1036
1036
1036
1039
1039
1041
1042
1042
1043
1045
1046
1046
1046
1046
1046
1047
1048
1051
1051
1052
1054
1054
1055
1055
1055
1056
1056
1057
1058
1058
1058
1062
1063
1063
1067
1069
1071
1072
1072
1073
1074
1074
1075
1076
1076
1077
1077
1077
1078
1078
1081
1082
1082
1082
1082
1083
1083
1084
1085
1088
1089
1090
1090
1091
1092
1092
1092
1094
1094
1095
1096
1097
1097
1097
1097
1098
1100
1101
1102
1103
1103
1104
1104
1104
1104
1105
1107
1107
1107
1108
1110
1111
1114
1114
1115
1117
1118
1119
1120
1121
1121
1122
1123
1124
1128
1128
1130
1131
1132
1134
1135
1136
1137
1137
1139
1139
1140
1140
1141
1143
1144
1144
1146
1146
1148
1149
1151
1151
1151
1152
1154
1154
1157
1157
1157
1157
1158
1158
1158
1160
1161
1161
1162
1163
1163
1163
1164
1168
1168
1169
1170
1171
1172
1175
1176
1177
1178
1178
1179
1179
1179
1181
1183
1183
1184
1185
1186
1187
1187
1187
1189
1189
1190
1196
1197
1198
1199
1199
1199
1201
1202
1202
1205
1205
1206
1207
1207
1208
1208
1209
1210
1210
1210
1212
1212
1217
1218
1218
1219
1219
1220
1220
1221
1222
1229
1230
1232
1232
1233
1233
1235
1238
1242
1242
1242
1245
1245
1246
1247
1247
1248
1248
1249
1251
1251
1251
1251
1252
1253
1253
1255
1255
1255
1257
1258
1258
1258
1259
1259
1260
1262
1262
1263
1263
1263
1266
1267
1268
1270
1271
1271
1271
1271
1271
1272
1274
1274
1276
1278
1280
1281
1281
1282
1283
1283
1284
1286
1286
1286
1287
1289
1289
1291
1291
1294
1295
1295
1297
1299
1301
1304
1304
1306
1306
1308
1310
1312
1312
1313
1316
1316
1317
1317
1318
1320
1322
1322
1324
1326
1326
1328
1328
1329
1329
1330
1332
1332
1335
1336
1341
1342
1343
1343
1344
1344
1344
1346
1348
1353
1355
1355
1355
1361
1361
1363
1366
1367
1369
1370
1372
1373
1374
1374
1376
1377
1377
1379
1379
1380
1380
1380
1380
1382
1382
1383
1385
1386
1386
1386
1389
1390
1390
1390
1390
1391
1392
1392
1393
1394
1394
1399
1400
1401
1402
1405
1405
1405
1406
1406
1407
1408
1410
1410
1410
1411
1412
1412
1412
1413
1414
1419
1419
1419
1419
1420
1422
1423
1423
1426
1427
1427
1427
1427
1427
1428
1430
1430
1432
1432
1433
1434
1434
1434
1434
1434
1434
1436
1436
1437
1438
1438
1442
1443
1444
1445
1446
1447
1449
1450
1450
1450
1452
1459
1459
1461
1461
1462
1464
1464
1466
1469
1469
1472
1472
1472
1475
1475
1476
1476
1477
1477
1477
1477
1478
1482
1482
1485
1489
1492
1492
1493
1494
1496
1497
1501
1502
1504
1505
1506
1507
1509
1511
1511
1511
1512
1513
1513
1514
1515
1515
1515
1516
1516
1518
1520
1521
1524
1525
1525
1525
1525
1527
1527
1528
1529
1529
1530
1531
1534
1534
1534
1535
1535
1537
1538
1541
1542
1542
1543
1544
1544
1544
1545
1545
1546
1547
1548
1548
1549
1549
1550
1551
1551
1551
1552
1553
1554
1554
1555
1555
1556
1557
1559
1560
1562
1562
1563
1564
1566
1568
1568
1569
1570
1570
1570
1572
1573
1575
1577
1577
1578
1579
1579
1581
1582
1583
1585
1585
1586
1587
1589
1591
1591
1592
1593
1593
1594
1594
1594
1595
1598
1598
1600
1602
1602
1603
1603
1603
1604
1605
1608
1609
1610
1610
1611
1611
1614
1615
1615
1617
1617
1617
1618
1621
1621
1622
1623
1625
1626
1631
1631
1634
1635
1635
1635
1637
1637
1639
1640
1641
1641
1642
1645
1645
1646
1647
1649
1650
1651
1652
1653
1653
1654
1654
1654
1655
1655
1656
1656
1660
1661
1661
1662
1663
1663
1663
1667
1667
1668
1668
1669
1669
1670
1670
1672
1676
1676
1677
1677
1678
1678
1678
1679
1681
1682
1683
1684
1684
1684
1684
1686
1687
1689
1690
1692
1693
1694
1694
1694
1695
1695
1695
1695
1698
1699
1699
1700
1701
1703
1703
1703
1704
1704
1704
1706
1706
1706
1706
1709
1709
1709
1711
1711
1712
1712
1715
1717
1718
1718
1721
1722
1726
1726
1726
1727
1727
1728
1729
1729
1734
1734
1735
1739
1741
1742
1742
1743
1751
1752
1753
1755
1755
1756
1758
1758
1759
1760
1761
1762
1763
1765
1765
1766
1766
1767
1768
1768
1769
1770
1770
1771
1771
1772
1772
1773
1774
1775
1775
1776
1777
1778
1780
1781
1783
1784
1784
1785
1785
1787
1787
1788
1790
1793
1794
1796
1799
1799
1799
1799
1800
1801
1802
1803
1803
1803
1803
1803
1804
1804
1807
1808
1808
1810
1810
1810
1810
1810
1811
1820
1821
1822
1824
1824
1826
1826
1829
1831
1835
1836
1838
1838
1839
1840
1840
1843
1843
1844
1846
1846
1846
1847
1848
1850
1850
1851
1851
1854
1856
1856
1856
1857
1861
1862
1863
1865
1866
1867
1868
1869
1869
1870
1872
1872
1873
1874
1874
1874
1875
1877
1880
1881
1883
1884
1884
1884
1885
1886
1886
1886
1887
1887
1888
1890
1891
1891
1891
1892
1893
1894
1895
1895
1895
1896
1896
1897
1899
1900
1903
1903
1904
1904
1905
1907
1911
1912
1912
1913
1914
1914
1915
1916
1916
1917
1917
1918
1920
1920
1921
1921
1921
1924
1925
1925
1927
1929
1932
1933
1934
1934
1937
1939
1941
1942
1942
1942
1943
1943
1945
1945
1946
1947
1949
1950
1952
1952
1953
1955
1955
1957
1958
1958
1958
1959
1959
1959
1960
1963
1964
1964
1966
1967
1968
1970
1970
1971
1971
1973
1973
1974
1976
1977
1977
1977
1980
1981
1982
1982
1983
1983
1984
1984
1985
1985
1985
1987
1988
1989
1989
1990
1990
1990
1991
1994
1994
1996
1996
1997
1997
1998
1998
2002
2004
2004
2005
2005
2006
2008
2010
2010
2012
2015
2015
2016
2016
2016
2017
2018
2018
2019
2019
2021
2022
2022
2023
2023
2024
2025
2026
2026
2028
2028
2029
2029
2031
2031
2032
2032
2032
2035
2035
2035
2036
2036
2037
2039
2040
2041
2041
2044
2044
2045
2045
2045
2046
2047
2048
2049
2051
2051
2052
2053
2054
2054
2054
2054
2055
2055
2056
2056
2056
2057
2057
2058
2058
2059
2059
2059
2061
2063
2065
2067
2069
2070
2072
2072
2072
2073
2074
2074
2074
2075
2076
2076
2077
2077
2077
2078
2078
2079
2080
2081
2082
2083
2083
2085
2086
2087
2088
2089
2091
2093
2095
2096
2096
2097
2098
2100
2101
2106
2106
2107
2107
2109
2110
2113
2114
2116
2116
2119
2120
2122
2123
2124
2125
2126
2127
2128
2131
2131
2133
2135
2135
2136
2136
2142
2144
2144
2146
2147
2149
2150
2152
2153
2153
2154
2154
2155
2156
2157
2158
2158
2158
2161
2161
2162
2163
2163
2167
2169
2169
2171
2172
2172
2172
2172
2174
2177
2181
2182
2183
2183
2183
2183
2184
2185
2186
2187
2187
2189
2190
2191
2192
2192
2192
2192
2194
2194
2194
2195
2195
2197
2198
2200
2200
2201
2205
2205
2206
2208
2209
2210
2211
2211
2214
2214
2215
2216
2217
2218
2222
2222
2222
2225
2225
2225
2226
2228
2229
2229
2229
2230
2230
2232
2233
2234
2234
2235
2235
2237
2237
2238
2239
2239
2240
2241
2242
2243
2243
2244
2245
2246
2247
2249
2249
2251
2252
2252
2253
2256
2257
2258
2260
2260
2261
2262
2262
2264
2264
2264
2264
2266
2266
2267
2268
2268
2269
2269
2270
2270
2272
2276
2276
2276
2283
2284
2284
2284
2287
2289
2289
2291
2291
2291
2292
2292
2292
2293
2293
2293
2294
2294
2295
2296
2296
2297
2298
2298
2299
2299
2299
2301
2302
2304
2304
2308
2310
2310
2312
2313
2315
2315
2317
2319
2319
2321
2325
2325
2329
2331
2333
2333
2334
2335
2336
2336
2336
2337
2337
2340
2340
2341
2341
2341
2341
2342
2342
2343
2344
2346
2347
2348
2348
2349
2351
2354
2355
2355
2355
2356
2360
2362
2365
2367
2369
2369
2369
2371
2371
2372
2373
2373
2373
2374
2374
2374
2377
2378
2379
2380
2382
2382
2383
2384
2386
2388
2389
2390
2391
2392
2392
2392
2394
2396
2396
2396
2397
2397
2398
2400
2400
2401
2401
2401
2402
2402
2402
2402
2402
2402
2402
2402
2402
2404
2405
2406
2407
2407
2407
2408
2408
2408
2409
2411
2412
2412
2413
2413
2415
2415
2417
2417
2417
2417
2419
2419
2420
2421
2422
2423
2423
2424
2425
2426
2428
2429
2430
2430
2430
2431
2433
2433
2435
2436
2436
2440
2441
2441
2441
2441
2442
2442
2445
2446
2446
2447
2448
2448
2448
2448
2449
2452
2452
2454
2455
2456
2457
2458
2460
2460
2462
2462
2462
2463
2465
2465
2465
2465
2466
2467
2468
2468
2469
2471
2472
2473
2473
2473
2473
2474
2474
2475
2475
2476
2480
2481
2483
2485
2487
2489
2489
2489
2490
2491
2491
2492
2492
2492
2492
2493
2494
2495
2495
2497
2497
2498
2499
2501
2505
2507
2507
2507
2508
2510
2511
2512
2512
2514
2514
2514
2514
2516
2517
2517
2517
2518
2518
2518
2519
2521
2521
2521
2522
2522
2524
2524
2525
2526
2526
2528
2531
2531
2534
2535
2536
2539
2539
2540
2540
2540
2540
2541
2542
2545
2546
2546
2548
2550
2551
2552
2554
2554
2555
2555
2557
2560
2561
2561
2563
2564
2565
2565
2568
2571
2571
2572
2572
2572
2573
2573
2575
2576
2577
2577
2578
2581
2583
2584
2584
2586
2589
2591
2592
2593
2597
2598
2599
2599
2599
2600
2603
2604
2608
2608
2609
2611
2611
2612
2613
2613
2615
2616
2618
2618
2619
2619
2620
2620
2620
2621
2623
2624
2626
2626
2626
2627
2628
2630
2631
2632
2632
2633
2635
2638
2639
2640
2640
2642
2643
2645
2648
2648
2649
2651
2651
2655
2657
2657
2658
2662
2663
2666
2666
2667
2667
2667
2668
2668
2668
2669
2669
2671
2671
2673
2673
2676
2677
2677
2678
2679
2679
2680
2680
2681
2682
2682
2683
2685
2687
2687
2688
2689
2689
2689
2690
2692
2692
2693
2696
2697
2699
2699
2700
2701
2702
2703
2703
2705
2706
2706
2707
2707
2709
2710
2711
2712
2713
2713
2714
2714
2714
2715
2716
2717
2717
2717
2720
2720
2721
2721
2721
2723
2724
2724
2725
2725
2725
2726
2726
2728
2728
2729
2731
2731
2731
2733
2734
2738
2738
2739
2741
2741
2744
2747
2749
2749
2754
2755
2755
2756
2759
2760
2761
2764
2764
2764
2764
2764
2765
2766
2767
2767
2769
2769
2770
2771
2772
2774
2774
2775
2775
2775
2776
2777
2777
2780
2782
2784
2785
2785
2786
2787
2788
2788
2789
2789
2789
2790
2791
2791
2792
2793
2793
2795
2796
2798
2798
2798
2802
2804
2806
2807
2808
2808
2809
2810
2811
2812
2813
2817
2817
2817
2819
2820
2820
2820
2821
2821
2821
2822
2825
2827
2828
2829
2831
2831
2832
2833
2833
2834
2835
2836
2837
2838
2838
2839
2839
2840
2841
2843
2846
2846
2847
2849
2851
2851
2851
2853
2853
2853
2853
2854
2855
2855
2855
2856
2858
2859
2861
2864
2865
2867
2870
2870
2871
2871
2871
2872
2874
2874
2876
2876
2878
2878
2879
2879
2882
2882
2883
2884
2884
2884
2886
2888
2888
2888
2888
2890
2891
2894
2894
2894
2895
2895
2896
2896
2898
2898
2899
2899
2899
2902
2902
2902
2903
2903
2903
2905
2906
2907
2907
2910
2911
2911
2913
2914
2915
2915
2916
2916
2916
2917
2918
2918
2918
2918
2919
2920
2921
2921
2921
2922
2922
2924
2924
2925
2926
2926
2927
2928
2928
2930
2930
2932
2934
2935
2936
2937
2938
2941
2944
2945
2946
2947
2947
2952
2952
2954
2959
2960
2960
2961
2963
2963
2964
2965
2968
2968
2968
2969
2970
2972
2974
2976
2976
2978
2979
2981
2982
2983
2984
2984
2985
2986
2987
2987
2987
2987
2988
2989
2989
2990
2991
2993
2994
2996
2997
2997
2997
2998
2998
2999
2999
2999
2999
3000
3000
3002
3003
3004
3006
3007
3007
3012
3013
3014
3014
3014
3017
3018
3021
3021
3021
3025
3025
3026
3026
3027
3027
3028
3028
3029
3030
3031
3031
3035
3037
3037
3037
3038
3039
3040
3040
3041
3041
3041
3042
3043
3044
3044
3045
3047
3049
3049
3051
3054
3054
3055
3058
3058
3060
3061
3061
3062
3062
3063
3066
3066
3068
3069
3070
3071
3071
3071
3073
3073
3074
3075
3075
3075
3077
3079
3079
3081
3083
3083
3083
3083
3084
3085
3086
3087
3087
3088
3091
3095
3095
3099
3105
3105
3106
3106
3107
3108
3108
3109
3111
3112
3113
3117
3118
3119
3119
3119
3119
3120
3120
3122
3123
3123
3123
3124
3124
3126
3126
3127
3128
3129
3130
3131
3133
3135
3136
3137
3138
3138
3142
3144
3145
3145
3146
3147
3149
3151
3154
3154
3155
3157
3158
3158
3160
3161
3162
3163
3164
3164
3165
3170
3172
3175
3175
3178
3178
3178
3178
3180
3186
3187
3190
3192
3194
3195
3196
3196
3196
3198
3198
3198
3198
3200
3200
3202
3204
3206
3207
3207
3208
3211
3214
3215
3217
3217
3218
3218
3218
3219
3221
3222
3223
3223
3223
3224
3226
3227
3228
3229
3229
3229
3229
3230
3232
3232
3233
3234
3237
3238
3239
3239
3240
3240
3241
3244
3245
3247
3247
3248
3248
3250
3253
3254
3256
3257
3259
3259
3260
3261
3264
3265
3265
3265
3265
3266
3266
3267
3267
3270
3271
3273
3273
3274
3275
3277
3278
3281
3282
3283
3284
3287
3287
3288
3288
3288
3291
3291
3291
3292
3292
3292
3292
3293
3294
3294
3295
3296
3297
3297
3298
3299
3299
3300
3302
3302
3304
3304
3305
3306
3306
3307
3309
3311
3312
3312
3312
3314
3315
3315
3315
3318
3319
3321
3321
3323
3325
3326
3327
3328
3329
3330
3331
3331
3332
3332
3333
3339
3340
3343
3343
3343
3343
3343
3344
3346
3346
3348
3348
3349
3351
3352
3352
3356
3357
3357
3358
3358
3358
3359
3360
3363
3363
3367
3367
3368
3369
3370
3372
3374
3374
3376
3376
3377
3377
3378
3378
3380
3380
3381
3385
3386
3386
3386
3386
3387
3388
3388
3392
3392
3394
3395
3395
3396
3397
3399
3401
3404
3404
3404
3405
3407
3408
3408
3408
3408
3410
3412
3413
3416
3418
3418
3419
3420
3421
3421
3421
3422
3422
3422
3424
3425
3427
3429
3430
3430
3430
3431
3433
3434
3434
3435
3435
3435
3437
3440
3440
3440
3441
3441
3444
3445
3446
3446
3450
3452
3453
3453
3454
3454
3459
3461
3461
3464
3464
3464
3470
3470
3473
3474
3474
3474
3475
3478
3478
3481
3482
3484
3485
3485
3485
3485
3488
3490
3493
3493
3495
3496
3497
3497
3498
3499
3499
3499
3500
3502
3502
3503
3503
3504
3504
3505
3507
3508
3509
3510
3511
3514
3514
3514
3518
3520
3520
3521
3522
3522
3522
3522
3522
3522
3523
3525
3525
3528
3529
3529
3530
3530
3530
3530
3531
3533
3533
3536
3536
3537
3537
3538
3540
3541
3542
3542
3544
3545
3546
3547
3548
3549
3549
3551
3551
3552
3553
3553
3553
3554
3554
3556
3556
3556
3557
3559
3559
3563
3563
3564
3565
3566
3566
3569
3570
3571
3572
3572
3573
3573
3573
3574
3577
3577
3579
3580
3580
3581
3581
3581
3581
3581
3582
3582
3583
3584
3584
3585
3585
3585
3586
3586
3587
3588
3592
3593
3596
3596
3597
3598
3600
3600
3602
3603
3603
3604
3605
3606
3609
3610
3610
3612
3612
3612
3614
3614
3616
3617
3620
3621
3622
3623
3626
3630
3630
3635
3635
3635
3637
3637
3638
3638
3639
3640
3642
3642
3643
3644
3645
3645
3645
3647
3647
3648
3648
3648
3649
3649
3649
3649
3652
3655
3655
3655
3657
3659
3659
3662
3662
3664
3667
3667
3667
3671
3672
3673
3676
3676
3677
3677
3679
3679
3680
3680
3680
3682
3682
3683
3683
3685
3686
3688
3689
3689
3689
3694
3695
3696
3698
3698
3698
3698
3699
3699
3701
3701
3702
3702
3703
3703
3704
3705
3706
3707
3707
3707
3707
3713
3714
3714
3715
3716
3717
3717
3718
3719
3719
3719
3723
3723
3724
3724
3725
3727
3728
3729
3730
3730
3733
3733
3734
3735
3736
3736
3738
3738
3739
3740
3744
3745
3746
3747
3747
3748
3750
3750
3751
3752
3752
3753
3753
3754
3754
3754
3755
3755
3755
3757
3758
3758
3760
3762
3762
3764
3766
3766
3766
3767
3767
3768
3768
3768
3770
3771
3771
3773
3774
3775
3776
3778
3779
3780
3780
3782
3782
3783
3784
3784
3784
3786
3787
3788
3788
3789
3789
3789
3790
3790
3790
3791
3792
3793
3794
3794
3794
3795
3797
3799
3800
3802
3803
3803
3805
3806
3807
3807
3809
3809
3809
3810
3811
3811
3812
3812
3813
3813
3814
3817
3817
3819
3819
3820
3822
3823
3825
3825
3826
3826
3826
3827
3827
3828
3828
3831
3831
3833
3834
3835
3836
3837
3838
3839
3841
3842
3842
3842
3842
3844
3846
3847
3847
3848
3848
3849
3849
3850
3850
3851
3851
3856
3857
3857
3859
3860
3861
3861
3861
3861
3863
3863
3864
3865
3871
3876
3884
3885
3885
3885
3885
3886
3886
3889
3889
3890
3891
3892
3893
3894
3896
3901
3902
3903
3903
3903
3903
3904
3905
3906
3908
3910
3912
3915
3916
3917
3917
3921
3923
3925
3925
3927
3928
3928
3929
3930
3932
3932
3932
3932
3932
3934
3936
3937
3937
3940
3940
3941
3941
3942
3943
3945
3945
3946
3948
3949
3949
3950
3950
3950
3951
3952
3953
3954
3956
3956
3957
3957
3958
3959
3959
3962
3964
3964
3965
3967
3967
3968
3968
3969
3969
3970
3971
3971
3975
3975
3976
3978
3978
3981
3981
3984
3985
3988
3988
3989
3989
3990
3991
3991
3992
3996
3999
3999
4000
4000
4001
4001
4001
4003
4004
4007
4008
4008
4009
4010
4011
4012
4012
4013
4014
4015
4016
4017
4018
4022
4022
4023
4023
4023
4023
4027
4028
4029
4029
4031
4032
4033
4034
4034
4034
4035
4038
4040
4040
4040
4041
4041
4043
4044
4046
4046
4049
4050
4050
4052
4052
4053
4053
4055
4055
4057
4057
4058
4058
4059
4059
4059
4060
4061
4063
4064
4064
4070
4071
4073
4073
4074
4075
4077
4077
4077
4078
4078
4078
4078
4079
4079
4080
4081
4081
4083
4085
4085
4085
4085
4085
4087
4088
4088
4090
4093
4094
4096
4098
4101
4101
4101
4102
4104
4104
4109
4109
4110
4111
4112
4113
4116
4116
4118
4119
4122
4122
4122
4122
4123
4125
4125
4126
4126
4127
4129
4131
4131
4132
4133
4133
4135
4135
4139
4140
4142
4144
4144
4146
4146
4146
4147
4149
4150
4150
4151
4153
4156
4156
4156
4156
4157
4157
4159
4160
4161
4162
4162
4163
4163
4164
4164
4165
4165
4166
4166
4167
4167
4172
4174
4174
4175
4176
4177
4179
4181
4182
4183
4185
4185
4188
4190
4192
4193
4193
4193
4193
4194
4197
4200
4200
4201
4202
4203
4203
4203
4204
4204
4205
4205
4205
4208
4209
4209
4209
4209
4210
4210
4210
4212
4213
4213
4214
4215
4216
4219
4220
4220
4221
4223
4224
4224
4225
4225
4226
4229
4230
4230
4231
4231
4234
4234
4236
4237
4237
4240
4240
4248
4251
4251
4252
4253
4255
4255
4256
4257
4258
4260
4260
4261
4262
4262
4265
4265
4266
4267
4267
4268
4269
4269
4270
4271
4274
4274
4278
4278
4279
4279
4280
4282
4285
4285
4285
4286
4286
4288
4292
4292
4294
4294
4296
4299
4299
4300
4301
4301
4301
4301
4305
4307
4308
4308
4309
4310
4313
4314
4315
4318
4318
4318
4319
4320
4323
4324
4325
4326
4329
4329
4331
4331
4331
4334
4334
4335
4335
4336
4337
4337
4338
4338
4339
4339
4340
4340
4341
4341
4341
4342
4345
4345
4346
4346
4346
4347
4349
4349
4349
4350
4352
4352
4353
4354
4354
4354
4357
4357
4360
4360
4361
4361
4362
4365
4367
4369
4370
4370
4373
4374
4374
4375
4376
4376
4376
4378
4379
4380
4380
4382
4384
4386
4386
4388
4389
4389
4389
4394
4395
4396
4397
4397
4398
4400
4402
4402
4402
4403
4403
4403
4406
4408
4410
4411
4414
4414
4414
4415
4416
4416
4417
4418
4420
4425
4425
4425
4426
4427
4428
4429
4430
4431
4433
4433
4433
4434
4434
4434
4438
4441
4441
4442
4443
4445
4446
4448
4450
4451
4452
4452
4454
4454
4457
4459
4459
4459
4459
4459
4460
4461
4462
4466
4468
4468
4469
4470
4472
4472
4473
4474
4478
4479
4481
4482
4482
4482
4483
4484
4484
4485
4485
4485
4489
4489
4490
4490
4491
4492
4492
4492
4496
4496
4497
4498
4499
4499
4499
4500
4503
4504
4504
4505
4507
4508
4511
4512
4514
4516
4517
4519
4519
4519
4519
4521
4521
4522
4525
4525
4525
4526
4527
4527
4528
4528
4529
4533
4533
4534
4535
4535
4537
4537
4538
4540
4540
4540
4541
4544
4544
4544
4544
4545
4546
4547
4549
4549
4549
4550
4551
4553
4553
4554
4554
4554
4555
4555
4555
4556
4556
4557
4558
4558
4561
4567
4568
4570
4571
4571
4571
4571
4573
4574
4575
4575
4575
4578
4579
4580
4581
4581
4582
4583
4583
4588
4588
4589
4590
4591
4592
4592
4594
4594
4594
4600
4600
4600
4601
4602
4603
4607
4607
4610
4610
4612
4613
4615
4616
4617
4617
4619
4619
4619
4620
4621
4621
4622
4622
4623
4624
4625
4626
4626
4627
4627
4627
4627
4627
4628
4630
4631
4634
4636
4636
4636
4637
4638
4641
4641
4642
4642
4647
4648
4649
4649
4649
4651
4653
4655
4655
4656
4657
4657
4660
4660
4661
4661
4662
4662
4664
4664
4664
4665
4666
4666
4668
4669
4672
4673
4674
4675
4676
4679
4682
4684
4685
4685
4686
4687
4688
4688
4688
4690
4692
4694
4697
4697
4699
4700
4700
4700
4702
4703
4703
4704
4705
4707
4707
4708
4710
4711
4711
4713
4715
4717
4718
4721
4722
4723
4723
4724
4724
4724
4725
4726
4727
4727
4728
4729
4729
4730
4730
4732
4734
4736
4737
4737
4738
4739
4740
4740
4741
4744
4745
4746
4746
4747
4747
4748
4748
4748
4749
4750
4751
4751
4751
4752
4753
4754
4755
4756
4756
4756
4757
4758
4759
4759
4760
4760
4762
4762
4764
4765
4766
4768
4768
4769
4769
4770
4771
4771
4772
4773
4773
4774
4774
4776
4777
4779
4779
4779
4780
4782
4782
4784
4785
4787
4787
4788
4789
4790
4790
4791
4792
4793
4795
4798
4799
4800
4801
4801
4801
4801
4802
4802
4804
4804
4805
4807
4810
4810
4812
4814
4814
4815
4818
4818
4820
4821
4822
4822
4823
4823
4823
4824
4824
4825
4826
4827
4828
4829
4829
4830
4831
4831
4831
4833
4835
4836
4837
4837
4837
4837
4838
4838
4840
4842
4843
4843
4848
4850
4856
4856
4857
4857
4858
4859
4860
4861
4862
4862
4868
4870
4870
4871
4872
4878
4880
4882
4882
4883
4886
4886
4886
4886
4887
4887
4890
4890
4892
4893
4893
4894
4894
4894
4896
4897
4897
4898
4898
4899
4900
4903
4904
4904
4906
4906
4906
4906
4906
4907
4908
4908
4908
4909
4910
4911
4911
4913
4913
4914
4915
4916
4916
4916
4917
4918
4918
4921
4922
4922
4923
4927
4928
4928
4931
4931
4932
4932
4932
4933
4933
4934
4936
4937
4938
4939
4941
4944
4945
4945
4946
4946
4946
4946
4947
4949
4949
4950
4951
4951
4952
4953
4958
4959
4960
4960
4961
4964
4968
4968
4969
4969
4970
4971
4971
4971
4972
4972
4973
4974
4974
4974
4974
4975
4976
4977
4981
4981
4982
4983
4985
4985
4986
4986
4986
4986
4986
4986
4987
4989
4990
4991
4992
4993
4993
4993
4994
4995
4997
4997
4998
4998
5000
5001
5001
5002
5003
5003
5004
5004
5004
5004
5004
5005
5006
5006
5008
5010
5012
5012
5013
5015
5015
5015
5016
5019
5021
5022
5023
5023
5023
5024
5024
5024
5025
5025
5026
5028
5029
5029
5031
5031
5031
5032
5032
5033
5035
5035
5035
5039
5042
5043
5043
5045
5046
5049
5049
5050
5050
5050
5050
5051
5052
5053
5054
5055
5056
5056
5056
5059
5060
5060
5062
5063
5063
5066
5067
5069
5069
5070
5071
5072
5073
5073
5076
5076
5077
5078
5078
5078
5078
5080
5081
5082
5083
5083
5084
5084
5084
5084
5086
5088
5089
5093
5095
5096
5097
5099
5100
5100
5100
5102
5104
5106
5107
5108
5108
5110
5110
5111
5114
5115
5115
5117
5117
5118
5120
5120
5121
5123
5124
5125
5125
5128
5129
5130
5130
5130
5130
5130
5131
5131
5131
5133
5136
5136
5137
5137
5139
5139
5139
5140
5140
5140
5141
5142
5142
5143
5144
5145
5145
5145
5146
5146
5146
5146
5148
5151
5153
5153
5157
5158
5158
5158
5159
5162
5162
5163
5164
5164
5164
5166
5167
5168
5169
5169
5169
5170
5172
5172
5177
5177
5179
5181
5182
5182
5183
5183
5184
5185
5185
5186
5188
5191
5191
5191
5192
5196
5197
5197
5200
5200
5200
5201
5201
5202
5202
5203
5204
5204
5208
5209
5209
5210
5212
5212
5215
5216
5216
5219
5220
5220
5221
5222
5223
5224
5225
5228
5229
5232
5234
5235
5237
5237
5238
5239
5240
5241
5241
5245
5245
5245
5247
5247
5249
5249
5250
5250
5251
5251
5252
5252
5253
5254
5257
5258
5258
5260
5261
5263
5263
5264
5264
5264
5266
5267
5268
5269
5271
5271
5271
5271
5273
5273
5273
5274
5274
5276
5276
5277
5278
5278
5278
5279
5280
5281
5281
5281
5283
5283
5284
5286
5287
5287
5287
5287
5287
5288
5288
5289
5290
5290
5290
5290
5291
5292
5294
5294
5294
5296
5297
5297
5298
5299
5299
5301
5303
5304
5305
5305
5305
5308
5308
5310
5311
5315
5315
5317
5318
5319
5321
5323
5328
5330
5331
5332
5332
5333
5334
5335
5335
5335
5335
5336
5338
5338
5339
5340
5341
5348
5348
5349
5349
5351
5354
5354
5354
5355
5356
5357
5357
5358
5363
5364
5364
5364
5365
5366
5368
5370
5371
5372
5372
5373
5377
5377
5378
5381
5382
5382
5383
5384
5384
5384
5385
5385
5386
5386
5387
5389
5389
5389
5390
5392
5392
5393
5394
5394
5395
5395
5396
5398
5401
5401
5402
5402
5402
5403
5404
5404
5406
5407
5407
5409
5411
5412
5412
5413
5415
5417
5417
5417
5419
5420
5422
5423
5424
5424
5429
5430
5432
5432
5433
5433
5433
5433
5434
5437
5438
5440
5441
5443
5444
5444
5445
5447
5447
5448
5448
5449
5451
5453
5456
5456
5456
5456
5458
5458
5459
5460
5461
5461
5462
5464
5465
5466
5467
5467
5469
5471
5471
5471
5471
5472
5472
5472
5475
5475
5475
5479
5480
5480
5480
5481
5483
5488
5489
5492
5492
5493
5493
5495
5496
5497
5498
5501
5501
5502
5503
5505
5506
5506
5506
5507
5509
5510
5510
5510
5511
5512
5512
5513
5515
5515
5516
5517
5518
5518
5518
5519
5519
5519
5522
5524
5524
5525
5526
5528
5530
5530
5531
5531
5532
5537
5537
5539
5541
5542
5542
5543
5544
5545
5545
5546
5546
5547
5547
5547
5548
5549
5550
5550
5550
5551
5553
5556
5561
5561
5564
5566
5566
5567
5567
5569
5570
5573
5575
5575
5576
5577
5578
5582
5582
5584
5585
5586
5587
5588
5588
5589
5590
5590
5590
5591
5591
5592
5593
5597
5597
5597
5598
5599
5599
5599
5600
5600
5601
5603
5605
5606
5606
5610
5615
5616
5616
5617
5617
5618
5618
5618
5619
5619
5620
5622
5622
5622
5625
5625
5626
5627
5628
5628
5628
5629
5629
5629
5629
5633
5633
5637
5638
5638
5638
5639
5640
5641
5642
5643
5644
5645
5646
5647
5647
5647
5647
5648
5648
5649
5650
5654
5655
5655
5656
5658
5658
5658
5659
5660
5660
5663
5663
5664
5665
5665
5666
5666
5667
5667
5669
5669
5672
5673
5674
5674
5674
5676
5676
5677
5677
5677
5677
5678
5678
5682
5682
5683
5685
5685
5688
5691
5691
5692
5694
5695
5695
5697
5697
5697
5698
5698
5698
5703
5705
5705
5705
5706
5707
5708
5708
5708
5708
5710
5712
5713
5714
5715
5717
5718
5718
5719
5721
5723
5724
5725
5729
5729
5730
5730
5731
5731
5731
5733
5733
5735
5735
5736
5737
5738
5741
5744
5746
5750
5750
5751
5751
5752
5752
5752
5752
5755
5755
5756
5758
5760
5760
5760
5761
5761
5762
5763
5763
5764
5765
5765
5766
5768
5768
5773
5774
5774
5778
5778
5778
5779
5780
5780
5782
5787
5789
5789
5789
5790
5791
5792
5793
5795
5796
5797
5797
5797
5799
5800
5801
5801
5802
5804
5807
5809
5812
5813
5813
5813
5813
5814
5814
5814
5815
5815
5818
5820
5821
5823
5823
5823
5824
5824
5825
5825
5825
5826
5826
5827
5827
5827
5827
5829
5830
5831
5833
5834
5834
5835
5835
5835
5835
5837
5838
5840
5844
5844
5846
5848
5850
5850
5851
5852
5853
5853
5854
5854
5854
5854
5855
5856
5856
5859
5860
5862
5862
5863
5864
5866
5867
5871
5873
5873
5874
5876
5877
5880
5882
5883
5884
5885
5887
5888
5889
5889
5889
5889
5890
5890
5890
5890
5891
5891
5891
5892
5893
5894
5894
5896
5899
5899
5901
5901
5903
5903
5903
5904
5906
5908
5910
5911
5912
5912
5916
5917
5918
5919
5920
5922
5922
5923
5926
5928
5929
5930
5931
5933
5935
5935
5938
5939
5939
5940
5941
5942
5943
5944
5944
5944
5945
5947
5947
5949
5950
5951
5951
5956
5956
5958
5959
5960
5961
5961
5962
5963
5964
5965
5966
5966
5967
5971
5971
5975
5977
5978
5978
5978
5978
5981
5981
5982
5983
5983
5983
5983
5983
5984
5984
5987
5987
5989
5991
5992
5992
5993
5993
5993
5994
5995
5997
5997
5997
5998
5998
6000
6001
6002
6003
6003
6004
6005
6006
6006
6008
6008
6010
6012
6013
6014
6014
6015
6016
6018
6019
6019
6020
6020
6021
6022
6022
6023
6024
6024
6025
6027
6030
6031
6032
6032
6032
6032
6034
6035
6037
6038
6039
6039
6039
6041
6043
6043
6043
6045
6045
6045
6048
6050
6050
6051
6052
6054
6056
6056
6056
6057
6058
6058
6061
6063
6064
6065
6066
6066
6067
6067
6069
6069
6071
6072
6072
6075
6076
6078
6078
6079
6080
6080
6082
6083
6084
6085
6086
6087
6087
6091
6091
6095
6096
6099
6100
6101
6101
6101
6102
6102
6102
6102
6102
6102
6103
6103
6105
6106
6108
6108
6109
6109
6110
6110
6110
6113
6114
6115
6116
6116
6116
6118
6118
6118
6119
6121
6121
6122
6122
6125
6127
6129
6130
6131
6132
6134
6135
6136
6137
6138
6140
6140
6141
6145
6146
6146
6146
6148
6149
6149
6151
6153
6154
6154
6155
6157
6158
6160
6164
6169
6171
6172
6173
6175
6175
6175
6176
6177
6179
6179
6182
6183
6185
6187
6188
6188
6189
6191
6192
6192
6193
6195
6196
6196
6197
6198
6199
6200
6200
6200
6201
6204
6204
6205
6205
6206
6207
6207
6208
6211
6211
6213
6215
6217
6218
6219
6220
6220
6220
6221
6221
6223
6223
6224
6224
6225
6226
6229
6229
6230
6230
6230
6231
6232
6233
6233
6233
6235
6236
6236
6237
6238
6239
6239
6241
6241
6241
6243
6247
6250
6250
6251
6251
6252
6252
6252
6253
6254
6256
6256
6258
6259
6259
6261
6264
6268
6268
6268
6269
6271
6271
6272
6272
6273
6274
6275
6275
6277
6277
6277
6279
6280
6286
6287
6288
6288
6289
6291
6293
6293
6297
6298
6298
6301
6303
6303
6303
6303
6304
6304
6304
6305
6306
6306
6306
6307
6307
6308
6308
6312
6314
6314
6314
6315
6315
6316
6316
6316
6317
6318
6318
6319
6319
6320
6322
6323
6323
6324
6325
6326
6326
6327
6327
6328
6329
6330
6332
6332
6334
6335
6335
6336
6337
6339
6341
6341
6341
6343
6343
6344
6344
6345
6347
6348
6349
6349
6350
6351
6351
6353
6353
6354
6354
6354
6355
6357
6357
6359
6359
6361
6362
6364
6366
6366
6367
6371
6371
6374
6374
6374
6376
6376
6376
6378
6381
6382
6383
6383
6385
6388
6390
6390
6392
6393
6394
6394
6395
6396
6397
6397
6402
6403
6404
6404
6406
6408
6409
6409
6409
6410
6411
6413
6414
6415
6416
6420
6420
6421
6421
6424
6425
6426
6426
6427
6427
6427
6429
6429
6429
6429
6430
6430
6430
6433
6434
6434
6435
6437
6437
6438
6438
6439
6439
6439
6439
6440
6440
6441
6442
6443
6444
6445
6446
6447
6448
6449
6450
6450
6451
6451
6457
6459
6459
6464
6465
6466
6468
6469
6469
6469
6473
6475
6476
6476
6477
6478
6484
6486
6487
6487
6488
6488
6491
6491
6493
6493
6495
6496
6497
6498
6498
6501
6503
6504
6504
6505
6505
6506
6507
6509
6509
6509
6510
6510
6510
6511
6511
6512
6517
6517
6517
6517
6518
6519
6519
6521
6521
6521
6523
6524
6524
6529
6529
6531
6532
6532
6534
6535
6536
6537
6537
6537
6539
6539
6539
6539
6541
6541
6542
6543
6546
6546
6546
6547
6549
6550
6552
6553
6556
6558
6560
6560
6563
6564
6565
6567
6568
6568
6568
6570
6570
6571
6574
6574
6575
6576
6576
6576
6577
6577
6578
6578
6578
6580
6580
6582
6582
6584
6585
6587
6588
6588
6588
6589
6590
6592
6592
6595
6595
6595
6595
6597
6597
6597
6599
6599
6599
6600
6601
6601
6602
6603
6603
6603
6603
6605
6607
6607
6610
6611
6614
6615
6615
6617
6618
6619
6619
6620
6622
6623
6625
6627
6627
6628
6628
6629
6630
6631
6635
6638
6638
6638
6639
6639
6640
6643
6643
6645
6646
6647
6647
6648
6648
6648
6651
6651
6652
6652
6652
6653
6657
6659
6661
6663
6666
6668
6670
6670
6671
6671
6671
6672
6672
6672
6673
6675
6676
6677
6678
6678
6679
6679
6680
6682
6683
6683
6685
6688
6689
6689
6689
6690
6692
6693
6694
6694
6694
6695
6697
6697
6697
6699
6700
6700
6701
6704
6705
6705
6705
6707
6708
6708
6710
6710
6711
6713
6714
6716
6718
6719
6719
6719
6719
6720
6721
6724
6724
6725
6727
6728
6728
6728
6728
6729
6731
6731
6731
6732
6734
6735
6736
6739
6739
6742
6744
6745
6748
6750
6750
6751
6752
6753
6755
6755
6756
6756
6758
6758
6760
6760
6761
6762
6763
6764
6764
6766
6768
6768
6768
6768
6769
6769
6770
6771
6774
6776
6777
6777
6777
6777
6778
6778
6779
6779
6780
6780
6780
6780
6781
6782
6784
6787
6788
6788
6788
6788
6790
6790
6791
6792
6793
6793
6794
6796
6797
6798
6799
6800
6800
6801
6802
6805
6806
6808
6810
6814
6815
6816
6817
6817
6819
6819
6819
6821
6823
6823
6823
6824
6824
6825
6827
6827
6828
6828
6831
6832
6833
6834
6834
6835
6835
6836
6836
6838
6838
6839
6839
6840
6842
6844
6844
6845
6846
6846
6846
6846
6848
6848
6849
6851
6852
6852
6854
6855
6858
6859
6860
6861
6861
6864
6864
6864
6865
6867
6868
6869
6869
6869
6870
6870
6871
6873
6873
6874
6875
6878
6878
6880
6882
6883
6883
6884
6885
6886
6888
6890
6891
6891
6892
6894
6894
6895
6896
6896
6897
6897
6898
6900
6900
6901
6903
6903
6903
6903
6904
6905
6905
6908
6909
6909
6910
6911
6912
6912
6915
6918
6919
6919
6919
6920
6920
6920
6921
6921
6923
6924
6925
6925
6926
6926
6926
6927
6928
6928
6929
6930
6931
6933
6934
6934
6934
6935
6935
6938
6939
6944
6946
6947
6949
6950
6952
6954
6954
6955
6955
6955
6956
6960
6961
6962
6962
6962
6963
6965
6965
6965
6966
6966
6969
6969
6970
6972
6972
6973
6974
6975
6975
6977
6977
6979
6981
6981
6982
6985
6985
6985
6985
6988
6988
6988
6988
6992
6994
6994
6994
6995
6998
7000
7000
7000
7000
7004
7005
7005
7005
7005
7007
7009
7010
7010
7010
7012
7012
7013
7013
7014
7015
7015
7016
7016
7017
7017
7018
7019
7021
7022
7024
7025
7025
7028
7028
7029
7030
7031
7031
7033
7034
7035
7036
7036
7036
7037
7037
7037
7037
7039
7041
7042
7042
7043
7044
7045
7047
7047
7048
7048
7049
7049
7050
7051
7052
7054
7054
7054
7055
7055
7055
7059
7062
7063
7063
7064
7065
7065
7067
7067
7067
7068
7069
7069
7071
7073
7075
7077
7077
7078
7080
7080
7083
7083
7084
7086
7086
7089
7092
7093
7093
7094
7094
7095
7095
7095
7096
7096
7097
7100
7101
7101
7102
7102
7104
7104
7107
7108
7110
7110
7111
7111
7113
7114
7116
7117
7117
7118
7118
7118
7122
7122
7123
7124
7124
7124
7125
7126
7126
7127
7127
7128
7129
7129
7129
7130
7130
7130
7132
7132
7133
7133
7134
7134
7137
7138
7140
7140
7143
7143
7143
7145
7146
7147
7147
7147
7148
7148
7148
7148
7150
7151
7151
7152
7156
7157
7157
7158
7159
7160
7160
7161
7165
7165
7166
7168
7169
7172
7172
7177
7178
7179
7179
7179
7180
7180
7181
7182
7182
7182
7183
7190
7190
7191
7192
7193
7193
7194
7194
7195
7196
7198
7199
7199
7202
7202
7203
7206
7207
7208
7208
7209
7210
7210
7212
7212
7213
7213
7214
7214
7215
7217
7218
7218
7219
7219
7220
7220
7221
7221
7221
7224
7225
7226
7226
7229
7230
7230
7231
7231
7232
7233
7235
7236
7237
7238
7239
7240
7241
7243
7245
7245
7247
7247
7247
7249
7249
7251
7254
7256
7256
7256
7257
7258
7258
7260
7263
7264
7265
7267
7269
7271
7272
7273
7274
7274
7274
7275
7276
7276
7277
7277
7277
7279
7279
7279
7281
7281
7284
7284
7286
7287
7287
7288
7290
7290
7291
7291
7291
7291
7291
7291
7292
7294
7294
7295
7295
7295
7295
7296
7296
7297
7301
7301
7302
7302
7302
7304
7304
7305
7305
7307
7307
7308
7309
7311
7312
7314
7314
7315
7315
7316
7317
7318
7318
7319
7320
7320
7321
7323
7323
7326
7326
7327
7327
7327
7327
7329
7330
7330
7331
7331
7334
7338
7338
7340
7340
7342
7342
7343
7343
7343
7344
7345
7347
7347
7349
7351
7352
7354
7358
7358
7363
7364
7365
7366
7367
7367
7368
7369
7370
7371
7372
7372
7372
7373
7373
7373
7373
7373
7373
7375
7375
7381
7381
7381
7386
7386
7386
7388
7390
7391
7394
7396
7396
7398
7399
7399
7403
7404
7404
7404
7405
7406
7408
7408
7408
7410
7411
7415
7415
7415
7417
7417
7418
7418
7419
7420
7421
7422
7422
7422
7424
7425
7427
7427
7428
7429
7431
7433
7433
7434
7434
7435
7435
7437
7438
7438
7441
7442
7442
7443
7444
7445
7446
7446
7448
7449
7451
7451
7451
7453
7454
7455
7458
7459
7459
7461
7462
7463
7464
7464
7465
7467
7468
7469
7469
7470
7471
7471
7471
7471
7472
7472
7473
7474
7477
7477
7480
7481
7481
7483
7485
7485
7486
7488
7490
7491
7491
7492
7496
7496
7496
7496
7496
7496
7497
7498
7501
7502
7504
7506
7511
7511
7513
7513
7513
7514
7515
7518
7519
7519
7519
7520
7523
7523
7526
7527
7529
7529
7531
7531
7532
7532
7532
7532
7532
7533
7534
7535
7535
7536
7536
7537
7539
7541
7541
7546
7547
7547
7547
7550
7552
7552
7552
7554
7555
7555
7556
7558
7558
7559
7560
7560
7561
7562
7562
7563
7564
7564
7567
7568
7569
7570
7570
7572
7572
7573
7574
7575
7575
7575
7576
7577
7578
7578
7581
7583
7583
7583
7584
7585
7586
7586
7586
7587
7587
7588
7588
7588
7589
7590
7590
7590
7590
7590
7595
7596
7597
7597
7599
7600
7601
7602
7603
7603
7604
7604
7604
7606
7609
7609
7611
7612
7612
7613
7613
7615
7615
7616
7616
7616
7619
7623
7624
7625
7627
7628
7629
7629
7629
7631
7632
7632
7632
7636
7637
7640
7640
7641
7641
7642
7642
7642
7642
7646
7647
7648
7649
7652
7653
7653
7654
7654
7655
7656
7656
7657
7658
7659
7660
7661
7661
7661
7663
7664
7664
7664
7664
7664
7666
7666
7667
7667
7670
7670
7672
7672
7673
7674
7677
7677
7677
7680
7686
7686
7686
7687
7688
7688
7690
7690
7691
7691
7693
7693
7694
7695
7695
7696
7697
7698
7699
7701
7701
7702
7704
7708
7709
7710
7711
7711
7713
7716
7718
7719
7719
7720
7724
7724
7724
7726
7726
7727
7730
7730
7737
7742
7745
7746
7749
7752
7754
7755
7755
7758
7759
7761
7763
7767
7770
7771
7772
7773
7773
7774
7774
7775
7775
7776
7777
7781
7783
7783
7783
7783
7784
7786
7786
7787
7788
7790
7792
7792
7792
7794
7794
7794
7795
7795
7799
7800
7802
7802
7804
7804
7805
7805
7808
7808
7809
7811
7816
7817
7817
7817
7818
7820
7820
7821
7822
7824
7824
7825
7827
7828
7829
7829
7830
7832
7834
7835
7835
7836
7836
7836
7837
7838
7839
7840
7842
7843
7843
7845
7845
7845
7846
7847
7848
7848
7850
7851
7851
7852
7854
7855
7855
7856
7856
7856
7857
7857
7857
7857
7858
7858
7858
7860
7861
7861
7863
7865
7866
7866
7866
7867
7870
7871
7873
7874
7874
7874
7875
7877
7878
7880
7880
7881
7881
7881
7884
7884
7884
7885
7885
7886
7886
7887
7889
7889
7890
7892
7893
7893
7894
7896
7896
7899
7900
7902
7905
7906
7908
7910
7911
7911
7912
7912
7913
7914
7916
7918
7919
7922
7922
7922
7924
7925
7925
7926
7926
7926
7926
7927
7929
7930
7930
7930
7930
7933
7933
7934
7934
7935
7936
7936
7937
7939
7940
7941
7941
7941
7943
7945
7945
7945
7947
7947
7949
7950
7950
7952
7953
7953
7953
7955
7955
7956
7956
7959
7960
7963
7963
7963
7964
7964
7965
7966
7966
7967
7968
7971
7971
7971
7973
7973
7975
7977
7979
7979
7979
7980
7981
7981
7981
7982
7983
7984
7986
7986
7987
7987
7988
7988
7988
7989
7989
7991
7991
7991
7991
7991
7993
7996
7997
7997
8000
8001
8002
8003
8003
8005
8005
8009
8010
8010
8010
8011
8011
8012
8012
8013
8014
8015
8017
8018
8018
8022
8022
8023
8023
8023
8027
8027
8027
8028
8029
8030
8030
8032
8032
8033
8034
8034
8035
8036
8037
8037
8039
8039
8039
8040
8041
8042
8042
8046
8046
8048
8048
8049
8050
8050
8050
8053
8054
8055
8056
8056
8056
8057
8057
8057
8061
8065
8065
8066
8067
8068
8069
8069
8071
8072
8073
8074
8077
8078
8081
8081
8082
8082
8083
8083
8087
8087
8087
8089
8091
8092
8092
8096
8097
8097
8097
8098
8098
8101
8101
8102
8102
8103
8105
8106
8106
8107
8107
8113
8113
8114
8115
8115
8116
8118
8118
8119
8119
8119
8125
8125
8125
8125
8126
8126
8130
8131
8134
8135
8136
8137
8138
8138
8139
8140
8141
8142
8142
8143
8143
8144
8144
8145
8145
8146
8148
8149
8150
8151
8152
8152
8153
8153
8154
8155
8158
8158
8159
8162
8162
8162
8163
8165
8165
8166
8167
8168
8168
8168
8168
8169
8170
8171
8174
8175
8176
8176
8177
8181
8181
8181
8182
8182
8182
8183
8186
8187
8188
8190
8191
8192
8195
8197
8198
8199
8200
8201
8201
8203
8204
8204
8205
8207
8207
8207
8208
8208
8210
8211
8212
8214
8216
8218
8218
8222
8222
8222
8223
8224
8224
8224
8229
8230
8231
8232
8232
8234
8234
8234
8235
8235
8235
8236
8237
8237
8238
8242
8244
8244
8245
8252
8254
8255
8256
8256
8256
8257
8259
8260
8261
8262
8264
8264
8265
8265
8266
8267
8269
8269
8269
8269
8271
8271
8272
8272
8273
8274
8274
8274
8274
8274
8275
8276
8277
8277
8278
8279
8279
8281
8281
8281
8282
8283
8284
8285
8285
8286
8286
8286
8286
8288
8290
8292
8292
8293
8294
8296
8296
8298
8298
8300
8300
8300
8301
8302
8302
8303
8304
8304
8305
8306
8306
8307
8307
8308
8314
8315
8318
8318
8321
8321
8322
8322
8322
8323
8325
8326
8326
8327
8330
8331
8331
8332
8333
8336
8336
8337
8337
8338
8339
8340
8340
8340
8342
8342
8343
8345
8347
8349
8352
8352
8353
8354
8354
8354
8355
8355
8355
8359
8359
8360
8362
8363
8366
8367
8367
8368
8369
8370
8370
8371
8372
8372
8373
8376
8376
8377
8377
8377
8379
8382
8383
8384
8384
8386
8386
8386
8387
8387
8389
8389
8390
8391
8391
8392
8392
8393
8393
8394
8394
8398
8400
8403
8404
8404
8404
8404
8404
8407
8407
8408
8409
8410
8410
8410
8412
8413
8415
8415
8415
8416
8417
8418
8418
8419
8421
8422
8422
8423
8425
8425
8427
8429
8431
8432
8432
8432
8433
8433
8434
8436
8436
8437
8438
8438
8441
8441
8442
8443
8444
8445
8447
8448
8448
8449
8449
8449
8451
8451
8452
8453
8453
8453
8454
8455
8456
8456
8457
8457
8459
8460
8461
8462
8462
8462
8463
8465
8465
8468
8469
8469
8471
8471
8471
8472
8472
8473
8474
8474
8475
8475
8476
8478
8479
8479
8480
8481
8482
8483
8483
8483
8484
8484
8484
8485
8485
8486
8486
8491
8491
8492
8494
8495
8496
8497
8501
8501
8502
8502
8502
8504
8508
8508
8509
8509
8510
8510
8510
8512
8512
8512
8513
8515
8515
8515
8516
8516
8517
8517
8518
8519
8520
8520
8520
8521
8521
8521
8521
8522
8523
8525
8526
8527
8528
8530
8531
8531
8532
8532
8532
8533
8533
8534
8534
8535
8536
8536
8541
8542
8542
8542
8542
8544
8544
8547
8548
8549
8549
8549
8549
8549
8550
8550
8551
8552
8553
8553
8554
8559
8559
8559
8559
8560
8563
8563
8564
8565
8565
8567
8567
8568
8569
8569
8569
8570
8572
8574
8575
8575
8578
8578
8579
8583
8587
8587
8587
8588
8588
8589
8590
8590
8591
8592
8595
8595
8597
8599
8600
8600
8601
8604
8605
8605
8605
8606
8610
8611
8612
8613
8614
8614
8614
8614
8618
8619
8620
8620
8621
8622
8623
8623
8623
8627
8630
8632
8633
8635
8636
8636
8637
8639
8639
8641
8641
8642
8643
8643
8644
8646
8648
8649
8650
8650
8650
8652
8653
8654
8656
8656
8657
8657
8658
8658
8659
8659
8660
8665
8665
8666
8668
8668
8669
8669
8669
8669
8669
8670
8671
8672
8672
8672
8674
8674
8676
8677
8679
8679
8679
8679
8680
8681
8681
8682
8682
8684
8684
8684
8686
8686
8687
8687
8689
8690
8690
8690
8691
8691
8692
8693
8694
8695
8695
8699
8700
8700
8701
8702
8703
8703
8703
8706
8706
8706
8709
8712
8713
8713
8714
8714
8716
8718
8718
8718
8719
8719
8719
8721
8723
8723
8724
8725
8726
8728
8730
8730
8734
8734
8734
8735
8736
8736
8736
8737
8738
8739
8740
8740
8741
8741
8742
8744
8745
8746
8746
8746
8747
8748
8748
8749
8749
8750
8750
8751
8752
8753
8753
8754
8755
8756
8756
8756
8757
8758
8758
8760
8760
8761
8761
8762
8762
8762
8762
8763
8763
8765
8766
8766
8767
8768
8770
8770
8771
8772
8773
8773
8773
8774
8775
8775
8776
8776
8777
8779
8780
8781
8783
8785
8786
8787
8789
8789
8790
8790
8791
8796
8796
8797
8799
8799
8800
8800
8803
8804
8805
8806
8809
8809
8809
8810
8813
8813
8813
8816
8816
8818
8819
8820
8820
8821
8821
8821
8823
8826
8826
8827
8830
8830
8831
8832
8832
8832
8833
8833
8835
8837
8837
8838
8839
8839
8842
8842
8843
8843
8843
8843
8844
8846
8849
8849
8849
8850
8850
8850
8851
8852
8852
8854
8854
8855
8855
8856
8858
8858
8858
8859
8862
8862
8864
8864
8865
8865
8866
8868
8868
8869
8870
8872
8872
8873
8875
8876
8879
8882
8882
8882
8884
8887
8889
8890
8891
8891
8894
8895
8899
8899
8899
8900
8901
8901
8902
8903
8905
8905
8906
8908
8909
8910
8911
8912
8912
8914
8915
8915
8916
8924
8924
8925
8925
8927
8927
8927
8932
8932
8933
8933
8934
8935
8936
8939
8939
8940
8940
8942
8944
8945
8945
8947
8947
8949
8949
8949
8950
8952
8955
8958
8959
8959
8961
8962
8962
8965
8968
8968
8969
8970
8971
8973
8974
8976
8977
8977
8977
8978
8979
8981
8982
8984
8984
8985
8986
8986
8987
8987
8987
8987
8987
8987
8988
8988
8989
8989
8990
8991
8992
8992
8996
8999
9000
9000
9002
9004
9004
9006
9006
9007
9008
9008
9008
9008
9009
9010
9011
9011
9012
9013
9013
9014
9015
9015
9015
9015
9016
9016
9017
9020
9022
9024
9027
9027
9028
9030
9032
9035
9036
9036
9037
9040
9040
9041
9042
9042
9043
9043
9043
9045
9047
9048
9048
9049
9049
9050
9050
9051
9052
9052
9052
9053
9054
9055
9058
9059
9062
9062
9062
9062
9066
9067
9068
9069
9071
9072
9072
9076
9076
9077
9077
9078
9079
9080
9080
9082
9082
9088
9088
9089
9089
9092
9092
9095
9095
9095
9096
9097
9097
9098
9100
9100
9104
9104
9105
9105
9106
9106
9110
9110
9110
9113
9114
9117
9118
9121
9121
9122
9122
9123
9123
9124
9124
9125
9126
9127
9130
9130
9131
9131
9131
9132
9133
9134
9135
9135
9136
9136
9137
9137
9138
9138
9139
9139
9139
9141
9142
9142
9143
9143
9143
9144
9147
9149
9150
9151
9151
9154
9154
9155
9157
9157
9161
9163
9163
9164
9165
9166
9168
9169
9169
9169
9170
9172
9173
9174
9175
9175
9177
9178
9179
9180
9181
9183
9183
9183
9184
9185
9186
9187
9189
9189
9189
9192
9193
9193
9194
9194
9194
9198
9198
9199
9199
9200
9200
9201
9201
9201
9201
9202
9202
9203
9204
9204
9205
9207
9208
9208
9208
9209
9212
9212
9214
9215
9217
9218
9218
9218
9218
9219
9221
9221
9222
9223
9226
9227
9227
9227
9228
9229
9229
9230
9231
9231
9232
9234
9235
9236
9237
9240
9240
9242
9242
9243
9244
9244
9246
9247
9247
9250
9251
9251
9252
9255
9257
9258
9258
9258
9259
9259
9262
9263
9263
9263
9263
9264
9266
9267
9267
9268
9268
9269
9270
9270
9271
9272
9273
9273
9274
9275
9275
9275
9276
9277
9278
9278
9279
9283
9283
9285
9285
9288
9289
9289
9290
9291
9292
9295
9295
9295
9298
9299
9301
9301
9302
9307
9308
9308
9308
9311
9311
9311
9311
9311
9313
9313
9314
9316
9317
9318
9322
9324
9324
9326
9326
9329
9329
9330
9330
9332
9332
9333
9334
9334
9334
9338
9339
9340
9340
9340
9342
9342
9342
9342
9343
9344
9344
9345
9345
9348
9351
9352
9353
9354
9354
9355
9355
9356
9356
9362
9362
9363
9363
9364
9364
9365
9366
9367
9369
9370
9371
9371
9373
9373
9374
9376
9380
9380
9380
9383
9384
9384
9384
9388
9389
9391
9392
9392
9392
9392
9394
9394
9396
9396
9398
9399
9403
9403
9403
9404
9405
9406
9407
9409
9409
9411
9411
9411
9411
9415
9415
9415
9417
9418
9418
9418
9419
9419
9424
9425
9426
9426
9428
9429
9429
9430
9432
9432
9434
9435
9435
9441
9442
9447
9449
9451
9452
9453
9454
9455
9456
9456
9456
9458
9459
9461
9462
9464
9465
9466
9468
9471
9472
9472
9472
9472
9474
9474
9474
9475
9475
9476
9476
9477
9477
9478
9480
9480
9480
9480
9485
9487
9488
9489
9489
9491
9492
9493
9495
9495
9495
9495
9498
9499
9499
9500
9500
9503
9505
9505
9506
9507
9507
9509
9511
9512
9513
9513
9513
9514
9514
9517
9518
9519
9520
9520
9521
9521
9521
9522
9523
9524
9524
9525
9525
9526
9526
9528
9528
9529
9529
9531
9531
9532
9532
9533
9534
9535
9536
9537
9537
9540
9542
9542
9544
9546
9546
9547
9548
9550
9550
9550
9551
9552
9553
9553
9554
9555
9556
9557
9558
9559
9561
9561
9562
9565
9566
9566
9569
9570
9571
9572
9573
9573
9575
9576
9577
9577
9578
9579
9580
9583
9583
9584
9589
9589
9590
9590
9591
9591
9592
9593
9595
9595
9597
9598
9600
9601
9601
9601
9602
9602
9603
9605
9605
9607
9607
9607
9608
9608
9609
9611
9611
9612
9612
9613
9613
9613
9614
9615
9615
9615
9615
9615
9617
9619
9619
9620
9620
9622
9623
9624
9624
9625
9627
9627
9628
9629
9629
9631
9631
9631
9633
9636
9636
9638
9640
9640
9641
9642
9643
9643
9644
9646
9647
9647
9648
9649
9650
9650
9654
9654
9654
9655
9655
9656
9660
9661
9661
9662
9665
9670
9670
9671
9673
9674
9674
9676
9677
9678
9681
9683
9684
9685
9686
9688
9689
9691
9691
9691
9692
9692
9692
9692
9693
9695
9696
9697
9700
9700
9701
9703
9704
9705
9705
9707
9709
9710
9711
9711
9712
9712
9713
9713
9713
9714
9715
9719
9722
9723
9723
9724
9724
9724
9725
9725
9726
9726
9726
9729
9730
9730
9734
9734
9734
9735
9736
9737
9738
9740
9741
9741
9742
9743
9744
9744
9745
9745
9749
9750
9750
9751
9753
9753
9754
9755
9755
9756
9758
9759
9759
9760
9763
9764
9764
9765
9767
9768
9770
9774
9774
9774
9778
9779
9782
9783
9784
9784
9786
9787
9787
9789
9789
9789
9790
9794
9797
9797
9797
9798
9798
9798
9798
9798
9800
9801
9802
9804
9804
9806
9807
9807
9808
9811
9811
9811
9812
9812
9813
9814
9817
9819
9820
9822
9822
9823
9823
9824
9824
9825
9828
9828
9828
9829
9830
9830
9830
9830
9831
9832
9833
9834
9835
9835
9836
9842
9843
9843
9844
9847
9848
9849
9849
9850
9851
9853
9854
9855
9858
9859
9862
9863
9864
9865
9866
9871
9871
9873
9874
9877
9879
9880
9881
9881
9885
9886
9886
9887
9887
9887
9888
9891
9893
9893
9895
9895
9896
9896
9896
9896
9897
9898
9899
9904
9909
9909
9911
9912
9913
9913
9914
9914
9916
9916
9917
9919
9919
9922
9923
9923
9925
9926
9926
9927
9928
9929
9931
9931
9932
9932
9933
9933
9934
9935
9935
9937
9938
9938
9942
9943
9943
9945
9946
9946
9948
9948
9949
9949
9951
9952
9953
9953
9953
9956
9957
9958
9958
9959
9962
9963
9963
9963
9964
9964
9965
9966
9967
9968
9968
9968
9969
9971
9971
9971
9973
9973
9974
9976
9976
9977
9978
9980
9980
9981
9981
9983
9985
9991
9991
9991
9991
9993
9994
9997
9998
