0
0
0
0
4
4
5
5
5
8
11
12
15
15
16
17
17
18
18
19
20
20
21
21
24
25
25
27
28
28
30
32
33
34
35
36
37
39
40
41
42
42
43
43
44
45
45
47
47
47
48
48
48
53
54
54
54
55
56
57
58
58
59
62
62
63
63
63
65
65
66
68
68
71
75
75
79
79
79
80
81
82
84
84
86
92
94
94
95
96
96
99
99
100
102
102
102
102
103
103
104
104
104
109
111
112
112
114
116
116
117
117
118
118
119
119
120
121
121
121
123
123
124
125
126
132
133
133
133
137
140
141
143
143
147
148
152
152
153
155
156
157
157
158
159
160
162
163
164
164
164
166
166
166
168
169
171
172
174
175
175
176
176
177
177
177
178
178
179
181
183
183
183
185
186
186
186
187
189
189
192
192
193
193
194
195
197
197
198
198
200
202
203
205
207
207
208
208
209
209
210
215
216
216
218
218
222
225
228
228
229
230
231
235
239
240
241
242
242
242
243
244
244
245
248
251
253
253
254
255
257
257
257
257
259
260
260
262
262
264
264
267
267
267
268
268
268
268
269
269
272
273
274
276
276
276
278
279
279
281
284
284
286
287
288
294
299
301
304
304
306
306
306
306
307
307
307
310
311
311
311
311
311
312
312
313
315
315
315
316
317
317
317
321
321
323
324
326
327
328
329
329
330
330
330
331
332
333
334
334
336
336
337
338
340
341
341
343
343
344
344
344
346
347
348
349
350
350
352
352
353
355
357
357
358
358
360
362
362
362
363
365
366
370
370
371
371
372
375
383
387
388
391
392
392
392
393
393
394
397
398
398
400
402
402
403
403
407
409
410
411
413
414
415
416
416
420
420
421
421
422
423
423
423
423
423
425
427
427
427
429
429
430
430
431
431
431
432
432
433
437
437
438
439
439
440
440
441
442
442
445
445
446
447
447
449
449
449
450
451
451
452
455
455
456
456
460
460
461
462
462
464
464
465
465
466
466
468
470
470
470
471
472
472
473
475
478
478
480
481
481
483
483
484
487
488
489
489
489
489
493
494
494
494
495
496
496
497
497
497
498
499
499
499
500
501
501
501
503
504
505
506
507
509
510
510
510
513
513
513
515
515
518
519
520
523
524
524
524
524
526
527
532
533
534
537
540
540
541
542
542
544
544
544
545
547
547
547
550
552
555
556
557
558
560
562
563
563
566
569
570
571
571
574
574
574
575
575
576
577
577
578
579
580
583
585
587
588
588
589
589
591
592
592
593
593
594
594
595
595
597
598
598
599
601
601
601
603
603
606
608
611
611
612
612
613
613
613
616
618
619
619
620
621
621
621
622
622
622
623
624
624
627
628
628
630
632
633
635
637
642
642
644
646
646
647
648
651
652
656
657
658
658
658
659
660
660
662
663
664
665
666
667
667
668
669
671
672
674
674
674
677
677
681
681
681
682
683
683
686
687
688
690
691
693
694
694
696
696
696
697
697
697
697
698
699
699
700
700
701
701
703
704
704
708
708
709
710
710
710
711
712
712
715
716
716
717
717
717
719
721
721
721
722
725
726
726
727
728
729
729
730
730
730
732
733
733
734
734
735
735
738
738
739
739
743
743
745
746
747
747
747
749
752
755
756
757
761
762
762
762
764
767
767
767
767
768
768
772
772
772
773
773
774
775
777
777
777
777
778
778
779
780
781
781
781
784
784
786
788
788
789
791
792
792
793
794
794
795
795
796
797
800
801
802
804
805
806
807
813
814
815
815
815
816
817
817
817
817
818
819
821
821
821
821
821
821
822
822
824
825
825
826
826
826
827
828
828
831
832
834
834
835
836
837
837
838
839
842
843
843
843
844
849
849
850
851
852
853
853
855
855
857
857
862
863
864
865
865
868
868
868
869
871
872
873
873
883
885
885
885
886
886
887
888
889
891
892
895
895
895
896
896
898
898
899
900
900
902
902
903
904
905
907
908
908
909
911
911
914
914
915
917
917
918
919
921
921
921
922
922
922
923
923
924
925
925
927
928
929
933
934
934
935
935
936
938
938
940
943
943
945
945
945
946
947
948
948
950
952
953
953
955
958
960
961
961
961
961
963
963
965
965
965
967
968
968
969
970
971
973
975
976
976
979
980
980
981
983
983
983
986
989
990
992
992
993
993
994
994
994
994
995
995
995
999
1000
1000
1000
1001
1001
1002
1003
1006
1008
1010
1011
1013
1015
1015
1018
1020
1022
1022
1023
1023
1024
1025
1026
1027
1027
1029
1029
1030
1031
1033
1033
1034
1035
1036
1036
1036
1036
1036
1037
1038
1039
1040
1040
1041
1042
1042
1042
1042
1043
1043
1044
1045
1048
1049
1050
1053
1053
1055
1055
1061
1064
1064
1065
1065
1071
1072
1074
1076
1076
1078
1081
1081
1082
1082
1082
1082
1084
1087
1088
1090
1090
1090
1093
1094
1096
1097
1097
1100
1101
1102
1102
1103
1104
1105
1106
1106
1109
1111
1111
1112
1112
1113
1114
1114
1120
1120
1121
1124
1124
1125
1125
1126
1126
1129
1131
1131
1131
1132
1132
1133
1135
1135
1136
1137
1137
1137
1137
1142
1142
1143
1143
1143
1145
1146
1146
1146
1146
1147
1147
1149
1149
1151
1151
1152
1152
1152
1153
1153
1154
1156
1160
1161
1163
1163
1163
1163
1164
1167
1167
1168
1168
1170
1171
1171
1172
1174
1175
1176
1176
1177
1180
1180
1180
1184
1186
1187
1187
1188
1191
1193
1193
1193
1195
1195
1196
1196
1198
1199
1200
1201
1202
1202
1202
1202
1202
1203
1204
1206
1209
1211
1213
1213
1215
1215
1216
1218
1220
1220
1221
1222
1224
1224
1227
1228
1229
1230
1230
1231
1232
1233
1234
1234
1236
1237
1238
1239
1239
1240
1241
1241
1242
1244
1245
1246
1246
1249
1249
1249
1251
1252
1253
1254
1255
1256
1256
1257
1260
1262
1262
1263
1263
1263
1264
1264
1265
1265
1265
1268
1269
1269
1269
1269
1270
1272
1272
1273
1273
1273
1274
1274
1276
1279
1281
1281
1284
1285
1285
1288
1290
1291
1293
1294
1295
1295
1298
1298
1300
1303
1305
1305
1305
1305
1307
1307
1307
1309
1310
1312
1314
1314
1315
1315
1316
1319
1322
1323
1324
1324
1325
1326
1330
1332
1332
1332
1334
1335
1336
1336
1338
1338
1338
1341
1343
1344
1345
1345
1345
1346
1347
1349
1349
1349
1349
1352
1353
1353
1354
1356
1357
1357
1358
1359
1359
1359
1360
1362
1364
1364
1366
1367
1368
1368
1369
1370
1371
1372
1372
1374
1374
1376
1377
1379
1382
1385
1385
1386
1386
1386
1387
1388
1388
1389
1389
1390
1392
1393
1394
1396
1397
1397
1399
1400
1400
1401
1402
1405
1405
1407
1409
1412
1414
1414
1415
1416
1416
1417
1418
1419
1419
1420
1421
1422
1423
1423
1423
1424
1425
1426
1429
1430
1430
1431
1433
1434
1435
1435
1437
1437
1438
1438
1440
1440
1442
1442
1444
1444
1444
1444
1446
1446
1446
1448
1452
1452
1452
1455
1455
1457
1459
1459
1462
1463
1463
1464
1465
1465
1467
1469
1470
1471
1472
1473
1473
1476
1477
1477
1478
1479
1481
1486
1488
1489
1489
1489
1490
1491
1491
1492
1493
1493
1494
1495
1495
1500
1501
1501
1503
1504
1505
1506
1506
1508
1508
1509
1510
1510
1511
1511
1511
1512
1513
1514
1516
1517
1517
1518
1518
1518
1520
1522
1522
1523
1525
1527
1527
1529
1529
1531
1533
1534
1534
1535
1535
1537
1537
1537
1540
1540
1543
1544
1545
1547
1547
1547
1548
1548
1549
1550
1553
1553
1553
1555
1555
1556
1558
1559
1561
1563
1563
1564
1567
1568
1569
1569
1572
1572
1572
1575
1575
1575
1577
1579
1579
1580
1580
1581
1583
1584
1584
1587
1588
1590
1591
1592
1593
1595
1595
1596
1597
1598
1599
1600
1602
1602
1602
1605
1605
1607
1609
1611
1611
1612
1612
1613
1616
1622
1624
1625
1625
1625
1627
1630
1630
1631
1632
1632
1632
1633
1635
1637
1638
1639
1640
1641
1642
1643
1643
1645
1645
1649
1650
1650
1651
1653
1653
1654
1654
1656
1658
1661
1662
1662
1664
1664
1666
1668
1669
1672
1672
1673
1674
1675
1675
1676
1676
1677
1678
1679
1679
1679
1680
1681
1682
1682
1682
1682
1683
1684
1684
1685
1686
1686
1687
1689
1689
1691
1691
1691
1695
1696
1697
1698
1699
1700
1702
1702
1703
1703
1704
1705
1707
1707
1708
1709
1711
1712
1712
1712
1713
1713
1717
1718
1719
1721
1722
1722
1723
1723
1725
1725
1726
1729
1730
1730
1730
1731
1731
1732
1733
1733
1734
1735
1735
1736
1737
1737
1740
1740
1741
1741
1742
1742
1743
1743
1744
1745
1745
1747
1748
1750
1751
1751
1753
1754
1754
1755
1756
1758
1758
1762
1763
1765
1767
1768
1769
1771
1771
1771
1772
1773
1774
1774
1775
1777
1778
1778
1779
1780
1780
1781
1781
1783
1784
1784
1784
1785
1787
1788
1789
1789
1789
1792
1792
1792
1794
1794
1795
1799
1800
1800
1802
1803
1805
1805
1806
1808
1808
1808
1811
1813
1813
1816
1817
1818
1819
1819
1821
1821
1822
1823
1823
1823
1824
1824
1824
1825
1825
1826
1827
1829
1832
1832
1832
1832
1834
1835
1836
1837
1838
1838
1841
1841
1842
1843
1844
1846
1846
1847
1847
1848
1848
1848
1848
1848
1849
1850
1852
1852
1853
1855
1855
1856
1859
1861
1861
1862
1863
1863
1865
1867
1867
1868
1868
1870
1873
1873
1874
1874
1876
1876
1877
1878
1878
1878
1881
1881
1882
1882
1882
1883
1884
1886
1887
1887
1888
1890
1891
1893
1895
1899
1899
1899
1900
1903
1904
1908
1908
1908
1912
1914
1914
1915
1917
1917
1918
1920
1920
1921
1923
1925
1925
1925
1926
1926
1926
1928
1929
1930
1930
1931
1932
1933
1933
1934
1935
1935
1936
1937
1940
1940
1941
1941
1941
1942
1943
1943
1944
1945
1946
1946
1947
1947
1948
1948
1949
1949
1950
1950
1951
1951
1952
1952
1953
1954
1960
1960
1960
1961
1961
1964
1965
1966
1967
1967
1968
1969
1970
1970
1970
1972
1973
1973
1976
1976
1977
1978
1978
1978
1979
1979
1979
1979
1982
1983
1985
1985
1985
1988
1988
1988
1991
1993
1994
1995
1995
1996
1996
1998
1998
1999
2001
2001
2002
2002
2004
2006
2007
2007
2008
2008
2008
2009
2010
2010
2013
2015
2016
2017
2018
2019
2019
2020
2022
2022
2022
2023
2023
2024
2024
2025
2026
2026
2028
2029
2032
2032
2033
2033
2033
2034
2035
2036
2038
2040
2040
2040
2040
2041
2041
2042
2042
2042
2043
2043
2045
2046
2047
2048
2049
2051
2051
2052
2054
2056
2058
2060
2060
2060
2061
2062
2062
2062
2062
2062
2063
2064
2065
2066
2067
2067
2068
2068
2072
2074
2078
2079
2079
2080
2084
2084
2086
2087
2088
2091
2092
2092
2094
2095
2096
2098
2099
2100
2100
2101
2102
2103
2104
2105
2105
2109
2113
2113
2116
2116
2116
2119
2122
2123
2124
2124
2126
2127
2129
2129
2131
2131
2131
2135
2135
2136
2136
2138
2139
2141
2142
2145
2146
2150
2150
2151
2152
2153
2154
2154
2154
2156
2162
2163
2166
2167
2168
2170
2171
2174
2175
2175
2175
2175
2176
2179
2185
2187
2189
2190
2192
2192
2193
2195
2195
2196
2197
2201
2201
2202
2205
2206
2206
2207
2208
2209
2209
2213
2213
2215
2215
2215
2216
2217
2218
2219
2219
2219
2220
2221
2223
2224
2225
2227
2228
2230
2232
2234
2235
2235
2235
2236
2236
2236
2236
2238
2239
2239
2241
2242
2243
2249
2252
2257
2257
2258
2259
2259
2259
2259
2259
2261
2261
2262
2263
2268
2268
2268
2269
2269
2271
2273
2275
2275
2276
2279
2279
2279
2281
2281
2283
2284
2285
2285
2286
2286
2287
2290
2291
2293
2293
2295
2297
2298
2299
2300
2301
2303
2304
2305
2307
2307
2307
2307
2308
2308
2311
2312
2313
2314
2316
2317
2318
2318
2318
2321
2322
2323
2324
2325
2325
2325
2326
2329
2330
2330
2334
2334
2335
2336
2337
2338
2338
2339
2340
2341
2342
2344
2345
2345
2346
2346
2347
2349
2350
2350
2351
2352
2353
2353
2355
2355
2355
2356
2356
2356
2356
2358
2359
2360
2360
2361
2361
2363
2365
2367
2368
2370
2370
2371
2371
2372
2374
2374
2374
2375
2375
2376
2377
2378
2378
2379
2379
2380
2381
2383
2384
2386
2387
2388
2390
2391
2391
2393
2394
2394
2396
2397
2397
2397
2399
2400
2402
2402
2403
2404
2405
2406
2407
2409
2410
2411
2412
2412
2413
2413
2413
2413
2418
2419
2419
2419
2420
2421
2422
2426
2427
2429
2430
2430
2431
2432
2433
2433
2435
2435
2436
2437
2437
2438
2439
2439
2441
2442
2443
2443
2445
2446
2447
2450
2450
2450
2450
2451
2452
2453
2453
2454
2456
2459
2460
2461
2463
2465
2466
2466
2467
2468
2468
2469
2470
2471
2471
2472
2476
2477
2478
2480
2481
2482
2482
2485
2486
2488
2489
2490
2490
2492
2495
2495
2496
2496
2497
2498
2499
2500
2500
2501
2501
2502
2504
2505
2506
2508
2508
2508
2508
2511
2512
2516
2516
2517
2518
2518
2522
2523
2523
2524
2525
2525
2525
2534
2534
2535
2537
2538
2538
2542
2543
2543
2544
2546
2548
2548
2550
2551
2552
2552
2552
2553
2554
2555
2556
2557
2557
2558
2559
2560
2561
2562
2564
2564
2564
2565
2566
2567
2568
2569
2569
2569
2569
2570
2572
2573
2574
2575
2575
2575
2581
2582
2582
2582
2584
2586
2587
2588
2588
2589
2590
2591
2593
2593
2594
2594
2595
2595
2596
2599
2599
2600
2602
2602
2603
2603
2605
2605
2605
2606
2606
2607
2611
2613
2617
2618
2619
2620
2620
2621
2621
2621
2622
2622
2623
2625
2625
2628
2631
2631
2631
2632
2632
2635
2635
2637
2637
2642
2642
2643
2644
2644
2644
2644
2645
2645
2646
2646
2648
2649
2653
2653
2653
2654
2654
2654
2654
2655
2657
2657
2660
2660
2660
2661
2661
2661
2661
2661
2663
2664
2665
2670
2670
2673
2674
2674
2674
2675
2677
2677
2678
2679
2683
2684
2684
2684
2684
2687
2688
2688
2688
2689
2691
2691
2692
2693
2693
2694
2694
2696
2697
2698
2699
2700
2701
2702
2702
2703
2703
2703
2704
2704
2705
2705
2706
2706
2706
2707
2709
2710
2712
2713
2716
2718
2719
2720
2721
2724
2726
2729
2730
2735
2739
2739
2739
2739
2740
2741
2743
2743
2743
2745
2746
2747
2748
2749
2749
2749
2749
2750
2751
2753
2755
2757
2759
2762
2762
2765
2767
2768
2769
2770
2771
2771
2773
2774
2774
2774
2775
2775
2776
2777
2777
2778
2780
2780
2781
2783
2784
2786
2787
2788
2789
2789
2789
2790
2791
2791
2792
2792
2793
2793
2793
2794
2794
2795
2796
2797
2797
2797
2802
2803
2804
2805
2806
2807
2807
2808
2810
2811
2811
2812
2813
2814
2817
2818
2819
2819
2820
2820
2821
2821
2821
2822
2823
2824
2824
2825
2825
2826
2831
2834
2834
2835
2840
2841
2843
2844
2845
2849
2849
2849
2849
2850
2850
2851
2852
2855
2859
2860
2860
2860
2862
2863
2864
2864
2865
2865
2866
2866
2867
2868
2869
2873
2873
2873
2876
2876
2876
2877
2877
2877
2878
2879
2879
2879
2881
2882
2885
2885
2889
2890
2890
2891
2892
2893
2893
2893
2894
2894
2895
2896
2897
2899
2899
2899
2899
2900
2901
2902
2905
2906
2906
2906
2906
2908
2910
2911
2912
2912
2912
2913
2917
2919
2919
2920
2921
2921
2922
2924
2924
2925
2926
2927
2928
2929
2930
2930
2931
2931
2931
2935
2937
2939
2940
2940
2941
2943
2943
2943
2944
2945
2949
2950
2950
2950
2950
2952
2953
2955
2956
2956
2956
2958
2960
2960
2961
2961
2961
2962
2962
2963
2966
2967
2968
2968
2972
2972
2974
2975
2975
2976
2976
2976
2976
2977
2978
2980
2981
2981
2981
2982
2982
2983
2988
2989
2991
2991
2992
2993
2994
2994
2994
2996
2996
2997
3000
3001
3002
3003
3004
3005
3007
3007
3007
3008
3010
3011
3011
3011
3012
3015
3020
3021
3021
3021
3025
3026
3027
3028
3028
3028
3031
3032
3032
3034
3036
3038
3039
3040
3041
3041
3042
3045
3047
3049
3051
3052
3052
3052
3053
3055
3055
3058
3058
3058
3059
3059
3059
3061
3064
3065
3066
3067
3067
3068
3069
3069
3071
3072
3072
3073
3074
3075
3076
3076
3079
3079
3080
3080
3082
3082
3083
3084
3085
3086
3087
3087
3087
3088
3088
3088
3089
3090
3091
3092
3093
3094
3095
3095
3096
3096
3096
3101
3103
3103
3103
3104
3104
3105
3107
3108
3110
3110
3111
3113
3113
3119
3121
3124
3125
3127
3127
3130
3131
3133
3134
3134
3137
3138
3139
3139
3139
3139
3140
3141
3141
3141
3142
3142
3143
3144
3145
3147
3149
3151
3151
3153
3155
3156
3157
3157
3159
3161
3161
3162
3164
3165
3166
3167
3167
3167
3168
3168
3168
3169
3170
3170
3172
3173
3174
3175
3177
3177
3177
3178
3179
3179
3179
3179
3180
3181
3181
3181
3181
3184
3184
3185
3186
3187
3187
3188
3188
3188
3190
3191
3193
3193
3193
3194
3195
3196
3197
3197
3198
3198
3199
3200
3201
3202
3204
3206
3206
3209
3209
3209
3210
3210
3211
3214
3214
3214
3214
3216
3216
3216
3217
3218
3220
3221
3221
3222
3223
3224
3224
3226
3226
3229
3229
3229
3230
3231
3231
3231
3233
3238
3241
3242
3243
3244
3244
3244
3244
3249
3250
3250
3250
3251
3251
3252
3255
3256
3258
3258
3259
3262
3263
3263
3264
3264
3264
3264
3266
3266
3266
3267
3267
3269
3270
3271
3274
3274
3275
3275
3277
3277
3278
3278
3279
3280
3280
3281
3281
3283
3284
3284
3285
3286
3286
3287
3289
3289
3289
3291
3292
3292
3292
3293
3295
3295
3296
3296
3297
3300
3302
3302
3304
3304
3305
3305
3306
3307
3314
3315
3316
3317
3317
3318
3322
3322
3323
3324
3326
3326
3326
3326
3326
3327
3328
3328
3329
3331
3332
3332
3333
3333
3334
3334
3335
3335
3336
3337
3338
3341
3341
3341
3341
3342
3342
3342
3342
3348
3349
3351
3351
3351
3351
3351
3354
3355
3356
3358
3359
3361
3362
3362
3362
3363
3364
3366
3367
3368
3370
3371
3372
3374
3376
3377
3378
3379
3382
3382
3384
3384
3385
3385
3386
3387
3388
3389
3389
3391
3393
3393
3393
3394
3394
3395
3397
3397
3398
3398
3399
3400
3401
3402
3402
3404
3405
3405
3405
3406
3408
3408
3410
3411
3412
3412
3413
3414
3416
3416
3418
3421
3422
3422
3424
3424
3425
3425
3426
3428
3429
3430
3431
3432
3432
3432
3433
3433
3433
3439
3439
3441
3441
3444
3445
3445
3446
3447
3451
3451
3451
3456
3457
3458
3459
3461
3462
3462
3463
3465
3466
3466
3467
3468
3468
3469
3470
3471
3471
3473
3473
3474
3474
3475
3476
3478
3479
3480
3481
3481
3481
3484
3487
3487
3488
3488
3489
3490
3491
3493
3494
3497
3498
3498
3499
3499
3500
3500
3500
3501
3501
3502
3503
3504
3504
3505
3505
3506
3506
3507
3508
3509
3510
3510
3511
3511
3513
3513
3517
3517
3518
3518
3519
3519
3521
3522
3523
3523
3525
3527
3527
3527
3529
3529
3529
3529
3530
3531
3531
3531
3531
3531
3533
3533
3533
3533
3533
3534
3534
3534
3535
3538
3540
3541
3543
3546
3547
3549
3551
3551
3552
3555
3555
3556
3557
3557
3558
3559
3559
3559
3560
3560
3560
3561
3561
3561
3562
3563
3564
3565
3566
3566
3566
3567
3568
3568
3573
3575
3578
3578
3578
3578
3579
3579
3579
3580
3581
3581
3582
3583
3584
3585
3586
3586
3588
3588
3588
3588
3589
3589
3590
3592
3592
3594
3595
3596
3598
3599
3600
3601
3603
3604
3605
3606
3607
3607
3608
3609
3609
3610
3613
3616
3617
3617
3619
3619
3620
3621
3621
3621
3622
3622
3624
3626
3628
3629
3631
3632
3632
3632
3634
3634
3636
3639
3640
3640
3641
3641
3642
3642
3643
3644
3645
3646
3648
3648
3649
3649
3649
3651
3653
3653
3654
3654
3657
3658
3658
3659
3660
3660
3661
3664
3664
3665
3666
3667
3667
3670
3671
3672
3672
3675
3675
3677
3679
3679
3680
3680
3680
3681
3682
3683
3685
3685
3687
3687
3688
3688
3688
3689
3689
3692
3693
3695
3697
3698
3698
3698
3701
3702
3704
3706
3706
3706
3707
3708
3708
3708
3709
3710
3712
3712
3713
3714
3714
3715
3718
3721
3721
3721
3722
3722
3723
3725
3727
3729
3731
3731
3731
3733
3733
3733
3734
3734
3736
3737
3737
3738
3740
3740
3740
3741
3742
3743
3743
3743
3744
3744
3746
3747
3747
3747
3748
3749
3749
3749
3750
3750
3751
3752
3752
3754
3754
3755
3757
3758
3759
3759
3760
3760
3761
3761
3761
3762
3764
3765
3766
3766
3766
3766
3766
3766
3767
3769
3770
3771
3771
3772
3773
3773
3774
3775
3775
3775
3776
3776
3777
3778
3779
3781
3781
3782
3783
3783
3783
3786
3787
3789
3789
3790
3792
3793
3793
3793
3795
3795
3796
3796
3798
3800
3802
3802
3802
3803
3804
3805
3805
3807
3808
3810
3810
3812
3815
3816
3819
3819
3819
3819
3819
3822
3823
3824
3825
3825
3826
3826
3826
3826
3826
3829
3829
3832
3832
3832
3833
3836
3836
3836
3836
3836
3838
3838
3839
3839
3842
3844
3844
3845
3846
3847
3848
3848
3849
3849
3855
3856
3856
3858
3859
3860
3863
3864
3864
3865
3868
3868
3869
3869
3870
3871
3873
3874
3875
3875
3877
3878
3881
3884
3885
3885
3885
3886
3887
3890
3890
3892
3893
3894
3895
3895
3896
3896
3897
3898
3899
3901
3902
3903
3904
3905
3906
3909
3909
3910
3910
3911
3914
3916
3917
3919
3921
3921
3922
3922
3922
3923
3923
3923
3924
3925
3925
3926
3926
3927
3927
3928
3928
3929
3929
3931
3935
3936
3937
3938
3940
3940
3941
3941
3943
3946
3947
3948
3948
3948
3951
3951
3951
3951
3952
3954
3955
3955
3957
3960
3961
3962
3962
3962
3965
3965
3967
3967
3969
3970
3970
3971
3971
3971
3973
3975
3975
3975
3977
3978
3978
3978
3978
3978
3983
3983
3983
3984
3984
3985
3985
3986
3988
3989
3990
3990
3990
3992
3992
3996
3996
3996
3998
3998
4000
4000
4001
4001
4002
4002
4003
4003
4005
4005
4005
4006
4007
4007
4008
4010
4012
4014
4015
4015
4016
4018
4022
4024
4031
4031
4031
4031
4032
4035
4037
4038
4041
4042
4045
4046
4049
4050
4050
4051
4052
4052
4053
4054
4056
4056
4057
4058
4061
4061
4064
4064
4065
4065
4065
4066
4068
4069
4071
4072
4072
4072
4073
4077
4079
4080
4080
4080
4080
4080
4080
4081
4082
4083
4084
4084
4086
4086
4086
4087
4087
4087
4088
4089
4089
4093
4094
4094
4095
4099
4100
4102
4103
4104
4105
4107
4108
4108
4108
4109
4110
4110
4112
4112
4113
4115
4115
4115
4118
4120
4122
4123
4123
4126
4132
4133
4134
4135
4138
4138
4139
4139
4139
4140
4144
4145
4146
4146
4147
4147
4149
4150
4153
4155
4157
4158
4159
4160
4161
4163
4163
4165
4165
4167
4167
4168
4170
4170
4171
4172
4173
4176
4176
4176
4178
4178
4179
4179
4181
4182
4183
4188
4189
4189
4190
4191
4192
4192
4193
4194
4194
4195
4198
4198
4202
4203
4203
4204
4204
4204
4204
4207
4207
4207
4208
4208
4209
4211
4211
4211
4211
4211
4213
4214
4215
4216
4217
4217
4217
4217
4221
4221
4221
4222
4222
4222
4224
4224
4225
4225
4225
4226
4227
4227
4228
4229
4230
4233
4234
4235
4236
4238
4239
4239
4240
4240
4242
4243
4243
4243
4243
4246
4247
4248
4248
4249
4250
4250
4251
4252
4253
4254
4254
4259
4261
4261
4262
4263
4263
4264
4264
4265
4265
4265
4265
4266
4267
4267
4267
4267
4269
4269
4273
4274
4274
4274
4277
4278
4278
4279
4279
4280
4281
4282
4283
4285
4286
4287
4288
4289
4290
4290
4291
4292
4295
4298
4299
4300
4301
4302
4303
4304
4304
4304
4308
4309
4310
4312
4313
4315
4317
4319
4320
4323
4325
4326
4328
4330
4331
4331
4331
4332
4333
4335
4336
4336
4339
4340
4340
4341
4342
4344
4345
4345
4346
4348
4350
4352
4352
4352
4352
4353
4355
4356
4359
4361
4362
4365
4366
4366
4366
4367
4367
4369
4369
4371
4371
4372
4372
4373
4373
4374
4375
4377
4377
4377
4378
4379
4380
4384
4385
4385
4385
4386
4386
4387
4387
4389
4389
4389
4389
4390
4390
4390
4390
4390
4394
4396
4397
4399
4399
4399
4399
4400
4400
4401
4401
4402
4402
4405
4405
4407
4408
4410
4411
4412
4414
4414
4414
4415
4416
4418
4419
4420
4421
4423
4423
4423
4424
4425
4427
4428
4429
4429
4431
4431
4435
4435
4436
4437
4437
4437
4437
4437
4437
4438
4438
4439
4441
4442
4444
4445
4446
4447
4447
4447
4447
4449
4450
4451
4451
4452
4453
4453
4454
4454
4455
4456
4456
4459
4460
4461
4461
4461
4462
4462
4462
4463
4463
4463
4464
4465
4466
4469
4470
4471
4471
4472
4473
4475
4476
4476
4476
4477
4477
4477
4478
4479
4479
4480
4480
4482
4484
4484
4485
4486
4486
4488
4489
4490
4491
4492
4494
4495
4496
4497
4497
4498
4499
4499
4500
4501
4502
4503
4503
4504
4504
4504
4506
4507
4508
4508
4509
4510
4511
4511
4511
4511
4511
4512
4515
4516
4516
4517
4517
4517
4521
4522
4522
4522
4523
4524
4525
4526
4527
4527
4527
4527
4528
4529
4531
4531
4531
4531
4531
4532
4533
4535
4535
4538
4538
4539
4540
4541
4543
4545
4546
4547
4548
4549
4550
4553
4557
4559
4560
4561
4564
4565
4566
4567
4567
4567
4568
4568
4569
4569
4570
4571
4574
4574
4575
4576
4577
4581
4581
4581
4583
4584
4585
4587
4587
4589
4590
4591
4591
4591
4592
4593
4594
4596
4596
4598
4598
4598
4599
4599
4599
4601
4602
4603
4604
4605
4606
4606
4608
4610
4613
4613
4613
4614
4615
4615
4617
4620
4621
4622
4623
4624
4624
4625
4625
4627
4627
4628
4629
4629
4631
4631
4634
4635
4636
4640
4640
4641
4641
4641
4641
4641
4643
4645
4646
4647
4648
4649
4651
4652
4653
4657
4658
4659
4660
4660
4661
4662
4665
4665
4666
4667
4668
4668
4669
4669
4670
4674
4675
4676
4677
4679
4681
4683
4684
4685
4688
4688
4691
4691
4692
4692
4695
4696
4697
4698
4699
4699
4699
4700
4700
4700
4701
4701
4703
4703
4705
4705
4707
4708
4708
4709
4709
4709
4710
4710
4711
4712
4712
4713
4714
4714
4715
4715
4718
4719
4719
4720
4720
4720
4722
4723
4725
4725
4726
4727
4727
4734
4734
4735
4735
4735
4736
4738
4739
4740
4740
4740
4740
4742
4743
4743
4743
4744
4745
4746
4747
4747
4747
4747
4748
4751
4751
4751
4753
4753
4754
4755
4757
4758
4759
4763
4764
4764
4766
4768
4771
4774
4774
4774
4776
4779
4782
4783
4784
4784
4785
4785
4787
4788
4789
4791
4791
4791
4792
4794
4795
4796
4798
4798
4800
4800
4801
4804
4804
4806
4807
4807
4810
4814
4818
4820
4823
4824
4824
4825
4828
4829
4830
4830
4832
4833
4834
4835
4835
4838
4838
4839
4840
4840
4840
4841
4841
4842
4843
4845
4845
4848
4849
4851
4851
4852
4856
4856
4856
4857
4857
4858
4859
4861
4863
4866
4868
4869
4869
4869
4869
4871
4874
4874
4874
4875
4875
4876
4876
4877
4877
4878
4879
4880
4884
4884
4884
4885
4885
4886
4886
4887
4890
4890
4891
4891
4895
4896
4896
4897
4897
4897
4900
4900
4900
4901
4901
4902
4902
4903
4903
4905
4905
4908
4912
4916
4916
4918
4920
4921
4921
4921
4922
4922
4924
4924
4926
4927
4928
4928
4929
4930
4930
4932
4933
4935
4936
4937
4938
4939
4939
4940
4941
4943
4943
4944
4944
4946
4947
4947
4948
4948
4948
4948
4950
4952
4952
4954
4956
4956
4957
4957
4958
4959
4960
4960
4960
4961
4962
4962
4963
4963
4964
4964
4966
4970
4971
4971
4972
4973
4974
4974
4974
4975
4975
4975
4975
4977
4977
4977
4977
4977
4977
4977
4978
4979
4980
4980
4982
4983
4984
4986
4986
4987
4987
4988
4989
4990
4992
4994
4996
4997
4997
4999
4999
5000
5003
5003
5004
5005
5008
5009
5010
5011
5013
5015
5015
5017
5017
5017
5019
5020
5020
5024
5024
5024
5025
5030
5030
5033
5035
5035
5036
5037
5042
5044
5046
5047
5047
5047
5047
5048
5048
5050
5050
5054
5055
5058
5059
5059
5060
5063
5064
5065
5066
5067
5067
5069
5069
5070
5071
5071
5072
5072
5074
5074
5075
5075
5075
5076
5078
5080
5081
5081
5083
5086
5088
5088
5089
5090
5091
5091
5092
5093
5093
5093
5095
5096
5097
5098
5099
5099
5100
5100
5101
5102
5102
5106
5106
5109
5110
5115
5115
5116
5117
5117
5119
5122
5122
5123
5123
5125
5125
5126
5126
5127
5128
5129
5129
5132
5132
5133
5134
5134
5135
5136
5138
5138
5138
5139
5141
5146
5148
5148
5148
5148
5149
5149
5149
5149
5150
5150
5151
5151
5151
5152
5153
5156
5156
5156
5157
5157
5163
5164
5164
5165
5165
5165
5167
5167
5167
5170
5170
5170
5173
5173
5174
5175
5176
5177
5178
5178
5182
5182
5183
5184
5185
5185
5187
5190
5190
5190
5191
5193
5195
5196
5197
5199
5199
5200
5201
5201
5203
5204
5205
5206
5207
5208
5208
5210
5210
5211
5213
5213
5216
5218
5220
5221
5221
5221
5222
5225
5226
5227
5227
5228
5228
5229
5230
5230
5231
5232
5233
5234
5235
5239
5241
5243
5244
5245
5246
5250
5251
5251
5252
5253
5253
5254
5255
5257
5259
5259
5260
5261
5262
5263
5266
5266
5266
5268
5269
5272
5275
5277
5277
5279
5279
5282
5284
5284
5285
5285
5285
5286
5287
5290
5290
5297
5297
5298
5299
5300
5300
5303
5304
5305
5305
5305
5306
5308
5312
5312
5314
5314
5318
5318
5319
5319
5320
5320
5320
5323
5324
5326
5328
5329
5330
5331
5331
5332
5333
5333
5334
5334
5335
5335
5335
5336
5337
5338
5338
5338
5339
5339
5340
5341
5342
5343
5343
5343
5345
5345
5345
5349
5350
5350
5352
5353
5355
5355
5356
5357
5358
5359
5359
5359
5359
5361
5361
5364
5365
5365
5366
5366
5366
5367
5367
5367
5368
5372
5373
5373
5374
5376
5379
5382
5383
5383
5384
5384
5385
5386
5386
5387
5387
5390
5390
5391
5392
5394
5394
5396
5398
5399
5399
5401
5403
5404
5404
5404
5404
5411
5411
5411
5411
5412
5412
5412
5412
5415
5416
5418
5418
5420
5420
5421
5425
5426
5427
5428
5428
5429
5430
5433
5433
5433
5434
5436
5437
5437
5437
5439
5441
5442
5443
5444
5444
5444
5444
5445
5445
5446
5448
5450
5451
5453
5454
5457
5457
5459
5459
5460
5461
5462
5463
5464
5466
5467
5469
5470
5472
5472
5473
5474
5475
5475
5476
5477
5478
5482
5483
5483
5483
5483
5484
5485
5486
5488
5488
5488
5489
5489
5490
5492
5492
5493
5494
5494
5495
5499
5500
5500
5501
5502
5503
5504
5504
5506
5506
5507
5510
5510
5511
5511
5512
5512
5514
5514
5515
5517
5518
5519
5519
5519
5520
5521
5522
5522
5523
5524
5526
5526
5528
5529
5530
5532
5536
5537
5538
5538
5539
5540
5541
5542
5543
5544
5544
5545
5546
5547
5547
5549
5549
5552
5554
5554
5564
5565
5565
5567
5567
5568
5569
5569
5573
5574
5574
5574
5575
5575
5578
5578
5578
5579
5582
5583
5584
5585
5585
5586
5588
5589
5589
5589
5590
5590
5591
5593
5594
5594
5594
5595
5595
5596
5597
5597
5598
5599
5599
5599
5600
5600
5602
5603
5603
5605
5605
5607
5607
5611
5613
5613
5613
5613
5614
5614
5614
5614
5615
5618
5618
5618
5619
5619
5619
5619
5622
5624
5625
5625
5626
5626
5627
5628
5630
5630
5630
5631
5631
5633
5634
5635
5635
5636
5636
5637
5638
5639
5641
5642
5644
5645
5646
5648
5649
5649
5650
5651
5651
5651
5653
5653
5653
5654
5658
5658
5658
5659
5659
5659
5662
5664
5664
5665
5665
5666
5666
5666
5667
5667
5668
5669
5673
5673
5674
5674
5675
5675
5677
5678
5678
5678
5678
5679
5680
5681
5681
5682
5683
5683
5684
5685
5686
5686
5689
5691
5691
5691
5692
5692
5692
5693
5693
5693
5694
5695
5696
5699
5701
5701
5701
5703
5705
5705
5705
5706
5706
5707
5707
5708
5710
5711
5711
5711
5712
5712
5713
5715
5717
5717
5719
5720
5720
5721
5724
5724
5728
5729
5730
5730
5732
5734
5734
5739
5739
5740
5740
5742
5742
5744
5745
5745
5746
5747
5748
5749
5751
5751
5752
5752
5754
5754
5755
5755
5760
5760
5760
5760
5761
5762
5762
5762
5764
5768
5768
5769
5769
5771
5772
5772
5773
5773
5774
5774
5775
5776
5776
5777
5777
5777
5777
5778
5778
5779
5782
5782
5783
5784
5787
5787
5787
5788
5788
5789
5789
5793
5793
5797
5800
5801
5801
5801
5801
5805
5805
5808
5810
5810
5811
5811
5812
5813
5814
5815
5815
5816
5816
5816
5819
5820
5821
5822
5825
5825
5826
5827
5830
5830
5832
5832
5833
5833
5835
5836
5837
5837
5839
5842
5842
5844
5844
5844
5845
5845
5846
5847
5848
5849
5851
5853
5857
5860
5861
5862
5863
5863
5864
5865
5866
5867
5867
5869
5872
5872
5873
5876
5879
5879
5880
5885
5885
5885
5886
5886
5886
5887
5887
5888
5889
5890
5891
5892
5893
5893
5894
5895
5895
5896
5896
5897
5898
5898
5899
5899
5900
5902
5902
5903
5904
5906
5907
5907
5907
5909
5909
5909
5909
5911
5912
5913
5915
5915
5915
5917
5917
5918
5920
5920
5922
5922
5923
5923
5926
5926
5927
5928
5928
5928
5930
5931
5932
5932
5934
5936
5937
5938
5940
5940
5940
5941
5941
5942
5942
5943
5944
5947
5948
5948
5948
5948
5948
5949
5951
5953
5954
5954
5955
5956
5956
5956
5956
5957
5958
5963
5963
5964
5964
5965
5966
5967
5968
5969
5970
5972
5972
5976
5976
5977
5978
5979
5979
5980
5981
5981
5983
5983
5984
5984
5986
5990
5990
5993
5993
5995
5998
6002
6002
6003
6005
6006
6006
6007
6007
6008
6009
6009
6010
6010
6013
6015
6015
6015
6015
6016
6016
6016
6017
6018
6021
6022
6022
6023
6025
6025
6025
6027
6029
6030
6030
6030
6031
6033
6034
6034
6034
6035
6036
6038
6040
6040
6044
6045
6049
6049
6049
6049
6050
6051
6052
6053
6053
6054
6055
6055
6056
6056
6057
6057
6058
6058
6059
6060
6061
6061
6062
6062
6064
6065
6066
6067
6067
6067
6068
6069
6069
6070
6072
6074
6076
6077
6078
6078
6079
6080
6080
6081
6081
6082
6082
6083
6084
6085
6085
6086
6086
6087
6088
6088
6089
6089
6090
6091
6091
6092
6094
6095
6095
6096
6096
6096
6097
6098
6098
6098
6102
6102
6102
6103
6104
6104
6105
6106
6106
6107
6107
6112
6113
6113
6115
6115
6117
6118
6118
6119
6120
6121
6122
6122
6122
6123
6123
6123
6124
6124
6126
6127
6127
6128
6130
6131
6132
6132
6132
6132
6133
6135
6136
6137
6138
6138
6138
6138
6139
6139
6141
6142
6143
6150
6150
6152
6153
6155
6160
6160
6161
6161
6164
6165
6165
6165
6166
6167
6167
6168
6169
6169
6172
6173
6173
6175
6176
6176
6178
6180
6181
6181
6182
6183
6184
6184
6185
6185
6185
6186
6187
6188
6189
6189
6190
6191
6192
6192
6194
6197
6197
6199
6201
6201
6202
6204
6205
6213
6213
6215
6216
6218
6218
6218
6219
6220
6221
6223
6226
6226
6227
6227
6228
6228
6229
6231
6231
6234
6235
6236
6240
6240
6242
6243
6244
6244
6244
6245
6246
6248
6248
6251
6252
6254
6255
6257
6257
6258
6260
6261
6262
6264
6265
6265
6266
6267
6267
6267
6268
6270
6272
6273
6273
6273
6276
6277
6278
6278
6279
6279
6279
6280
6280
6281
6283
6283
6283
6283
6283
6284
6285
6286
6286
6289
6290
6290
6290
6291
6291
6291
6291
6291
6292
6292
6293
6293
6293
6294
6296
6299
6301
6303
6304
6304
6305
6305
6306
6306
6308
6310
6311
6311
6311
6312
6312
6316
6317
6317
6317
6319
6320
6321
6322
6322
6323
6325
6326
6327
6327
6328
6329
6329
6330
6330
6333
6333
6333
6333
6334
6334
6335
6336
6337
6338
6338
6339
6340
6341
6344
6347
6347
6347
6348
6349
6350
6350
6353
6355
6356
6358
6360
6362
6363
6363
6363
6363
6364
6366
6368
6370
6370
6371
6371
6372
6372
6374
6374
6375
6376
6376
6376
6377
6377
6378
6378
6379
6380
6381
6386
6388
6389
6389
6391
6391
6392
6392
6392
6393
6394
6396
6397
6399
6401
6401
6401
6404
6404
6404
6405
6406
6406
6410
6411
6414
6414
6414
6415
6415
6416
6416
6417
6418
6419
6424
6424
6425
6426
6427
6428
6428
6428
6428
6429
6429
6429
6430
6430
6431
6431
6433
6433
6434
6434
6435
6436
6439
6443
6446
6449
6449
6449
6449
6452
6452
6452
6453
6455
6457
6457
6457
6458
6459
6461
6462
6463
6465
6467
6468
6469
6470
6471
6471
6471
6472
6472
6472
6472
6474
6475
6476
6477
6479
6480
6481
6481
6482
6482
6482
6483
6483
6485
6485
6486
6486
6486
6487
6487
6488
6488
6488
6489
6489
6490
6491
6498
6499
6500
6502
6506
6506
6507
6510
6510
6511
6512
6512
6514
6515
6516
6517
6519
6520
6520
6521
6521
6521
6521
6522
6523
6524
6525
6525
6525
6527
6529
6529
6529
6530
6533
6533
6535
6536
6536
6536
6538
6540
6541
6543
6544
6544
6545
6546
6548
6548
6549
6550
6552
6553
6555
6555
6555
6556
6557
6557
6558
6559
6560
6560
6562
6566
6570
6572
6577
6578
6580
6581
6581
6582
6582
6583
6584
6584
6587
6588
6589
6589
6589
6589
6593
6594
6596
6598
6599
6601
6601
6602
6602
6603
6603
6606
6607
6608
6608
6609
6609
6609
6611
6612
6612
6614
6615
6616
6617
6620
6621
6621
6622
6625
6629
6629
6630
6632
6632
6632
6634
6634
6635
6639
6640
6641
6642
6643
6645
6646
6648
6649
6650
6650
6651
6651
6652
6653
6653
6654
6655
6657
6659
6661
6662
6662
6662
6666
6666
6666
6667
6667
6667
6668
6669
6670
6671
6672
6673
6673
6674
6674
6675
6675
6676
6677
6678
6679
6681
6681
6682
6684
6685
6685
6686
6688
6688
6689
6693
6694
6696
6696
6696
6697
6698
6699
6699
6699
6700
6702
6702
6704
6705
6705
6705
6705
6708
6710
6711
6713
6714
6716
6717
6717
6720
6720
6720
6721
6722
6722
6723
6723
6724
6726
6726
6726
6727
6727
6730
6730
6730
6732
6733
6734
6736
6738
6740
6740
6741
6741
6743
6743
6746
6750
6750
6751
6753
6754
6756
6756
6757
6758
6761
6762
6763
6764
6765
6766
6766
6770
6770
6771
6771
6772
6772
6773
6773
6775
6775
6776
6776
6777
6778
6779
6779
6779
6780
6783
6783
6784
6785
6786
6786
6790
6791
6791
6792
6792
6793
6793
6795
6795
6796
6797
6797
6799
6800
6801
6801
6803
6803
6803
6806
6808
6809
6809
6810
6811
6811
6812
6812
6813
6814
6815
6815
6817
6817
6818
6820
6820
6820
6821
6821
6822
6824
6826
6827
6827
6827
6827
6828
6828
6829
6829
6830
6830
6831
6831
6831
6831
6832
6833
6833
6833
6835
6835
6838
6840
6840
6840
6841
6841
6843
6845
6845
6846
6852
6853
6854
6854
6854
6854
6855
6856
6856
6859
6860
6862
6863
6864
6866
6867
6869
6869
6870
6872
6872
6873
6873
6874
6876
6876
6877
6878
6878
6879
6879
6879
6880
6882
6884
6884
6888
6888
6889
6890
6891
6892
6892
6896
6897
6899
6900
6903
6903
6904
6905
6906
6907
6908
6909
6914
6915
6919
6919
6921
6921
6921
6922
6923
6923
6923
6924
6926
6926
6926
6931
6932
6933
6933
6934
6935
6939
6940
6943
6947
6947
6947
6948
6949
6949
6949
6950
6950
6950
6950
6952
6952
6953
6953
6955
6956
6956
6956
6958
6958
6959
6960
6962
6964
6965
6965
6966
6966
6967
6968
6968
6969
6969
6969
6969
6974
6974
6975
6975
6976
6976
6977
6977
6978
6979
6980
6981
6981
6982
6982
6983
6984
6984
6985
6985
6986
6986
6987
6988
6991
6992
6992
6992
6993
6993
6994
6995
6995
6998
6998
7000
7001
7001
7001
7002
7003
7005
7005
7006
7008
7008
7008
7010
7010
7012
7013
7014
7015
7016
7017
7018
7019
7020
7021
7024
7025
7026
7026
7027
7029
7029
7030
7030
7030
7030
7031
7035
7035
7035
7039
7039
7039
7040
7041
7041
7042
7043
7043
7044
7045
7045
7045
7049
7049
7051
7052
7052
7053
7055
7057
7057
7057
7057
7059
7062
7062
7063
7065
7067
7070
7071
7071
7079
7079
7080
7081
7084
7087
7088
7088
7088
7088
7088
7089
7090
7092
7093
7093
7094
7094
7095
7097
7099
7099
7100
7101
7101
7102
7103
7105
7107
7107
7108
7110
7110
7112
7112
7112
7114
7115
7116
7116
7120
7122
7122
7122
7123
7123
7123
7123
7123
7123
7125
7128
7129
7129
7129
7131
7134
7135
7135
7136
7137
7138
7138
7138
7139
7140
7140
7142
7145
7145
7145
7146
7148
7148
7149
7150
7152
7152
7152
7154
7155
7157
7159
7160
7161
7166
7166
7167
7167
7167
7169
7170
7171
7172
7175
7176
7176
7177
7178
7178
7179
7180
7184
7184
7184
7184
7186
7186
7187
7188
7189
7190
7190
7192
7193
7195
7196
7196
7196
7197
7197
7197
7199
7199
7199
7200
7200
7200
7203
7203
7203
7203
7204
7206
7206
7210
7210
7211
7211
7212
7212
7212
7215
7218
7218
7218
7219
7221
7222
7222
7223
7224
7226
7226
7229
7230
7230
7232
7234
7234
7234
7234
7235
7235
7236
7238
7240
7240
7243
7243
7243
7244
7244
7244
7246
7250
7250
7251
7252
7254
7254
7255
7255
7255
7256
7259
7260
7260
7260
7261
7261
7262
7264
7264
7266
7266
7266
7267
7268
7268
7269
7270
7271
7272
7274
7274
7277
7278
7279
7282
7282
7284
7284
7284
7287
7287
7287
7288
7289
7292
7295
7296
7296
7296
7296
7298
7299
7300
7301
7301
7302
7303
7305
7306
7307
7308
7308
7310
7310
7310
7312
7312
7313
7314
7317
7319
7319
7321
7321
7324
7324
7324
7326
7327
7327
7328
7329
7330
7330
7331
7333
7333
7333
7335
7335
7336
7336
7337
7339
7340
7341
7342
7342
7343
7343
7344
7345
7348
7348
7349
7349
7350
7350
7351
7351
7352
7352
7354
7355
7357
7357
7357
7357
7358
7359
7360
7363
7364
7367
7368
7370
7371
7374
7374
7376
7377
7379
7379
7379
7381
7381
7381
7381
7382
7384
7385
7386
7386
7387
7388
7388
7388
7389
7390
7391
7391
7393
7393
7393
7393
7394
7394
7395
7395
7396
7396
7397
7397
7398
7399
7400
7400
7402
7402
7402
7404
7404
7406
7408
7408
7408
7408
7409
7413
7414
7415
7415
7418
7418
7419
7420
7420
7420
7422
7424
7424
7424
7424
7425
7428
7428
7431
7431
7432
7432
7432
7432
7432
7433
7436
7438
7441
7441
7442
7443
7444
7444
7444
7448
7448
7449
7449
7450
7450
7451
7451
7452
7454
7459
7462
7462
7463
7467
7469
7469
7470
7470
7471
7471
7472
7472
7472
7473
7473
7474
7474
7476
7476
7477
7477
7477
7479
7480
7481
7481
7481
7482
7485
7485
7485
7485
7485
7487
7487
7490
7491
7493
7493
7494
7494
7495
7495
7497
7500
7503
7503
7506
7507
7508
7509
7509
7510
7510
7511
7513
7514
7515
7515
7516
7518
7520
7520
7522
7522
7522
7524
7525
7525
7525
7526
7526
7527
7530
7530
7531
7531
7531
7532
7534
7534
7535
7536
7537
7538
7538
7540
7541
7541
7543
7544
7548
7549
7552
7552
7552
7552
7553
7553
7555
7556
7559
7562
7564
7565
7567
7567
7567
7568
7570
7571
7574
7575
7575
7576
7576
7578
7579
7579
7580
7580
7583
7583
7584
7585
7586
7587
7589
7591
7591
7592
7592
7593
7593
7594
7596
7596
7597
7599
7600
7601
7602
7604
7605
7606
7609
7610
7612
7613
7617
7618
7618
7619
7620
7621
7622
7625
7626
7628
7628
7628
7628
7629
7629
7633
7633
7633
7633
7635
7640
7640
7640
7641
7642
7642
7644
7644
7645
7646
7646
7646
7647
7647
7648
7648
7649
7650
7650
7651
7651
7653
7654
7654
7655
7657
7657
7658
7658
7659
7660
7660
7662
7664
7664
7664
7666
7669
7670
7671
7673
7673
7673
7674
7675
7675
7676
7676
7676
7677
7678
7678
7678
7678
7679
7679
7680
7680
7683
7686
7689
7695
7696
7696
7697
7698
7698
7699
7700
7702
7704
7706
7707
7707
7709
7711
7715
7715
7716
7717
7719
7722
7722
7722
7722
7722
7724
7725
7726
7726
7727
7728
7728
7730
7730
7731
7732
7734
7738
7739
7741
7741
7742
7743
7743
7745
7745
7746
7746
7747
7749
7749
7749
7750
7750
7752
7752
7754
7754
7756
7759
7761
7762
7762
7763
7764
7764
7764
7764
7764
7764
7765
7766
7769
7770
7770
7770
7770
7773
7773
7774
7775
7775
7776
7776
7778
7781
7781
7783
7785
7786
7787
7787
7788
7790
7790
7790
7792
7792
7793
7793
7793
7793
7794
7794
7794
7796
7800
7801
7801
7801
7803
7804
7807
7807
7808
7808
7809
7809
7810
7812
7813
7813
7814
7814
7815
7815
7816
7816
7817
7817
7819
7819
7820
7820
7821
7821
7826
7827
7827
7827
7828
7829
7829
7830
7831
7833
7833
7833
7835
7835
7836
7837
7838
7838
7838
7839
7839
7840
7840
7841
7841
7841
7841
7842
7842
7843
7843
7844
7844
7845
7845
7846
7848
7849
7849
7849
7852
7854
7854
7855
7858
7859
7863
7863
7863
7863
7865
7867
7868
7869
7870
7871
7872
7873
7873
7874
7877
7877
7878
7879
7880
7880
7881
7881
7881
7884
7885
7888
7888
7890
7890
7891
7895
7896
7897
7897
7897
7897
7897
7898
7899
7901
7902
7902
7903
7903
7904
7904
7908
7909
7911
7911
7913
7914
7914
7915
7915
7915
7915
7915
7917
7919
7920
7923
7923
7925
7926
7926
7927
7929
7932
7933
7934
7935
7936
7937
7937
7939
7939
7940
7943
7943
7943
7944
7945
7947
7947
7947
7948
7949
7951
7951
7952
7953
7958
7960
7961
7962
7962
7963
7964
7965
7965
7965
7966
7969
7970
7971
7972
7974
7975
7977
7978
7978
7980
7981
7982
7983
7985
7985
7986
7986
7987
7987
7988
7988
7990
7991
7991
7992
7992
7992
7992
7993
7993
7995
7995
7997
7997
7997
7998
7998
8001
8001
8001
8002
8002
8002
8005
8005
8005
8005
8009
8010
8010
8013
8014
8016
8018
8018
8018
8019
8020
8022
8022
8022
8024
8025
8025
8027
8028
8030
8030
8030
8031
8031
8031
8033
8036
8036
8037
8037
8040
8040
8041
8042
8042
8045
8046
8047
8047
8049
8050
8050
8051
8054
8054
8056
8057
8057
8057
8058
8058
8058
8058
8060
8060
8063
8064
8064
8065
8066
8066
8067
8067
8067
8068
8071
8071
8073
8073
8073
8074
8075
8075
8077
8077
8079
8080
8083
8085
8087
8087
8088
8093
8095
8095
8096
8096
8096
8097
8097
8098
8105
8108
8110
8112
8115
8116
8117
8117
8117
8118
8118
8118
8119
8120
8120
8120
8127
8127
8127
8129
8129
8132
8136
8136
8136
8137
8137
8139
8139
8140
8141
8141
8142
8143
8144
8146
8146
8148
8148
8148
8149
8150
8151
8151
8152
8153
8153
8154
8155
8155
8159
8161
8164
8164
8164
8165
8165
8166
8166
8166
8166
8167
8171
8173
8173
8175
8175
8176
8176
8177
8177
8180
8182
8184
8185
8185
8186
8187
8195
8196
8198
8200
8201
8203
8204
8204
8205
8206
8207
8207
8208
8208
8209
8210
8212
8214
8214
8214
8214
8217
8217
8219
8219
8219
8219
8219
8220
8223
8224
8226
8226
8227
8227
8227
8228
8228
8231
8232
8232
8232
8233
8234
8234
8235
8237
8238
8238
8239
8241
8241
8242
8244
8244
8244
8244
8247
8247
8247
8247
8247
8248
8249
8253
8254
8257
8258
8259
8259
8259
8259
8260
8261
8262
8262
8263
8264
8266
8266
8266
8266
8267
8268
8269
8270
8270
8270
8271
8271
8272
8275
8275
8277
8278
8279
8279
8279
8281
8281
8282
8282
8284
8285
8285
8286
8287
8287
8289
8289
8289
8290
8291
8294
8294
8295
8295
8295
8296
8299
8299
8301
8301
8303
8303
8305
8305
8305
8307
8310
8311
8311
8313
8313
8313
8314
8314
8315
8315
8315
8316
8317
8318
8318
8319
8320
8320
8320
8324
8324
8326
8327
8328
8328
8329
8329
8332
8332
8333
8335
8336
8337
8337
8338
8339
8339
8340
8340
8340
8341
8344
8345
8348
8349
8350
8351
8353
8353
8357
8359
8362
8362
8364
8366
8367
8367
8367
8368
8369
8369
8371
8372
8372
8373
8373
8376
8377
8378
8378
8381
8382
8382
8384
8384
8385
8388
8390
8390
8392
8392
8393
8393
8394
8395
8396
8397
8398
8398
8398
8400
8400
8402
8404
8404
8405
8405
8405
8406
8406
8407
8408
8408
8408
8408
8408
8411
8411
8413
8413
8416
8417
8418
8419
8421
8422
8422
8423
8423
8425
8425
8428
8428
8428
8429
8432
8432
8433
8433
8433
8435
8436
8437
8438
8438
8438
8439
8439
8439
8441
8445
8446
8447
8448
8448
8448
8448
8451
8451
8451
8453
8454
8454
8454
8454
8455
8455
8457
8458
8459
8459
8459
8461
8463
8465
8465
8466
8468
8468
8469
8469
8471
8471
8472
8472
8473
8475
8477
8477
8477
8479
8481
8482
8483
8483
8486
8486
8488
8489
8492
8493
8493
8494
8495
8497
8498
8500
8500
8502
8503
8504
8504
8507
8507
8509
8509
8511
8513
8514
8515
8515
8517
8517
8517
8517
8518
8519
8519
8521
8521
8521
8522
8524
8524
8524
8526
8527
8529
8529
8530
8530
8531
8532
8533
8536
8536
8536
8536
8536
8537
8538
8539
8539
8540
8542
8542
8542
8546
8546
8547
8549
8551
8552
8553
8553
8554
8556
8557
8559
8559
8560
8560
8561
8563
8565
8565
8565
8565
8566
8568
8569
8570
8570
8571
8572
8572
8573
8574
8576
8577
8578
8579
8580
8580
8580
8580
8580
8584
8585
8585
8589
8590
8590
8590
8590
8593
8593
8594
8594
8595
8596
8597
8598
8599
8600
8600
8603
8604
8605
8606
8607
8608
8609
8610
8610
8612
8613
8613
8613
8615
8616
8617
8618
8618
8618
8618
8621
8622
8622
8623
8624
8625
8625
8628
8628
8630
8633
8633
8634
8635
8639
8640
8640
8640
8641
8641
8642
8643
8644
8645
8646
8646
8647
8647
8648
8650
8651
8651
8652
8655
8656
8657
8657
8659
8660
8661
8662
8663
8663
8664
8664
8664
8664
8664
8665
8665
8668
8670
8670
8671
8671
8673
8674
8674
8676
8678
8678
8679
8679
8680
8682
8682
8683
8685
8685
8689
8690
8690
8692
8692
8693
8693
8694
8694
8695
8697
8697
8699
8699
8700
8702
8703
8704
8706
8706
8708
8708
8709
8709
8710
8712
8713
8715
8715
8716
8718
8718
8718
8718
8719
8720
8720
8721
8721
8722
8722
8723
8723
8725
8728
8728
8732
8732
8732
8733
8735
8735
8736
8737
8738
8740
8742
8742
8745
8746
8746
8748
8748
8749
8749
8750
8750
8752
8752
8752
8756
8757
8757
8758
8759
8759
8759
8759
8760
8760
8760
8760
8761
8761
8762
8762
8762
8763
8764
8765
8765
8766
8768
8769
8769
8770
8770
8771
8775
8777
8777
8777
8779
8780
8784
8785
8789
8789
8789
8791
8794
8795
8795
8797
8798
8799
8799
8799
8800
8801
8802
8803
8803
8806
8809
8812
8813
8813
8814
8815
8815
8816
8819
8820
8821
8821
8824
8828
8830
8831
8832
8833
8841
8842
8843
8845
8845
8847
8847
8849
8850
8851
8854
8854
8855
8856
8858
8858
8858
8860
8861
8861
8862
8863
8863
8863
8864
8866
8866
8866
8867
8868
8870
8870
8871
8872
8873
8873
8874
8874
8874
8875
8877
8878
8879
8880
8884
8884
8885
8887
8892
8893
8894
8895
8895
8896
8897
8898
8898
8899
8902
8904
8905
8905
8906
8906
8906
8907
8907
8910
8910
8911
8912
8912
8912
8912
8912
8914
8915
8915
8919
8919
8920
8921
8921
8921
8922
8922
8923
8923
8925
8926
8927
8928
8929
8929
8929
8929
8931
8934
8937
8937
8938
8941
8943
8944
8944
8945
8946
8947
8948
8948
8948
8949
8950
8952
8953
8955
8955
8956
8956
8959
8960
8960
8961
8961
8962
8962
8964
8964
8964
8965
8969
8970
8970
8970
8970
8971
8971
8973
8975
8976
8976
8981
8982
8984
8984
8987
8987
8988
8988
8988
8988
8988
8989
8989
8989
8989
8989
8990
8992
8994
8994
8996
8997
8997
8998
8998
8998
8999
8999
9000
9000
9000
9001
9001
9001
9005
9006
9007
9008
9008
9008
9009
9010
9010
9011
9013
9013
9015
9017
9019
9019
9019
9021
9022
9023
9024
9026
9026
9027
9029
9029
9029
9030
9032
9034
9034
9035
9035
9036
9037
9039
9040
9040
9041
9042
9043
9044
9044
9044
9044
9045
9045
9046
9048
9051
9052
9055
9057
9058
9058
9059
9059
9060
9061
9064
9064
9064
9065
9065
9066
9067
9068
9068
9070
9071
9072
9073
9076
9076
9077
9077
9077
9082
9082
9085
9085
9085
9086
9087
9088
9089
9089
9089
9090
9091
9091
9092
9093
9097
9098
9105
9107
9109
9112
9112
9113
9114
9114
9116
9116
9116
9117
9117
9118
9119
9120
9121
9122
9123
9123
9127
9129
9129
9130
9131
9131
9132
9133
9133
9135
9135
9136
9138
9143
9143
9144
9145
9145
9146
9146
9148
9149
9150
9150
9151
9152
9152
9153
9154
9156
9157
9158
9159
9160
9161
9161
9164
9164
9164
9166
9169
9169
9170
9171
9171
9174
9175
9175
9176
9177
9178
9178
9178
9181
9181
9182
9182
9183
9185
9188
9188
9189
9189
9191
9192
9194
9194
9194
9196
9197
9199
9200
9202
9203
9203
9204
9206
9206
9206
9207
9208
9209
9209
9209
9209
9210
9210
9212
9213
9214
9215
9218
9218
9220
9221
9222
9222
9222
9223
9224
9225
9226
9227
9228
9228
9230
9230
9232
9232
9233
9236
9237
9237
9239
9241
9242
9242
9243
9245
9245
9247
9247
9248
9248
9248
9248
9249
9249
9249
9251
9252
9252
9253
9254
9256
9258
9258
9259
9260
9261
9262
9263
9264
9264
9264
9265
9265
9266
9267
9267
9268
9269
9269
9269
9270
9273
9273
9273
9274
9276
9278
9278
9279
9281
9282
9283
9283
9284
9284
9285
9285
9285
9287
9290
9291
9292
9292
9292
9293
9294
9296
9296
9296
9299
9300
9300
9300
9301
9301
9302
9303
9303
9304
9305
9306
9306
9308
9312
9313
9313
9313
9313
9314
9314
9314
9315
9315
9315
9315
9315
9316
9317
9318
9319
9320
9322
9322
9323
9324
9325
9327
9328
9329
9331
9332
9332
9333
9333
9335
9335
9337
9337
9337
9339
9340
9344
9347
9347
9348
9348
9348
9349
9351
9351
9354
9356
9356
9357
9358
9359
9361
9362
9365
9366
9367
9368
9368
9372
9376
9378
9378
9379
9379
9380
9381
9381
9382
9382
9383
9384
9384
9384
9385
9385
9386
9387
9387
9388
9389
9390
9393
9397
9397
9401
9402
9403
9403
9404
9406
9408
9409
9413
9414
9415
9416
9418
9419
9420
9423
9427
9428
9429
9432
9432
9433
9433
9435
9436
9436
9436
9438
9439
9440
9440
9441
9442
9444
9445
9446
9450
9452
9452
9453
9456
9457
9458
9460
9463
9465
9466
9466
9467
9467
9468
9468
9469
9469
9469
9472
9472
9473
9474
9476
9477
9479
9479
9481
9481
9485
9486
9486
9486
9487
9487
9487
9488
9490
9491
9493
9495
9495
9497
9499
9500
9500
9503
9504
9504
9504
9505
9507
9507
9508
9508
9510
9512
9513
9513
9516
9516
9517
9519
9519
9520
9520
9522
9522
9523
9523
9524
9524
9526
9527
9528
9528
9530
9530
9530
9531
9534
9535
9536
9536
9536
9538
9538
9538
9538
9538
9540
9543
9545
9545
9545
9549
9550
9551
9551
9554
9554
9554
9557
9558
9560
9560
9560
9561
9565
9565
9565
9566
9567
9569
9569
9570
9570
9572
9574
9574
9575
9578
9579
9581
9582
9583
9583
9586
9587
9587
9587
9588
9588
9592
9594
9594
9595
9598
9598
9600
9600
9600
9602
9603
9603
9604
9605
9605
9606
9607
9607
9609
9609
9611
9612
9614
9616
9617
9619
9620
9621
9623
9625
9625
9626
9628
9628
9630
9630
9633
9635
9635
9636
9637
9637
9637
9639
9639
9640
9642
9642
9643
9644
9645
9645
9645
9646
9648
9651
9652
9653
9653
9653
9653
9657
9660
9661
9662
9662
9662
9662
9664
9665
9665
9666
9667
9669
9670
9670
9671
9672
9673
9674
9674
9674
9674
9676
9677
9677
9677
9677
9679
9680
9682
9682
9683
9683
9685
9686
9686
9687
9687
9688
9688
9694
9694
9695
9695
9697
9699
9699
9699
9700
9701
9701
9703
9704
9704
9706
9706
9707
9707
9707
9708
9708
9711
9711
9711
9712
9712
9713
9713
9714
9714
9716
9718
9718
9719
9719
9720
9722
9722
9723
9723
9724
9724
9725
9725
9726
9726
9726
9727
9729
9729
9729
9730
9732
9732
9732
9732
9732
9733
9733
9734
9735
9737
9738
9739
9739
9740
9740
9741
9741
9742
9743
9744
9745
9746
9748
9750
9751
9753
9754
9754
9754
9756
9757
9758
9759
9762
9763
9764
9767
9768
9770
9771
9771
9772
9772
9773
9773
9774
9774
9774
9774
9775
9776
9776
9777
9779
9779
9779
9780
9781
9782
9782
9782
9783
9783
9784
9784
9784
9785
9787
9787
9788
9788
9790
9790
9793
9793
9795
9795
9797
9797
9798
9801
9802
9802
9802
9803
9804
9805
9805
9806
9808
9808
9808
9809
9809
9811
9812
9813
9813
9814
9817
9818
9819
9820
9820
9823
9824
9825
9825
9826
9826
9827
9830
9830
9832
9832
9832
9833
9833
9833
9834
9834
9834
9836
9836
9837
9837
9839
9839
9840
9840
9842
9842
9842
9842
9844
9845
9845
9846
9847
9848
9850
9851
9852
9852
9854
9855
9855
9855
9856
9856
9857
9857
9858
9858
9859
9862
9863
9864
9865
9865
9867
9869
9869
9869
9872
9872
9875
9875
9875
9876
9879
9880
9880
9881
9881
9881
9883
9883
9885
9886
9888
9888
9890
9893
9894
9894
9895
9895
9895
9895
9897
9897
9901
9901
9902
9902
9903
9905
9905
9905
9906
9906
9907
9908
9909
9912
9912
9913
9914
9914
9916
9917
9918
9920
9921
9921
9924
9925
9926
9926
9928
9929
9929
9930
9931
9931
9934
9935
9938
9940
9940
9941
9942
9942
9943
9946
9948
9948
9948
9949
9949
9951
9951
9952
9952
9956
9956
9956
9957
9957
9957
9957
9957
9958
9958
9958
9958
9960
9960
9961
9961
9961
9963
9963
9963
9965
9965
9966
9967
9967
9968
9968
9968
9969
9969
9969
9970
9971
9972
9972
9973
9974
9974
9975
9976
9976
9978
9978
9979
9980
9980
9980
9983
9984
9985
9985
9986
9986
9988
9988
9988
9989
9989
9991
9991
9993
9994
9994
9995
9997
9998
9998
9998
