2
3
4
5
6
7
8
9
9
10
10
11
11
12
12
12
12
13
14
16
18
18
19
20
21
22
24
24
26
26
30
34
35
36
38
46
47
47
49
49
50
52
53
54
54
55
56
58
58
59
63
63
64
65
65
65
66
67
68
68
70
70
74
74
75
76
77
78
79
79
80
82
83
83
85
85
86
87
91
92
93
94
94
95
96
96
98
98
99
101
101
102
103
103
104
104
104
105
106
108
108
110
112
112
112
114
115
117
117
117
118
118
119
119
120
121
122
125
126
127
127
128
128
129
130
130
131
134
134
135
135
135
135
135
137
138
138
138
140
145
145
149
150
150
151
151
152
152
156
158
158
160
161
163
163
163
164
165
165
166
167
168
170
175
177
177
178
180
180
181
181
182
184
187
188
189
189
189
192
193
194
194
195
199
199
199
201
203
205
208
209
211
211
212
214
214
214
215
216
217
217
218
220
223
225
228
228
230
230
231
231
232
233
233
235
235
235
235
237
238
238
239
240
241
243
245
247
247
248
248
248
248
249
249
250
250
252
252
252
252
252
253
253
253
254
255
256
257
257
257
257
258
259
262
263
263
264
264
267
267
268
270
272
272
273
274
274
277
277
277
277
278
279
280
280
281
281
281
282
282
282
283
284
286
286
293
293
295
296
298
298
300
301
303
303
303
305
307
307
307
308
309
309
310
312
314
314
315
316
317
318
325
325
327
328
329
330
334
335
335
336
336
337
338
338
340
343
344
345
348
351
351
352
352
353
354
354
357
358
358
360
361
361
364
367
367
368
369
370
371
373
375
375
375
377
378
378
380
383
384
384
384
386
386
391
392
392
392
394
395
397
400
403
403
403
406
410
411
413
414
417
418
419
419
420
421
421
421
421
422
423
430
432
435
435
436
437
437
439
439
439
442
442
442
443
444
444
446
447
450
450
451
453
454
455
456
456
456
458
459
459
462
464
465
466
469
469
470
470
473
473
474
476
477
477
478
479
479
481
484
485
485
485
487
488
489
490
491
497
497
502
503
504
504
504
506
507
507
508
509
510
512
513
513
514
514
514
514
515
515
516
516
517
518
518
519
519
521
521
523
523
524
524
525
526
529
531
534
537
538
539
539
540
540
540
543
543
543
545
545
545
546
547
548
549
549
551
553
554
554
556
557
558
563
563
565
565
567
567
568
568
569
571
571
572
573
573
573
573
578
580
580
581
582
583
583
584
584
586
586
587
587
588
588
588
588
589
589
589
592
592
592
593
593
596
596
596
600
602
606
607
607
608
608
609
610
610
612
613
615
618
620
620
620
620
621
621
622
624
624
624
624
624
625
625
626
628
629
630
630
632
634
634
634
636
636
636
637
639
640
640
640
642
643
643
645
646
646
646
648
649
649
650
650
652
654
655
658
660
660
661
662
662
662
662
664
664
665
666
667
668
669
670
672
673
673
673
675
676
676
677
678
678
678
679
682
682
682
683
685
685
686
688
690
690
693
694
694
694
696
698
700
700
700
701
701
702
703
704
705
707
710
710
710
712
712
712
713
714
717
718
718
719
719
721
721
722
722
722
723
723
724
724
729
729
730
731
733
736
736
738
738
738
739
741
741
743
745
746
746
746
747
747
748
750
750
750
751
752
753
754
754
754
755
755
759
761
761
762
764
765
765
766
767
767
768
768
769
770
770
771
774
774
778
778
780
781
781
782
782
783
783
785
786
787
788
789
790
790
793
793
796
796
796
797
800
802
802
806
808
808
808
810
811
811
812
812
812
813
813
815
815
817
817
817
818
818
819
822
823
823
824
824
825
827
828
828
828
830
832
832
836
836
836
838
839
840
841
842
843
846
848
849
851
852
855
857
857
858
858
858
859
860
864
865
865
865
867
868
869
871
873
873
875
875
876
876
876
877
878
879
879
880
880
883
883
883
884
884
885
888
888
889
890
891
893
897
897
898
898
898
899
899
899
901
901
902
903
904
906
907
907
908
909
910
910
912
913
915
919
919
920
920
920
920
920
921
924
924
925
927
928
929
930
931
934
934
936
936
936
940
942
942
944
945
947
948
948
949
949
949
952
952
953
953
953
954
954
954
955
955
956
956
958
959
959
960
961
961
962
963
964
965
966
971
972
972
973
974
975
976
978
979
981
982
982
985
985
987
987
987
988
989
989
989
991
991
992
994
994
996
996
999
1000
1001
1002
1002
1003
1003
1003
1003
1004
1005
1005
1006
1007
1008
1008
1008
1009
1009
1010
1011
1012
1012
1012
1015
1015
1015
1015
1017
1018
1018
1018
1019
1019
1020
1020
1020
1021
1021
1022
1022
1023
1024
1024
1024
1025
1029
1029
1031
1031
1031
1031
1031
1032
1033
1034
1034
1035
1035
1036
1037
1038
1038
1039
1043
1045
1046
1047
1049
1050
1051
1051
1052
1052
1053
1054
1055
1056
1057
1058
1058
1058
1060
1061
1063
1063
1064
1065
1065
1065
1066
1066
1067
1067
1068
1068
1071
1073
1073
1073
1073
1074
1079
1080
1081
1083
1084
1085
1085
1086
1086
1088
1089
1091
1091
1091
1091
1093
1093
1095
1096
1098
1099
1100
1101
1101
1101
1103
1104
1106
1110
1111
1111
1112
1112
1113
1116
1117
1117
1118
1118
1118
1118
1119
1124
1125
1125
1126
1127
1127
1132
1132
1133
1135
1138
1139
1139
1141
1143
1144
1147
1148
1148
1148
1150
1151
1155
1155
1156
1156
1157
1158
1159
1159
1159
1159
1162
1165
1165
1167
1168
1168
1172
1172
1173
1173
1173
1174
1174
1175
1177
1179
1181
1181
1183
1184
1184
1185
1185
1186
1192
1192
1192
1194
1195
1195
1196
1196
1197
1197
1197
1199
1202
1203
1203
1204
1206
1206
1207
1209
1211
1211
1211
1213
1213
1214
1215
1217
1217
1217
1219
1219
1220
1223
1223
1223
1226
1226
1229
1229
1229
1230
1232
1236
1237
1242
1242
1243
1243
1244
1244
1244
1245
1245
1246
1247
1249
1251
1252
1252
1256
1256
1258
1258
1258
1259
1260
1262
1263
1263
1263
1264
1264
1267
1267
1267
1268
1268
1268
1268
1269
1271
1272
1272
1272
1272
1272
1273
1274
1276
1276
1279
1279
1280
1281
1282
1284
1286
1286
1286
1286
1287
1288
1288
1290
1290
1291
1291
1292
1295
1296
1298
1298
1298
1299
1301
1303
1303
1305
1307
1307
1310
1310
1311
1315
1315
1315
1316
1317
1317
1317
1321
1323
1324
1325
1327
1327
1327
1328
1329
1329
1331
1332
1333
1333
1333
1334
1335
1336
1337
1337
1338
1339
1339
1340
1340
1341
1343
1346
1346
1347
1348
1350
1352
1353
1354
1354
1356
1356
1357
1357
1358
1358
1361
1362
1362
1363
1366
1366
1369
1369
1370
1370
1371
1372
1372
1372
1375
1376
1376
1377
1378
1379
1379
1380
1380
1380
1381
1382
1383
1387
1389
1390
1392
1392
1395
1397
1397
1399
1399
1403
1405
1409
1410
1411
1411
1411
1416
1416
1418
1421
1425
1425
1428
1428
1428
1429
1429
1430
1430
1430
1431
1431
1432
1434
1435
1436
1437
1438
1439
1439
1440
1440
1442
1442
1444
1445
1446
1448
1448
1449
1451
1453
1454
1454
1454
1455
1455
1457
1458
1460
1460
1465
1465
1466
1467
1469
1470
1473
1473
1474
1474
1474
1475
1477
1479
1480
1481
1481
1482
1482
1482
1482
1483
1483
1483
1484
1484
1484
1486
1487
1487
1490
1492
1492
1493
1493
1494
1495
1499
1499
1499
1501
1501
1505
1505
1508
1510
1511
1512
1512
1513
1514
1514
1515
1516
1517
1517
1518
1518
1519
1520
1520
1523
1524
1525
1525
1525
1526
1527
1528
1531
1532
1533
1534
1535
1535
1536
1537
1538
1538
1539
1541
1542
1542
1542
1544
1544
1545
1545
1545
1546
1546
1548
1550
1552
1552
1553
1554
1554
1555
1556
1556
1556
1558
1558
1558
1559
1559
1560
1560
1561
1562
1562
1562
1566
1567
1569
1569
1570
1572
1573
1573
1574
1575
1575
1578
1579
1580
1580
1583
1583
1583
1584
1584
1585
1586
1587
1588
1588
1589
1589
1592
1593
1594
1594
1594
1597
1597
1600
1600
1601
1602
1604
1605
1606
1608
1609
1610
1610
1611
1611
1612
1612
1613
1615
1616
1616
1619
1620
1623
1624
1625
1626
1627
1629
1630
1630
1630
1630
1630
1631
1631
1633
1636
1637
1637
1637
1638
1638
1639
1639
1640
1641
1641
1643
1643
1643
1644
1645
1645
1645
1645
1646
1646
1647
1647
1647
1647
1648
1649
1649
1652
1653
1655
1656
1656
1656
1656
1657
1657
1659
1660
1660
1661
1661
1662
1662
1665
1665
1666
1666
1666
1667
1667
1668
1672
1672
1674
1675
1675
1675
1676
1677
1677
1678
1678
1679
1680
1680
1681
1681
1682
1682
1683
1683
1684
1685
1686
1687
1688
1688
1689
1693
1695
1698
1699
1700
1700
1701
1703
1703
1704
1706
1707
1710
1710
1710
1713
1714
1715
1717
1720
1721
1723
1725
1725
1725
1726
1728
1729
1729
1729
1730
1730
1735
1736
1737
1737
1738
1739
1739
1740
1744
1745
1745
1746
1746
1747
1747
1747
1748
1748
1748
1748
1749
1749
1752
1755
1756
1757
1762
1763
1764
1764
1765
1766
1767
1768
1772
1774
1778
1778
1779
1779
1779
1781
1782
1784
1786
1786
1786
1787
1788
1789
1789
1791
1792
1792
1793
1795
1796
1797
1797
1798
1799
1801
1803
1803
1803
1803
1803
1805
1807
1808
1808
1809
1810
1812
1814
1814
1814
1814
1816
1817
1818
1818
1821
1822
1823
1825
1827
1828
1828
1829
1830
1830
1833
1835
1835
1835
1837
1838
1838
1838
1843
1843
1844
1844
1847
1847
1847
1848
1849
1850
1850
1852
1852
1852
1857
1858
1859
1860
1862
1862
1863
1863
1863
1865
1866
1870
1870
1870
1871
1872
1872
1872
1877
1877
1877
1878
1878
1880
1882
1882
1882
1885
1888
1889
1889
1890
1891
1891
1891
1892
1895
1896
1897
1899
1899
1899
1901
1902
1902
1903
1905
1905
1906
1907
1908
1908
1909
1911
1911
1913
1914
1914
1915
1915
1918
1918
1919
1921
1922
1922
1922
1922
1923
1927
1928
1929
1929
1930
1931
1931
1932
1933
1933
1938
1938
1940
1940
1941
1942
1942
1943
1943
1943
1944
1945
1945
1946
1946
1946
1948
1950
1951
1953
1954
1954
1955
1956
1957
1957
1958
1960
1963
1963
1966
1967
1968
1968
1970
1970
1970
1971
1975
1977
1979
1979
1981
1982
1983
1986
1987
1988
1988
1988
1991
1991
1991
1993
1994
1998
1998
2000
2000
2001
2001
2002
2002
2003
2003
2003
2003
2004
2006
2008
2009
2009
2009
2011
2012
2014
2018
2018
2020
2020
2021
2023
2023
2024
2024
2025
2025
2025
2026
2027
2030
2033
2033
2034
2034
2034
2035
2035
2035
2036
2038
2039
2040
2044
2044
2045
2045
2046
2050
2050
2052
2052
2052
2053
2054
2055
2055
2056
2058
2058
2058
2059
2060
2061
2061
2063
2064
2066
2067
2068
2069
2069
2071
2071
2071
2072
2073
2074
2076
2077
2078
2082
2083
2083
2084
2085
2085
2087
2088
2088
2090
2090
2091
2091
2092
2093
2094
2094
2096
2098
2098
2098
2099
2101
2102
2103
2104
2104
2104
2106
2109
2111
2111
2113
2113
2113
2114
2115
2116
2117
2118
2118
2122
2122
2122
2124
2124
2124
2125
2125
2127
2128
2128
2129
2130
2131
2132
2133
2133
2136
2136
2137
2138
2139
2141
2142
2142
2142
2143
2143
2143
2143
2144
2144
2145
2146
2146
2146
2146
2148
2148
2148
2150
2150
2150
2151
2152
2154
2154
2155
2155
2156
2157
2158
2159
2160
2161
2163
2164
2165
2165
2166
2166
2166
2167
2168
2168
2169
2169
2170
2171
2171
2173
2174
2176
2178
2178
2184
2186
2186
2187
2188
2188
2189
2189
2190
2191
2192
2192
2193
2193
2194
2195
2196
2196
2196
2197
2197
2197
2198
2199
2199
2199
2200
2202
2202
2203
2204
2207
2210
2210
2213
2216
2219
2219
2220
2220
2221
2223
2224
2226
2226
2226
2227
2227
2229
2229
2229
2230
2231
2232
2233
2233
2234
2234
2235
2235
2236
2238
2238
2239
2241
2243
2244
2244
2244
2244
2246
2247
2248
2248
2250
2250
2251
2251
2252
2253
2253
2254
2257
2258
2258
2259
2260
2261
2265
2265
2266
2267
2267
2268
2268
2269
2271
2272
2273
2274
2275
2275
2275
2277
2277
2279
2280
2281
2283
2284
2286
2286
2286
2288
2288
2288
2290
2291
2292
2295
2296
2297
2297
2297
2298
2299
2300
2301
2302
2304
2305
2306
2309
2313
2314
2315
2318
2319
2320
2320
2321
2321
2322
2322
2324
2325
2326
2327
2328
2329
2330
2331
2336
2337
2337
2337
2337
2339
2340
2342
2345
2347
2347
2348
2349
2349
2350
2351
2352
2352
2353
2354
2356
2357
2357
2357
2358
2359
2359
2360
2360
2361
2361
2362
2363
2364
2364
2365
2365
2366
2366
2367
2367
2370
2372
2373
2373
2373
2374
2375
2375
2376
2376
2377
2377
2380
2380
2382
2382
2383
2383
2384
2388
2388
2389
2389
2390
2390
2390
2391
2392
2392
2393
2395
2397
2398
2398
2398
2402
2406
2407
2407
2409
2411
2412
2413
2417
2418
2419
2422
2423
2424
2425
2425
2425
2426
2427
2427
2428
2428
2428
2431
2431
2432
2433
2433
2434
2435
2435
2435
2436
2437
2438
2438
2441
2442
2443
2444
2444
2445
2445
2446
2447
2447
2448
2450
2450
2452
2453
2453
2454
2454
2455
2457
2457
2457
2458
2460
2461
2461
2461
2461
2462
2462
2462
2462
2463
2464
2465
2469
2470
2470
2472
2473
2474
2475
2477
2477
2480
2480
2480
2480
2481
2481
2483
2485
2485
2485
2486
2486
2486
2487
2488
2488
2491
2492
2492
2493
2494
2494
2494
2496
2498
2500
2502
2502
2502
2503
2504
2505
2505
2506
2509
2509
2510
2513
2513
2514
2515
2516
2519
2519
2520
2522
2524
2524
2526
2526
2526
2527
2528
2529
2534
2534
2535
2535
2536
2537
2537
2538
2539
2540
2541
2542
2542
2543
2545
2545
2546
2547
2548
2548
2549
2550
2553
2556
2558
2559
2559
2560
2560
2560
2561
2561
2564
2564
2565
2566
2568
2569
2570
2571
2571
2572
2573
2573
2574
2574
2576
2576
2582
2585
2586
2586
2588
2589
2590
2590
2592
2592
2593
2594
2596
2596
2598
2602
2603
2603
2607
2609
2609
2610
2611
2611
2613
2614
2614
2614
2616
2619
2623
2624
2624
2626
2626
2626
2626
2627
2627
2628
2629
2629
2630
2631
2631
2633
2633
2634
2634
2635
2636
2637
2638
2639
2640
2640
2641
2642
2642
2642
2644
2645
2647
2650
2653
2654
2656
2657
2657
2658
2659
2661
2664
2664
2666
2666
2666
2666
2667
2668
2669
2670
2671
2671
2672
2672
2673
2673
2674
2675
2676
2676
2678
2681
2681
2682
2683
2684
2687
2688
2689
2690
2692
2693
2693
2695
2696
2697
2700
2702
2702
2702
2702
2703
2703
2703
2703
2704
2704
2704
2704
2706
2707
2707
2707
2707
2708
2709
2710
2711
2714
2714
2715
2716
2716
2717
2718
2718
2720
2720
2721
2722
2723
2725
2728
2730
2730
2730
2730
2735
2736
2736
2736
2737
2737
2738
2742
2742
2745
2749
2753
2754
2756
2756
2757
2759
2759
2759
2762
2762
2762
2763
2764
2764
2765
2765
2767
2767
2768
2768
2771
2772
2773
2773
2773
2775
2775
2775
2775
2776
2778
2778
2779
2780
2786
2786
2787
2790
2791
2792
2793
2794
2794
2796
2796
2796
2797
2798
2801
2803
2804
2805
2805
2806
2806
2807
2808
2809
2811
2812
2814
2814
2817
2818
2821
2821
2822
2822
2824
2825
2825
2826
2828
2829
2833
2833
2834
2835
2837
2837
2837
2838
2839
2839
2840
2842
2842
2846
2847
2848
2849
2851
2852
2853
2854
2856
2857
2858
2859
2859
2860
2861
2862
2865
2865
2868
2868
2871
2872
2874
2876
2876
2879
2879
2880
2880
2883
2883
2884
2884
2888
2888
2889
2889
2891
2894
2894
2895
2895
2897
2897
2899
2899
2901
2901
2902
2903
2904
2906
2907
2908
2909
2909
2910
2910
2910
2911
2911
2912
2913
2914
2914
2916
2916
2917
2918
2919
2920
2921
2925
2925
2926
2927
2929
2930
2930
2933
2933
2935
2938
2939
2939
2941
2941
2943
2943
2943
2944
2944
2944
2944
2945
2946
2947
2947
2949
2949
2950
2957
2957
2957
2959
2959
2961
2962
2963
2963
2964
2965
2967
2968
2969
2969
2971
2972
2977
2978
2978
2979
2980
2980
2980
2980
2981
2981
2984
2984
2985
2986
2986
2986
2988
2992
2994
2994
2995
2995
2997
2997
2997
3000
3001
3003
3004
3004
3004
3006
3007
3007
3008
3009
3009
3010
3011
3011
3014
3014
3015
3015
3016
3016
3016
3017
3018
3018
3022
3024
3024
3024
3024
3024
3024
3025
3027
3029
3029
3030
3032
3032
3032
3033
3033
3034
3036
3037
3039
3040
3041
3041
3041
3042
3042
3043
3043
3044
3045
3047
3047
3048
3049
3050
3051
3051
3055
3056
3056
3057
3057
3058
3058
3058
3059
3059
3064
3064
3065
3068
3068
3068
3072
3073
3074
3074
3075
3076
3077
3077
3077
3079
3080
3080
3080
3081
3082
3083
3084
3085
3087
3089
3090
3090
3090
3091
3091
3091
3092
3092
3093
3094
3095
3096
3098
3098
3099
3100
3101
3101
3102
3102
3103
3106
3106
3107
3108
3108
3108
3109
3111
3111
3114
3114
3115
3115
3115
3116
3116
3116
3116
3118
3118
3119
3119
3120
3122
3122
3123
3125
3126
3126
3127
3127
3128
3131
3131
3134
3136
3137
3138
3141
3143
3145
3146
3146
3149
3150
3150
3154
3155
3155
3155
3156
3157
3157
3158
3159
3159
3159
3161
3162
3163
3164
3164
3166
3166
3166
3170
3173
3173
3173
3174
3175
3176
3178
3178
3178
3180
3181
3181
3182
3182
3183
3185
3185
3186
3186
3188
3189
3189
3191
3192
3192
3193
3194
3195
3197
3197
3199
3199
3201
3201
3202
3203
3206
3206
3206
3206
3207
3208
3208
3211
3211
3211
3211
3212
3215
3217
3218
3218
3220
3220
3222
3223
3223
3225
3226
3227
3228
3229
3231
3232
3233
3233
3235
3235
3236
3240
3240
3240
3241
3243
3243
3246
3247
3247
3251
3252
3252
3253
3255
3255
3255
3258
3258
3259
3259
3259
3261
3261
3265
3267
3267
3270
3272
3272
3272
3273
3274
3276
3279
3280
3282
3283
3285
3286
3286
3287
3287
3287
3288
3291
3291
3291
3295
3296
3297
3297
3298
3298
3299
3303
3303
3304
3305
3305
3306
3306
3306
3306
3307
3307
3308
3309
3309
3311
3311
3312
3312
3314
3315
3315
3316
3317
3317
3318
3319
3320
3320
3320
3321
3322
3323
3323
3323
3323
3324
3327
3328
3328
3334
3334
3335
3336
3336
3336
3338
3338
3339
3340
3347
3350
3350
3351
3352
3352
3352
3352
3354
3356
3358
3359
3361
3362
3362
3362
3366
3367
3367
3368
3369
3370
3372
3372
3373
3374
3374
3374
3375
3377
3379
3381
3383
3385
3385
3387
3389
3389
3389
3390
3391
3391
3392
3392
3392
3393
3394
3394
3395
3395
3395
3396
3397
3398
3398
3399
3399
3402
3406
3407
3407
3408
3408
3409
3409
3409
3410
3410
3410
3410
3410
3411
3412
3412
3412
3413
3413
3414
3417
3419
3421
3421
3421
3426
3426
3428
3428
3430
3430
3433
3433
3433
3433
3434
3435
3439
3439
3440
3443
3443
3444
3444
3445
3445
3446
3448
3450
3452
3455
3455
3456
3456
3457
3458
3458
3459
3459
3461
3463
3464
3464
3465
3466
3466
3466
3467
3468
3469
3470
3470
3472
3473
3474
3475
3476
3477
3478
3478
3478
3478
3479
3480
3482
3483
3484
3488
3488
3488
3491
3491
3491
3492
3493
3493
3494
3494
3495
3497
3497
3498
3499
3500
3500
3501
3501
3501
3501
3504
3505
3506
3508
3509
3510
3510
3511
3511
3512
3512
3513
3516
3518
3522
3525
3526
3526
3528
3529
3529
3531
3533
3533
3534
3534
3535
3536
3536
3536
3537
3537
3539
3539
3539
3540
3543
3543
3544
3545
3546
3547
3548
3548
3549
3549
3551
3551
3551
3552
3552
3552
3553
3554
3555
3555
3555
3556
3557
3558
3560
3563
3563
3564
3564
3565
3566
3566
3567
3568
3568
3569
3570
3571
3573
3573
3574
3575
3576
3576
3577
3577
3577
3579
3581
3581
3582
3582
3582
3583
3583
3585
3585
3588
3588
3589
3590
3591
3591
3594
3594
3597
3598
3600
3600
3600
3601
3601
3602
3602
3603
3605
3607
3607
3607
3608
3610
3610
3610
3611
3612
3612
3614
3614
3614
3614
3615
3617
3618
3619
3620
3622
3625
3626
3627
3627
3629
3629
3630
3631
3631
3631
3632
3632
3633
3633
3633
3634
3634
3634
3635
3636
3637
3639
3640
3641
3642
3644
3644
3644
3646
3648
3648
3650
3650
3650
3650
3652
3652
3653
3653
3653
3654
3656
3659
3660
3660
3661
3661
3663
3665
3665
3666
3669
3669
3669
3671
3672
3672
3673
3673
3673
3674
3676
3676
3677
3679
3680
3680
3682
3683
3684
3685
3687
3688
3688
3690
3691
3692
3692
3694
3696
3698
3699
3702
3704
3706
3706
3707
3707
3707
3709
3709
3710
3710
3712
3712
3713
3715
3716
3717
3718
3719
3720
3721
3722
3722
3723
3723
3725
3728
3729
3732
3733
3733
3735
3736
3738
3740
3740
3743
3745
3745
3745
3745
3745
3746
3746
3747
3747
3748
3748
3749
3750
3751
3755
3758
3759
3760
3763
3764
3765
3767
3768
3768
3768
3770
3772
3773
3773
3774
3776
3776
3776
3777
3779
3783
3783
3784
3784
3786
3786
3788
3789
3789
3789
3790
3792
3793
3794
3797
3797
3797
3797
3803
3804
3807
3808
3809
3810
3811
3811
3812
3813
3813
3814
3814
3815
3817
3819
3820
3820
3822
3823
3826
3829
3829
3829
3829
3831
3833
3833
3834
3834
3835
3836
3838
3840
3841
3843
3843
3844
3844
3844
3848
3848
3850
3851
3852
3852
3852
3852
3852
3854
3855
3855
3856
3856
3858
3859
3861
3861
3861
3862
3864
3865
3865
3866
3867
3867
3868
3868
3869
3871
3871
3871
3872
3873
3874
3874
3875
3876
3877
3877
3877
3878
3878
3879
3879
3879
3881
3881
3884
3885
3886
3886
3887
3887
3889
3892
3893
3894
3896
3897
3899
3899
3900
3900
3900
3900
3902
3902
3903
3906
3910
3912
3913
3913
3914
3914
3915
3916
3918
3919
3920
3920
3922
3923
3923
3925
3927
3928
3929
3929
3930
3931
3931
3931
3932
3933
3934
3935
3939
3941
3941
3942
3943
3944
3944
3945
3947
3948
3948
3949
3949
3949
3952
3953
3954
3956
3956
3957
3958
3959
3960
3960
3961
3964
3964
3966
3967
3967
3970
3970
3971
3972
3972
3972
3973
3973
3973
3974
3974
3975
3976
3976
3980
3981
3982
3983
3983
3986
3986
3987
3988
3990
3990
3991
3991
3993
3993
3993
3994
3995
3997
3997
3998
3999
3999
4000
4001
4002
4003
4005
4006
4006
4006
4007
4007
4008
4010
4010
4010
4011
4013
4013
4014
4017
4019
4019
4021
4023
4023
4023
4024
4025
4026
4026
4027
4027
4027
4029
4029
4031
4031
4031
4032
4034
4035
4035
4035
4035
4037
4039
4040
4041
4042
4042
4042
4042
4043
4043
4043
4043
4044
4045
4045
4046
4046
4047
4049
4050
4051
4052
4053
4054
4055
4055
4056
4057
4057
4057
4057
4057
4058
4061
4062
4064
4065
4066
4067
4068
4072
4072
4073
4075
4077
4079
4080
4082
4082
4083
4084
4085
4085
4087
4091
4091
4095
4096
4097
4097
4102
4102
4104
4105
4105
4106
4108
4108
4109
4109
4110
4112
4112
4112
4113
4116
4116
4116
4118
4119
4119
4122
4123
4126
4128
4129
4130
4134
4134
4134
4135
4136
4136
4136
4139
4139
4139
4140
4140
4142
4142
4144
4146
4148
4149
4149
4151
4152
4153
4154
4154
4154
4156
4156
4156
4157
4158
4158
4159
4160
4160
4160
4161
4161
4162
4162
4163
4163
4164
4164
4164
4165
4165
4165
4166
4166
4168
4169
4170
4171
4173
4174
4179
4181
4181
4184
4186
4187
4187
4190
4190
4191
4191
4192
4192
4193
4197
4197
4197
4199
4201
4201
4202
4202
4202
4203
4204
4205
4207
4208
4208
4209
4209
4210
4210
4212
4212
4213
4216
4216
4216
4217
4218
4219
4221
4221
4222
4224
4225
4230
4231
4232
4232
4235
4236
4236
4237
4238
4238
4239
4239
4240
4245
4245
4248
4249
4250
4250
4251
4253
4253
4253
4253
4255
4256
4257
4258
4260
4260
4263
4263
4264
4264
4265
4266
4272
4274
4274
4275
4276
4277
4281
4281
4282
4283
4283
4285
4287
4287
4287
4288
4289
4290
4290
4291
4292
4292
4294
4295
4295
4296
4300
4300
4301
4301
4302
4303
4303
4303
4303
4304
4304
4305
4306
4306
4309
4313
4314
4314
4316
4317
4318
4318
4318
4318
4320
4320
4323
4323
4323
4326
4327
4328
4328
4331
4331
4334
4335
4336
4337
4342
4343
4343
4344
4346
4348
4348
4348
4349
4350
4352
4353
4353
4354
4355
4357
4358
4359
4359
4360
4362
4362
4363
4364
4364
4364
4365
4366
4367
4369
4370
4371
4372
4373
4377
4377
4377
4379
4379
4379
4381
4381
4381
4382
4382
4383
4383
4385
4385
4387
4387
4387
4389
4389
4392
4392
4393
4395
4398
4398
4399
4399
4400
4400
4400
4401
4406
4406
4407
4414
4414
4415
4416
4417
4421
4422
4422
4423
4423
4424
4424
4425
4426
4426
4427
4428
4429
4430
4432
4433
4435
4436
4438
4438
4439
4441
4444
4445
4445
4447
4448
4448
4449
4449
4452
4452
4453
4453
4453
4456
4458
4459
4460
4462
4463
4463
4463
4464
4465
4466
4469
4470
4471
4471
4471
4471
4472
4472
4474
4477
4479
4479
4480
4482
4482
4483
4485
4485
4485
4486
4487
4488
4488
4489
4489
4490
4490
4492
4492
4492
4493
4493
4494
4494
4494
4496
4499
4500
4501
4502
4502
4503
4504
4504
4504
4507
4508
4509
4510
4512
4513
4514
4515
4515
4515
4517
4517
4518
4518
4519
4520
4521
4522
4523
4523
4524
4525
4526
4527
4527
4528
4529
4529
4530
4532
4532
4533
4534
4535
4536
4536
4537
4537
4537
4538
4539
4539
4540
4541
4541
4542
4544
4544
4546
4547
4548
4549
4550
4551
4551
4554
4555
4556
4557
4559
4559
4559
4560
4560
4560
4562
4562
4565
4566
4566
4569
4569
4569
4570
4571
4571
4573
4573
4573
4574
4574
4575
4575
4576
4577
4577
4578
4578
4578
4579
4580
4582
4583
4584
4584
4584
4585
4588
4591
4592
4594
4594
4594
4597
4597
4598
4602
4603
4603
4603
4605
4606
4607
4608
4610
4612
4613
4613
4613
4614
4615
4615
4615
4616
4616
4618
4622
4625
4625
4625
4626
4626
4626
4627
4628
4629
4630
4630
4631
4633
4634
4635
4635
4636
4639
4640
4643
4645
4646
4646
4647
4647
4647
4648
4648
4649
4650
4652
4655
4655
4658
4665
4665
4665
4665
4666
4666
4667
4667
4668
4669
4671
4671
4671
4672
4673
4673
4675
4677
4678
4678
4679
4679
4679
4683
4683
4684
4685
4687
4688
4688
4688
4689
4691
4691
4692
4693
4693
4694
4694
4694
4695
4696
4698
4699
4700
4701
4702
4703
4703
4705
4706
4707
4708
4709
4709
4709
4710
4710
4710
4711
4711
4714
4714
4714
4715
4716
4719
4719
4720
4723
4724
4724
4724
4725
4728
4729
4732
4732
4733
4734
4734
4734
4735
4735
4736
4737
4738
4738
4742
4743
4743
4743
4744
4745
4746
4747
4749
4749
4749
4751
4751
4752
4753
4754
4754
4754
4755
4755
4755
4758
4760
4761
4761
4762
4765
4765
4767
4767
4767
4768
4768
4769
4771
4771
4771
4771
4772
4772
4773
4773
4776
4777
4777
4777
4778
4779
4781
4781
4782
4783
4786
4787
4788
4788
4788
4789
4789
4790
4790
4791
4791
4793
4796
4796
4798
4798
4799
4800
4803
4805
4805
4808
4808
4808
4809
4810
4811
4811
4811
4812
4813
4814
4814
4814
4814
4817
4818
4818
4821
4822
4822
4822
4823
4823
4824
4825
4825
4825
4825
4827
4827
4828
4829
4831
4831
4834
4834
4835
4835
4835
4835
4837
4839
4842
4844
4844
4844
4844
4845
4845
4847
4849
4850
4851
4852
4853
4855
4856
4857
4858
4860
4861
4863
4864
4866
4866
4867
4869
4870
4873
4874
4875
4875
4876
4876
4877
4877
4877
4877
4878
4878
4878
4878
4878
4879
4880
4884
4884
4885
4886
4887
4890
4890
4893
4894
4895
4895
4895
4897
4897
4897
4898
4898
4899
4899
4901
4905
4905
4905
4907
4908
4908
4909
4909
4914
4915
4916
4918
4918
4919
4920
4920
4920
4920
4921
4921
4922
4923
4923
4923
4924
4925
4926
4926
4928
4928
4928
4929
4930
4930
4931
4931
4932
4933
4934
4937
4937
4937
4937
4938
4941
4942
4946
4947
4947
4949
4949
4950
4951
4952
4953
4953
4954
4954
4956
4956
4957
4959
4960
4960
4960
4961
4961
4962
4962
4963
4964
4968
4969
4970
4970
4971
4973
4974
4974
4975
4976
4979
4981
4982
4983
4983
4984
4985
4986
4987
4988
4989
4989
4991
4991
4992
4994
4994
4994
4995
4995
4995
4997
4997
4998
5000
5001
5001
5004
5006
5007
5010
5010
5012
5012
5012
5016
5016
5017
5019
5020
5025
5026
5026
5027
5027
5029
5029
5031
5034
5037
5039
5040
5041
5042
5043
5044
5045
5046
5047
5047
5047
5048
5051
5051
5051
5052
5052
5053
5053
5053
5054
5054
5056
5056
5057
5057
5057
5058
5058
5060
5061
5064
5067
5068
5069
5071
5072
5072
5073
5073
5076
5078
5078
5079
5081
5081
5081
5081
5083
5085
5085
5086
5087
5087
5088
5088
5089
5090
5090
5090
5092
5094
5099
5103
5103
5106
5106
5106
5106
5106
5107
5108
5108
5108
5110
5112
5112
5113
5115
5119
5121
5121
5123
5124
5127
5127
5128
5129
5131
5131
5134
5135
5136
5138
5141
5141
5141
5141
5142
5143
5145
5145
5146
5146
5149
5150
5150
5151
5151
5151
5152
5155
5156
5157
5159
5159
5160
5161
5162
5165
5166
5167
5167
5170
5170
5170
5171
5171
5172
5172
5172
5174
5174
5175
5175
5176
5177
5177
5178
5182
5183
5184
5184
5184
5185
5186
5188
5188
5189
5190
5191
5192
5193
5196
5199
5199
5200
5200
5201
5202
5203
5203
5203
5205
5206
5208
5209
5210
5214
5214
5218
5220
5221
5222
5222
5225
5227
5227
5227
5228
5229
5229
5229
5230
5231
5231
5231
5234
5237
5239
5239
5239
5240
5241
5244
5244
5246
5247
5248
5249
5250
5251
5252
5253
5254
5255
5257
5257
5259
5262
5262
5263
5264
5265
5266
5266
5270
5271
5274
5274
5274
5275
5276
5276
5277
5279
5280
5283
5285
5287
5287
5289
5289
5292
5292
5292
5296
5296
5296
5298
5299
5299
5299
5301
5302
5303
5303
5304
5305
5305
5306
5309
5312
5317
5318
5318
5319
5319
5319
5320
5321
5324
5325
5325
5327
5328
5329
5329
5330
5332
5333
5336
5336
5337
5337
5343
5345
5346
5349
5349
5350
5351
5353
5353
5353
5353
5354
5356
5357
5358
5358
5359
5360
5361
5361
5362
5364
5368
5368
5369
5370
5370
5371
5371
5372
5372
5374
5374
5374
5376
5377
5378
5378
5378
5379
5379
5380
5381
5381
5382
5382
5383
5383
5383
5385
5387
5388
5389
5390
5391
5392
5394
5394
5394
5395
5395
5397
5397
5397
5400
5401
5402
5404
5404
5404
5405
5406
5406
5407
5407
5409
5410
5410
5413
5413
5413
5414
5414
5415
5416
5416
5417
5417
5418
5423
5424
5424
5424
5425
5427
5429
5429
5430
5431
5432
5432
5432
5433
5433
5433
5434
5436
5437
5437
5437
5437
5440
5441
5442
5443
5443
5444
5444
5444
5445
5445
5447
5448
5448
5449
5452
5454
5455
5458
5458
5458
5459
5460
5462
5462
5465
5467
5467
5469
5473
5474
5475
5475
5476
5477
5478
5479
5481
5481
5482
5483
5484
5484
5485
5485
5486
5487
5489
5490
5490
5494
5495
5495
5495
5495
5498
5499
5499
5499
5500
5500
5500
5502
5502
5503
5504
5506
5506
5507
5507
5508
5508
5509
5510
5510
5512
5515
5515
5515
5515
5516
5516
5516
5518
5518
5518
5518
5519
5519
5521
5522
5522
5522
5523
5523
5525
5525
5526
5526
5527
5528
5528
5528
5529
5530
5538
5539
5539
5540
5541
5541
5541
5543
5543
5545
5545
5547
5550
5550
5550
5550
5551
5551
5552
5552
5552
5553
5554
5555
5555
5556
5557
5557
5560
5562
5564
5565
5570
5570
5573
5573
5574
5575
5575
5576
5577
5578
5580
5580
5581
5581
5582
5584
5584
5584
5584
5584
5586
5590
5590
5591
5591
5591
5592
5593
5594
5597
5598
5603
5604
5605
5605
5606
5607
5608
5608
5608
5611
5611
5611
5612
5613
5615
5616
5616
5616
5618
5618
5619
5619
5620
5620
5621
5622
5623
5623
5627
5627
5628
5628
5628
5629
5629
5630
5630
5632
5633
5634
5635
5636
5637
5637
5638
5638
5640
5642
5642
5646
5647
5649
5651
5651
5652
5653
5656
5658
5660
5660
5660
5661
5663
5665
5665
5666
5668
5670
5671
5672
5675
5678
5679
5679
5681
5681
5682
5684
5685
5686
5688
5689
5690
5690
5692
5695
5696
5697
5700
5700
5700
5701
5703
5703
5703
5703
5704
5704
5705
5705
5706
5706
5707
5708
5709
5711
5712
5712
5713
5714
5714
5715
5716
5717
5719
5719
5719
5720
5720
5722
5722
5722
5723
5723
5724
5724
5725
5726
5727
5729
5735
5735
5735
5735
5736
5736
5737
5738
5741
5741
5741
5741
5743
5745
5745
5746
5749
5751
5751
5752
5755
5756
5757
5758
5758
5758
5758
5758
5759
5759
5760
5761
5762
5763
5763
5764
5764
5764
5765
5765
5769
5771
5772
5772
5772
5772
5773
5776
5777
5777
5778
5779
5779
5781
5784
5784
5785
5785
5785
5786
5789
5790
5791
5792
5792
5793
5793
5794
5795
5795
5795
5796
5796
5799
5799
5807
5808
5809
5809
5810
5811
5811
5812
5813
5813
5815
5816
5817
5817
5818
5818
5818
5821
5822
5822
5824
5825
5826
5826
5826
5829
5830
5830
5831
5832
5833
5833
5834
5834
5835
5835
5835
5837
5838
5838
5839
5840
5844
5844
5844
5845
5845
5845
5845
5845
5849
5849
5850
5853
5854
5854
5855
5857
5857
5858
5859
5859
5860
5860
5861
5863
5863
5864
5865
5867
5868
5870
5872
5873
5874
5874
5874
5878
5878
5879
5881
5882
5882
5884
5884
5885
5886
5887
5887
5890
5890
5890
5890
5890
5890
5891
5892
5892
5893
5893
5896
5896
5897
5898
5901
5906
5907
5907
5909
5910
5911
5914
5915
5916
5921
5923
5923
5924
5925
5926
5928
5930
5930
5930
5931
5932
5938
5940
5940
5940
5941
5942
5943
5944
5945
5946
5948
5949
5951
5953
5953
5953
5955
5956
5956
5956
5957
5957
5958
5961
5961
5963
5963
5963
5966
5967
5967
5967
5968
5968
5968
5969
5970
5970
5971
5973
5974
5974
5974
5974
5975
5976
5976
5976
5977
5978
5979
5979
5980
5983
5985
5986
5987
5987
5989
5992
5992
5995
5996
5996
5997
5998
6000
6001
6002
6002
6003
6003
6005
6006
6006
6006
6007
6008
6009
6011
6011
6013
6014
6014
6015
6016
6017
6018
6018
6018
6019
6022
6023
6030
6030
6031
6032
6033
6033
6034
6034
6035
6036
6036
6036
6036
6036
6036
6037
6038
6038
6038
6039
6039
6039
6042
6042
6043
6044
6047
6048
6049
6053
6053
6053
6054
6055
6055
6058
6058
6058
6060
6061
6062
6062
6063
6063
6064
6064
6065
6068
6068
6068
6069
6071
6071
6071
6073
6073
6075
6075
6076
6076
6077
6079
6080
6080
6082
6084
6086
6088
6090
6090
6091
6092
6093
6093
6095
6095
6096
6096
6096
6097
6097
6097
6098
6099
6100
6101
6101
6102
6103
6103
6105
6105
6106
6111
6111
6112
6113
6113
6114
6115
6115
6115
6118
6119
6119
6121
6122
6122
6124
6124
6125
6127
6127
6127
6127
6128
6128
6130
6130
6131
6132
6132
6133
6136
6136
6136
6138
6140
6141
6141
6142
6142
6143
6144
6145
6150
6152
6153
6153
6155
6156
6156
6156
6161
6161
6161
6162
6163
6164
6166
6167
6168
6168
6168
6171
6172
6172
6173
6176
6176
6178
6178
6179
6179
6179
6182
6183
6184
6189
6190
6191
6191
6192
6193
6195
6195
6196
6197
6197
6198
6199
6199
6200
6201
6202
6203
6203
6204
6207
6207
6207
6208
6208
6209
6210
6210
6212
6212
6212
6216
6216
6217
6219
6220
6220
6225
6225
6226
6226
6228
6229
6229
6232
6234
6238
6241
6242
6243
6244
6244
6248
6249
6249
6249
6250
6250
6251
6251
6252
6253
6254
6255
6256
6257
6261
6262
6262
6264
6264
6265
6265
6266
6269
6269
6269
6270
6270
6270
6271
6272
6273
6273
6274
6276
6280
6281
6282
6283
6284
6285
6289
6289
6289
6290
6291
6291
6292
6293
6293
6293
6294
6294
6294
6294
6295
6295
6296
6296
6297
6298
6303
6304
6305
6306
6306
6306
6306
6306
6308
6308
6309
6309
6310
6310
6311
6312
6312
6313
6313
6314
6316
6317
6317
6318
6319
6319
6320
6321
6321
6323
6325
6325
6326
6331
6331
6332
6332
6333
6336
6339
6340
6340
6340
6342
6342
6343
6343
6343
6344
6344
6344
6345
6346
6346
6346
6351
6355
6357
6357
6358
6359
6359
6359
6360
6360
6360
6361
6364
6365
6365
6366
6366
6367
6367
6367
6367
6369
6369
6370
6370
6374
6374
6375
6375
6375
6377
6378
6380
6380
6382
6385
6388
6388
6391
6391
6391
6391
6392
6392
6393
6393
6395
6396
6396
6396
6397
6397
6397
6397
6397
6398
6400
6402
6402
6402
6402
6404
6405
6406
6407
6408
6409
6410
6411
6413
6414
6414
6415
6415
6417
6419
6419
6419
6419
6420
6421
6421
6422
6423
6424
6424
6426
6427
6428
6429
6430
6431
6432
6433
6434
6435
6436
6436
6436
6438
6439
6439
6440
6442
6443
6443
6446
6448
6448
6448
6450
6451
6454
6456
6456
6457
6460
6461
6464
6466
6467
6470
6470
6471
6472
6473
6473
6475
6478
6478
6479
6480
6480
6481
6483
6484
6484
6485
6486
6486
6487
6488
6490
6491
6492
6493
6494
6494
6495
6496
6496
6496
6498
6500
6502
6503
6505
6507
6507
6508
6508
6509
6511
6512
6512
6515
6516
6516
6517
6517
6517
6518
6519
6519
6520
6520
6521
6522
6522
6522
6522
6523
6524
6528
6529
6530
6530
6530
6531
6532
6533
6533
6533
6533
6534
6534
6535
6536
6536
6536
6539
6539
6540
6541
6542
6542
6542
6544
6547
6548
6550
6550
6552
6552
6553
6554
6558
6563
6565
6565
6566
6568
6570
6571
6572
6573
6573
6573
6576
6577
6578
6579
6580
6580
6581
6581
6581
6582
6584
6584
6588
6589
6589
6590
6593
6593
6594
6594
6595
6596
6597
6597
6599
6599
6599
6604
6604
6605
6608
6608
6608
6608
6609
6612
6615
6616
6617
6618
6620
6620
6621
6621
6622
6622
6625
6628
6628
6629
6631
6632
6634
6635
6635
6636
6637
6638
6638
6640
6640
6641
6641
6643
6644
6647
6647
6648
6652
6652
6653
6653
6654
6656
6657
6659
6659
6659
6661
6663
6664
6664
6665
6666
6667
6667
6669
6670
6670
6675
6675
6676
6678
6687
6688
6689
6689
6690
6691
6692
6693
6694
6694
6695
6696
6697
6697
6698
6700
6700
6700
6702
6702
6705
6705
6706
6706
6707
6707
6708
6708
6708
6709
6709
6710
6711
6711
6711
6712
6713
6713
6715
6716
6716
6717
6717
6718
6718
6720
6720
6721
6721
6721
6722
6723
6725
6726
6728
6728
6728
6730
6730
6731
6732
6732
6733
6733
6734
6736
6736
6738
6738
6739
6740
6741
6741
6742
6742
6744
6744
6744
6745
6746
6750
6751
6751
6753
6754
6754
6754
6754
6754
6755
6757
6757
6759
6759
6760
6764
6765
6766
6766
6767
6767
6767
6767
6768
6769
6769
6771
6772
6773
6773
6776
6776
6777
6777
6779
6781
6784
6786
6786
6787
6788
6788
6790
6791
6794
6797
6797
6797
6801
6801
6802
6803
6805
6806
6808
6808
6809
6810
6810
6814
6815
6816
6816
6817
6817
6823
6823
6825
6825
6826
6827
6829
6830
6831
6832
6833
6833
6835
6837
6837
6838
6838
6839
6840
6841
6843
6844
6844
6844
6845
6846
6848
6848
6853
6856
6857
6858
6858
6859
6862
6863
6863
6863
6863
6865
6865
6865
6866
6870
6871
6872
6873
6873
6873
6876
6877
6877
6880
6882
6882
6884
6887
6888
6890
6891
6891
6893
6894
6894
6894
6894
6896
6901
6901
6902
6904
6904
6905
6906
6907
6908
6910
6910
6911
6911
6912
6912
6913
6915
6916
6917
6918
6919
6919
6921
6926
6926
6927
6928
6929
6932
6933
6935
6936
6937
6938
6939
6941
6944
6945
6946
6946
6947
6951
6951
6952
6953
6953
6954
6955
6960
6960
6960
6964
6964
6964
6965
6965
6966
6967
6969
6969
6970
6971
6974
6975
6976
6976
6976
6977
6980
6982
6982
6985
6986
6988
6988
6988
6988
6989
6989
6990
6990
6991
6994
6997
6997
6997
6997
6998
6998
7000
7000
7001
7001
7002
7003
7004
7006
7006
7010
7010
7010
7011
7011
7012
7012
7014
7014
7015
7016
7016
7016
7020
7020
7020
7020
7021
7026
7028
7030
7032
7033
7033
7034
7036
7036
7036
7037
7039
7041
7042
7042
7043
7045
7046
7046
7047
7050
7050
7051
7051
7052
7053
7054
7056
7056
7059
7061
7062
7062
7064
7064
7065
7068
7068
7068
7069
7070
7072
7072
7072
7073
7074
7074
7074
7078
7078
7079
7079
7080
7081
7082
7082
7083
7083
7084
7088
7088
7089
7089
7091
7092
7092
7093
7093
7094
7095
7095
7095
7096
7096
7096
7097
7097
7098
7098
7100
7100
7100
7100
7105
7105
7106
7107
7107
7107
7108
7108
7108
7111
7111
7112
7113
7114
7115
7115
7117
7119
7120
7122
7122
7124
7125
7125
7125
7126
7127
7128
7129
7132
7132
7132
7132
7133
7133
7134
7136
7136
7136
7136
7137
7137
7139
7139
7141
7142
7142
7143
7143
7143
7145
7147
7148
7150
7151
7154
7156
7156
7157
7157
7159
7162
7164
7164
7165
7165
7168
7169
7169
7170
7170
7172
7173
7175
7177
7177
7177
7178
7178
7178
7178
7179
7179
7182
7182
7182
7183
7185
7186
7189
7189
7189
7189
7190
7190
7191
7191
7191
7191
7193
7194
7194
7194
7195
7195
7196
7199
7200
7201
7201
7201
7203
7203
7204
7206
7207
7208
7210
7211
7213
7214
7215
7215
7215
7216
7216
7218
7221
7222
7223
7224
7226
7227
7228
7231
7233
7233
7234
7234
7235
7235
7236
7237
7237
7237
7238
7239
7239
7240
7240
7241
7242
7245
7245
7245
7245
7246
7246
7246
7247
7248
7251
7251
7252
7252
7253
7254
7254
7255
7256
7256
7257
7258
7259
7259
7261
7262
7263
7263
7263
7264
7264
7264
7267
7268
7270
7270
7271
7271
7272
7272
7273
7277
7277
7278
7278
7280
7280
7280
7284
7284
7285
7286
7287
7288
7290
7290
7290
7292
7293
7298
7298
7298
7300
7311
7313
7313
7316
7318
7319
7319
7319
7319
7319
7322
7322
7322
7322
7324
7325
7329
7330
7331
7331
7331
7332
7333
7335
7336
7336
7336
7339
7339
7340
7340
7341
7341
7342
7345
7346
7346
7350
7350
7351
7352
7353
7354
7355
7357
7357
7359
7361
7362
7363
7364
7364
7367
7368
7368
7369
7369
7369
7370
7370
7372
7372
7372
7374
7374
7375
7376
7376
7377
7378
7379
7381
7381
7381
7384
7385
7388
7388
7391
7392
7395
7395
7395
7397
7397
7397
7398
7398
7401
7401
7404
7404
7406
7407
7409
7413
7414
7414
7415
7417
7422
7423
7423
7424
7425
7425
7426
7426
7427
7427
7427
7428
7432
7433
7434
7436
7437
7439
7439
7439
7440
7440
7441
7441
7441
7441
7443
7444
7444
7445
7445
7447
7448
7449
7449
7450
7450
7451
7452
7452
7452
7453
7454
7454
7454
7455
7455
7456
7456
7457
7458
7460
7462
7463
7465
7466
7466
7466
7468
7468
7471
7471
7472
7472
7473
7474
7475
7475
7475
7476
7476
7479
7480
7480
7481
7481
7482
7484
7484
7485
7485
7485
7486
7486
7487
7488
7490
7491
7492
7493
7493
7494
7496
7496
7498
7499
7499
7500
7501
7502
7504
7505
7505
7505
7505
7509
7510
7510
7511
7513
7514
7515
7517
7518
7518
7520
7520
7522
7523
7523
7525
7525
7526
7526
7527
7528
7529
7529
7529
7530
7531
7533
7533
7536
7537
7538
7538
7540
7542
7543
7544
7544
7546
7546
7547
7549
7549
7554
7555
7555
7555
7555
7556
7558
7559
7561
7563
7564
7565
7565
7566
7566
7569
7570
7570
7571
7571
7572
7572
7572
7574
7574
7575
7576
7579
7579
7580
7582
7582
7583
7583
7583
7584
7584
7585
7585
7586
7587
7587
7587
7587
7588
7588
7590
7591
7592
7592
7592
7593
7594
7594
7594
7596
7597
7599
7599
7600
7600
7601
7601
7603
7603
7607
7612
7613
7614
7614
7614
7614
7616
7617
7619
7620
7620
7620
7621
7622
7622
7623
7624
7625
7627
7628
7631
7633
7633
7636
7637
7637
7638
7642
7643
7644
7645
7645
7645
7646
7649
7650
7650
7650
7652
7653
7653
7655
7657
7657
7658
7660
7662
7666
7666
7667
7668
7668
7668
7669
7671
7672
7673
7674
7675
7677
7678
7680
7682
7686
7687
7689
7689
7690
7693
7693
7694
7694
7695
7697
7697
7697
7697
7698
7699
7700
7701
7702
7702
7705
7706
7706
7709
7711
7713
7714
7715
7715
7716
7717
7718
7718
7719
7720
7720
7720
7722
7722
7722
7725
7726
7727
7728
7729
7730
7730
7730
7730
7730
7732
7733
7733
7733
7733
7736
7736
7737
7738
7739
7739
7742
7743
7745
7746
7747
7747
7749
7749
7749
7751
7752
7752
7753
7754
7754
7755
7757
7760
7760
7761
7761
7766
7766
7768
7768
7768
7770
7770
7772
7774
7774
7775
7777
7778
7779
7779
7780
7781
7782
7783
7783
7786
7786
7786
7789
7789
7790
7790
7790
7791
7793
7793
7796
7796
7798
7800
7800
7801
7802
7802
7804
7804
7805
7805
7805
7806
7806
7806
7807
7808
7810
7810
7812
7812
7812
7814
7815
7816
7817
7817
7818
7821
7823
7823
7824
7826
7826
7828
7830
7834
7834
7834
7835
7836
7837
7837
7842
7842
7843
7843
7845
7845
7850
7850
7852
7852
7852
7853
7855
7856
7856
7856
7857
7858
7858
7861
7862
7864
7864
7864
7864
7865
7865
7866
7868
7869
7869
7871
7873
7874
7874
7874
7875
7876
7876
7878
7878
7881
7881
7882
7883
7884
7884
7886
7886
7886
7886
7887
7887
7888
7889
7891
7893
7893
7893
7894
7894
7895
7896
7896
7898
7899
7899
7899
7900
7901
7901
7902
7902
7903
7903
7905
7908
7910
7910
7911
7911
7911
7911
7912
7912
7914
7914
7916
7918
7920
7921
7923
7924
7925
7925
7926
7927
7928
7929
7929
7929
7929
7929
7930
7933
7933
7933
7935
7936
7936
7938
7940
7940
7943
7945
7946
7948
7948
7949
7950
7950
7950
7951
7951
7952
7952
7953
7953
7954
7955
7955
7956
7956
7956
7957
7958
7958
7960
7962
7962
7967
7967
7967
7969
7972
7974
7974
7975
7975
7976
7976
7976
7979
7981
7982
7984
7985
7985
7985
7985
7986
7987
7987
7988
7988
7989
7989
7991
7996
7997
7998
7998
7998
7999
8001
8002
8003
8004
8005
8006
8006
8006
8007
8008
8009
8009
8009
8010
8010
8010
8010
8011
8012
8016
8016
8017
8018
8018
8019
8019
8019
8019
8022
8025
8027
8027
8029
8029
8030
8031
8031
8032
8036
8036
8037
8038
8038
8038
8039
8040
8041
8044
8046
8047
8049
8049
8051
8055
8055
8056
8056
8056
8056
8056
8057
8057
8058
8059
8060
8061
8062
8063
8064
8064
8066
8066
8067
8068
8068
8070
8073
8077
8078
8079
8080
8080
8081
8081
8083
8083
8086
8087
8087
8089
8093
8094
8094
8096
8096
8096
8096
8096
8101
8105
8106
8107
8108
8108
8108
8108
8112
8113
8113
8116
8116
8117
8117
8117
8118
8119
8120
8123
8125
8127
8127
8128
8128
8128
8129
8130
8132
8135
8135
8136
8137
8138
8140
8140
8141
8141
8141
8142
8142
8143
8144
8145
8145
8148
8150
8151
8152
8152
8153
8153
8153
8153
8154
8156
8156
8158
8158
8159
8161
8161
8162
8164
8165
8165
8166
8167
8168
8169
8171
8173
8173
8174
8174
8175
8175
8176
8176
8176
8177
8177
8178
8182
8182
8182
8185
8188
8189
8190
8191
8191
8191
8191
8191
8191
8192
8194
8194
8194
8194
8195
8196
8199
8200
8200
8200
8204
8204
8204
8205
8205
8206
8206
8208
8208
8208
8210
8210
8211
8211
8212
8213
8214
8216
8217
8222
8225
8225
8228
8230
8231
8231
8231
8233
8233
8234
8234
8235
8235
8236
8237
8237
8238
8238
8240
8240
8241
8242
8243
8245
8247
8247
8247
8248
8248
8249
8249
8251
8252
8253
8254
8255
8256
8256
8256
8257
8257
8261
8262
8262
8264
8265
8266
8267
8268
8268
8268
8268
8270
8271
8271
8272
8273
8274
8275
8275
8275
8276
8277
8279
8279
8280
8280
8282
8283
8288
8291
8297
8297
8298
8298
8299
8300
8301
8304
8306
8307
8307
8309
8309
8310
8310
8311
8311
8314
8315
8315
8316
8317
8318
8318
8320
8321
8324
8325
8325
8326
8326
8327
8329
8329
8330
8330
8331
8333
8334
8334
8334
8335
8336
8336
8336
8337
8338
8339
8339
8340
8341
8342
8343
8344
8344
8347
8347
8347
8347
8349
8350
8350
8357
8357
8360
8361
8362
8363
8364
8364
8366
8366
8366
8367
8368
8368
8370
8370
8371
8373
8374
8375
8376
8377
8378
8378
8378
8379
8380
8381
8383
8383
8384
8384
8384
8385
8385
8387
8391
8393
8396
8399
8399
8399
8400
8400
8400
8401
8401
8401
8402
8403
8405
8406
8406
8406
8407
8407
8408
8409
8410
8410
8410
8412
8413
8413
8415
8415
8416
8416
8417
8418
8418
8419
8421
8421
8423
8428
8428
8429
8430
8431
8432
8433
8433
8433
8433
8437
8437
8438
8439
8440
8444
8444
8446
8447
8448
8449
8450
8452
8453
8454
8454
8454
8454
8456
8461
8461
8462
8466
8466
8467
8467
8472
8473
8474
8474
8477
8478
8478
8479
8479
8480
8480
8481
8483
8484
8484
8487
8489
8489
8489
8490
8491
8493
8493
8494
8496
8498
8499
8501
8501
8502
8502
8503
8504
8505
8506
8506
8506
8507
8507
8507
8508
8511
8511
8513
8513
8515
8516
8518
8518
8521
8521
8521
8522
8523
8524
8524
8526
8526
8526
8527
8528
8529
8529
8532
8536
8538
8539
8540
8542
8543
8544
8546
8546
8546
8546
8548
8550
8551
8555
8556
8557
8561
8563
8564
8566
8566
8567
8569
8570
8571
8571
8571
8572
8572
8573
8573
8574
8576
8578
8578
8581
8582
8582
8583
8588
8589
8591
8593
8594
8594
8596
8598
8601
8603
8604
8605
8606
8606
8606
8606
8607
8607
8608
8609
8609
8611
8611
8615
8616
8622
8624
8626
8627
8627
8629
8630
8630
8630
8633
8633
8635
8635
8636
8638
8638
8639
8643
8644
8645
8645
8647
8654
8655
8655
8657
8658
8659
8662
8663
8663
8663
8664
8668
8668
8669
8673
8674
8675
8675
8677
8678
8678
8679
8680
8685
8685
8686
8688
8688
8689
8690
8690
8690
8690
8691
8691
8692
8693
8695
8695
8696
8698
8699
8699
8699
8699
8700
8700
8700
8701
8701
8702
8702
8702
8703
8703
8705
8705
8706
8706
8707
8708
8708
8708
8711
8714
8714
8715
8719
8719
8720
8720
8722
8723
8724
8724
8724
8725
8725
8725
8727
8727
8728
8729
8729
8730
8730
8730
8731
8733
8734
8740
8740
8740
8741
8742
8742
8743
8744
8744
8744
8745
8745
8748
8748
8748
8750
8751
8751
8753
8758
8759
8759
8759
8761
8761
8761
8763
8764
8765
8766
8767
8768
8770
8771
8771
8776
8776
8776
8776
8783
8784
8784
8786
8788
8788
8788
8790
8792
8793
8794
8794
8795
8795
8795
8797
8797
8799
8799
8799
8800
8800
8801
8801
8801
8802
8802
8803
8803
8803
8803
8803
8804
8805
8805
8806
8807
8808
8808
8808
8810
8811
8811
8812
8812
8813
8813
8813
8813
8815
8816
8817
8817
8818
8820
8820
8821
8821
8822
8826
8827
8828
8829
8832
8832
8835
8835
8835
8836
8836
8839
8841
8842
8842
8843
8844
8844
8845
8847
8848
8849
8850
8852
8853
8854
8855
8855
8855
8857
8859
8862
8863
8863
8864
8867
8867
8868
8869
8869
8872
8873
8873
8874
8874
8875
8878
8878
8879
8880
8880
8882
8883
8884
8884
8885
8885
8886
8887
8887
8890
8890
8890
8891
8891
8893
8894
8895
8896
8896
8897
8898
8900
8901
8901
8901
8902
8904
8905
8905
8906
8907
8908
8909
8910
8912
8913
8914
8915
8917
8917
8917
8919
8919
8921
8922
8924
8925
8929
8930
8930
8932
8934
8936
8936
8936
8937
8938
8938
8942
8942
8943
8943
8944
8948
8948
8948
8949
8951
8951
8951
8952
8952
8953
8955
8955
8955
8956
8956
8956
8957
8957
8958
8959
8962
8962
8964
8964
8965
8965
8966
8966
8967
8967
8969
8969
8970
8970
8971
8971
8971
8972
8972
8973
8973
8975
8976
8979
8980
8981
8982
8982
8983
8985
8986
8989
8989
8990
8991
8992
8993
8993
8993
8999
8999
9000
9001
9001
9001
9002
9002
9004
9005
9008
9012
9013
9014
9015
9016
9017
9020
9022
9022
9022
9024
9025
9026
9030
9030
9030
9033
9033
9034
9035
9036
9037
9037
9039
9039
9039
9040
9043
9043
9048
9048
9049
9049
9050
9052
9052
9054
9054
9055
9056
9059
9059
9059
9062
9062
9063
9064
9065
9066
9066
9067
9067
9069
9070
9071
9072
9072
9072
9072
9073
9073
9073
9074
9074
9075
9075
9076
9076
9077
9078
9078
9078
9079
9079
9079
9080
9084
9086
9086
9086
9087
9089
9089
9091
9096
9097
9098
9098
9100
9104
9105
9105
9106
9108
9109
9110
9111
9112
9112
9116
9116
9118
9119
9119
9120
9121
9121
9121
9122
9122
9123
9124
9124
9125
9125
9125
9125
9128
9128
9130
9130
9131
9131
9131
9131
9131
9131
9132
9134
9135
9135
9135
9140
9141
9142
9145
9145
9147
9148
9149
9151
9152
9152
9157
9157
9158
9158
9158
9159
9159
9159
9160
9161
9162
9162
9163
9163
9166
9167
9167
9167
9168
9169
9170
9170
9171
9172
9172
9173
9173
9173
9176
9177
9180
9180
9180
9183
9184
9185
9187
9189
9190
9191
9191
9191
9191
9192
9193
9193
9195
9195
9195
9196
9196
9196
9198
9199
9204
9205
9207
9207
9208
9209
9209
9210
9211
9212
9212
9213
9216
9220
9220
9222
9222
9222
9223
9224
9225
9226
9228
9228
9228
9228
9228
9230
9230
9231
9232
9234
9236
9236
9236
9237
9239
9239
9240
9241
9242
9242
9243
9243
9244
9249
9255
9256
9257
9258
9258
9261
9261
9261
9262
9262
9265
9268
9270
9271
9274
9275
9275
9275
9276
9277
9277
9278
9279
9279
9279
9281
9281
9283
9285
9285
9286
9286
9287
9288
9289
9290
9290
9293
9293
9294
9295
9296
9297
9298
9299
9302
9304
9305
9307
9308
9308
9309
9310
9311
9312
9312
9313
9314
9315
9315
9316
9316
9316
9317
9319
9319
9319
9320
9322
9322
9322
9322
9324
9325
9325
9325
9326
9328
9335
9335
9336
9336
9336
9341
9341
9342
9343
9344
9344
9344
9345
9346
9346
9348
9349
9350
9351
9354
9354
9354
9355
9356
9356
9359
9359
9359
9359
9361
9363
9363
9364
9364
9366
9366
9366
9367
9367
9369
9369
9370
9371
9372
9372
9372
9372
9373
9374
9375
9376
9376
9377
9377
9378
9379
9379
9382
9382
9386
9387
9388
9389
9389
9389
9390
9391
9391
9392
9394
9395
9395
9396
9397
9397
9398
9398
9398
9399
9400
9401
9402
9403
9404
9405
9406
9406
9408
9408
9414
9415
9417
9421
9421
9423
9424
9424
9425
9427
9427
9427
9429
9430
9431
9432
9432
9432
9433
9434
9435
9437
9444
9445
9448
9449
9450
9451
9451
9452
9453
9453
9454
9456
9456
9456
9457
9458
9458
9461
9461
9462
9463
9463
9463
9466
9468
9470
9471
9471
9472
9472
9473
9473
9474
9474
9478
9478
9479
9479
9480
9480
9482
9482
9483
9483
9483
9487
9487
9488
9489
9490
9490
9490
9490
9495
9496
9498
9499
9499
9500
9500
9502
9502
9502
9503
9506
9507
9508
9509
9509
9509
9509
9510
9512
9515
9516
9516
9516
9517
9518
9519
9519
9519
9523
9525
9527
9527
9528
9528
9529
9530
9530
9531
9531
9531
9533
9534
9536
9536
9538
9539
9540
9540
9542
9544
9544
9545
9545
9545
9545
9545
9549
9550
9551
9552
9553
9554
9554
9555
9555
9557
9557
9558
9560
9560
9562
9563
9566
9566
9567
9567
9568
9568
9569
9569
9571
9571
9571
9574
9574
9574
9578
9579
9583
9584
9584
9584
9586
9589
9589
9590
9591
9592
9592
9593
9593
9594
9597
9600
9602
9603
9603
9603
9603
9604
9605
9607
9608
9610
9612
9613
9613
9615
9616
9619
9621
9622
9622
9622
9623
9624
9626
9626
9626
9627
9628
9633
9633
9634
9634
9636
9636
9637
9637
9638
9639
9640
9640
9641
9641
9641
9642
9644
9645
9645
9646
9649
9649
9650
9650
9650
9651
9653
9654
9655
9655
9658
9658
9660
9661
9662
9663
9663
9665
9665
9665
9667
9667
9667
9669
9672
9672
9673
9678
9679
9681
9682
9682
9685
9686
9686
9686
9687
9687
9689
9690
9691
9692
9694
9694
9696
9696
9697
9697
9697
9699
9700
9701
9702
9702
9703
9703
9703
9703
9704
9706
9710
9710
9712
9712
9714
9714
9714
9714
9718
9721
9723
9724
9725
9726
9726
9726
9727
9727
9727
9727
9728
9728
9728
9729
9730
9730
9730
9732
9733
9737
9739
9739
9740
9742
9743
9745
9749
9750
9751
9753
9753
9754
9755
9756
9756
9758
9760
9760
9763
9764
9765
9767
9769
9770
9771
9771
9772
9774
9775
9777
9777
9778
9779
9779
9781
9781
9782
9782
9782
9783
9785
9785
9786
9787
9788
9788
9788
9790
9791
9791
9791
9792
9794
9795
9796
9798
9798
9799
9801
9801
9804
9804
9805
9806
9808
9810
9810
9810
9811
9811
9812
9812
9813
9813
9814
9814
9814
9816
9816
9817
9818
9818
9818
9819
9819
9819
9820
9823
9823
9825
9826
9827
9829
9831
9831
9833
9833
9833
9834
9835
9836
9837
9837
9838
9838
9838
9839
9841
9844
9844
9845
9845
9846
9847
9848
9848
9853
9853
9854
9855
9855
9855
9856
9857
9858
9859
9860
9860
9860
9862
9863
9863
9865
9866
9868
9868
9871
9871
9871
9872
9873
9875
9876
9877
9878
9878
9878
9879
9879
9880
9880
9882
9882
9882
9882
9886
9887
9888
9889
9889
9890
9890
9891
9891
9891
9892
9892
9892
9895
9895
9896
9897
9901
9901
9903
9904
9904
9905
9907
9907
9908
9909
9909
9910
9911
9912
9912
9913
9916
9918
9918
9919
9920
9921
9921
9922
9922
9923
9925
9925
9926
9927
9928
9929
9929
9931
9933
9934
9935
9937
9937
9937
9938
9938
9940
9941
9944
9944
9945
9946
9947
9947
9948
9949
9950
9952
9953
9953
9953
9953
9954
9954
9954
9955
9956
9957
9959
9960
9960
9961
9962
9964
9968
9970
9972
9973
9976
9978
9978
9980
9980
9981
9984
9985
9985
9987
9989
9990
9997
