0
7
7
8
8
8
10
11
12
12
12
12
15
15
15
16
16
19
20
23
24
26
29
29
29
29
33
35
36
36
37
38
38
38
39
39
40
41
41
41
43
44
47
47
49
51
52
53
54
54
55
59
59
60
60
61
61
62
62
63
64
66
67
68
68
69
69
71
74
76
79
79
80
82
86
87
89
89
91
94
96
98
98
98
100
102
104
104
105
105
106
107
112
113
114
115
119
120
121
121
123
124
127
127
127
129
129
130
131
131
132
133
137
138
138
140
143
144
146
147
148
148
149
149
149
149
151
151
155
155
156
156
156
156
157
159
160
160
162
163
164
164
165
167
168
169
169
170
173
175
176
177
177
178
178
179
181
183
184
185
185
188
191
192
196
198
198
198
201
203
203
204
204
205
205
206
207
208
211
211
211
215
215
218
220
221
222
223
225
225
228
229
230
231
232
233
234
235
235
237
238
239
239
241
242
245
248
249
249
253
255
256
256
258
258
258
259
262
262
262
263
264
264
266
266
269
270
270
271
272
272
274
275
276
276
276
277
277
279
279
280
280
281
282
283
284
284
285
286
286
286
286
287
290
291
292
292
293
293
295
295
296
297
299
301
301
302
302
302
303
303
304
306
306
306
306
306
308
308
309
310
311
311
311
314
314
314
315
319
319
320
321
321
322
323
323
323
323
324
324
325
328
328
328
330
331
332
333
333
334
335
335
336
336
337
338
339
339
340
340
341
342
342
343
343
348
350
351
352
352
353
354
355
357
357
360
362
362
362
363
366
367
368
368
369
369
370
373
373
374
375
376
377
378
379
379
380
382
384
384
384
386
387
388
388
392
395
396
396
399
399
401
401
403
405
406
406
406
407
409
410
410
411
417
421
421
422
422
422
424
424
427
427
428
429
429
430
431
434
434
436
437
438
438
438
439
439
440
441
442
444
444
445
446
447
447
447
448
449
450
454
458
460
462
463
464
468
469
469
471
471
471
472
472
472
474
474
476
478
478
478
480
480
481
482
483
483
483
483
484
485
485
487
490
494
494
496
499
500
500
503
503
504
504
505
505
506
506
507
507
507
509
509
510
512
513
515
516
516
518
521
522
522
524
525
528
528
530
532
532
533
533
533
533
534
536
538
538
538
539
540
541
544
544
547
547
547
549
550
552
554
554
555
555
556
557
558
560
561
562
562
563
566
567
567
567
568
569
570
571
571
571
572
573
574
574
574
575
575
576
577
578
580
581
582
582
583
584
584
587
587
590
592
592
592
594
594
594
598
598
600
602
602
603
605
606
606
606
606
608
609
610
610
611
613
614
614
615
615
616
617
617
618
618
618
619
619
620
621
621
624
626
628
628
630
635
635
637
638
639
639
644
644
645
645
646
647
648
649
649
651
651
653
653
655
659
659
660
660
662
662
662
663
663
664
664
666
667
668
668
669
670
674
674
674
676
676
677
682
683
683
684
686
686
687
687
689
689
689
690
692
692
692
693
693
694
694
695
695
696
697
698
699
699
700
701
701
701
702
702
702
703
703
704
704
705
706
706
707
708
708
708
710
712
714
715
716
716
717
718
719
720
721
723
723
723
723
725
725
726
726
728
728
728
728
730
731
733
734
734
736
736
736
737
738
738
741
742
742
743
744
744
745
745
746
748
749
750
751
751
751
751
752
755
756
757
758
758
759
760
762
763
763
764
765
765
766
768
770
770
771
773
774
777
778
779
780
780
780
781
781
782
782
785
786
786
788
789
793
795
795
797
798
799
801
806
807
807
808
808
809
809
812
812
813
813
815
817
817
818
819
820
820
821
822
823
824
825
828
828
828
829
830
832
832
832
834
835
841
841
842
842
845
845
846
846
846
847
848
849
849
851
854
854
854
854
856
856
858
859
860
860
860
860
860
863
863
864
866
867
868
868
869
870
871
871
872
872
872
875
876
877
878
880
881
881
881
882
883
883
883
884
885
885
885
886
888
888
889
892
892
892
892
894
894
895
897
897
898
899
900
901
901
902
902
902
902
903
903
904
907
907
908
909
909
909
910
912
912
912
913
913
914
914
916
916
918
918
919
919
919
922
923
923
925
928
931
931
931
934
934
935
936
936
936
940
940
941
942
942
943
943
944
944
944
945
947
948
949
949
952
953
958
958
959
961
963
963
964
965
966
969
969
970
973
974
974
974
976
976
976
977
978
979
979
982
984
984
984
985
985
985
986
986
992
992
992
993
994
994
995
996
997
998
998
999
999
999
1000
1002
1002
1002
1004
1004
1004
1006
1006
1007
1007
1009
1010
1010
1014
1016
1017
1017
1017
1020
1021
1023
1024
1027
1029
1029
1032
1033
1034
1035
1035
1036
1037
1037
1037
1038
1039
1039
1040
1040
1044
1044
1046
1047
1048
1050
1050
1050
1051
1054
1054
1054
1055
1056
1059
1060
1060
1062
1063
1064
1064
1064
1068
1069
1071
1074
1076
1077
1077
1078
1078
1079
1080
1080
1082
1083
1083
1084
1084
1086
1086
1087
1088
1088
1088
1089
1090
1091
1092
1094
1094
1095
1096
1097
1099
1099
1099
1100
1100
1100
1101
1102
1103
1106
1106
1106
1107
1110
1110
1112
1114
1114
1117
1117
1117
1117
1118
1119
1121
1122
1123
1125
1127
1127
1127
1128
1129
1130
1130
1132
1132
1133
1134
1136
1136
1137
1138
1139
1142
1144
1144
1145
1147
1147
1147
1149
1150
1150
1150
1150
1150
1151
1151
1152
1153
1154
1159
1160
1160
1161
1161
1161
1164
1164
1165
1165
1165
1166
1166
1166
1166
1168
1168
1168
1170
1170
1170
1171
1172
1172
1172
1173
1176
1176
1176
1176
1177
1178
1178
1179
1179
1180
1180
1181
1181
1181
1182
1182
1182
1185
1185
1186
1186
1186
1187
1188
1188
1189
1192
1193
1194
1196
1197
1197
1198
1208
1210
1211
1211
1211
1211
1213
1215
1216
1217
1217
1218
1218
1220
1227
1228
1229
1229
1230
1230
1230
1232
1232
1233
1233
1234
1235
1235
1236
1239
1240
1240
1241
1241
1241
1243
1243
1246
1246
1246
1247
1247
1248
1248
1250
1251
1251
1253
1253
1254
1255
1256
1256
1257
1257
1258
1259
1259
1260
1260
1261
1262
1262
1262
1262
1263
1264
1264
1264
1268
1270
1270
1270
1272
1273
1273
1274
1274
1276
1276
1277
1277
1279
1281
1282
1282
1282
1283
1284
1284
1284
1286
1286
1286
1290
1290
1291
1292
1296
1296
1297
1297
1297
1298
1298
1298
1298
1300
1302
1302
1302
1303
1307
1308
1309
1310
1312
1313
1315
1317
1318
1321
1321
1321
1322
1323
1324
1325
1326
1327
1329
1331
1331
1333
1335
1336
1336
1337
1338
1344
1346
1347
1347
1349
1350
1351
1351
1353
1353
1355
1355
1356
1358
1359
1359
1362
1363
1363
1364
1365
1365
1367
1368
1370
1370
1371
1372
1372
1372
1373
1374
1374
1377
1377
1379
1380
1380
1380
1381
1381
1384
1385
1385
1387
1389
1390
1390
1391
1391
1391
1392
1392
1393
1395
1396
1398
1399
1400
1402
1404
1405
1405
1406
1407
1409
1410
1410
1410
1412
1413
1413
1414
1415
1418
1419
1419
1420
1421
1422
1422
1426
1428
1429
1431
1431
1431
1432
1433
1433
1434
1434
1434
1439
1440
1441
1441
1442
1442
1442
1444
1444
1445
1445
1446
1449
1449
1449
1450
1450
1450
1452
1456
1457
1457
1459
1459
1461
1463
1463
1465
1466
1468
1469
1470
1470
1470
1471
1471
1473
1474
1474
1475
1476
1476
1479
1480
1482
1484
1484
1485
1486
1487
1488
1488
1489
1490
1490
1492
1492
1493
1499
1501
1501
1501
1503
1503
1504
1505
1505
1505
1507
1508
1509
1509
1510
1510
1511
1516
1516
1520
1522
1523
1523
1524
1525
1525
1526
1527
1527
1528
1528
1528
1530
1530
1531
1532
1532
1532
1533
1533
1535
1535
1535
1536
1539
1541
1542
1542
1543
1543
1544
1545
1548
1549
1549
1550
1551
1551
1555
1555
1556
1557
1557
1557
1560
1561
1567
1568
1569
1570
1574
1577
1577
1578
1579
1580
1581
1583
1583
1583
1584
1587
1588
1588
1589
1590
1591
1591
1592
1593
1593
1596
1598
1598
1600
1601
1602
1603
1605
1606
1607
1608
1610
1612
1613
1615
1616
1616
1617
1622
1623
1623
1626
1627
1627
1628
1629
1629
1629
1629
1630
1632
1632
1633
1634
1634
1635
1635
1637
1639
1640
1644
1644
1645
1645
1645
1645
1646
1647
1649
1649
1649
1651
1651
1652
1652
1652
1653
1658
1658
1659
1659
1660
1661
1661
1662
1662
1663
1663
1665
1666
1667
1671
1671
1671
1671
1671
1672
1673
1674
1674
1676
1678
1680
1682
1682
1683
1683
1685
1685
1685
1685
1685
1685
1685
1686
1688
1688
1689
1691
1692
1692
1694
1694
1694
1696
1696
1697
1698
1698
1699
1701
1702
1703
1704
1706
1707
1708
1708
1708
1709
1710
1711
1712
1712
1713
1713
1714
1714
1715
1718
1718
1718
1718
1718
1720
1720
1721
1721
1721
1729
1729
1729
1729
1730
1731
1731
1732
1733
1734
1735
1737
1738
1738
1738
1741
1741
1742
1742
1743
1744
1744
1745
1748
1750
1750
1752
1752
1754
1756
1757
1757
1758
1758
1759
1760
1760
1761
1761
1761
1762
1762
1763
1764
1764
1767
1767
1768
1769
1769
1771
1772
1772
1773
1774
1775
1776
1777
1777
1777
1778
1779
1780
1780
1782
1783
1784
1784
1785
1785
1787
1787
1788
1788
1789
1790
1791
1791
1792
1792
1793
1795
1797
1798
1801
1802
1802
1803
1804
1805
1805
1805
1807
1808
1808
1808
1808
1809
1810
1812
1812
1814
1818
1819
1819
1820
1820
1821
1822
1827
1837
1838
1843
1844
1844
1844
1846
1848
1848
1850
1851
1851
1852
1852
1854
1854
1854
1854
1855
1857
1857
1858
1861
1862
1864
1866
1867
1867
1871
1871
1874
1875
1877
1879
1879
1880
1882
1883
1884
1886
1887
1887
1887
1888
1891
1892
1892
1893
1893
1896
1896
1898
1898
1899
1902
1903
1904
1905
1908
1909
1909
1910
1912
1912
1914
1915
1915
1919
1921
1923
1923
1924
1924
1925
1925
1930
1932
1932
1934
1935
1935
1935
1937
1937
1937
1939
1939
1942
1942
1943
1943
1944
1947
1947
1948
1948
1949
1949
1950
1950
1951
1953
1953
1953
1954
1955
1956
1958
1958
1958
1959
1961
1962
1963
1964
1965
1965
1966
1967
1968
1968
1969
1969
1969
1970
1971
1972
1972
1972
1972
1973
1974
1974
1977
1981
1983
1984
1984
1986
1986
1990
1991
1995
1997
1997
1998
1998
1999
2000
2000
2001
2002
2003
2005
2007
2007
2007
2009
2009
2011
2012
2014
2015
2016
2016
2017
2017
2017
2022
2023
2024
2025
2027
2027
2028
2029
2029
2030
2032
2032
2033
2033
2033
2034
2036
2036
2037
2037
2037
2038
2039
2040
2041
2043
2043
2043
2045
2045
2045
2048
2048
2049
2049
2050
2050
2050
2052
2052
2052
2056
2056
2058
2058
2059
2059
2059
2059
2060
2060
2061
2063
2063
2064
2064
2066
2068
2068
2069
2070
2071
2071
2072
2074
2075
2075
2077
2078
2078
2078
2079
2082
2083
2084
2084
2086
2087
2088
2089
2089
2091
2092
2093
2094
2095
2096
2096
2097
2099
2101
2102
2102
2102
2102
2103
2104
2104
2107
2108
2110
2111
2111
2112
2112
2112
2113
2115
2116
2121
2121
2121
2122
2123
2124
2126
2131
2132
2132
2132
2134
2135
2135
2136
2137
2139
2140
2141
2142
2142
2145
2147
2150
2154
2155
2156
2156
2158
2159
2161
2162
2163
2163
2165
2166
2166
2167
2170
2171
2174
2175
2176
2177
2177
2177
2179
2180
2180
2181
2181
2183
2185
2186
2186
2188
2188
2191
2193
2195
2195
2196
2196
2197
2198
2198
2198
2198
2199
2199
2200
2201
2201
2202
2202
2204
2206
2209
2209
2211
2212
2216
2218
2219
2219
2219
2219
2221
2222
2225
2225
2225
2226
2226
2226
2228
2228
2229
2229
2234
2234
2234
2237
2241
2243
2245
2245
2246
2246
2250
2250
2251
2252
2252
2254
2254
2254
2254
2254
2255
2255
2257
2257
2257
2258
2258
2258
2259
2259
2259
2261
2261
2262
2264
2266
2266
2269
2269
2271
2273
2275
2276
2277
2278
2278
2279
2280
2281
2282
2282
2283
2284
2285
2288
2289
2289
2289
2292
2293
2294
2295
2296
2296
2296
2298
2300
2300
2300
2300
2302
2303
2303
2304
2305
2306
2309
2310
2311
2311
2314
2314
2314
2315
2316
2317
2318
2318
2319
2321
2321
2322
2323
2323
2323
2324
2326
2326
2326
2327
2327
2328
2330
2332
2337
2337
2338
2338
2338
2339
2340
2340
2341
2342
2346
2347
2348
2348
2350
2350
2350
2352
2353
2353
2353
2356
2357
2358
2358
2358
2359
2361
2365
2366
2366
2368
2368
2368
2368
2369
2369
2370
2371
2372
2373
2373
2378
2378
2378
2380
2380
2381
2384
2384
2388
2389
2390
2390
2395
2395
2396
2397
2397
2397
2398
2400
2400
2401
2402
2403
2403
2405
2405
2405
2406
2407
2407
2407
2407
2409
2409
2411
2412
2412
2414
2414
2415
2415
2419
2419
2419
2420
2421
2422
2424
2424
2424
2424
2425
2426
2431
2431
2432
2432
2433
2433
2434
2434
2435
2436
2436
2436
2437
2438
2439
2441
2442
2442
2442
2443
2444
2446
2447
2447
2447
2448
2450
2450
2451
2451
2451
2451
2452
2452
2452
2453
2453
2453
2454
2455
2456
2461
2461
2462
2462
2462
2464
2464
2464
2464
2464
2464
2465
2466
2468
2469
2470
2472
2472
2473
2474
2476
2477
2477
2480
2485
2485
2486
2491
2491
2491
2491
2492
2492
2493
2493
2494
2495
2495
2497
2497
2498
2498
2499
2499
2499
2500
2503
2503
2510
2512
2512
2515
2516
2519
2520
2521
2523
2524
2526
2526
2531
2532
2533
2533
2533
2534
2535
2536
2536
2541
2541
2544
2545
2545
2546
2546
2547
2547
2548
2549
2551
2551
2552
2553
2553
2555
2557
2557
2558
2558
2559
2560
2565
2565
2565
2566
2567
2567
2568
2568
2569
2570
2570
2572
2575
2578
2581
2581
2581
2581
2585
2585
2586
2586
2588
2588
2590
2590
2590
2591
2592
2592
2593
2593
2594
2595
2595
2596
2597
2601
2604
2605
2605
2606
2607
2608
2609
2609
2611
2611
2611
2613
2614
2614
2614
2620
2620
2621
2621
2622
2622
2624
2625
2627
2630
2630
2631
2631
2632
2632
2633
2633
2634
2634
2636
2638
2640
2640
2641
2641
2642
2645
2647
2647
2647
2648
2648
2649
2649
2650
2651
2651
2654
2656
2657
2657
2658
2659
2661
2661
2661
2661
2662
2665
2666
2669
2670
2670
2670
2677
2678
2678
2678
2679
2682
2683
2686
2686
2690
2690
2690
2691
2691
2691
2691
2691
2695
2695
2696
2696
2697
2697
2698
2698
2698
2699
2701
2704
2704
2705
2706
2708
2709
2710
2710
2712
2714
2714
2715
2716
2717
2718
2719
2721
2725
2725
2725
2726
2729
2730
2730
2730
2731
2731
2734
2736
2737
2737
2738
2738
2739
2740
2740
2741
2743
2743
2743
2745
2745
2745
2745
2746
2746
2747
2751
2753
2755
2755
2757
2757
2759
2759
2759
2760
2760
2763
2763
2764
2765
2765
2765
2767
2767
2768
2770
2773
2774
2775
2775
2775
2777
2779
2782
2783
2785
2786
2788
2788
2789
2790
2792
2793
2793
2795
2796
2797
2797
2798
2799
2800
2801
2802
2803
2804
2804
2805
2805
2806
2807
2809
2809
2814
2814
2816
2817
2818
2822
2823
2826
2827
2827
2828
2833
2834
2834
2836
2837
2838
2838
2839
2839
2840
2840
2840
2842
2842
2843
2843
2844
2844
2845
2846
2847
2848
2848
2848
2848
2853
2854
2854
2855
2855
2859
2859
2860
2860
2861
2862
2864
2864
2867
2867
2867
2868
2869
2872
2874
2875
2875
2875
2877
2877
2877
2878
2879
2880
2881
2882
2882
2884
2884
2885
2885
2885
2886
2886
2887
2889
2889
2891
2892
2893
2893
2894
2894
2894
2895
2897
2898
2898
2898
2899
2900
2901
2901
2901
2901
2902
2904
2908
2909
2910
2910
2911
2913
2915
2916
2916
2916
2918
2920
2923
2925
2927
2927
2929
2932
2934
2934
2934
2935
2936
2939
2940
2940
2943
2946
2947
2948
2949
2949
2950
2952
2954
2956
2959
2960
2960
2961
2964
2968
2968
2969
2969
2970
2972
2975
2976
2978
2979
2979
2980
2982
2982
2984
2985
2985
2987
2988
2990
2990
2990
2992
2993
2993
2993
2993
2997
2999
3000
3001
3001
3003
3004
3006
3006
3006
3007
3009
3010
3011
3011
3011
3014
3015
3015
3016
3018
3018
3019
3022
3022
3024
3024
3025
3025
3026
3027
3028
3028
3028
3032
3034
3034
3037
3038
3039
3039
3039
3040
3040
3041
3042
3043
3043
3044
3045
3045
3045
3047
3048
3049
3049
3053
3055
3055
3056
3057
3058
3063
3063
3063
3065
3065
3067
3067
3067
3067
3068
3069
3073
3074
3075
3076
3077
3077
3077
3077
3077
3078
3079
3079
3080
3080
3082
3084
3084
3085
3085
3086
3087
3090
3090
3090
3090
3090
3091
3093
3094
3095
3096
3098
3099
3099
3100
3102
3103
3104
3105
3106
3106
3106
3108
3109
3109
3109
3111
3111
3111
3111
3111
3112
3112
3114
3114
3116
3117
3117
3118
3119
3119
3122
3123
3125
3126
3126
3127
3128
3132
3133
3135
3135
3136
3136
3138
3138
3139
3141
3142
3142
3143
3143
3145
3146
3147
3148
3149
3150
3153
3155
3155
3157
3158
3162
3162
3163
3163
3164
3164
3166
3168
3168
3169
3170
3170
3171
3171
3171
3172
3173
3174
3174
3175
3175
3175
3175
3177
3177
3177
3178
3181
3183
3184
3187
3187
3188
3188
3189
3190
3190
3195
3198
3199
3199
3201
3202
3203
3203
3203
3204
3204
3204
3205
3205
3205
3206
3206
3206
3207
3207
3208
3208
3209
3210
3211
3211
3211
3211
3212
3213
3213
3213
3214
3214
3215
3216
3217
3217
3217
3218
3219
3220
3221
3221
3221
3222
3223
3223
3226
3226
3228
3229
3229
3230
3231
3231
3233
3235
3236
3236
3237
3237
3238
3241
3243
3244
3245
3247
3247
3248
3250
3250
3251
3253
3254
3254
3255
3255
3255
3256
3258
3258
3259
3262
3262
3264
3266
3266
3267
3270
3270
3272
3272
3273
3275
3277
3278
3278
3279
3280
3281
3283
3284
3285
3286
3287
3288
3289
3290
3290
3290
3291
3292
3295
3295
3297
3297
3298
3299
3300
3301
3301
3302
3302
3303
3303
3303
3305
3306
3306
3307
3307
3307
3308
3311
3312
3315
3315
3317
3317
3317
3317
3318
3318
3318
3319
3319
3320
3320
3321
3322
3323
3325
3326
3326
3327
3329
3330
3330
3331
3334
3336
3336
3337
3338
3338
3340
3340
3342
3342
3344
3344
3345
3346
3346
3347
3349
3349
3350
3351
3351
3351
3352
3354
3356
3356
3356
3357
3359
3359
3360
3361
3362
3362
3362
3362
3363
3363
3363
3363
3363
3365
3365
3365
3366
3366
3367
3370
3370
3371
3373
3373
3374
3374
3374
3379
3379
3381
3381
3381
3381
3382
3383
3383
3383
3384
3384
3386
3386
3387
3389
3390
3390
3393
3393
3393
3393
3394
3395
3395
3396
3399
3401
3402
3402
3405
3405
3406
3408
3408
3408
3408
3410
3411
3412
3414
3416
3416
3417
3420
3422
3422
3423
3428
3428
3429
3430
3430
3431
3431
3432
3433
3436
3437
3438
3439
3441
3441
3441
3441
3442
3442
3444
3444
3447
3448
3450
3450
3451
3451
3452
3453
3453
3453
3454
3455
3456
3456
3458
3458
3459
3461
3461
3463
3466
3470
3470
3471
3472
3474
3475
3475
3476
3476
3477
3479
3479
3480
3481
3481
3483
3485
3488
3488
3491
3492
3493
3497
3497
3500
3500
3502
3503
3504
3505
3505
3506
3507
3507
3509
3511
3511
3513
3513
3515
3516
3516
3517
3517
3518
3518
3518
3519
3520
3523
3523
3523
3524
3525
3525
3526
3528
3532
3534
3536
3537
3537
3538
3538
3538
3538
3542
3542
3544
3548
3548
3549
3550
3551
3553
3553
3554
3555
3558
3558
3561
3562
3563
3563
3564
3564
3564
3566
3566
3569
3569
3570
3571
3571
3571
3575
3575
3577
3578
3579
3579
3580
3581
3582
3583
3583
3584
3584
3585
3585
3585
3585
3586
3589
3590
3591
3591
3592
3592
3593
3593
3594
3595
3596
3596
3597
3597
3598
3598
3599
3602
3603
3604
3605
3605
3607
3608
3608
3608
3609
3609
3610
3611
3613
3615
3615
3615
3616
3619
3620
3620
3620
3621
3622
3623
3623
3623
3624
3625
3626
3626
3626
3627
3627
3629
3630
3632
3633
3633
3634
3636
3636
3636
3636
3636
3636
3637
3639
3642
3644
3645
3646
3646
3646
3648
3649
3649
3652
3652
3652
3652
3653
3654
3656
3658
3659
3660
3660
3660
3660
3661
3661
3661
3661
3662
3663
3664
3665
3667
3668
3671
3672
3672
3673
3674
3674
3674
3678
3678
3679
3679
3679
3680
3682
3683
3685
3686
3686
3687
3687
3687
3688
3688
3688
3693
3694
3697
3698
3700
3700
3703
3704
3705
3705
3706
3706
3707
3707
3709
3710
3711
3714
3716
3718
3720
3720
3721
3721
3722
3722
3723
3723
3723
3724
3724
3725
3726
3727
3730
3731
3731
3732
3732
3733
3738
3738
3739
3739
3739
3739
3740
3741
3742
3743
3743
3743
3743
3744
3744
3745
3746
3747
3747
3748
3750
3752
3753
3755
3756
3756
3757
3758
3759
3760
3760
3760
3764
3764
3766
3767
3767
3769
3770
3770
3770
3772
3772
3772
3773
3773
3775
3776
3776
3777
3780
3782
3782
3782
3782
3783
3785
3787
3788
3789
3789
3789
3790
3791
3792
3792
3793
3794
3796
3797
3797
3798
3798
3799
3801
3801
3803
3804
3804
3805
3805
3806
3807
3807
3808
3809
3810
3810
3811
3812
3812
3813
3813
3814
3815
3815
3815
3816
3816
3817
3817
3819
3819
3820
3821
3821
3821
3822
3822
3823
3823
3825
3826
3826
3827
3828
3829
3831
3832
3833
3834
3834
3836
3837
3839
3841
3841
3842
3843
3843
3843
3844
3845
3845
3846
3847
3847
3849
3849
3850
3851
3854
3856
3857
3857
3859
3859
3860
3860
3861
3861
3861
3862
3863
3865
3866
3868
3868
3868
3868
3870
3870
3874
3874
3874
3875
3877
3877
3879
3880
3891
3892
3893
3893
3893
3893
3895
3895
3896
3896
3898
3898
3900
3900
3902
3902
3902
3903
3903
3904
3904
3904
3905
3905
3905
3906
3908
3911
3911
3912
3913
3914
3915
3915
3916
3916
3917
3918
3921
3921
3923
3923
3927
3928
3928
3928
3929
3930
3932
3935
3936
3937
3939
3940
3940
3940
3940
3943
3943
3945
3946
3946
3947
3950
3952
3954
3957
3958
3959
3960
3963
3964
3964
3965
3966
3967
3967
3968
3968
3969
3972
3972
3973
3973
3975
3976
3977
3979
3979
3979
3981
3982
3982
3982
3983
3983
3984
3986
3986
3986
3987
3988
3989
3990
3990
3990
3990
3990
3990
3992
3993
3994
3994
3994
3994
3996
3997
3997
3997
4003
4004
4004
4005
4005
4007
4007
4008
4009
4009
4010
4010
4010
4011
4012
4013
4013
4015
4016
4017
4018
4019
4019
4021
4022
4022
4024
4025
4028
4028
4029
4030
4032
4035
4035
4036
4036
4037
4039
4039
4039
4041
4041
4041
4043
4043
4048
4049
4050
4053
4054
4055
4056
4057
4057
4057
4060
4061
4061
4062
4062
4064
4066
4066
4067
4069
4069
4071
4071
4073
4074
4074
4075
4077
4078
4078
4078
4078
4080
4081
4082
4082
4083
4085
4086
4086
4087
4089
4090
4092
4092
4094
4095
4095
4101
4102
4102
4102
4104
4105
4106
4107
4108
4109
4109
4109
4109
4110
4114
4115
4115
4115
4116
4117
4117
4118
4119
4121
4121
4121
4122
4123
4124
4124
4128
4130
4134
4134
4136
4137
4138
4139
4140
4140
4141
4142
4142
4143
4144
4144
4145
4146
4147
4148
4148
4150
4151
4155
4155
4155
4158
4162
4162
4163
4165
4165
4165
4168
4169
4169
4169
4171
4173
4174
4175
4175
4176
4182
4182
4183
4186
4187
4188
4189
4190
4192
4197
4199
4199
4201
4203
4203
4203
4203
4207
4208
4208
4211
4212
4213
4218
4220
4222
4222
4222
4222
4223
4226
4227
4227
4228
4230
4230
4230
4234
4235
4235
4235
4235
4236
4236
4239
4240
4241
4241
4242
4243
4244
4245
4251
4254
4256
4258
4259
4259
4261
4265
4266
4267
4267
4268
4268
4269
4270
4271
4272
4272
4272
4273
4274
4274
4275
4275
4275
4276
4277
4277
4277
4278
4279
4279
4280
4280
4280
4281
4282
4287
4287
4291
4294
4294
4295
4297
4299
4299
4299
4300
4301
4304
4304
4305
4306
4307
4308
4311
4312
4312
4312
4313
4314
4317
4318
4318
4319
4319
4322
4323
4324
4325
4327
4327
4328
4328
4330
4330
4331
4332
4333
4334
4334
4335
4336
4337
4337
4337
4340
4340
4341
4342
4344
4344
4344
4345
4346
4347
4347
4348
4348
4348
4350
4350
4351
4354
4355
4355
4356
4356
4358
4358
4359
4359
4360
4361
4362
4364
4364
4364
4365
4365
4367
4368
4370
4371
4373
4373
4374
4374
4376
4376
4377
4378
4381
4383
4384
4384
4387
4390
4390
4390
4393
4393
4393
4394
4394
4394
4395
4399
4403
4405
4405
4409
4410
4411
4412
4412
4412
4413
4413
4414
4415
4415
4416
4416
4416
4416
4416
4417
4417
4418
4418
4418
4419
4422
4426
4427
4429
4429
4430
4430
4432
4435
4435
4435
4436
4439
4441
4442
4442
4447
4448
4450
4451
4452
4453
4455
4455
4456
4456
4457
4458
4458
4461
4462
4462
4468
4469
4470
4471
4472
4473
4473
4473
4476
4476
4476
4479
4480
4480
4482
4482
4483
4483
4483
4489
4490
4490
4491
4492
4498
4498
4499
4499
4499
4500
4501
4502
4502
4502
4503
4503
4503
4505
4505
4508
4508
4509
4511
4513
4514
4514
4515
4515
4515
4515
4516
4516
4517
4521
4521
4521
4522
4522
4522
4523
4523
4523
4525
4526
4526
4527
4527
4527
4528
4529
4529
4530
4531
4532
4532
4533
4533
4533
4534
4536
4537
4540
4541
4542
4542
4543
4544
4547
4547
4548
4550
4553
4554
4555
4555
4558
4559
4560
4561
4562
4562
4562
4564
4565
4566
4567
4567
4567
4571
4573
4575
4576
4577
4578
4579
4579
4582
4582
4583
4586
4586
4589
4590
4591
4591
4592
4594
4595
4598
4598
4599
4600
4600
4601
4601
4601
4602
4602
4604
4604
4604
4605
4608
4609
4609
4612
4613
4613
4614
4615
4615
4616
4617
4620
4620
4623
4624
4624
4625
4625
4625
4625
4629
4630
4631
4634
4637
4638
4640
4641
4641
4641
4642
4643
4644
4644
4646
4646
4647
4647
4648
4652
4653
4654
4655
4655
4655
4657
4660
4661
4663
4663
4664
4665
4665
4665
4665
4665
4666
4667
4667
4668
4668
4669
4669
4670
4670
4671
4671
4672
4674
4674
4677
4677
4678
4678
4679
4680
4681
4683
4684
4687
4687
4688
4688
4691
4693
4694
4696
4696
4698
4699
4699
4699
4702
4702
4703
4703
4703
4705
4708
4711
4711
4713
4714
4716
4716
4716
4719
4719
4719
4719
4719
4720
4721
4722
4723
4723
4724
4724
4724
4724
4725
4725
4725
4727
4728
4728
4729
4730
4733
4733
4734
4734
4734
4735
4736
4739
4743
4744
4744
4745
4745
4745
4750
4750
4751
4751
4752
4752
4753
4755
4758
4758
4758
4759
4760
4765
4765
4766
4766
4766
4767
4768
4768
4770
4771
4771
4771
4773
4774
4775
4775
4780
4785
4785
4785
4786
4787
4787
4788
4789
4789
4790
4791
4792
4792
4793
4793
4794
4795
4795
4796
4797
4798
4799
4799
4799
4800
4801
4803
4803
4808
4808
4809
4810
4810
4810
4810
4813
4813
4813
4814
4818
4818
4818
4818
4822
4824
4824
4825
4826
4829
4830
4830
4832
4834
4834
4837
4838
4839
4840
4840
4840
4841
4842
4843
4844
4844
4848
4849
4849
4850
4851
4852
4853
4853
4854
4855
4855
4855
4859
4860
4861
4862
4863
4866
4867
4867
4868
4869
4869
4870
4871
4872
4875
4876
4876
4877
4879
4879
4879
4880
4880
4880
4881
4882
4884
4885
4885
4886
4887
4887
4887
4888
4890
4890
4891
4891
4893
4893
4894
4895
4895
4895
4897
4897
4898
4898
4899
4900
4901
4902
4903
4904
4905
4905
4905
4905
4906
4907
4908
4909
4909
4911
4912
4914
4915
4917
4918
4918
4919
4920
4920
4920
4920
4921
4923
4924
4925
4927
4927
4927
4928
4928
4928
4930
4931
4932
4932
4932
4933
4933
4936
4936
4939
4941
4942
4942
4945
4946
4949
4949
4950
4950
4952
4953
4953
4954
4955
4955
4957
4958
4960
4961
4962
4962
4965
4965
4966
4973
4974
4974
4975
4975
4977
4979
4980
4980
4981
4981
4982
4983
4984
4985
4987
4987
4989
4990
4991
4993
4993
4994
4994
4994
4994
4995
4995
4996
4998
4998
4999
5002
5006
5008
5009
5010
5010
5011
5013
5013
5013
5015
5016
5016
5018
5019
5019
5019
5022
5023
5025
5027
5027
5029
5030
5032
5036
5036
5036
5036
5037
5038
5038
5039
5045
5045
5045
5046
5046
5046
5047
5047
5048
5049
5049
5051
5053
5053
5053
5054
5054
5056
5056
5057
5059
5059
5060
5062
5064
5065
5065
5065
5066
5067
5068
5069
5073
5076
5076
5081
5082
5082
5083
5086
5087
5088
5089
5090
5090
5091
5092
5092
5093
5093
5093
5094
5094
5096
5100
5101
5102
5102
5106
5108
5108
5108
5113
5114
5117
5117
5118
5122
5122
5125
5125
5126
5126
5126
5126
5127
5128
5129
5129
5131
5132
5132
5132
5133
5133
5134
5135
5135
5135
5136
5137
5137
5137
5137
5137
5137
5138
5139
5141
5141
5141
5141
5142
5143
5144
5145
5145
5146
5147
5148
5150
5150
5150
5151
5151
5151
5153
5154
5154
5155
5156
5159
5161
5162
5162
5163
5163
5163
5165
5166
5167
5168
5170
5170
5171
5171
5172
5172
5172
5173
5173
5173
5174
5175
5176
5178
5179
5179
5181
5181
5181
5182
5184
5185
5186
5186
5187
5190
5190
5191
5192
5193
5193
5193
5196
5197
5197
5198
5201
5207
5208
5209
5209
5210
5211
5212
5213
5213
5215
5215
5215
5217
5218
5221
5222
5224
5226
5227
5227
5228
5229
5232
5236
5237
5238
5238
5238
5239
5240
5241
5242
5244
5244
5244
5245
5245
5245
5245
5246
5246
5246
5248
5248
5249
5249
5251
5253
5253
5256
5258
5259
5259
5262
5262
5262
5263
5264
5264
5264
5267
5267
5268
5268
5269
5273
5274
5275
5277
5277
5277
5278
5278
5279
5280
5280
5285
5285
5287
5297
5298
5299
5299
5300
5300
5301
5302
5302
5303
5303
5304
5305
5306
5306
5310
5310
5311
5311
5313
5313
5315
5317
5318
5319
5320
5321
5322
5324
5326
5326
5329
5330
5330
5332
5336
5336
5337
5337
5338
5340
5341
5344
5345
5347
5347
5348
5349
5349
5350
5351
5355
5356
5357
5358
5359
5360
5360
5362
5363
5364
5364
5366
5367
5367
5368
5370
5370
5370
5371
5371
5371
5372
5376
5376
5377
5377
5379
5379
5379
5380
5381
5384
5384
5385
5385
5387
5387
5387
5388
5388
5390
5390
5390
5391
5393
5394
5395
5397
5398
5401
5401
5403
5404
5404
5406
5407
5408
5408
5408
5409
5410
5413
5415
5415
5415
5416
5417
5418
5418
5422
5423
5426
5428
5428
5429
5431
5432
5432
5433
5435
5436
5437
5437
5440
5440
5442
5444
5445
5445
5445
5446
5447
5448
5448
5451
5451
5452
5453
5454
5456
5456
5456
5458
5459
5459
5460
5461
5462
5462
5463
5463
5463
5463
5464
5464
5465
5465
5466
5468
5468
5470
5470
5471
5471
5471
5472
5473
5473
5474
5476
5477
5479
5482
5482
5484
5485
5487
5487
5488
5490
5490
5491
5493
5493
5494
5495
5496
5498
5498
5499
5499
5499
5501
5504
5505
5506
5507
5507
5507
5508
5508
5509
5509
5509
5509
5511
5511
5515
5516
5520
5520
5520
5522
5522
5522
5523
5523
5526
5528
5528
5532
5532
5533
5536
5537
5538
5540
5542
5544
5546
5547
5549
5552
5554
5555
5555
5555
5556
5560
5560
5562
5563
5565
5565
5567
5567
5568
5569
5570
5572
5574
5575
5576
5576
5576
5579
5579
5579
5579
5581
5582
5582
5583
5583
5584
5586
5587
5587
5588
5590
5592
5592
5593
5593
5594
5595
5595
5595
5596
5597
5598
5600
5600
5602
5602
5606
5607
5607
5609
5610
5611
5612
5612
5613
5614
5614
5614
5620
5621
5621
5621
5623
5623
5623
5624
5625
5626
5627
5628
5630
5630
5632
5633
5634
5634
5636
5636
5637
5638
5639
5640
5640
5641
5641
5644
5645
5646
5647
5649
5649
5651
5654
5655
5656
5658
5659
5659
5660
5660
5661
5663
5664
5667
5668
5669
5669
5672
5675
5678
5679
5681
5682
5682
5683
5683
5683
5684
5685
5688
5689
5690
5690
5692
5694
5696
5696
5697
5697
5697
5700
5702
5704
5705
5705
5707
5708
5708
5710
5710
5710
5710
5711
5711
5713
5714
5714
5714
5715
5716
5716
5719
5719
5719
5719
5720
5720
5721
5721
5722
5723
5723
5724
5724
5726
5726
5727
5728
5729
5729
5730
5732
5735
5735
5736
5736
5737
5742
5742
5742
5743
5745
5745
5745
5746
5746
5748
5748
5749
5749
5750
5750
5750
5750
5755
5755
5756
5757
5759
5760
5761
5765
5770
5771
5771
5772
5773
5774
5775
5776
5776
5776
5779
5779
5780
5782
5783
5785
5786
5786
5787
5787
5788
5788
5792
5792
5792
5793
5794
5794
5794
5799
5800
5801
5801
5801
5802
5802
5802
5803
5803
5804
5804
5804
5805
5806
5806
5806
5809
5811
5814
5816
5818
5819
5819
5821
5821
5822
5822
5824
5825
5827
5827
5828
5829
5829
5829
5834
5837
5839
5839
5840
5841
5842
5844
5845
5845
5845
5845
5846
5846
5846
5847
5847
5848
5849
5849
5853
5854
5857
5858
5858
5860
5862
5863
5863
5863
5867
5868
5869
5871
5871
5871
5872
5873
5876
5878
5878
5878
5880
5882
5884
5884
5886
5889
5892
5894
5894
5895
5895
5895
5896
5896
5897
5897
5900
5901
5904
5905
5905
5906
5906
5907
5907
5910
5913
5913
5913
5914
5918
5923
5923
5923
5925
5926
5926
5926
5928
5928
5929
5932
5933
5934
5936
5936
5938
5938
5939
5940
5941
5941
5943
5943
5944
5944
5946
5948
5948
5949
5949
5950
5950
5951
5952
5955
5955
5956
5956
5957
5958
5958
5959
5959
5959
5960
5961
5963
5964
5964
5966
5966
5967
5970
5972
5972
5973
5974
5975
5979
5980
5982
5982
5984
5986
5987
5988
5990
5990
5992
5994
5995
5995
5995
5996
5997
5998
5999
6001
6001
6001
6004
6004
6005
6005
6005
6007
6008
6008
6010
6011
6012
6012
6012
6013
6014
6014
6015
6016
6017
6017
6017
6017
6018
6021
6021
6023
6023
6024
6027
6027
6028
6028
6030
6031
6031
6031
6035
6039
6039
6040
6041
6041
6041
6042
6042
6042
6043
6043
6044
6045
6045
6046
6047
6047
6048
6049
6050
6051
6051
6055
6055
6057
6058
6059
6059
6059
6060
6060
6060
6061
6061
6062
6063
6065
6066
6066
6067
6068
6069
6069
6071
6072
6072
6073
6073
6074
6075
6076
6077
6077
6078
6080
6082
6084
6087
6089
6090
6090
6092
6092
6093
6094
6095
6096
6097
6099
6099
6100
6101
6101
6102
6103
6105
6107
6107
6108
6109
6109
6112
6112
6114
6114
6114
6117
6117
6119
6120
6120
6121
6121
6121
6122
6123
6123
6123
6125
6127
6128
6129
6130
6130
6132
6132
6132
6132
6132
6132
6133
6135
6136
6139
6141
6141
6142
6143
6143
6143
6144
6144
6146
6146
6148
6148
6149
6149
6150
6151
6152
6152
6153
6153
6153
6154
6156
6157
6158
6159
6159
6159
6161
6161
6162
6162
6163
6163
6165
6165
6165
6166
6166
6167
6167
6168
6168
6171
6171
6172
6174
6176
6176
6179
6179
6180
6180
6181
6181
6183
6183
6183
6183
6183
6186
6186
6186
6188
6188
6189
6190
6190
6193
6193
6195
6195
6195
6201
6201
6202
6202
6202
6202
6203
6203
6205
6205
6206
6209
6210
6211
6212
6212
6212
6213
6214
6214
6215
6221
6223
6227
6227
6228
6228
6229
6230
6230
6232
6233
6235
6239
6239
6240
6243
6243
6243
6245
6247
6247
6248
6248
6249
6249
6250
6250
6251
6252
6252
6253
6254
6256
6257
6259
6261
6261
6262
6267
6267
6267
6267
6268
6268
6272
6273
6274
6275
6276
6277
6279
6280
6281
6285
6285
6287
6287
6287
6290
6292
6292
6293
6294
6295
6295
6295
6296
6300
6301
6302
6304
6304
6306
6306
6306
6306
6309
6309
6309
6310
6310
6310
6310
6313
6314
6314
6314
6315
6315
6315
6315
6315
6316
6318
6319
6319
6320
6321
6321
6323
6323
6324
6325
6327
6328
6328
6329
6329
6330
6331
6331
6334
6335
6335
6336
6336
6339
6339
6339
6340
6340
6341
6343
6344
6344
6345
6346
6347
6347
6349
6350
6350
6351
6351
6352
6353
6353
6353
6354
6355
6355
6356
6356
6357
6358
6358
6361
6361
6362
6363
6364
6364
6364
6364
6366
6366
6367
6367
6368
6368
6369
6370
6373
6375
6375
6376
6376
6377
6378
6378
6379
6380
6381
6383
6383
6384
6384
6385
6386
6386
6386
6387
6387
6388
6388
6388
6388
6390
6391
6393
6393
6393
6394
6394
6395
6395
6398
6398
6400
6400
6401
6402
6402
6403
6404
6405
6405
6405
6405
6407
6407
6409
6410
6411
6412
6414
6415
6416
6417
6419
6420
6421
6423
6423
6423
6426
6427
6428
6429
6431
6431
6431
6431
6432
6432
6433
6435
6437
6437
6438
6438
6439
6440
6440
6441
6444
6444
6446
6446
6446
6447
6447
6449
6449
6450
6450
6451
6453
6454
6454
6455
6455
6455
6456
6458
6458
6460
6462
6462
6464
6467
6468
6469
6471
6472
6474
6475
6476
6478
6480
6484
6485
6485
6489
6489
6489
6493
6498
6498
6499
6501
6502
6503
6504
6505
6505
6505
6505
6506
6507
6507
6511
6513
6514
6515
6516
6521
6522
6523
6523
6523
6525
6526
6526
6526
6527
6527
6529
6530
6530
6530
6531
6532
6532
6532
6534
6534
6536
6539
6539
6540
6540
6540
6541
6541
6541
6542
6542
6544
6545
6546
6546
6546
6547
6547
6548
6548
6550
6550
6551
6555
6556
6557
6557
6558
6559
6559
6559
6563
6564
6566
6567
6567
6568
6568
6570
6571
6571
6571
6571
6574
6574
6575
6576
6578
6578
6578
6581
6584
6584
6585
6586
6587
6587
6589
6589
6590
6591
6592
6594
6594
6595
6595
6595
6595
6596
6597
6597
6597
6598
6600
6600
6601
6601
6602
6603
6604
6604
6605
6607
6607
6608
6608
6610
6610
6610
6611
6611
6611
6612
6612
6612
6613
6613
6613
6615
6617
6617
6618
6618
6618
6619
6619
6620
6620
6620
6621
6622
6624
6625
6626
6626
6627
6628
6629
6629
6632
6636
6636
6637
6637
6638
6639
6639
6640
6641
6641
6647
6648
6650
6650
6651
6652
6652
6653
6653
6653
6653
6654
6654
6656
6658
6659
6661
6662
6662
6663
6663
6664
6665
6666
6668
6671
6671
6671
6672
6672
6673
6673
6674
6675
6676
6677
6679
6680
6681
6682
6683
6683
6683
6686
6692
6693
6694
6695
6696
6696
6697
6698
6698
6699
6701
6702
6704
6704
6705
6706
6707
6709
6710
6710
6711
6715
6716
6717
6718
6718
6721
6722
6723
6726
6728
6728
6730
6731
6731
6732
6732
6733
6735
6737
6737
6737
6737
6740
6740
6742
6742
6742
6743
6744
6745
6749
6750
6752
6754
6755
6756
6757
6757
6757
6758
6758
6759
6761
6762
6762
6763
6763
6764
6767
6769
6769
6771
6772
6773
6774
6777
6778
6778
6779
6779
6779
6780
6782
6782
6784
6786
6787
6787
6787
6788
6790
6790
6792
6792
6794
6797
6798
6798
6798
6799
6801
6801
6803
6804
6804
6805
6806
6806
6807
6808
6808
6810
6812
6812
6812
6815
6816
6817
6819
6819
6820
6820
6821
6821
6822
6823
6823
6824
6824
6826
6829
6830
6831
6832
6832
6832
6833
6833
6833
6836
6838
6839
6840
6840
6843
6844
6845
6845
6845
6846
6846
6847
6848
6848
6850
6851
6852
6852
6853
6854
6855
6855
6857
6859
6860
6860
6861
6861
6864
6864
6866
6866
6867
6869
6870
6870
6871
6874
6877
6877
6879
6880
6880
6881
6881
6882
6883
6885
6886
6886
6888
6889
6890
6891
6892
6893
6893
6894
6895
6895
6895
6895
6896
6898
6899
6899
6900
6901
6901
6903
6904
6904
6905
6905
6907
6907
6910
6911
6912
6912
6914
6915
6916
6916
6917
6920
6920
6921
6922
6923
6925
6925
6926
6926
6927
6927
6927
6929
6930
6930
6930
6931
6932
6932
6936
6936
6937
6937
6938
6938
6939
6940
6941
6943
6943
6944
6944
6945
6946
6947
6948
6948
6949
6949
6950
6953
6957
6958
6959
6960
6961
6961
6961
6961
6963
6963
6964
6968
6968
6968
6969
6971
6972
6972
6973
6976
6976
6976
6977
6977
6978
6979
6981
6981
6984
6985
6985
6986
6987
6987
6988
6988
6988
6990
6990
6992
6993
6993
6994
6995
6996
6996
7000
7001
7002
7005
7006
7007
7009
7009
7012
7014
7015
7016
7016
7017
7018
7018
7019
7025
7025
7026
7027
7028
7029
7030
7031
7031
7032
7033
7034
7034
7035
7038
7039
7039
7040
7040
7041
7045
7045
7046
7048
7049
7049
7049
7050
7053
7055
7057
7058
7058
7059
7059
7060
7060
7061
7062
7064
7066
7066
7067
7068
7070
7070
7070
7073
7073
7073
7075
7075
7078
7082
7082
7082
7083
7083
7084
7085
7085
7085
7087
7088
7089
7089
7090
7090
7090
7091
7092
7093
7093
7093
7096
7097
7098
7099
7100
7101
7102
7105
7106
7107
7107
7107
7109
7110
7111
7112
7113
7116
7116
7117
7117
7118
7120
7122
7122
7122
7122
7127
7127
7127
7129
7130
7131
7132
7132
7132
7133
7136
7137
7139
7140
7142
7143
7143
7144
7144
7145
7146
7146
7148
7148
7151
7152
7152
7153
7155
7159
7159
7161
7162
7167
7167
7169
7170
7173
7175
7176
7177
7178
7178
7179
7180
7183
7185
7185
7185
7186
7187
7188
7188
7191
7192
7193
7194
7194
7194
7195
7196
7198
7198
7199
7200
7200
7200
7200
7201
7202
7203
7204
7208
7208
7209
7209
7210
7210
7214
7214
7215
7215
7215
7216
7217
7217
7218
7219
7219
7220
7220
7221
7223
7223
7223
7225
7226
7226
7227
7227
7228
7228
7231
7232
7234
7235
7235
7239
7240
7241
7245
7246
7248
7248
7248
7248
7249
7250
7252
7252
7253
7253
7253
7255
7257
7258
7261
7262
7264
7264
7266
7267
7267
7268
7268
7269
7269
7270
7271
7275
7275
7276
7277
7278
7278
7281
7284
7284
7286
7287
7288
7288
7288
7288
7289
7289
7290
7292
7292
7293
7294
7299
7301
7301
7302
7303
7303
7305
7306
7308
7310
7310
7312
7312
7313
7317
7319
7320
7321
7322
7323
7323
7323
7324
7325
7325
7327
7328
7328
7330
7330
7332
7332
7332
7332
7334
7334
7336
7337
7337
7339
7340
7342
7343
7343
7343
7343
7344
7344
7346
7346
7349
7350
7351
7352
7354
7355
7355
7356
7356
7356
7356
7357
7357
7357
7358
7362
7363
7364
7365
7366
7366
7366
7368
7368
7369
7369
7370
7371
7373
7374
7375
7377
7378
7379
7379
7382
7382
7382
7383
7386
7387
7388
7389
7391
7391
7392
7393
7394
7395
7395
7397
7398
7399
7400
7400
7400
7401
7402
7404
7404
7404
7406
7407
7407
7408
7408
7409
7411
7411
7411
7413
7413
7413
7414
7416
7418
7419
7420
7421
7421
7422
7426
7428
7429
7431
7432
7433
7434
7435
7435
7435
7437
7437
7438
7438
7438
7441
7441
7442
7446
7446
7451
7453
7454
7456
7456
7458
7459
7459
7460
7460
7461
7462
7463
7463
7464
7467
7469
7471
7476
7477
7477
7477
7477
7479
7479
7480
7481
7482
7482
7482
7483
7484
7486
7489
7490
7490
7491
7492
7494
7495
7497
7498
7499
7499
7501
7501
7502
7503
7503
7503
7504
7504
7506
7507
7508
7508
7510
7511
7513
7514
7515
7515
7517
7517
7519
7519
7520
7520
7521
7522
7522
7523
7526
7530
7530
7531
7536
7536
7538
7538
7545
7546
7548
7548
7548
7550
7552
7553
7554
7554
7555
7556
7557
7558
7559
7560
7560
7560
7563
7563
7565
7567
7567
7569
7570
7571
7572
7573
7575
7577
7578
7581
7584
7585
7585
7586
7586
7586
7586
7587
7588
7588
7589
7589
7589
7590
7592
7593
7593
7594
7594
7595
7595
7596
7596
7599
7599
7600
7600
7601
7601
7601
7602
7602
7603
7603
7604
7604
7605
7606
7606
7609
7610
7611
7613
7613
7614
7614
7614
7614
7615
7618
7620
7621
7622
7623
7623
7623
7624
7625
7626
7626
7629
7629
7630
7632
7634
7634
7635
7638
7638
7638
7638
7638
7641
7642
7642
7643
7644
7644
7645
7648
7649
7649
7649
7650
7650
7651
7652
7654
7655
7656
7656
7656
7657
7658
7659
7661
7662
7663
7663
7666
7666
7667
7668
7668
7669
7671
7671
7672
7675
7675
7676
7677
7678
7679
7679
7679
7680
7680
7681
7683
7684
7684
7685
7685
7685
7688
7689
7690
7691
7691
7693
7693
7696
7696
7697
7698
7698
7698
7699
7700
7700
7700
7701
7701
7701
7705
7705
7708
7709
7710
7710
7710
7711
7711
7712
7714
7714
7716
7716
7718
7719
7721
7722
7723
7723
7725
7725
7726
7726
7727
7727
7729
7729
7729
7733
7735
7735
7737
7737
7739
7739
7740
7742
7742
7746
7746
7748
7748
7751
7751
7752
7754
7756
7756
7757
7758
7758
7759
7759
7759
7761
7764
7768
7770
7770
7771
7772
7772
7773
7774
7775
7776
7776
7777
7780
7782
7783
7784
7786
7787
7788
7788
7789
7789
7791
7792
7793
7793
7793
7794
7794
7795
7795
7796
7796
7796
7796
7799
7799
7800
7800
7803
7803
7804
7807
7808
7809
7809
7810
7811
7814
7815
7817
7817
7818
7819
7819
7819
7822
7823
7823
7825
7825
7826
7828
7829
7830
7830
7830
7830
7831
7833
7833
7834
7837
7837
7838
7838
7840
7844
7846
7848
7850
7850
7851
7851
7853
7853
7854
7855
7855
7855
7856
7856
7857
7859
7859
7860
7861
7865
7865
7865
7871
7872
7873
7874
7874
7875
7875
7876
7876
7881
7882
7882
7883
7883
7884
7885
7886
7886
7888
7889
7889
7890
7891
7892
7892
7893
7893
7895
7896
7897
7900
7900
7902
7904
7904
7905
7906
7908
7909
7909
7910
7910
7910
7910
7911
7916
7916
7916
7917
7918
7920
7920
7921
7921
7922
7923
7924
7924
7925
7926
7926
7927
7930
7932
7932
7933
7934
7937
7937
7937
7938
7938
7938
7938
7938
7939
7939
7940
7940
7940
7940
7941
7941
7942
7943
7944
7947
7947
7948
7949
7950
7951
7952
7952
7952
7953
7953
7956
7957
7957
7957
7960
7961
7962
7966
7967
7968
7969
7969
7970
7971
7971
7972
7973
7974
7974
7975
7975
7976
7977
7978
7978
7978
7979
7979
7980
7980
7983
7983
7983
7985
7985
7986
7986
7987
7988
7989
7990
7990
7991
7991
7992
7992
7993
7993
7995
7996
7997
7997
7998
7998
7999
8000
8001
8002
8003
8004
8004
8005
8005
8010
8010
8012
8014
8015
8016
8016
8020
8020
8021
8021
8021
8022
8023
8023
8023
8024
8025
8025
8027
8028
8029
8029
8029
8029
8030
8030
8031
8031
8032
8033
8038
8039
8040
8040
8041
8043
8044
8045
8048
8049
8049
8051
8051
8052
8052
8055
8058
8058
8058
8058
8059
8060
8061
8062
8062
8063
8064
8065
8066
8066
8066
8066
8068
8069
8069
8071
8071
8071
8073
8073
8074
8075
8077
8079
8079
8080
8080
8082
8083
8083
8084
8084
8085
8086
8086
8087
8087
8088
8090
8090
8091
8092
8092
8092
8094
8094
8095
8097
8099
8101
8102
8103
8105
8107
8109
8110
8110
8110
8111
8113
8114
8114
8115
8117
8118
8119
8119
8119
8120
8120
8120
8121
8121
8122
8123
8124
8126
8128
8128
8129
8129
8130
8130
8130
8131
8132
8133
8133
8134
8135
8136
8136
8137
8137
8139
8139
8139
8139
8140
8140
8141
8141
8142
8142
8143
8145
8149
8149
8149
8149
8150
8151
8151
8152
8154
8155
8156
8157
8157
8158
8160
8160
8161
8163
8167
8169
8169
8170
8171
8174
8178
8179
8180
8180
8181
8182
8182
8183
8185
8186
8186
8186
8187
8187
8187
8188
8189
8189
8191
8192
8193
8194
8197
8197
8198
8198
8199
8199
8204
8205
8205
8206
8208
8208
8208
8209
8212
8212
8212
8214
8215
8216
8217
8221
8221
8224
8230
8230
8231
8231
8231
8232
8233
8233
8233
8234
8237
8238
8238
8238
8239
8239
8240
8242
8243
8244
8246
8249
8250
8250
8251
8252
8253
8254
8254
8254
8254
8256
8256
8257
8258
8258
8258
8259
8261
8261
8261
8261
8263
8265
8265
8265
8265
8267
8267
8268
8269
8275
8277
8280
8280
8280
8281
8284
8285
8287
8288
8297
8298
8298
8299
8299
8301
8301
8302
8304
8305
8306
8307
8307
8315
8315
8317
8318
8319
8322
8322
8324
8324
8325
8326
8327
8329
8332
8332
8333
8334
8334
8335
8336
8336
8337
8337
8338
8339
8339
8340
8341
8341
8343
8344
8344
8345
8345
8347
8349
8350
8350
8350
8352
8354
8357
8357
8358
8359
8359
8362
8363
8365
8365
8367
8370
8370
8372
8372
8372
8374
8374
8375
8376
8379
8380
8380
8381
8381
8381
8382
8383
8384
8385
8386
8386
8387
8391
8392
8393
8394
8396
8397
8398
8400
8401
8402
8403
8405
8407
8407
8407
8408
8408
8408
8409
8411
8412
8412
8413
8416
8416
8416
8418
8419
8421
8422
8423
8424
8424
8429
8430
8430
8430
8431
8431
8432
8433
8434
8436
8436
8436
8437
8437
8437
8439
8439
8440
8442
8443
8446
8449
8449
8450
8450
8451
8453
8455
8455
8457
8458
8460
8463
8463
8469
8470
8472
8472
8473
8473
8475
8476
8477
8478
8478
8479
8480
8481
8484
8486
8488
8488
8491
8491
8491
8492
8492
8492
8492
8493
8494
8495
8496
8496
8496
8498
8502
8503
8505
8507
8507
8508
8508
8511
8512
8512
8513
8513
8516
8516
8516
8517
8517
8517
8517
8522
8522
8522
8523
8527
8528
8529
8530
8532
8532
8532
8532
8534
8534
8534
8535
8535
8536
8537
8537
8538
8539
8542
8542
8543
8544
8545
8545
8547
8548
8548
8550
8550
8554
8554
8554
8556
8557
8558
8560
8560
8560
8562
8564
8565
8566
8566
8567
8567
8567
8567
8567
8569
8572
8572
8572
8574
8574
8577
8578
8578
8579
8580
8582
8583
8583
8584
8585
8585
8585
8586
8586
8586
8586
8587
8588
8588
8588
8588
8589
8589
8589
8591
8594
8594
8599
8599
8600
8600
8602
8602
8602
8605
8606
8606
8607
8609
8609
8610
8612
8613
8614
8615
8615
8616
8616
8617
8618
8618
8619
8620
8620
8621
8625
8626
8627
8627
8628
8630
8633
8634
8635
8636
8637
8637
8638
8641
8642
8643
8644
8645
8645
8646
8646
8648
8648
8648
8649
8650
8652
8652
8652
8653
8653
8655
8656
8656
8656
8656
8657
8658
8659
8659
8660
8660
8662
8663
8665
8667
8668
8668
8670
8671
8674
8674
8675
8675
8676
8676
8677
8677
8679
8679
8679
8681
8681
8682
8683
8684
8684
8685
8685
8687
8690
8690
8694
8695
8695
8696
8696
8698
8700
8700
8701
8701
8702
8702
8702
8703
8703
8704
8706
8708
8708
8708
8708
8710
8711
8712
8712
8712
8713
8714
8715
8715
8716
8716
8716
8718
8718
8718
8720
8721
8722
8722
8723
8723
8727
8731
8732
8732
8732
8734
8737
8738
8738
8738
8739
8739
8740
8741
8741
8741
8745
8746
8748
8748
8749
8750
8753
8753
8754
8755
8755
8755
8757
8757
8759
8760
8760
8761
8763
8763
8765
8766
8766
8767
8768
8770
8771
8772
8772
8773
8774
8774
8774
8775
8776
8777
8777
8780
8780
8780
8781
8783
8783
8783
8784
8789
8789
8791
8791
8792
8794
8794
8794
8795
8795
8795
8796
8797
8798
8798
8798
8799
8801
8801
8801
8802
8802
8803
8804
8809
8809
8810
8811
8811
8813
8814
8814
8814
8815
8816
8817
8817
8819
8822
8824
8824
8828
8829
8830
8831
8831
8831
8833
8833
8835
8835
8835
8835
8835
8836
8836
8836
8837
8838
8838
8839
8839
8839
8841
8841
8844
8844
8845
8845
8846
8846
8847
8847
8851
8851
8852
8852
8853
8854
8854
8855
8855
8856
8858
8859
8860
8860
8861
8862
8863
8866
8866
8866
8867
8867
8867
8868
8868
8869
8869
8870
8870
8871
8874
8874
8876
8877
8879
8880
8881
8886
8886
8887
8888
8889
8889
8890
8891
8892
8893
8894
8896
8896
8897
8901
8901
8901
8903
8908
8909
8909
8910
8911
8913
8913
8913
8914
8917
8918
8919
8919
8920
8924
8924
8925
8925
8925
8926
8927
8927
8927
8928
8930
8930
8930
8930
8931
8932
8932
8932
8936
8936
8937
8939
8939
8940
8940
8942
8942
8943
8943
8944
8947
8947
8948
8948
8949
8952
8953
8955
8955
8956
8957
8957
8958
8962
8962
8964
8964
8964
8966
8967
8967
8968
8968
8968
8970
8970
8973
8973
8974
8974
8979
8980
8981
8981
8982
8983
8985
8986
8987
8988
8989
8989
8992
8992
8993
8994
8994
8995
8997
8997
9000
9000
9001
9005
9006
9008
9010
9010
9011
9012
9012
9013
9014
9014
9016
9018
9020
9021
9021
9021
9021
9023
9025
9028
9028
9028
9029
9029
9030
9033
9036
9037
9038
9039
9040
9041
9041
9042
9043
9043
9045
9046
9046
9046
9046
9046
9047
9048
9049
9049
9049
9050
9050
9051
9054
9054
9055
9055
9055
9056
9056
9058
9060
9062
9062
9066
9067
9067
9068
9068
9069
9070
9071
9071
9071
9072
9072
9073
9073
9073
9074
9074
9077
9078
9079
9080
9080
9080
9083
9083
9083
9084
9084
9084
9086
9087
9088
9089
9089
9090
9091
9092
9095
9095
9097
9097
9098
9098
9099
9099
9099
9101
9101
9102
9102
9106
9108
9108
9108
9108
9109
9109
9109
9110
9110
9111
9112
9117
9117
9117
9117
9118
9118
9118
9118
9119
9119
9120
9120
9120
9123
9124
9126
9126
9126
9128
9129
9130
9134
9135
9135
9136
9137
9139
9139
9142
9145
9145
9147
9149
9149
9150
9151
9152
9152
9155
9156
9157
9157
9157
9159
9161
9161
9162
9163
9163
9165
9166
9168
9168
9168
9168
9169
9170
9172
9173
9173
9174
9174
9175
9175
9176
9176
9177
9178
9178
9180
9181
9182
9183
9183
9183
9185
9186
9186
9189
9189
9189
9193
9193
9193
9193
9194
9195
9195
9195
9197
9197
9201
9201
9206
9206
9209
9209
9210
9211
9211
9214
9214
9214
9215
9215
9216
9216
9220
9221
9222
9223
9224
9226
9228
9228
9229
9231
9234
9234
9234
9234
9235
9236
9237
9237
9237
9237
9240
9242
9244
9244
9247
9249
9249
9249
9250
9250
9251
9252
9252
9253
9254
9256
9257
9258
9258
9258
9259
9260
9263
9265
9267
9267
9268
9268
9270
9270
9271
9272
9273
9276
9277
9277
9278
9278
9279
9280
9280
9281
9282
9282
9284
9286
9288
9289
9289
9289
9289
9291
9292
9292
9294
9296
9296
9297
9298
9298
9299
9300
9301
9301
9302
9305
9306
9307
9308
9308
9310
9311
9311
9312
9314
9315
9315
9315
9319
9320
9321
9321
9321
9325
9325
9326
9326
9326
9327
9330
9331
9336
9338
9338
9339
9339
9340
9341
9343
9344
9344
9345
9347
9347
9348
9348
9350
9351
9352
9353
9356
9356
9357
9358
9358
9358
9359
9359
9360
9361
9362
9362
9362
9363
9363
9366
9366
9367
9369
9369
9372
9374
9376
9376
9379
9379
9380
9380
9381
9381
9383
9383
9385
9386
9387
9387
9387
9388
9391
9392
9394
9394
9395
9395
9397
9397
9399
9399
9401
9401
9404
9407
9408
9411
9412
9416
9417
9418
9418
9419
9420
9421
9422
9422
9422
9424
9424
9424
9425
9427
9428
9429
9430
9430
9430
9431
9435
9437
9438
9438
9441
9441
9442
9443
9446
9446
9447
9448
9448
9449
9449
9450
9450
9450
9452
9453
9453
9456
9457
9459
9459
9460
9460
9461
9461
9462
9462
9462
9462
9463
9466
9467
9469
9469
9470
9471
9471
9472
9472
9473
9475
9475
9475
9476
9477
9477
9477
9477
9479
9479
9479
9480
9481
9485
9486
9488
9488
9488
9488
9489
9489
9490
9490
9491
9491
9491
9492
9494
9494
9496
9497
9501
9501
9503
9504
9504
9504
9505
9505
9506
9506
9506
9507
9509
9510
9510
9513
9515
9515
9520
9521
9521
9522
9523
9524
9526
9527
9528
9529
9530
9531
9533
9535
9535
9535
9535
9536
9537
9539
9540
9541
9541
9542
9542
9542
9545
9545
9545
9546
9548
9548
9549
9549
9550
9552
9554
9556
9556
9556
9557
9561
9563
9564
9568
9569
9573
9573
9574
9576
9580
9581
9582
9582
9583
9583
9587
9587
9594
9594
9594
9595
9596
9596
9596
9596
9598
9599
9601
9601
9601
9606
9608
9609
9614
9614
9615
9615
9615
9616
9616
9616
9616
9616
9620
9621
9623
9623
9624
9627
9628
9629
9632
9632
9632
9634
9634
9636
9638
9640
9641
9641
9641
9645
9645
9647
9648
9648
9648
9648
9649
9650
9650
9651
9651
9651
9652
9653
9654
9654
9655
9656
9657
9658
9659
9659
9661
9662
9663
9663
9663
9663
9664
9664
9664
9664
9665
9670
9670
9671
9672
9672
9673
9673
9674
9674
9676
9676
9677
9677
9678
9682
9685
9686
9686
9688
9688
9689
9696
9697
9697
9697
9698
9699
9699
9700
9700
9700
9700
9702
9704
9706
9708
9709
9709
9710
9711
9712
9712
9714
9714
9714
9714
9716
9717
9717
9718
9718
9718
9718
9722
9723
9725
9726
9726
9730
9730
9731
9732
9733
9735
9736
9736
9738
9738
9739
9741
9741
9741
9743
9745
9745
9746
9747
9747
9748
9748
9749
9752
9753
9756
9757
9758
9759
9759
9759
9767
9768
9769
9769
9771
9771
9771
9772
9773
9773
9774
9776
9778
9778
9779
9781
9784
9786
9786
9788
9790
9792
9792
9792
9793
9794
9795
9796
9798
9799
9801
9802
9803
9803
9803
9806
9806
9806
9807
9809
9809
9810
9810
9814
9815
9815
9815
9815
9816
9816
9817
9817
9818
9818
9819
9820
9821
9821
9823
9823
9823
9825
9826
9826
9827
9830
9830
9830
9831
9831
9831
9834
9835
9835
9835
9836
9838
9840
9841
9841
9841
9842
9842
9843
9843
9843
9845
9846
9847
9847
9848
9849
9849
9849
9851
9852
9852
9854
9857
9863
9863
9865
9865
9866
9866
9867
9867
9869
9871
9871
9872
9872
9873
9875
9878
9878
9879
9880
9880
9881
9882
9885
9886
9886
9887
9887
9887
9888
9891
9893
9894
9895
9895
9896
9897
9898
9899
9900
9900
9900
9900
9901
9901
9903
9905
9905
9906
9907
9908
9908
9908
9910
9913
9913
9915
9915
9915
9916
9916
9917
9917
9917
9918
9919
9920
9921
9922
9924
9925
9925
9927
9929
9929
9930
9930
9931
9932
9939
9940
9941
9943
9944
9945
9946
9947
9949
9951
9951
9951
9953
9953
9955
9956
9956
9958
9958
9960
9961
9963
9964
9964
9967
9967
9968
9969
9969
9969
9972
9972
9972
9976
9978
9978
9979
9980
9980
9982
9984
9985
9985
9986
9988
9988
9989
9989
9989
9991
9992
9992
9992
9993
9994
9994
9995
9995
9995
9995
9996
9996
9996
9997
