1
2
5
5
6
6
7
9
11
11
13
14
20
25
25
26
28
28
29
29
30
31
32
33
36
37
37
38
39
39
40
41
42
45
45
46
47
47
48
48
48
49
50
51
51
51
51
53
53
53
54
55
56
60
60
61
61
61
62
66
67
68
68
69
70
71
72
75
76
76
77
80
80
82
83
83
84
84
85
87
94
95
95
97
98
98
99
100
103
103
106
107
107
107
107
107
109
109
110
110
111
112
112
113
113
113
114
115
115
116
118
118
118
118
119
119
120
122
122
124
124
125
127
128
129
132
132
133
134
135
135
137
141
141
141
142
142
143
143
143
143
145
145
146
148
150
151
151
152
153
156
157
158
158
158
159
161
163
163
164
164
164
167
167
170
171
171
173
174
174
174
176
176
179
181
181
182
184
186
187
187
188
188
188
191
192
193
195
197
198
200
202
204
207
208
208
208
210
210
211
211
211
212
213
213
215
218
220
221
222
222
224
225
226
226
228
229
230
230
232
234
235
235
235
236
236
240
242
242
243
245
246
247
249
249
249
249
249
249
251
251
251
252
253
253
254
254
258
258
260
260
262
262
263
264
264
265
266
267
273
275
276
277
281
282
284
284
284
285
286
286
286
288
289
289
291
295
295
296
296
298
299
299
300
302
302
302
302
305
306
306
308
308
309
309
310
310
314
314
314
317
317
318
319
320
322
325
326
326
326
326
327
327
328
328
328
328
328
328
329
330
333
337
337
337
338
340
340
341
341
342
344
346
347
348
349
349
351
352
352
353
353
353
355
355
355
356
360
360
362
363
363
364
364
366
367
368
368
368
369
371
371
375
376
376
377
377
378
378
379
379
380
382
382
384
385
387
388
388
390
393
400
401
401
402
403
403
408
408
410
410
411
412
413
413
415
420
422
422
422
423
425
426
426
426
426
428
429
435
436
437
438
440
440
442
442
445
447
447
449
449
450
450
452
452
453
455
455
456
456
457
457
461
462
463
465
465
465
467
467
469
469
469
470
470
471
472
473
477
481
484
485
488
489
490
491
491
493
493
494
494
494
496
497
499
499
500
500
501
502
505
505
505
506
507
507
507
508
508
508
509
510
511
512
513
513
514
514
515
515
516
517
517
518
521
522
522
523
524
524
524
525
526
526
527
528
528
529
530
530
531
531
531
534
534
534
535
535
535
535
535
538
540
541
542
542
543
544
545
546
546
547
548
548
550
550
550
554
554
558
558
558
559
560
560
561
562
564
566
568
568
569
569
573
574
574
575
575
576
576
577
578
578
579
582
583
583
583
584
585
586
587
587
587
589
590
590
592
593
593
594
594
595
597
597
599
599
600
600
601
601
602
604
604
607
609
610
612
616
617
620
620
621
621
622
622
622
622
625
626
626
626
629
629
631
632
633
634
635
636
636
638
639
641
642
644
644
644
645
646
646
646
646
649
651
651
652
653
655
655
656
656
656
657
657
657
658
658
658
659
660
662
665
666
667
667
668
670
671
673
673
674
674
675
675
678
679
679
679
679
680
680
681
681
684
684
685
686
688
689
693
693
694
694
694
695
697
698
699
701
703
704
705
705
706
706
707
708
708
709
711
711
711
713
714
715
716
717
718
719
720
720
721
721
722
722
722
722
730
731
732
732
733
734
735
735
737
737
738
739
740
742
743
744
745
746
746
748
751
751
753
755
756
758
759
763
766
767
767
767
769
769
769
770
771
771
771
772
773
774
776
777
777
778
779
780
781
781
781
782
782
782
782
783
784
785
786
788
789
791
791
794
799
801
801
801
801
802
803
807
808
811
811
814
815
815
815
815
817
821
822
827
827
827
827
828
828
829
830
832
832
832
834
834
834
835
836
836
840
840
841
841
842
843
843
846
846
846
850
851
852
852
852
853
853
854
855
856
857
857
862
862
863
863
863
864
865
865
866
866
867
868
868
869
869
869
869
870
870
871
871
872
872
873
873
874
874
874
875
875
876
879
880
881
883
885
886
888
888
889
893
893
895
895
897
898
901
902
902
902
902
904
904
906
909
911
914
915
915
915
915
915
918
919
919
919
922
922
922
923
923
926
927
927
928
929
930
931
933
934
934
934
935
935
937
938
938
939
940
942
942
942
943
945
945
946
948
948
948
948
949
950
951
953
955
956
957
958
958
959
961
962
962
962
964
965
965
965
967
967
967
968
968
968
968
968
969
971
971
972
973
975
975
977
977
978
980
981
985
985
986
987
987
988
988
989
989
989
991
991
992
995
995
998
999
999
999
1001
1003
1003
1004
1005
1006
1007
1007
1008
1009
1010
1012
1013
1014
1015
1015
1017
1018
1019
1020
1021
1023
1026
1027
1028
1028
1030
1030
1030
1030
1033
1033
1034
1036
1036
1038
1038
1039
1040
1040
1040
1041
1042
1042
1042
1043
1043
1043
1044
1044
1044
1045
1047
1047
1049
1052
1053
1054
1056
1056
1056
1058
1059
1062
1062
1062
1064
1064
1064
1064
1064
1066
1067
1068
1068
1069
1073
1076
1076
1077
1078
1080
1081
1081
1084
1085
1087
1087
1087
1087
1087
1088
1088
1089
1091
1091
1091
1092
1093
1094
1094
1095
1095
1096
1098
1098
1098
1098
1099
1100
1102
1103
1104
1104
1104
1107
1109
1111
1111
1111
1112
1113
1116
1117
1119
1120
1121
1121
1124
1126
1126
1127
1129
1131
1131
1133
1133
1133
1133
1134
1136
1136
1137
1139
1139
1140
1140
1140
1141
1142
1142
1145
1145
1147
1148
1149
1149
1149
1151
1153
1154
1155
1155
1156
1157
1157
1157
1158
1161
1161
1162
1162
1163
1164
1165
1167
1167
1167
1168
1168
1170
1172
1172
1173
1173
1175
1177
1177
1177
1178
1180
1180
1180
1180
1181
1183
1185
1188
1192
1193
1194
1195
1195
1196
1198
1201
1202
1204
1206
1207
1207
1208
1210
1212
1212
1214
1215
1220
1225
1225
1225
1226
1228
1230
1232
1234
1236
1237
1237
1238
1241
1242
1243
1244
1244
1245
1246
1247
1250
1250
1250
1252
1254
1254
1254
1256
1256
1258
1258
1260
1262
1262
1263
1263
1265
1265
1266
1267
1268
1268
1268
1268
1269
1270
1270
1271
1271
1271
1272
1272
1273
1278
1278
1286
1286
1286
1287
1288
1290
1290
1291
1293
1293
1295
1296
1297
1298
1298
1298
1300
1303
1304
1305
1305
1306
1306
1306
1307
1307
1307
1307
1308
1310
1310
1312
1313
1313
1314
1314
1315
1315
1315
1315
1316
1316
1316
1318
1319
1320
1320
1320
1325
1325
1326
1326
1329
1330
1330
1331
1331
1332
1334
1335
1335
1335
1337
1339
1339
1340
1340
1340
1341
1348
1349
1349
1350
1351
1351
1352
1352
1355
1355
1355
1356
1356
1362
1362
1364
1364
1366
1366
1367
1368
1368
1369
1369
1370
1370
1375
1376
1377
1378
1378
1379
1380
1382
1383
1383
1385
1386
1389
1390
1390
1390
1390
1392
1393
1395
1396
1397
1398
1399
1399
1401
1402
1403
1404
1404
1405
1405
1407
1408
1408
1411
1411
1411
1412
1412
1414
1415
1415
1417
1418
1421
1422
1423
1425
1426
1426
1427
1431
1433
1433
1433
1434
1436
1438
1438
1440
1440
1440
1441
1441
1442
1443
1443
1444
1445
1451
1451
1452
1453
1453
1454
1454
1455
1457
1459
1459
1459
1462
1464
1467
1468
1468
1469
1469
1471
1472
1473
1475
1475
1476
1477
1477
1479
1479
1479
1482
1482
1484
1485
1486
1486
1486
1489
1490
1491
1491
1493
1495
1496
1497
1497
1500
1502
1503
1505
1511
1512
1512
1512
1514
1516
1516
1517
1517
1518
1519
1520
1520
1520
1522
1524
1525
1526
1527
1528
1529
1531
1533
1534
1535
1535
1535
1535
1536
1537
1537
1537
1537
1539
1540
1542
1546
1547
1549
1550
1550
1550
1550
1551
1551
1551
1553
1554
1557
1557
1558
1559
1559
1560
1561
1561
1561
1565
1566
1568
1569
1569
1570
1570
1571
1572
1572
1572
1575
1577
1579
1579
1580
1581
1581
1584
1585
1586
1586
1586
1587
1588
1590
1590
1590
1593
1593
1593
1595
1596
1596
1596
1597
1597
1597
1598
1598
1600
1600
1601
1602
1602
1603
1603
1603
1604
1604
1605
1606
1608
1610
1612
1613
1614
1615
1615
1616
1616
1616
1617
1617
1618
1618
1619
1620
1622
1622
1622
1623
1623
1624
1624
1625
1627
1627
1628
1629
1632
1633
1633
1635
1635
1637
1638
1641
1641
1641
1643
1644
1647
1647
1649
1650
1651
1653
1653
1653
1654
1654
1655
1656
1659
1660
1660
1661
1661
1663
1664
1666
1667
1669
1669
1670
1670
1671
1672
1672
1673
1675
1675
1675
1678
1678
1681
1683
1685
1685
1686
1687
1687
1689
1689
1689
1690
1691
1692
1693
1693
1693
1694
1694
1694
1695
1697
1697
1698
1700
1700
1702
1705
1708
1708
1708
1708
1709
1709
1711
1712
1712
1712
1713
1714
1714
1714
1715
1716
1716
1716
1716
1718
1719
1720
1720
1720
1721
1721
1723
1724
1725
1726
1727
1730
1732
1732
1733
1733
1734
1737
1738
1739
1739
1740
1742
1743
1745
1746
1746
1747
1747
1748
1748
1749
1749
1750
1750
1750
1750
1750
1750
1751
1752
1753
1754
1755
1755
1756
1756
1758
1758
1759
1759
1760
1762
1763
1763
1764
1765
1766
1766
1767
1767
1768
1768
1768
1770
1770
1772
1772
1773
1774
1775
1776
1776
1777
1778
1778
1779
1780
1781
1781
1783
1784
1786
1787
1787
1788
1789
1790
1792
1794
1794
1794
1795
1796
1796
1797
1798
1799
1799
1802
1803
1806
1807
1808
1808
1809
1810
1812
1813
1814
1814
1814
1815
1816
1817
1817
1818
1819
1820
1821
1821
1821
1822
1822
1823
1824
1825
1825
1825
1826
1826
1827
1827
1828
1829
1831
1831
1832
1834
1836
1838
1838
1839
1840
1840
1840
1841
1841
1844
1844
1845
1845
1846
1848
1849
1852
1853
1853
1854
1855
1855
1855
1856
1856
1858
1860
1863
1864
1867
1870
1871
1872
1872
1873
1875
1876
1877
1878
1880
1881
1881
1882
1883
1885
1886
1886
1887
1887
1890
1891
1891
1892
1892
1893
1894
1894
1894
1894
1895
1900
1902
1903
1903
1908
1908
1910
1910
1913
1914
1914
1914
1915
1915
1915
1916
1916
1918
1919
1919
1920
1921
1922
1926
1927
1930
1930
1934
1935
1935
1938
1938
1938
1938
1939
1939
1939
1941
1941
1942
1943
1943
1945
1945
1947
1947
1949
1950
1951
1951
1954
1957
1957
1958
1960
1963
1963
1963
1964
1965
1966
1968
1968
1968
1969
1973
1973
1974
1975
1975
1978
1978
1980
1982
1982
1982
1984
1984
1984
1985
1987
1987
1988
1988
1990
1990
1991
1991
1992
1993
1994
1995
1997
1997
1998
2003
2004
2006
2008
2008
2010
2010
2011
2014
2015
2016
2016
2019
2019
2020
2021
2021
2021
2022
2024
2024
2024
2025
2026
2027
2027
2027
2027
2027
2028
2028
2030
2030
2031
2033
2034
2035
2036
2037
2038
2041
2041
2041
2042
2042
2043
2044
2044
2044
2044
2044
2045
2046
2046
2046
2046
2047
2048
2048
2049
2049
2050
2051
2053
2053
2054
2057
2058
2059
2061
2061
2063
2064
2065
2066
2068
2068
2070
2070
2070
2071
2071
2072
2072
2073
2074
2076
2076
2078
2079
2079
2080
2083
2086
2086
2087
2087
2090
2090
2091
2092
2093
2094
2094
2095
2096
2098
2099
2103
2104
2105
2105
2106
2106
2107
2109
2109
2110
2111
2111
2111
2112
2113
2114
2117
2117
2117
2118
2118
2119
2119
2120
2120
2120
2121
2121
2122
2122
2123
2123
2123
2125
2126
2127
2128
2128
2129
2130
2132
2133
2133
2134
2134
2134
2134
2134
2135
2136
2138
2139
2140
2140
2140
2141
2143
2145
2145
2146
2146
2149
2155
2156
2157
2158
2158
2158
2159
2160
2160
2164
2164
2164
2165
2166
2167
2168
2168
2169
2169
2170
2170
2171
2172
2174
2174
2174
2175
2176
2177
2178
2179
2181
2181
2182
2182
2182
2182
2184
2184
2185
2187
2187
2188
2190
2190
2191
2192
2197
2197
2198
2202
2202
2202
2203
2203
2203
2204
2208
2208
2209
2210
2210
2213
2213
2214
2214
2216
2216
2218
2218
2221
2221
2222
2223
2223
2224
2226
2227
2227
2227
2228
2229
2230
2230
2231
2232
2233
2233
2233
2234
2235
2236
2236
2237
2238
2238
2239
2240
2241
2242
2242
2245
2246
2247
2247
2247
2249
2249
2249
2251
2253
2257
2257
2259
2260
2261
2263
2263
2263
2265
2265
2268
2268
2269
2271
2273
2273
2274
2275
2276
2277
2277
2279
2281
2281
2284
2285
2286
2287
2287
2288
2288
2289
2291
2293
2294
2296
2298
2298
2298
2299
2299
2299
2300
2303
2304
2304
2305
2305
2306
2306
2307
2308
2308
2308
2309
2309
2311
2311
2313
2315
2319
2320
2323
2323
2324
2325
2325
2326
2326
2326
2327
2327
2331
2331
2332
2333
2333
2333
2333
2334
2336
2337
2338
2339
2341
2341
2342
2343
2345
2346
2347
2347
2348
2349
2349
2350
2350
2355
2355
2356
2356
2358
2360
2361
2361
2362
2362
2363
2365
2366
2366
2367
2367
2370
2370
2371
2371
2371
2372
2373
2374
2376
2376
2376
2376
2378
2379
2381
2382
2382
2382
2384
2389
2389
2390
2392
2393
2393
2393
2394
2394
2395
2395
2396
2396
2397
2401
2402
2404
2404
2407
2408
2408
2408
2409
2410
2411
2412
2412
2413
2413
2414
2417
2418
2418
2419
2420
2421
2421
2423
2424
2424
2425
2425
2425
2426
2427
2428
2428
2428
2434
2434
2436
2436
2436
2437
2438
2438
2439
2441
2443
2443
2444
2444
2445
2446
2447
2449
2451
2454
2454
2456
2458
2459
2460
2462
2462
2463
2466
2470
2470
2470
2471
2471
2471
2473
2474
2474
2476
2476
2477
2477
2479
2480
2480
2481
2484
2485
2486
2487
2488
2491
2493
2493
2495
2495
2496
2496
2498
2498
2498
2498
2499
2499
2500
2500
2501
2501
2503
2506
2506
2507
2508
2508
2509
2509
2509
2509
2511
2512
2514
2514
2514
2516
2517
2517
2518
2520
2521
2523
2526
2527
2527
2528
2529
2529
2529
2530
2531
2531
2531
2532
2532
2534
2536
2536
2536
2537
2538
2538
2538
2539
2539
2539
2540
2540
2540
2544
2544
2544
2545
2545
2548
2549
2549
2551
2553
2553
2554
2554
2555
2556
2557
2558
2558
2559
2559
2560
2560
2562
2562
2562
2563
2565
2565
2566
2568
2569
2569
2569
2570
2575
2575
2576
2577
2578
2580
2580
2580
2581
2581
2582
2584
2586
2587
2587
2587
2589
2592
2595
2596
2597
2599
2601
2603
2604
2605
2605
2605
2605
2605
2606
2606
2609
2610
2611
2613
2616
2617
2617
2618
2620
2621
2622
2623
2624
2626
2626
2629
2629
2633
2633
2634
2634
2636
2637
2637
2637
2639
2641
2644
2646
2647
2649
2650
2651
2652
2654
2655
2655
2655
2657
2657
2659
2661
2662
2662
2663
2665
2667
2670
2671
2672
2676
2677
2681
2682
2682
2684
2687
2687
2688
2689
2692
2693
2695
2695
2696
2696
2696
2696
2696
2696
2696
2697
2697
2699
2701
2702
2705
2707
2708
2708
2709
2710
2711
2713
2714
2715
2719
2721
2722
2723
2723
2723
2724
2726
2727
2727
2727
2728
2730
2730
2730
2731
2732
2733
2733
2735
2738
2739
2739
2739
2742
2742
2743
2744
2745
2747
2748
2749
2749
2750
2750
2751
2753
2754
2756
2757
2757
2758
2759
2759
2760
2762
2763
2763
2765
2766
2767
2768
2770
2771
2772
2774
2774
2776
2776
2779
2784
2784
2784
2785
2786
2788
2788
2788
2789
2792
2793
2796
2796
2797
2797
2797
2797
2798
2799
2799
2801
2802
2803
2803
2806
2806
2807
2807
2807
2807
2808
2809
2810
2810
2811
2812
2812
2812
2813
2813
2813
2814
2815
2816
2817
2819
2820
2820
2820
2821
2822
2822
2823
2825
2826
2830
2830
2832
2832
2833
2834
2836
2838
2839
2842
2843
2843
2844
2845
2845
2847
2847
2847
2850
2853
2855
2857
2857
2858
2859
2859
2861
2864
2864
2865
2865
2865
2866
2866
2868
2868
2870
2870
2870
2873
2875
2876
2876
2878
2878
2878
2880
2880
2880
2885
2886
2886
2887
2889
2889
2889
2889
2891
2891
2892
2893
2894
2894
2894
2895
2896
2896
2896
2901
2903
2904
2905
2907
2907
2907
2909
2909
2910
2911
2913
2914
2915
2916
2916
2917
2920
2922
2923
2923
2924
2924
2924
2925
2925
2929
2929
2930
2930
2931
2931
2932
2934
2935
2937
2937
2939
2939
2940
2942
2943
2945
2946
2947
2948
2948
2950
2951
2952
2953
2953
2954
2956
2958
2958
2959
2960
2965
2967
2970
2970
2971
2972
2973
2973
2974
2974
2977
2978
2979
2979
2980
2981
2982
2982
2983
2984
2990
2990
2990
2993
2995
2995
2996
2996
2999
2999
3000
3000
3002
3002
3003
3003
3003
3003
3004
3005
3005
3007
3007
3008
3009
3010
3012
3012
3012
3012
3013
3014
3015
3017
3018
3020
3021
3021
3022
3023
3024
3025
3025
3026
3026
3028
3034
3035
3037
3039
3039
3040
3040
3041
3042
3042
3043
3045
3048
3049
3049
3049
3052
3053
3053
3056
3058
3059
3061
3061
3063
3063
3064
3065
3066
3066
3067
3071
3071
3071
3072
3073
3075
3075
3076
3077
3078
3079
3080
3083
3083
3090
3090
3091
3091
3092
3092
3093
3094
3094
3096
3096
3097
3098
3099
3099
3099
3102
3103
3104
3105
3106
3106
3107
3110
3110
3111
3112
3112
3114
3116
3116
3117
3118
3120
3120
3122
3122
3123
3124
3125
3125
3126
3126
3129
3131
3131
3132
3133
3136
3138
3139
3139
3139
3140
3140
3140
3141
3142
3142
3143
3143
3144
3144
3144
3147
3152
3153
3154
3155
3155
3157
3158
3159
3159
3160
3161
3161
3162
3162
3163
3164
3166
3168
3168
3171
3175
3178
3178
3182
3182
3183
3184
3184
3184
3185
3185
3186
3187
3188
3192
3192
3193
3194
3194
3194
3195
3196
3197
3197
3200
3200
3201
3202
3202
3202
3202
3203
3203
3203
3203
3203
3204
3204
3207
3207
3207
3208
3209
3210
3210
3211
3216
3217
3217
3218
3218
3218
3221
3221
3222
3223
3224
3224
3226
3227
3227
3227
3227
3229
3231
3233
3233
3234
3235
3235
3237
3238
3239
3239
3240
3240
3241
3241
3241
3242
3242
3243
3243
3243
3244
3245
3246
3247
3247
3247
3247
3249
3250
3250
3251
3252
3254
3254
3255
3255
3256
3256
3256
3258
3258
3258
3259
3260
3260
3260
3262
3262
3262
3263
3264
3267
3268
3272
3273
3273
3274
3275
3278
3278
3280
3281
3282
3284
3285
3290
3293
3296
3297
3298
3298
3298
3299
3300
3301
3301
3302
3303
3303
3304
3306
3307
3308
3308
3309
3311
3313
3315
3315
3315
3317
3317
3319
3320
3322
3322
3322
3323
3324
3324
3325
3325
3325
3326
3328
3329
3329
3330
3330
3332
3332
3334
3334
3335
3336
3337
3339
3339
3339
3339
3339
3339
3340
3342
3342
3344
3344
3345
3345
3346
3346
3346
3346
3347
3347
3348
3350
3351
3351
3352
3352
3352
3353
3355
3355
3357
3359
3359
3360
3361
3361
3364
3365
3366
3366
3367
3367
3368
3368
3369
3370
3370
3373
3374
3377
3377
3379
3379
3381
3382
3382
3384
3384
3386
3388
3389
3389
3393
3395
3396
3397
3397
3397
3399
3399
3400
3400
3400
3401
3402
3405
3405
3407
3407
3408
3408
3409
3410
3411
3412
3412
3413
3415
3415
3415
3415
3416
3416
3418
3419
3420
3421
3421
3422
3423
3423
3423
3424
3427
3428
3429
3429
3433
3435
3437
3439
3440
3440
3441
3442
3442
3443
3444
3444
3445
3449
3449
3450
3451
3451
3452
3455
3458
3459
3459
3459
3459
3462
3463
3466
3467
3468
3468
3468
3469
3469
3470
3470
3471
3472
3474
3474
3475
3475
3475
3476
3476
3477
3478
3481
3481
3483
3485
3486
3490
3491
3492
3493
3494
3494
3495
3497
3497
3497
3498
3500
3500
3501
3501
3502
3503
3504
3505
3505
3506
3507
3507
3509
3510
3511
3511
3515
3515
3517
3518
3519
3519
3521
3522
3525
3525
3526
3527
3529
3529
3530
3533
3539
3539
3540
3541
3542
3542
3543
3544
3544
3545
3545
3546
3546
3547
3547
3548
3549
3550
3551
3552
3552
3553
3554
3555
3555
3556
3557
3557
3558
3558
3560
3561
3562
3562
3563
3564
3565
3567
3567
3567
3567
3568
3570
3570
3572
3577
3577
3578
3578
3578
3579
3579
3583
3586
3587
3587
3588
3588
3592
3593
3595
3596
3598
3600
3600
3601
3602
3602
3603
3603
3604
3605
3606
3606
3607
3608
3608
3612
3613
3613
3614
3618
3619
3623
3623
3624
3626
3626
3627
3627
3628
3629
3629
3629
3633
3633
3633
3633
3635
3636
3636
3637
3637
3638
3638
3639
3640
3643
3643
3643
3644
3645
3645
3646
3647
3647
3648
3649
3649
3650
3650
3651
3652
3652
3657
3658
3659
3660
3660
3660
3661
3662
3663
3663
3664
3664
3666
3667
3667
3667
3668
3669
3669
3671
3671
3672
3672
3673
3676
3676
3677
3677
3679
3680
3681
3685
3686
3686
3687
3688
3689
3690
3691
3691
3691
3691
3692
3692
3692
3692
3695
3696
3697
3700
3700
3701
3701
3702
3703
3703
3707
3708
3709
3709
3710
3712
3715
3716
3717
3717
3718
3720
3720
3721
3722
3723
3724
3725
3726
3727
3728
3729
3730
3730
3731
3733
3734
3734
3735
3735
3736
3736
3737
3737
3738
3738
3739
3742
3743
3745
3745
3746
3747
3747
3749
3751
3752
3752
3756
3756
3757
3758
3761
3762
3763
3763
3763
3765
3765
3767
3767
3769
3769
3770
3770
3771
3773
3774
3775
3775
3775
3777
3779
3781
3783
3784
3785
3786
3786
3789
3789
3791
3792
3793
3794
3795
3795
3799
3799
3799
3800
3800
3800
3800
3801
3801
3802
3802
3802
3804
3804
3807
3807
3808
3808
3808
3808
3809
3810
3810
3810
3811
3811
3811
3812
3816
3816
3817
3817
3817
3821
3821
3823
3824
3825
3825
3828
3830
3830
3831
3833
3834
3836
3837
3837
3838
3840
3842
3847
3849
3850
3850
3851
3851
3853
3855
3855
3857
3857
3858
3858
3858
3858
3860
3861
3862
3865
3865
3866
3868
3869
3870
3870
3870
3871
3872
3872
3872
3873
3875
3875
3876
3881
3882
3882
3883
3883
3884
3885
3885
3885
3885
3887
3887
3887
3888
3890
3893
3894
3895
3896
3897
3897
3897
3899
3899
3900
3900
3900
3902
3902
3903
3903
3903
3904
3904
3904
3905
3907
3908
3908
3909
3909
3910
3911
3912
3913
3915
3916
3916
3916
3917
3919
3920
3921
3922
3922
3922
3923
3923
3924
3926
3926
3930
3931
3932
3935
3938
3939
3940
3940
3941
3943
3943
3944
3944
3945
3946
3947
3947
3947
3948
3950
3951
3954
3957
3958
3959
3960
3960
3961
3961
3962
3962
3963
3964
3964
3964
3965
3967
3967
3967
3967
3968
3969
3969
3971
3971
3972
3972
3972
3973
3973
3974
3974
3975
3975
3975
3975
3976
3978
3978
3980
3981
3981
3984
3985
3986
3988
3988
3989
3989
3990
3990
3992
3994
3995
3997
3997
3997
3999
3999
4000
4000
4000
4004
4006
4006
4006
4007
4009
4010
4013
4015
4015
4015
4015
4016
4016
4019
4019
4020
4023
4023
4029
4029
4030
4031
4032
4034
4035
4036
4039
4040
4041
4042
4043
4043
4044
4045
4046
4046
4046
4048
4048
4054
4054
4054
4054
4055
4056
4056
4057
4057
4058
4058
4060
4061
4062
4063
4063
4065
4065
4066
4070
4071
4072
4073
4073
4074
4076
4076
4077
4078
4078
4079
4080
4080
4080
4081
4081
4082
4083
4084
4085
4086
4088
4088
4090
4090
4091
4091
4092
4093
4093
4093
4094
4094
4096
4097
4098
4100
4101
4101
4101
4102
4102
4103
4103
4104
4105
4105
4105
4106
4111
4112
4112
4113
4113
4114
4117
4118
4118
4119
4119
4120
4120
4121
4123
4125
4126
4126
4128
4128
4128
4128
4130
4131
4131
4133
4139
4139
4139
4140
4141
4142
4143
4143
4143
4144
4146
4150
4151
4151
4152
4154
4155
4156
4160
4164
4166
4166
4167
4168
4168
4168
4170
4170
4170
4172
4174
4175
4177
4178
4178
4180
4180
4181
4181
4183
4184
4186
4188
4190
4190
4194
4194
4196
4197
4197
4198
4199
4199
4199
4199
4200
4200
4202
4202
4203
4204
4204
4207
4208
4209
4210
4212
4213
4216
4216
4217
4219
4220
4222
4222
4224
4225
4225
4225
4227
4228
4228
4229
4229
4230
4235
4236
4236
4237
4238
4240
4240
4243
4245
4246
4248
4248
4249
4249
4250
4251
4251
4252
4253
4253
4254
4256
4256
4257
4258
4258
4260
4260
4261
4262
4263
4263
4267
4267
4268
4270
4270
4272
4273
4275
4276
4277
4277
4279
4279
4281
4281
4282
4282
4282
4282
4283
4283
4283
4283
4284
4285
4285
4286
4287
4292
4299
4299
4299
4299
4301
4301
4301
4303
4304
4304
4306
4306
4307
4307
4307
4308
4314
4315
4315
4316
4320
4322
4322
4325
4328
4329
4330
4331
4332
4332
4332
4333
4334
4334
4336
4336
4337
4338
4338
4339
4340
4341
4345
4346
4347
4349
4349
4351
4352
4352
4353
4354
4360
4360
4361
4361
4363
4363
4364
4364
4364
4365
4365
4366
4366
4367
4368
4371
4371
4372
4372
4372
4372
4373
4373
4374
4375
4375
4376
4377
4377
4378
4378
4378
4378
4379
4379
4379
4381
4381
4383
4384
4386
4388
4389
4393
4394
4396
4399
4401
4402
4403
4403
4403
4405
4406
4406
4406
4406
4407
4408
4409
4410
4411
4412
4413
4413
4413
4413
4415
4415
4416
4420
4420
4421
4422
4422
4424
4424
4425
4425
4426
4432
4432
4433
4433
4433
4436
4437
4439
4439
4439
4442
4442
4442
4442
4443
4443
4444
4445
4447
4448
4450
4450
4451
4452
4455
4455
4456
4456
4458
4458
4460
4460
4460
4461
4461
4462
4462
4463
4463
4464
4466
4468
4468
4471
4472
4472
4473
4474
4474
4474
4474
4475
4475
4476
4476
4477
4477
4479
4479
4480
4480
4481
4481
4481
4483
4484
4488
4488
4489
4491
4491
4492
4492
4493
4493
4493
4493
4493
4495
4495
4496
4497
4497
4497
4498
4498
4504
4505
4505
4506
4507
4509
4511
4512
4513
4516
4516
4518
4520
4521
4522
4522
4522
4522
4522
4526
4526
4526
4527
4527
4528
4529
4529
4529
4530
4530
4531
4531
4537
4538
4539
4539
4542
4543
4543
4544
4544
4545
4547
4547
4547
4548
4548
4548
4548
4548
4549
4549
4551
4551
4552
4552
4553
4554
4555
4557
4558
4559
4561
4562
4562
4564
4565
4568
4569
4570
4571
4571
4571
4573
4573
4573
4573
4573
4575
4576
4577
4578
4579
4580
4581
4581
4581
4581
4582
4582
4583
4586
4586
4586
4586
4586
4587
4587
4588
4589
4592
4592
4592
4595
4596
4599
4603
4607
4608
4608
4610
4613
4613
4613
4613
4621
4622
4623
4623
4624
4624
4624
4624
4625
4625
4628
4629
4631
4632
4635
4635
4636
4636
4637
4638
4638
4638
4640
4640
4641
4642
4642
4642
4643
4644
4647
4647
4648
4648
4649
4650
4653
4654
4655
4659
4660
4662
4664
4665
4665
4668
4670
4672
4673
4674
4674
4676
4676
4676
4677
4680
4681
4682
4684
4685
4686
4687
4689
4689
4691
4692
4692
4692
4693
4694
4695
4696
4697
4699
4700
4700
4701
4701
4704
4707
4709
4710
4711
4712
4712
4712
4714
4715
4715
4716
4716
4716
4718
4718
4720
4721
4726
4726
4727
4728
4729
4730
4731
4732
4732
4733
4734
4734
4735
4736
4736
4737
4737
4740
4741
4741
4743
4743
4743
4743
4744
4744
4746
4746
4748
4749
4750
4750
4756
4757
4757
4758
4758
4758
4759
4759
4760
4760
4762
4763
4764
4766
4767
4769
4770
4771
4771
4771
4772
4773
4774
4774
4774
4777
4779
4779
4780
4781
4782
4782
4783
4784
4785
4789
4790
4792
4795
4795
4795
4796
4796
4796
4797
4798
4798
4798
4799
4802
4803
4806
4808
4810
4811
4812
4813
4813
4813
4816
4817
4818
4818
4819
4819
4819
4821
4822
4822
4823
4823
4825
4827
4827
4827
4828
4828
4828
4829
4829
4830
4831
4831
4831
4832
4832
4833
4835
4837
4837
4838
4839
4839
4839
4840
4840
4844
4848
4848
4849
4851
4851
4851
4852
4852
4853
4853
4854
4855
4855
4856
4856
4856
4857
4857
4857
4861
4863
4863
4865
4867
4868
4868
4868
4871
4871
4874
4875
4875
4876
4877
4881
4882
4882
4882
4883
4884
4884
4884
4885
4887
4887
4887
4889
4889
4889
4890
4890
4890
4891
4891
4893
4894
4895
4896
4896
4899
4900
4900
4900
4902
4902
4902
4903
4906
4908
4908
4908
4911
4915
4916
4916
4916
4916
4917
4918
4919
4919
4920
4921
4921
4921
4924
4924
4924
4925
4926
4927
4928
4929
4929
4930
4931
4931
4932
4933
4933
4936
4936
4936
4937
4937
4939
4940
4940
4941
4942
4945
4946
4947
4947
4947
4949
4949
4949
4950
4950
4956
4956
4957
4957
4958
4958
4958
4958
4959
4959
4960
4963
4966
4966
4967
4968
4970
4970
4970
4971
4972
4975
4975
4975
4977
4978
4978
4978
4979
4980
4981
4981
4981
4981
4981
4984
4986
4988
4990
4991
4992
4996
4997
5000
5000
5006
5006
5007
5007
5011
5015
5015
5016
5018
5018
5020
5021
5022
5025
5028
5028
5029
5030
5033
5033
5033
5034
5034
5035
5035
5036
5036
5037
5038
5038
5039
5040
5041
5041
5042
5042
5043
5044
5045
5046
5047
5049
5049
5049
5049
5049
5050
5053
5053
5054
5055
5055
5056
5056
5056
5057
5059
5059
5059
5061
5062
5063
5065
5065
5068
5069
5069
5070
5071
5071
5073
5073
5074
5074
5076
5078
5078
5079
5080
5082
5082
5083
5084
5086
5086
5087
5088
5090
5090
5091
5091
5091
5092
5092
5093
5093
5094
5095
5095
5096
5097
5100
5100
5101
5102
5104
5104
5105
5105
5105
5105
5105
5106
5109
5110
5110
5112
5112
5113
5114
5115
5115
5115
5116
5117
5118
5118
5119
5120
5121
5123
5123
5124
5125
5125
5125
5125
5127
5128
5128
5129
5129
5131
5132
5134
5134
5136
5136
5138
5139
5142
5146
5146
5146
5148
5148
5151
5155
5156
5157
5158
5158
5159
5160
5160
5162
5163
5165
5166
5166
5167
5169
5169
5171
5172
5173
5177
5179
5179
5180
5183
5184
5185
5186
5186
5186
5186
5187
5188
5189
5190
5190
5192
5192
5196
5197
5199
5201
5201
5201
5201
5202
5203
5203
5204
5204
5205
5206
5209
5209
5210
5212
5215
5215
5221
5224
5224
5225
5226
5226
5227
5232
5233
5234
5234
5237
5238
5241
5242
5245
5246
5247
5248
5249
5249
5250
5250
5251
5254
5257
5257
5259
5259
5260
5260
5263
5263
5264
5264
5267
5268
5268
5269
5274
5275
5276
5276
5278
5278
5279
5279
5279
5280
5284
5289
5290
5290
5290
5291
5293
5295
5297
5297
5299
5300
5300
5304
5305
5305
5306
5307
5307
5307
5307
5308
5308
5311
5311
5311
5312
5312
5314
5315
5321
5323
5323
5323
5325
5325
5328
5328
5328
5332
5333
5334
5335
5336
5338
5340
5341
5341
5341
5342
5347
5350
5351
5351
5353
5353
5354
5354
5355
5356
5356
5357
5357
5361
5361
5362
5363
5364
5365
5365
5369
5370
5370
5371
5371
5371
5372
5373
5373
5373
5373
5375
5376
5376
5377
5377
5378
5379
5379
5380
5380
5381
5382
5384
5388
5388
5389
5389
5390
5390
5390
5391
5392
5393
5393
5396
5397
5397
5398
5398
5399
5399
5399
5400
5403
5405
5406
5407
5412
5413
5416
5418
5420
5421
5422
5424
5424
5425
5426
5428
5429
5429
5429
5432
5436
5437
5438
5438
5439
5441
5444
5444
5444
5445
5447
5448
5448
5448
5449
5449
5450
5454
5454
5454
5454
5455
5455
5457
5458
5458
5458
5460
5461
5462
5465
5468
5469
5470
5471
5471
5472
5473
5474
5474
5476
5480
5481
5481
5482
5482
5482
5488
5488
5489
5489
5490
5491
5491
5491
5493
5495
5495
5495
5495
5496
5497
5498
5499
5501
5502
5506
5510
5510
5512
5513
5514
5515
5516
5517
5521
5521
5524
5524
5525
5527
5529
5529
5530
5532
5534
5535
5536
5538
5538
5539
5541
5542
5543
5545
5546
5547
5548
5549
5549
5550
5551
5553
5555
5555
5555
5556
5556
5557
5557
5558
5562
5562
5565
5566
5568
5568
5570
5572
5574
5575
5576
5576
5576
5577
5578
5578
5580
5581
5581
5581
5583
5584
5586
5586
5586
5588
5589
5590
5592
5593
5593
5594
5594
5595
5596
5597
5600
5600
5602
5602
5605
5606
5606
5607
5608
5608
5609
5610
5611
5611
5611
5611
5612
5612
5613
5613
5614
5614
5615
5615
5616
5617
5617
5618
5618
5620
5622
5622
5623
5625
5626
5628
5629
5629
5629
5629
5632
5632
5633
5634
5636
5636
5639
5639
5640
5641
5642
5642
5643
5644
5644
5645
5647
5647
5648
5649
5650
5650
5651
5651
5651
5652
5653
5653
5654
5655
5657
5659
5660
5660
5662
5663
5666
5668
5670
5671
5673
5675
5676
5677
5678
5679
5683
5684
5684
5685
5685
5686
5687
5688
5688
5688
5689
5690
5691
5691
5695
5695
5695
5697
5698
5698
5698
5699
5700
5706
5707
5708
5709
5710
5710
5710
5710
5711
5712
5713
5718
5719
5720
5720
5720
5720
5720
5721
5723
5724
5725
5726
5726
5726
5728
5730
5730
5731
5731
5731
5732
5733
5734
5735
5735
5736
5737
5738
5740
5741
5741
5742
5743
5744
5745
5746
5749
5749
5749
5750
5751
5752
5752
5754
5757
5758
5762
5763
5763
5764
5764
5766
5767
5771
5771
5771
5772
5774
5775
5776
5776
5777
5777
5777
5778
5779
5779
5780
5781
5783
5783
5784
5784
5784
5786
5787
5788
5789
5789
5790
5791
5792
5793
5793
5794
5794
5794
5795
5795
5796
5797
5797
5799
5799
5800
5800
5800
5801
5801
5806
5807
5808
5810
5811
5812
5813
5814
5816
5817
5818
5818
5821
5821
5824
5824
5826
5827
5830
5831
5834
5835
5835
5835
5836
5837
5838
5838
5839
5839
5841
5842
5843
5844
5846
5846
5849
5850
5851
5852
5853
5853
5853
5855
5856
5856
5856
5857
5857
5858
5859
5864
5866
5866
5866
5867
5868
5872
5875
5875
5876
5878
5878
5880
5883
5883
5883
5884
5884
5886
5886
5886
5887
5888
5889
5889
5890
5890
5892
5893
5893
5893
5894
5895
5897
5897
5898
5898
5900
5901
5901
5902
5906
5908
5908
5908
5908
5910
5910
5910
5911
5911
5913
5913
5913
5914
5916
5917
5918
5918
5918
5918
5919
5920
5923
5926
5927
5929
5929
5930
5930
5931
5932
5933
5934
5934
5935
5935
5936
5936
5938
5939
5940
5940
5941
5946
5948
5948
5948
5949
5949
5950
5950
5950
5950
5952
5952
5953
5953
5953
5954
5955
5956
5956
5957
5957
5960
5961
5963
5963
5965
5966
5967
5968
5969
5970
5971
5974
5979
5980
5981
5982
5983
5987
5988
5988
5988
5990
5991
5991
5994
5994
5994
5997
5999
6000
6002
6003
6003
6004
6004
6005
6005
6006
6006
6007
6007
6009
6009
6010
6010
6010
6011
6012
6012
6012
6013
6013
6015
6015
6016
6017
6017
6017
6018
6020
6020
6022
6024
6025
6025
6028
6028
6029
6031
6032
6032
6032
6034
6036
6037
6038
6039
6040
6041
6043
6043
6045
6045
6045
6045
6046
6047
6047
6047
6048
6050
6051
6052
6052
6053
6054
6054
6054
6055
6055
6055
6057
6057
6060
6061
6062
6063
6065
6066
6067
6068
6069
6069
6070
6071
6073
6073
6074
6076
6076
6077
6078
6080
6081
6082
6088
6089
6089
6089
6090
6091
6092
6093
6095
6096
6097
6099
6099
6099
6101
6101
6102
6102
6104
6107
6107
6108
6108
6108
6110
6111
6112
6112
6112
6113
6115
6117
6117
6118
6118
6119
6119
6120
6120
6121
6121
6121
6122
6123
6123
6123
6123
6125
6125
6126
6126
6126
6128
6129
6131
6131
6131
6132
6134
6134
6135
6136
6136
6138
6138
6140
6142
6144
6146
6146
6147
6148
6148
6150
6153
6154
6155
6155
6156
6157
6157
6160
6162
6162
6164
6164
6167
6167
6168
6168
6169
6170
6171
6172
6175
6176
6178
6178
6179
6179
6180
6180
6181
6181
6182
6183
6185
6185
6187
6187
6188
6188
6189
6190
6192
6192
6193
6193
6196
6197
6198
6199
6200
6200
6200
6201
6203
6204
6205
6207
6212
6212
6213
6213
6214
6214
6214
6215
6215
6216
6217
6218
6218
6219
6219
6219
6220
6220
6220
6220
6221
6221
6223
6224
6225
6226
6226
6229
6231
6232
6232
6233
6234
6235
6236
6236
6237
6239
6239
6240
6240
6241
6241
6244
6244
6244
6247
6248
6248
6251
6251
6254
6254
6254
6254
6255
6255
6256
6259
6260
6260
6262
6264
6264
6265
6267
6268
6269
6271
6272
6272
6273
6273
6274
6275
6275
6276
6276
6277
6277
6279
6279
6280
6280
6280
6282
6283
6283
6285
6287
6289
6290
6290
6291
6291
6295
6296
6297
6297
6299
6299
6301
6304
6305
6306
6307
6307
6309
6311
6312
6313
6313
6316
6316
6316
6319
6319
6319
6320
6323
6325
6325
6326
6326
6327
6327
6327
6327
6330
6333
6333
6334
6334
6336
6338
6338
6339
6340
6340
6341
6342
6343
6345
6345
6347
6347
6348
6349
6350
6350
6350
6351
6353
6355
6355
6356
6356
6356
6357
6357
6358
6358
6358
6358
6359
6360
6360
6360
6361
6362
6362
6363
6363
6365
6366
6366
6368
6369
6372
6372
6373
6373
6378
6378
6378
6379
6380
6382
6384
6384
6386
6387
6388
6388
6388
6388
6388
6389
6390
6391
6391
6393
6394
6395
6395
6396
6396
6397
6399
6401
6404
6405
6405
6405
6406
6407
6407
6408
6409
6409
6410
6411
6411
6413
6413
6418
6419
6419
6420
6421
6423
6425
6426
6426
6429
6430
6430
6432
6432
6434
6434
6434
6435
6436
6436
6437
6441
6441
6441
6443
6445
6446
6450
6450
6451
6452
6453
6454
6454
6454
6454
6454
6455
6457
6457
6459
6460
6461
6462
6462
6464
6464
6465
6467
6473
6473
6473
6474
6474
6474
6475
6476
6477
6477
6477
6477
6478
6479
6479
6481
6482
6483
6486
6486
6489
6490
6490
6493
6494
6494
6495
6498
6500
6500
6501
6502
6504
6507
6507
6507
6507
6508
6510
6513
6513
6513
6516
6518
6519
6522
6526
6527
6529
6531
6531
6531
6532
6535
6535
6536
6538
6539
6540
6541
6542
6542
6542
6544
6545
6545
6546
6547
6547
6547
6547
6549
6550
6550
6551
6552
6553
6553
6554
6556
6557
6562
6564
6565
6565
6565
6568
6569
6570
6571
6572
6573
6575
6575
6576
6578
6579
6581
6585
6585
6586
6587
6589
6592
6594
6594
6594
6596
6596
6600
6600
6601
6601
6602
6602
6604
6604
6605
6605
6607
6608
6609
6609
6609
6610
6610
6613
6614
6614
6616
6618
6618
6619
6620
6621
6621
6621
6621
6622
6624
6624
6625
6625
6627
6627
6628
6628
6630
6630
6630
6631
6632
6632
6633
6634
6636
6637
6638
6638
6639
6641
6642
6642
6643
6643
6646
6646
6647
6647
6649
6650
6650
6652
6653
6654
6656
6657
6657
6657
6658
6659
6661
6662
6662
6662
6664
6664
6665
6666
6668
6668
6668
6669
6669
6670
6670
6671
6672
6672
6674
6676
6676
6676
6678
6678
6680
6682
6682
6683
6684
6684
6685
6685
6685
6685
6685
6688
6689
6690
6692
6693
6694
6697
6698
6699
6700
6700
6702
6703
6704
6705
6707
6708
6709
6709
6709
6711
6711
6712
6715
6716
6717
6717
6719
6722
6724
6724
6724
6725
6726
6729
6730
6731
6733
6733
6733
6735
6736
6738
6739
6740
6740
6741
6743
6743
6744
6744
6747
6747
6748
6749
6750
6751
6751
6752
6753
6753
6756
6756
6757
6757
6758
6758
6758
6759
6760
6760
6760
6760
6761
6762
6762
6763
6766
6767
6767
6767
6767
6769
6770
6772
6772
6773
6773
6773
6775
6779
6780
6781
6782
6784
6785
6785
6785
6786
6786
6786
6788
6789
6790
6793
6795
6795
6797
6798
6801
6802
6803
6804
6804
6805
6809
6809
6809
6810
6810
6810
6810
6811
6811
6813
6813
6813
6815
6815
6820
6820
6821
6823
6824
6825
6825
6826
6827
6829
6830
6830
6832
6833
6834
6835
6836
6836
6836
6838
6839
6840
6841
6841
6842
6842
6844
6845
6846
6846
6849
6849
6850
6850
6851
6852
6853
6853
6853
6854
6855
6856
6856
6859
6860
6865
6866
6866
6866
6868
6869
6871
6871
6873
6873
6873
6874
6876
6878
6883
6884
6884
6884
6888
6889
6889
6890
6890
6891
6893
6894
6895
6897
6899
6903
6904
6904
6907
6907
6908
6909
6909
6910
6911
6913
6915
6915
6915
6916
6916
6919
6920
6921
6921
6924
6924
6924
6926
6927
6927
6928
6928
6929
6929
6931
6932
6933
6933
6936
6936
6937
6940
6940
6941
6944
6944
6944
6948
6950
6952
6953
6953
6953
6955
6956
6958
6958
6960
6961
6961
6961
6962
6962
6962
6963
6963
6964
6965
6965
6966
6967
6967
6967
6967
6968
6969
6970
6970
6972
6973
6973
6973
6973
6974
6975
6975
6978
6980
6980
6981
6983
6984
6985
6986
6986
6988
6989
6990
6991
6994
6995
6996
6996
6997
6998
7003
7005
7006
7006
7009
7010
7011
7011
7012
7012
7013
7015
7018
7019
7020
7020
7021
7021
7021
7023
7025
7025
7026
7027
7027
7029
7030
7032
7032
7034
7034
7035
7036
7037
7037
7045
7045
7046
7046
7051
7052
7054
7055
7055
7060
7061
7061
7062
7062
7062
7063
7063
7064
7064
7066
7067
7068
7068
7068
7069
7069
7071
7072
7073
7073
7073
7074
7077
7078
7078
7078
7079
7079
7081
7081
7082
7082
7083
7084
7085
7087
7088
7089
7090
7091
7091
7092
7093
7094
7094
7096
7097
7098
7099
7100
7103
7103
7105
7105
7105
7105
7106
7106
7107
7108
7110
7112
7113
7114
7114
7115
7115
7118
7120
7121
7122
7122
7123
7124
7127
7128
7128
7129
7130
7131
7131
7132
7132
7133
7134
7134
7134
7135
7136
7137
7137
7138
7138
7139
7141
7141
7144
7145
7145
7147
7148
7148
7149
7150
7151
7151
7151
7153
7154
7155
7157
7157
7158
7158
7159
7159
7159
7159
7165
7165
7167
7169
7169
7170
7170
7171
7171
7172
7173
7176
7176
7176
7177
7177
7177
7178
7179
7179
7180
7180
7181
7181
7182
7183
7183
7185
7185
7186
7189
7191
7192
7192
7192
7194
7195
7196
7197
7198
7198
7198
7198
7199
7199
7199
7200
7201
7204
7206
7207
7207
7209
7210
7210
7211
7211
7212
7212
7214
7214
7214
7219
7221
7223
7223
7223
7225
7226
7227
7227
7227
7230
7230
7232
7233
7233
7237
7237
7239
7239
7239
7240
7241
7241
7242
7242
7243
7244
7244
7245
7247
7247
7248
7248
7249
7252
7253
7255
7257
7257
7257
7258
7259
7259
7260
7260
7261
7264
7264
7264
7265
7266
7268
7269
7270
7270
7270
7271
7274
7274
7274
7280
7280
7281
7281
7282
7283
7284
7284
7285
7285
7286
7289
7291
7291
7293
7294
7294
7297
7297
7297
7297
7299
7301
7301
7302
7304
7304
7305
7307
7307
7307
7309
7309
7309
7311
7311
7312
7315
7315
7316
7318
7319
7320
7321
7322
7323
7324
7325
7325
7326
7326
7326
7326
7326
7327
7327
7328
7329
7330
7330
7330
7331
7332
7332
7332
7333
7335
7335
7337
7337
7338
7339
7340
7340
7343
7344
7346
7348
7349
7349
7349
7350
7351
7352
7355
7355
7355
7355
7356
7356
7356
7356
7357
7361
7361
7363
7363
7364
7366
7366
7367
7367
7369
7370
7373
7373
7375
7378
7379
7380
7380
7381
7381
7382
7383
7383
7384
7385
7385
7386
7387
7387
7389
7392
7394
7394
7397
7397
7400
7402
7402
7402
7403
7404
7405
7405
7405
7405
7405
7412
7413
7415
7415
7416
7418
7419
7421
7423
7424
7424
7424
7428
7428
7429
7432
7433
7434
7438
7438
7440
7440
7441
7441
7443
7443
7445
7445
7446
7447
7448
7450
7450
7451
7452
7453
7454
7456
7457
7457
7457
7457
7459
7459
7460
7460
7463
7465
7468
7468
7470
7471
7471
7472
7472
7473
7474
7477
7478
7478
7479
7479
7480
7480
7480
7482
7482
7483
7485
7486
7488
7489
7489
7490
7490
7491
7495
7496
7499
7500
7503
7506
7506
7507
7507
7508
7508
7510
7510
7514
7515
7515
7515
7518
7518
7518
7519
7521
7522
7523
7524
7525
7526
7527
7529
7529
7530
7531
7531
7531
7536
7536
7537
7538
7540
7540
7542
7542
7545
7545
7546
7547
7547
7549
7550
7551
7551
7552
7553
7554
7555
7555
7557
7557
7557
7558
7559
7561
7561
7562
7562
7563
7564
7565
7566
7567
7567
7569
7569
7572
7572
7572
7574
7574
7575
7575
7576
7579
7579
7582
7584
7585
7585
7586
7588
7591
7591
7593
7597
7597
7599
7599
7599
7599
7600
7600
7600
7601
7604
7607
7611
7611
7611
7611
7611
7612
7612
7613
7615
7615
7618
7618
7623
7624
7625
7625
7625
7626
7626
7630
7631
7634
7634
7634
7637
7637
7637
7640
7641
7642
7644
7647
7648
7649
7650
7651
7651
7656
7657
7657
7657
7658
7658
7659
7659
7660
7660
7661
7661
7662
7666
7666
7667
7671
7673
7673
7675
7676
7676
7676
7679
7679
7682
7683
7683
7684
7686
7686
7686
7686
7687
7687
7689
7689
7689
7690
7691
7694
7694
7694
7695
7696
7698
7699
7700
7702
7703
7704
7704
7705
7705
7706
7709
7709
7710
7710
7710
7713
7714
7714
7714
7715
7715
7717
7718
7718
7723
7725
7727
7727
7732
7734
7735
7735
7735
7736
7738
7739
7740
7740
7745
7746
7747
7748
7748
7749
7752
7754
7754
7754
7755
7755
7756
7757
7759
7759
7760
7761
7761
7765
7766
7767
7767
7768
7768
7770
7773
7773
7775
7775
7778
7779
7779
7780
7782
7784
7786
7788
7788
7789
7790
7792
7794
7794
7796
7796
7797
7797
7798
7800
7800
7801
7802
7803
7806
7806
7806
7806
7806
7809
7810
7811
7812
7812
7814
7815
7816
7817
7818
7820
7820
7823
7823
7824
7826
7826
7827
7829
7833
7833
7834
7836
7837
7838
7839
7839
7841
7842
7846
7846
7848
7848
7849
7850
7851
7851
7851
7852
7853
7853
7854
7854
7856
7857
7857
7857
7859
7860
7860
7864
7865
7866
7866
7866
7868
7868
7872
7872
7874
7876
7878
7878
7879
7879
7879
7880
7880
7880
7881
7883
7886
7886
7886
7887
7887
7889
7890
7892
7892
7893
7894
7896
7896
7899
7900
7900
7900
7900
7902
7902
7903
7903
7904
7904
7904
7905
7905
7907
7907
7907
7910
7910
7912
7915
7915
7916
7918
7918
7920
7921
7923
7925
7927
7929
7930
7931
7931
7931
7932
7932
7932
7934
7938
7939
7943
7943
7943
7944
7945
7947
7950
7951
7954
7954
7954
7955
7956
7956
7956
7957
7957
7959
7959
7959
7960
7961
7962
7962
7962
7963
7963
7964
7966
7967
7967
7969
7969
7970
7970
7971
7971
7972
7972
7973
7974
7974
7975
7975
7975
7976
7978
7979
7980
7980
7981
7983
7983
7984
7987
7987
7988
7988
7989
7991
7993
7997
7998
7998
7998
7999
8001
8004
8004
8004
8004
8005
8005
8005
8007
8007
8008
8009
8009
8015
8015
8016
8017
8018
8018
8019
8021
8023
8026
8029
8030
8030
8030
8031
8032
8032
8034
8034
8035
8036
8039
8039
8039
8041
8042
8042
8043
8044
8044
8045
8045
8047
8048
8048
8048
8049
8050
8051
8052
8052
8053
8055
8059
8059
8061
8061
8062
8063
8063
8064
8065
8065
8065
8067
8067
8068
8068
8068
8070
8070
8071
8073
8073
8074
8075
8075
8077
8078
8078
8080
8080
8082
8084
8084
8084
8085
8086
8087
8088
8089
8090
8091
8091
8094
8094
8095
8096
8097
8099
8099
8101
8101
8101
8102
8102
8103
8107
8108
8108
8108
8109
8110
8112
8113
8113
8113
8113
8114
8115
8116
8116
8119
8120
8120
8121
8121
8122
8122
8125
8127
8130
8130
8130
8130
8133
8134
8136
8137
8138
8139
8139
8141
8141
8142
8142
8143
8143
8146
8148
8149
8149
8150
8152
8153
8154
8156
8156
8158
8158
8161
8161
8162
8162
8163
8164
8164
8167
8169
8172
8172
8172
8173
8173
8174
8175
8175
8176
8176
8178
8179
8179
8180
8180
8181
8181
8181
8182
8182
8184
8184
8184
8185
8187
8191
8193
8193
8194
8195
8196
8197
8198
8198
8200
8202
8202
8202
8203
8203
8204
8206
8208
8209
8211
8212
8214
8215
8216
8219
8219
8219
8220
8220
8220
8220
8220
8220
8221
8223
8223
8224
8224
8225
8225
8227
8227
8227
8233
8234
8234
8235
8237
8239
8240
8240
8241
8242
8243
8243
8243
8245
8245
8246
8247
8247
8249
8251
8252
8252
8253
8253
8253
8254
8255
8257
8259
8261
8263
8264
8265
8267
8267
8267
8268
8269
8270
8270
8271
8272
8272
8272
8273
8273
8275
8276
8276
8276
8279
8279
8280
8281
8282
8282
8284
8285
8289
8291
8291
8294
8296
8296
8299
8299
8299
8300
8303
8303
8304
8305
8307
8310
8310
8310
8311
8311
8315
8318
8318
8320
8320
8321
8322
8323
8324
8325
8325
8325
8326
8327
8328
8330
8330
8330
8333
8334
8334
8336
8337
8339
8340
8341
8342
8342
8344
8345
8346
8347
8347
8349
8350
8350
8350
8350
8350
8352
8353
8356
8356
8357
8357
8363
8365
8367
8367
8367
8368
8368
8369
8370
8371
8371
8371
8373
8374
8375
8375
8376
8378
8378
8381
8383
8385
8385
8385
8385
8386
8387
8388
8389
8390
8391
8391
8392
8393
8393
8394
8394
8398
8399
8400
8401
8403
8403
8404
8407
8410
8416
8416
8418
8419
8420
8423
8425
8427
8427
8429
8429
8430
8430
8432
8437
8437
8438
8439
8439
8439
8439
8440
8441
8441
8443
8445
8445
8445
8445
8446
8446
8448
8448
8448
8448
8450
8450
8451
8451
8452
8452
8454
8455
8457
8459
8460
8460
8461
8461
8462
8464
8464
8464
8465
8466
8468
8468
8469
8469
8470
8470
8470
8473
8474
8475
8477
8477
8478
8480
8480
8482
8484
8485
8485
8486
8488
8491
8494
8495
8498
8499
8500
8501
8502
8505
8506
8506
8507
8507
8508
8509
8511
8513
8515
8515
8515
8516
8516
8516
8517
8518
8520
8521
8523
8523
8523
8525
8525
8525
8528
8530
8530
8532
8532
8538
8539
8543
8543
8544
8544
8545
8548
8548
8549
8549
8549
8550
8550
8550
8550
8550
8550
8550
8552
8552
8555
8555
8555
8557
8557
8557
8559
8560
8561
8564
8564
8565
8567
8567
8569
8569
8570
8571
8572
8573
8575
8575
8577
8577
8578
8578
8580
8580
8581
8581
8583
8583
8584
8586
8586
8588
8588
8589
8589
8589
8590
8591
8593
8595
8596
8596
8596
8597
8599
8600
8600
8602
8603
8603
8604
8605
8606
8607
8607
8607
8608
8608
8608
8610
8611
8611
8611
8612
8614
8615
8616
8618
8621
8621
8623
8624
8625
8628
8630
8632
8633
8635
8636
8636
8637
8639
8641
8642
8642
8642
8642
8643
8645
8645
8645
8646
8648
8649
8650
8651
8651
8652
8652
8653
8654
8655
8655
8656
8658
8658
8660
8660
8661
8661
8661
8661
8661
8663
8663
8664
8665
8665
8667
8668
8668
8669
8669
8670
8673
8673
8673
8673
8677
8678
8678
8678
8679
8680
8683
8683
8684
8687
8688
8688
8689
8689
8692
8693
8694
8695
8696
8697
8702
8702
8706
8706
8707
8708
8708
8710
8711
8711
8712
8714
8715
8716
8719
8720
8721
8721
8724
8724
8727
8729
8731
8733
8734
8735
8737
8739
8741
8741
8742
8743
8744
8745
8748
8749
8750
8751
8752
8752
8753
8753
8754
8755
8756
8757
8757
8758
8758
8758
8760
8760
8761
8762
8764
8766
8767
8767
8767
8768
8768
8768
8769
8771
8771
8771
8773
8774
8775
8775
8776
8778
8778
8780
8781
8783
8783
8784
8784
8785
8785
8785
8786
8786
8787
8788
8788
8788
8790
8790
8790
8792
8792
8792
8796
8798
8799
8799
8800
8801
8801
8802
8802
8802
8803
8805
8806
8813
8813
8814
8814
8815
8816
8816
8817
8818
8821
8824
8825
8827
8828
8828
8829
8830
8830
8832
8832
8832
8833
8834
8834
8834
8835
8836
8838
8838
8838
8839
8840
8841
8843
8843
8843
8844
8844
8846
8846
8847
8848
8849
8850
8851
8852
8853
8854
8856
8857
8860
8861
8862
8866
8866
8867
8867
8867
8868
8869
8870
8872
8872
8872
8872
8873
8874
8874
8875
8878
8878
8878
8880
8881
8882
8882
8883
8883
8884
8885
8885
8885
8886
8887
8888
8889
8889
8893
8893
8893
8896
8896
8897
8897
8898
8898
8899
8899
8901
8902
8902
8903
8904
8908
8909
8909
8909
8910
8911
8912
8912
8913
8913
8915
8917
8918
8919
8921
8921
8922
8922
8923
8924
8925
8926
8927
8929
8929
8930
8930
8930
8931
8933
8935
8938
8938
8939
8940
8940
8940
8942
8942
8946
8946
8947
8947
8948
8948
8949
8949
8949
8951
8952
8952
8953
8954
8954
8955
8955
8956
8957
8957
8958
8958
8959
8960
8960
8961
8961
8961
8961
8962
8963
8964
8966
8966
8966
8967
8968
8971
8972
8973
8974
8976
8978
8978
8981
8982
8983
8989
8990
8991
8991
8992
8992
8993
8993
8994
8995
8995
8996
8996
8997
8997
8997
8998
8999
9000
9001
9001
9001
9001
9002
9004
9005
9005
9005
9005
9005
9006
9007
9009
9010
9012
9015
9015
9016
9016
9016
9018
9019
9020
9020
9021
9022
9022
9022
9022
9023
9024
9025
9026
9027
9027
9030
9033
9033
9037
9038
9038
9038
9040
9041
9041
9042
9042
9043
9043
9043
9043
9044
9044
9045
9045
9047
9047
9048
9049
9049
9052
9053
9055
9055
9056
9058
9059
9061
9063
9065
9068
9068
9071
9071
9073
9074
9075
9075
9076
9077
9078
9080
9080
9081
9081
9081
9083
9083
9083
9083
9084
9086
9086
9088
9089
9090
9090
9090
9093
9094
9094
9095
9095
9096
9097
9098
9098
9101
9104
9104
9105
9107
9107
9109
9110
9110
9111
9113
9113
9115
9116
9116
9116
9119
9120
9121
9122
9122
9123
9125
9126
9127
9127
9128
9130
9133
9134
9134
9134
9139
9140
9141
9141
9142
9143
9144
9146
9147
9147
9147
9148
9148
9151
9152
9153
9153
9155
9155
9155
9157
9157
9158
9158
9161
9162
9164
9164
9165
9165
9166
9167
9167
9168
9171
9172
9172
9173
9174
9174
9175
9175
9176
9177
9178
9179
9181
9181
9182
9184
9187
9187
9191
9191
9193
9194
9195
9196
9197
9197
9198
9199
9199
9199
9201
9206
9206
9207
9208
9209
9210
9210
9211
9211
9211
9213
9213
9214
9218
9219
9219
9219
9222
9222
9223
9223
9224
9229
9229
9229
9230
9231
9231
9231
9232
9232
9232
9234
9235
9245
9245
9245
9246
9246
9246
9247
9247
9248
9249
9250
9250
9251
9251
9252
9253
9254
9258
9258
9258
9259
9262
9263
9263
9263
9263
9264
9269
9270
9270
9271
9272
9273
9273
9273
9274
9274
9274
9276
9276
9278
9282
9284
9284
9284
9285
9285
9285
9286
9286
9289
9293
9294
9296
9297
9298
9298
9298
9298
9298
9299
9301
9302
9303
9303
9305
9306
9307
9307
9308
9310
9310
9313
9315
9316
9316
9317
9318
9318
9320
9322
9324
9325
9325
9326
9328
9331
9332
9333
9336
9337
9341
9341
9341
9342
9343
9345
9345
9346
9348
9351
9352
9352
9353
9354
9355
9356
9356
9357
9359
9360
9363
9364
9365
9368
9368
9368
9368
9368
9369
9370
9372
9372
9374
9375
9375
9378
9378
9378
9378
9379
9380
9380
9381
9382
9382
9382
9383
9383
9384
9385
9385
9386
9389
9391
9392
9394
9395
9397
9397
9398
9399
9400
9400
9400
9404
9404
9404
9405
9407
9407
9408
9408
9410
9411
9411
9414
9415
9417
9418
9419
9419
9420
9421
9423
9423
9423
9423
9423
9424
9425
9427
9427
9429
9429
9429
9430
9431
9433
9434
9435
9435
9435
9436
9436
9437
9438
9439
9439
9439
9443
9443
9444
9445
9446
9447
9448
9448
9449
9454
9456
9456
9459
9460
9461
9462
9462
9464
9465
9465
9466
9467
9467
9468
9469
9469
9471
9472
9472
9472
9473
9475
9476
9478
9479
9479
9482
9483
9483
9483
9484
9484
9486
9486
9487
9487
9488
9488
9488
9488
9488
9490
9490
9492
9495
9496
9496
9499
9500
9500
9501
9501
9504
9506
9509
9510
9512
9513
9513
9515
9515
9516
9516
9518
9518
9519
9520
9521
9522
9522
9527
9528
9528
9528
9530
9530
9531
9531
9532
9532
9533
9533
9533
9533
9534
9534
9536
9537
9539
9539
9540
9541
9541
9541
9541
9542
9543
9543
9544
9545
9545
9545
9546
9547
9547
9549
9550
9550
9551
9551
9553
9553
9553
9554
9555
9555
9555
9558
9558
9559
9560
9560
9560
9561
9562
9563
9563
9564
9564
9565
9569
9570
9573
9573
9574
9576
9578
9580
9580
9581
9582
9583
9584
9584
9585
9588
9589
9589
9589
9590
9590
9591
9592
9592
9593
9594
9594
9595
9599
9600
9601
9603
9604
9605
9605
9607
9608
9608
9609
9609
9609
9610
9611
9612
9613
9615
9616
9616
9617
9617
9618
9619
9619
9623
9623
9624
9626
9626
9629
9630
9631
9631
9633
9633
9636
9636
9637
9637
9638
9639
9639
9643
9643
9644
9644
9645
9645
9645
9648
9648
9649
9650
9653
9654
9654
9655
9655
9661
9661
9661
9663
9664
9664
9664
9664
9664
9665
9666
9667
9669
9670
9671
9673
9673
9675
9676
9678
9678
9680
9682
9682
9682
9683
9684
9684
9685
9685
9686
9687
9687
9687
9690
9690
9691
9693
9693
9695
9696
9696
9696
9697
9698
9700
9700
9700
9702
9702
9704
9705
9705
9705
9711
9711
9712
9712
9713
9714
9715
9716
9717
9718
9720
9721
9722
9725
9726
9727
9728
9729
9730
9730
9730
9730
9734
9734
9734
9736
9736
9737
9737
9739
9739
9740
9740
9741
9743
9743
9744
9746
9746
9748
9752
9752
9752
9753
9754
9754
9755
9756
9756
9759
9759
9761
9766
9767
9767
9769
9770
9771
9772
9773
9774
9775
9776
9776
9780
9780
9781
9784
9785
9787
9787
9788
9789
9789
9790
9793
9794
9794
9797
9798
9799
9801
9803
9803
9804
9805
9806
9806
9806
9806
9808
9810
9814
9814
9814
9815
9816
9817
9819
9819
9819
9821
9822
9823
9823
9823
9824
9825
9827
9827
9828
9828
9831
9833
9834
9835
9836
9836
9837
9837
9839
9842
9842
9842
9845
9845
9845
9846
9848
9848
9849
9850
9850
9851
9853
9854
9856
9857
9857
9858
9859
9859
9862
9862
9863
9864
9866
9867
9869
9870
9871
9871
9871
9873
9875
9876
9878
9880
9880
9881
9881
9882
9882
9883
9883
9883
9884
9885
9887
9887
9887
9889
9889
9889
9890
9891
9891
9893
9893
9894
9894
9894
9895
9895
9896
9897
9897
9897
9898
9899
9903
9903
9906
9906
9908
9908
9909
9917
9917
9918
9921
9921
9921
9924
9927
9931
9932
9933
9935
9935
9936
9938
9940
9940
9941
9944
9944
9945
9945
9945
9947
9948
9949
9952
9952
9953
9954
9955
9957
9957
9957
9959
9959
9961
9961
9962
9962
9962
9964
9966
9966
9967
9968
9968
9970
9971
9972
9972
9973
9974
9975
9976
9977
9979
9982
9982
9983
9985
9985
9988
9988
9989
9990
9990
9990
9991
9994
9995
9997
9997
9998
