0
1
3
5
6
6
6
8
8
8
8
9
13
13
13
17
18
19
20
20
21
22
23
25
25
26
26
26
26
27
29
29
29
30
35
35
37
39
39
39
42
46
47
47
47
48
49
49
50
51
51
52
53
54
55
55
56
56
57
57
59
59
62
66
66
67
69
70
72
73
73
74
74
75
76
76
77
77
77
78
78
79
80
82
85
88
90
90
92
93
94
95
95
96
97
98
102
102
102
102
102
104
105
105
107
107
108
111
111
112
115
116
117
117
118
124
124
125
127
127
131
132
135
136
137
138
140
141
141
142
143
144
147
148
150
153
153
153
154
154
154
154
154
156
157
158
158
159
159
159
159
160
161
161
162
163
164
165
166
166
166
166
167
168
169
169
173
174
175
175
175
175
175
176
177
177
180
180
181
181
181
183
183
184
184
187
187
187
189
193
195
195
195
195
196
197
198
198
199
200
200
201
202
202
203
205
206
206
207
208
208
209
210
211
211
211
213
214
214
215
216
217
218
219
219
222
222
222
229
229
230
232
232
232
233
236
236
237
238
240
240
242
243
244
245
245
245
246
246
247
248
249
253
253
255
255
257
257
258
259
259
261
262
262
263
263
263
263
266
266
266
267
268
268
270
271
271
271
272
272
273
274
275
276
278
278
279
280
281
282
283
284
284
287
287
287
288
291
293
293
294
295
295
295
296
298
298
299
300
300
302
302
303
303
304
304
306
306
307
309
309
311
311
312
313
313
313
314
314
314
315
316
316
317
320
320
320
322
322
323
324
325
326
326
329
331
332
334
335
335
337
338
338
339
339
341
342
344
345
348
349
349
349
350
351
351
354
356
356
358
361
363
363
363
364
366
369
370
372
373
373
373
373
374
375
378
378
381
382
382
382
383
383
384
385
387
388
388
388
388
388
388
389
389
390
390
391
391
392
393
396
397
398
399
400
402
402
403
403
404
404
407
407
408
408
410
411
411
411
411
413
413
413
414
414
416
416
420
421
421
421
422
423
425
425
426
427
427
428
429
429
430
431
431
432
434
434
435
436
436
436
437
439
440
441
443
444
445
445
448
448
454
455
455
455
457
457
459
459
461
462
463
464
464
464
466
467
468
469
470
470
471
472
473
474
474
475
475
476
477
477
480
480
482
483
484
485
485
486
487
487
488
490
490
491
492
493
497
497
499
500
500
500
501
504
504
509
510
512
512
512
513
514
515
515
519
519
520
521
522
523
524
524
524
526
527
530
532
537
538
539
540
542
542
544
545
546
548
548
550
551
552
553
554
554
554
557
557
559
560
560
562
567
569
569
569
572
572
575
575
576
578
579
581
581
583
585
586
590
591
591
591
592
593
594
594
597
597
598
599
599
599
599
600
600
602
603
603
604
604
604
605
606
606
606
607
608
609
609
609
611
612
613
615
618
618
619
621
623
624
628
632
632
632
633
633
634
634
635
635
636
637
639
640
641
641
643
645
646
646
647
648
648
649
649
650
650
650
651
651
651
652
653
654
655
656
658
659
661
662
662
663
663
663
663
663
665
666
668
668
669
669
671
671
672
673
674
674
675
677
679
680
680
681
683
683
684
684
685
686
692
692
693
693
696
696
697
697
700
700
702
705
705
706
714
714
714
716
718
719
720
721
721
725
726
728
729
729
730
730
730
730
731
731
732
733
733
734
734
734
737
739
739
740
741
742
742
742
742
743
744
745
746
746
747
748
751
752
752
756
758
758
759
759
761
761
761
761
762
762
762
763
766
767
767
767
769
770
770
771
772
773
773
775
776
778
779
779
780
782
782
784
784
785
786
787
787
794
795
796
796
796
797
797
798
798
799
800
801
802
804
806
806
806
808
809
809
810
810
811
813
813
813
813
814
815
815
817
818
820
822
822
822
823
823
825
825
827
827
828
829
829
829
830
830
830
831
831
831
831
832
832
832
834
835
837
837
838
840
840
840
840
840
841
842
842
843
843
845
846
846
846
846
847
848
849
850
851
853
854
854
855
855
857
862
862
863
864
868
869
870
870
870
872
872
872
875
875
878
878
879
880
881
882
884
885
885
885
886
886
887
888
889
890
891
891
892
894
894
894
895
896
896
896
897
898
901
903
905
905
907
907
911
911
912
913
913
913
914
915
916
917
917
917
918
918
918
919
920
920
920
921
921
923
923
925
927
927
928
929
930
933
933
933
933
933
934
936
936
936
938
938
939
942
943
945
945
945
947
947
947
948
951
951
951
953
955
955
956
956
957
958
959
959
960
960
960
961
963
964
965
966
969
969
970
971
971
974
975
976
976
977
978
978
978
978
978
980
981
984
985
986
986
988
989
992
992
992
993
994
994
996
996
997
997
998
1001
1001
1005
1007
1007
1009
1010
1011
1012
1013
1014
1015
1015
1015
1016
1018
1019
1019
1021
1021
1024
1025
1026
1027
1028
1029
1032
1034
1034
1035
1036
1038
1038
1039
1039
1040
1040
1041
1041
1042
1043
1045
1046
1047
1047
1050
1050
1051
1053
1053
1053
1054
1056
1056
1057
1057
1058
1060
1063
1063
1064
1065
1065
1065
1066
1066
1066
1067
1068
1069
1070
1071
1072
1073
1074
1074
1075
1075
1076
1077
1078
1078
1079
1080
1081
1081
1089
1091
1091
1092
1092
1093
1093
1093
1095
1095
1095
1097
1097
1097
1098
1099
1099
1099
1099
1102
1103
1104
1104
1105
1106
1107
1107
1112
1112
1113
1115
1117
1117
1119
1120
1122
1124
1124
1126
1126
1127
1127
1127
1128
1128
1128
1131
1131
1131
1132
1132
1133
1134
1135
1136
1136
1139
1142
1142
1142
1143
1143
1143
1147
1149
1152
1152
1153
1154
1155
1156
1158
1162
1165
1165
1166
1166
1167
1167
1168
1168
1169
1169
1169
1170
1170
1171
1173
1175
1176
1178
1178
1179
1180
1181
1182
1182
1184
1185
1186
1187
1187
1188
1188
1188
1190
1191
1191
1192
1192
1193
1194
1195
1196
1197
1197
1198
1199
1200
1200
1201
1207
1207
1207
1207
1207
1208
1211
1211
1216
1216
1216
1219
1219
1219
1219
1220
1222
1223
1223
1224
1224
1224
1225
1227
1227
1228
1228
1228
1229
1231
1231
1231
1234
1237
1237
1237
1238
1239
1240
1240
1242
1242
1243
1243
1244
1244
1245
1245
1247
1252
1252
1253
1253
1253
1254
1255
1255
1255
1257
1262
1263
1265
1265
1266
1267
1268
1271
1272
1272
1273
1273
1274
1276
1276
1276
1276
1277
1278
1279
1279
1279
1279
1281
1281
1284
1284
1285
1286
1289
1290
1290
1295
1298
1299
1301
1303
1303
1304
1304
1306
1306
1307
1308
1308
1309
1311
1312
1312
1313
1315
1316
1317
1317
1318
1318
1319
1321
1321
1322
1322
1323
1324
1325
1328
1332
1332
1333
1333
1334
1334
1336
1336
1339
1340
1342
1342
1347
1347
1347
1347
1349
1350
1350
1351
1351
1353
1354
1354
1355
1357
1357
1359
1361
1361
1363
1365
1365
1365
1366
1367
1367
1368
1369
1372
1373
1373
1373
1376
1376
1376
1378
1381
1381
1382
1383
1383
1384
1384
1385
1387
1388
1389
1390
1392
1393
1394
1395
1399
1399
1399
1401
1403
1404
1404
1405
1406
1409
1409
1409
1409
1409
1410
1411
1411
1412
1412
1412
1413
1413
1415
1416
1416
1416
1417
1418
1420
1421
1425
1426
1429
1429
1430
1430
1431
1432
1434
1435
1435
1441
1443
1443
1445
1448
1450
1451
1451
1452
1452
1452
1453
1453
1455
1456
1457
1459
1460
1463
1465
1466
1468
1469
1469
1469
1470
1474
1474
1474
1475
1475
1477
1478
1479
1480
1481
1484
1484
1484
1485
1485
1488
1488
1489
1489
1490
1492
1492
1493
1493
1497
1498
1500
1501
1502
1503
1503
1504
1507
1508
1508
1509
1510
1513
1515
1515
1515
1517
1517
1519
1519
1519
1521
1521
1522
1522
1522
1522
1523
1524
1526
1528
1528
1529
1529
1529
1530
1531
1531
1531
1532
1532
1533
1535
1536
1537
1537
1537
1537
1538
1539
1539
1540
1541
1543
1543
1543
1544
1546
1546
1549
1550
1551
1551
1551
1552
1552
1553
1553
1553
1554
1555
1557
1557
1558
1558
1559
1561
1564
1566
1573
1573
1574
1574
1576
1576
1576
1577
1577
1578
1580
1581
1583
1584
1586
1587
1589
1590
1591
1592
1592
1592
1593
1593
1595
1596
1598
1599
1603
1603
1604
1607
1608
1609
1610
1611
1612
1613
1617
1617
1617
1618
1619
1621
1622
1623
1623
1625
1625
1626
1628
1629
1629
1630
1630
1630
1632
1633
1633
1633
1635
1636
1637
1638
1640
1641
1641
1642
1643
1643
1644
1644
1646
1648
1649
1649
1649
1650
1652
1652
1652
1653
1653
1653
1653
1654
1654
1656
1656
1656
1657
1657
1658
1660
1661
1662
1663
1663
1664
1664
1666
1667
1668
1668
1668
1668
1669
1669
1670
1670
1671
1671
1672
1673
1673
1674
1674
1675
1675
1676
1677
1678
1679
1682
1682
1683
1684
1686
1688
1688
1688
1689
1689
1690
1690
1691
1692
1692
1693
1693
1695
1696
1699
1704
1704
1705
1708
1711
1713
1713
1714
1715
1717
1718
1718
1718
1719
1720
1721
1721
1724
1725
1726
1727
1727
1728
1729
1729
1729
1730
1732
1732
1733
1733
1735
1736
1738
1738
1740
1743
1743
1743
1744
1744
1744
1744
1747
1748
1752
1753
1754
1755
1755
1757
1758
1758
1758
1759
1761
1761
1761
1761
1762
1764
1764
1765
1766
1766
1767
1767
1767
1769
1770
1772
1773
1773
1773
1774
1774
1775
1776
1776
1776
1776
1779
1779
1779
1783
1783
1787
1787
1787
1787
1787
1789
1790
1790
1791
1792
1793
1793
1793
1793
1795
1795
1795
1796
1796
1797
1797
1801
1803
1803
1805
1805
1806
1808
1809
1809
1813
1814
1816
1816
1816
1818
1820
1822
1824
1827
1828
1829
1830
1830
1831
1832
1832
1833
1833
1834
1834
1835
1835
1838
1840
1841
1842
1842
1845
1845
1845
1846
1848
1850
1851
1852
1852
1852
1853
1854
1854
1856
1857
1858
1858
1859
1859
1861
1861
1861
1862
1864
1864
1864
1867
1867
1868
1871
1872
1874
1876
1877
1877
1878
1878
1880
1880
1881
1881
1881
1882
1882
1882
1883
1885
1885
1885
1885
1886
1887
1888
1891
1892
1895
1896
1897
1898
1899
1899
1899
1900
1900
1902
1903
1905
1906
1906
1906
1907
1910
1910
1910
1912
1913
1913
1913
1913
1913
1914
1915
1915
1917
1917
1918
1918
1921
1922
1924
1924
1925
1925
1926
1926
1926
1926
1926
1928
1928
1928
1929
1929
1932
1933
1934
1934
1934
1935
1938
1939
1939
1940
1942
1943
1943
1943
1944
1944
1944
1946
1947
1948
1952
1955
1955
1957
1961
1961
1961
1962
1962
1963
1964
1965
1965
1965
1965
1968
1969
1971
1972
1973
1973
1974
1976
1976
1978
1979
1982
1983
1984
1985
1986
1987
1988
1990
1990
1991
1991
1992
1992
1994
1996
1997
1999
1999
2000
2000
2000
2003
2004
2004
2005
2010
2010
2011
2011
2012
2014
2015
2016
2016
2016
2018
2019
2020
2021
2022
2022
2024
2024
2025
2026
2027
2027
2028
2028
2028
2029
2031
2031
2031
2031
2034
2035
2036
2037
2038
2039
2039
2039
2040
2040
2040
2041
2041
2042
2043
2043
2045
2046
2048
2050
2051
2051
2051
2051
2053
2055
2055
2059
2060
2060
2060
2060
2061
2062
2062
2063
2066
2066
2068
2068
2068
2069
2071
2075
2076
2077
2078
2080
2081
2081
2082
2082
2082
2085
2086
2090
2091
2091
2091
2092
2092
2093
2096
2096
2097
2097
2098
2100
2100
2102
2104
2105
2107
2107
2108
2109
2109
2111
2114
2114
2116
2116
2117
2118
2118
2119
2119
2120
2121
2121
2123
2123
2125
2125
2125
2125
2127
2127
2128
2130
2130
2131
2132
2133
2136
2136
2138
2139
2142
2143
2143
2144
2144
2144
2146
2150
2150
2150
2150
2152
2153
2154
2154
2157
2160
2161
2166
2166
2171
2174
2175
2175
2175
2177
2177
2178
2179
2180
2182
2182
2182
2183
2185
2186
2187
2187
2189
2190
2191
2191
2192
2193
2193
2194
2194
2195
2196
2197
2199
2199
2200
2203
2205
2206
2207
2208
2209
2209
2210
2210
2211
2212
2214
2214
2215
2215
2216
2216
2217
2217
2217
2218
2219
2220
2220
2221
2222
2223
2224
2225
2225
2229
2230
2230
2231
2232
2233
2235
2239
2239
2239
2240
2240
2242
2246
2253
2254
2257
2258
2258
2260
2261
2263
2264
2264
2265
2265
2266
2266
2267
2268
2270
2270
2271
2271
2272
2274
2274
2276
2276
2277
2278
2279
2280
2282
2284
2284
2285
2286
2286
2286
2287
2288
2289
2289
2290
2290
2291
2292
2292
2294
2294
2297
2300
2302
2304
2304
2305
2305
2306
2306
2306
2308
2311
2311
2312
2314
2314
2316
2318
2319
2319
2319
2320
2323
2326
2328
2332
2332
2333
2334
2334
2335
2336
2339
2340
2340
2344
2346
2346
2347
2347
2347
2348
2348
2349
2351
2352
2353
2353
2353
2355
2355
2356
2356
2357
2357
2358
2358
2359
2362
2362
2363
2364
2365
2367
2368
2369
2371
2371
2373
2374
2375
2376
2376
2377
2379
2381
2385
2386
2386
2387
2390
2390
2391
2394
2394
2394
2395
2396
2396
2400
2401
2401
2401
2401
2403
2405
2407
2409
2410
2411
2413
2413
2413
2414
2414
2414
2415
2416
2418
2421
2421
2422
2423
2423
2425
2425
2427
2427
2428
2430
2430
2430
2432
2434
2435
2438
2438
2440
2440
2441
2444
2444
2445
2447
2450
2451
2451
2454
2456
2457
2460
2460
2460
2461
2464
2464
2465
2466
2468
2470
2471
2471
2471
2472
2473
2474
2477
2477
2478
2478
2478
2479
2480
2482
2482
2482
2484
2485
2485
2486
2487
2487
2489
2489
2490
2494
2494
2495
2496
2496
2497
2497
2499
2500
2500
2501
2502
2502
2503
2503
2503
2504
2504
2504
2505
2506
2506
2507
2508
2508
2510
2510
2511
2512
2513
2514
2515
2515
2516
2518
2519
2520
2520
2520
2522
2523
2525
2525
2527
2528
2528
2532
2533
2533
2535
2537
2538
2538
2539
2539
2540
2541
2545
2545
2549
2549
2550
2551
2554
2555
2557
2557
2558
2560
2561
2564
2564
2565
2565
2566
2567
2567
2569
2569
2570
2570
2570
2571
2573
2573
2573
2574
2575
2575
2575
2576
2576
2578
2582
2583
2584
2586
2586
2587
2587
2587
2590
2592
2595
2596
2597
2600
2601
2602
2602
2603
2603
2603
2604
2604
2604
2607
2608
2609
2609
2611
2613
2613
2616
2621
2621
2622
2622
2623
2625
2626
2626
2627
2627
2627
2628
2629
2629
2630
2631
2631
2632
2637
2638
2638
2639
2640
2640
2643
2643
2645
2647
2647
2650
2651
2658
2659
2659
2660
2661
2663
2664
2665
2665
2666
2666
2666
2667
2672
2673
2673
2673
2675
2677
2678
2678
2681
2683
2684
2685
2685
2685
2686
2687
2687
2688
2688
2689
2689
2693
2693
2693
2694
2695
2695
2697
2700
2700
2701
2704
2704
2704
2704
2709
2709
2709
2709
2710
2711
2712
2712
2713
2713
2714
2717
2717
2717
2718
2718
2718
2720
2720
2720
2721
2723
2725
2726
2729
2730
2730
2732
2734
2735
2736
2737
2738
2740
2745
2746
2746
2748
2749
2750
2750
2751
2751
2751
2752
2753
2754
2755
2758
2758
2759
2762
2762
2763
2764
2765
2765
2765
2765
2769
2771
2772
2773
2773
2773
2775
2775
2776
2777
2779
2779
2779
2781
2781
2785
2788
2793
2793
2794
2795
2796
2796
2797
2798
2798
2798
2800
2800
2800
2801
2802
2803
2803
2804
2805
2808
2809
2810
2811
2812
2813
2814
2815
2815
2817
2818
2820
2820
2822
2823
2824
2825
2825
2826
2826
2828
2829
2829
2830
2831
2832
2834
2834
2835
2836
2836
2837
2837
2837
2837
2838
2839
2842
2843
2844
2845
2847
2848
2848
2848
2848
2849
2850
2850
2850
2852
2853
2853
2853
2855
2856
2856
2857
2857
2858
2860
2861
2864
2865
2866
2867
2867
2867
2869
2870
2872
2872
2874
2877
2879
2880
2881
2881
2881
2882
2887
2888
2889
2889
2891
2892
2893
2893
2895
2896
2899
2900
2901
2901
2901
2901
2902
2902
2902
2904
2906
2907
2907
2907
2908
2909
2911
2912
2913
2914
2915
2916
2916
2918
2918
2919
2920
2920
2921
2921
2924
2927
2927
2928
2932
2933
2933
2934
2936
2939
2939
2940
2940
2941
2944
2944
2944
2945
2945
2945
2946
2946
2947
2947
2947
2949
2949
2950
2950
2953
2953
2954
2954
2954
2955
2955
2957
2957
2957
2959
2960
2962
2963
2963
2964
2965
2966
2966
2966
2966
2967
2967
2968
2969
2969
2970
2971
2972
2972
2974
2974
2975
2980
2982
2983
2984
2984
2984
2986
2986
2986
2987
2989
2990
2990
2991
2991
2992
2993
2993
2994
2994
2994
2995
2995
2995
2997
2999
3002
3002
3003
3005
3006
3006
3007
3007
3008
3013
3014
3015
3016
3017
3017
3017
3018
3018
3019
3019
3020
3024
3024
3025
3027
3027
3028
3029
3030
3030
3031
3031
3032
3032
3033
3033
3034
3038
3041
3041
3043
3045
3045
3046
3047
3048
3048
3049
3052
3053
3053
3055
3057
3057
3057
3058
3058
3059
3060
3061
3061
3062
3064
3064
3065
3065
3066
3066
3066
3069
3069
3071
3071
3071
3073
3074
3075
3077
3077
3078
3080
3080
3080
3080
3083
3085
3086
3093
3093
3094
3095
3098
3099
3099
3099
3100
3102
3102
3102
3103
3107
3108
3110
3110
3111
3112
3112
3113
3116
3116
3119
3119
3120
3121
3122
3124
3124
3125
3128
3129
3130
3132
3133
3135
3136
3137
3138
3143
3143
3144
3145
3145
3145
3145
3146
3146
3146
3148
3149
3149
3151
3151
3152
3154
3154
3156
3156
3157
3159
3159
3160
3161
3161
3161
3161
3161
3162
3163
3165
3165
3166
3166
3166
3166
3167
3167
3169
3170
3171
3172
3173
3173
3174
3174
3175
3176
3179
3180
3181
3184
3184
3184
3185
3187
3188
3188
3189
3192
3193
3193
3194
3196
3198
3199
3200
3200
3200
3200
3202
3202
3206
3207
3210
3211
3213
3217
3219
3220
3221
3225
3226
3226
3230
3231
3231
3236
3238
3238
3240
3241
3242
3244
3245
3245
3247
3248
3248
3248
3249
3249
3251
3251
3252
3252
3253
3257
3258
3258
3258
3259
3259
3260
3260
3264
3265
3266
3267
3267
3268
3270
3271
3271
3272
3272
3273
3273
3276
3277
3277
3278
3278
3278
3278
3279
3280
3281
3282
3283
3284
3286
3289
3291
3292
3293
3293
3295
3296
3296
3296
3297
3298
3298
3301
3302
3302
3303
3304
3305
3308
3308
3309
3311
3311
3312
3313
3314
3315
3315
3315
3317
3317
3318
3319
3319
3320
3321
3322
3322
3322
3325
3325
3326
3328
3328
3328
3328
3330
3330
3332
3332
3332
3333
3334
3335
3336
3336
3336
3336
3336
3338
3345
3345
3345
3345
3346
3348
3349
3349
3350
3352
3353
3354
3355
3355
3360
3361
3361
3361
3364
3366
3366
3367
3368
3369
3369
3370
3370
3371
3371
3372
3373
3373
3374
3374
3376
3376
3377
3377
3378
3378
3378
3379
3379
3380
3380
3385
3385
3386
3386
3386
3386
3389
3389
3390
3390
3392
3393
3394
3395
3397
3397
3400
3400
3401
3401
3402
3402
3403
3404
3404
3404
3405
3405
3405
3406
3406
3407
3407
3408
3408
3408
3409
3409
3409
3409
3410
3411
3412
3412
3415
3415
3415
3417
3418
3418
3419
3419
3419
3420
3421
3422
3423
3423
3424
3426
3427
3428
3429
3430
3430
3431
3431
3432
3433
3435
3435
3435
3435
3436
3437
3437
3438
3440
3441
3441
3444
3445
3447
3447
3448
3448
3449
3451
3451
3452
3453
3454
3455
3458
3458
3463
3464
3464
3465
3465
3466
3467
3468
3468
3469
3469
3470
3471
3474
3475
3475
3475
3478
3478
3478
3478
3479
3481
3482
3484
3485
3487
3488
3491
3491
3492
3493
3493
3493
3493
3494
3494
3495
3497
3497
3497
3498
3500
3501
3503
3504
3505
3505
3506
3510
3511
3511
3513
3516
3517
3519
3520
3521
3521
3522
3522
3523
3523
3524
3524
3525
3526
3527
3527
3529
3531
3532
3534
3536
3536
3537
3538
3539
3539
3539
3540
3540
3540
3540
3541
3541
3543
3545
3545
3545
3546
3549
3549
3550
3551
3552
3552
3552
3554
3555
3557
3559
3560
3561
3565
3565
3565
3566
3567
3568
3569
3569
3570
3571
3572
3574
3575
3575
3576
3576
3577
3578
3579
3579
3580
3580
3580
3580
3581
3581
3582
3582
3582
3583
3584
3585
3586
3586
3587
3587
3590
3591
3591
3592
3595
3596
3597
3597
3599
3599
3600
3600
3601
3601
3601
3604
3604
3604
3605
3606
3606
3607
3608
3610
3610
3612
3613
3613
3614
3614
3615
3616
3617
3617
3617
3618
3619
3621
3623
3624
3626
3626
3627
3627
3627
3628
3629
3630
3630
3631
3631
3632
3632
3633
3637
3639
3644
3644
3644
3647
3648
3650
3650
3651
3651
3652
3652
3653
3654
3654
3656
3657
3658
3658
3659
3659
3660
3660
3660
3662
3663
3664
3664
3667
3668
3669
3669
3670
3672
3675
3675
3675
3676
3678
3678
3679
3679
3679
3681
3683
3683
3683
3684
3685
3685
3686
3687
3689
3692
3692
3694
3695
3696
3696
3696
3697
3697
3698
3698
3699
3700
3701
3701
3702
3702
3703
3703
3704
3708
3709
3709
3710
3713
3716
3718
3718
3718
3719
3719
3719
3719
3720
3720
3721
3723
3725
3725
3725
3725
3726
3727
3727
3728
3728
3728
3730
3733
3735
3737
3738
3739
3740
3740
3740
3741
3742
3743
3743
3744
3745
3746
3746
3746
3746
3747
3748
3748
3749
3749
3750
3751
3752
3752
3753
3754
3754
3754
3756
3758
3758
3758
3758
3759
3760
3763
3764
3765
3765
3765
3765
3766
3767
3768
3768
3768
3769
3770
3770
3771
3773
3773
3774
3776
3776
3776
3777
3777
3777
3778
3778
3779
3780
3780
3781
3784
3784
3789
3790
3792
3792
3793
3793
3794
3795
3797
3797
3797
3798
3798
3798
3800
3800
3802
3802
3803
3803
3804
3805
3807
3807
3808
3808
3810
3810
3811
3811
3811
3812
3814
3815
3815
3818
3818
3818
3819
3819
3821
3823
3824
3825
3825
3825
3826
3830
3830
3831
3832
3836
3836
3836
3837
3838
3838
3838
3841
3841
3842
3843
3843
3844
3844
3846
3846
3847
3848
3848
3849
3850
3851
3854
3854
3855
3856
3858
3860
3861
3861
3862
3863
3865
3866
3866
3869
3871
3871
3871
3871
3872
3872
3873
3873
3873
3874
3874
3875
3877
3877
3883
3883
3884
3884
3884
3885
3887
3888
3889
3890
3890
3891
3891
3892
3893
3893
3894
3895
3895
3896
3896
3897
3898
3898
3900
3901
3901
3902
3902
3902
3903
3905
3905
3905
3905
3906
3906
3906
3908
3908
3908
3910
3911
3912
3912
3914
3916
3917
3918
3918
3919
3919
3920
3921
3921
3923
3923
3924
3924
3925
3925
3925
3927
3928
3928
3929
3929
3933
3936
3937
3938
3939
3942
3943
3943
3943
3944
3944
3946
3947
3948
3949
3950
3950
3951
3951
3954
3954
3954
3956
3956
3956
3958
3958
3959
3959
3962
3963
3964
3965
3965
3966
3967
3967
3970
3970
3970
3971
3971
3973
3974
3974
3975
3976
3976
3977
3979
3981
3981
3982
3984
3985
3986
3986
3988
3989
3989
3989
3990
3990
3991
3992
3993
3993
3994
3994
3994
3995
3996
3998
4001
4001
4002
4002
4004
4005
4008
4011
4013
4013
4014
4014
4015
4016
4016
4017
4018
4021
4024
4024
4024
4024
4025
4025
4026
4027
4029
4029
4031
4031
4033
4034
4035
4035
4038
4039
4040
4040
4042
4043
4043
4044
4045
4046
4047
4047
4048
4048
4049
4050
4051
4051
4052
4054
4055
4055
4055
4056
4057
4058
4058
4058
4060
4060
4061
4062
4063
4065
4066
4068
4068
4068
4068
4069
4070
4070
4070
4070
4071
4073
4074
4077
4077
4077
4083
4083
4084
4085
4086
4086
4086
4088
4089
4089
4090
4090
4093
4094
4096
4098
4098
4100
4100
4100
4100
4101
4103
4103
4105
4105
4107
4107
4109
4110
4112
4112
4113
4113
4113
4114
4115
4115
4117
4117
4119
4119
4123
4124
4127
4127
4130
4132
4133
4133
4134
4135
4136
4136
4138
4139
4140
4141
4142
4142
4144
4147
4152
4152
4153
4153
4153
4157
4157
4158
4160
4162
4163
4163
4164
4165
4165
4167
4168
4169
4170
4170
4172
4172
4175
4176
4177
4177
4179
4183
4185
4186
4188
4188
4191
4191
4192
4192
4193
4194
4194
4195
4197
4200
4201
4204
4204
4204
4204
4204
4205
4205
4205
4205
4206
4206
4208
4209
4211
4211
4211
4214
4215
4216
4217
4219
4220
4220
4221
4225
4225
4225
4230
4230
4231
4231
4231
4233
4235
4236
4239
4240
4241
4242
4243
4247
4250
4251
4251
4251
4251
4252
4253
4253
4253
4254
4255
4255
4255
4255
4256
4256
4257
4257
4258
4259
4262
4262
4262
4263
4264
4265
4266
4267
4268
4270
4270
4272
4272
4273
4277
4278
4279
4279
4279
4279
4279
4279
4281
4282
4282
4284
4285
4286
4287
4290
4290
4290
4291
4291
4292
4292
4293
4293
4294
4294
4294
4295
4295
4297
4297
4298
4300
4300
4300
4301
4302
4305
4305
4306
4306
4307
4308
4309
4309
4311
4312
4313
4313
4314
4314
4315
4316
4317
4319
4321
4323
4323
4324
4324
4325
4327
4328
4329
4330
4331
4331
4332
4332
4335
4335
4335
4336
4337
4338
4338
4340
4343
4345
4346
4346
4346
4346
4347
4347
4348
4348
4348
4349
4349
4349
4350
4350
4352
4352
4352
4353
4354
4355
4356
4356
4357
4357
4359
4359
4360
4361
4361
4363
4364
4364
4365
4365
4367
4368
4370
4370
4370
4370
4371
4371
4373
4376
4377
4377
4379
4381
4382
4383
4384
4389
4390
4391
4392
4393
4393
4393
4394
4394
4395
4396
4397
4398
4399
4399
4399
4400
4401
4402
4402
4403
4403
4405
4405
4408
4408
4412
4413
4413
4414
4414
4414
4414
4415
4416
4417
4418
4419
4421
4421
4424
4425
4426
4427
4428
4429
4429
4429
4432
4432
4432
4432
4434
4434
4435
4437
4438
4440
4440
4441
4442
4444
4447
4447
4447
4448
4448
4449
4452
4453
4453
4454
4454
4460
4460
4462
4462
4462
4463
4463
4463
4464
4464
4464
4464
4465
4465
4466
4466
4467
4468
4469
4470
4470
4471
4471
4472
4473
4473
4475
4476
4476
4476
4477
4477
4478
4481
4482
4484
4485
4486
4488
4488
4489
4489
4490
4491
4492
4493
4494
4494
4494
4495
4496
4497
4498
4499
4499
4499
4500
4501
4501
4502
4503
4503
4504
4505
4507
4508
4508
4513
4513
4515
4515
4517
4518
4518
4518
4519
4520
4521
4521
4524
4525
4527
4527
4528
4531
4533
4534
4535
4535
4535
4535
4538
4538
4539
4543
4544
4544
4547
4547
4547
4548
4548
4548
4548
4549
4549
4552
4553
4554
4555
4555
4556
4556
4559
4560
4560
4561
4562
4562
4562
4563
4563
4563
4567
4567
4567
4567
4569
4571
4571
4571
4573
4573
4573
4573
4574
4574
4574
4574
4574
4576
4578
4579
4580
4580
4582
4583
4584
4586
4589
4590
4591
4591
4592
4593
4594
4594
4595
4597
4597
4598
4598
4599
4600
4600
4601
4605
4607
4608
4610
4614
4615
4616
4618
4620
4620
4620
4622
4623
4625
4625
4625
4627
4628
4629
4629
4631
4632
4632
4633
4634
4635
4636
4638
4638
4638
4639
4639
4642
4642
4643
4643
4644
4645
4645
4646
4646
4646
4647
4647
4651
4652
4653
4654
4655
4658
4658
4661
4663
4663
4667
4667
4669
4671
4671
4671
4672
4672
4673
4673
4673
4674
4675
4676
4676
4678
4679
4682
4683
4684
4687
4687
4688
4688
4690
4690
4694
4697
4697
4701
4702
4703
4703
4703
4705
4706
4707
4709
4711
4711
4711
4713
4717
4717
4718
4720
4722
4723
4723
4723
4723
4723
4724
4724
4724
4726
4726
4729
4730
4731
4732
4732
4734
4734
4734
4735
4737
4738
4740
4741
4741
4744
4744
4744
4746
4747
4747
4749
4750
4750
4753
4753
4754
4754
4756
4756
4757
4759
4761
4762
4762
4762
4763
4764
4765
4766
4767
4767
4768
4773
4775
4779
4780
4780
4781
4782
4783
4783
4783
4784
4785
4785
4787
4787
4788
4788
4789
4789
4795
4795
4797
4798
4800
4800
4800
4800
4801
4801
4801
4803
4804
4805
4806
4807
4809
4810
4810
4812
4814
4814
4815
4815
4816
4817
4817
4818
4819
4820
4821
4822
4822
4822
4826
4827
4829
4829
4830
4831
4831
4832
4832
4833
4834
4836
4837
4838
4839
4839
4842
4843
4843
4846
4846
4848
4849
4849
4850
4851
4851
4852
4852
4853
4856
4857
4861
4861
4861
4862
4864
4864
4865
4865
4866
4866
4866
4867
4868
4870
4871
4871
4872
4872
4873
4874
4874
4880
4880
4881
4884
4884
4887
4887
4888
4888
4890
4890
4891
4892
4892
4893
4893
4893
4893
4894
4895
4895
4896
4899
4901
4901
4907
4908
4910
4911
4911
4911
4911
4912
4913
4913
4915
4916
4917
4917
4921
4921
4922
4922
4922
4922
4922
4924
4925
4929
4931
4932
4934
4934
4934
4934
4937
4937
4938
4938
4942
4942
4943
4944
4944
4945
4945
4945
4946
4947
4949
4950
4950
4950
4950
4952
4952
4952
4953
4953
4954
4956
4957
4958
4959
4960
4962
4963
4963
4964
4965
4968
4969
4969
4969
4970
4970
4971
4972
4973
4974
4975
4976
4977
4978
4978
4980
4980
4981
4982
4982
4982
4982
4984
4985
4985
4987
4987
4988
4989
4989
4990
4990
4992
4993
4993
4993
4993
4994
4994
4996
4997
5000
5001
5003
5003
5003
5005
5007
5007
5009
5009
5012
5012
5012
5017
5017
5018
5021
5023
5024
5025
5026
5027
5027
5028
5029
5029
5031
5031
5032
5032
5036
5036
5037
5038
5039
5040
5041
5041
5042
5042
5042
5043
5043
5043
5045
5045
5045
5047
5047
5047
5052
5052
5052
5054
5054
5055
5056
5057
5057
5057
5059
5061
5063
5064
5066
5066
5066
5067
5072
5072
5073
5073
5074
5075
5075
5075
5080
5080
5080
5081
5082
5083
5083
5084
5084
5085
5085
5086
5087
5091
5091
5093
5096
5097
5097
5099
5099
5100
5101
5101
5101
5105
5105
5108
5108
5109
5111
5111
5111
5112
5113
5114
5115
5116
5116
5119
5121
5122
5122
5126
5128
5128
5129
5131
5131
5132
5132
5133
5135
5136
5136
5136
5137
5138
5138
5139
5140
5141
5142
5143
5144
5144
5145
5149
5150
5150
5150
5151
5151
5152
5152
5152
5152
5154
5155
5155
5156
5156
5156
5156
5159
5160
5160
5162
5164
5165
5166
5166
5167
5169
5169
5170
5172
5172
5174
5174
5175
5175
5175
5175
5176
5179
5179
5181
5182
5182
5182
5183
5184
5185
5186
5187
5187
5189
5190
5191
5194
5197
5198
5201
5203
5203
5205
5208
5211
5213
5213
5213
5215
5215
5215
5216
5217
5219
5220
5221
5221
5222
5223
5224
5224
5224
5225
5225
5226
5231
5231
5231
5231
5232
5233
5235
5235
5236
5238
5241
5241
5242
5244
5244
5244
5245
5245
5246
5247
5247
5248
5250
5250
5251
5251
5253
5253
5253
5254
5255
5259
5259
5260
5260
5260
5260
5261
5262
5262
5265
5267
5268
5269
5269
5269
5270
5270
5270
5271
5272
5272
5273
5274
5275
5278
5279
5280
5280
5282
5282
5283
5284
5286
5286
5286
5287
5289
5290
5291
5292
5293
5293
5295
5297
5298
5303
5303
5305
5305
5305
5305
5306
5306
5307
5308
5310
5310
5311
5311
5312
5313
5313
5313
5314
5315
5315
5316
5317
5319
5319
5322
5325
5332
5332
5333
5334
5334
5334
5334
5335
5335
5335
5337
5338
5338
5340
5344
5345
5345
5346
5346
5348
5348
5348
5349
5351
5351
5352
5354
5354
5355
5355
5355
5356
5360
5360
5361
5362
5364
5364
5366
5366
5367
5367
5367
5368
5369
5371
5371
5374
5376
5377
5377
5378
5378
5378
5378
5382
5383
5385
5386
5390
5390
5390
5392
5392
5394
5395
5395
5397
5397
5397
5399
5400
5402
5402
5402
5402
5402
5403
5403
5404
5404
5407
5408
5410
5410
5413
5414
5415
5415
5416
5417
5418
5419
5420
5421
5423
5423
5424
5425
5426
5427
5429
5430
5430
5431
5431
5434
5434
5435
5437
5438
5439
5439
5441
5444
5444
5445
5446
5446
5449
5449
5449
5450
5450
5453
5454
5454
5455
5456
5457
5459
5462
5463
5464
5466
5467
5468
5470
5472
5474
5474
5475
5475
5476
5476
5476
5477
5478
5480
5480
5480
5482
5483
5484
5485
5486
5487
5487
5488
5489
5489
5493
5494
5496
5497
5499
5501
5502
5502
5502
5503
5504
5506
5511
5516
5516
5517
5518
5519
5520
5521
5521
5522
5523
5523
5525
5526
5526
5527
5529
5529
5534
5535
5535
5535
5536
5537
5540
5540
5540
5541
5542
5542
5543
5543
5543
5545
5545
5546
5546
5546
5546
5547
5547
5548
5549
5551
5551
5551
5552
5552
5552
5554
5555
5557
5558
5558
5558
5559
5563
5564
5565
5569
5571
5572
5572
5572
5573
5574
5574
5574
5575
5576
5576
5577
5577
5579
5579
5579
5580
5581
5582
5583
5585
5586
5586
5590
5590
5591
5591
5593
5594
5598
5601
5603
5603
5604
5604
5604
5604
5609
5610
5611
5614
5614
5615
5616
5617
5619
5619
5619
5620
5620
5621
5621
5624
5625
5627
5627
5627
5628
5630
5631
5631
5633
5633
5634
5635
5635
5635
5635
5637
5640
5640
5641
5641
5642
5643
5644
5644
5645
5645
5646
5647
5648
5648
5648
5649
5651
5652
5652
5652
5655
5655
5656
5657
5660
5662
5663
5663
5663
5666
5667
5668
5668
5669
5669
5670
5671
5672
5672
5673
5674
5677
5679
5679
5680
5680
5681
5682
5683
5684
5684
5687
5688
5689
5690
5691
5692
5692
5692
5693
5695
5696
5699
5699
5700
5701
5702
5704
5706
5706
5706
5706
5706
5706
5708
5709
5713
5713
5714
5714
5715
5716
5718
5719
5719
5723
5724
5725
5725
5726
5726
5728
5729
5729
5730
5731
5734
5737
5737
5739
5740
5740
5742
5742
5747
5748
5751
5757
5757
5760
5761
5762
5763
5765
5765
5766
5767
5767
5768
5769
5769
5770
5770
5771
5771
5771
5772
5774
5774
5775
5776
5776
5778
5779
5781
5781
5785
5786
5786
5786
5786
5787
5788
5788
5790
5791
5792
5795
5795
5796
5798
5801
5801
5801
5802
5802
5803
5803
5803
5804
5806
5806
5808
5808
5809
5809
5811
5812
5812
5814
5814
5815
5816
5817
5817
5820
5820
5822
5822
5822
5825
5825
5826
5827
5827
5827
5828
5829
5829
5831
5831
5831
5831
5833
5833
5836
5837
5838
5839
5839
5840
5841
5843
5845
5846
5846
5846
5847
5848
5849
5851
5851
5851
5852
5852
5852
5854
5854
5855
5857
5859
5859
5862
5862
5862
5862
5863
5864
5864
5866
5866
5867
5869
5873
5874
5874
5875
5875
5876
5877
5877
5877
5879
5879
5881
5881
5882
5882
5882
5883
5883
5884
5884
5887
5888
5888
5889
5889
5891
5891
5891
5891
5891
5892
5893
5893
5894
5894
5895
5895
5896
5896
5897
5901
5902
5903
5903
5903
5905
5905
5905
5906
5907
5908
5909
5910
5911
5912
5913
5914
5915
5915
5915
5915
5916
5918
5918
5919
5919
5924
5924
5925
5925
5925
5927
5929
5929
5929
5934
5935
5935
5938
5942
5943
5943
5943
5944
5948
5948
5952
5953
5954
5956
5956
5956
5957
5958
5962
5963
5963
5965
5965
5968
5968
5968
5970
5970
5970
5971
5977
5977
5977
5978
5978
5980
5983
5985
5986
5987
5988
5988
5988
5990
5991
5991
5991
5992
5993
5994
5995
5995
5995
5996
5996
5996
5997
5998
6000
6001
6001
6002
6003
6003
6004
6005
6009
6009
6010
6011
6011
6011
6011
6013
6013
6013
6016
6016
6018
6019
6019
6020
6020
6021
6022
6023
6024
6024
6025
6025
6027
6027
6028
6029
6033
6034
6040
6041
6042
6042
6043
6043
6047
6049
6049
6050
6050
6050
6050
6051
6052
6056
6056
6056
6059
6059
6059
6059
6060
6060
6062
6062
6063
6064
6064
6065
6066
6068
6069
6070
6071
6071
6072
6072
6073
6073
6074
6075
6076
6081
6083
6085
6085
6085
6087
6087
6090
6090
6091
6092
6092
6093
6095
6095
6095
6097
6097
6097
6097
6101
6102
6103
6103
6104
6105
6106
6107
6107
6108
6109
6110
6111
6114
6116
6118
6118
6119
6122
6124
6124
6124
6126
6127
6127
6128
6129
6132
6132
6132
6133
6133
6135
6137
6137
6138
6139
6139
6140
6143
6145
6146
6147
6149
6151
6154
6154
6154
6155
6155
6155
6155
6159
6159
6160
6160
6161
6164
6165
6165
6166
6169
6170
6171
6171
6173
6173
6174
6176
6176
6179
6183
6183
6185
6185
6187
6187
6188
6189
6190
6190
6191
6193
6193
6194
6195
6195
6195
6199
6200
6202
6202
6204
6205
6206
6208
6208
6208
6208
6209
6210
6212
6212
6213
6216
6220
6221
6222
6222
6223
6224
6224
6226
6227
6228
6229
6231
6235
6236
6237
6238
6239
6239
6240
6243
6243
6243
6243
6243
6243
6246
6246
6247
6248
6248
6249
6251
6254
6255
6255
6257
6257
6258
6262
6263
6264
6265
6267
6269
6269
6269
6269
6272
6273
6277
6277
6278
6278
6279
6279
6279
6280
6280
6282
6282
6283
6283
6285
6287
6289
6290
6290
6290
6291
6292
6294
6295
6297
6297
6300
6302
6302
6302
6302
6307
6311
6311
6312
6312
6312
6313
6314
6314
6315
6315
6316
6317
6318
6323
6324
6324
6325
6325
6326
6326
6326
6327
6327
6328
6330
6332
6333
6334
6334
6336
6338
6340
6340
6341
6341
6342
6343
6344
6344
6344
6344
6345
6346
6348
6348
6349
6354
6355
6356
6358
6358
6360
6360
6360
6360
6361
6363
6364
6364
6366
6366
6367
6369
6370
6370
6371
6371
6371
6372
6373
6373
6374
6374
6375
6377
6380
6380
6382
6383
6384
6384
6384
6384
6385
6385
6388
6388
6389
6391
6391
6391
6393
6393
6393
6394
6395
6395
6395
6396
6398
6399
6400
6402
6403
6404
6406
6406
6410
6411
6411
6412
6414
6415
6415
6415
6415
6418
6418
6419
6421
6422
6424
6424
6424
6424
6424
6425
6427
6429
6429
6429
6430
6431
6432
6433
6434
6435
6436
6440
6443
6443
6444
6444
6445
6446
6447
6447
6448
6449
6450
6451
6451
6451
6451
6451
6453
6457
6458
6459
6460
6461
6461
6462
6462
6462
6465
6465
6466
6467
6469
6469
6472
6475
6475
6477
6478
6479
6479
6479
6480
6480
6481
6482
6484
6485
6486
6486
6487
6487
6488
6488
6489
6489
6489
6490
6495
6495
6498
6499
6500
6500
6502
6502
6503
6504
6508
6508
6508
6511
6512
6513
6514
6515
6515
6515
6516
6517
6518
6519
6520
6522
6524
6525
6525
6526
6528
6528
6530
6532
6535
6535
6536
6536
6537
6539
6540
6541
6543
6544
6546
6546
6548
6548
6549
6550
6550
6552
6552
6552
6552
6553
6557
6558
6559
6560
6563
6563
6565
6565
6568
6568
6570
6571
6571
6571
6573
6573
6573
6575
6577
6578
6579
6581
6582
6582
6583
6584
6584
6585
6586
6586
6588
6589
6590
6590
6591
6592
6592
6593
6594
6595
6597
6597
6598
6598
6602
6602
6604
6605
6605
6606
6606
6607
6608
6609
6610
6611
6611
6617
6618
6619
6620
6620
6621
6621
6621
6623
6624
6625
6625
6626
6629
6629
6631
6632
6632
6632
6634
6636
6637
6638
6638
6639
6640
6641
6642
6643
6643
6643
6644
6648
6649
6649
6651
6652
6653
6654
6656
6657
6658
6658
6658
6659
6660
6660
6661
6662
6663
6663
6665
6665
6667
6667
6668
6668
6668
6669
6670
6670
6671
6671
6672
6672
6674
6674
6676
6676
6679
6679
6679
6680
6680
6680
6682
6683
6684
6684
6684
6687
6689
6689
6691
6694
6695
6697
6698
6698
6699
6700
6702
6704
6704
6704
6705
6705
6708
6708
6710
6713
6713
6713
6715
6715
6716
6717
6718
6719
6719
6719
6720
6721
6721
6722
6722
6722
6723
6725
6725
6726
6726
6727
6729
6729
6730
6732
6734
6734
6735
6736
6737
6737
6737
6741
6742
6742
6743
6743
6744
6746
6746
6747
6747
6749
6752
6753
6753
6755
6757
6758
6758
6759
6759
6759
6760
6761
6761
6763
6763
6764
6764
6765
6767
6768
6769
6770
6771
6773
6774
6774
6776
6776
6777
6777
6779
6780
6780
6781
6782
6783
6783
6783
6784
6785
6785
6786
6786
6787
6788
6789
6789
6789
6789
6790
6791
6792
6792
6793
6793
6793
6794
6796
6796
6797
6797
6798
6802
6802
6804
6804
6804
6804
6805
6806
6806
6807
6807
6807
6810
6810
6811
6812
6812
6814
6814
6814
6816
6816
6817
6817
6818
6820
6822
6826
6826
6826
6829
6830
6830
6830
6831
6833
6835
6836
6839
6840
6841
6842
6843
6843
6843
6844
6844
6846
6848
6848
6848
6849
6849
6850
6850
6851
6851
6852
6852
6852
6853
6853
6854
6857
6858
6860
6863
6863
6864
6865
6867
6869
6870
6872
6872
6873
6877
6877
6878
6878
6878
6880
6880
6883
6884
6885
6886
6886
6889
6889
6889
6890
6890
6890
6891
6892
6894
6895
6895
6895
6898
6898
6899
6899
6899
6900
6901
6903
6903
6903
6904
6905
6907
6907
6908
6909
6911
6912
6914
6916
6920
6921
6921
6923
6924
6926
6926
6927
6928
6928
6928
6929
6929
6929
6929
6931
6932
6934
6936
6936
6937
6938
6939
6939
6940
6940
6942
6943
6943
6943
6943
6943
6944
6945
6946
6946
6947
6954
6955
6955
6957
6958
6961
6961
6962
6966
6966
6967
6967
6967
6968
6968
6969
6969
6970
6970
6971
6975
6975
6976
6976
6978
6978
6978
6979
6980
6982
6983
6984
6985
6986
6988
6988
6988
6993
6993
6993
6994
6994
6995
6996
6996
6997
6999
7000
7000
7002
7003
7005
7006
7006
7006
7007
7008
7008
7010
7013
7013
7014
7015
7015
7015
7016
7017
7018
7019
7021
7021
7021
7021
7021
7022
7023
7023
7024
7024
7025
7025
7026
7028
7030
7031
7032
7037
7037
7039
7039
7039
7039
7040
7041
7042
7042
7043
7043
7046
7050
7054
7055
7055
7056
7057
7058
7060
7061
7061
7061
7062
7062
7062
7063
7067
7067
7070
7070
7071
7071
7073
7073
7074
7076
7077
7078
7079
7081
7081
7081
7082
7082
7083
7085
7085
7085
7086
7087
7088
7088
7090
7090
7090
7090
7091
7091
7092
7094
7094
7097
7098
7098
7100
7101
7102
7102
7102
7103
7106
7106
7107
7107
7107
7108
7109
7109
7110
7110
7112
7114
7115
7115
7115
7117
7118
7120
7122
7122
7123
7123
7123
7127
7129
7130
7130
7131
7131
7132
7132
7132
7133
7134
7134
7136
7140
7140
7141
7143
7144
7147
7148
7150
7152
7153
7154
7156
7160
7161
7162
7165
7165
7165
7165
7165
7166
7166
7167
7167
7167
7169
7169
7169
7170
7170
7171
7171
7171
7172
7173
7176
7176
7177
7177
7178
7179
7180
7180
7181
7182
7182
7183
7183
7183
7183
7184
7188
7188
7188
7188
7189
7190
7190
7190
7192
7192
7192
7192
7194
7196
7197
7198
7199
7201
7202
7202
7204
7204
7205
7207
7209
7210
7211
7213
7213
7213
7217
7217
7218
7220
7221
7222
7223
7224
7226
7226
7228
7229
7230
7230
7231
7232
7233
7233
7233
7235
7235
7235
7240
7240
7240
7240
7241
7242
7242
7243
7243
7243
7244
7246
7247
7249
7249
7249
7250
7251
7252
7256
7256
7257
7257
7258
7259
7260
7261
7262
7263
7267
7269
7270
7271
7271
7274
7275
7275
7276
7277
7277
7277
7277
7281
7282
7282
7283
7284
7284
7284
7286
7287
7287
7289
7291
7292
7293
7294
7294
7295
7296
7297
7299
7301
7302
7304
7304
7304
7304
7305
7307
7308
7309
7309
7311
7312
7312
7313
7314
7315
7315
7316
7321
7321
7322
7323
7324
7324
7324
7327
7327
7328
7328
7329
7329
7330
7331
7331
7332
7332
7333
7334
7335
7335
7337
7338
7339
7339
7343
7344
7346
7349
7349
7349
7349
7353
7354
7354
7354
7356
7357
7358
7358
7359
7360
7361
7363
7363
7368
7369
7369
7369
7369
7370
7371
7371
7372
7374
7375
7375
7378
7378
7379
7380
7381
7381
7381
7382
7382
7382
7385
7385
7386
7386
7387
7388
7389
7390
7390
7391
7391
7393
7394
7396
7398
7400
7400
7400
7402
7402
7403
7405
7407
7407
7407
7408
7408
7408
7409
7409
7409
7410
7411
7411
7413
7413
7415
7415
7416
7418
7420
7420
7421
7421
7423
7423
7425
7426
7427
7428
7429
7429
7429
7434
7434
7434
7435
7436
7436
7436
7438
7439
7442
7442
7444
7444
7444
7444
7445
7447
7447
7450
7450
7452
7453
7454
7456
7456
7458
7459
7459
7461
7461
7463
7463
7469
7469
7471
7471
7471
7472
7473
7473
7474
7475
7475
7476
7477
7477
7478
7479
7479
7482
7484
7484
7484
7485
7486
7486
7489
7489
7491
7493
7495
7495
7495
7499
7499
7500
7501
7504
7505
7507
7509
7510
7511
7511
7512
7512
7513
7514
7515
7517
7518
7519
7521
7522
7524
7524
7524
7524
7525
7525
7527
7529
7531
7532
7533
7534
7535
7536
7536
7536
7538
7538
7538
7539
7540
7541
7543
7544
7545
7546
7546
7547
7548
7548
7549
7550
7550
7551
7551
7551
7551
7551
7552
7553
7553
7554
7555
7559
7559
7561
7562
7562
7562
7564
7564
7565
7566
7568
7568
7572
7573
7575
7575
7575
7575
7576
7576
7576
7577
7577
7580
7580
7581
7582
7583
7583
7583
7583
7584
7588
7589
7590
7590
7593
7593
7594
7596
7596
7597
7599
7599
7602
7606
7606
7606
7606
7607
7608
7609
7610
7610
7611
7612
7612
7612
7612
7616
7616
7619
7619
7619
7620
7621
7623
7624
7625
7626
7630
7631
7632
7633
7633
7636
7636
7638
7639
7641
7644
7644
7647
7647
7648
7648
7648
7649
7649
7650
7650
7651
7654
7659
7659
7661
7662
7662
7663
7664
7664
7666
7666
7667
7667
7669
7670
7671
7672
7674
7674
7675
7675
7675
7676
7679
7682
7686
7687
7687
7688
7688
7690
7690
7691
7694
7694
7697
7699
7699
7699
7699
7701
7702
7703
7706
7706
7708
7711
7713
7714
7714
7715
7716
7716
7718
7719
7720
7721
7721
7722
7722
7722
7724
7726
7729
7731
7731
7732
7733
7733
7733
7735
7736
7740
7741
7741
7742
7743
7744
7744
7747
7747
7748
7748
7749
7749
7750
7750
7750
7754
7755
7756
7758
7760
7763
7763
7764
7766
7767
7769
7770
7771
7773
7775
7775
7775
7776
7776
7777
7779
7779
7779
7780
7782
7782
7785
7787
7787
7788
7788
7788
7788
7790
7792
7792
7793
7795
7796
7796
7797
7797
7797
7798
7798
7800
7801
7801
7803
7804
7808
7808
7808
7809
7810
7812
7812
7812
7813
7813
7814
7815
7818
7820
7821
7822
7822
7823
7830
7830
7834
7834
7836
7836
7838
7838
7839
7840
7845
7846
7846
7846
7848
7848
7848
7849
7856
7857
7857
7858
7859
7860
7861
7862
7863
7864
7864
7867
7867
7867
7870
7870
7874
7876
7878
7879
7879
7879
7880
7881
7882
7882
7885
7886
7886
7886
7889
7891
7891
7894
7894
7896
7896
7897
7897
7898
7898
7899
7899
7900
7901
7902
7904
7905
7906
7908
7909
7909
7910
7911
7911
7911
7912
7916
7916
7918
7918
7918
7919
7920
7922
7923
7925
7926
7927
7928
7930
7932
7933
7934
7935
7936
7937
7939
7939
7941
7943
7943
7945
7947
7949
7950
7953
7953
7954
7955
7955
7955
7955
7956
7956
7958
7958
7960
7960
7961
7962
7963
7964
7964
7965
7965
7966
7966
7967
7968
7969
7969
7971
7973
7973
7973
7975
7977
7977
7977
7980
7981
7982
7984
7984
7988
7989
7990
7991
7992
7994
7995
7996
7998
7999
7999
8000
8001
8003
8003
8003
8004
8005
8005
8007
8007
8008
8009
8009
8009
8009
8009
8009
8010
8011
8012
8014
8015
8016
8018
8021
8021
8024
8025
8026
8026
8027
8027
8029
8030
8032
8032
8032
8033
8036
8038
8039
8040
8042
8043
8043
8043
8044
8045
8047
8049
8049
8049
8049
8049
8050
8050
8051
8051
8051
8053
8053
8054
8060
8060
8062
8062
8063
8063
8064
8064
8068
8069
8070
8071
8071
8072
8072
8074
8074
8077
8078
8080
8090
8090
8092
8093
8094
8095
8095
8096
8096
8099
8100
8100
8102
8104
8107
8108
8109
8109
8111
8113
8114
8114
8115
8116
8116
8116
8117
8118
8119
8121
8122
8122
8122
8124
8125
8128
8128
8129
8129
8131
8131
8132
8133
8133
8134
8136
8136
8137
8138
8139
8139
8140
8140
8141
8142
8142
8142
8142
8143
8144
8144
8145
8147
8147
8147
8148
8149
8150
8151
8151
8153
8155
8155
8157
8158
8158
8162
8164
8165
8167
8167
8168
8172
8173
8174
8175
8175
8177
8177
8180
8181
8181
8182
8183
8188
8189
8189
8189
8190
8191
8192
8193
8194
8194
8195
8195
8195
8195
8198
8198
8198
8199
8201
8202
8202
8202
8203
8203
8204
8204
8204
8205
8205
8206
8207
8207
8208
8208
8209
8211
8211
8211
8213
8213
8214
8215
8216
8218
8218
8218
8218
8219
8221
8221
8222
8222
8223
8223
8225
8226
8226
8227
8227
8227
8229
8229
8231
8232
8233
8234
8236
8239
8241
8242
8243
8244
8246
8246
8246
8248
8249
8249
8250
8252
8252
8253
8253
8254
8256
8257
8260
8261
8264
8265
8265
8267
8268
8268
8269
8272
8272
8273
8273
8274
8277
8278
8288
8288
8288
8290
8291
8291
8292
8293
8293
8294
8295
8299
8299
8300
8301
8302
8302
8303
8305
8306
8308
8309
8310
8311
8312
8314
8314
8315
8315
8316
8316
8317
8317
8318
8319
8319
8320
8321
8324
8326
8326
8326
8327
8327
8330
8331
8331
8331
8333
8334
8337
8339
8340
8340
8340
8340
8341
8344
8345
8346
8346
8347
8349
8349
8349
8351
8352
8352
8352
8355
8357
8358
8358
8359
8360
8360
8361
8362
8364
8366
8368
8368
8368
8369
8369
8370
8373
8373
8374
8375
8376
8376
8380
8381
8381
8382
8383
8386
8386
8386
8386
8386
8387
8395
8395
8397
8402
8402
8405
8405
8406
8406
8410
8411
8413
8414
8414
8415
8417
8417
8418
8419
8420
8421
8421
8423
8423
8424
8427
8428
8428
8429
8430
8431
8431
8433
8435
8435
8437
8438
8439
8442
8444
8446
8446
8448
8448
8449
8450
8451
8451
8452
8453
8454
8454
8454
8455
8455
8456
8457
8458
8459
8460
8462
8465
8467
8467
8468
8468
8469
8469
8469
8470
8471
8471
8472
8473
8473
8474
8475
8475
8477
8477
8478
8478
8478
8478
8480
8480
8480
8483
8483
8484
8484
8484
8485
8485
8486
8487
8487
8487
8490
8492
8492
8494
8494
8494
8495
8498
8500
8501
8501
8502
8504
8505
8506
8506
8507
8507
8507
8510
8511
8512
8513
8513
8513
8514
8514
8517
8520
8520
8523
8525
8526
8531
8533
8533
8534
8534
8535
8537
8537
8540
8541
8542
8543
8545
8545
8545
8545
8549
8549
8551
8552
8553
8554
8554
8555
8555
8555
8555
8556
8556
8557
8560
8560
8560
8560
8561
8562
8562
8564
8566
8567
8568
8569
8570
8572
8572
8574
8575
8575
8577
8577
8578
8579
8580
8582
8583
8584
8585
8589
8589
8590
8590
8590
8592
8593
8594
8594
8594
8596
8598
8598
8598
8599
8600
8601
8602
8603
8603
8604
8605
8610
8610
8611
8612
8614
8614
8615
8618
8619
8621
8621
8623
8624
8625
8625
8626
8627
8627
8628
8629
8629
8632
8632
8632
8637
8637
8638
8640
8640
8642
8643
8643
8646
8646
8647
8647
8648
8648
8649
8651
8654
8654
8654
8655
8656
8657
8657
8659
8660
8663
8663
8663
8663
8663
8664
8664
8665
8667
8667
8667
8668
8669
8670
8670
8675
8675
8676
8679
8680
8680
8680
8682
8684
8684
8685
8685
8686
8687
8688
8689
8690
8691
8692
8692
8695
8695
8695
8695
8697
8699
8699
8699
8699
8700
8702
8702
8702
8703
8703
8704
8705
8705
8708
8710
8713
8716
8717
8717
8718
8720
8721
8724
8726
8726
8727
8727
8727
8727
8729
8729
8730
8731
8732
8732
8733
8733
8735
8735
8737
8737
8738
8738
8739
8742
8742
8742
8743
8744
8745
8746
8746
8748
8748
8750
8751
8751
8752
8753
8753
8756
8757
8758
8758
8758
8759
8761
8761
8762
8763
8763
8763
8764
8765
8765
8766
8768
8768
8771
8775
8776
8777
8777
8777
8777
8778
8779
8782
8783
8785
8785
8788
8789
8790
8793
8793
8794
8796
8797
8797
8798
8799
8799
8799
8800
8801
8801
8802
8802
8804
8804
8806
8806
8806
8806
8808
8808
8808
8811
8811
8811
8813
8813
8814
8814
8814
8816
8816
8816
8817
8821
8823
8823
8829
8831
8835
8835
8835
8837
8837
8838
8838
8840
8840
8841
8842
8842
8844
8845
8846
8846
8849
8849
8850
8852
8853
8854
8856
8858
8859
8859
8862
8862
8862
8863
8863
8863
8863
8863
8864
8865
8870
8872
8874
8876
8877
8882
8883
8884
8887
8887
8888
8889
8891
8892
8893
8894
8896
8897
8897
8898
8900
8901
8902
8903
8903
8903
8903
8904
8905
8906
8910
8911
8913
8914
8915
8915
8921
8923
8923
8923
8923
8924
8926
8926
8927
8927
8927
8927
8929
8929
8929
8929
8931
8931
8932
8932
8932
8933
8935
8936
8936
8937
8939
8939
8939
8939
8940
8940
8941
8941
8942
8942
8942
8943
8946
8947
8947
8950
8950
8950
8950
8952
8952
8952
8954
8955
8956
8957
8958
8959
8962
8963
8963
8965
8967
8967
8967
8968
8968
8973
8975
8975
8975
8976
8977
8977
8978
8982
8982
8986
8986
8986
8987
8987
8988
8989
8990
8991
8991
8995
8997
8999
9000
9002
9003
9005
9007
9011
9011
9012
9015
9016
9016
9016
9016
9017
9019
9020
9021
9023
9025
9025
9025
9026
9028
9028
9030
9030
9031
9033
9033
9034
9036
9036
9036
9040
9040
9041
9041
9043
9046
9047
9047
9047
9050
9051
9052
9055
9055
9058
9058
9061
9061
9061
9062
9062
9063
9064
9067
9068
9068
9068
9069
9071
9071
9072
9073
9074
9074
9076
9076
9076
9078
9079
9080
9084
9085
9089
9089
9090
9090
9090
9090
9093
9094
9096
9100
9101
9101
9105
9105
9105
9106
9108
9109
9113
9117
9117
9117
9121
9123
9123
9126
9127
9128
9128
9128
9131
9131
9131
9131
9132
9133
9135
9136
9139
9143
9144
9146
9147
9148
9148
9148
9149
9151
9151
9151
9151
9151
9153
9153
9154
9155
9156
9156
9157
9158
9160
9162
9162
9162
9163
9167
9167
9167
9168
9168
9172
9174
9174
9174
9175
9175
9176
9178
9178
9179
9179
9179
9185
9185
9187
9187
9187
9187
9188
9188
9189
9190
9190
9191
9191
9192
9192
9195
9196
9196
9197
9197
9198
9199
9201
9203
9206
9210
9211
9213
9217
9217
9219
9220
9221
9221
9222
9223
9223
9223
9223
9224
9225
9225
9228
9230
9231
9232
9236
9238
9239
9239
9243
9243
9245
9245
9246
9247
9247
9247
9247
9247
9248
9248
9250
9251
9251
9252
9254
9256
9256
9256
9257
9260
9260
9262
9262
9263
9266
9266
9267
9268
9268
9269
9270
9272
9272
9273
9274
9274
9275
9276
9276
9276
9277
9279
9281
9285
9285
9286
9293
9294
9294
9296
9297
9298
9299
9300
9301
9303
9305
9306
9306
9308
9309
9310
9310
9311
9312
9313
9314
9314
9318
9319
9319
9321
9321
9323
9323
9323
9327
9330
9331
9332
9336
9339
9340
9340
9341
9342
9342
9342
9343
9345
9355
9356
9356
9357
9361
9361
9362
9362
9363
9365
9366
9367
9368
9369
9369
9369
9371
9372
9373
9373
9378
9378
9379
9381
9382
9382
9383
9385
9386
9387
9388
9388
9388
9389
9389
9390
9390
9398
9400
9402
9404
9406
9406
9406
9407
9408
9411
9411
9412
9413
9413
9413
9413
9417
9418
9419
9419
9419
9419
9420
9421
9423
9425
9427
9429
9430
9430
9431
9432
9433
9434
9435
9439
9440
9440
9441
9442
9443
9445
9446
9447
9448
9451
9451
9456
9456
9457
9457
9458
9459
9460
9461
9461
9462
9462
9463
9464
9465
9465
9465
9465
9466
9467
9468
9470
9470
9471
9472
9473
9475
9475
9476
9482
9484
9484
9485
9485
9485
9485
9485
9487
9488
9488
9488
9490
9490
9491
9491
9491
9491
9494
9497
9498
9499
9499
9500
9500
9502
9507
9509
9509
9511
9512
9513
9514
9514
9516
9516
9516
9519
9520
9521
9523
9524
9528
9531
9534
9534
9535
9536
9536
9537
9538
9539
9539
9540
9541
9541
9543
9544
9546
9547
9548
9548
9549
9551
9552
9552
9553
9553
9554
9554
9554
9556
9556
9557
9559
9559
9560
9562
9564
9564
9564
9565
9566
9567
9568
9569
9569
9569
9571
9572
9572
9574
9574
9576
9576
9577
9580
9580
9582
9585
9586
9586
9587
9587
9588
9588
9590
9590
9590
9591
9594
9595
9595
9597
9597
9597
9597
9599
9600
9601
9601
9601
9602
9603
9603
9603
9603
9605
9605
9606
9606
9607
9608
9608
9609
9612
9614
9615
9617
9617
9618
9619
9619
9619
9620
9622
9622
9625
9626
9626
9627
9628
9629
9629
9629
9632
9634
9635
9637
9638
9639
9641
9642
9643
9643
9643
9645
9645
9645
9645
9646
9648
9649
9651
9651
9651
9652
9652
9653
9654
9655
9655
9656
9657
9658
9660
9661
9663
9665
9665
9665
9667
9668
9669
9669
9670
9671
9671
9672
9672
9674
9675
9675
9675
9675
9677
9678
9680
9681
9681
9682
9683
9684
9684
9685
9685
9686
9686
9687
9687
9689
9689
9690
9691
9691
9692
9692
9694
9694
9698
9699
9699
9703
9703
9704
9704
9706
9706
9708
9709
9709
9712
9712
9716
9717
9717
9718
9719
9720
9721
9721
9722
9723
9725
9725
9725
9728
9729
9730
9731
9731
9731
9732
9733
9734
9734
9736
9736
9737
9738
9738
9740
9743
9743
9746
9746
9749
9750
9750
9751
9751
9752
9753
9754
9756
9757
9757
9758
9759
9760
9761
9762
9763
9764
9764
9765
9765
9767
9767
9767
9767
9769
9770
9770
9771
9772
9774
9774
9775
9775
9776
9776
9778
9779
9779
9780
9781
9783
9785
9786
9787
9789
9792
9793
9794
9794
9794
9795
9796
9798
9798
9799
9800
9801
9801
9804
9806
9808
9809
9809
9811
9812
9813
9815
9815
9816
9816
9817
9820
9821
9822
9822
9823
9825
9826
9826
9826
9829
9831
9832
9832
9832
9833
9834
9837
9838
9840
9842
9842
9843
9844
9845
9845
9845
9848
9848
9849
9851
9852
9853
9854
9856
9858
9861
9862
9862
9864
9865
9866
9867
9868
9868
9868
9868
9872
9872
9872
9873
9873
9878
9880
9883
9883
9884
9884
9884
9885
9887
9888
9889
9889
9890
9893
9893
9894
9894
9895
9899
9900
9901
9902
9904
9905
9907
9908
9909
9910
9910
9911
9912
9915
9916
9917
9917
9919
9920
9921
9922
9922
9924
9924
9925
9926
9928
9929
9929
9930
9932
9932
9932
9932
9934
9935
9936
9937
9937
9939
9941
9942
9944
9945
9951
9952
9952
9953
9955
9955
9955
9959
9960
9962
9964
9964
9964
9966
9968
9968
9969
9969
9970
9970
9970
9971
9973
9973
9974
9975
9978
9981
9983
9984
9984
9986
9986
9987
9987
9987
9987
9987
9988
9989
9989
9989
9991
9993
9993
9995
9998
