2
3
3
3
5
5
7
8
9
10
14
14
14
16
16
17
19
20
21
22
29
29
30
31
32
32
33
34
34
36
38
38
39
41
43
44
45
45
46
46
46
47
49
49
50
50
50
52
52
53
53
54
58
59
59
61
63
65
65
68
69
69
69
69
70
71
73
75
79
80
81
81
82
83
84
84
85
85
88
89
90
90
91
91
91
92
94
95
95
97
99
99
100
101
102
103
103
105
106
108
108
109
110
110
111
112
112
112
113
115
119
119
120
121
124
125
127
129
130
131
133
134
136
137
138
139
139
140
140
141
142
142
145
146
147
147
148
149
149
150
150
156
156
158
159
160
161
161
161
163
164
165
166
168
168
169
171
172
173
175
177
177
178
178
180
180
181
182
183
183
184
184
185
187
188
188
189
191
192
193
193
196
196
196
196
198
198
200
200
200
202
203
204
205
206
206
209
212
212
212
214
214
214
216
216
216
217
219
219
219
220
221
222
222
224
227
227
228
230
230
232
232
233
233
233
235
235
236
236
236
236
237
237
237
239
239
243
244
246
246
247
247
247
248
249
249
249
250
250
252
253
253
253
253
253
253
253
257
261
261
262
263
263
263
264
264
264
266
266
266
266
266
267
268
269
270
270
273
275
275
275
276
277
278
278
278
280
281
283
283
283
285
286
287
289
290
290
292
293
294
295
296
299
301
301
302
303
304
305
305
306
307
309
310
310
310
311
311
311
315
317
317
317
317
317
320
321
321
321
322
322
322
323
323
324
324
325
326
326
327
327
328
329
331
332
332
334
335
336
337
337
337
338
339
339
340
340
341
342
343
344
345
347
350
352
354
355
356
357
361
361
362
367
367
368
369
370
371
371
372
372
372
374
374
374
375
377
378
379
379
380
382
382
383
383
384
384
388
388
388
389
390
391
392
393
394
395
395
398
398
399
399
399
401
401
402
402
402
403
403
404
407
408
408
408
409
410
411
411
414
415
416
417
417
418
419
419
420
421
421
422
423
425
425
425
425
426
426
426
427
433
433
435
437
438
440
440
443
443
443
444
444
444
445
446
446
447
447
447
450
450
450
452
453
454
455
455
456
456
456
459
459
460
461
463
463
463
466
467
468
468
468
469
472
472
474
475
475
477
477
477
478
480
482
482
482
484
486
487
487
487
488
488
489
492
493
493
494
494
495
496
497
497
498
502
503
504
506
506
507
508
508
508
509
509
511
513
516
518
518
519
520
520
520
521
521
521
521
525
525
526
526
526
527
527
528
528
528
528
530
530
531
533
533
534
534
534
535
535
536
538
538
539
540
541
541
543
545
549
549
550
551
552
554
558
559
564
564
565
567
568
569
569
569
570
573
573
574
575
578
578
579
580
581
583
584
586
588
589
589
590
593
593
595
595
596
596
598
598
600
600
601
601
603
604
604
604
605
607
609
609
609
610
611
611
613
613
621
622
623
623
623
623
623
623
623
624
625
627
627
627
628
630
630
630
631
631
632
633
633
633
635
635
637
637
637
637
637
638
639
640
640
641
643
645
645
647
647
651
652
652
653
653
655
656
657
657
658
659
662
662
663
665
668
669
669
670
670
671
675
676
676
677
678
680
681
682
682
682
683
684
685
686
688
688
688
688
690
691
692
693
694
695
696
696
698
698
698
699
702
703
704
704
704
705
706
707
708
708
711
711
711
711
713
714
715
718
719
719
720
722
722
723
724
724
725
727
728
729
732
732
736
737
737
738
738
738
740
742
743
743
743
743
744
745
745
746
746
747
748
750
752
753
758
759
759
760
761
761
762
762
762
763
764
764
765
765
769
771
772
774
775
775
779
781
781
783
784
784
785
788
789
789
790
791
791
794
795
796
799
801
802
802
802
804
805
805
807
808
808
808
809
809
809
810
812
812
815
816
817
817
818
821
821
822
822
824
824
825
826
827
827
829
829
829
830
830
830
831
835
838
838
839
840
840
841
841
841
843
845
845
846
846
847
848
848
848
850
851
852
852
855
855
855
856
859
859
859
861
861
861
862
865
866
868
868
869
869
869
870
873
874
876
876
876
879
879
881
881
882
883
884
886
886
889
889
889
890
891
892
892
892
894
895
895
896
896
898
899
899
901
905
905
905
905
905
906
908
909
911
911
912
914
916
916
917
917
919
920
923
924
924
926
927
927
927
930
931
931
932
932
932
932
932
933
935
937
938
938
939
939
939
943
944
944
949
951
953
958
958
960
961
962
962
963
963
965
966
967
967
968
969
970
973
973
974
977
977
977
978
978
979
980
981
982
982
982
983
983
984
985
986
986
988
988
990
990
992
994
995
1001
1001
1001
1001
1001
1002
1002
1003
1004
1007
1007
1008
1008
1008
1009
1009
1009
1010
1010
1010
1010
1011
1011
1012
1013
1016
1016
1018
1020
1020
1020
1021
1022
1022
1024
1027
1027
1030
1032
1032
1036
1040
1041
1041
1041
1045
1046
1047
1047
1047
1047
1048
1048
1048
1049
1052
1052
1053
1054
1054
1056
1057
1057
1057
1057
1060
1061
1062
1062
1062
1062
1063
1065
1067
1067
1068
1069
1069
1070
1070
1072
1072
1074
1075
1076
1076
1077
1081
1081
1081
1082
1082
1083
1083
1084
1084
1087
1090
1090
1091
1093
1094
1094
1095
1096
1098
1098
1098
1098
1099
1099
1100
1100
1102
1102
1103
1104
1104
1104
1104
1105
1106
1107
1108
1109
1110
1111
1111
1113
1113
1114
1114
1115
1116
1116
1118
1118
1121
1121
1121
1123
1123
1124
1124
1124
1126
1128
1129
1129
1130
1132
1133
1133
1135
1135
1137
1138
1139
1140
1141
1142
1143
1144
1144
1146
1146
1147
1147
1150
1151
1153
1154
1154
1158
1159
1161
1161
1162
1163
1164
1165
1167
1167
1167
1169
1170
1171
1172
1175
1176
1177
1177
1179
1179
1179
1180
1182
1182
1183
1185
1191
1191
1191
1192
1192
1195
1195
1196
1196
1199
1202
1204
1204
1204
1206
1207
1209
1209
1210
1211
1212
1212
1212
1214
1215
1215
1217
1219
1220
1220
1221
1222
1223
1224
1226
1226
1226
1227
1227
1227
1230
1231
1231
1231
1233
1234
1234
1236
1236
1236
1237
1238
1240
1241
1242
1243
1246
1247
1247
1248
1248
1248
1249
1250
1250
1251
1252
1254
1256
1256
1256
1258
1259
1264
1264
1266
1267
1268
1269
1270
1270
1270
1273
1274
1274
1276
1277
1278
1279
1280
1281
1281
1283
1283
1285
1285
1286
1287
1288
1290
1292
1293
1294
1294
1294
1294
1294
1296
1297
1298
1298
1299
1303
1303
1305
1306
1306
1306
1307
1307
1308
1308
1308
1310
1312
1314
1314
1314
1314
1315
1315
1315
1316
1317
1318
1319
1320
1321
1321
1322
1323
1325
1325
1326
1328
1329
1330
1330
1330
1331
1332
1332
1334
1334
1336
1341
1341
1341
1344
1345
1347
1349
1349
1350
1350
1351
1352
1354
1355
1356
1356
1358
1359
1360
1360
1365
1366
1368
1368
1369
1369
1371
1371
1372
1373
1373
1373
1374
1374
1375
1375
1375
1376
1377
1378
1378
1378
1379
1379
1379
1380
1380
1381
1381
1382
1385
1386
1386
1386
1388
1390
1391
1391
1391
1392
1394
1394
1394
1395
1397
1398
1398
1398
1400
1400
1401
1403
1404
1407
1408
1409
1411
1411
1411
1412
1412
1412
1414
1414
1415
1415
1416
1416
1417
1420
1420
1420
1422
1422
1422
1422
1424
1424
1424
1425
1427
1427
1428
1431
1434
1438
1438
1438
1439
1441
1443
1443
1444
1445
1445
1446
1446
1446
1447
1449
1450
1451
1457
1457
1458
1458
1459
1459
1459
1462
1464
1465
1465
1465
1468
1468
1470
1471
1472
1474
1474
1475
1475
1477
1478
1478
1479
1479
1479
1480
1482
1483
1483
1484
1485
1485
1486
1487
1489
1495
1495
1496
1496
1497
1498
1499
1502
1503
1504
1504
1505
1505
1506
1506
1506
1507
1510
1515
1516
1516
1516
1517
1517
1519
1520
1521
1522
1524
1524
1527
1527
1529
1529
1530
1531
1531
1531
1533
1533
1534
1534
1534
1535
1538
1538
1539
1540
1542
1543
1543
1544
1544
1544
1545
1545
1546
1546
1546
1547
1550
1551
1553
1554
1554
1555
1556
1557
1557
1559
1560
1565
1566
1567
1569
1569
1572
1574
1574
1575
1575
1577
1579
1580
1581
1581
1581
1581
1582
1583
1585
1587
1589
1591
1593
1593
1594
1595
1595
1596
1597
1598
1598
1598
1598
1600
1600
1601
1601
1602
1602
1603
1604
1604
1604
1605
1605
1606
1606
1608
1608
1609
1610
1611
1616
1616
1616
1616
1618
1618
1619
1620
1621
1622
1622
1625
1627
1628
1628
1628
1629
1631
1632
1635
1635
1637
1640
1641
1642
1643
1644
1645
1645
1647
1648
1653
1655
1656
1656
1657
1657
1657
1662
1665
1665
1668
1671
1672
1675
1675
1675
1676
1677
1683
1685
1685
1686
1686
1687
1687
1688
1689
1689
1690
1695
1695
1696
1697
1698
1700
1701
1701
1702
1702
1705
1705
1705
1707
1709
1710
1711
1711
1712
1713
1715
1716
1716
1716
1716
1718
1718
1719
1719
1721
1722
1722
1724
1727
1727
1728
1730
1731
1731
1733
1733
1736
1736
1736
1738
1739
1739
1740
1741
1744
1744
1747
1749
1750
1750
1750
1751
1751
1751
1752
1752
1753
1754
1756
1756
1756
1759
1760
1761
1761
1762
1763
1763
1763
1765
1765
1765
1766
1766
1767
1767
1767
1768
1769
1771
1772
1773
1775
1775
1775
1777
1779
1779
1780
1780
1781
1782
1782
1784
1788
1788
1789
1789
1791
1792
1793
1796
1796
1798
1798
1802
1802
1806
1807
1807
1808
1808
1810
1810
1811
1812
1815
1816
1817
1821
1824
1825
1826
1826
1827
1827
1828
1828
1829
1829
1830
1832
1832
1834
1835
1835
1835
1837
1837
1838
1838
1839
1840
1840
1843
1844
1845
1846
1847
1847
1848
1850
1850
1850
1850
1850
1851
1851
1855
1855
1856
1857
1857
1859
1861
1861
1862
1863
1864
1864
1864
1865
1865
1870
1871
1871
1872
1873
1874
1876
1879
1879
1882
1883
1885
1886
1886
1888
1888
1888
1889
1891
1891
1892
1892
1893
1894
1896
1897
1897
1898
1899
1900
1902
1903
1904
1905
1905
1907
1907
1908
1909
1909
1909
1909
1909
1910
1911
1911
1912
1913
1913
1914
1916
1917
1918
1919
1922
1923
1923
1924
1924
1925
1925
1925
1927
1928
1928
1929
1929
1929
1929
1930
1931
1932
1933
1933
1936
1938
1938
1939
1940
1940
1940
1941
1942
1942
1942
1942
1942
1943
1945
1945
1945
1945
1946
1949
1950
1951
1951
1953
1953
1955
1957
1958
1959
1959
1961
1961
1963
1964
1965
1966
1968
1968
1968
1968
1969
1969
1971
1971
1973
1975
1977
1978
1979
1980
1981
1981
1982
1984
1985
1989
1989
1990
1996
1997
1999
1999
1999
1999
1999
2000
2001
2002
2003
2004
2006
2007
2007
2010
2010
2010
2010
2012
2012
2012
2013
2014
2015
2015
2016
2016
2016
2016
2016
2017
2018
2018
2019
2020
2021
2021
2021
2022
2022
2023
2024
2025
2026
2028
2028
2029
2029
2029
2029
2030
2031
2032
2033
2035
2037
2037
2037
2037
2039
2040
2041
2042
2043
2045
2047
2047
2047
2047
2048
2048
2052
2052
2053
2053
2053
2054
2054
2055
2055
2056
2057
2057
2057
2058
2062
2063
2065
2066
2066
2066
2066
2067
2068
2070
2070
2071
2072
2074
2074
2074
2075
2075
2076
2078
2081
2082
2083
2084
2084
2090
2090
2091
2091
2094
2094
2095
2095
2096
2097
2097
2098
2098
2098
2098
2099
2100
2101
2101
2101
2102
2103
2103
2103
2104
2104
2105
2107
2109
2109
2110
2110
2110
2110
2110
2111
2111
2113
2114
2114
2115
2116
2116
2118
2118
2119
2120
2122
2125
2126
2127
2127
2128
2128
2129
2130
2130
2131
2133
2134
2135
2135
2135
2136
2137
2137
2138
2139
2140
2143
2143
2144
2146
2147
2151
2154
2155
2156
2157
2159
2159
2160
2161
2161
2163
2165
2165
2166
2167
2167
2169
2169
2172
2172
2172
2173
2174
2175
2176
2176
2176
2176
2177
2178
2179
2180
2182
2183
2184
2185
2185
2186
2186
2187
2189
2189
2190
2191
2191
2192
2193
2193
2195
2196
2196
2197
2198
2198
2198
2198
2200
2202
2203
2204
2205
2206
2210
2210
2210
2211
2211
2212
2213
2213
2213
2213
2216
2216
2217
2218
2218
2218
2218
2220
2220
2222
2222
2224
2225
2226
2226
2227
2228
2229
2229
2230
2232
2232
2232
2232
2233
2233
2234
2235
2235
2235
2235
2237
2237
2237
2237
2238
2238
2239
2239
2240
2241
2243
2244
2244
2246
2247
2247
2247
2248
2248
2248
2251
2251
2252
2252
2254
2254
2254
2255
2256
2257
2258
2259
2259
2259
2259
2260
2262
2263
2263
2265
2266
2266
2267
2268
2269
2270
2271
2272
2273
2278
2278
2278
2280
2280
2284
2286
2288
2290
2291
2291
2292
2292
2292
2292
2293
2296
2296
2296
2296
2296
2297
2298
2300
2302
2303
2303
2303
2306
2306
2307
2308
2309
2309
2311
2314
2315
2315
2317
2318
2318
2318
2318
2319
2319
2320
2322
2322
2323
2323
2324
2325
2325
2325
2326
2328
2329
2330
2330
2332
2334
2335
2336
2337
2337
2337
2338
2338
2339
2339
2339
2341
2341
2342
2343
2343
2344
2346
2347
2352
2353
2354
2354
2355
2357
2357
2357
2358
2361
2361
2364
2364
2365
2366
2366
2368
2368
2369
2371
2371
2372
2372
2376
2377
2377
2378
2380
2381
2382
2383
2384
2386
2387
2388
2389
2390
2392
2393
2393
2393
2396
2396
2397
2398
2400
2400
2402
2405
2407
2408
2410
2411
2411
2413
2413
2415
2416
2416
2417
2418
2418
2418
2418
2419
2419
2419
2420
2421
2421
2421
2423
2424
2424
2426
2429
2429
2430
2431
2435
2435
2436
2439
2440
2441
2442
2442
2443
2444
2445
2445
2446
2446
2446
2448
2448
2448
2450
2451
2453
2454
2457
2459
2459
2460
2460
2462
2462
2462
2465
2467
2467
2468
2468
2469
2471
2471
2472
2472
2474
2475
2479
2481
2481
2483
2489
2490
2490
2491
2491
2491
2494
2494
2494
2494
2496
2496
2496
2502
2503
2506
2509
2509
2510
2511
2514
2515
2516
2517
2518
2522
2523
2523
2524
2524
2525
2526
2526
2528
2528
2530
2533
2533
2534
2534
2535
2538
2538
2539
2542
2542
2542
2543
2543
2545
2545
2545
2547
2548
2548
2548
2549
2549
2549
2552
2552
2555
2556
2558
2561
2561
2562
2563
2564
2564
2565
2565
2565
2565
2567
2567
2567
2570
2570
2571
2574
2577
2578
2578
2579
2579
2580
2580
2581
2581
2581
2584
2585
2587
2588
2589
2589
2589
2590
2591
2592
2592
2592
2592
2594
2594
2594
2595
2596
2596
2597
2597
2600
2601
2603
2605
2606
2607
2608
2609
2613
2613
2619
2620
2621
2621
2622
2624
2624
2625
2627
2632
2633
2635
2636
2636
2636
2636
2637
2642
2643
2643
2644
2644
2645
2645
2645
2646
2650
2654
2654
2655
2655
2655
2655
2656
2657
2657
2658
2659
2661
2663
2663
2664
2664
2665
2666
2667
2669
2670
2671
2672
2673
2673
2674
2675
2676
2677
2678
2678
2678
2678
2679
2680
2682
2683
2683
2685
2688
2688
2690
2692
2692
2692
2692
2692
2695
2695
2696
2696
2696
2700
2702
2705
2705
2706
2707
2707
2709
2709
2711
2712
2712
2714
2716
2717
2718
2719
2720
2721
2721
2722
2724
2725
2726
2727
2728
2732
2732
2733
2737
2738
2740
2741
2741
2742
2742
2743
2743
2745
2746
2748
2749
2751
2751
2753
2753
2755
2755
2756
2756
2758
2759
2760
2761
2761
2762
2763
2764
2767
2767
2769
2770
2770
2772
2775
2775
2776
2777
2778
2780
2780
2782
2783
2783
2783
2784
2784
2784
2784
2786
2789
2789
2790
2791
2791
2792
2792
2793
2794
2795
2795
2796
2797
2798
2800
2800
2802
2802
2802
2802
2803
2804
2805
2806
2807
2809
2810
2810
2812
2812
2812
2813
2814
2816
2817
2819
2820
2820
2821
2824
2824
2824
2824
2825
2825
2825
2826
2826
2827
2828
2830
2831
2831
2834
2835
2835
2835
2836
2837
2838
2841
2841
2843
2843
2843
2844
2845
2847
2847
2850
2850
2851
2852
2853
2854
2855
2857
2857
2858
2858
2859
2860
2861
2862
2862
2864
2865
2866
2867
2867
2868
2868
2869
2871
2871
2871
2872
2875
2876
2877
2877
2877
2877
2878
2879
2882
2884
2884
2887
2887
2888
2889
2893
2894
2894
2896
2897
2898
2899
2901
2901
2902
2903
2903
2905
2905
2908
2908
2908
2909
2909
2912
2912
2914
2914
2915
2917
2919
2920
2921
2921
2921
2923
2925
2925
2926
2928
2929
2929
2930
2930
2935
2935
2937
2938
2938
2938
2939
2939
2939
2941
2943
2943
2943
2945
2947
2947
2948
2948
2950
2951
2953
2953
2954
2954
2955
2955
2957
2957
2958
2959
2960
2960
2960
2960
2961
2962
2963
2964
2964
2965
2966
2966
2968
2972
2973
2974
2976
2976
2977
2977
2977
2977
2979
2981
2981
2982
2983
2987
2988
2989
2990
2992
2993
2993
2993
2993
2993
2996
2999
3003
3004
3011
3012
3014
3015
3015
3016
3020
3020
3021
3021
3023
3024
3025
3026
3026
3027
3028
3030
3032
3034
3037
3037
3038
3041
3042
3043
3046
3047
3048
3049
3049
3050
3052
3052
3053
3053
3053
3054
3054
3054
3055
3055
3059
3059
3061
3062
3062
3063
3064
3065
3067
3067
3068
3069
3069
3070
3070
3071
3071
3075
3076
3077
3079
3079
3079
3080
3081
3081
3082
3084
3085
3085
3086
3086
3087
3088
3088
3090
3091
3092
3093
3093
3096
3097
3099
3100
3100
3101
3103
3104
3104
3105
3105
3109
3110
3110
3111
3112
3112
3112
3113
3114
3114
3115
3115
3117
3117
3118
3119
3119
3120
3120
3122
3122
3123
3123
3124
3125
3125
3126
3127
3130
3131
3134
3135
3136
3136
3136
3136
3137
3137
3140
3140
3140
3141
3141
3142
3143
3145
3145
3146
3149
3149
3150
3151
3151
3152
3152
3154
3156
3156
3157
3159
3160
3161
3165
3165
3167
3167
3169
3169
3170
3170
3170
3171
3172
3173
3176
3176
3177
3179
3179
3182
3183
3185
3185
3186
3186
3187
3188
3189
3189
3190
3191
3192
3192
3193
3194
3196
3196
3197
3197
3198
3202
3202
3202
3203
3205
3206
3207
3207
3208
3209
3212
3214
3217
3217
3217
3218
3219
3220
3220
3221
3223
3223
3224
3224
3224
3225
3226
3227
3229
3230
3231
3232
3233
3235
3236
3236
3237
3237
3238
3238
3239
3239
3239
3240
3241
3242
3243
3244
3244
3244
3245
3245
3246
3247
3247
3247
3248
3249
3250
3250
3252
3254
3254
3254
3256
3257
3259
3259
3259
3260
3260
3261
3261
3262
3263
3264
3264
3265
3266
3267
3268
3268
3270
3270
3271
3272
3272
3274
3274
3275
3275
3276
3276
3276
3277
3277
3277
3277
3277
3277
3277
3278
3279
3280
3281
3283
3285
3285
3285
3286
3286
3287
3288
3292
3293
3293
3296
3296
3297
3298
3299
3299
3299
3300
3301
3302
3304
3305
3306
3307
3307
3310
3310
3310
3310
3311
3312
3312
3313
3313
3314
3315
3315
3316
3316
3319
3319
3320
3320
3322
3322
3323
3323
3324
3324
3324
3327
3328
3328
3328
3328
3331
3331
3332
3333
3334
3334
3336
3336
3336
3336
3337
3339
3342
3343
3344
3344
3349
3351
3351
3351
3357
3358
3359
3359
3359
3362
3363
3363
3365
3366
3368
3368
3370
3372
3375
3375
3376
3380
3381
3382
3382
3382
3383
3384
3385
3387
3387
3389
3389
3390
3391
3395
3399
3399
3400
3400
3401
3401
3401
3402
3404
3406
3407
3409
3410
3412
3414
3414
3415
3415
3416
3417
3417
3418
3419
3419
3419
3419
3420
3422
3425
3425
3426
3426
3426
3427
3430
3430
3431
3433
3433
3434
3436
3436
3438
3439
3440
3440
3441
3443
3443
3446
3447
3447
3449
3449
3449
3452
3452
3453
3457
3458
3459
3460
3460
3461
3461
3462
3462
3462
3462
3463
3463
3464
3465
3466
3467
3469
3469
3471
3471
3475
3476
3476
3478
3479
3479
3480
3481
3481
3482
3483
3488
3488
3489
3489
3491
3491
3493
3495
3495
3497
3497
3497
3498
3498
3498
3499
3499
3500
3501
3502
3502
3502
3503
3503
3505
3505
3505
3506
3508
3509
3511
3511
3512
3514
3514
3518
3519
3520
3521
3521
3523
3523
3524
3524
3524
3528
3529
3532
3541
3543
3543
3544
3544
3547
3547
3548
3549
3551
3551
3551
3551
3552
3554
3554
3554
3555
3558
3560
3562
3562
3563
3564
3564
3565
3565
3566
3567
3568
3568
3569
3572
3573
3574
3575
3575
3577
3578
3578
3580
3581
3581
3582
3585
3587
3592
3592
3593
3597
3597
3597
3598
3599
3599
3599
3603
3604
3605
3606
3606
3607
3607
3608
3610
3611
3611
3611
3613
3613
3613
3614
3617
3618
3618
3619
3620
3620
3621
3623
3627
3630
3631
3632
3633
3633
3635
3636
3637
3637
3637
3641
3642
3642
3642
3645
3645
3646
3646
3648
3650
3651
3651
3655
3655
3656
3656
3657
3658
3659
3660
3661
3663
3664
3664
3664
3666
3667
3668
3669
3669
3670
3671
3672
3674
3675
3676
3677
3677
3677
3680
3681
3681
3681
3684
3685
3685
3686
3690
3690
3693
3694
3694
3695
3698
3698
3700
3700
3701
3702
3703
3703
3707
3709
3712
3712
3714
3715
3715
3716
3718
3719
3720
3720
3721
3722
3722
3723
3723
3725
3725
3726
3726
3727
3729
3730
3730
3731
3732
3735
3735
3735
3737
3738
3738
3739
3740
3740
3741
3742
3742
3744
3744
3746
3746
3746
3746
3746
3746
3748
3749
3751
3751
3751
3752
3753
3754
3755
3756
3756
3757
3757
3758
3758
3760
3761
3762
3762
3763
3763
3767
3767
3769
3769
3771
3773
3773
3774
3774
3774
3774
3776
3776
3776
3777
3783
3783
3784
3784
3784
3785
3790
3792
3792
3793
3794
3794
3794
3795
3796
3797
3797
3797
3800
3801
3802
3802
3803
3804
3804
3805
3805
3808
3811
3811
3812
3812
3814
3814
3815
3817
3818
3819
3823
3826
3826
3828
3828
3828
3829
3830
3831
3832
3833
3833
3836
3837
3837
3838
3839
3844
3846
3847
3848
3850
3852
3853
3853
3855
3856
3856
3856
3859
3859
3859
3859
3860
3861
3861
3862
3862
3863
3863
3863
3863
3864
3864
3870
3872
3873
3874
3875
3877
3877
3879
3879
3879
3879
3883
3884
3887
3887
3888
3888
3888
3888
3892
3898
3899
3900
3900
3902
3902
3903
3904
3904
3906
3906
3907
3909
3911
3911
3912
3913
3914
3915
3915
3916
3916
3917
3917
3920
3920
3921
3925
3925
3926
3928
3929
3930
3932
3932
3933
3933
3934
3934
3936
3937
3937
3938
3938
3938
3938
3939
3942
3943
3943
3943
3943
3944
3949
3950
3951
3952
3957
3957
3959
3959
3960
3964
3965
3966
3967
3968
3970
3970
3971
3972
3976
3978
3978
3978
3981
3982
3984
3985
3986
3986
3988
3988
3990
3992
3992
3992
3993
3994
3994
3995
3995
3996
3996
4000
4001
4001
4001
4002
4003
4004
4005
4005
4005
4005
4005
4006
4006
4010
4011
4011
4013
4013
4014
4014
4017
4018
4019
4022
4024
4024
4024
4024
4024
4026
4027
4030
4031
4031
4032
4033
4034
4034
4036
4036
4037
4037
4041
4042
4043
4043
4043
4045
4046
4046
4046
4046
4048
4051
4051
4052
4052
4053
4054
4056
4057
4057
4057
4057
4058
4062
4063
4065
4065
4069
4069
4070
4071
4072
4073
4073
4075
4077
4077
4078
4079
4081
4083
4084
4084
4084
4085
4086
4086
4087
4088
4089
4095
4095
4098
4098
4099
4099
4099
4100
4103
4103
4105
4105
4106
4107
4108
4108
4108
4109
4110
4111
4111
4112
4113
4114
4115
4120
4122
4124
4125
4125
4125
4126
4127
4127
4128
4128
4129
4130
4130
4132
4132
4134
4134
4135
4135
4136
4137
4139
4139
4141
4141
4141
4143
4143
4143
4146
4147
4147
4147
4148
4149
4150
4152
4153
4153
4153
4154
4154
4155
4158
4159
4159
4159
4160
4161
4161
4161
4161
4162
4163
4164
4166
4166
4167
4168
4170
4172
4172
4172
4174
4176
4177
4177
4178
4180
4180
4181
4182
4182
4187
4187
4187
4188
4188
4189
4190
4190
4190
4190
4192
4194
4196
4196
4197
4198
4200
4201
4202
4202
4202
4203
4204
4204
4204
4204
4206
4206
4207
4207
4207
4209
4210
4210
4211
4212
4212
4214
4214
4215
4216
4217
4217
4218
4219
4223
4224
4224
4229
4229
4230
4231
4231
4232
4232
4233
4234
4235
4235
4236
4237
4238
4238
4238
4238
4240
4240
4242
4242
4242
4245
4245
4245
4246
4247
4247
4247
4249
4250
4250
4250
4253
4255
4256
4257
4259
4259
4259
4261
4262
4262
4263
4263
4264
4264
4264
4265
4265
4267
4267
4267
4268
4268
4270
4270
4270
4272
4272
4273
4273
4275
4276
4277
4277
4278
4278
4279
4280
4281
4282
4282
4282
4283
4284
4284
4284
4285
4287
4287
4289
4290
4291
4292
4293
4294
4295
4296
4297
4297
4300
4301
4302
4302
4303
4303
4303
4304
4304
4305
4308
4308
4309
4310
4311
4313
4315
4315
4316
4318
4318
4319
4320
4323
4324
4325
4325
4327
4327
4328
4329
4330
4331
4331
4332
4332
4332
4336
4336
4336
4336
4336
4337
4338
4338
4338
4339
4341
4341
4343
4343
4344
4345
4347
4348
4349
4349
4350
4350
4351
4353
4353
4354
4354
4357
4358
4358
4359
4359
4360
4362
4363
4364
4365
4365
4365
4371
4371
4372
4374
4374
4375
4376
4378
4380
4381
4384
4386
4387
4388
4389
4389
4390
4390
4392
4393
4393
4396
4398
4398
4399
4399
4401
4402
4404
4405
4405
4407
4408
4412
4413
4417
4418
4419
4419
4419
4420
4420
4421
4421
4422
4423
4425
4425
4425
4426
4428
4429
4433
4433
4434
4434
4437
4438
4441
4441
4441
4442
4442
4442
4443
4444
4444
4447
4448
4449
4450
4451
4451
4453
4453
4453
4454
4455
4456
4457
4457
4458
4458
4458
4459
4459
4460
4461
4464
4465
4467
4467
4468
4469
4470
4470
4471
4471
4472
4472
4473
4474
4474
4475
4475
4476
4477
4477
4479
4480
4481
4483
4484
4485
4488
4491
4491
4492
4493
4493
4493
4495
4495
4498
4498
4498
4499
4499
4500
4501
4501
4503
4504
4505
4506
4509
4510
4510
4511
4511
4513
4514
4515
4516
4518
4518
4518
4521
4521
4522
4522
4522
4522
4523
4524
4525
4526
4527
4527
4529
4531
4532
4533
4533
4534
4536
4537
4537
4538
4538
4540
4540
4540
4541
4541
4542
4543
4544
4544
4545
4546
4547
4547
4550
4551
4552
4552
4552
4553
4555
4557
4558
4559
4562
4564
4564
4565
4565
4565
4565
4566
4570
4570
4571
4573
4574
4574
4578
4578
4578
4578
4581
4581
4583
4584
4584
4585
4585
4585
4586
4586
4586
4586
4590
4591
4592
4596
4597
4598
4599
4600
4601
4602
4603
4605
4607
4607
4608
4610
4611
4611
4614
4614
4615
4616
4617
4617
4617
4617
4618
4619
4619
4620
4620
4620
4621
4622
4623
4623
4624
4624
4624
4625
4626
4626
4627
4628
4628
4630
4632
4635
4635
4636
4638
4638
4639
4639
4641
4641
4641
4642
4643
4645
4645
4645
4646
4646
4647
4647
4648
4650
4652
4653
4653
4654
4654
4654
4656
4658
4659
4660
4662
4665
4666
4668
4669
4670
4672
4672
4674
4676
4677
4678
4678
4680
4680
4681
4682
4684
4687
4687
4688
4691
4694
4695
4696
4701
4702
4704
4705
4707
4707
4707
4707
4708
4708
4711
4711
4711
4712
4712
4717
4717
4717
4718
4719
4721
4721
4722
4724
4724
4724
4724
4725
4726
4727
4728
4735
4737
4738
4738
4739
4739
4741
4743
4743
4745
4745
4746
4746
4746
4747
4748
4749
4749
4753
4753
4754
4754
4756
4757
4757
4757
4758
4758
4760
4760
4760
4763
4765
4766
4767
4767
4768
4770
4771
4774
4774
4774
4775
4776
4779
4783
4787
4790
4793
4793
4794
4794
4794
4794
4794
4795
4799
4802
4805
4805
4805
4806
4808
4808
4811
4813
4814
4815
4815
4816
4818
4821
4823
4824
4825
4831
4832
4832
4832
4835
4836
4836
4836
4838
4839
4840
4843
4843
4844
4844
4844
4846
4846
4846
4847
4848
4848
4848
4849
4849
4851
4852
4853
4854
4857
4858
4862
4862
4864
4864
4866
4867
4868
4869
4869
4869
4870
4870
4873
4874
4874
4875
4875
4876
4877
4878
4878
4879
4880
4882
4883
4888
4889
4889
4890
4890
4891
4891
4893
4893
4894
4894
4897
4897
4900
4901
4903
4904
4908
4910
4914
4916
4917
4919
4919
4920
4920
4922
4922
4922
4924
4925
4926
4926
4928
4929
4930
4930
4931
4931
4931
4933
4934
4936
4937
4939
4940
4941
4942
4943
4943
4945
4945
4946
4947
4947
4947
4948
4953
4954
4956
4956
4956
4956
4958
4962
4962
4962
4967
4968
4969
4969
4971
4973
4974
4975
4977
4983
4985
4988
4990
4991
4992
4993
4995
4995
4997
4998
4998
4999
5001
5001
5001
5001
5002
5003
5003
5004
5007
5007
5008
5008
5009
5011
5011
5012
5020
5020
5020
5021
5023
5024
5025
5025
5025
5025
5027
5028
5029
5030
5030
5032
5033
5033
5034
5035
5036
5038
5038
5039
5040
5041
5041
5041
5044
5045
5045
5051
5051
5057
5059
5060
5062
5065
5067
5069
5072
5073
5076
5077
5077
5077
5078
5078
5079
5080
5080
5082
5083
5085
5085
5086
5088
5090
5091
5093
5094
5095
5097
5098
5099
5100
5101
5102
5103
5103
5105
5106
5107
5107
5108
5110
5110
5111
5113
5113
5115
5116
5117
5118
5121
5122
5123
5123
5125
5125
5126
5126
5127
5129
5129
5130
5130
5130
5131
5131
5132
5133
5134
5134
5135
5136
5138
5140
5140
5141
5145
5145
5145
5145
5150
5151
5151
5154
5157
5157
5158
5158
5158
5159
5159
5160
5165
5166
5168
5170
5170
5170
5172
5173
5174
5175
5176
5177
5177
5178
5180
5182
5183
5184
5184
5187
5187
5187
5188
5188
5192
5193
5195
5196
5197
5198
5199
5199
5200
5201
5203
5203
5205
5205
5207
5207
5208
5208
5212
5212
5216
5217
5218
5218
5222
5223
5225
5228
5231
5232
5232
5232
5232
5235
5236
5238
5240
5240
5241
5241
5242
5242
5242
5244
5246
5246
5246
5248
5248
5248
5249
5250
5250
5251
5251
5252
5253
5254
5254
5255
5255
5256
5256
5257
5259
5260
5260
5260
5262
5263
5264
5264
5265
5266
5266
5270
5271
5271
5272
5273
5274
5275
5276
5278
5281
5282
5282
5282
5283
5284
5284
5285
5286
5286
5287
5287
5288
5289
5289
5289
5290
5290
5291
5291
5292
5292
5293
5296
5296
5297
5299
5299
5299
5301
5303
5305
5306
5307
5309
5309
5309
5309
5309
5310
5311
5311
5311
5311
5311
5314
5314
5318
5318
5319
5319
5323
5323
5325
5328
5328
5328
5330
5330
5333
5334
5335
5336
5340
5340
5341
5341
5342
5343
5344
5345
5345
5346
5347
5351
5352
5352
5353
5354
5354
5355
5356
5356
5357
5358
5358
5359
5359
5363
5364
5364
5366
5367
5367
5368
5368
5369
5369
5370
5370
5370
5371
5372
5372
5375
5375
5375
5376
5376
5376
5377
5379
5380
5381
5383
5384
5384
5385
5386
5386
5386
5386
5387
5388
5389
5390
5391
5391
5392
5394
5394
5394
5397
5398
5400
5400
5400
5400
5404
5404
5405
5406
5406
5407
5414
5414
5414
5415
5416
5416
5419
5420
5421
5422
5422
5422
5423
5426
5427
5427
5429
5433
5434
5434
5435
5436
5437
5439
5440
5442
5443
5444
5445
5445
5445
5445
5446
5446
5446
5446
5447
5447
5448
5449
5450
5451
5451
5453
5453
5454
5455
5456
5456
5456
5457
5457
5458
5459
5460
5461
5463
5467
5469
5471
5472
5473
5476
5477
5477
5478
5479
5480
5482
5485
5486
5487
5487
5488
5490
5491
5493
5493
5494
5494
5494
5496
5497
5498
5499
5501
5504
5505
5506
5507
5510
5511
5513
5513
5515
5516
5517
5518
5520
5521
5521
5522
5523
5524
5528
5528
5529
5530
5530
5531
5531
5531
5532
5532
5532
5533
5534
5535
5536
5537
5537
5539
5539
5539
5540
5540
5541
5541
5541
5543
5546
5546
5546
5547
5548
5549
5549
5550
5550
5550
5552
5553
5556
5556
5559
5560
5560
5561
5561
5563
5563
5564
5565
5567
5568
5570
5570
5570
5575
5576
5576
5577
5577
5577
5578
5578
5582
5583
5583
5584
5586
5586
5586
5587
5587
5587
5588
5589
5591
5596
5596
5596
5598
5598
5599
5601
5602
5603
5606
5606
5606
5607
5614
5614
5615
5616
5616
5616
5616
5618
5618
5620
5621
5622
5622
5623
5624
5624
5625
5628
5629
5632
5634
5634
5635
5636
5637
5637
5638
5639
5641
5642
5643
5644
5645
5646
5647
5647
5647
5648
5649
5649
5649
5654
5657
5659
5659
5660
5661
5661
5661
5661
5662
5663
5663
5663
5665
5665
5666
5669
5670
5671
5672
5674
5675
5678
5678
5678
5678
5678
5679
5679
5679
5680
5682
5682
5685
5687
5687
5689
5690
5690
5694
5695
5696
5697
5697
5698
5700
5702
5702
5702
5703
5704
5705
5705
5705
5706
5707
5708
5709
5711
5712
5715
5715
5717
5717
5719
5719
5720
5721
5722
5724
5724
5727
5728
5728
5729
5729
5730
5731
5731
5731
5732
5733
5734
5734
5735
5736
5736
5736
5738
5738
5738
5739
5739
5741
5742
5743
5744
5746
5747
5749
5751
5751
5752
5752
5752
5752
5753
5755
5756
5756
5757
5757
5758
5759
5761
5761
5762
5764
5765
5766
5767
5769
5772
5773
5774
5777
5781
5782
5784
5786
5786
5787
5790
5791
5791
5794
5795
5796
5796
5796
5796
5797
5798
5798
5801
5801
5802
5802
5802
5803
5804
5804
5805
5809
5811
5813
5813
5813
5814
5815
5815
5818
5818
5820
5820
5820
5823
5824
5825
5826
5826
5826
5827
5827
5827
5828
5829
5830
5831
5833
5834
5835
5836
5837
5838
5838
5839
5839
5841
5841
5842
5842
5843
5843
5846
5848
5848
5848
5849
5850
5853
5855
5857
5858
5859
5861
5864
5865
5867
5867
5870
5870
5871
5872
5873
5873
5875
5875
5875
5877
5878
5878
5879
5881
5882
5882
5884
5885
5886
5887
5888
5889
5889
5890
5890
5891
5893
5896
5896
5898
5900
5901
5901
5901
5902
5903
5904
5904
5904
5909
5915
5917
5918
5919
5920
5921
5921
5922
5923
5924
5924
5927
5927
5928
5930
5931
5931
5932
5933
5934
5934
5936
5937
5937
5938
5939
5939
5942
5945
5946
5946
5947
5948
5949
5949
5957
5957
5957
5958
5959
5960
5961
5962
5963
5967
5967
5967
5972
5972
5972
5972
5972
5973
5973
5973
5974
5975
5979
5979
5979
5980
5980
5981
5981
5982
5983
5984
5985
5987
5988
5989
5989
5990
5990
5991
5992
5992
5995
5995
6000
6002
6002
6003
6003
6004
6004
6005
6005
6005
6006
6008
6011
6012
6014
6014
6014
6015
6016
6016
6016
6017
6019
6020
6020
6021
6021
6023
6023
6025
6028
6029
6030
6030
6030
6030
6030
6031
6031
6032
6033
6033
6035
6035
6036
6036
6038
6038
6039
6040
6040
6041
6041
6042
6045
6045
6046
6047
6048
6049
6049
6049
6052
6053
6053
6055
6055
6055
6056
6057
6058
6060
6060
6061
6063
6064
6065
6067
6068
6069
6069
6071
6071
6072
6074
6076
6076
6078
6078
6079
6079
6079
6080
6082
6083
6083
6084
6084
6084
6084
6084
6084
6085
6085
6087
6087
6089
6090
6090
6091
6091
6092
6093
6096
6096
6096
6096
6097
6098
6099
6099
6101
6104
6104
6105
6106
6107
6108
6108
6111
6112
6113
6116
6119
6121
6121
6122
6122
6122
6123
6125
6125
6126
6126
6127
6128
6130
6130
6134
6134
6135
6136
6136
6137
6138
6139
6140
6140
6144
6144
6145
6145
6146
6149
6152
6153
6154
6155
6156
6156
6157
6159
6161
6163
6164
6165
6166
6167
6168
6170
6170
6171
6171
6172
6173
6173
6174
6178
6179
6179
6180
6180
6181
6182
6182
6183
6183
6183
6184
6184
6186
6188
6188
6188
6189
6189
6190
6190
6191
6193
6193
6196
6197
6203
6203
6204
6205
6208
6208
6209
6211
6211
6213
6213
6213
6213
6213
6213
6214
6214
6216
6216
6217
6218
6218
6219
6219
6219
6221
6221
6221
6222
6223
6223
6224
6224
6226
6229
6231
6232
6232
6233
6233
6233
6235
6237
6238
6240
6241
6242
6244
6244
6244
6246
6247
6248
6249
6250
6250
6251
6253
6253
6253
6254
6255
6256
6256
6257
6258
6259
6261
6261
6261
6261
6262
6263
6266
6268
6270
6271
6273
6273
6274
6274
6276
6277
6278
6279
6280
6280
6280
6282
6282
6283
6285
6286
6289
6289
6291
6291
6292
6294
6295
6296
6298
6298
6301
6301
6302
6303
6303
6304
6305
6306
6307
6308
6309
6309
6310
6311
6311
6312
6317
6317
6318
6319
6319
6319
6320
6320
6320
6321
6322
6324
6324
6326
6326
6326
6327
6327
6328
6331
6331
6333
6333
6333
6334
6335
6336
6339
6342
6343
6343
6344
6344
6346
6346
6347
6348
6349
6350
6350
6351
6356
6358
6358
6358
6358
6359
6361
6361
6362
6363
6363
6364
6365
6366
6366
6366
6366
6366
6367
6367
6369
6369
6372
6374
6375
6376
6377
6377
6378
6379
6380
6382
6384
6384
6384
6386
6386
6387
6387
6387
6389
6389
6390
6393
6393
6394
6397
6398
6398
6399
6401
6401
6402
6404
6406
6406
6407
6408
6408
6409
6411
6412
6413
6413
6413
6416
6416
6417
6417
6418
6419
6421
6421
6421
6422
6423
6427
6427
6428
6429
6430
6432
6436
6436
6440
6442
6443
6444
6444
6445
6445
6448
6448
6448
6449
6450
6450
6452
6453
6454
6455
6456
6457
6461
6462
6465
6466
6466
6469
6469
6469
6469
6469
6470
6471
6471
6471
6472
6473
6473
6475
6475
6479
6480
6481
6482
6482
6483
6484
6485
6485
6487
6487
6489
6491
6492
6493
6494
6498
6498
6501
6502
6503
6503
6504
6504
6505
6505
6506
6506
6506
6506
6507
6507
6507
6508
6508
6508
6509
6512
6512
6512
6513
6514
6514
6515
6515
6516
6516
6517
6518
6519
6523
6524
6525
6525
6526
6526
6527
6528
6529
6530
6531
6531
6532
6532
6532
6533
6538
6539
6540
6541
6541
6543
6543
6546
6547
6547
6548
6549
6549
6549
6549
6550
6551
6551
6551
6552
6552
6555
6557
6558
6560
6561
6562
6562
6564
6566
6566
6569
6570
6571
6572
6573
6573
6574
6575
6575
6581
6582
6585
6587
6588
6591
6591
6591
6592
6592
6593
6594
6596
6597
6598
6598
6599
6600
6600
6600
6602
6602
6605
6606
6607
6607
6609
6609
6609
6612
6614
6615
6616
6618
6618
6619
6619
6621
6621
6627
6628
6628
6628
6629
6630
6639
6641
6644
6644
6646
6646
6647
6649
6649
6650
6651
6653
6653
6654
6654
6655
6656
6657
6659
6660
6661
6662
6663
6664
6665
6667
6668
6670
6670
6670
6671
6671
6671
6673
6674
6676
6676
6679
6683
6685
6687
6689
6690
6691
6691
6692
6693
6694
6698
6702
6702
6704
6704
6704
6704
6708
6711
6712
6713
6713
6714
6714
6715
6715
6717
6717
6718
6719
6720
6723
6724
6724
6724
6729
6730
6730
6733
6733
6736
6736
6736
6737
6739
6740
6740
6741
6742
6743
6743
6744
6745
6746
6747
6748
6751
6752
6753
6755
6755
6755
6758
6759
6761
6762
6762
6764
6765
6767
6767
6768
6770
6770
6770
6771
6771
6772
6773
6773
6775
6775
6776
6778
6779
6779
6780
6781
6783
6784
6788
6791
6796
6796
6796
6796
6798
6798
6800
6800
6801
6802
6803
6804
6804
6805
6805
6806
6807
6807
6808
6809
6809
6810
6812
6814
6818
6819
6819
6820
6821
6821
6822
6824
6824
6824
6826
6826
6826
6828
6829
6830
6831
6832
6832
6834
6834
6835
6835
6836
6836
6837
6837
6841
6841
6842
6843
6843
6844
6844
6847
6847
6847
6847
6847
6851
6852
6852
6853
6853
6854
6855
6855
6855
6857
6857
6859
6859
6859
6861
6861
6862
6862
6863
6863
6866
6866
6867
6870
6874
6875
6875
6875
6875
6876
6877
6878
6879
6882
6883
6884
6886
6887
6887
6887
6892
6892
6892
6893
6893
6896
6897
6899
6900
6902
6902
6903
6903
6904
6905
6906
6906
6907
6907
6910
6911
6912
6912
6916
6916
6916
6918
6920
6920
6921
6923
6924
6924
6924
6925
6926
6927
6927
6929
6931
6931
6931
6931
6932
6934
6934
6936
6942
6944
6945
6946
6947
6947
6949
6951
6953
6953
6954
6954
6954
6955
6959
6959
6959
6960
6961
6962
6964
6964
6964
6965
6969
6969
6970
6970
6970
6970
6972
6972
6973
6978
6979
6980
6981
6981
6982
6982
6982
6983
6984
6984
6984
6984
6985
6986
6987
6987
6988
6989
6990
6991
6991
6991
6992
6992
6993
6993
6994
6994
6994
6997
6997
7000
7000
7000
7001
7002
7003
7004
7005
7005
7006
7007
7008
7008
7010
7010
7010
7011
7012
7012
7013
7013
7014
7017
7019
7020
7021
7022
7022
7024
7025
7025
7027
7027
7028
7029
7030
7030
7030
7031
7032
7032
7034
7034
7037
7037
7039
7040
7040
7041
7041
7045
7045
7045
7046
7047
7048
7048
7050
7051
7054
7055
7058
7059
7061
7061
7062
7069
7069
7071
7073
7074
7075
7075
7077
7078
7080
7081
7084
7085
7085
7087
7087
7087
7089
7091
7091
7091
7092
7093
7093
7095
7095
7096
7097
7098
7100
7102
7105
7105
7109
7110
7110
7111
7111
7112
7112
7113
7113
7113
7113
7114
7115
7117
7118
7118
7119
7119
7123
7124
7125
7125
7125
7125
7127
7128
7128
7129
7131
7131
7131
7134
7136
7136
7136
7140
7142
7143
7145
7146
7146
7146
7146
7146
7148
7149
7150
7152
7154
7155
7156
7157
7158
7159
7159
7163
7165
7167
7168
7171
7172
7174
7174
7174
7175
7175
7177
7179
7180
7181
7181
7181
7183
7183
7183
7184
7185
7185
7185
7186
7188
7188
7189
7189
7190
7190
7192
7197
7197
7199
7200
7200
7200
7201
7201
7201
7201
7203
7203
7207
7207
7207
7208
7208
7209
7210
7212
7212
7212
7212
7213
7214
7215
7218
7219
7222
7222
7223
7226
7227
7227
7229
7230
7231
7232
7233
7233
7233
7234
7234
7235
7235
7236
7236
7236
7237
7238
7239
7240
7241
7241
7241
7242
7243
7245
7245
7246
7247
7249
7250
7252
7255
7255
7255
7256
7256
7256
7256
7260
7260
7260
7261
7262
7262
7263
7263
7264
7266
7267
7270
7271
7272
7272
7273
7274
7274
7277
7278
7278
7279
7279
7281
7281
7282
7283
7285
7288
7288
7288
7290
7292
7296
7296
7297
7297
7299
7299
7300
7300
7301
7301
7301
7303
7303
7304
7305
7305
7306
7312
7312
7315
7317
7318
7318
7319
7320
7320
7321
7322
7323
7323
7328
7329
7329
7330
7333
7336
7337
7338
7339
7340
7340
7340
7343
7343
7343
7344
7344
7346
7347
7347
7349
7349
7349
7354
7355
7356
7356
7356
7356
7359
7360
7361
7362
7362
7363
7367
7369
7369
7372
7372
7373
7373
7374
7374
7377
7378
7378
7379
7379
7379
7379
7379
7380
7380
7381
7382
7383
7383
7385
7387
7388
7389
7391
7392
7392
7393
7395
7395
7395
7396
7396
7397
7398
7399
7400
7400
7402
7402
7404
7410
7410
7410
7411
7411
7412
7412
7412
7412
7413
7414
7414
7416
7418
7418
7419
7419
7419
7420
7421
7424
7424
7424
7427
7428
7428
7428
7430
7431
7432
7434
7435
7436
7438
7438
7440
7440
7440
7443
7443
7443
7445
7445
7446
7447
7447
7447
7447
7450
7450
7451
7452
7452
7452
7453
7453
7454
7456
7456
7456
7458
7459
7460
7461
7464
7465
7466
7471
7474
7475
7476
7477
7478
7478
7479
7479
7479
7480
7481
7481
7482
7484
7484
7485
7485
7487
7488
7489
7490
7491
7492
7493
7495
7497
7497
7498
7498
7499
7499
7501
7504
7504
7505
7505
7506
7507
7508
7508
7508
7509
7509
7509
7509
7510
7510
7510
7512
7512
7513
7514
7514
7514
7516
7520
7520
7523
7523
7523
7523
7524
7525
7526
7528
7528
7529
7531
7531
7532
7533
7534
7535
7535
7537
7539
7539
7542
7542
7543
7543
7544
7544
7546
7546
7546
7548
7548
7549
7550
7550
7550
7553
7556
7556
7557
7557
7557
7557
7561
7562
7562
7562
7562
7563
7565
7566
7567
7567
7568
7570
7570
7572
7573
7573
7574
7575
7576
7576
7576
7577
7579
7580
7580
7581
7582
7587
7589
7589
7590
7592
7593
7594
7596
7596
7597
7597
7597
7598
7598
7600
7603
7606
7606
7607
7607
7607
7608
7608
7610
7611
7611
7612
7612
7615
7615
7615
7615
7616
7617
7618
7619
7619
7619
7620
7620
7621
7621
7622
7623
7624
7625
7627
7629
7629
7630
7634
7634
7635
7636
7636
7637
7637
7638
7639
7640
7641
7641
7642
7642
7642
7643
7644
7644
7645
7645
7647
7647
7648
7652
7653
7654
7657
7658
7658
7658
7659
7659
7660
7660
7660
7660
7660
7661
7663
7664
7664
7666
7666
7670
7670
7672
7673
7674
7678
7679
7680
7681
7681
7683
7684
7691
7692
7692
7692
7693
7696
7697
7701
7701
7701
7703
7703
7703
7705
7708
7710
7711
7712
7714
7716
7716
7720
7722
7722
7723
7724
7725
7726
7729
7730
7731
7731
7732
7732
7733
7734
7735
7736
7736
7737
7737
7737
7738
7739
7739
7741
7742
7743
7745
7746
7748
7748
7752
7753
7753
7754
7755
7755
7756
7763
7765
7766
7767
7767
7767
7767
7768
7768
7768
7769
7769
7769
7769
7771
7772
7776
7776
7779
7785
7786
7790
7790
7792
7794
7796
7797
7798
7798
7798
7801
7801
7803
7803
7803
7808
7810
7810
7812
7813
7815
7815
7817
7818
7820
7821
7822
7824
7824
7824
7824
7825
7827
7828
7829
7830
7830
7831
7833
7834
7834
7835
7836
7836
7837
7838
7838
7838
7839
7839
7840
7840
7841
7841
7842
7844
7847
7850
7851
7852
7852
7852
7854
7854
7855
7855
7856
7856
7860
7860
7861
7862
7864
7865
7866
7866
7867
7867
7868
7868
7868
7869
7870
7871
7872
7873
7874
7874
7874
7874
7874
7875
7876
7876
7878
7878
7878
7878
7878
7880
7881
7881
7881
7883
7884
7888
7888
7889
7889
7890
7891
7891
7894
7895
7899
7900
7901
7901
7902
7907
7908
7908
7909
7909
7909
7909
7912
7912
7914
7915
7916
7916
7917
7917
7919
7919
7919
7920
7920
7922
7923
7923
7924
7924
7925
7926
7927
7927
7927
7928
7928
7929
7930
7932
7932
7932
7935
7936
7937
7937
7937
7938
7938
7940
7940
7941
7941
7942
7942
7943
7944
7944
7945
7950
7951
7951
7951
7952
7953
7954
7954
7955
7956
7956
7957
7958
7958
7960
7961
7964
7965
7966
7969
7971
7971
7972
7975
7975
7976
7979
7981
7982
7982
7983
7984
7986
7986
7987
7988
7989
7989
7991
7993
7993
7993
7996
7996
8001
8001
8001
8004
8006
8007
8008
8009
8010
8012
8012
8012
8014
8015
8017
8018
8018
8019
8021
8021
8022
8025
8026
8027
8027
8029
8029
8030
8030
8031
8032
8033
8033
8035
8038
8038
8039
8039
8040
8041
8041
8044
8047
8047
8048
8048
8049
8049
8051
8052
8052
8052
8053
8053
8054
8054
8056
8056
8059
8059
8060
8060
8061
8062
8062
8063
8064
8065
8066
8068
8068
8069
8069
8069
8069
8070
8071
8073
8073
8074
8077
8078
8078
8079
8079
8081
8081
8081
8085
8085
8086
8090
8090
8094
8094
8095
8095
8095
8095
8095
8098
8098
8098
8099
8099
8100
8103
8103
8104
8104
8104
8105
8106
8107
8107
8108
8108
8110
8111
8112
8113
8115
8116
8116
8123
8124
8124
8131
8134
8139
8139
8140
8140
8141
8142
8143
8144
8147
8148
8148
8149
8149
8150
8150
8152
8152
8153
8153
8155
8156
8160
8161
8162
8162
8163
8163
8163
8163
8164
8165
8167
8167
8168
8168
8169
8169
8170
8170
8170
8170
8171
8174
8174
8174
8174
8175
8175
8176
8177
8178
8180
8182
8183
8183
8185
8185
8186
8186
8189
8189
8190
8192
8192
8193
8193
8193
8194
8194
8194
8197
8200
8200
8201
8201
8202
8204
8205
8206
8207
8207
8208
8209
8210
8214
8215
8215
8215
8216
8217
8218
8218
8218
8220
8221
8221
8222
8222
8222
8223
8223
8225
8225
8225
8226
8227
8231
8232
8233
8234
8236
8237
8240
8241
8244
8245
8246
8246
8246
8247
8248
8249
8250
8252
8252
8253
8253
8254
8256
8257
8258
8260
8261
8262
8262
8262
8264
8265
8269
8270
8272
8273
8273
8274
8274
8276
8281
8282
8282
8282
8283
8284
8284
8285
8285
8286
8286
8286
8287
8289
8290
8291
8293
8294
8294
8297
8298
8298
8298
8298
8299
8299
8302
8304
8304
8305
8305
8307
8308
8309
8311
8312
8312
8313
8314
8314
8314
8319
8319
8319
8320
8320
8321
8322
8323
8324
8325
8325
8325
8326
8328
8328
8328
8329
8330
8330
8330
8331
8332
8335
8336
8338
8339
8341
8342
8342
8345
8349
8350
8350
8353
8353
8353
8356
8356
8357
8358
8359
8359
8360
8360
8361
8362
8363
8367
8367
8369
8369
8372
8373
8374
8374
8375
8375
8375
8376
8377
8377
8379
8380
8380
8380
8381
8381
8381
8384
8385
8386
8387
8387
8387
8387
8388
8389
8391
8391
8392
8393
8394
8394
8397
8397
8398
8398
8399
8399
8400
8402
8403
8403
8406
8407
8408
8408
8408
8408
8409
8409
8410
8411
8413
8414
8414
8415
8415
8416
8417
8417
8418
8418
8419
8420
8420
8423
8423
8424
8424
8424
8428
8431
8431
8432
8435
8435
8436
8437
8439
8439
8440
8441
8444
8445
8446
8446
8447
8449
8450
8450
8451
8452
8452
8455
8456
8457
8457
8459
8459
8460
8460
8461
8461
8462
8463
8464
8465
8466
8469
8471
8472
8472
8472
8473
8473
8473
8475
8475
8476
8477
8477
8477
8480
8481
8484
8486
8487
8487
8488
8490
8490
8492
8495
8498
8498
8499
8499
8500
8501
8502
8502
8503
8503
8505
8507
8508
8509
8509
8510
8511
8512
8512
8512
8514
8516
8517
8517
8519
8523
8525
8527
8529
8530
8530
8531
8531
8532
8533
8540
8542
8542
8545
8547
8548
8549
8549
8550
8550
8552
8553
8553
8555
8555
8555
8557
8558
8559
8562
8562
8563
8563
8564
8565
8565
8566
8566
8566
8567
8567
8569
8570
8570
8571
8574
8575
8576
8577
8578
8579
8581
8584
8584
8586
8588
8588
8591
8592
8593
8593
8593
8596
8597
8598
8598
8600
8602
8604
8604
8606
8606
8607
8608
8608
8612
8615
8615
8616
8617
8617
8619
8620
8620
8620
8620
8621
8623
8623
8624
8625
8626
8628
8629
8629
8629
8629
8631
8632
8632
8633
8634
8635
8637
8637
8638
8639
8639
8639
8640
8640
8640
8641
8641
8643
8644
8644
8644
8645
8645
8647
8647
8647
8648
8649
8649
8651
8652
8655
8656
8656
8657
8657
8658
8659
8659
8660
8661
8661
8663
8666
8669
8670
8672
8672
8676
8677
8678
8679
8681
8682
8682
8682
8683
8683
8685
8685
8686
8689
8689
8691
8692
8694
8694
8694
8694
8695
8695
8696
8696
8699
8700
8700
8701
8702
8703
8704
8705
8706
8710
8711
8713
8715
8715
8719
8719
8721
8721
8721
8721
8721
8726
8726
8727
8728
8732
8732
8733
8734
8735
8736
8737
8737
8738
8738
8738
8739
8739
8743
8744
8745
8746
8746
8747
8749
8751
8755
8757
8757
8760
8760
8761
8762
8763
8764
8764
8764
8765
8765
8767
8772
8772
8774
8774
8774
8775
8776
8776
8778
8782
8784
8784
8787
8788
8788
8789
8789
8791
8792
8792
8792
8792
8794
8794
8795
8795
8795
8795
8796
8797
8798
8798
8799
8799
8802
8802
8804
8805
8806
8809
8809
8810
8810
8811
8811
8813
8813
8814
8814
8815
8815
8816
8817
8818
8820
8821
8821
8822
8823
8823
8823
8824
8825
8826
8827
8830
8831
8832
8832
8834
8835
8836
8837
8838
8838
8839
8841
8841
8841
8845
8846
8847
8848
8849
8850
8850
8851
8853
8854
8854
8856
8856
8858
8859
8859
8861
8863
8865
8866
8867
8868
8868
8868
8869
8870
8872
8873
8874
8876
8877
8878
8878
8878
8881
8881
8881
8883
8883
8887
8887
8888
8889
8889
8891
8891
8893
8894
8895
8895
8896
8898
8900
8901
8901
8902
8902
8902
8903
8904
8904
8908
8909
8912
8912
8912
8913
8914
8915
8916
8918
8918
8919
8920
8921
8921
8921
8922
8922
8922
8923
8924
8925
8928
8928
8928
8929
8929
8929
8930
8931
8932
8933
8933
8935
8938
8938
8938
8938
8940
8942
8943
8943
8944
8944
8946
8946
8946
8948
8950
8951
8951
8952
8952
8953
8953
8954
8954
8954
8955
8955
8955
8956
8957
8958
8960
8961
8962
8962
8965
8966
8966
8967
8967
8967
8968
8969
8969
8970
8971
8971
8973
8973
8974
8974
8976
8980
8981
8982
8984
8985
8986
8989
8989
8990
8993
8993
8994
8995
8995
8996
8996
8997
8998
9000
9000
9000
9001
9001
9002
9002
9003
9004
9006
9008
9011
9012
9013
9013
9014
9014
9014
9015
9017
9018
9020
9023
9023
9023
9024
9025
9025
9027
9029
9030
9030
9031
9032
9032
9034
9035
9037
9038
9040
9041
9042
9043
9044
9044
9044
9045
9046
9046
9046
9047
9047
9047
9047
9049
9049
9050
9051
9053
9053
9055
9055
9057
9058
9059
9059
9061
9061
9061
9062
9063
9063
9063
9064
9068
9068
9069
9069
9070
9073
9073
9077
9077
9078
9078
9078
9078
9079
9079
9080
9080
9082
9083
9084
9085
9086
9087
9088
9088
9089
9089
9090
9090
9092
9092
9093
9094
9097
9097
9097
9099
9099
9099
9100
9100
9102
9104
9105
9109
9111
9111
9113
9114
9115
9116
9117
9117
9119
9120
9121
9121
9122
9123
9123
9125
9125
9127
9129
9129
9130
9131
9132
9134
9136
9136
9137
9140
9142
9144
9147
9148
9150
9151
9151
9152
9155
9155
9156
9156
9157
9159
9159
9162
9162
9162
9162
9162
9163
9163
9163
9164
9164
9165
9166
9167
9167
9169
9169
9170
9170
9171
9172
9172
9172
9173
9175
9175
9176
9180
9181
9183
9183
9183
9184
9184
9184
9187
9190
9190
9193
9193
9195
9196
9197
9198
9199
9200
9201
9202
9202
9202
9203
9204
9204
9204
9207
9207
9209
9210
9210
9211
9214
9214
9216
9216
9217
9217
9217
9218
9225
9226
9226
9226
9226
9228
9229
9233
9233
9234
9234
9234
9234
9236
9237
9237
9238
9238
9240
9240
9241
9242
9244
9244
9245
9245
9246
9246
9247
9247
9248
9249
9251
9251
9252
9252
9253
9254
9254
9255
9255
9256
9256
9256
9256
9258
9260
9260
9260
9262
9264
9265
9267
9267
9268
9269
9269
9272
9273
9274
9274
9275
9275
9276
9276
9276
9277
9279
9279
9280
9282
9283
9284
9285
9285
9286
9286
9286
9286
9286
9287
9287
9289
9289
9292
9293
9294
9296
9296
9297
9297
9297
9298
9299
9299
9301
9304
9304
9305
9305
9309
9309
9311
9311
9312
9313
9313
9313
9315
9316
9316
9316
9317
9319
9319
9319
9321
9321
9321
9323
9323
9324
9326
9327
9327
9330
9331
9331
9333
9336
9336
9338
9339
9340
9341
9342
9343
9345
9347
9347
9348
9348
9349
9349
9349
9349
9353
9355
9355
9356
9357
9360
9360
9360
9360
9361
9362
9362
9362
9363
9367
9367
9368
9369
9370
9372
9375
9376
9376
9376
9377
9378
9380
9380
9381
9382
9382
9384
9384
9384
9385
9388
9388
9388
9392
9392
9392
9393
9393
9394
9394
9395
9397
9398
9400
9402
9403
9404
9406
9409
9411
9411
9411
9412
9413
9413
9413
9415
9417
9418
9418
9418
9418
9419
9419
9420
9421
9421
9421
9422
9422
9422
9422
9423
9424
9426
9426
9427
9427
9427
9427
9430
9430
9432
9433
9434
9434
9434
9435
9436
9436
9436
9436
9437
9439
9440
9441
9441
9445
9445
9447
9448
9449
9450
9451
9453
9453
9454
9456
9456
9457
9460
9462
9463
9465
9465
9465
9469
9470
9472
9473
9473
9474
9477
9478
9480
9481
9482
9483
9486
9486
9487
9488
9488
9489
9490
9491
9491
9492
9493
9496
9497
9500
9500
9501
9501
9503
9505
9505
9505
9506
9507
9508
9508
9508
9509
9511
9512
9515
9515
9515
9517
9519
9519
9519
9521
9521
9523
9524
9525
9525
9525
9527
9527
9528
9529
9530
9532
9532
9532
9533
9533
9534
9537
9537
9537
9539
9540
9540
9540
9540
9542
9543
9543
9545
9545
9547
9547
9548
9549
9550
9551
9551
9552
9552
9553
9554
9554
9555
9555
9555
9556
9557
9558
9558
9561
9561
9562
9563
9564
9564
9567
9567
9568
9569
9570
9571
9571
9573
9575
9576
9577
9577
9581
9583
9583
9584
9584
9586
9588
9589
9593
9593
9594
9595
9595
9596
9598
9598
9599
9599
9603
9604
9605
9608
9609
9611
9611
9611
9614
9615
9617
9620
9620
9621
9622
9623
9624
9624
9628
9629
9629
9629
9630
9631
9632
9632
9634
9634
9634
9634
9634
9637
9638
9638
9639
9640
9641
9642
9643
9643
9644
9646
9648
9649
9651
9654
9659
9660
9661
9662
9662
9663
9663
9663
9664
9664
9665
9665
9665
9667
9669
9669
9671
9673
9675
9676
9679
9680
9681
9681
9681
9681
9682
9682
9683
9685
9686
9686
9687
9688
9691
9691
9692
9693
9693
9696
9696
9697
9698
9699
9700
9701
9702
9705
9705
9706
9706
9709
9709
9710
9710
9712
9713
9713
9714
9715
9715
9718
9718
9719
9719
9720
9720
9721
9722
9722
9725
9727
9727
9727
9727
9730
9732
9733
9734
9736
9738
9738
9738
9740
9741
9743
9744
9745
9745
9746
9746
9746
9747
9749
9750
9751
9751
9753
9754
9754
9756
9757
9758
9759
9762
9762
9765
9767
9767
9769
9770
9771
9771
9771
9773
9775
9775
9775
9776
9777
9780
9781
9781
9782
9783
9784
9785
9786
9786
9787
9788
9788
9791
9791
9791
9792
9792
9793
9793
9794
9795
9795
9797
9798
9799
9799
9801
9801
9802
9802
9803
9803
9803
9803
9804
9805
9807
9808
9809
9809
9810
9810
9811
9812
9813
9813
9813
9815
9815
9817
9817
9820
9820
9823
9824
9825
9825
9826
9827
9828
9828
9830
9830
9833
9835
9835
9836
9837
9838
9841
9841
9843
9844
9847
9847
9847
9847
9849
9849
9851
9851
9852
9853
9855
9855
9855
9855
9855
9857
9858
9859
9860
9862
9862
9863
9864
9865
9866
9866
9869
9871
9871
9872
9874
9876
9876
9876
9877
9878
9878
9879
9880
9881
9882
9883
9885
9885
9886
9888
9889
9889
9890
9891
9892
9893
9893
9894
9894
9895
9897
9902
9902
9902
9904
9905
9906
9906
9909
9909
9909
9910
9911
9912
9914
9914
9916
9917
9917
9917
9920
9920
9920
9920
9920
9921
9922
9923
9925
9925
9926
9927
9928
9928
9931
9931
9932
9932
9932
9933
9934
9936
9936
9939
9940
9941
9941
9942
9942
9944
9944
9945
9945
9947
9947
9951
9952
9952
9954
9957
9959
9959
9959
9960
9961
9962
9965
9965
9965
9965
9966
9966
9966
9967
9969
9970
9970
9971
9971
9971
9975
9978
9979
9980
9981
9982
9983
9983
9986
9987
9988
9988
9989
9990
9990
9990
9991
9991
9991
9991
9992
9993
9996
9996
9996
