0
0
1
3
5
6
8
8
8
8
9
10
10
11
11
12
13
15
15
16
16
17
19
21
21
21
24
25
25
26
27
27
28
30
30
30
31
32
33
40
41
43
47
48
50
50
50
51
52
52
54
55
55
57
57
60
60
66
66
68
74
75
75
76
78
80
82
82
84
86
86
86
87
87
88
89
92
92
93
93
94
96
98
99
102
102
103
105
105
105
106
107
109
111
111
114
114
115
117
118
120
124
125
125
126
128
129
132
133
135
135
136
137
138
138
139
140
143
144
144
145
147
147
147
148
149
149
150
150
150
151
151
151
154
154
154
156
156
158
158
159
160
161
162
162
163
163
166
167
168
168
170
170
171
171
171
172
173
174
176
177
177
177
178
179
180
180
181
182
182
183
183
184
184
188
189
190
190
191
191
191
192
193
193
194
194
195
197
198
198
199
199
200
200
203
203
204
205
206
207
207
207
208
209
210
212
212
213
214
215
215
215
216
217
219
221
221
221
223
223
226
227
229
229
229
230
231
233
234
235
239
241
244
244
246
248
248
249
249
249
250
250
251
251
252
252
253
254
255
255
256
257
258
259
259
262
264
265
265
266
266
267
268
268
269
270
271
272
274
274
274
274
275
277
277
278
279
280
280
282
282
284
284
284
285
285
285
287
288
289
290
291
291
292
292
294
294
295
296
297
298
298
298
300
301
301
302
302
303
304
305
306
306
307
309
309
310
310
310
311
314
314
315
315
315
316
317
317
317
317
319
320
321
324
324
325
325
326
326
327
329
331
333
334
334
334
336
336
337
338
339
342
342
347
348
349
349
351
352
354
356
357
357
358
358
358
358
361
361
362
362
363
364
365
366
369
371
372
373
373
374
374
374
375
375
376
377
380
380
380
382
383
383
384
384
385
385
386
387
389
390
390
395
395
395
399
400
401
401
401
405
407
407
408
408
412
414
415
415
415
415
416
417
417
419
420
420
421
421
421
422
423
424
425
427
427
428
431
437
439
439
440
440
440
441
441
441
442
442
443
444
444
451
452
452
452
452
454
456
457
457
458
458
460
462
463
464
465
465
466
466
466
466
467
468
471
472
472
472
473
474
475
475
477
481
482
483
483
483
484
485
486
488
491
491
492
495
496
498
500
500
501
501
502
502
506
508
509
509
511
512
513
515
517
518
519
519
519
521
524
525
527
528
530
530
530
531
532
532
533
534
536
537
538
538
539
539
540
540
542
542
543
546
546
546
546
548
548
549
552
555
555
557
558
559
559
559
560
560
561
561
561
563
564
564
566
569
569
573
574
574
574
575
575
575
575
577
578
578
578
578
579
581
583
584
584
585
585
585
586
586
588
588
588
589
589
590
590
592
593
594
596
596
597
597
601
602
602
602
603
603
604
605
607
607
607
608
609
609
609
610
610
610
610
611
611
612
612
615
618
620
621
621
622
626
627
629
630
631
632
632
633
634
634
634
635
637
642
642
645
647
648
649
650
651
652
652
654
655
656
658
659
659
661
662
662
663
664
666
666
667
667
667
667
669
669
670
673
675
675
675
675
677
679
679
680
681
681
683
684
684
685
686
686
688
689
689
690
690
690
690
691
692
692
693
693
694
694
695
696
697
697
698
698
699
700
701
701
701
702
702
704
705
709
709
710
710
711
711
712
713
714
716
718
719
720
720
725
726
727
728
728
729
732
732
732
733
735
736
736
737
738
739
739
740
740
745
746
748
748
750
750
751
752
752
757
758
758
758
759
760
761
764
767
767
770
773
776
776
778
778
780
781
781
782
784
784
785
786
787
788
792
793
794
795
795
798
800
801
802
805
805
807
807
809
810
810
814
814
815
816
816
822
822
824
824
824
824
826
828
829
830
830
832
834
834
835
836
836
836
837
839
839
839
840
841
841
843
843
843
843
843
844
844
845
846
849
850
851
851
852
852
854
855
857
859
860
860
861
863
863
864
869
869
870
872
873
873
876
879
879
879
880
880
880
880
880
882
882
882
882
883
885
887
888
889
890
890
890
891
891
893
893
894
894
896
897
897
900
900
902
902
904
905
905
906
908
910
911
913
913
914
915
916
916
916
916
917
919
919
920
921
925
925
926
928
928
929
931
937
938
943
944
945
945
946
949
949
951
951
951
953
953
954
955
958
960
960
961
961
963
964
964
964
965
965
965
966
967
970
970
972
974
976
976
977
978
979
979
980
981
983
984
985
985
985
987
988
988
989
989
990
990
990
994
996
996
997
997
999
999
999
1001
1002
1003
1005
1007
1009
1010
1010
1011
1014
1015
1016
1016
1019
1020
1020
1020
1021
1022
1023
1024
1024
1026
1029
1029
1029
1031
1031
1031
1032
1032
1033
1034
1034
1034
1034
1035
1035
1035
1036
1036
1037
1038
1038
1039
1041
1041
1041
1044
1048
1049
1049
1050
1051
1052
1054
1055
1056
1056
1059
1059
1061
1061
1062
1063
1064
1064
1065
1069
1070
1070
1070
1071
1071
1072
1072
1074
1074
1074
1074
1077
1078
1080
1080
1081
1082
1084
1084
1085
1085
1085
1088
1088
1089
1089
1090
1091
1091
1091
1094
1094
1095
1096
1097
1097
1101
1102
1103
1104
1107
1110
1110
1111
1111
1113
1114
1114
1115
1115
1116
1117
1118
1120
1122
1123
1123
1123
1124
1131
1131
1133
1134
1134
1135
1135
1136
1137
1137
1137
1141
1141
1144
1146
1147
1148
1150
1150
1150
1150
1152
1152
1153
1154
1155
1156
1158
1159
1160
1160
1161
1164
1164
1165
1165
1165
1166
1173
1174
1174
1175
1177
1178
1179
1180
1180
1181
1181
1184
1187
1188
1188
1191
1191
1191
1192
1192
1193
1194
1195
1195
1196
1196
1197
1197
1198
1199
1199
1200
1200
1201
1201
1203
1205
1207
1208
1211
1212
1212
1212
1212
1214
1215
1216
1218
1219
1219
1220
1221
1221
1222
1222
1222
1222
1223
1223
1224
1225
1226
1226
1226
1226
1226
1229
1230
1230
1231
1231
1232
1233
1235
1235
1236
1237
1238
1238
1239
1239
1241
1242
1242
1243
1244
1246
1247
1247
1248
1249
1249
1250
1250
1252
1253
1253
1256
1256
1257
1257
1258
1258
1259
1260
1263
1263
1263
1263
1263
1266
1266
1266
1268
1269
1272
1272
1274
1275
1276
1276
1277
1277
1277
1278
1279
1279
1280
1282
1282
1284
1285
1285
1286
1287
1287
1287
1288
1288
1290
1290
1291
1292
1293
1295
1295
1297
1298
1298
1300
1300
1301
1303
1304
1306
1307
1307
1307
1307
1308
1308
1312
1313
1314
1314
1316
1317
1319
1322
1325
1326
1326
1327
1327
1328
1328
1329
1332
1332
1333
1333
1335
1335
1337
1338
1339
1339
1339
1341
1344
1345
1345
1347
1347
1349
1349
1349
1351
1352
1352
1352
1353
1354
1354
1358
1360
1360
1363
1366
1367
1369
1369
1370
1371
1371
1373
1374
1375
1377
1378
1378
1379
1379
1380
1382
1383
1386
1387
1387
1387
1387
1389
1389
1389
1391
1392
1393
1393
1396
1397
1397
1397
1397
1397
1398
1399
1401
1402
1402
1405
1410
1411
1411
1413
1414
1416
1417
1417
1418
1418
1419
1423
1424
1424
1427
1427
1428
1428
1429
1430
1430
1431
1432
1433
1435
1437
1437
1437
1438
1439
1439
1443
1445
1446
1448
1448
1449
1453
1453
1454
1455
1456
1458
1458
1459
1459
1461
1461
1462
1462
1462
1462
1463
1465
1467
1469
1470
1470
1470
1472
1472
1473
1475
1475
1476
1476
1477
1478
1478
1479
1480
1481
1482
1482
1482
1483
1484
1488
1488
1489
1490
1490
1491
1492
1492
1492
1495
1496
1496
1496
1497
1497
1497
1499
1499
1499
1500
1501
1502
1503
1503
1504
1504
1504
1504
1505
1505
1505
1507
1512
1514
1515
1516
1516
1517
1519
1519
1519
1520
1521
1521
1522
1522
1522
1523
1524
1525
1526
1527
1527
1527
1527
1530
1530
1531
1533
1534
1535
1536
1536
1537
1538
1540
1540
1543
1544
1544
1546
1546
1547
1547
1547
1549
1551
1551
1551
1551
1552
1552
1552
1555
1556
1557
1557
1561
1562
1563
1564
1564
1565
1566
1568
1571
1572
1572
1573
1574
1575
1577
1579
1579
1580
1581
1581
1583
1584
1584
1584
1585
1585
1587
1587
1587
1588
1589
1590
1591
1592
1595
1597
1598
1598
1601
1602
1602
1603
1605
1606
1607
1607
1608
1609
1609
1610
1613
1615
1615
1615
1619
1619
1619
1619
1620
1621
1621
1621
1625
1625
1626
1628
1628
1630
1630
1632
1632
1636
1636
1636
1637
1638
1638
1639
1640
1640
1641
1641
1641
1642
1643
1643
1643
1643
1644
1646
1649
1649
1649
1651
1651
1652
1653
1654
1654
1654
1655
1656
1657
1660
1660
1661
1661
1663
1664
1664
1665
1665
1671
1674
1675
1675
1679
1681
1682
1682
1684
1686
1686
1687
1687
1688
1689
1690
1692
1693
1695
1695
1696
1696
1697
1697
1698
1699
1700
1701
1702
1702
1703
1704
1706
1707
1710
1711
1711
1712
1712
1712
1714
1714
1718
1718
1718
1718
1719
1720
1721
1722
1723
1723
1724
1726
1727
1729
1731
1732
1732
1732
1733
1734
1735
1736
1736
1738
1739
1739
1740
1743
1743
1746
1747
1747
1749
1751
1751
1751
1751
1752
1753
1754
1754
1754
1755
1755
1756
1757
1758
1758
1759
1759
1759
1761
1761
1761
1762
1763
1765
1767
1769
1771
1771
1772
1772
1774
1775
1779
1784
1785
1785
1785
1786
1787
1789
1789
1790
1790
1793
1795
1797
1797
1798
1798
1799
1800
1801
1801
1802
1803
1803
1804
1806
1806
1808
1809
1809
1809
1810
1810
1810
1811
1811
1811
1812
1813
1813
1814
1816
1819
1820
1823
1824
1824
1824
1824
1824
1826
1827
1827
1827
1828
1830
1831
1831
1832
1832
1833
1833
1834
1835
1837
1837
1839
1840
1846
1847
1848
1852
1853
1854
1854
1855
1857
1859
1859
1860
1861
1861
1861
1863
1866
1866
1867
1868
1868
1871
1873
1874
1876
1876
1878
1879
1879
1882
1882
1884
1884
1884
1885
1886
1886
1887
1887
1888
1888
1888
1889
1890
1890
1891
1892
1893
1893
1894
1894
1894
1895
1895
1896
1897
1899
1901
1901
1901
1902
1902
1904
1904
1906
1907
1908
1909
1909
1910
1910
1910
1914
1914
1915
1915
1916
1916
1918
1919
1919
1921
1922
1922
1922
1923
1923
1925
1926
1927
1929
1930
1930
1931
1936
1938
1939
1940
1941
1941
1941
1945
1946
1946
1946
1946
1946
1948
1949
1949
1951
1952
1952
1952
1953
1954
1954
1959
1959
1960
1961
1964
1965
1969
1971
1972
1974
1975
1977
1978
1981
1983
1984
1984
1984
1984
1985
1986
1987
1987
1990
1992
1993
1996
1997
1997
1997
1999
1999
2000
2001
2001
2003
2004
2005
2005
2006
2007
2011
2011
2012
2014
2014
2015
2016
2018
2019
2020
2020
2020
2023
2024
2030
2031
2033
2033
2035
2036
2036
2036
2037
2038
2041
2041
2041
2043
2044
2044
2044
2048
2050
2051
2054
2055
2055
2056
2058
2059
2059
2060
2061
2063
2063
2063
2065
2065
2065
2066
2066
2066
2068
2069
2069
2069
2070
2070
2070
2071
2072
2073
2074
2074
2075
2077
2079
2079
2080
2081
2081
2082
2083
2084
2084
2088
2088
2091
2092
2093
2094
2095
2096
2096
2097
2098
2098
2100
2100
2101
2101
2102
2102
2103
2105
2106
2108
2108
2108
2109
2115
2116
2117
2119
2120
2120
2120
2122
2122
2122
2124
2126
2126
2127
2127
2127
2127
2129
2129
2129
2129
2130
2130
2134
2135
2135
2136
2138
2139
2139
2140
2140
2141
2141
2142
2142
2143
2144
2147
2147
2151
2152
2152
2153
2153
2153
2155
2156
2157
2157
2158
2158
2159
2160
2161
2162
2162
2165
2167
2167
2168
2169
2170
2170
2171
2172
2172
2173
2173
2173
2174
2174
2176
2177
2177
2180
2181
2183
2184
2184
2187
2188
2188
2188
2188
2189
2191
2191
2195
2196
2198
2199
2199
2200
2202
2202
2204
2207
2208
2209
2209
2210
2210
2212
2212
2213
2214
2215
2215
2216
2216
2217
2217
2218
2218
2219
2219
2221
2221
2222
2222
2222
2223
2225
2225
2231
2231
2232
2232
2234
2234
2234
2236
2236
2238
2238
2238
2239
2241
2242
2242
2243
2243
2244
2245
2246
2247
2248
2249
2249
2250
2252
2252
2252
2253
2255
2256
2256
2258
2258
2260
2260
2261
2261
2262
2262
2263
2265
2267
2268
2269
2270
2271
2273
2273
2274
2274
2275
2277
2277
2278
2280
2281
2282
2283
2283
2285
2286
2286
2286
2287
2290
2294
2295
2295
2295
2296
2297
2297
2299
2300
2301
2301
2301
2303
2307
2308
2308
2310
2311
2314
2315
2316
2317
2318
2319
2319
2320
2320
2321
2321
2322
2325
2327
2327
2328
2328
2330
2330
2332
2334
2335
2335
2337
2337
2338
2341
2341
2342
2342
2344
2345
2346
2346
2347
2350
2350
2350
2351
2351
2352
2353
2354
2354
2355
2355
2356
2357
2358
2359
2359
2360
2363
2363
2364
2364
2365
2366
2367
2368
2369
2370
2370
2373
2373
2373
2374
2376
2377
2378
2378
2378
2379
2380
2382
2382
2384
2385
2385
2385
2386
2386
2386
2387
2388
2388
2388
2389
2390
2390
2391
2393
2394
2395
2396
2398
2400
2400
2401
2402
2407
2408
2409
2410
2410
2412
2412
2413
2414
2414
2416
2416
2417
2419
2420
2421
2422
2423
2423
2423
2423
2424
2424
2424
2424
2425
2428
2428
2428
2429
2429
2431
2432
2433
2434
2434
2436
2437
2439
2439
2440
2440
2442
2443
2444
2445
2446
2447
2449
2452
2453
2454
2455
2456
2457
2459
2459
2460
2461
2463
2463
2463
2466
2466
2466
2469
2469
2470
2471
2471
2473
2474
2474
2474
2475
2476
2476
2476
2477
2478
2478
2478
2478
2478
2479
2480
2481
2481
2482
2483
2484
2488
2488
2488
2489
2489
2491
2492
2493
2493
2493
2494
2494
2494
2495
2498
2499
2500
2500
2501
2501
2501
2503
2504
2504
2504
2506
2506
2508
2508
2509
2514
2515
2516
2516
2517
2517
2518
2518
2518
2519
2519
2520
2520
2521
2521
2521
2524
2526
2527
2527
2529
2531
2531
2531
2531
2532
2533
2534
2534
2537
2539
2539
2540
2540
2541
2543
2543
2544
2544
2546
2547
2548
2548
2549
2549
2549
2551
2551
2551
2553
2554
2556
2556
2557
2558
2560
2560
2562
2564
2566
2566
2566
2567
2569
2572
2575
2576
2577
2578
2579
2581
2581
2583
2583
2587
2589
2589
2590
2592
2593
2593
2593
2593
2596
2598
2599
2600
2601
2602
2602
2603
2603
2604
2604
2604
2605
2606
2607
2608
2608
2609
2609
2610
2610
2612
2613
2615
2616
2618
2619
2619
2619
2619
2620
2620
2620
2621
2622
2625
2625
2627
2629
2629
2630
2631
2632
2632
2633
2634
2635
2636
2637
2639
2640
2640
2640
2642
2642
2642
2643
2644
2646
2647
2650
2650
2651
2652
2652
2654
2654
2654
2654
2655
2656
2658
2664
2665
2667
2667
2669
2669
2672
2679
2681
2681
2683
2683
2685
2687
2688
2689
2692
2692
2693
2693
2694
2696
2696
2701
2701
2703
2706
2707
2709
2709
2710
2710
2711
2713
2714
2714
2716
2717
2718
2718
2719
2720
2721
2721
2722
2722
2723
2723
2723
2725
2726
2727
2727
2729
2731
2732
2733
2733
2735
2736
2736
2736
2737
2737
2738
2738
2738
2741
2741
2742
2742
2742
2743
2743
2744
2744
2744
2747
2748
2749
2753
2754
2754
2756
2757
2758
2758
2759
2761
2762
2762
2762
2762
2764
2764
2764
2764
2765
2766
2766
2773
2773
2775
2775
2776
2776
2777
2777
2778
2779
2780
2781
2784
2784
2784
2786
2787
2787
2788
2789
2790
2792
2797
2798
2798
2798
2802
2803
2804
2806
2806
2806
2807
2809
2811
2812
2812
2814
2815
2815
2817
2819
2819
2820
2820
2821
2822
2822
2823
2824
2825
2827
2827
2829
2829
2830
2832
2833
2833
2834
2834
2834
2836
2837
2839
2839
2840
2841
2841
2842
2842
2843
2844
2844
2845
2845
2845
2845
2846
2848
2849
2851
2852
2853
2854
2856
2856
2857
2860
2863
2864
2866
2868
2869
2869
2870
2871
2871
2873
2875
2877
2878
2879
2880
2880
2882
2883
2883
2884
2885
2888
2888
2889
2891
2893
2893
2896
2897
2899
2899
2904
2906
2906
2906
2912
2912
2912
2913
2914
2915
2916
2916
2916
2920
2921
2922
2924
2925
2925
2927
2927
2928
2929
2932
2932
2933
2933
2934
2938
2938
2939
2939
2940
2940
2940
2941
2942
2942
2943
2944
2944
2945
2946
2947
2948
2949
2950
2950
2950
2951
2952
2953
2954
2955
2955
2955
2955
2955
2957
2958
2958
2958
2960
2960
2961
2962
2963
2964
2964
2964
2965
2966
2966
2967
2967
2970
2971
2973
2974
2975
2975
2976
2976
2979
2980
2981
2982
2982
2983
2985
2985
2985
2985
2986
2986
2987
2988
2988
2989
2989
2990
2991
2992
2992
2992
2993
2994
2995
2995
2995
2997
2997
2998
2998
3000
3001
3004
3005
3006
3006
3007
3008
3008
3009
3009
3010
3010
3011
3011
3014
3014
3015
3015
3018
3019
3021
3021
3021
3021
3023
3024
3025
3025
3026
3029
3029
3030
3030
3031
3031
3033
3034
3034
3034
3035
3035
3036
3036
3037
3037
3038
3038
3039
3039
3039
3039
3043
3045
3047
3047
3047
3049
3050
3050
3051
3052
3054
3058
3059
3059
3060
3060
3060
3062
3063
3066
3066
3067
3067
3067
3067
3068
3068
3068
3070
3070
3071
3072
3073
3073
3074
3075
3076
3076
3077
3078
3079
3081
3082
3082
3082
3083
3084
3084
3084
3085
3087
3087
3087
3087
3087
3091
3092
3092
3094
3095
3095
3096
3097
3101
3101
3102
3102
3103
3103
3105
3105
3106
3108
3108
3109
3110
3110
3111
3112
3113
3113
3116
3116
3116
3117
3117
3119
3120
3121
3123
3124
3124
3126
3126
3127
3131
3132
3134
3135
3137
3138
3140
3142
3142
3142
3143
3143
3145
3146
3146
3147
3147
3148
3148
3152
3152
3154
3154
3155
3156
3156
3157
3158
3159
3160
3161
3163
3163
3163
3165
3165
3168
3168
3169
3170
3170
3174
3175
3177
3180
3181
3182
3184
3185
3187
3187
3188
3188
3188
3189
3189
3190
3191
3192
3192
3193
3194
3196
3196
3196
3196
3199
3199
3199
3200
3201
3202
3203
3203
3203
3203
3207
3210
3210
3211
3213
3215
3216
3216
3216
3217
3218
3218
3218
3220
3221
3221
3221
3223
3224
3224
3224
3228
3228
3233
3233
3237
3240
3240
3244
3244
3245
3246
3246
3247
3248
3249
3249
3249
3255
3259
3261
3262
3263
3263
3264
3265
3268
3268
3268
3269
3271
3275
3277
3277
3277
3280
3282
3284
3286
3286
3289
3290
3290
3291
3291
3292
3292
3293
3293
3293
3293
3293
3294
3297
3299
3300
3301
3303
3304
3304
3304
3305
3307
3308
3309
3309
3309
3311
3311
3312
3314
3316
3316
3316
3318
3318
3319
3322
3323
3328
3330
3331
3333
3333
3334
3335
3335
3336
3337
3338
3339
3341
3342
3343
3343
3344
3345
3345
3346
3346
3347
3347
3348
3348
3353
3353
3354
3354
3355
3359
3360
3363
3363
3364
3364
3365
3366
3367
3368
3368
3369
3369
3369
3370
3370
3371
3372
3373
3374
3374
3374
3375
3375
3376
3377
3378
3378
3379
3379
3380
3380
3381
3381
3381
3382
3382
3382
3382
3382
3382
3383
3384
3384
3386
3387
3387
3387
3390
3390
3391
3391
3391
3393
3394
3394
3395
3396
3398
3400
3400
3402
3402
3402
3402
3403
3404
3404
3406
3407
3408
3409
3410
3410
3410
3412
3413
3415
3416
3416
3417
3417
3418
3418
3419
3421
3422
3423
3423
3429
3430
3430
3430
3431
3432
3432
3432
3433
3433
3434
3435
3435
3436
3438
3439
3440
3441
3444
3445
3445
3448
3448
3452
3453
3454
3454
3455
3455
3456
3456
3456
3459
3459
3460
3460
3461
3462
3463
3464
3467
3470
3471
3472
3473
3474
3475
3475
3475
3477
3477
3478
3479
3480
3481
3481
3482
3483
3483
3486
3486
3488
3489
3490
3494
3496
3497
3499
3500
3501
3501
3501
3505
3505
3506
3507
3508
3508
3508
3509
3510
3511
3512
3514
3515
3515
3516
3518
3519
3520
3522
3522
3525
3525
3526
3526
3527
3528
3528
3528
3529
3529
3529
3530
3532
3534
3534
3534
3536
3536
3537
3537
3539
3540
3540
3541
3541
3542
3542
3545
3546
3548
3548
3550
3552
3553
3553
3556
3556
3556
3558
3558
3559
3560
3560
3561
3561
3564
3567
3570
3570
3572
3574
3574
3575
3575
3577
3580
3583
3584
3588
3588
3588
3588
3598
3599
3600
3601
3601
3603
3603
3603
3604
3607
3607
3608
3608
3610
3614
3616
3616
3621
3622
3624
3625
3625
3628
3628
3630
3630
3631
3632
3632
3632
3633
3633
3633
3634
3635
3636
3638
3638
3638
3638
3639
3640
3640
3640
3642
3644
3644
3645
3646
3647
3651
3653
3654
3655
3658
3663
3664
3665
3666
3667
3668
3669
3674
3676
3677
3677
3677
3679
3682
3683
3683
3683
3684
3685
3685
3687
3687
3688
3688
3689
3690
3691
3691
3693
3694
3694
3694
3695
3695
3695
3701
3701
3702
3702
3702
3704
3704
3706
3706
3707
3708
3711
3712
3714
3716
3717
3719
3720
3720
3723
3725
3728
3730
3733
3735
3735
3735
3736
3736
3736
3736
3737
3737
3738
3740
3741
3742
3742
3742
3744
3746
3747
3748
3750
3750
3751
3751
3755
3755
3755
3756
3759
3760
3761
3762
3763
3763
3764
3765
3765
3766
3768
3768
3768
3771
3772
3773
3773
3775
3775
3775
3778
3780
3781
3781
3784
3785
3787
3787
3787
3788
3789
3792
3797
3797
3799
3799
3800
3801
3801
3804
3807
3807
3807
3807
3808
3809
3809
3809
3811
3811
3811
3813
3813
3815
3817
3818
3819
3821
3822
3823
3823
3824
3825
3826
3827
3827
3829
3830
3831
3834
3835
3835
3836
3839
3839
3839
3840
3840
3841
3844
3845
3846
3846
3846
3846
3847
3847
3847
3850
3851
3852
3852
3853
3853
3853
3855
3855
3856
3857
3857
3858
3858
3859
3859
3859
3860
3861
3861
3862
3863
3863
3867
3868
3869
3869
3869
3869
3872
3875
3878
3879
3880
3880
3881
3882
3883
3883
3885
3886
3890
3890
3892
3893
3893
3894
3895
3895
3895
3896
3898
3901
3901
3902
3902
3902
3902
3905
3906
3906
3906
3906
3906
3907
3911
3912
3912
3914
3915
3917
3917
3918
3919
3919
3919
3920
3922
3922
3923
3924
3925
3926
3926
3926
3928
3928
3931
3931
3932
3933
3934
3936
3939
3939
3939
3939
3939
3940
3941
3946
3946
3948
3949
3950
3950
3950
3951
3953
3957
3958
3959
3959
3959
3960
3960
3960
3961
3961
3962
3964
3964
3966
3966
3967
3968
3969
3969
3972
3973
3974
3974
3974
3974
3974
3975
3975
3976
3976
3977
3979
3982
3983
3984
3984
3985
3986
3987
3987
3988
3989
3989
3989
3990
3992
3992
3992
3994
3995
3995
3995
3997
3998
3999
4001
4001
4002
4004
4006
4009
4009
4012
4015
4015
4016
4018
4020
4021
4021
4025
4025
4026
4026
4027
4029
4031
4033
4033
4035
4035
4036
4037
4037
4038
4038
4039
4040
4041
4044
4044
4046
4046
4049
4051
4051
4053
4054
4054
4055
4058
4061
4062
4063
4063
4065
4065
4065
4066
4070
4070
4070
4071
4074
4075
4076
4077
4078
4078
4079
4081
4083
4085
4086
4086
4087
4089
4090
4090
4092
4093
4093
4094
4094
4095
4095
4097
4098
4099
4099
4100
4105
4106
4107
4111
4112
4115
4115
4115
4117
4118
4118
4120
4121
4122
4123
4125
4126
4126
4126
4128
4128
4128
4128
4129
4130
4132
4132
4132
4132
4135
4135
4138
4138
4140
4140
4142
4143
4144
4145
4145
4148
4151
4151
4153
4154
4155
4155
4156
4158
4160
4160
4161
4162
4162
4163
4163
4163
4166
4168
4169
4170
4171
4171
4173
4174
4174
4176
4177
4177
4177
4180
4180
4181
4181
4182
4182
4182
4183
4185
4186
4186
4186
4189
4189
4190
4190
4191
4192
4193
4194
4195
4196
4198
4200
4200
4201
4203
4204
4207
4208
4208
4209
4209
4210
4211
4212
4212
4214
4216
4217
4219
4219
4219
4219
4221
4222
4223
4223
4224
4225
4225
4225
4226
4230
4232
4232
4232
4232
4232
4233
4233
4234
4235
4237
4238
4239
4242
4244
4245
4246
4246
4247
4248
4248
4249
4249
4250
4251
4251
4252
4253
4253
4254
4254
4255
4255
4257
4260
4264
4264
4266
4266
4267
4267
4268
4268
4269
4271
4272
4272
4273
4274
4276
4278
4278
4278
4280
4281
4282
4284
4286
4286
4287
4288
4292
4293
4293
4293
4294
4294
4295
4295
4295
4295
4296
4296
4300
4301
4302
4304
4305
4305
4306
4306
4306
4307
4308
4309
4310
4311
4311
4313
4313
4315
4315
4316
4319
4320
4320
4320
4320
4322
4324
4324
4324
4324
4325
4325
4326
4328
4329
4330
4330
4330
4330
4330
4330
4331
4332
4332
4335
4336
4338
4339
4339
4340
4341
4346
4348
4349
4349
4351
4352
4353
4353
4353
4354
4356
4357
4357
4357
4358
4360
4360
4361
4362
4362
4363
4364
4364
4365
4368
4368
4368
4369
4370
4371
4372
4373
4375
4377
4380
4380
4380
4383
4385
4386
4388
4391
4391
4391
4391
4393
4394
4395
4397
4398
4399
4399
4400
4401
4401
4402
4402
4403
4403
4403
4405
4407
4408
4409
4410
4410
4413
4413
4415
4416
4416
4418
4418
4418
4418
4420
4420
4420
4421
4423
4423
4423
4423
4424
4425
4428
4428
4428
4428
4429
4429
4430
4431
4431
4431
4432
4433
4433
4434
4438
4438
4438
4439
4440
4441
4441
4441
4442
4443
4444
4445
4445
4450
4450
4452
4455
4455
4455
4456
4456
4457
4457
4458
4458
4460
4461
4461
4462
4462
4464
4464
4467
4470
4474
4479
4479
4479
4479
4481
4482
4482
4484
4484
4485
4485
4486
4486
4486
4486
4489
4490
4492
4494
4495
4495
4497
4497
4500
4500
4501
4502
4503
4503
4504
4506
4507
4509
4510
4511
4511
4511
4512
4513
4514
4515
4517
4517
4517
4518
4518
4519
4520
4521
4522
4524
4524
4524
4526
4529
4530
4531
4531
4532
4532
4532
4533
4533
4534
4536
4536
4537
4537
4538
4541
4545
4545
4547
4547
4549
4550
4550
4551
4551
4552
4552
4553
4554
4554
4555
4555
4556
4556
4556
4557
4559
4562
4564
4565
4565
4567
4568
4570
4572
4575
4575
4576
4578
4578
4579
4581
4583
4584
4585
4585
4585
4585
4587
4587
4591
4592
4592
4593
4594
4594
4596
4597
4599
4601
4603
4604
4604
4606
4607
4609
4612
4614
4614
4615
4616
4616
4616
4616
4617
4618
4620
4622
4622
4623
4623
4623
4625
4626
4627
4627
4628
4628
4629
4629
4630
4630
4632
4634
4634
4634
4634
4634
4635
4635
4640
4640
4642
4644
4644
4645
4645
4647
4647
4648
4648
4648
4649
4650
4650
4652
4653
4653
4654
4655
4657
4659
4659
4661
4662
4663
4664
4664
4665
4667
4669
4669
4670
4670
4671
4673
4675
4675
4676
4677
4677
4679
4680
4681
4684
4684
4684
4685
4686
4688
4689
4689
4690
4690
4690
4690
4691
4692
4692
4693
4695
4696
4696
4698
4700
4704
4705
4709
4710
4711
4713
4715
4716
4718
4722
4723
4723
4725
4728
4729
4729
4731
4731
4732
4737
4737
4738
4739
4741
4742
4742
4743
4743
4743
4744
4745
4746
4748
4748
4748
4748
4748
4748
4749
4749
4750
4751
4753
4753
4754
4755
4755
4755
4756
4756
4757
4757
4758
4760
4760
4760
4762
4763
4763
4763
4763
4763
4763
4766
4767
4769
4769
4772
4772
4772
4773
4773
4776
4777
4777
4777
4779
4779
4780
4780
4781
4783
4784
4785
4785
4786
4788
4788
4788
4788
4791
4792
4792
4793
4794
4796
4796
4797
4799
4800
4800
4800
4801
4804
4808
4809
4809
4809
4812
4812
4813
4816
4817
4818
4818
4818
4819
4822
4822
4823
4824
4824
4824
4824
4825
4825
4825
4826
4826
4826
4830
4831
4831
4833
4833
4836
4837
4839
4840
4840
4841
4841
4841
4842
4842
4843
4843
4844
4844
4846
4846
4847
4848
4852
4852
4852
4852
4852
4853
4853
4854
4856
4859
4860
4861
4861
4862
4862
4863
4864
4864
4866
4868
4868
4871
4871
4871
4872
4874
4875
4877
4879
4881
4881
4885
4886
4886
4887
4889
4891
4894
4894
4897
4897
4898
4900
4900
4903
4903
4906
4906
4907
4907
4912
4912
4912
4912
4912
4914
4915
4916
4917
4919
4919
4919
4920
4920
4922
4922
4922
4923
4924
4925
4925
4926
4928
4928
4929
4931
4931
4933
4934
4934
4936
4937
4938
4939
4940
4941
4943
4945
4946
4947
4947
4949
4949
4950
4950
4951
4951
4952
4953
4953
4954
4955
4956
4957
4958
4958
4960
4962
4964
4964
4965
4965
4965
4965
4966
4966
4967
4967
4967
4967
4968
4970
4970
4971
4971
4972
4974
4974
4977
4977
4978
4978
4978
4979
4980
4981
4984
4989
4990
4990
4991
4992
4992
4992
4992
4993
4994
4995
4996
4996
4997
4997
4997
5000
5000
5001
5002
5002
5004
5005
5006
5008
5009
5009
5009
5009
5009
5009
5010
5011
5013
5013
5014
5017
5017
5021
5022
5023
5024
5024
5025
5025
5026
5028
5030
5032
5032
5032
5032
5033
5033
5033
5035
5037
5037
5037
5038
5038
5041
5041
5041
5044
5044
5045
5048
5050
5051
5051
5052
5053
5053
5055
5057
5057
5057
5058
5058
5059
5059
5059
5060
5064
5065
5066
5066
5066
5068
5069
5069
5069
5069
5070
5070
5070
5070
5071
5072
5073
5074
5075
5076
5077
5077
5078
5079
5079
5079
5079
5079
5080
5083
5083
5085
5085
5086
5086
5087
5088
5088
5090
5090
5092
5092
5093
5096
5097
5097
5099
5100
5102
5103
5103
5104
5106
5106
5106
5110
5111
5112
5112
5112
5112
5113
5115
5116
5118
5119
5120
5121
5121
5124
5125
5126
5127
5127
5127
5130
5132
5133
5135
5136
5137
5141
5141
5141
5143
5143
5145
5146
5147
5148
5148
5148
5149
5149
5152
5154
5156
5156
5157
5158
5159
5159
5159
5159
5159
5161
5161
5161
5162
5163
5163
5164
5165
5166
5170
5172
5174
5175
5175
5176
5176
5177
5178
5178
5178
5179
5179
5180
5180
5182
5185
5185
5186
5188
5188
5189
5189
5189
5192
5194
5196
5196
5200
5200
5200
5200
5200
5202
5202
5203
5204
5205
5207
5209
5210
5210
5212
5212
5213
5215
5216
5216
5216
5217
5217
5218
5219
5219
5220
5220
5221
5221
5222
5223
5225
5226
5227
5228
5228
5229
5229
5229
5231
5232
5233
5234
5236
5237
5237
5237
5238
5238
5238
5239
5240
5240
5241
5242
5242
5244
5244
5244
5246
5246
5247
5250
5250
5250
5251
5253
5253
5256
5256
5256
5257
5261
5264
5264
5266
5266
5266
5267
5267
5269
5269
5271
5273
5274
5274
5275
5275
5277
5278
5280
5281
5283
5284
5285
5286
5286
5286
5287
5290
5291
5292
5292
5292
5292
5293
5293
5295
5295
5295
5295
5295
5296
5297
5297
5298
5298
5299
5299
5301
5303
5303
5306
5307
5307
5308
5309
5310
5311
5311
5312
5314
5314
5315
5316
5317
5318
5318
5319
5321
5322
5322
5325
5327
5327
5328
5328
5328
5328
5329
5330
5332
5332
5335
5335
5337
5338
5339
5340
5340
5343
5344
5344
5345
5349
5352
5354
5354
5355
5355
5357
5358
5359
5359
5361
5362
5362
5362
5363
5366
5366
5369
5371
5371
5371
5372
5373
5374
5375
5378
5380
5380
5384
5384
5385
5386
5386
5386
5387
5387
5388
5389
5391
5391
5391
5392
5393
5393
5393
5394
5396
5396
5397
5398
5398
5401
5401
5402
5403
5404
5406
5406
5407
5407
5408
5409
5409
5411
5414
5414
5415
5415
5418
5419
5424
5425
5425
5427
5427
5427
5429
5430
5432
5432
5432
5435
5435
5437
5437
5437
5438
5438
5438
5439
5439
5439
5442
5442
5443
5448
5448
5449
5450
5452
5454
5455
5455
5455
5455
5456
5457
5457
5458
5460
5460
5461
5462
5462
5462
5464
5464
5464
5466
5466
5468
5471
5471
5471
5472
5473
5474
5477
5479
5479
5479
5482
5482
5483
5484
5485
5487
5489
5489
5489
5491
5491
5491
5495
5495
5496
5499
5499
5500
5500
5500
5502
5502
5503
5503
5504
5504
5505
5506
5506
5511
5512
5512
5512
5514
5515
5515
5516
5518
5519
5519
5521
5523
5524
5524
5524
5525
5526
5527
5527
5529
5532
5534
5535
5535
5538
5538
5540
5541
5542
5543
5545
5545
5545
5546
5547
5549
5549
5549
5550
5552
5553
5553
5554
5555
5556
5558
5560
5562
5563
5565
5565
5566
5566
5567
5567
5567
5568
5569
5569
5569
5569
5570
5570
5570
5575
5575
5579
5581
5582
5584
5586
5587
5588
5588
5589
5592
5593
5595
5596
5598
5599
5599
5599
5600
5600
5601
5602
5602
5604
5606
5607
5609
5609
5609
5610
5611
5612
5614
5614
5614
5615
5615
5617
5618
5619
5621
5622
5622
5622
5624
5624
5625
5626
5626
5628
5628
5629
5630
5630
5631
5631
5632
5633
5633
5634
5635
5635
5636
5636
5637
5640
5642
5643
5645
5645
5645
5646
5646
5647
5648
5649
5651
5651
5651
5656
5656
5657
5658
5659
5661
5662
5662
5662
5663
5667
5667
5669
5673
5673
5673
5674
5676
5676
5679
5680
5680
5683
5684
5684
5685
5686
5686
5686
5689
5690
5691
5695
5696
5697
5699
5700
5700
5701
5702
5702
5702
5702
5704
5704
5704
5705
5706
5706
5707
5708
5708
5709
5710
5711
5713
5714
5715
5716
5718
5721
5723
5723
5726
5726
5726
5729
5731
5733
5734
5735
5737
5737
5738
5738
5739
5739
5740
5740
5742
5742
5744
5748
5748
5749
5749
5750
5751
5754
5754
5755
5755
5757
5759
5759
5759
5759
5759
5760
5761
5761
5762
5762
5762
5765
5766
5767
5769
5771
5772
5773
5775
5777
5778
5781
5781
5783
5784
5785
5787
5787
5787
5788
5789
5789
5790
5791
5791
5792
5792
5792
5793
5795
5795
5795
5796
5798
5798
5799
5800
5801
5801
5804
5807
5809
5811
5813
5815
5815
5815
5816
5818
5822
5822
5822
5822
5823
5824
5824
5826
5827
5828
5829
5830
5830
5831
5831
5833
5833
5835
5835
5836
5836
5836
5836
5837
5837
5838
5843
5843
5843
5844
5844
5845
5848
5849
5850
5850
5851
5851
5854
5854
5855
5856
5856
5861
5862
5863
5865
5865
5865
5868
5869
5869
5870
5870
5872
5872
5874
5874
5876
5876
5877
5877
5878
5878
5879
5879
5879
5880
5881
5881
5882
5882
5883
5884
5885
5887
5887
5889
5889
5890
5890
5891
5891
5892
5893
5894
5895
5895
5898
5899
5901
5901
5902
5905
5906
5906
5906
5907
5909
5911
5911
5912
5913
5915
5915
5916
5916
5919
5919
5919
5922
5922
5922
5922
5923
5923
5924
5924
5927
5928
5930
5931
5931
5932
5934
5935
5935
5936
5936
5938
5941
5942
5945
5948
5949
5949
5950
5951
5952
5952
5953
5953
5954
5956
5956
5957
5958
5959
5959
5959
5960
5962
5963
5965
5970
5971
5971
5972
5973
5974
5975
5975
5976
5977
5977
5978
5979
5980
5980
5981
5981
5982
5982
5982
5983
5983
5983
5984
5987
5988
5989
5989
5990
5992
5996
5998
6000
6000
6000
6001
6005
6005
6005
6005
6007
6007
6008
6008
6009
6010
6012
6013
6013
6014
6015
6016
6016
6016
6016
6016
6017
6017
6018
6018
6019
6021
6021
6021
6022
6022
6023
6024
6024
6026
6027
6028
6029
6029
6030
6031
6033
6034
6035
6035
6037
6037
6037
6039
6039
6039
6041
6041
6042
6043
6048
6048
6049
6049
6050
6050
6051
6052
6052
6052
6054
6055
6055
6055
6056
6056
6057
6058
6058
6059
6061
6061
6061
6064
6065
6066
6066
6067
6067
6069
6070
6071
6072
6072
6074
6074
6074
6075
6075
6076
6077
6078
6079
6080
6080
6082
6082
6084
6085
6086
6086
6090
6092
6092
6093
6094
6095
6095
6098
6098
6098
6099
6099
6102
6103
6106
6107
6110
6111
6111
6112
6112
6112
6113
6115
6116
6117
6117
6118
6121
6124
6125
6125
6127
6127
6128
6130
6131
6131
6133
6134
6135
6136
6137
6140
6141
6144
6144
6145
6148
6149
6151
6153
6153
6153
6154
6154
6155
6155
6155
6156
6158
6158
6158
6158
6158
6160
6160
6160
6161
6162
6165
6166
6166
6168
6169
6171
6172
6173
6176
6177
6178
6178
6178
6181
6181
6182
6184
6184
6185
6188
6188
6189
6190
6190
6191
6191
6192
6193
6193
6194
6195
6195
6196
6196
6198
6200
6200
6202
6203
6204
6204
6205
6205
6206
6206
6212
6212
6213
6214
6214
6217
6218
6218
6219
6219
6221
6221
6223
6226
6228
6229
6230
6230
6230
6230
6231
6232
6232
6235
6235
6239
6240
6241
6241
6241
6241
6242
6242
6242
6243
6244
6247
6247
6248
6249
6249
6250
6251
6252
6256
6257
6257
6258
6259
6260
6260
6262
6263
6263
6265
6266
6269
6270
6272
6272
6273
6273
6274
6274
6275
6275
6276
6276
6277
6277
6277
6278
6279
6281
6283
6283
6283
6283
6284
6285
6286
6287
6288
6288
6288
6291
6291
6291
6292
6293
6293
6294
6295
6297
6298
6298
6299
6299
6300
6301
6302
6302
6302
6304
6305
6306
6307
6309
6309
6309
6310
6311
6315
6316
6317
6318
6319
6319
6319
6320
6320
6320
6320
6322
6322
6323
6323
6323
6324
6324
6325
6326
6327
6327
6327
6330
6331
6332
6334
6335
6335
6338
6338
6341
6341
6343
6344
6344
6345
6346
6346
6349
6349
6349
6351
6351
6351
6351
6351
6352
6355
6356
6358
6359
6360
6364
6364
6365
6369
6369
6370
6370
6370
6373
6373
6374
6374
6375
6377
6377
6378
6378
6380
6383
6383
6383
6384
6385
6386
6386
6386
6386
6389
6390
6391
6392
6395
6395
6396
6396
6399
6399
6402
6402
6402
6403
6404
6406
6407
6407
6410
6411
6415
6415
6417
6419
6419
6419
6421
6421
6421
6421
6422
6422
6423
6423
6424
6424
6426
6426
6427
6428
6428
6430
6432
6433
6433
6434
6435
6439
6441
6444
6445
6445
6445
6446
6446
6448
6449
6450
6452
6453
6454
6456
6456
6458
6459
6459
6459
6463
6464
6466
6466
6470
6470
6474
6474
6474
6475
6476
6477
6477
6477
6478
6478
6479
6479
6480
6481
6482
6486
6486
6487
6487
6491
6491
6492
6494
6494
6495
6495
6496
6497
6497
6499
6500
6500
6502
6507
6508
6509
6510
6511
6512
6514
6514
6517
6519
6520
6521
6522
6524
6525
6525
6525
6525
6525
6525
6526
6528
6528
6528
6528
6530
6530
6531
6531
6531
6533
6535
6536
6538
6538
6539
6539
6539
6540
6541
6541
6543
6543
6544
6544
6545
6547
6548
6548
6548
6550
6550
6550
6552
6552
6553
6554
6554
6555
6558
6560
6561
6561
6562
6563
6565
6565
6568
6569
6569
6573
6573
6573
6575
6576
6578
6580
6581
6582
6584
6584
6586
6590
6594
6598
6598
6599
6599
6600
6600
6602
6602
6603
6604
6605
6606
6607
6607
6608
6611
6611
6613
6613
6615
6621
6622
6622
6622
6623
6623
6625
6628
6629
6629
6629
6630
6630
6634
6637
6638
6639
6642
6642
6644
6644
6645
6647
6647
6648
6649
6649
6651
6651
6652
6654
6655
6657
6659
6660
6661
6662
6664
6665
6665
6665
6665
6665
6668
6669
6670
6670
6676
6677
6677
6678
6678
6678
6679
6679
6680
6680
6681
6682
6682
6683
6686
6687
6689
6693
6698
6699
6699
6701
6701
6702
6702
6703
6703
6705
6709
6710
6712
6714
6714
6716
6717
6719
6719
6719
6720
6721
6722
6724
6725
6725
6726
6728
6731
6731
6732
6733
6733
6735
6735
6738
6741
6743
6744
6744
6744
6746
6747
6747
6750
6750
6752
6754
6754
6754
6755
6756
6757
6761
6764
6765
6766
6768
6770
6772
6772
6773
6774
6774
6775
6775
6777
6777
6778
6778
6778
6780
6782
6783
6783
6784
6785
6786
6786
6787
6788
6788
6789
6791
6792
6793
6795
6795
6795
6797
6799
6800
6800
6804
6804
6805
6806
6806
6806
6809
6809
6809
6810
6810
6811
6812
6813
6814
6815
6816
6816
6817
6818
6819
6821
6821
6821
6821
6822
6822
6822
6823
6828
6829
6830
6831
6833
6834
6835
6836
6839
6846
6846
6847
6848
6849
6849
6850
6850
6855
6855
6855
6862
6864
6865
6867
6868
6868
6868
6870
6872
6874
6877
6878
6879
6880
6880
6882
6882
6883
6883
6883
6886
6887
6887
6887
6889
6890
6890
6891
6894
6894
6895
6895
6897
6898
6899
6899
6901
6901
6903
6905
6905
6906
6907
6908
6909
6911
6911
6914
6914
6916
6917
6918
6919
6920
6920
6925
6928
6929
6929
6930
6930
6931
6931
6931
6931
6931
6932
6932
6934
6934
6934
6935
6937
6937
6937
6937
6938
6941
6943
6943
6945
6945
6947
6948
6949
6951
6951
6955
6955
6955
6956
6956
6957
6958
6959
6960
6960
6961
6961
6962
6962
6964
6964
6964
6966
6966
6966
6967
6967
6969
6969
6969
6970
6971
6972
6972
6975
6976
6977
6979
6980
6981
6982
6983
6987
6987
6988
6988
6989
6990
6990
6992
6993
6993
6993
6994
6995
6996
6997
6999
7000
7003
7003
7003
7004
7005
7005
7005
7006
7007
7008
7008
7009
7010
7010
7011
7014
7014
7015
7016
7017
7017
7018
7018
7019
7019
7020
7021
7022
7022
7022
7023
7023
7023
7023
7024
7032
7033
7034
7034
7035
7038
7038
7038
7038
7039
7040
7042
7043
7046
7047
7047
7048
7050
7050
7053
7053
7056
7059
7061
7062
7062
7066
7067
7067
7068
7070
7071
7074
7075
7078
7079
7083
7083
7083
7083
7084
7085
7085
7085
7087
7088
7088
7088
7089
7089
7090
7091
7094
7097
7098
7098
7099
7100
7100
7103
7104
7105
7105
7109
7109
7111
7113
7113
7114
7116
7116
7116
7117
7118
7118
7118
7118
7119
7119
7123
7124
7124
7124
7125
7125
7125
7126
7126
7128
7128
7129
7130
7133
7134
7136
7137
7137
7142
7142
7143
7143
7144
7145
7146
7146
7147
7147
7147
7147
7148
7148
7149
7149
7149
7149
7149
7151
7152
7154
7155
7155
7156
7156
7159
7161
7164
7165
7165
7166
7169
7169
7170
7171
7174
7175
7175
7175
7175
7176
7177
7178
7179
7179
7181
7181
7181
7182
7183
7184
7185
7185
7187
7187
7187
7189
7192
7192
7193
7193
7193
7194
7197
7197
7199
7200
7200
7203
7204
7205
7206
7207
7208
7210
7210
7210
7211
7211
7212
7212
7212
7213
7214
7215
7216
7217
7220
7220
7220
7221
7221
7223
7223
7224
7225
7225
7226
7228
7228
7229
7230
7232
7232
7232
7233
7234
7234
7234
7235
7236
7237
7238
7240
7241
7242
7242
7242
7242
7244
7244
7246
7249
7251
7251
7251
7253
7253
7254
7256
7256
7258
7259
7260
7260
7261
7261
7261
7261
7263
7263
7264
7265
7265
7265
7265
7266
7267
7267
7268
7268
7268
7269
7271
7272
7272
7273
7273
7275
7276
7277
7277
7277
7277
7279
7279
7280
7280
7281
7285
7287
7287
7289
7289
7292
7293
7295
7295
7297
7299
7299
7302
7303
7304
7305
7306
7308
7308
7309
7309
7310
7310
7311
7314
7314
7314
7315
7317
7317
7318
7319
7321
7321
7322
7323
7324
7325
7327
7330
7332
7333
7334
7334
7335
7336
7337
7338
7339
7340
7340
7341
7343
7344
7346
7347
7348
7349
7349
7350
7350
7350
7350
7352
7353
7354
7356
7356
7356
7357
7358
7359
7359
7359
7359
7359
7359
7366
7367
7367
7370
7370
7370
7371
7371
7373
7375
7375
7378
7380
7381
7385
7386
7387
7388
7389
7390
7390
7390
7391
7395
7395
7395
7397
7398
7399
7400
7401
7401
7404
7407
7407
7407
7408
7409
7411
7411
7411
7412
7413
7417
7418
7420
7421
7422
7422
7422
7423
7424
7424
7424
7425
7425
7426
7427
7427
7428
7428
7429
7431
7431
7433
7433
7433
7434
7436
7436
7437
7437
7438
7438
7439
7440
7441
7442
7444
7444
7444
7444
7444
7446
7448
7449
7449
7449
7450
7451
7451
7452
7453
7454
7454
7455
7455
7455
7457
7459
7459
7460
7460
7462
7463
7464
7464
7465
7465
7465
7467
7468
7468
7469
7469
7469
7470
7470
7472
7473
7475
7476
7476
7478
7479
7479
7480
7480
7482
7483
7485
7486
7486
7487
7490
7491
7492
7494
7494
7494
7495
7495
7496
7498
7499
7500
7501
7501
7502
7504
7504
7506
7508
7509
7509
7510
7511
7511
7512
7512
7514
7514
7515
7516
7516
7518
7520
7521
7521
7523
7524
7525
7526
7527
7528
7529
7529
7530
7532
7533
7534
7535
7536
7537
7540
7542
7543
7544
7545
7546
7547
7548
7548
7551
7551
7553
7553
7554
7555
7555
7556
7556
7556
7556
7556
7557
7558
7559
7560
7560
7564
7566
7568
7569
7569
7573
7573
7574
7574
7575
7576
7577
7578
7578
7578
7579
7579
7580
7582
7583
7584
7586
7586
7587
7590
7590
7590
7591
7592
7593
7595
7595
7595
7597
7597
7597
7599
7599
7600
7601
7601
7603
7604
7607
7607
7615
7617
7621
7621
7622
7623
7625
7625
7626
7629
7630
7630
7630
7631
7631
7632
7633
7634
7634
7635
7636
7638
7639
7640
7641
7643
7643
7645
7646
7648
7648
7649
7649
7649
7649
7652
7652
7652
7653
7654
7655
7655
7655
7657
7658
7658
7660
7660
7661
7664
7665
7666
7669
7671
7674
7675
7675
7676
7677
7677
7677
7678
7678
7678
7680
7681
7682
7684
7686
7688
7689
7691
7692
7693
7694
7694
7695
7695
7696
7696
7698
7699
7699
7702
7702
7704
7705
7707
7707
7709
7709
7710
7711
7713
7715
7715
7716
7716
7718
7724
7724
7725
7727
7727
7727
7728
7729
7730
7733
7735
7735
7735
7735
7736
7739
7742
7744
7745
7745
7747
7748
7750
7751
7751
7752
7753
7754
7757
7757
7757
7759
7759
7759
7760
7760
7761
7761
7762
7763
7764
7764
7765
7766
7766
7767
7769
7770
7770
7771
7774
7774
7775
7775
7778
7779
7780
7781
7781
7783
7786
7786
7787
7789
7790
7790
7791
7791
7791
7793
7795
7797
7798
7798
7798
7798
7799
7800
7800
7801
7804
7805
7806
7806
7806
7807
7807
7807
7808
7809
7809
7810
7810
7811
7812
7812
7813
7816
7820
7822
7822
7822
7824
7824
7827
7828
7828
7828
7829
7831
7831
7832
7832
7832
7832
7834
7835
7835
7836
7836
7837
7837
7838
7839
7839
7840
7842
7844
7845
7845
7846
7846
7847
7848
7848
7848
7850
7850
7851
7852
7853
7854
7855
7855
7855
7856
7857
7858
7860
7861
7861
7861
7861
7862
7863
7863
7866
7867
7871
7871
7874
7876
7876
7876
7878
7878
7878
7878
7878
7879
7879
7881
7882
7882
7883
7883
7883
7886
7886
7887
7888
7889
7890
7890
7891
7892
7893
7893
7894
7897
7900
7902
7903
7903
7904
7905
7906
7906
7906
7907
7908
7909
7910
7910
7911
7912
7913
7913
7913
7914
7918
7918
7919
7919
7921
7922
7924
7925
7926
7926
7926
7927
7929
7930
7930
7930
7930
7932
7932
7932
7933
7933
7933
7933
7934
7935
7936
7937
7937
7939
7940
7941
7941
7942
7943
7943
7945
7946
7947
7947
7948
7948
7949
7952
7952
7952
7954
7954
7955
7956
7956
7958
7960
7960
7962
7963
7964
7965
7965
7966
7966
7967
7967
7968
7968
7969
7970
7970
7971
7971
7972
7972
7972
7973
7974
7975
7977
7977
7978
7979
7979
7980
7980
7982
7985
7987
7989
7989
7989
7990
7991
7993
7993
7994
7995
7995
7996
7996
7997
7998
7998
7999
8000
8000
8001
8001
8004
8006
8007
8007
8007
8008
8009
8009
8009
8010
8010
8010
8010
8012
8012
8012
8014
8015
8016
8017
8021
8023
8026
8026
8027
8028
8028
8029
8029
8029
8033
8034
8034
8034
8035
8036
8038
8039
8040
8042
8042
8043
8044
8044
8046
8047
8048
8049
8049
8053
8054
8054
8054
8054
8054
8054
8055
8056
8064
8067
8068
8071
8072
8072
8073
8075
8078
8079
8083
8084
8084
8084
8084
8086
8087
8087
8087
8088
8089
8090
8090
8091
8091
8092
8092
8092
8093
8096
8096
8099
8100
8100
8102
8103
8105
8107
8108
8109
8110
8113
8114
8115
8115
8118
8119
8120
8120
8123
8124
8125
8126
8126
8126
8127
8127
8128
8128
8128
8132
8134
8135
8136
8136
8136
8137
8140
8141
8142
8142
8144
8146
8148
8149
8149
8149
8150
8151
8155
8156
8157
8158
8158
8161
8162
8162
8163
8163
8163
8163
8164
8164
8164
8165
8165
8165
8168
8168
8168
8169
8171
8171
8175
8176
8177
8179
8179
8183
8184
8185
8185
8186
8186
8187
8189
8190
8190
8190
8197
8197
8198
8198
8200
8200
8200
8201
8201
8203
8203
8204
8206
8207
8207
8207
8208
8208
8212
8214
8215
8216
8217
8219
8222
8222
8224
8224
8224
8225
8225
8227
8228
8228
8229
8230
8230
8231
8231
8236
8236
8236
8239
8239
8240
8241
8242
8244
8244
8245
8247
8247
8248
8248
8250
8250
8251
8251
8252
8252
8254
8254
8254
8255
8256
8256
8258
8260
8262
8263
8264
8264
8265
8265
8266
8266
8267
8268
8269
8269
8269
8270
8275
8275
8276
8276
8278
8278
8278
8279
8283
8283
8284
8286
8286
8290
8290
8290
8292
8295
8295
8295
8296
8298
8298
8299
8299
8299
8300
8300
8302
8302
8302
8303
8303
8304
8304
8309
8312
8315
8315
8315
8316
8316
8316
8319
8320
8321
8322
8325
8327
8331
8332
8333
8333
8334
8336
8336
8339
8341
8341
8343
8343
8344
8346
8347
8347
8348
8351
8354
8355
8355
8356
8357
8358
8359
8359
8360
8360
8360
8361
8362
8363
8365
8365
8365
8366
8369
8370
8370
8373
8373
8373
8373
8375
8376
8377
8378
8378
8378
8380
8381
8381
8381
8382
8382
8382
8383
8385
8388
8388
8389
8389
8390
8392
8392
8393
8393
8396
8398
8398
8398
8401
8402
8402
8402
8403
8403
8404
8407
8407
8409
8412
8412
8413
8415
8417
8418
8418
8422
8423
8425
8426
8426
8429
8429
8430
8431
8439
8439
8440
8443
8443
8444
8445
8447
8447
8448
8448
8448
8449
8450
8453
8455
8457
8458
8458
8459
8460
8460
8461
8461
8462
8462
8462
8463
8465
8467
8468
8469
8470
8470
8471
8472
8472
8473
8475
8476
8476
8477
8479
8479
8480
8480
8480
8483
8484
8487
8488
8489
8489
8490
8492
8496
8496
8497
8497
8498
8498
8500
8501
8501
8502
8503
8504
8505
8505
8509
8509
8510
8510
8513
8513
8514
8514
8515
8516
8517
8521
8521
8521
8525
8526
8528
8529
8530
8531
8531
8532
8532
8533
8536
8536
8537
8539
8539
8540
8542
8542
8543
8544
8544
8544
8547
8551
8551
8552
8553
8553
8554
8555
8556
8556
8557
8557
8558
8560
8561
8561
8562
8563
8564
8564
8567
8569
8571
8572
8572
8572
8574
8575
8575
8577
8577
8579
8580
8581
8583
8583
8586
8588
8588
8588
8589
8591
8592
8592
8594
8595
8595
8596
8599
8599
8600
8600
8602
8602
8603
8603
8604
8604
8604
8605
8605
8606
8607
8608
8610
8611
8616
8619
8620
8621
8623
8624
8625
8625
8626
8630
8631
8635
8637
8637
8639
8640
8642
8642
8642
8642
8643
8644
8645
8647
8649
8650
8650
8651
8653
8653
8654
8654
8654
8655
8655
8655
8656
8657
8657
8658
8659
8661
8662
8663
8663
8663
8664
8664
8664
8665
8666
8666
8666
8667
8669
8672
8675
8675
8675
8678
8678
8679
8680
8684
8685
8686
8687
8687
8687
8692
8694
8695
8696
8698
8699
8701
8703
8704
8706
8706
8708
8709
8709
8710
8711
8712
8713
8713
8715
8715
8716
8717
8717
8719
8720
8721
8721
8724
8727
8728
8729
8731
8732
8733
8733
8733
8734
8734
8734
8734
8735
8736
8737
8738
8742
8742
8744
8744
8744
8745
8746
8747
8747
8747
8749
8749
8750
8750
8751
8753
8753
8755
8756
8757
8757
8758
8758
8758
8759
8761
8762
8762
8763
8764
8764
8766
8766
8770
8772
8775
8775
8775
8775
8776
8776
8777
8778
8779
8779
8780
8781
8781
8782
8782
8784
8785
8786
8788
8788
8790
8793
8795
8796
8797
8797
8797
8797
8798
8799
8799
8799
8800
8801
8804
8805
8806
8806
8807
8810
8810
8811
8811
8812
8812
8813
8815
8815
8815
8817
8817
8818
8819
8819
8820
8820
8823
8823
8823
8823
8823
8824
8826
8828
8828
8829
8831
8831
8831
8832
8836
8837
8837
8837
8838
8840
8841
8843
8844
8845
8846
8846
8847
8847
8847
8848
8850
8850
8850
8851
8853
8853
8854
8856
8857
8857
8858
8858
8859
8859
8859
8862
8863
8863
8864
8868
8871
8871
8876
8877
8877
8880
8880
8881
8882
8883
8883
8883
8887
8887
8888
8889
8890
8892
8896
8897
8897
8897
8897
8898
8898
8899
8900
8902
8904
8904
8904
8905
8908
8911
8911
8912
8914
8916
8916
8917
8917
8917
8918
8920
8920
8922
8923
8923
8923
8924
8928
8928
8928
8930
8930
8932
8934
8936
8936
8937
8937
8939
8942
8942
8942
8943
8943
8946
8947
8947
8948
8949
8949
8949
8950
8950
8952
8953
8954
8954
8955
8956
8957
8957
8957
8959
8962
8964
8964
8964
8965
8965
8965
8966
8966
8966
8968
8969
8969
8970
8972
8972
8972
8974
8974
8975
8979
8979
8979
8980
8981
8983
8984
8984
8988
8988
8988
8990
8991
8991
8991
8993
8994
8994
8994
8994
8996
8997
8999
9000
9001
9001
9002
9003
9003
9005
9006
9008
9008
9009
9009
9010
9010
9013
9014
9014
9015
9016
9016
9017
9017
9018
9019
9024
9024
9025
9026
9027
9031
9033
9034
9035
9037
9037
9038
9038
9039
9040
9040
9040
9041
9043
9045
9045
9046
9048
9048
9050
9053
9053
9054
9055
9055
9055
9056
9056
9057
9058
9059
9060
9062
9063
9064
9064
9064
9065
9066
9066
9066
9067
9068
9069
9069
9070
9072
9072
9072
9074
9075
9076
9077
9077
9079
9080
9082
9083
9084
9085
9086
9088
9088
9088
9089
9089
9089
9091
9093
9093
9093
9095
9095
9096
9096
9097
9097
9097
9098
9099
9103
9103
9104
9104
9104
9106
9107
9107
9108
9108
9108
9110
9111
9115
9121
9121
9121
9121
9122
9122
9123
9129
9129
9130
9130
9130
9133
9137
9138
9140
9143
9145
9145
9145
9146
9149
9151
9152
9154
9154
9154
9155
9157
9159
9161
9162
9163
9167
9167
9168
9169
9169
9170
9172
9172
9174
9174
9176
9177
9178
9181
9183
9184
9185
9186
9187
9187
9190
9190
9191
9191
9192
9192
9194
9197
9198
9202
9202
9202
9204
9205
9207
9209
9210
9211
9211
9212
9213
9214
9215
9215
9216
9219
9219
9220
9220
9221
9221
9222
9222
9223
9224
9225
9225
9225
9228
9229
9229
9229
9230
9231
9232
9232
9233
9235
9236
9236
9236
9236
9240
9241
9241
9242
9247
9248
9248
9248
9249
9250
9251
9252
9253
9255
9255
9255
9256
9257
9257
9258
9258
9259
9261
9261
9263
9264
9266
9267
9268
9269
9269
9269
9269
9270
9274
9275
9275
9275
9275
9276
9276
9276
9276
9279
9281
9282
9283
9284
9285
9286
9286
9288
9288
9289
9291
9292
9294
9296
9297
9297
9298
9301
9302
9302
9302
9303
9304
9305
9305
9305
9307
9307
9307
9308
9312
9312
9313
9316
9317
9317
9317
9319
9319
9319
9321
9322
9322
9324
9325
9325
9326
9326
9328
9329
9329
9331
9331
9332
9332
9334
9334
9337
9340
9344
9345
9346
9347
9349
9349
9349
9349
9349
9350
9351
9352
9353
9353
9354
9355
9356
9359
9360
9360
9360
9361
9361
9361
9361
9362
9364
9364
9366
9367
9368
9369
9369
9369
9370
9372
9372
9372
9373
9374
9374
9374
9375
9376
9376
9377
9377
9378
9379
9381
9381
9382
9382
9383
9384
9384
9386
9386
9389
9389
9390
9392
9392
9394
9395
9399
9399
9400
9401
9402
9403
9403
9406
9408
9408
9408
9410
9414
9415
9418
9418
9419
9420
9421
9421
9423
9425
9426
9426
9427
9427
9427
9427
9428
9429
9429
9431
9431
9432
9432
9435
9436
9436
9438
9439
9439
9440
9443
9443
9444
9444
9449
9451
9451
9451
9452
9453
9454
9454
9459
9465
9466
9467
9467
9468
9469
9469
9470
9470
9471
9471
9472
9472
9473
9476
9477
9477
9478
9479
9481
9483
9484
9487
9488
9489
9490
9491
9491
9492
9499
9499
9500
9500
9500
9501
9501
9501
9501
9501
9502
9502
9502
9503
9503
9503
9504
9504
9507
9508
9512
9513
9513
9513
9515
9518
9519
9519
9520
9520
9520
9520
9520
9520
9521
9521
9522
9522
9523
9523
9523
9524
9525
9529
9531
9531
9531
9532
9532
9534
9534
9534
9535
9535
9535
9535
9537
9538
9542
9545
9546
9546
9546
9547
9549
9550
9550
9550
9551
9551
9554
9554
9555
9556
9557
9557
9561
9561
9561
9562
9562
9563
9566
9567
9568
9571
9574
9574
9576
9578
9578
9579
9581
9582
9582
9582
9584
9584
9585
9587
9587
9588
9590
9591
9592
9592
9593
9596
9596
9596
9597
9598
9599
9601
9601
9601
9603
9604
9605
9608
9609
9615
9617
9617
9619
9619
9621
9621
9622
9622
9622
9623
9624
9625
9628
9629
9630
9631
9632
9632
9633
9634
9636
9637
9638
9639
9640
9640
9640
9642
9643
9647
9647
9648
9649
9650
9650
9652
9653
9655
9656
9660
9660
9661
9662
9662
9662
9663
9668
9672
9673
9675
9675
9677
9679
9681
9681
9682
9682
9684
9687
9687
9687
9689
9689
9690
9690
9691
9692
9695
9696
9696
9696
9698
9698
9700
9701
9701
9703
9703
9705
9706
9707
9708
9709
9709
9710
9710
9711
9714
9717
9719
9720
9720
9721
9721
9722
9722
9722
9723
9723
9724
9726
9726
9726
9726
9727
9728
9728
9728
9729
9730
9731
9731
9734
9737
9737
9739
9742
9743
9744
9744
9745
9747
9747
9747
9748
9749
9750
9750
9751
9753
9756
9756
9757
9759
9759
9761
9761
9763
9764
9764
9766
9766
9768
9772
9773
9775
9775
9776
9777
9779
9779
9780
9780
9781
9782
9782
9782
9783
9784
9784
9784
9784
9785
9785
9787
9789
9789
9790
9790
9791
9791
9796
9796
9796
9797
9799
9800
9800
9800
9802
9805
9805
9805
9806
9806
9806
9807
9808
9809
9810
9810
9811
9811
9812
9813
9815
9815
9816
9816
9816
9820
9821
9823
9827
9828
9829
9829
9831
9833
9838
9839
9840
9841
9842
9842
9843
9843
9844
9844
9844
9847
9853
9854
9854
9854
9856
9857
9857
9858
9858
9858
9860
9860
9861
9863
9863
9864
9869
9869
9871
9871
9871
9872
9873
9874
9874
9875
9876
9877
9877
9877
9878
9879
9879
9880
9882
9883
9884
9885
9885
9886
9887
9888
9893
9894
9896
9899
9899
9899
9901
9901
9902
9903
9904
9907
9907
9908
9908
9908
9909
9911
9911
9912
9912
9913
9915
9915
9917
9917
9919
9920
9921
9921
9922
9922
9923
9925
9926
9929
9929
9931
9932
9934
9934
9937
9937
9939
9940
9941
9941
9942
9943
9943
9944
9944
9945
9948
9949
9949
9949
9950
9950
9952
9953
9953
9953
9954
9955
9955
9957
9957
9957
9958
9959
9961
9961
9963
9964
9964
9966
9966
9967
9969
9969
9975
9976
9977
9979
9979
9980
9980
9982
9982
9983
9984
9985
9985
9986
9989
9989
9990
9992
9992
9992
9994
9994
9995
9996
9997
9997
