2
3
4
5
5
5
8
8
8
9
9
10
11
11
12
12
13
14
14
16
16
21
22
22
23
25
26
28
30
31
31
32
36
37
38
38
38
39
40
40
41
44
46
46
48
48
48
51
54
56
56
58
58
59
60
60
60
61
61
62
62
63
63
64
64
64
64
65
66
70
71
72
72
72
79
80
81
81
81
81
81
83
84
85
87
89
89
90
92
92
95
96
97
98
101
102
102
103
103
104
105
105
105
105
106
106
109
110
113
114
116
116
118
120
120
121
122
125
128
129
129
130
131
131
132
132
134
135
136
136
136
136
137
137
137
138
140
140
140
143
143
143
145
145
147
149
149
153
153
153
154
154
156
156
156
157
157
157
158
159
160
163
163
164
166
168
168
168
169
169
170
170
170
172
172
173
173
174
177
177
179
182
182
185
186
189
189
190
191
191
193
193
194
195
196
197
198
201
202
204
204
205
205
207
209
213
213
214
215
216
216
217
219
219
219
221
221
222
224
225
225
225
227
227
227
235
235
235
238
238
239
239
242
243
243
243
243
244
246
247
248
250
252
252
254
254
254
254
258
258
260
261
263
265
265
265
266
268
270
271
271
271
273
273
274
275
276
276
277
278
279
280
281
282
283
283
285
285
287
289
289
290
291
293
295
296
297
298
300
300
302
303
304
307
309
311
311
313
315
315
316
317
317
319
320
320
321
322
323
323
325
327
327
329
330
334
336
337
338
338
338
338
338
339
339
343
345
346
348
349
349
349
350
353
353
353
359
360
361
362
363
364
364
367
368
368
369
372
374
375
376
377
377
378
379
380
381
385
385
385
386
387
388
388
390
390
394
395
397
399
401
401
401
401
403
403
403
403
404
406
406
406
407
410
411
412
415
416
416
416
417
417
418
419
419
419
421
423
424
425
425
426
429
430
431
433
433
433
434
434
435
435
436
437
438
438
439
440
440
440
441
441
441
442
442
444
447
451
452
453
454
456
457
458
458
459
459
463
465
465
466
467
467
468
468
468
470
473
474
478
479
481
482
483
483
484
485
489
490
490
490
490
492
492
492
492
493
495
495
495
496
496
496
497
497
498
499
500
501
502
505
506
506
506
506
506
510
510
511
512
512
514
514
515
515
515
516
517
519
519
519
520
520
522
524
524
524
525
526
527
528
528
529
530
531
532
532
532
534
534
535
538
540
540
540
541
542
543
544
545
546
547
547
548
549
549
549
550
551
553
554
555
555
556
557
558
559
559
560
561
564
565
568
569
569
569
571
572
574
576
577
577
578
579
579
580
582
583
584
584
585
586
586
586
587
588
588
589
589
590
590
591
591
592
592
592
595
598
602
602
602
602
605
607
607
610
610
611
611
614
617
617
619
620
623
623
624
625
627
629
630
631
631
632
634
635
636
637
637
637
637
637
637
638
639
639
645
645
646
647
648
648
650
651
653
655
657
658
658
658
659
659
660
660
660
661
662
664
666
667
670
670
672
674
675
676
680
680
683
683
684
684
685
685
686
687
687
689
690
692
693
694
694
696
697
698
700
701
703
703
707
710
710
711
712
712
716
717
717
717
721
721
722
724
724
725
729
729
729
730
730
730
732
732
734
735
736
737
738
738
740
741
741
743
744
745
745
746
746
747
748
749
749
750
750
751
751
754
757
757
758
758
758
759
759
760
761
762
763
764
765
769
769
769
769
770
770
773
773
774
774
775
775
776
778
778
781
783
784
784
784
785
785
786
786
787
787
787
788
789
789
789
791
791
792
793
794
796
797
797
798
801
801
802
802
803
805
805
807
807
807
809
809
813
814
814
814
816
816
816
816
816
817
819
820
821
823
826
829
831
833
834
834
834
835
836
836
836
837
838
838
839
840
840
840
842
845
846
848
848
849
850
851
855
855
856
857
858
858
858
859
861
864
866
866
867
868
870
871
871
872
872
872
874
875
877
878
879
882
884
885
889
890
891
891
892
892
894
894
896
896
896
897
899
900
900
904
905
905
906
906
907
908
910
910
912
912
913
913
915
916
917
918
919
919
919
921
922
922
924
926
926
927
929
930
931
932
933
934
935
935
936
937
937
939
940
942
942
943
943
946
947
948
948
949
951
951
952
953
954
956
957
957
957
958
958
959
959
959
959
959
959
960
960
962
963
966
968
969
970
971
971
972
973
974
975
977
978
981
982
982
984
984
984
984
984
985
985
986
986
988
990
990
992
993
993
994
995
996
997
997
998
998
998
999
1001
1001
1002
1003
1006
1007
1008
1008
1009
1010
1010
1011
1011
1011
1011
1012
1013
1013
1013
1016
1016
1018
1019
1021
1022
1023
1025
1026
1027
1027
1028
1029
1029
1030
1032
1032
1032
1033
1033
1035
1037
1038
1038
1039
1040
1040
1044
1045
1046
1046
1046
1047
1048
1049
1050
1050
1050
1052
1052
1054
1054
1056
1056
1056
1057
1058
1058
1059
1059
1059
1060
1061
1061
1062
1062
1063
1063
1065
1068
1068
1069
1073
1074
1074
1076
1078
1080
1081
1081
1081
1082
1083
1083
1083
1083
1085
1087
1087
1089
1089
1091
1091
1094
1094
1095
1096
1098
1098
1098
1099
1100
1100
1102
1103
1104
1104
1104
1108
1110
1114
1115
1115
1115
1116
1119
1120
1121
1121
1122
1123
1124
1124
1125
1127
1129
1130
1132
1133
1133
1134
1134
1134
1134
1135
1137
1139
1139
1139
1140
1144
1145
1147
1147
1147
1149
1149
1150
1150
1150
1151
1151
1152
1154
1155
1155
1155
1157
1158
1158
1158
1159
1159
1160
1163
1163
1163
1165
1167
1167
1168
1171
1172
1173
1176
1180
1182
1182
1184
1184
1184
1186
1190
1190
1190
1191
1193
1193
1194
1194
1195
1196
1196
1197
1197
1199
1199
1200
1201
1202
1202
1202
1203
1203
1205
1206
1208
1210
1213
1214
1216
1216
1217
1218
1220
1220
1221
1224
1226
1226
1226
1228
1232
1234
1234
1234
1235
1235
1235
1236
1237
1238
1238
1238
1239
1240
1240
1240
1241
1242
1246
1246
1246
1250
1250
1251
1254
1256
1257
1259
1259
1260
1261
1262
1264
1264
1264
1266
1267
1268
1270
1272
1273
1273
1278
1278
1280
1280
1282
1282
1285
1286
1287
1287
1289
1289
1291
1291
1292
1292
1293
1293
1293
1296
1296
1296
1297
1297
1297
1297
1301
1301
1301
1303
1304
1305
1306
1306
1306
1307
1307
1308
1308
1308
1309
1309
1309
1309
1309
1310
1311
1312
1312
1314
1314
1314
1314
1316
1318
1318
1320
1320
1320
1322
1323
1323
1324
1325
1325
1327
1329
1329
1331
1331
1331
1332
1335
1337
1339
1340
1341
1343
1344
1344
1349
1349
1350
1351
1352
1354
1355
1355
1357
1357
1359
1360
1361
1362
1364
1364
1366
1367
1367
1368
1369
1369
1370
1371
1372
1373
1373
1374
1375
1375
1375
1376
1377
1379
1379
1380
1380
1381
1381
1382
1383
1383
1383
1386
1387
1388
1388
1388
1389
1390
1393
1393
1398
1399
1399
1401
1402
1404
1404
1405
1406
1406
1408
1409
1409
1409
1410
1410
1411
1412
1414
1415
1415
1416
1417
1417
1417
1418
1420
1421
1421
1422
1424
1424
1427
1428
1428
1429
1429
1430
1432
1432
1433
1433
1434
1434
1434
1435
1436
1436
1436
1437
1438
1438
1439
1439
1440
1444
1444
1445
1446
1447
1448
1448
1449
1452
1453
1455
1457
1459
1460
1461
1463
1463
1463
1465
1465
1466
1466
1468
1468
1469
1470
1470
1472
1473
1473
1474
1476
1476
1476
1477
1479
1481
1481
1482
1482
1483
1484
1484
1485
1487
1487
1490
1490
1493
1494
1495
1496
1497
1498
1498
1499
1500
1501
1502
1502
1503
1503
1507
1509
1509
1509
1510
1510
1510
1511
1511
1512
1512
1516
1516
1517
1521
1523
1523
1524
1525
1525
1526
1527
1528
1528
1530
1530
1533
1534
1534
1535
1536
1537
1537
1538
1540
1542
1542
1543
1545
1547
1548
1551
1553
1553
1554
1554
1555
1555
1557
1559
1560
1562
1562
1563
1565
1565
1565
1566
1566
1568
1569
1569
1569
1569
1570
1570
1572
1573
1574
1576
1577
1578
1579
1580
1580
1583
1585
1588
1588
1588
1589
1589
1590
1591
1591
1591
1592
1594
1594
1595
1597
1597
1598
1599
1600
1600
1600
1601
1601
1602
1603
1606
1607
1607
1611
1611
1611
1612
1612
1613
1613
1614
1615
1616
1617
1617
1619
1624
1624
1625
1625
1625
1625
1627
1629
1630
1632
1636
1638
1641
1641
1642
1642
1643
1645
1646
1647
1648
1648
1648
1650
1651
1651
1651
1652
1653
1653
1653
1653
1655
1656
1657
1657
1658
1658
1659
1659
1661
1661
1663
1665
1665
1665
1666
1666
1666
1667
1671
1671
1672
1674
1674
1674
1676
1678
1682
1682
1683
1684
1685
1685
1686
1689
1689
1689
1690
1691
1691
1691
1692
1693
1694
1694
1696
1697
1697
1700
1700
1702
1703
1704
1704
1704
1704
1705
1706
1706
1707
1707
1710
1710
1712
1714
1715
1717
1720
1721
1721
1722
1723
1725
1726
1726
1727
1728
1728
1730
1730
1730
1731
1732
1735
1736
1736
1737
1737
1738
1738
1739
1739
1741
1742
1742
1743
1744
1745
1745
1746
1747
1748
1748
1749
1749
1750
1754
1756
1757
1758
1759
1760
1762
1763
1763
1765
1766
1770
1771
1772
1772
1773
1773
1774
1776
1776
1778
1779
1780
1780
1781
1782
1782
1782
1784
1785
1786
1787
1787
1787
1787
1788
1789
1791
1792
1793
1794
1795
1795
1797
1797
1798
1798
1800
1800
1800
1802
1803
1804
1806
1807
1808
1808
1808
1808
1810
1811
1814
1815
1816
1817
1819
1819
1821
1823
1824
1826
1826
1827
1827
1828
1830
1831
1831
1832
1834
1835
1836
1839
1839
1841
1842
1842
1843
1844
1845
1845
1846
1847
1847
1848
1850
1851
1852
1853
1854
1855
1856
1856
1858
1859
1860
1860
1862
1862
1862
1864
1864
1865
1866
1868
1868
1869
1871
1872
1872
1874
1875
1875
1877
1878
1880
1880
1882
1885
1885
1889
1891
1892
1893
1893
1897
1899
1899
1900
1900
1900
1901
1901
1901
1902
1902
1903
1903
1904
1904
1904
1905
1906
1907
1908
1909
1910
1911
1911
1911
1913
1915
1915
1917
1918
1918
1922
1923
1924
1926
1928
1929
1929
1932
1935
1935
1937
1937
1938
1938
1939
1939
1939
1939
1940
1942
1943
1945
1945
1947
1947
1949
1950
1950
1951
1952
1953
1954
1954
1956
1956
1956
1958
1960
1961
1961
1963
1963
1964
1964
1965
1965
1966
1966
1967
1971
1972
1973
1973
1973
1974
1976
1981
1982
1982
1982
1983
1988
1988
1988
1989
1989
1992
1994
1995
1995
1996
1997
1998
1999
2000
2001
2001
2002
2002
2003
2003
2003
2003
2004
2008
2009
2010
2010
2011
2011
2011
2012
2012
2013
2014
2015
2017
2018
2019
2020
2021
2021
2021
2022
2022
2022
2023
2023
2026
2028
2028
2029
2029
2029
2030
2030
2030
2031
2033
2034
2034
2035
2035
2035
2038
2039
2039
2041
2043
2045
2045
2046
2047
2047
2048
2048
2051
2052
2053
2053
2054
2057
2059
2060
2062
2064
2064
2065
2070
2073
2074
2076
2078
2078
2081
2082
2083
2085
2089
2091
2091
2095
2095
2096
2097
2098
2099
2100
2100
2101
2101
2101
2101
2103
2104
2106
2109
2111
2111
2112
2115
2115
2116
2116
2118
2121
2122
2123
2124
2125
2125
2126
2127
2129
2130
2130
2130
2132
2132
2133
2133
2135
2137
2141
2146
2148
2149
2150
2150
2151
2152
2154
2154
2155
2156
2158
2160
2160
2162
2162
2162
2164
2164
2165
2169
2169
2169
2169
2170
2171
2171
2171
2172
2173
2173
2174
2175
2178
2178
2178
2178
2179
2181
2182
2185
2186
2186
2188
2189
2190
2191
2191
2192
2193
2194
2195
2195
2197
2197
2198
2199
2201
2202
2202
2202
2202
2202
2203
2204
2204
2205
2205
2205
2206
2207
2207
2207
2208
2208
2210
2211
2212
2213
2214
2216
2216
2220
2220
2221
2222
2222
2224
2224
2225
2227
2228
2230
2230
2231
2231
2232
2233
2235
2235
2235
2236
2236
2237
2237
2237
2239
2240
2240
2241
2241
2242
2244
2244
2244
2245
2245
2247
2247
2247
2248
2248
2248
2250
2250
2251
2253
2253
2254
2254
2256
2256
2257
2259
2259
2260
2261
2263
2264
2265
2265
2267
2267
2267
2268
2269
2269
2270
2270
2271
2274
2276
2277
2277
2279
2283
2285
2285
2286
2289
2289
2291
2291
2293
2295
2296
2296
2297
2297
2298
2299
2300
2300
2301
2302
2303
2304
2305
2306
2307
2307
2307
2308
2309
2309
2310
2311
2313
2315
2316
2316
2318
2319
2321
2322
2323
2323
2324
2328
2329
2329
2330
2332
2333
2335
2335
2336
2336
2336
2336
2338
2340
2341
2343
2348
2348
2348
2348
2349
2350
2351
2351
2355
2358
2358
2360
2361
2362
2362
2363
2364
2365
2365
2367
2368
2368
2372
2372
2373
2373
2374
2375
2375
2377
2377
2379
2380
2380
2381
2381
2381
2383
2385
2387
2388
2388
2389
2390
2393
2394
2394
2395
2397
2399
2399
2400
2400
2400
2404
2407
2411
2412
2412
2413
2413
2414
2414
2420
2420
2424
2428
2429
2430
2431
2431
2433
2434
2435
2436
2438
2438
2438
2439
2439
2440
2441
2441
2442
2443
2444
2444
2444
2445
2449
2450
2451
2452
2454
2455
2456
2458
2460
2461
2462
2463
2464
2466
2468
2468
2468
2469
2469
2470
2473
2473
2473
2474
2475
2476
2476
2476
2479
2479
2480
2481
2483
2485
2487
2487
2488
2488
2488
2488
2489
2489
2490
2491
2491
2492
2494
2495
2495
2496
2497
2499
2499
2501
2502
2502
2504
2504
2505
2506
2507
2508
2508
2510
2510
2511
2511
2512
2513
2514
2515
2515
2516
2516
2520
2520
2522
2523
2524
2524
2526
2526
2528
2531
2531
2532
2536
2537
2537
2538
2539
2542
2543
2546
2547
2547
2547
2549
2549
2549
2552
2552
2557
2557
2557
2557
2558
2559
2561
2562
2562
2565
2568
2570
2570
2571
2572
2573
2575
2576
2576
2578
2578
2580
2582
2584
2585
2586
2587
2589
2591
2593
2594
2594
2596
2598
2599
2599
2600
2601
2602
2602
2602
2603
2604
2607
2608
2608
2610
2610
2610
2611
2612
2612
2613
2613
2613
2613
2614
2615
2616
2617
2618
2618
2621
2622
2622
2623
2623
2623
2624
2624
2625
2625
2626
2627
2628
2628
2628
2628
2629
2631
2633
2634
2634
2635
2635
2635
2636
2636
2637
2637
2637
2637
2638
2639
2641
2642
2644
2644
2646
2646
2649
2651
2651
2655
2656
2657
2658
2658
2659
2659
2660
2661
2661
2662
2663
2663
2664
2664
2664
2667
2668
2668
2668
2670
2670
2670
2671
2671
2672
2672
2673
2673
2674
2674
2674
2676
2679
2681
2683
2683
2686
2686
2687
2687
2689
2690
2692
2693
2693
2694
2696
2696
2696
2698
2699
2700
2700
2701
2702
2702
2702
2702
2704
2704
2705
2705
2706
2708
2708
2710
2711
2712
2713
2713
2713
2716
2717
2718
2719
2719
2720
2721
2721
2722
2722
2722
2722
2724
2724
2724
2726
2726
2726
2726
2727
2727
2728
2728
2730
2730
2731
2733
2734
2734
2734
2736
2736
2737
2737
2739
2741
2741
2742
2742
2744
2744
2745
2747
2747
2747
2748
2749
2750
2752
2754
2754
2755
2755
2757
2758
2758
2760
2761
2761
2761
2762
2762
2763
2764
2764
2765
2766
2768
2768
2768
2768
2769
2771
2773
2773
2773
2774
2774
2777
2780
2781
2781
2782
2783
2783
2785
2786
2786
2788
2788
2789
2791
2791
2791
2791
2793
2794
2796
2797
2797
2797
2798
2800
2801
2802
2805
2807
2809
2811
2811
2811
2811
2811
2811
2812
2814
2817
2817
2819
2819
2820
2820
2821
2823
2824
2824
2826
2827
2827
2828
2829
2830
2831
2831
2832
2833
2833
2833
2835
2838
2839
2840
2840
2842
2843
2843
2844
2845
2846
2849
2849
2850
2850
2851
2851
2851
2852
2853
2855
2855
2855
2857
2859
2859
2860
2861
2861
2863
2863
2864
2865
2865
2865
2866
2866
2867
2869
2869
2871
2872
2873
2873
2874
2878
2880
2880
2880
2880
2882
2882
2883
2883
2884
2885
2889
2891
2892
2892
2894
2895
2896
2897
2897
2898
2898
2899
2900
2903
2903
2903
2904
2906
2907
2908
2909
2910
2911
2912
2913
2913
2915
2916
2916
2917
2917
2919
2920
2922
2924
2927
2927
2928
2929
2930
2930
2931
2931
2932
2932
2933
2935
2935
2936
2936
2937
2939
2939
2939
2941
2942
2942
2942
2943
2943
2943
2944
2945
2945
2948
2950
2951
2952
2952
2953
2953
2954
2956
2958
2959
2959
2961
2964
2965
2965
2970
2970
2970
2971
2971
2972
2972
2973
2973
2973
2975
2975
2977
2977
2977
2978
2979
2980
2981
2982
2983
2983
2984
2984
2986
2988
2989
2990
2990
2990
2991
2995
2995
2998
2998
2999
2999
2999
2999
3001
3001
3002
3004
3005
3005
3007
3008
3010
3010
3011
3012
3013
3013
3014
3015
3016
3016
3017
3020
3020
3022
3022
3022
3023
3024
3024
3026
3027
3027
3029
3029
3032
3033
3033
3035
3036
3036
3037
3038
3040
3040
3040
3041
3041
3042
3043
3044
3046
3046
3047
3048
3049
3050
3051
3051
3053
3055
3056
3056
3057
3057
3057
3058
3058
3058
3059
3059
3060
3060
3061
3065
3066
3066
3068
3069
3069
3070
3071
3073
3073
3075
3076
3076
3076
3076
3077
3077
3078
3083
3084
3086
3086
3087
3088
3090
3091
3091
3092
3092
3094
3096
3097
3099
3099
3099
3101
3102
3102
3105
3107
3107
3108
3108
3113
3113
3118
3120
3120
3120
3121
3122
3123
3123
3123
3124
3125
3128
3128
3129
3130
3130
3130
3132
3133
3134
3134
3134
3135
3137
3137
3138
3138
3139
3144
3145
3146
3147
3147
3148
3149
3149
3150
3150
3153
3153
3154
3157
3157
3157
3158
3159
3159
3159
3159
3160
3161
3165
3166
3166
3168
3168
3169
3169
3170
3171
3171
3172
3172
3173
3175
3175
3175
3175
3176
3176
3177
3179
3179
3181
3181
3182
3183
3184
3184
3184
3185
3185
3185
3186
3187
3187
3189
3189
3189
3189
3192
3192
3195
3195
3199
3199
3203
3205
3207
3208
3208
3209
3210
3213
3213
3215
3215
3216
3220
3221
3222
3222
3223
3225
3227
3230
3231
3235
3236
3236
3237
3237
3239
3239
3241
3243
3244
3246
3247
3247
3248
3249
3249
3250
3250
3254
3255
3255
3255
3255
3255
3255
3257
3260
3261
3262
3262
3263
3264
3265
3265
3266
3269
3271
3274
3275
3275
3276
3278
3279
3282
3282
3284
3286
3286
3287
3290
3291
3292
3292
3294
3294
3296
3297
3297
3298
3299
3299
3299
3300
3301
3301
3301
3302
3303
3304
3305
3305
3307
3307
3309
3311
3312
3312
3315
3315
3316
3318
3319
3322
3322
3323
3326
3327
3330
3331
3331
3332
3334
3335
3335
3336
3336
3336
3338
3339
3339
3342
3343
3344
3346
3346
3347
3347
3347
3348
3348
3348
3348
3351
3352
3352
3353
3355
3355
3356
3356
3357
3357
3359
3360
3360
3361
3361
3369
3369
3370
3373
3375
3376
3376
3378
3378
3379
3380
3380
3381
3381
3381
3385
3385
3385
3386
3387
3387
3387
3388
3388
3388
3389
3389
3390
3391
3392
3392
3394
3394
3394
3394
3395
3395
3396
3397
3398
3398
3399
3399
3403
3408
3408
3408
3409
3410
3412
3413
3413
3413
3414
3415
3417
3419
3419
3423
3423
3423
3423
3424
3425
3426
3430
3432
3434
3434
3434
3435
3437
3439
3439
3441
3443
3443
3444
3444
3445
3445
3445
3447
3448
3449
3449
3453
3458
3459
3462
3464
3465
3466
3467
3467
3468
3469
3470
3470
3473
3475
3476
3477
3477
3479
3479
3480
3480
3480
3481
3482
3482
3483
3483
3483
3484
3485
3487
3488
3490
3491
3493
3493
3493
3493
3497
3498
3498
3499
3499
3499
3499
3499
3501
3501
3501
3502
3503
3505
3505
3506
3506
3508
3509
3510
3510
3511
3511
3511
3515
3515
3515
3516
3518
3518
3518
3519
3520
3520
3521
3521
3521
3522
3522
3523
3523
3523
3525
3525
3528
3529
3530
3532
3534
3535
3535
3535
3536
3537
3538
3539
3542
3542
3543
3543
3543
3544
3545
3546
3548
3548
3548
3548
3549
3550
3551
3552
3556
3557
3560
3560
3562
3563
3564
3564
3564
3564
3565
3566
3569
3571
3572
3572
3573
3575
3577
3578
3579
3579
3580
3581
3582
3583
3584
3584
3584
3584
3586
3587
3587
3588
3588
3588
3592
3594
3595
3595
3596
3596
3596
3597
3598
3598
3599
3600
3600
3602
3602
3605
3607
3608
3609
3611
3612
3616
3617
3618
3621
3623
3624
3627
3627
3628
3629
3630
3631
3633
3635
3636
3637
3637
3639
3641
3642
3643
3645
3646
3646
3649
3649
3650
3651
3654
3656
3657
3657
3657
3658
3658
3659
3660
3660
3663
3664
3665
3665
3668
3670
3671
3679
3679
3680
3681
3681
3683
3685
3687
3687
3688
3689
3690
3693
3697
3697
3698
3702
3706
3707
3707
3708
3708
3709
3710
3710
3711
3711
3711
3712
3713
3713
3714
3714
3715
3715
3717
3718
3719
3720
3721
3721
3723
3723
3724
3725
3726
3726
3726
3728
3728
3728
3731
3732
3732
3733
3733
3736
3737
3739
3744
3744
3745
3745
3746
3747
3748
3748
3749
3750
3752
3752
3755
3756
3756
3758
3758
3759
3760
3760
3760
3761
3762
3763
3763
3765
3765
3769
3769
3769
3770
3772
3774
3774
3776
3776
3778
3779
3779
3782
3784
3784
3784
3785
3785
3787
3788
3788
3788
3789
3791
3793
3797
3797
3798
3798
3800
3801
3805
3805
3805
3806
3806
3806
3807
3808
3810
3811
3811
3812
3812
3812
3814
3815
3816
3817
3817
3818
3818
3818
3819
3821
3822
3825
3827
3827
3827
3828
3829
3830
3830
3831
3833
3834
3834
3834
3836
3837
3839
3839
3841
3842
3842
3845
3847
3849
3850
3850
3852
3853
3855
3855
3857
3859
3859
3860
3860
3860
3861
3862
3863
3864
3864
3868
3868
3868
3868
3869
3870
3870
3874
3879
3879
3879
3880
3881
3882
3884
3884
3884
3885
3889
3890
3890
3891
3892
3893
3893
3893
3895
3895
3896
3897
3898
3899
3900
3900
3900
3902
3903
3903
3903
3905
3906
3906
3907
3907
3907
3908
3908
3908
3908
3909
3909
3910
3910
3912
3914
3914
3914
3914
3914
3916
3916
3916
3919
3919
3920
3921
3923
3923
3924
3924
3925
3925
3926
3926
3926
3927
3931
3931
3932
3933
3933
3935
3936
3936
3938
3940
3941
3941
3942
3943
3943
3944
3945
3946
3948
3948
3949
3949
3951
3951
3952
3952
3952
3953
3955
3955
3955
3957
3957
3957
3957
3959
3960
3961
3961
3961
3962
3962
3965
3965
3965
3965
3967
3968
3969
3975
3977
3977
3978
3978
3979
3979
3979
3983
3985
3986
3987
3989
3989
3991
3991
3991
3993
3994
3994
3995
3996
3996
3997
3998
3998
4000
4000
4003
4003
4003
4004
4005
4006
4007
4007
4012
4012
4014
4014
4015
4017
4018
4019
4020
4020
4021
4022
4022
4023
4025
4027
4028
4028
4028
4029
4031
4032
4032
4035
4036
4040
4042
4043
4043
4045
4046
4047
4047
4049
4049
4049
4051
4054
4054
4054
4055
4055
4056
4056
4057
4059
4059
4060
4060
4060
4061
4062
4062
4062
4062
4063
4064
4065
4067
4069
4069
4070
4071
4072
4072
4072
4073
4077
4078
4079
4081
4082
4082
4083
4083
4083
4086
4086
4086
4087
4088
4089
4090
4090
4091
4091
4091
4094
4094
4098
4100
4102
4102
4102
4103
4104
4107
4112
4112
4114
4115
4115
4115
4116
4117
4119
4120
4121
4121
4122
4123
4125
4126
4126
4127
4127
4128
4128
4129
4129
4130
4130
4132
4132
4133
4134
4135
4135
4135
4135
4138
4138
4140
4141
4143
4143
4143
4144
4144
4145
4146
4146
4147
4152
4154
4156
4158
4159
4160
4162
4165
4166
4167
4168
4169
4170
4172
4172
4173
4175
4178
4178
4178
4181
4182
4183
4185
4185
4186
4187
4188
4191
4194
4194
4195
4195
4198
4198
4199
4200
4200
4200
4201
4201
4202
4204
4207
4207
4207
4207
4209
4210
4210
4210
4210
4212
4214
4215
4216
4216
4216
4218
4218
4220
4221
4221
4222
4225
4225
4228
4228
4229
4230
4231
4232
4232
4234
4234
4235
4235
4237
4239
4241
4241
4243
4246
4250
4250
4250
4250
4251
4252
4253
4253
4255
4256
4257
4258
4259
4262
4262
4264
4265
4267
4268
4268
4269
4270
4271
4272
4273
4274
4275
4276
4276
4277
4277
4277
4279
4280
4280
4281
4282
4283
4285
4286
4287
4288
4288
4288
4289
4289
4292
4292
4292
4294
4295
4295
4295
4295
4296
4296
4296
4296
4297
4297
4297
4298
4300
4300
4301
4302
4304
4305
4305
4305
4308
4309
4310
4310
4313
4313
4313
4313
4314
4314
4316
4316
4318
4319
4320
4320
4321
4322
4322
4323
4324
4325
4326
4326
4327
4327
4327
4328
4329
4329
4330
4330
4331
4331
4335
4336
4336
4342
4342
4343
4344
4344
4345
4347
4349
4350
4352
4355
4356
4357
4357
4359
4361
4361
4364
4366
4367
4371
4373
4376
4377
4378
4379
4379
4381
4382
4383
4384
4385
4385
4386
4386
4388
4388
4391
4392
4392
4393
4397
4398
4399
4402
4402
4402
4405
4407
4408
4408
4409
4410
4411
4411
4412
4412
4413
4414
4415
4415
4415
4416
4418
4420
4420
4423
4425
4425
4428
4428
4432
4433
4434
4434
4435
4436
4436
4438
4440
4440
4442
4442
4442
4443
4444
4452
4452
4452
4454
4457
4459
4460
4462
4463
4463
4465
4466
4467
4467
4467
4468
4469
4470
4471
4472
4472
4473
4474
4475
4476
4476
4477
4477
4477
4477
4481
4481
4481
4482
4485
4486
4487
4487
4488
4488
4489
4490
4491
4494
4494
4495
4496
4497
4497
4499
4501
4501
4501
4501
4502
4503
4503
4505
4505
4506
4507
4510
4511
4513
4513
4513
4513
4514
4515
4516
4517
4517
4518
4519
4520
4520
4521
4522
4522
4526
4526
4527
4527
4528
4529
4530
4530
4530
4531
4532
4532
4533
4535
4537
4537
4538
4538
4539
4539
4539
4540
4541
4542
4544
4545
4548
4550
4550
4550
4551
4552
4552
4553
4553
4554
4556
4558
4559
4559
4560
4562
4562
4562
4562
4563
4564
4564
4564
4565
4565
4565
4566
4566
4566
4567
4568
4572
4572
4572
4573
4575
4577
4578
4578
4579
4579
4580
4580
4580
4580
4581
4581
4583
4584
4585
4585
4586
4586
4587
4587
4587
4587
4587
4588
4590
4591
4592
4592
4594
4595
4596
4597
4597
4597
4597
4600
4601
4601
4602
4602
4603
4604
4604
4604
4606
4609
4609
4610
4610
4612
4614
4614
4614
4615
4616
4617
4617
4618
4619
4620
4620
4620
4620
4621
4621
4622
4622
4624
4625
4626
4626
4627
4628
4629
4629
4629
4632
4633
4634
4636
4639
4642
4644
4644
4644
4644
4646
4646
4650
4650
4650
4651
4652
4653
4653
4654
4656
4656
4656
4657
4658
4660
4663
4663
4664
4664
4665
4665
4666
4669
4672
4672
4673
4673
4674
4675
4677
4678
4679
4680
4680
4680
4680
4681
4681
4683
4683
4685
4686
4686
4689
4690
4690
4691
4692
4693
4695
4695
4695
4696
4696
4696
4697
4697
4702
4703
4703
4703
4704
4706
4709
4709
4710
4710
4712
4713
4714
4714
4715
4717
4721
4722
4722
4728
4730
4730
4733
4736
4736
4737
4738
4739
4740
4741
4744
4745
4745
4746
4746
4746
4747
4749
4750
4752
4755
4755
4756
4756
4757
4759
4759
4760
4761
4762
4762
4762
4763
4765
4768
4769
4769
4772
4772
4773
4773
4774
4775
4775
4777
4777
4778
4778
4781
4783
4784
4784
4785
4785
4788
4788
4790
4791
4792
4793
4793
4794
4796
4796
4799
4801
4802
4803
4804
4805
4805
4806
4807
4808
4809
4810
4813
4814
4814
4815
4816
4816
4817
4817
4818
4819
4822
4823
4823
4824
4824
4825
4825
4828
4829
4830
4834
4834
4834
4835
4839
4840
4840
4842
4842
4843
4843
4848
4849
4850
4851
4852
4853
4853
4853
4854
4854
4855
4855
4855
4857
4857
4858
4860
4860
4861
4862
4863
4864
4864
4865
4865
4865
4866
4868
4870
4870
4870
4871
4871
4873
4873
4873
4874
4875
4876
4877
4881
4881
4883
4884
4885
4887
4889
4889
4891
4892
4893
4894
4895
4896
4897
4898
4898
4899
4899
4900
4901
4902
4903
4904
4904
4905
4907
4907
4909
4909
4913
4914
4916
4919
4921
4925
4926
4926
4927
4927
4927
4928
4928
4930
4931
4932
4933
4933
4934
4937
4938
4939
4939
4939
4940
4940
4941
4941
4942
4942
4943
4945
4945
4948
4949
4950
4950
4950
4952
4953
4954
4956
4956
4958
4959
4960
4961
4961
4964
4964
4964
4965
4967
4969
4969
4970
4972
4973
4973
4975
4976
4977
4978
4978
4980
4981
4983
4985
4986
4987
4990
4990
4991
4992
4992
4994
4995
4995
4996
4996
4998
5000
5000
5001
5001
5002
5003
5005
5007
5008
5010
5011
5012
5013
5013
5014
5016
5019
5019
5021
5023
5023
5023
5024
5026
5027
5028
5032
5032
5034
5034
5035
5035
5036
5039
5040
5041
5041
5041
5041
5041
5044
5045
5045
5046
5046
5047
5048
5050
5051
5051
5051
5051
5054
5054
5056
5059
5062
5062
5063
5063
5064
5064
5066
5067
5068
5068
5070
5071
5073
5073
5074
5074
5075
5076
5077
5077
5079
5079
5079
5080
5080
5080
5081
5082
5083
5083
5084
5085
5085
5086
5086
5088
5088
5088
5088
5089
5089
5089
5089
5090
5090
5092
5093
5095
5095
5097
5099
5099
5102
5103
5103
5104
5104
5105
5107
5108
5109
5110
5110
5112
5112
5112
5113
5118
5118
5118
5119
5119
5120
5121
5122
5123
5123
5124
5127
5128
5129
5130
5131
5131
5132
5132
5133
5133
5134
5135
5135
5137
5138
5139
5141
5145
5148
5148
5148
5151
5154
5157
5157
5158
5158
5159
5160
5162
5163
5163
5164
5164
5166
5168
5169
5169
5170
5170
5172
5172
5172
5173
5176
5177
5177
5178
5178
5180
5180
5180
5180
5183
5184
5184
5184
5185
5186
5186
5186
5188
5189
5190
5191
5192
5193
5193
5194
5195
5197
5197
5197
5197
5198
5198
5199
5199
5200
5201
5201
5201
5201
5203
5204
5204
5205
5205
5206
5206
5208
5208
5209
5209
5211
5211
5211
5212
5212
5212
5212
5214
5215
5215
5215
5218
5221
5222
5223
5224
5224
5225
5227
5230
5230
5232
5233
5235
5235
5236
5236
5237
5239
5239
5240
5241
5244
5245
5245
5247
5247
5247
5248
5248
5248
5248
5250
5250
5250
5250
5251
5252
5254
5255
5255
5256
5256
5259
5259
5259
5261
5261
5261
5264
5267
5267
5268
5269
5270
5270
5271
5271
5271
5272
5272
5272
5275
5277
5277
5279
5281
5282
5282
5285
5287
5287
5287
5287
5288
5289
5289
5289
5291
5292
5293
5293
5296
5297
5297
5297
5297
5298
5298
5299
5299
5300
5302
5304
5305
5305
5305
5306
5307
5307
5307
5309
5310
5311
5312
5312
5313
5314
5314
5315
5316
5316
5317
5317
5319
5322
5323
5324
5327
5328
5328
5328
5329
5329
5329
5330
5332
5333
5333
5334
5334
5335
5337
5337
5338
5339
5340
5340
5340
5340
5341
5341
5342
5342
5342
5342
5343
5343
5344
5344
5345
5346
5347
5347
5349
5349
5349
5350
5351
5351
5352
5352
5352
5353
5353
5354
5356
5357
5358
5358
5359
5359
5359
5360
5361
5363
5363
5364
5364
5365
5365
5366
5366
5367
5367
5368
5368
5369
5369
5371
5371
5371
5372
5372
5374
5374
5375
5375
5376
5378
5379
5380
5381
5381
5383
5383
5384
5384
5384
5385
5386
5388
5391
5392
5394
5394
5394
5396
5397
5398
5401
5401
5406
5406
5408
5408
5410
5410
5410
5411
5411
5412
5413
5414
5415
5415
5418
5419
5420
5422
5422
5426
5427
5428
5429
5429
5432
5432
5434
5434
5435
5435
5436
5437
5439
5440
5441
5442
5444
5444
5445
5445
5445
5446
5446
5446
5447
5447
5448
5449
5451
5452
5452
5453
5454
5456
5462
5464
5464
5464
5465
5465
5466
5467
5467
5469
5470
5471
5471
5471
5472
5472
5473
5473
5473
5476
5479
5481
5481
5482
5483
5484
5485
5489
5489
5489
5492
5493
5494
5494
5494
5495
5495
5497
5499
5500
5500
5500
5501
5503
5504
5505
5506
5506
5507
5507
5508
5509
5510
5511
5512
5512
5512
5514
5515
5515
5516
5523
5523
5524
5526
5526
5527
5527
5528
5528
5532
5532
5535
5537
5538
5539
5540
5541
5545
5545
5545
5545
5547
5549
5551
5551
5551
5552
5553
5554
5554
5556
5556
5557
5558
5558
5560
5561
5562
5562
5562
5563
5563
5564
5565
5566
5566
5567
5568
5568
5570
5571
5571
5571
5572
5573
5574
5574
5576
5579
5579
5580
5581
5582
5582
5586
5587
5588
5590
5594
5595
5595
5596
5596
5596
5596
5597
5597
5598
5601
5601
5602
5603
5605
5605
5605
5606
5606
5608
5610
5610
5611
5612
5616
5617
5618
5618
5619
5620
5620
5621
5623
5623
5625
5625
5626
5626
5627
5629
5633
5633
5634
5635
5636
5636
5640
5640
5641
5642
5644
5644
5644
5648
5650
5651
5653
5655
5656
5657
5658
5660
5662
5663
5663
5664
5668
5669
5671
5671
5673
5674
5676
5678
5680
5681
5682
5682
5684
5684
5687
5687
5688
5688
5691
5696
5696
5696
5697
5701
5704
5704
5704
5706
5706
5706
5708
5711
5711
5712
5715
5715
5717
5717
5718
5719
5720
5721
5722
5723
5723
5723
5723
5725
5726
5728
5729
5730
5732
5732
5733
5734
5734
5735
5738
5740
5740
5740
5741
5741
5742
5743
5744
5745
5745
5746
5748
5749
5751
5752
5755
5756
5756
5757
5757
5759
5760
5760
5760
5763
5765
5766
5766
5767
5767
5768
5768
5769
5769
5770
5773
5773
5774
5775
5776
5777
5779
5779
5780
5781
5783
5783
5784
5786
5789
5790
5790
5791
5792
5795
5796
5798
5799
5800
5800
5801
5801
5803
5805
5807
5808
5809
5809
5810
5811
5812
5814
5814
5816
5816
5816
5817
5817
5820
5820
5821
5822
5825
5827
5827
5828
5829
5831
5833
5834
5835
5836
5837
5838
5841
5841
5843
5845
5847
5847
5848
5850
5852
5853
5856
5856
5856
5857
5858
5860
5860
5860
5860
5862
5864
5864
5865
5865
5865
5865
5866
5867
5868
5868
5869
5869
5869
5870
5874
5874
5875
5875
5876
5876
5877
5877
5878
5881
5881
5882
5882
5882
5883
5884
5886
5889
5890
5891
5892
5892
5897
5897
5898
5899
5900
5901
5901
5903
5904
5905
5906
5906
5906
5907
5910
5911
5913
5914
5915
5915
5916
5918
5918
5918
5919
5920
5922
5922
5922
5924
5924
5925
5926
5926
5926
5926
5929
5929
5931
5933
5935
5941
5944
5944
5944
5948
5949
5951
5951
5954
5954
5955
5956
5957
5958
5958
5959
5960
5962
5963
5963
5963
5966
5969
5970
5972
5972
5973
5973
5974
5976
5976
5977
5977
5978
5980
5981
5982
5984
5985
5985
5987
5989
5990
5990
5991
5992
5994
5995
5995
5997
5999
5999
6000
6002
6002
6002
6005
6006
6006
6007
6009
6011
6011
6011
6011
6012
6013
6013
6014
6014
6015
6016
6016
6018
6019
6019
6020
6020
6021
6022
6022
6025
6026
6026
6029
6029
6029
6030
6031
6032
6034
6035
6036
6038
6038
6040
6042
6043
6045
6046
6047
6047
6048
6049
6049
6050
6051
6052
6052
6053
6055
6056
6061
6061
6061
6061
6062
6062
6062
6062
6064
6064
6064
6068
6068
6069
6070
6071
6072
6073
6076
6076
6078
6078
6081
6082
6082
6083
6083
6084
6085
6086
6088
6088
6089
6090
6093
6097
6098
6098
6099
6101
6101
6103
6104
6105
6106
6106
6107
6108
6108
6109
6113
6115
6117
6118
6118
6118
6119
6120
6121
6123
6123
6123
6123
6123
6124
6125
6125
6125
6127
6128
6130
6130
6131
6131
6135
6136
6136
6137
6138
6138
6139
6140
6140
6140
6141
6141
6144
6145
6146
6148
6149
6150
6155
6155
6156
6158
6158
6158
6159
6162
6164
6165
6165
6165
6165
6167
6169
6169
6174
6174
6175
6175
6176
6177
6178
6180
6181
6183
6184
6185
6186
6187
6187
6191
6191
6192
6194
6196
6196
6197
6197
6198
6199
6200
6201
6202
6203
6205
6206
6206
6211
6212
6213
6213
6214
6214
6215
6215
6217
6218
6219
6220
6220
6220
6221
6224
6225
6226
6227
6228
6229
6229
6230
6231
6231
6232
6233
6233
6235
6235
6236
6237
6240
6242
6243
6245
6248
6248
6250
6251
6253
6256
6256
6256
6257
6258
6261
6261
6261
6261
6262
6263
6263
6263
6265
6265
6266
6268
6268
6272
6276
6277
6277
6278
6280
6280
6281
6282
6283
6284
6287
6288
6288
6288
6289
6290
6293
6293
6294
6294
6294
6296
6296
6297
6297
6297
6298
6298
6298
6301
6302
6303
6304
6305
6305
6306
6307
6308
6309
6310
6311
6312
6314
6314
6315
6316
6316
6317
6318
6318
6320
6320
6322
6322
6322
6322
6323
6323
6323
6324
6324
6325
6327
6328
6329
6330
6332
6333
6333
6333
6334
6335
6335
6336
6337
6338
6339
6339
6339
6340
6340
6341
6342
6343
6343
6344
6345
6346
6347
6347
6348
6348
6348
6348
6349
6353
6354
6357
6357
6357
6357
6357
6358
6359
6359
6359
6361
6361
6363
6363
6366
6367
6367
6368
6368
6369
6373
6373
6373
6374
6375
6376
6377
6378
6378
6381
6385
6386
6386
6392
6393
6395
6395
6397
6398
6398
6398
6399
6400
6401
6402
6402
6403
6405
6405
6407
6407
6407
6407
6408
6410
6411
6411
6413
6414
6417
6419
6420
6422
6423
6425
6425
6426
6426
6426
6427
6428
6429
6430
6430
6431
6433
6434
6435
6436
6437
6439
6441
6443
6443
6444
6444
6445
6446
6446
6447
6448
6448
6448
6449
6450
6452
6452
6453
6453
6453
6455
6455
6456
6457
6457
6458
6461
6461
6462
6464
6466
6467
6468
6471
6471
6473
6474
6474
6477
6478
6478
6480
6480
6483
6483
6484
6485
6487
6487
6488
6488
6489
6490
6490
6491
6492
6493
6494
6494
6494
6494
6495
6503
6504
6504
6505
6505
6505
6505
6506
6508
6509
6509
6511
6513
6513
6513
6516
6519
6522
6523
6524
6524
6525
6526
6527
6527
6528
6529
6529
6529
6531
6532
6533
6535
6536
6536
6536
6537
6539
6541
6542
6545
6546
6547
6547
6548
6549
6549
6549
6549
6551
6552
6552
6552
6553
6553
6556
6556
6557
6559
6559
6560
6561
6561
6562
6562
6562
6564
6565
6565
6567
6570
6570
6570
6570
6574
6574
6574
6576
6576
6578
6578
6579
6579
6580
6581
6582
6582
6583
6584
6585
6585
6585
6587
6587
6588
6588
6589
6589
6589
6591
6591
6591
6592
6592
6592
6593
6597
6598
6598
6602
6602
6603
6606
6607
6607
6609
6612
6613
6613
6616
6617
6617
6618
6618
6619
6620
6620
6621
6621
6622
6623
6623
6625
6626
6626
6629
6629
6629
6629
6629
6629
6630
6631
6632
6632
6633
6637
6638
6639
6640
6640
6643
6643
6643
6646
6647
6648
6648
6649
6650
6650
6650
6651
6651
6652
6653
6654
6654
6657
6657
6657
6659
6659
6662
6662
6663
6663
6664
6665
6665
6666
6667
6667
6671
6675
6677
6677
6678
6678
6678
6679
6679
6681
6681
6684
6687
6690
6690
6692
6692
6693
6693
6694
6694
6695
6697
6697
6698
6699
6700
6700
6701
6701
6701
6701
6705
6705
6706
6707
6707
6708
6708
6709
6709
6709
6710
6711
6712
6716
6716
6716
6718
6718
6719
6720
6721
6722
6722
6723
6724
6726
6730
6733
6733
6735
6735
6736
6737
6740
6743
6743
6745
6746
6747
6748
6750
6751
6753
6755
6757
6758
6765
6765
6765
6769
6769
6771
6772
6772
6772
6773
6774
6774
6776
6777
6778
6778
6783
6784
6784
6788
6788
6788
6791
6792
6793
6793
6793
6795
6796
6797
6797
6798
6799
6799
6802
6802
6802
6803
6803
6803
6803
6803
6804
6804
6805
6810
6812
6812
6812
6813
6813
6813
6815
6816
6818
6818
6818
6818
6818
6819
6819
6821
6821
6821
6822
6825
6827
6828
6828
6829
6829
6831
6831
6833
6834
6837
6838
6839
6839
6841
6842
6842
6842
6843
6844
6844
6844
6845
6845
6849
6850
6850
6852
6854
6854
6855
6857
6857
6857
6858
6860
6860
6861
6861
6862
6863
6864
6864
6864
6865
6865
6865
6867
6867
6868
6870
6871
6872
6872
6873
6873
6873
6875
6875
6876
6878
6880
6880
6880
6881
6881
6883
6886
6888
6888
6889
6889
6892
6894
6894
6895
6896
6897
6897
6899
6902
6902
6907
6908
6911
6911
6911
6912
6912
6913
6914
6917
6917
6919
6919
6920
6920
6921
6923
6923
6924
6925
6925
6926
6927
6927
6927
6928
6928
6930
6930
6931
6931
6931
6933
6934
6936
6936
6937
6942
6944
6945
6946
6948
6950
6952
6953
6955
6956
6958
6958
6958
6960
6961
6962
6962
6963
6965
6965
6965
6965
6966
6967
6967
6968
6968
6973
6974
6976
6977
6979
6979
6980
6980
6982
6982
6982
6982
6983
6984
6984
6984
6985
6985
6986
6987
6988
6988
6988
6988
6988
6989
6989
6989
6990
6992
6993
6996
6996
6998
6999
6999
7000
7000
7002
7005
7007
7008
7009
7010
7011
7011
7011
7012
7012
7014
7015
7016
7018
7018
7021
7021
7022
7022
7024
7025
7026
7026
7028
7028
7028
7030
7031
7031
7032
7032
7033
7034
7034
7036
7037
7037
7040
7040
7041
7041
7042
7044
7045
7045
7045
7046
7046
7046
7052
7052
7053
7054
7055
7058
7058
7058
7058
7062
7064
7064
7065
7067
7067
7068
7071
7071
7071
7071
7072
7072
7072
7074
7076
7077
7077
7079
7079
7080
7080
7081
7083
7083
7086
7086
7087
7088
7089
7089
7091
7091
7092
7095
7095
7097
7097
7097
7098
7099
7100
7104
7104
7106
7106
7106
7110
7110
7111
7111
7112
7113
7114
7115
7115
7115
7115
7116
7118
7118
7119
7120
7121
7122
7123
7125
7125
7126
7126
7127
7127
7129
7129
7132
7133
7134
7134
7137
7138
7139
7140
7140
7142
7143
7144
7145
7147
7148
7148
7148
7152
7152
7155
7155
7155
7157
7158
7161
7163
7164
7166
7166
7168
7168
7169
7169
7170
7171
7171
7172
7172
7173
7174
7175
7178
7179
7180
7180
7183
7183
7184
7184
7185
7185
7186
7187
7187
7187
7187
7192
7192
7192
7193
7193
7194
7195
7198
7199
7200
7203
7204
7205
7206
7207
7209
7210
7211
7212
7213
7213
7214
7218
7218
7219
7221
7222
7222
7225
7226
7228
7231
7234
7234
7236
7236
7236
7237
7237
7238
7239
7240
7243
7244
7246
7246
7247
7247
7247
7247
7247
7250
7250
7252
7255
7256
7259
7260
7263
7264
7264
7267
7268
7271
7271
7274
7276
7278
7278
7278
7278
7280
7281
7281
7282
7283
7283
7284
7288
7290
7292
7292
7292
7292
7292
7293
7293
7294
7294
7296
7298
7299
7300
7301
7302
7304
7306
7307
7307
7310
7312
7312
7312
7313
7313
7313
7314
7314
7315
7319
7319
7320
7320
7321
7321
7322
7323
7324
7324
7325
7326
7329
7330
7330
7331
7331
7332
7332
7332
7333
7333
7334
7334
7335
7339
7339
7339
7340
7342
7344
7346
7347
7347
7349
7349
7350
7351
7352
7352
7353
7353
7353
7354
7355
7355
7356
7356
7357
7357
7359
7360
7363
7363
7363
7363
7363
7364
7367
7367
7370
7370
7374
7374
7375
7376
7376
7377
7378
7379
7379
7380
7380
7380
7381
7382
7382
7383
7383
7386
7386
7387
7387
7389
7390
7391
7391
7392
7393
7393
7393
7394
7395
7396
7396
7396
7397
7398
7399
7401
7404
7405
7406
7410
7410
7415
7416
7416
7416
7417
7420
7422
7422
7425
7426
7427
7427
7427
7429
7429
7430
7432
7432
7433
7433
7434
7435
7436
7436
7437
7437
7442
7445
7445
7446
7446
7447
7447
7448
7448
7449
7450
7450
7451
7451
7454
7455
7456
7456
7457
7457
7458
7459
7460
7460
7461
7461
7461
7462
7462
7463
7464
7464
7464
7464
7467
7467
7468
7470
7472
7473
7473
7474
7474
7474
7475
7476
7477
7478
7479
7480
7480
7481
7481
7481
7482
7482
7482
7484
7484
7484
7485
7487
7490
7491
7493
7494
7496
7496
7498
7498
7502
7502
7503
7505
7506
7506
7508
7508
7508
7509
7510
7513
7517
7518
7520
7520
7520
7521
7523
7523
7524
7525
7525
7526
7528
7529
7529
7530
7531
7532
7539
7539
7539
7539
7540
7541
7542
7544
7546
7547
7547
7547
7551
7552
7552
7552
7553
7553
7554
7554
7554
7554
7555
7556
7557
7557
7558
7559
7560
7560
7561
7561
7563
7564
7564
7565
7565
7565
7566
7568
7568
7569
7570
7572
7573
7573
7575
7576
7579
7579
7580
7581
7582
7583
7583
7585
7585
7585
7585
7586
7587
7589
7590
7592
7593
7593
7595
7595
7595
7596
7596
7597
7597
7598
7599
7599
7601
7602
7610
7610
7612
7612
7613
7614
7615
7615
7616
7618
7618
7618
7619
7619
7620
7621
7622
7622
7622
7623
7624
7625
7625
7625
7626
7626
7627
7631
7632
7635
7635
7637
7637
7637
7637
7639
7640
7643
7643
7643
7649
7650
7651
7652
7652
7654
7654
7655
7655
7655
7657
7661
7661
7662
7662
7663
7664
7664
7666
7668
7670
7673
7674
7674
7674
7676
7676
7677
7677
7678
7678
7680
7680
7680
7682
7682
7683
7684
7685
7685
7686
7686
7688
7688
7691
7695
7695
7700
7701
7701
7702
7704
7704
7706
7707
7708
7708
7709
7709
7711
7711
7712
7712
7714
7714
7715
7717
7717
7717
7718
7719
7719
7720
7725
7726
7728
7728
7729
7729
7731
7732
7733
7734
7734
7734
7734
7736
7736
7736
7738
7738
7738
7741
7743
7743
7743
7747
7750
7750
7751
7754
7754
7755
7755
7756
7757
7757
7759
7759
7761
7762
7762
7763
7763
7765
7767
7767
7767
7767
7768
7770
7771
7772
7772
7772
7774
7775
7775
7777
7779
7780
7780
7780
7781
7784
7784
7786
7789
7793
7793
7794
7797
7797
7797
7798
7799
7799
7801
7803
7803
7803
7804
7804
7806
7807
7807
7808
7809
7809
7810
7811
7814
7817
7819
7820
7820
7821
7822
7822
7823
7824
7824
7826
7828
7828
7829
7831
7832
7833
7833
7833
7833
7834
7835
7835
7837
7838
7838
7839
7840
7840
7843
7844
7845
7846
7847
7848
7850
7850
7850
7850
7850
7850
7851
7851
7852
7852
7854
7857
7863
7864
7864
7864
7865
7866
7867
7868
7869
7869
7870
7871
7872
7873
7873
7874
7874
7876
7877
7878
7881
7885
7886
7886
7887
7887
7888
7891
7891
7891
7892
7893
7893
7893
7895
7895
7896
7897
7897
7897
7900
7901
7902
7903
7903
7904
7905
7906
7906
7907
7908
7909
7909
7912
7915
7915
7915
7916
7917
7917
7917
7918
7919
7919
7920
7920
7920
7920
7921
7921
7922
7922
7923
7923
7923
7926
7926
7929
7929
7932
7932
7933
7934
7935
7936
7937
7938
7942
7942
7943
7944
7944
7945
7951
7952
7953
7954
7954
7954
7954
7955
7955
7956
7957
7957
7958
7960
7962
7963
7964
7964
7965
7965
7965
7969
7969
7969
7969
7970
7971
7972
7973
7974
7975
7976
7978
7979
7980
7981
7983
7984
7985
7985
7986
7988
7989
7993
7993
7993
7994
7995
7995
7995
7996
7997
7997
7997
7999
7999
8000
8005
8009
8010
8011
8012
8013
8013
8014
8017
8017
8018
8018
8018
8020
8021
8022
8023
8025
8026
8027
8029
8030
8031
8034
8034
8036
8037
8038
8038
8038
8040
8041
8041
8045
8047
8049
8049
8051
8051
8052
8056
8057
8057
8058
8060
8064
8064
8065
8065
8065
8066
8067
8067
8067
8067
8068
8070
8071
8071
8071
8072
8074
8074
8074
8076
8076
8076
8078
8078
8079
8079
8081
8081
8082
8082
8083
8083
8084
8086
8089
8095
8095
8096
8097
8100
8100
8101
8103
8103
8108
8108
8109
8110
8111
8113
8113
8114
8114
8117
8117
8118
8120
8120
8123
8125
8125
8125
8126
8128
8129
8131
8132
8132
8133
8139
8140
8143
8143
8144
8145
8146
8147
8147
8148
8148
8149
8149
8151
8152
8152
8154
8156
8158
8158
8159
8159
8159
8160
8160
8161
8163
8164
8169
8170
8171
8171
8171
8171
8171
8173
8174
8175
8175
8177
8180
8181
8181
8182
8183
8184
8185
8186
8189
8189
8191
8193
8193
8194
8199
8199
8199
8202
8202
8204
8205
8206
8208
8208
8209
8210
8211
8212
8216
8216
8217
8217
8217
8218
8219
8220
8221
8222
8223
8224
8224
8225
8230
8231
8233
8235
8236
8238
8238
8239
8240
8241
8242
8242
8243
8244
8244
8245
8246
8247
8248
8248
8249
8250
8253
8253
8255
8256
8257
8257
8257
8257
8258
8260
8261
8261
8261
8261
8263
8265
8265
8266
8266
8267
8267
8268
8268
8268
8269
8270
8270
8272
8274
8274
8276
8276
8277
8279
8282
8282
8282
8284
8285
8285
8287
8290
8291
8292
8292
8292
8292
8292
8293
8296
8298
8299
8300
8303
8307
8310
8310
8311
8311
8312
8313
8313
8314
8316
8316
8317
8317
8317
8318
8319
8320
8321
8321
8322
8323
8325
8325
8326
8327
8328
8329
8331
8332
8332
8333
8334
8335
8336
8337
8337
8343
8344
8345
8348
8349
8349
8351
8351
8352
8354
8355
8356
8356
8356
8356
8357
8360
8360
8361
8361
8362
8364
8365
8366
8367
8370
8370
8370
8370
8372
8372
8372
8373
8373
8374
8374
8375
8376
8376
8377
8377
8378
8379
8380
8381
8381
8381
8382
8382
8382
8383
8384
8386
8386
8387
8389
8391
8392
8392
8392
8393
8394
8395
8397
8397
8398
8398
8400
8401
8404
8404
8405
8406
8408
8409
8411
8414
8414
8415
8416
8417
8418
8419
8420
8421
8422
8424
8424
8424
8424
8425
8427
8428
8429
8430
8430
8430
8431
8432
8434
8434
8435
8435
8436
8436
8437
8442
8443
8444
8444
8444
8445
8447
8448
8448
8450
8452
8454
8455
8455
8455
8456
8456
8457
8457
8458
8460
8461
8461
8462
8462
8463
8464
8464
8466
8466
8466
8466
8466
8468
8468
8469
8469
8471
8473
8475
8476
8477
8477
8478
8479
8480
8481
8481
8482
8482
8482
8482
8485
8487
8488
8493
8494
8494
8494
8496
8497
8498
8499
8500
8502
8503
8504
8504
8506
8507
8509
8509
8510
8511
8512
8512
8513
8513
8515
8516
8518
8520
8523
8524
8524
8524
8525
8525
8527
8527
8528
8529
8530
8531
8531
8533
8534
8536
8537
8537
8537
8538
8538
8538
8539
8539
8540
8541
8541
8541
8542
8543
8546
8547
8549
8550
8550
8551
8553
8554
8554
8555
8555
8559
8560
8564
8565
8566
8567
8567
8568
8568
8569
8569
8570
8571
8571
8573
8573
8574
8574
8575
8575
8575
8577
8577
8577
8578
8580
8580
8581
8585
8585
8586
8587
8587
8590
8591
8591
8592
8592
8593
8597
8598
8598
8599
8599
8600
8601
8604
8604
8606
8607
8608
8608
8609
8609
8610
8610
8611
8612
8613
8614
8616
8616
8618
8619
8622
8626
8626
8627
8628
8628
8629
8631
8635
8638
8640
8640
8641
8642
8643
8643
8644
8645
8647
8648
8649
8650
8650
8654
8654
8654
8654
8655
8655
8655
8656
8658
8658
8660
8663
8664
8664
8664
8664
8664
8665
8665
8665
8666
8668
8668
8668
8669
8670
8670
8671
8672
8674
8674
8676
8677
8677
8678
8681
8682
8682
8683
8683
8684
8687
8687
8688
8691
8692
8693
8694
8695
8696
8696
8696
8697
8698
8699
8699
8702
8702
8703
8703
8706
8709
8709
8709
8709
8709
8711
8713
8713
8715
8715
8716
8717
8718
8719
8719
8720
8721
8722
8722
8723
8725
8725
8726
8728
8729
8731
8731
8732
8733
8734
8734
8735
8738
8738
8739
8740
8743
8743
8743
8747
8748
8750
8751
8753
8754
8754
8755
8755
8757
8758
8759
8759
8759
8760
8760
8761
8761
8761
8762
8762
8767
8768
8768
8768
8775
8778
8779
8780
8782
8783
8783
8783
8784
8784
8784
8785
8786
8786
8787
8787
8787
8788
8789
8789
8792
8792
8793
8794
8797
8798
8798
8798
8800
8800
8803
8803
8804
8805
8807
8810
8811
8811
8812
8812
8813
8815
8818
8819
8821
8822
8822
8823
8823
8825
8825
8825
8825
8825
8826
8828
8828
8829
8830
8830
8834
8834
8835
8835
8838
8838
8839
8841
8841
8841
8844
8844
8846
8847
8848
8848
8850
8851
8852
8854
8856
8857
8857
8858
8858
8860
8860
8862
8862
8864
8866
8866
8867
8868
8869
8873
8873
8874
8874
8876
8877
8877
8878
8881
8882
8883
8883
8883
8887
8890
8891
8892
8892
8896
8896
8897
8898
8900
8901
8903
8903
8903
8904
8905
8906
8908
8908
8909
8910
8912
8914
8914
8916
8918
8918
8920
8921
8922
8923
8924
8925
8925
8925
8926
8927
8928
8929
8930
8933
8934
8935
8936
8936
8936
8939
8939
8940
8940
8941
8941
8942
8942
8942
8944
8947
8948
8949
8950
8950
8951
8954
8955
8955
8955
8956
8958
8958
8960
8962
8963
8963
8963
8965
8966
8966
8969
8969
8969
8970
8977
8977
8980
8980
8982
8983
8983
8984
8985
8985
8985
8985
8990
8992
8995
8995
8995
8996
8997
8999
8999
9001
9002
9003
9003
9004
9005
9007
9009
9010
9010
9010
9011
9011
9011
9013
9013
9021
9023
9024
9024
9025
9025
9027
9029
9031
9032
9032
9034
9036
9036
9037
9037
9038
9039
9042
9042
9043
9044
9050
9050
9050
9051
9052
9052
9053
9054
9054
9054
9055
9057
9059
9060
9060
9061
9062
9064
9065
9065
9066
9067
9067
9068
9069
9070
9071
9072
9072
9074
9074
9075
9076
9076
9077
9079
9080
9080
9080
9081
9081
9081
9082
9082
9082
9088
9089
9091
9094
9097
9098
9098
9099
9100
9100
9102
9103
9104
9104
9107
9107
9108
9109
9109
9109
9109
9110
9110
9112
9113
9114
9114
9116
9116
9117
9119
9119
9122
9122
9122
9123
9124
9124
9124
9126
9126
9127
9128
9130
9131
9131
9132
9135
9135
9136
9136
9138
9138
9139
9139
9140
9141
9142
9144
9146
9147
9148
9148
9148
9149
9150
9151
9151
9152
9152
9156
9157
9157
9158
9160
9161
9162
9162
9163
9163
9163
9163
9163
9164
9165
9167
9167
9168
9170
9171
9173
9178
9179
9180
9182
9182
9183
9183
9185
9187
9187
9188
9188
9189
9192
9192
9193
9197
9199
9200
9200
9201
9203
9204
9205
9207
9207
9208
9209
9210
9210
9210
9213
9213
9213
9215
9216
9216
9216
9220
9220
9222
9223
9224
9225
9227
9227
9227
9228
9228
9230
9231
9232
9233
9235
9237
9237
9238
9239
9239
9239
9239
9240
9240
9241
9241
9247
9248
9248
9249
9250
9252
9254
9256
9257
9257
9259
9259
9260
9261
9263
9267
9268
9270
9270
9270
9271
9271
9271
9272
9272
9274
9277
9278
9280
9281
9283
9284
9288
9292
9292
9293
9293
9295
9297
9297
9297
9297
9298
9299
9299
9300
9305
9305
9305
9307
9308
9312
9312
9312
9313
9314
9315
9317
9320
9323
9323
9325
9326
9326
9327
9329
9330
9330
9332
9333
9334
9336
9337
9338
9338
9339
9339
9341
9342
9342
9342
9343
9344
9344
9345
9346
9346
9347
9347
9348
9351
9352
9354
9355
9356
9358
9359
9359
9359
9360
9360
9361
9361
9361
9362
9363
9364
9365
9365
9365
9366
9366
9366
9367
9368
9369
9369
9369
9369
9371
9371
9371
9372
9372
9374
9374
9376
9376
9377
9378
9379
9379
9379
9381
9381
9382
9384
9386
9388
9389
9389
9392
9393
9393
9393
9394
9396
9397
9398
9398
9399
9399
9400
9401
9401
9402
9402
9403
9403
9403
9406
9406
9407
9407
9408
9411
9413
9415
9415
9416
9417
9418
9418
9419
9419
9421
9423
9424
9425
9426
9427
9430
9430
9430
9432
9433
9433
9435
9436
9437
9437
9438
9438
9439
9440
9441
9441
9444
9444
9445
9446
9446
9447
9447
9447
9451
9452
9453
9454
9454
9455
9455
9455
9458
9459
9460
9460
9460
9462
9463
9464
9465
9465
9467
9468
9468
9468
9469
9472
9473
9473
9474
9475
9475
9475
9476
9476
9479
9479
9479
9480
9480
9481
9482
9482
9485
9486
9488
9488
9488
9489
9489
9489
9490
9493
9493
9493
9493
9494
9494
9495
9496
9497
9498
9503
9506
9507
9507
9508
9508
9509
9510
9512
9516
9517
9517
9519
9519
9519
9521
9521
9522
9524
9526
9526
9527
9527
9528
9531
9534
9537
9537
9537
9537
9538
9538
9539
9540
9541
9542
9543
9544
9545
9546
9549
9549
9550
9551
9551
9551
9552
9552
9552
9554
9554
9554
9555
9555
9556
9556
9557
9560
9561
9561
9561
9561
9561
9562
9563
9563
9566
9568
9568
9569
9571
9572
9573
9573
9574
9574
9575
9578
9579
9579
9580
9583
9583
9583
9584
9585
9586
9586
9589
9589
9591
9596
9598
9599
9599
9600
9600
9600
9601
9601
9601
9602
9603
9603
9604
9606
9607
9608
9609
9610
9611
9611
9614
9614
9615
9615
9615
9618
9618
9618
9619
9620
9620
9621
9622
9622
9623
9626
9626
9626
9627
9631
9633
9633
9633
9634
9635
9636
9636
9638
9639
9639
9642
9644
9645
9648
9648
9650
9654
9654
9657
9658
9660
9661
9664
9665
9665
9666
9666
9666
9667
9668
9669
9669
9669
9672
9672
9673
9673
9674
9674
9674
9677
9678
9680
9681
9682
9682
9683
9683
9684
9684
9684
9685
9686
9686
9686
9687
9687
9688
9689
9689
9690
9690
9693
9693
9696
9696
9696
9697
9697
9697
9697
9698
9698
9699
9699
9699
9700
9700
9701
9702
9702
9707
9707
9708
9708
9710
9710
9711
9712
9712
9713
9715
9716
9716
9716
9716
9718
9718
9720
9720
9721
9722
9722
9722
9723
9724
9724
9724
9727
9727
9727
9729
9730
9734
9734
9734
9735
9736
9739
9740
9741
9742
9743
9743
9743
9743
9744
9744
9747
9747
9747
9747
9749
9751
9752
9755
9755
9755
9759
9764
9765
9766
9766
9766
9767
9769
9769
9770
9771
9771
9772
9772
9772
9773
9774
9777
9778
9781
9782
9783
9783
9787
9787
9790
9790
9790
9792
9793
9794
9795
9798
9799
9799
9801
9802
9803
9804
9805
9805
9809
9809
9810
9812
9812
9814
9814
9817
9819
9820
9820
9822
9824
9825
9825
9826
9826
9826
9827
9829
9829
9830
9831
9832
9833
9835
9836
9840
9841
9842
9843
9844
9845
9845
9846
9846
9846
9847
9849
9850
9850
9852
9852
9853
9853
9855
9855
9856
9856
9857
9858
9858
9859
9859
9859
9860
9861
9861
9861
9862
9862
9863
9863
9864
9865
9866
9869
9872
9872
9873
9874
9874
9874
9875
9875
9881
9882
9884
9884
9884
9884
9885
9886
9887
9889
9889
9889
9890
9890
9891
9898
9898
9898
9899
9900
9900
9901
9902
9902
9902
9903
9903
9903
9904
9904
9905
9907
9909
9909
9910
9911
9913
9913
9914
9915
9915
9917
9919
9920
9920
9921
9921
9921
9924
9927
9927
9929
9930
9930
9931
9931
9932
9933
9934
9937
9937
9937
9939
9939
9939
9940
9944
9945
9947
9949
9949
9949
9950
9950
9951
9951
9952
9952
9956
9956
9956
9956
9958
9960
9960
9961
9961
9961
9963
9964
9964
9965
9965
9965
9966
9967
9968
9969
9970
9971
9971
9972
9973
9975
9977
9978
9979
9982
9986
9988
9989
9992
9993
9994
9994
9995
9995
9997
9997
9998
