2
2
2
2
2
4
4
5
5
6
7
7
8
9
9
10
12
14
15
15
15
15
17
18
18
20
21
21
21
22
25
25
25
26
26
28
29
31
32
34
34
36
39
39
39
40
41
43
43
45
46
47
47
48
48
49
51
51
51
57
59
61
61
62
63
66
67
68
69
69
71
73
73
74
74
74
74
75
76
76
77
78
78
79
79
80
80
85
86
86
88
91
92
93
93
97
97
98
99
100
100
101
102
103
103
103
106
108
109
112
112
113
114
116
116
116
117
118
119
120
120
121
122
123
125
126
126
126
128
128
128
130
130
130
132
133
135
137
137
138
138
138
139
140
140
144
145
145
146
146
147
148
150
152
153
154
154
155
157
157
157
157
158
158
159
160
161
161
162
162
162
162
164
165
166
167
171
176
177
177
179
180
180
185
188
188
190
192
193
195
198
199
200
202
202
204
204
205
207
207
207
208
208
209
209
210
215
219
221
222
222
223
223
225
226
226
228
229
230
231
231
231
233
234
236
237
237
237
238
238
243
244
244
245
245
248
249
249
249
252
258
260
261
261
264
265
266
266
266
267
268
268
269
270
270
270
271
271
272
272
272
273
274
274
276
278
279
280
281
282
282
282
284
284
285
285
286
287
288
289
290
291
291
294
294
295
295
297
297
298
298
299
303
303
304
304
304
305
306
307
309
310
311
312
313
313
313
314
315
316
318
319
322
323
323
323
324
326
326
327
327
328
329
329
329
330
330
333
333
334
334
335
336
337
341
341
342
343
344
344
346
348
349
349
350
350
351
352
352
353
353
353
354
354
359
359
360
362
362
362
362
365
366
366
367
367
367
368
368
369
369
370
372
372
373
376
376
377
377
378
378
380
382
383
384
385
386
390
390
391
391
393
393
393
393
395
396
397
399
399
400
400
400
403
405
405
405
405
405
407
407
408
408
408
408
409
409
413
414
414
415
417
421
422
423
424
425
425
426
428
428
428
429
429
430
430
433
433
434
435
435
436
436
436
437
438
438
439
440
440
441
442
446
446
446
448
451
452
453
453
453
454
454
454
456
457
461
462
462
466
466
468
468
469
470
471
472
472
472
474
474
477
478
478
480
480
481
481
482
483
483
483
484
484
485
485
486
486
487
487
487
488
489
493
494
496
497
498
498
499
499
500
502
502
503
503
506
506
509
511
513
514
515
516
516
517
519
520
520
522
522
523
525
526
531
531
532
532
533
533
534
535
535
538
539
539
540
541
542
542
543
543
543
543
544
544
545
550
550
552
554
555
556
556
557
557
559
559
560
561
562
563
564
564
566
568
569
570
571
574
574
575
575
576
577
578
578
578
579
580
580
585
586
586
586
587
591
592
592
592
593
593
595
596
596
596
597
597
599
600
600
603
604
605
606
607
607
608
609
609
609
613
615
617
620
621
622
624
624
625
625
626
627
628
631
631
632
632
633
633
633
633
634
636
637
637
638
639
639
641
647
648
648
648
652
653
654
656
657
657
658
661
662
665
665
666
666
667
667
667
668
669
669
672
672
672
673
673
673
674
674
675
676
679
681
682
682
683
683
684
684
684
684
686
687
687
687
687
689
690
691
693
694
694
695
696
696
696
698
699
700
702
702
704
705
705
706
707
708
708
708
710
711
712
712
715
715
716
717
718
719
719
721
721
723
724
725
725
725
725
726
727
727
729
730
731
732
733
734
738
740
742
742
744
747
749
749
752
754
758
758
758
758
758
759
759
759
761
764
764
766
771
772
772
776
778
778
778
782
782
783
783
783
784
786
787
789
790
791
792
792
794
794
796
798
799
799
799
801
802
802
805
806
807
809
809
810
810
812
813
813
813
814
815
816
818
820
820
821
821
822
823
825
827
828
829
830
834
834
834
835
836
836
838
839
840
840
840
841
842
844
844
845
845
846
846
847
847
847
848
848
849
849
850
851
852
853
854
855
857
858
858
858
859
859
861
861
862
864
864
865
866
866
866
869
869
871
871
872
874
877
878
879
881
882
883
884
885
885
886
887
888
888
890
890
891
893
893
895
896
897
900
900
906
907
909
909
912
913
913
914
914
916
917
918
918
920
922
922
923
923
924
925
925
926
929
929
932
932
932
933
934
935
937
937
938
938
939
939
940
940
941
941
942
943
945
947
948
948
949
950
952
952
953
955
956
956
957
959
960
961
963
963
965
966
966
966
966
968
970
970
970
971
973
974
974
975
976
976
979
980
981
982
983
984
989
990
990
991
992
993
995
996
996
997
999
999
1001
1004
1004
1005
1006
1007
1008
1008
1009
1011
1012
1012
1013
1013
1013
1015
1016
1019
1019
1020
1021
1022
1023
1024
1025
1027
1028
1028
1029
1030
1031
1033
1033
1038
1039
1041
1042
1042
1042
1043
1044
1044
1045
1047
1047
1052
1053
1054
1054
1054
1054
1054
1057
1057
1059
1060
1060
1060
1061
1061
1062
1064
1065
1065
1068
1069
1070
1072
1072
1073
1073
1073
1075
1076
1077
1080
1082
1083
1083
1083
1084
1085
1085
1085
1088
1089
1089
1090
1090
1091
1092
1093
1095
1095
1096
1097
1097
1097
1097
1101
1104
1105
1105
1106
1106
1107
1108
1108
1110
1111
1111
1113
1114
1114
1115
1116
1116
1117
1118
1119
1119
1120
1122
1123
1123
1125
1125
1129
1130
1130
1131
1132
1133
1135
1136
1138
1142
1142
1143
1144
1146
1146
1146
1147
1148
1150
1150
1152
1155
1155
1157
1159
1161
1161
1162
1162
1162
1162
1165
1166
1166
1166
1167
1169
1170
1170
1170
1173
1174
1176
1178
1178
1180
1180
1180
1181
1181
1181
1182
1188
1188
1189
1190
1191
1191
1192
1192
1193
1194
1195
1196
1197
1197
1197
1197
1198
1199
1200
1200
1203
1204
1205
1205
1207
1207
1207
1208
1209
1209
1210
1211
1212
1213
1217
1218
1218
1218
1219
1222
1222
1224
1224
1224
1225
1227
1227
1229
1230
1231
1232
1233
1233
1233
1234
1234
1235
1236
1238
1238
1239
1239
1243
1243
1244
1245
1246
1247
1248
1251
1251
1252
1252
1253
1253
1254
1255
1256
1256
1257
1257
1257
1258
1258
1260
1261
1262
1262
1262
1262
1264
1264
1264
1264
1266
1267
1267
1269
1270
1271
1272
1272
1272
1272
1274
1274
1275
1276
1277
1277
1279
1279
1280
1283
1285
1286
1286
1291
1291
1292
1293
1294
1294
1294
1294
1294
1297
1297
1297
1297
1297
1298
1299
1301
1304
1305
1306
1306
1307
1308
1311
1313
1315
1317
1317
1317
1318
1318
1319
1319
1322
1324
1324
1325
1326
1328
1328
1330
1333
1333
1333
1335
1337
1337
1337
1339
1340
1340
1340
1340
1341
1343
1345
1347
1347
1347
1348
1349
1349
1349
1350
1350
1351
1352
1352
1353
1354
1355
1357
1359
1362
1362
1363
1367
1367
1367
1367
1367
1367
1369
1370
1370
1371
1372
1372
1372
1373
1373
1374
1375
1376
1379
1380
1381
1381
1381
1381
1384
1385
1386
1386
1386
1388
1388
1390
1393
1393
1394
1394
1394
1395
1397
1398
1398
1399
1399
1401
1402
1404
1405
1405
1407
1409
1409
1409
1411
1413
1413
1414
1415
1418
1418
1420
1423
1424
1425
1426
1427
1428
1428
1430
1432
1432
1433
1434
1437
1438
1440
1440
1441
1444
1444
1444
1444
1445
1445
1446
1446
1450
1450
1452
1452
1452
1452
1453
1453
1454
1454
1454
1455
1455
1456
1456
1457
1458
1460
1461
1461
1461
1461
1463
1464
1466
1467
1467
1467
1468
1468
1468
1469
1469
1472
1472
1472
1473
1473
1473
1474
1475
1476
1476
1476
1478
1479
1481
1482
1483
1485
1486
1487
1488
1489
1491
1491
1491
1491
1492
1494
1496
1496
1499
1499
1500
1500
1500
1501
1502
1502
1502
1503
1504
1505
1506
1508
1508
1514
1514
1515
1517
1518
1521
1523
1523
1523
1525
1526
1527
1527
1530
1530
1534
1535
1536
1537
1537
1537
1538
1538
1541
1543
1543
1544
1545
1547
1547
1548
1548
1548
1549
1549
1549
1549
1550
1551
1553
1553
1554
1555
1556
1556
1557
1557
1557
1558
1558
1559
1559
1560
1561
1561
1563
1564
1565
1566
1566
1567
1569
1570
1571
1572
1572
1574
1574
1575
1577
1577
1578
1579
1579
1580
1581
1581
1581
1582
1582
1583
1583
1583
1585
1585
1586
1587
1588
1588
1591
1591
1592
1593
1594
1594
1595
1596
1598
1600
1600
1603
1606
1608
1608
1610
1611
1614
1615
1615
1615
1618
1618
1619
1619
1619
1621
1623
1624
1626
1626
1626
1628
1629
1630
1630
1630
1630
1631
1632
1632
1633
1633
1634
1635
1636
1638
1638
1639
1640
1641
1642
1645
1646
1648
1650
1650
1651
1652
1654
1656
1656
1657
1657
1657
1657
1658
1659
1661
1663
1663
1663
1665
1666
1666
1667
1667
1668
1668
1668
1669
1669
1670
1673
1674
1675
1676
1677
1678
1678
1679
1681
1682
1683
1684
1684
1685
1686
1687
1688
1688
1691
1692
1693
1695
1695
1696
1696
1696
1697
1697
1698
1699
1700
1701
1701
1701
1702
1702
1703
1704
1704
1705
1706
1706
1707
1708
1709
1709
1709
1710
1711
1711
1711
1714
1714
1714
1716
1717
1720
1720
1721
1724
1726
1728
1730
1730
1731
1731
1731
1732
1732
1736
1736
1737
1738
1739
1740
1740
1740
1743
1744
1746
1746
1748
1749
1749
1750
1751
1752
1755
1756
1758
1759
1761
1762
1763
1765
1766
1767
1767
1769
1772
1772
1773
1773
1774
1775
1780
1780
1780
1781
1781
1782
1782
1782
1783
1784
1785
1785
1785
1785
1785
1786
1788
1792
1794
1795
1795
1795
1796
1797
1797
1798
1799
1799
1803
1804
1806
1808
1809
1812
1815
1816
1817
1817
1817
1818
1818
1818
1819
1821
1821
1822
1822
1822
1822
1823
1824
1824
1825
1826
1827
1828
1829
1831
1833
1835
1837
1841
1842
1842
1843
1843
1844
1845
1846
1847
1849
1853
1854
1855
1856
1858
1859
1860
1860
1862
1862
1863
1863
1865
1866
1869
1871
1871
1872
1873
1873
1875
1878
1878
1878
1878
1879
1880
1880
1881
1882
1884
1885
1885
1885
1885
1886
1886
1887
1887
1888
1889
1890
1891
1892
1895
1896
1897
1899
1899
1900
1904
1904
1904
1905
1907
1907
1908
1909
1911
1911
1912
1914
1915
1916
1918
1918
1919
1922
1924
1925
1925
1926
1927
1928
1929
1931
1934
1934
1936
1937
1937
1939
1939
1940
1941
1942
1942
1943
1945
1945
1948
1948
1951
1957
1958
1958
1959
1962
1962
1962
1963
1963
1964
1964
1964
1965
1965
1965
1968
1968
1970
1971
1976
1976
1976
1977
1977
1978
1980
1981
1982
1982
1983
1986
1986
1986
1987
1987
1988
1988
1990
1994
1995
1996
1996
1998
1999
2000
2000
2001
2004
2004
2005
2005
2006
2007
2008
2010
2011
2012
2013
2014
2015
2016
2017
2017
2019
2021
2021
2021
2022
2023
2026
2028
2029
2029
2030
2033
2033
2033
2033
2033
2034
2035
2036
2038
2038
2038
2038
2038
2039
2039
2042
2045
2045
2045
2045
2047
2047
2047
2048
2048
2050
2053
2054
2056
2059
2060
2060
2062
2063
2065
2066
2068
2069
2069
2071
2072
2072
2072
2073
2074
2075
2075
2076
2076
2078
2080
2080
2084
2084
2084
2084
2085
2086
2086
2086
2087
2089
2089
2090
2090
2090
2092
2092
2093
2093
2094
2095
2096
2096
2097
2097
2099
2100
2100
2101
2101
2102
2104
2104
2105
2105
2106
2108
2112
2112
2113
2114
2114
2114
2117
2117
2118
2118
2119
2119
2120
2122
2124
2126
2127
2128
2133
2133
2133
2134
2134
2134
2137
2137
2138
2139
2139
2140
2141
2144
2145
2146
2146
2147
2149
2150
2152
2153
2153
2154
2154
2154
2155
2156
2156
2157
2157
2160
2160
2162
2162
2163
2163
2167
2169
2172
2173
2174
2174
2177
2179
2180
2180
2182
2184
2184
2188
2191
2192
2193
2196
2197
2198
2199
2199
2199
2200
2201
2203
2203
2206
2207
2207
2208
2210
2211
2212
2212
2212
2213
2215
2216
2217
2218
2218
2218
2219
2220
2220
2220
2223
2224
2224
2226
2226
2227
2228
2228
2229
2229
2232
2233
2233
2234
2234
2234
2235
2237
2240
2240
2240
2240
2241
2241
2243
2243
2245
2246
2246
2247
2248
2249
2249
2250
2250
2251
2252
2253
2254
2256
2257
2257
2259
2259
2260
2261
2261
2264
2265
2268
2269
2269
2269
2270
2271
2271
2272
2276
2277
2278
2278
2279
2280
2280
2281
2281
2283
2284
2284
2284
2284
2285
2285
2285
2287
2287
2288
2292
2293
2297
2297
2299
2300
2300
2301
2301
2303
2305
2307
2309
2310
2310
2310
2311
2313
2313
2313
2314
2314
2315
2315
2315
2317
2318
2318
2319
2320
2323
2326
2328
2331
2331
2331
2332
2333
2333
2333
2334
2334
2335
2338
2339
2339
2341
2341
2343
2343
2345
2348
2351
2351
2351
2352
2353
2353
2355
2355
2356
2360
2361
2362
2362
2363
2363
2368
2369
2370
2372
2373
2373
2374
2376
2376
2376
2377
2377
2379
2379
2379
2380
2380
2381
2382
2383
2383
2385
2385
2386
2386
2387
2388
2390
2391
2391
2391
2392
2392
2394
2395
2396
2396
2396
2397
2397
2397
2398
2398
2399
2401
2401
2407
2408
2409
2409
2409
2414
2414
2414
2415
2415
2415
2416
2418
2418
2419
2420
2422
2422
2423
2424
2424
2425
2427
2428
2428
2429
2430
2430
2430
2431
2433
2433
2435
2437
2437
2438
2438
2438
2439
2441
2442
2442
2442
2443
2444
2444
2446
2446
2447
2447
2450
2451
2452
2452
2453
2453
2454
2455
2457
2460
2461
2462
2463
2463
2463
2466
2466
2466
2466
2467
2467
2470
2470
2472
2472
2473
2473
2474
2476
2477
2478
2478
2479
2479
2482
2484
2484
2484
2484
2486
2486
2486
2486
2488
2489
2490
2492
2493
2496
2497
2499
2501
2503
2505
2506
2507
2511
2511
2512
2514
2514
2515
2515
2516
2518
2518
2518
2518
2518
2523
2524
2524
2525
2525
2526
2526
2526
2526
2529
2530
2532
2534
2537
2538
2538
2538
2540
2544
2544
2546
2547
2548
2549
2549
2550
2552
2552
2554
2557
2558
2559
2559
2560
2561
2561
2561
2561
2562
2562
2564
2564
2564
2565
2566
2567
2567
2567
2571
2572
2572
2572
2573
2574
2576
2577
2578
2579
2579
2580
2581
2581
2582
2582
2583
2583
2584
2586
2586
2587
2587
2588
2589
2590
2590
2591
2592
2592
2593
2594
2594
2595
2595
2596
2596
2598
2598
2599
2601
2602
2603
2603
2604
2604
2606
2607
2607
2609
2611
2611
2613
2617
2618
2618
2618
2620
2621
2623
2624
2625
2625
2626
2626
2627
2627
2627
2628
2629
2630
2632
2633
2634
2635
2636
2638
2640
2641
2641
2642
2643
2645
2645
2646
2648
2649
2649
2649
2650
2652
2654
2654
2655
2655
2655
2657
2657
2658
2659
2659
2661
2662
2662
2663
2663
2664
2665
2665
2665
2666
2666
2668
2668
2670
2670
2671
2672
2673
2674
2677
2680
2683
2686
2687
2688
2688
2689
2689
2689
2689
2690
2691
2691
2692
2692
2694
2694
2694
2695
2699
2701
2701
2702
2703
2704
2705
2706
2707
2707
2708
2708
2710
2710
2710
2712
2713
2714
2714
2716
2716
2717
2717
2718
2718
2718
2719
2719
2721
2723
2725
2726
2727
2729
2729
2729
2732
2733
2733
2734
2735
2736
2737
2738
2739
2740
2741
2741
2742
2745
2747
2747
2747
2748
2748
2749
2749
2750
2750
2751
2751
2753
2754
2756
2756
2757
2757
2757
2757
2758
2760
2760
2762
2762
2763
2766
2767
2767
2767
2768
2768
2769
2769
2775
2777
2777
2779
2779
2779
2781
2781
2781
2783
2783
2784
2787
2788
2790
2790
2792
2793
2795
2797
2797
2798
2799
2801
2802
2803
2804
2805
2805
2805
2806
2806
2807
2810
2810
2811
2812
2812
2812
2814
2816
2818
2820
2821
2821
2821
2822
2823
2826
2826
2827
2830
2831
2834
2834
2835
2838
2839
2839
2840
2842
2844
2845
2845
2845
2846
2847
2848
2849
2851
2852
2852
2852
2852
2853
2854
2855
2855
2855
2855
2859
2859
2862
2862
2862
2862
2863
2863
2863
2863
2864
2866
2867
2873
2874
2875
2876
2877
2878
2878
2878
2879
2882
2882
2882
2883
2884
2884
2885
2886
2887
2887
2888
2889
2889
2889
2889
2890
2893
2894
2895
2895
2895
2896
2896
2897
2898
2898
2900
2900
2901
2901
2902
2902
2906
2906
2907
2907
2907
2908
2909
2909
2910
2910
2914
2916
2917
2919
2920
2921
2923
2925
2925
2925
2929
2933
2933
2934
2934
2934
2936
2936
2939
2945
2946
2946
2947
2947
2949
2951
2952
2953
2955
2957
2957
2957
2957
2958
2960
2961
2962
2964
2964
2965
2966
2967
2971
2974
2974
2978
2978
2979
2981
2981
2982
2983
2984
2985
2985
2986
2987
2988
2988
2989
2992
2992
2993
2995
2996
2997
2998
2999
3005
3007
3011
3011
3012
3015
3016
3019
3020
3021
3021
3023
3024
3025
3025
3025
3026
3027
3027
3028
3029
3029
3029
3031
3034
3035
3037
3038
3041
3042
3042
3042
3043
3044
3046
3048
3050
3051
3052
3053
3053
3056
3056
3057
3058
3058
3059
3060
3060
3061
3062
3062
3063
3064
3065
3071
3072
3074
3075
3076
3076
3077
3082
3084
3085
3087
3087
3087
3088
3090
3091
3092
3095
3096
3098
3098
3101
3101
3103
3104
3104
3105
3105
3105
3106
3106
3107
3108
3109
3109
3111
3112
3114
3119
3120
3123
3123
3124
3125
3126
3128
3128
3129
3130
3131
3135
3137
3138
3138
3139
3140
3140
3141
3142
3143
3144
3144
3144
3145
3146
3146
3147
3148
3148
3150
3151
3152
3154
3155
3156
3156
3157
3157
3159
3159
3160
3160
3160
3160
3160
3163
3164
3166
3167
3170
3170
3171
3171
3171
3172
3173
3173
3174
3174
3175
3175
3176
3177
3178
3180
3180
3183
3183
3184
3185
3186
3186
3186
3188
3190
3191
3191
3191
3192
3192
3193
3195
3195
3196
3199
3199
3203
3203
3205
3206
3207
3207
3208
3208
3208
3209
3210
3210
3211
3213
3214
3216
3216
3216
3218
3219
3225
3227
3228
3230
3232
3232
3232
3233
3233
3233
3234
3235
3235
3237
3238
3239
3239
3239
3240
3240
3240
3246
3246
3247
3247
3250
3250
3250
3251
3251
3252
3253
3254
3258
3262
3262
3262
3263
3264
3267
3269
3270
3270
3271
3276
3276
3277
3278
3279
3282
3283
3284
3284
3285
3287
3291
3292
3293
3293
3293
3296
3297
3297
3298
3300
3301
3302
3303
3306
3307
3307
3308
3310
3310
3310
3311
3311
3313
3313
3314
3314
3316
3317
3318
3319
3321
3321
3321
3322
3322
3322
3323
3325
3325
3325
3326
3326
3330
3330
3331
3332
3332
3332
3333
3334
3334
3336
3337
3337
3341
3343
3345
3345
3349
3350
3350
3350
3354
3354
3356
3357
3358
3358
3360
3360
3360
3362
3362
3366
3366
3369
3369
3370
3372
3375
3375
3375
3376
3376
3376
3377
3380
3381
3381
3383
3384
3385
3385
3385
3386
3386
3388
3392
3392
3393
3394
3394
3395
3395
3396
3397
3398
3398
3398
3400
3401
3401
3402
3402
3402
3403
3403
3406
3407
3408
3409
3411
3412
3414
3416
3418
3420
3420
3421
3421
3421
3423
3424
3425
3426
3428
3429
3429
3429
3430
3432
3432
3432
3432
3433
3433
3435
3436
3436
3436
3437
3437
3438
3438
3439
3439
3441
3442
3443
3443
3444
3444
3445
3447
3447
3451
3453
3454
3455
3456
3457
3457
3457
3457
3458
3458
3459
3459
3460
3462
3463
3463
3465
3466
3467
3467
3467
3471
3471
3471
3474
3476
3477
3480
3482
3484
3485
3485
3486
3487
3487
3490
3490
3490
3491
3491
3492
3495
3496
3497
3497
3497
3497
3497
3497
3499
3500
3500
3500
3506
3506
3507
3507
3507
3512
3512
3513
3514
3516
3518
3518
3520
3522
3523
3524
3525
3525
3529
3530
3530
3530
3532
3532
3533
3534
3535
3535
3535
3537
3537
3538
3538
3538
3539
3539
3540
3542
3544
3545
3547
3548
3549
3552
3553
3554
3555
3556
3557
3558
3559
3559
3561
3561
3561
3562
3563
3564
3565
3565
3565
3566
3566
3567
3567
3567
3567
3569
3571
3572
3572
3573
3574
3574
3576
3577
3577
3578
3579
3582
3582
3582
3586
3586
3589
3590
3593
3594
3594
3596
3596
3597
3598
3602
3603
3605
3606
3607
3608
3609
3609
3610
3611
3613
3613
3613
3614
3614
3616
3617
3617
3619
3619
3621
3623
3623
3623
3624
3624
3626
3629
3629
3630
3631
3632
3632
3633
3633
3635
3635
3636
3638
3639
3639
3640
3640
3640
3641
3641
3642
3643
3644
3644
3645
3646
3648
3649
3650
3650
3651
3651
3652
3653
3655
3656
3657
3658
3659
3659
3660
3660
3663
3666
3666
3666
3667
3667
3667
3668
3669
3669
3669
3670
3671
3671
3673
3673
3673
3675
3676
3676
3676
3677
3678
3678
3681
3681
3681
3684
3684
3685
3690
3691
3691
3691
3691
3691
3691
3693
3693
3693
3693
3693
3695
3695
3696
3697
3697
3699
3700
3702
3702
3702
3703
3704
3704
3707
3708
3709
3710
3711
3712
3713
3714
3716
3716
3718
3720
3721
3726
3726
3727
3727
3729
3731
3732
3736
3739
3740
3744
3746
3746
3747
3747
3747
3748
3749
3751
3753
3755
3756
3758
3758
3758
3759
3760
3760
3761
3761
3761
3761
3762
3763
3765
3765
3765
3766
3766
3767
3769
3770
3770
3770
3773
3775
3776
3778
3779
3779
3779
3780
3781
3781
3783
3783
3784
3785
3785
3785
3787
3787
3787
3789
3789
3790
3791
3791
3792
3793
3793
3794
3795
3796
3797
3802
3804
3804
3805
3805
3805
3807
3808
3810
3810
3810
3812
3813
3818
3821
3821
3825
3825
3827
3827
3828
3830
3832
3832
3834
3835
3835
3837
3838
3839
3842
3842
3845
3845
3846
3846
3847
3847
3848
3849
3849
3850
3851
3856
3857
3857
3858
3859
3861
3862
3863
3864
3864
3866
3868
3868
3869
3869
3870
3871
3872
3873
3876
3879
3879
3879
3881
3882
3882
3883
3884
3885
3886
3887
3888
3889
3889
3890
3891
3894
3895
3895
3896
3896
3898
3898
3906
3908
3908
3908
3908
3909
3910
3911
3912
3912
3912
3912
3913
3915
3916
3920
3920
3921
3923
3925
3925
3926
3926
3928
3929
3929
3932
3933
3933
3936
3938
3938
3940
3940
3941
3942
3943
3946
3950
3950
3950
3951
3952
3952
3953
3955
3958
3958
3963
3964
3964
3964
3965
3968
3969
3970
3971
3972
3972
3974
3974
3974
3977
3978
3979
3979
3982
3983
3983
3984
3990
3991
3993
3993
3994
3996
3996
3997
3997
3998
3999
4000
4000
4000
4003
4004
4006
4006
4006
4006
4008
4008
4009
4010
4010
4011
4013
4013
4014
4014
4014
4015
4017
4019
4021
4022
4023
4023
4025
4026
4026
4027
4028
4028
4028
4030
4031
4032
4034
4034
4036
4037
4037
4041
4041
4043
4043
4045
4045
4046
4047
4047
4047
4048
4049
4050
4051
4051
4052
4052
4054
4054
4054
4055
4056
4056
4057
4058
4059
4059
4060
4062
4062
4063
4064
4065
4067
4067
4068
4068
4070
4070
4070
4071
4072
4073
4075
4076
4077
4078
4079
4079
4080
4080
4081
4082
4085
4085
4087
4089
4089
4090
4091
4091
4091
4091
4092
4093
4093
4093
4094
4095
4096
4098
4099
4099
4099
4100
4100
4100
4101
4104
4104
4105
4105
4105
4105
4107
4108
4108
4109
4110
4110
4111
4112
4112
4113
4113
4115
4116
4116
4116
4117
4117
4120
4121
4123
4123
4125
4129
4130
4132
4133
4133
4134
4135
4135
4138
4138
4139
4139
4139
4142
4143
4144
4144
4146
4149
4150
4151
4151
4152
4152
4154
4156
4158
4158
4158
4159
4159
4159
4159
4161
4162
4168
4168
4169
4169
4169
4170
4170
4170
4170
4171
4172
4172
4172
4173
4174
4174
4174
4176
4179
4180
4183
4183
4184
4185
4190
4191
4191
4191
4191
4192
4193
4193
4193
4194
4194
4194
4195
4196
4196
4197
4198
4198
4200
4202
4204
4204
4205
4206
4207
4207
4208
4209
4209
4210
4210
4211
4211
4211
4215
4216
4217
4218
4221
4221
4221
4224
4224
4224
4225
4225
4226
4226
4226
4227
4228
4228
4229
4231
4231
4234
4235
4237
4238
4239
4240
4240
4241
4242
4242
4242
4243
4244
4245
4245
4247
4249
4249
4249
4250
4250
4250
4251
4255
4256
4257
4257
4259
4259
4259
4261
4265
4265
4266
4270
4270
4273
4273
4275
4276
4276
4276
4276
4278
4279
4280
4280
4284
4285
4286
4286
4287
4289
4291
4291
4292
4292
4293
4294
4300
4301
4302
4302
4302
4302
4302
4302
4303
4305
4306
4307
4314
4315
4316
4316
4316
4316
4319
4322
4324
4324
4325
4326
4327
4327
4327
4328
4328
4329
4331
4332
4332
4333
4333
4334
4335
4335
4336
4337
4337
4340
4340
4340
4341
4341
4344
4344
4350
4350
4350
4350
4354
4354
4355
4355
4357
4358
4359
4360
4360
4363
4366
4370
4371
4371
4372
4372
4372
4375
4377
4378
4378
4378
4378
4380
4381
4382
4382
4382
4382
4385
4386
4389
4389
4392
4392
4393
4394
4394
4394
4394
4395
4399
4400
4401
4403
4404
4404
4404
4408
4408
4409
4409
4410
4410
4412
4412
4414
4415
4417
4417
4418
4418
4419
4420
4423
4423
4424
4425
4425
4428
4431
4432
4434
4434
4434
4435
4437
4438
4441
4443
4443
4444
4447
4447
4449
4451
4451
4452
4452
4456
4462
4462
4462
4465
4465
4466
4469
4470
4471
4475
4476
4476
4476
4477
4477
4478
4479
4479
4480
4482
4487
4487
4488
4488
4489
4489
4489
4492
4492
4492
4493
4493
4494
4494
4495
4498
4498
4499
4500
4501
4501
4501
4502
4502
4502
4503
4503
4505
4506
4507
4507
4507
4508
4508
4509
4510
4511
4512
4515
4517
4518
4519
4520
4521
4521
4522
4524
4525
4526
4526
4527
4527
4528
4528
4530
4530
4531
4532
4532
4534
4535
4536
4536
4537
4539
4539
4540
4541
4542
4543
4545
4545
4546
4548
4548
4548
4550
4550
4551
4552
4554
4555
4555
4556
4556
4557
4557
4558
4559
4559
4561
4561
4561
4562
4564
4565
4566
4572
4572
4573
4574
4575
4576
4576
4576
4577
4578
4579
4579
4580
4583
4584
4584
4584
4588
4593
4594
4594
4596
4597
4597
4598
4601
4602
4604
4606
4607
4608
4609
4610
4611
4611
4612
4614
4615
4616
4616
4616
4616
4616
4616
4617
4617
4618
4619
4619
4620
4622
4623
4624
4624
4625
4628
4629
4630
4632
4633
4634
4634
4634
4635
4636
4637
4638
4646
4647
4647
4647
4649
4649
4649
4651
4651
4653
4653
4654
4655
4655
4656
4657
4657
4660
4663
4664
4665
4667
4668
4670
4671
4672
4674
4675
4675
4676
4680
4681
4681
4683
4684
4685
4686
4687
4690
4690
4693
4694
4694
4694
4697
4698
4699
4699
4699
4699
4699
4701
4702
4702
4706
4706
4707
4708
4708
4708
4708
4708
4709
4709
4709
4710
4711
4713
4714
4715
4719
4721
4722
4723
4724
4724
4725
4726
4727
4728
4728
4729
4729
4730
4731
4731
4731
4731
4731
4736
4737
4737
4737
4737
4737
4738
4739
4743
4744
4744
4746
4746
4747
4748
4750
4752
4754
4755
4756
4757
4758
4758
4758
4760
4760
4760
4761
4763
4766
4766
4769
4769
4770
4771
4772
4773
4775
4775
4775
4776
4776
4777
4781
4781
4783
4784
4784
4784
4785
4786
4788
4788
4791
4791
4792
4793
4794
4794
4794
4795
4796
4800
4803
4803
4804
4804
4804
4804
4804
4807
4808
4809
4809
4810
4812
4812
4812
4813
4813
4814
4816
4817
4818
4819
4821
4821
4822
4824
4825
4827
4828
4830
4830
4831
4831
4831
4832
4834
4836
4836
4836
4837
4838
4838
4838
4840
4840
4841
4841
4843
4844
4844
4845
4845
4847
4848
4853
4853
4853
4853
4855
4856
4857
4857
4858
4859
4859
4860
4861
4863
4864
4864
4866
4867
4867
4867
4871
4873
4874
4874
4874
4875
4876
4876
4876
4877
4878
4878
4879
4879
4880
4881
4881
4881
4882
4882
4884
4884
4884
4885
4885
4886
4888
4889
4889
4890
4891
4892
4892
4892
4892
4894
4897
4898
4898
4900
4900
4900
4900
4902
4903
4903
4904
4904
4905
4908
4909
4910
4911
4911
4915
4918
4918
4920
4922
4922
4923
4923
4925
4926
4927
4928
4929
4930
4930
4930
4930
4930
4931
4932
4932
4934
4936
4937
4938
4939
4943
4944
4949
4949
4950
4951
4952
4953
4953
4956
4956
4958
4961
4962
4963
4968
4968
4969
4972
4973
4974
4975
4976
4978
4980
4981
4982
4982
4984
4986
4987
4988
4989
4990
4990
4992
4992
4992
4993
4994
4995
4996
4996
4999
4999
5000
5000
5001
5001
5001
5002
5002
5003
5004
5004
5005
5006
5012
5013
5013
5014
5016
5016
5020
5020
5020
5023
5023
5025
5026
5028
5028
5029
5029
5030
5030
5032
5032
5033
5033
5033
5037
5038
5038
5038
5040
5042
5042
5046
5046
5047
5047
5050
5050
5050
5051
5051
5051
5052
5053
5053
5054
5054
5056
5057
5057
5058
5058
5059
5062
5063
5064
5068
5069
5069
5070
5071
5073
5073
5073
5073
5075
5077
5077
5077
5079
5079
5079
5080
5080
5081
5081
5082
5082
5084
5085
5086
5088
5089
5089
5090
5090
5091
5091
5091
5094
5094
5095
5095
5098
5098
5099
5100
5100
5101
5101
5102
5102
5103
5104
5104
5105
5105
5106
5106
5108
5109
5111
5115
5121
5122
5123
5125
5126
5126
5127
5128
5130
5131
5131
5132
5132
5132
5132
5133
5133
5133
5133
5134
5136
5138
5139
5140
5140
5145
5147
5147
5148
5148
5151
5151
5155
5155
5156
5157
5158
5159
5161
5163
5165
5165
5166
5167
5168
5168
5169
5170
5171
5173
5174
5174
5175
5176
5177
5177
5179
5179
5179
5180
5181
5181
5181
5182
5182
5183
5183
5183
5185
5186
5188
5189
5190
5191
5192
5192
5194
5194
5196
5197
5198
5201
5203
5204
5205
5205
5207
5207
5207
5209
5209
5210
5210
5210
5210
5211
5211
5214
5215
5215
5215
5216
5218
5219
5220
5220
5221
5221
5222
5223
5223
5225
5225
5225
5226
5230
5231
5232
5235
5239
5239
5240
5240
5241
5242
5242
5243
5243
5243
5244
5244
5244
5245
5248
5250
5250
5252
5252
5252
5257
5257
5257
5259
5260
5260
5262
5265
5266
5266
5270
5270
5271
5271
5271
5271
5273
5273
5274
5275
5275
5276
5276
5278
5279
5279
5279
5280
5281
5282
5283
5283
5286
5286
5287
5290
5290
5292
5292
5292
5293
5295
5295
5296
5297
5298
5299
5299
5299
5301
5301
5302
5305
5307
5307
5308
5309
5310
5310
5311
5312
5312
5312
5313
5314
5315
5315
5315
5315
5315
5316
5318
5318
5318
5320
5323
5324
5324
5326
5326
5327
5328
5328
5328
5329
5330
5332
5333
5333
5333
5336
5337
5338
5338
5339
5339
5340
5341
5342
5342
5343
5344
5345
5345
5347
5347
5348
5349
5349
5350
5352
5352
5354
5356
5360
5360
5361
5362
5362
5363
5363
5363
5363
5366
5367
5368
5369
5370
5371
5371
5371
5372
5373
5375
5375
5375
5375
5381
5381
5383
5384
5385
5385
5386
5390
5398
5399
5400
5401
5402
5402
5404
5404
5405
5408
5410
5411
5412
5412
5413
5414
5416
5417
5417
5417
5417
5418
5418
5419
5420
5420
5420
5422
5423
5426
5430
5432
5436
5437
5437
5437
5438
5438
5438
5440
5440
5441
5443
5444
5445
5445
5449
5449
5449
5449
5450
5451
5452
5454
5456
5457
5458
5459
5460
5461
5462
5464
5465
5466
5467
5467
5467
5468
5470
5470
5473
5473
5474
5475
5475
5476
5478
5478
5480
5480
5480
5482
5482
5485
5485
5489
5492
5493
5494
5494
5495
5496
5496
5497
5497
5497
5498
5498
5499
5499
5502
5504
5506
5509
5509
5510
5511
5512
5514
5515
5517
5518
5518
5519
5520
5521
5521
5521
5522
5526
5527
5528
5529
5530
5530
5532
5532
5536
5536
5536
5536
5537
5537
5537
5537
5539
5541
5541
5542
5543
5544
5544
5546
5546
5546
5547
5548
5548
5550
5551
5551
5552
5553
5554
5554
5555
5555
5555
5556
5560
5560
5560
5561
5562
5563
5564
5565
5567
5569
5570
5570
5571
5573
5575
5576
5577
5577
5578
5578
5579
5579
5580
5582
5583
5584
5584
5585
5586
5587
5588
5589
5589
5590
5590
5590
5591
5591
5592
5594
5594
5594
5597
5597
5598
5599
5600
5601
5602
5602
5604
5604
5606
5609
5612
5612
5613
5613
5615
5616
5616
5616
5618
5618
5621
5621
5622
5622
5624
5627
5629
5630
5630
5632
5632
5633
5634
5635
5636
5637
5640
5643
5643
5643
5644
5645
5646
5647
5647
5648
5648
5649
5649
5650
5651
5654
5655
5656
5656
5656
5658
5660
5662
5662
5663
5665
5666
5666
5670
5670
5670
5670
5672
5673
5677
5678
5678
5679
5679
5681
5682
5683
5683
5683
5684
5685
5687
5687
5688
5688
5689
5690
5692
5693
5695
5695
5696
5696
5697
5699
5700
5700
5700
5701
5703
5703
5705
5705
5707
5707
5707
5708
5708
5709
5710
5710
5712
5712
5715
5715
5716
5717
5717
5720
5720
5721
5722
5725
5727
5727
5727
5729
5731
5731
5731
5732
5732
5733
5733
5734
5735
5736
5736
5737
5737
5737
5738
5738
5739
5742
5742
5748
5749
5749
5749
5751
5752
5755
5755
5756
5758
5758
5760
5760
5761
5761
5762
5763
5765
5766
5767
5768
5769
5771
5771
5771
5771
5771
5771
5774
5777
5777
5777
5777
5778
5778
5778
5778
5779
5780
5782
5783
5784
5784
5787
5787
5789
5792
5793
5796
5797
5797
5799
5800
5801
5801
5801
5803
5805
5805
5806
5808
5808
5808
5809
5810
5810
5811
5812
5812
5813
5813
5813
5813
5813
5813
5814
5815
5815
5816
5816
5818
5819
5819
5819
5822
5824
5825
5828
5828
5829
5832
5833
5833
5833
5836
5836
5836
5840
5840
5840
5843
5843
5844
5844
5847
5847
5848
5850
5850
5852
5853
5853
5857
5858
5859
5859
5860
5864
5864
5866
5867
5869
5870
5873
5873
5874
5875
5875
5876
5876
5877
5878
5878
5883
5883
5887
5892
5892
5892
5893
5893
5894
5895
5899
5900
5903
5903
5903
5904
5904
5904
5905
5905
5905
5907
5909
5910
5910
5910
5911
5911
5913
5914
5916
5916
5917
5918
5918
5919
5919
5920
5920
5921
5922
5922
5923
5923
5923
5925
5928
5928
5928
5928
5929
5930
5931
5931
5931
5933
5933
5934
5935
5936
5937
5937
5940
5942
5943
5943
5943
5943
5944
5947
5948
5949
5950
5950
5952
5954
5954
5955
5955
5956
5958
5959
5961
5962
5964
5966
5968
5968
5970
5974
5975
5975
5978
5979
5981
5982
5982
5985
5989
5991
5994
5994
5995
5995
5995
5995
5996
5996
5996
5998
5998
5999
5999
6003
6003
6005
6008
6013
6016
6016
6016
6017
6018
6021
6021
6021
6024
6024
6026
6027
6027
6027
6028
6030
6030
6031
6031
6034
6035
6035
6036
6037
6038
6039
6040
6041
6041
6041
6042
6042
6042
6042
6042
6045
6046
6046
6046
6047
6048
6049
6050
6051
6051
6052
6054
6054
6054
6055
6055
6055
6056
6058
6059
6059
6061
6061
6064
6066
6067
6068
6068
6069
6069
6069
6070
6070
6070
6072
6073
6073
6076
6076
6077
6077
6077
6078
6081
6083
6083
6084
6087
6087
6088
6088
6090
6090
6090
6093
6094
6096
6096
6097
6098
6098
6099
6099
6100
6101
6102
6103
6104
6104
6104
6105
6108
6109
6109
6110
6110
6110
6111
6111
6112
6114
6116
6116
6116
6118
6120
6120
6121
6122
6124
6125
6126
6126
6128
6131
6133
6134
6134
6135
6136
6136
6138
6139
6139
6142
6143
6144
6144
6146
6147
6149
6150
6151
6151
6152
6152
6152
6152
6153
6154
6155
6155
6156
6157
6157
6158
6159
6160
6160
6161
6162
6165
6166
6166
6170
6171
6172
6172
6172
6173
6173
6174
6175
6176
6177
6177
6178
6179
6179
6181
6181
6183
6183
6184
6185
6186
6187
6187
6188
6190
6191
6191
6191
6193
6194
6197
6198
6198
6198
6200
6200
6202
6204
6205
6205
6206
6206
6207
6210
6212
6212
6213
6214
6214
6215
6216
6216
6217
6220
6223
6223
6224
6226
6227
6227
6227
6228
6228
6229
6230
6232
6235
6236
6236
6236
6237
6238
6239
6239
6239
6240
6240
6242
6243
6244
6245
6249
6250
6251
6251
6251
6253
6254
6254
6254
6254
6259
6259
6260
6264
6266
6268
6268
6269
6270
6272
6272
6272
6272
6272
6275
6275
6276
6276
6276
6277
6277
6279
6279
6281
6281
6281
6288
6289
6290
6290
6291
6293
6294
6295
6297
6298
6299
6307
6308
6309
6310
6312
6312
6315
6316
6316
6317
6317
6318
6319
6319
6320
6321
6326
6327
6327
6329
6329
6331
6332
6333
6336
6336
6336
6337
6339
6340
6340
6340
6341
6341
6341
6341
6342
6342
6345
6345
6345
6345
6346
6349
6349
6351
6351
6352
6352
6352
6352
6354
6355
6355
6356
6357
6359
6360
6361
6361
6361
6361
6362
6362
6363
6364
6365
6365
6366
6366
6366
6368
6368
6368
6369
6369
6370
6370
6372
6372
6373
6373
6374
6374
6374
6375
6375
6376
6378
6378
6379
6380
6381
6381
6384
6384
6385
6387
6388
6388
6388
6389
6389
6389
6389
6390
6390
6393
6394
6394
6395
6397
6398
6398
6399
6401
6402
6402
6403
6404
6405
6406
6407
6407
6407
6409
6409
6411
6414
6416
6419
6419
6419
6420
6420
6426
6427
6428
6428
6429
6431
6431
6431
6433
6438
6438
6439
6439
6440
6440
6440
6441
6443
6443
6443
6443
6443
6444
6444
6446
6448
6450
6451
6452
6452
6454
6455
6456
6458
6459
6459
6460
6461
6462
6463
6463
6463
6464
6464
6465
6466
6467
6467
6467
6468
6468
6468
6469
6471
6472
6473
6473
6474
6474
6475
6476
6476
6477
6477
6477
6477
6478
6478
6479
6480
6481
6481
6483
6484
6484
6486
6488
6488
6489
6489
6491
6493
6496
6499
6500
6502
6503
6504
6506
6506
6506
6507
6508
6508
6509
6511
6513
6513
6515
6515
6516
6517
6517
6519
6522
6526
6528
6528
6528
6529
6529
6529
6530
6531
6532
6534
6535
6535
6538
6538
6540
6542
6542
6544
6544
6544
6545
6545
6546
6546
6547
6548
6548
6551
6551
6552
6556
6558
6559
6559
6559
6560
6560
6562
6564
6564
6564
6564
6564
6565
6565
6565
6566
6566
6570
6570
6570
6571
6571
6571
6574
6574
6575
6575
6576
6576
6577
6579
6581
6582
6582
6582
6584
6585
6587
6587
6589
6589
6590
6591
6592
6594
6595
6598
6599
6599
6599
6600
6601
6601
6602
6602
6603
6604
6605
6605
6607
6607
6608
6609
6609
6610
6611
6611
6613
6614
6615
6616
6617
6617
6618
6619
6619
6619
6621
6621
6621
6622
6622
6624
6624
6624
6626
6626
6627
6628
6629
6629
6630
6633
6633
6634
6635
6635
6637
6638
6642
6642
6643
6646
6647
6648
6649
6651
6651
6651
6651
6652
6653
6653
6653
6655
6656
6658
6658
6660
6661
6661
6662
6662
6664
6665
6666
6668
6669
6670
6671
6671
6671
6674
6675
6676
6676
6676
6676
6679
6680
6681
6682
6686
6687
6688
6688
6689
6690
6692
6694
6694
6694
6694
6695
6695
6696
6696
6697
6698
6699
6700
6701
6704
6705
6706
6709
6712
6713
6714
6714
6716
6718
6718
6718
6719
6720
6721
6724
6724
6725
6726
6727
6727
6728
6729
6729
6732
6734
6734
6735
6736
6736
6736
6737
6738
6739
6740
6740
6741
6742
6742
6742
6743
6745
6747
6749
6749
6750
6751
6751
6754
6756
6758
6760
6760
6763
6763
6765
6766
6767
6768
6768
6769
6770
6770
6772
6774
6775
6776
6776
6778
6779
6780
6780
6782
6782
6783
6784
6788
6788
6788
6789
6789
6790
6791
6791
6791
6792
6792
6794
6795
6795
6795
6795
6800
6800
6801
6801
6801
6801
6801
6802
6802
6803
6805
6805
6807
6807
6808
6808
6811
6812
6814
6816
6818
6819
6819
6819
6819
6820
6820
6821
6824
6824
6825
6826
6826
6828
6828
6828
6830
6831
6831
6832
6834
6834
6836
6837
6837
6839
6839
6840
6842
6842
6843
6845
6845
6848
6848
6848
6848
6850
6851
6852
6853
6854
6854
6856
6859
6859
6859
6859
6860
6862
6862
6863
6863
6868
6868
6868
6870
6870
6872
6874
6874
6874
6875
6877
6877
6878
6879
6879
6880
6882
6883
6883
6883
6885
6887
6887
6889
6890
6891
6894
6895
6896
6896
6897
6898
6898
6900
6900
6901
6902
6903
6904
6908
6908
6908
6910
6911
6912
6912
6914
6917
6917
6917
6918
6919
6919
6919
6919
6919
6924
6926
6927
6928
6928
6929
6930
6930
6932
6933
6935
6937
6938
6939
6941
6941
6941
6943
6944
6944
6945
6946
6946
6948
6948
6955
6958
6959
6960
6962
6963
6963
6965
6965
6965
6966
6966
6966
6968
6970
6974
6974
6975
6979
6982
6983
6985
6985
6986
6986
6986
6988
6989
6990
6991
6991
6993
6993
6993
6993
6996
6996
6996
6997
6998
7000
7002
7002
7003
7004
7005
7007
7008
7010
7010
7011
7011
7014
7015
7016
7016
7016
7016
7016
7017
7020
7022
7023
7023
7023
7023
7024
7025
7026
7027
7027
7030
7031
7032
7032
7034
7038
7039
7039
7039
7040
7041
7043
7045
7045
7046
7046
7050
7050
7050
7052
7052
7053
7055
7058
7058
7059
7060
7061
7062
7062
7063
7064
7064
7066
7067
7067
7068
7069
7070
7071
7071
7072
7074
7077
7078
7078
7082
7084
7086
7088
7088
7090
7090
7091
7093
7093
7095
7096
7096
7097
7098
7102
7104
7105
7106
7106
7108
7110
7111
7113
7114
7115
7116
7116
7117
7118
7119
7120
7120
7123
7124
7124
7126
7130
7133
7135
7136
7136
7138
7138
7139
7139
7139
7140
7140
7140
7142
7143
7144
7144
7145
7145
7145
7146
7147
7147
7148
7148
7150
7150
7150
7151
7151
7153
7154
7155
7156
7157
7157
7157
7158
7159
7162
7164
7168
7170
7170
7171
7173
7174
7176
7178
7182
7182
7183
7184
7185
7185
7187
7187
7188
7191
7192
7193
7194
7196
7196
7196
7197
7199
7199
7199
7200
7201
7201
7201
7202
7203
7205
7206
7206
7207
7207
7208
7208
7209
7210
7210
7211
7215
7216
7218
7219
7219
7221
7225
7226
7226
7226
7226
7226
7227
7229
7229
7230
7232
7233
7233
7234
7235
7236
7236
7239
7240
7240
7240
7241
7242
7242
7243
7243
7245
7246
7246
7246
7248
7251
7251
7252
7253
7254
7255
7256
7256
7259
7259
7260
7262
7263
7264
7265
7266
7270
7270
7271
7272
7274
7275
7275
7276
7277
7277
7279
7279
7279
7280
7280
7281
7282
7283
7283
7284
7285
7286
7286
7287
7287
7288
7290
7292
7293
7295
7298
7301
7302
7303
7303
7304
7304
7304
7305
7305
7306
7306
7307
7309
7310
7310
7311
7312
7312
7312
7312
7313
7313
7313
7315
7318
7318
7318
7320
7320
7321
7321
7324
7326
7327
7329
7329
7329
7330
7330
7331
7332
7333
7334
7335
7336
7338
7338
7340
7340
7340
7341
7343
7343
7345
7345
7346
7347
7347
7348
7348
7349
7350
7351
7354
7355
7357
7357
7357
7359
7360
7363
7366
7367
7368
7368
7369
7369
7370
7370
7370
7371
7372
7372
7373
7374
7374
7375
7375
7375
7375
7377
7379
7380
7380
7381
7382
7382
7382
7382
7384
7384
7385
7386
7387
7387
7388
7392
7394
7394
7395
7395
7397
7398
7398
7400
7403
7404
7405
7406
7407
7407
7408
7408
7408
7408
7409
7411
7411
7411
7412
7412
7412
7413
7414
7414
7414
7416
7419
7420
7421
7421
7421
7422
7423
7424
7425
7428
7428
7429
7431
7433
7433
7433
7433
7434
7434
7437
7440
7441
7441
7442
7442
7445
7445
7445
7447
7448
7448
7449
7449
7450
7450
7451
7454
7455
7457
7462
7462
7464
7466
7467
7470
7471
7471
7472
7472
7472
7473
7473
7473
7473
7474
7475
7475
7478
7483
7484
7484
7485
7488
7489
7489
7491
7493
7496
7497
7497
7498
7498
7499
7501
7501
7502
7502
7504
7504
7504
7504
7505
7506
7506
7506
7507
7507
7507
7508
7509
7509
7510
7510
7512
7512
7515
7516
7516
7518
7521
7521
7525
7525
7527
7529
7531
7532
7535
7536
7536
7536
7537
7538
7539
7539
7539
7540
7540
7541
7541
7543
7544
7549
7549
7550
7550
7551
7553
7554
7555
7556
7558
7559
7559
7560
7561
7562
7563
7565
7565
7565
7566
7566
7567
7567
7567
7567
7569
7570
7572
7573
7573
7573
7576
7577
7579
7579
7580
7580
7581
7582
7584
7584
7585
7586
7586
7587
7588
7588
7588
7589
7590
7591
7591
7593
7594
7594
7595
7597
7597
7597
7598
7598
7598
7600
7600
7601
7601
7602
7603
7607
7607
7607
7608
7609
7612
7615
7617
7618
7618
7619
7620
7620
7622
7623
7624
7624
7625
7626
7627
7628
7631
7632
7633
7634
7636
7637
7637
7638
7643
7644
7645
7646
7646
7646
7646
7647
7647
7648
7649
7649
7650
7650
7650
7651
7651
7652
7655
7657
7659
7659
7660
7662
7665
7665
7665
7666
7667
7668
7668
7669
7669
7670
7670
7672
7673
7675
7676
7677
7678
7679
7679
7680
7680
7680
7681
7682
7682
7683
7684
7684
7685
7686
7689
7689
7690
7690
7691
7691
7691
7694
7694
7694
7696
7698
7698
7698
7700
7701
7703
7706
7706
7707
7707
7708
7711
7711
7711
7711
7711
7713
7713
7714
7714
7714
7715
7716
7717
7718
7719
7720
7720
7722
7723
7724
7724
7724
7724
7724
7724
7727
7729
7729
7732
7732
7732
7733
7734
7734
7736
7736
7737
7738
7739
7739
7739
7740
7740
7740
7746
7746
7747
7748
7749
7749
7750
7750
7755
7755
7756
7756
7756
7757
7758
7760
7760
7760
7762
7762
7762
7762
7763
7763
7763
7764
7765
7765
7766
7767
7768
7770
7772
7772
7773
7774
7775
7779
7781
7781
7783
7783
7783
7784
7785
7785
7787
7788
7790
7790
7790
7791
7792
7797
7797
7798
7800
7801
7801
7801
7801
7802
7802
7803
7804
7805
7805
7806
7809
7811
7811
7812
7813
7814
7815
7816
7816
7816
7817
7818
7820
7821
7821
7823
7824
7825
7825
7827
7827
7828
7828
7829
7833
7834
7834
7834
7834
7834
7835
7835
7836
7836
7837
7843
7843
7843
7846
7847
7848
7854
7854
7858
7858
7859
7859
7863
7864
7865
7866
7868
7870
7870
7871
7872
7872
7876
7876
7880
7880
7880
7881
7882
7883
7884
7885
7887
7888
7888
7891
7891
7892
7892
7892
7893
7894
7895
7895
7897
7898
7899
7902
7903
7904
7905
7906
7906
7907
7907
7909
7909
7909
7911
7913
7913
7914
7914
7915
7916
7916
7917
7917
7917
7918
7925
7925
7926
7927
7928
7928
7929
7930
7930
7931
7932
7932
7935
7937
7938
7938
7940
7941
7941
7942
7945
7946
7947
7947
7948
7949
7949
7950
7951
7953
7953
7953
7954
7956
7956
7957
7958
7959
7961
7962
7965
7966
7966
7967
7967
7967
7968
7968
7969
7972
7973
7974
7974
7976
7976
7977
7977
7978
7978
7980
7980
7980
7981
7985
7986
7986
7986
7986
7988
7989
7990
7991
7992
7995
7995
7997
7999
8003
8006
8007
8007
8007
8008
8010
8011
8011
8013
8014
8014
8017
8019
8020
8020
8020
8022
8023
8023
8024
8026
8027
8028
8028
8028
8028
8029
8030
8031
8033
8033
8034
8038
8038
8040
8040
8040
8041
8042
8042
8042
8044
8047
8047
8048
8049
8051
8054
8054
8054
8056
8057
8057
8057
8059
8059
8059
8059
8061
8062
8063
8064
8065
8066
8066
8067
8067
8069
8072
8072
8073
8074
8075
8075
8075
8077
8077
8078
8078
8079
8080
8080
8080
8081
8081
8085
8085
8086
8087
8088
8093
8094
8095
8095
8095
8096
8097
8097
8097
8098
8098
8098
8099
8100
8100
8101
8102
8102
8103
8103
8104
8104
8105
8105
8105
8107
8108
8108
8110
8111
8111
8111
8112
8112
8113
8114
8114
8116
8118
8118
8119
8119
8119
8121
8123
8123
8123
8125
8125
8126
8127
8128
8129
8129
8131
8132
8132
8134
8135
8137
8139
8140
8141
8141
8143
8144
8144
8144
8146
8148
8149
8151
8153
8153
8154
8155
8155
8156
8158
8159
8162
8162
8162
8163
8165
8168
8170
8170
8170
8170
8175
8176
8176
8176
8177
8178
8178
8181
8182
8186
8186
8187
8189
8189
8190
8191
8191
8191
8194
8194
8195
8196
8197
8197
8198
8199
8199
8200
8200
8202
8203
8203
8203
8204
8204
8206
8206
8208
8209
8211
8212
8213
8217
8218
8224
8225
8227
8228
8229
8229
8230
8230
8231
8232
8233
8234
8234
8234
8234
8235
8235
8236
8236
8237
8237
8237
8237
8237
8238
8239
8239
8239
8239
8240
8241
8241
8241
8245
8246
8247
8250
8252
8253
8255
8256
8256
8256
8260
8261
8261
8261
8261
8262
8264
8268
8268
8270
8271
8271
8271
8271
8272
8273
8273
8275
8275
8276
8276
8278
8278
8278
8278
8279
8283
8285
8286
8288
8288
8290
8292
8293
8295
8296
8299
8301
8302
8302
8305
8306
8306
8308
8310
8311
8313
8314
8316
8317
8317
8318
8318
8319
8320
8321
8321
8321
8321
8323
8323
8324
8325
8325
8326
8326
8326
8326
8329
8330
8332
8332
8332
8332
8334
8335
8336
8337
8338
8338
8339
8339
8340
8341
8344
8348
8350
8350
8352
8354
8355
8355
8357
8358
8360
8361
8361
8363
8363
8365
8366
8368
8370
8370
8370
8372
8374
8375
8376
8376
8377
8378
8378
8379
8380
8381
8387
8387
8391
8391
8393
8394
8394
8395
8395
8397
8397
8397
8399
8399
8402
8403
8404
8404
8406
8407
8407
8407
8410
8412
8413
8413
8414
8414
8415
8415
8416
8417
8418
8421
8422
8424
8425
8425
8426
8427
8427
8428
8428
8430
8433
8435
8437
8440
8441
8442
8442
8445
8447
8447
8449
8449
8453
8453
8455
8457
8457
8460
8460
8461
8462
8462
8463
8464
8465
8465
8466
8466
8466
8467
8467
8468
8469
8469
8470
8470
8470
8471
8471
8471
8474
8478
8480
8480
8480
8480
8483
8483
8484
8485
8486
8486
8486
8487
8489
8492
8492
8492
8493
8493
8493
8495
8495
8496
8498
8498
8498
8498
8499
8499
8500
8501
8504
8505
8505
8506
8506
8508
8510
8512
8512
8513
8515
8516
8517
8519
8519
8520
8522
8523
8523
8523
8524
8524
8524
8525
8529
8530
8531
8533
8533
8533
8534
8538
8539
8540
8540
8540
8542
8542
8543
8545
8546
8547
8548
8549
8550
8551
8551
8552
8555
8555
8555
8555
8557
8557
8558
8558
8559
8560
8561
8561
8562
8564
8564
8564
8564
8564
8565
8565
8569
8570
8571
8571
8572
8572
8573
8573
8574
8575
8576
8576
8577
8579
8580
8582
8582
8584
8584
8588
8589
8590
8590
8590
8591
8592
8592
8593
8594
8594
8595
8595
8598
8598
8598
8600
8600
8602
8603
8604
8607
8608
8609
8610
8615
8616
8616
8616
8617
8617
8618
8618
8619
8620
8621
8621
8621
8622
8622
8623
8625
8627
8627
8628
8628
8629
8629
8629
8630
8636
8636
8637
8637
8638
8638
8641
8642
8644
8644
8646
8650
8651
8652
8653
8655
8655
8657
8658
8659
8660
8662
8663
8664
8664
8665
8666
8668
8668
8668
8669
8671
8672
8672
8677
8678
8678
8679
8683
8684
8684
8686
8687
8688
8688
8688
8689
8689
8690
8694
8694
8696
8696
8696
8696
8698
8699
8699
8701
8703
8703
8703
8703
8704
8707
8708
8708
8709
8709
8710
8710
8710
8712
8713
8713
8713
8713
8715
8715
8716
8717
8718
8719
8722
8723
8723
8726
8727
8730
8731
8732
8733
8733
8733
8734
8734
8736
8736
8736
8736
8737
8737
8739
8739
8739
8740
8741
8741
8743
8743
8744
8746
8748
8751
8752
8753
8753
8754
8755
8756
8757
8758
8759
8760
8760
8760
8762
8762
8763
8764
8765
8767
8768
8768
8769
8769
8769
8770
8770
8771
8773
8774
8776
8776
8777
8777
8778
8780
8780
8781
8781
8781
8782
8782
8785
8786
8786
8787
8789
8791
8791
8793
8793
8794
8795
8798
8798
8798
8799
8803
8807
8809
8810
8811
8811
8812
8813
8815
8817
8818
8819
8819
8821
8822
8822
8823
8824
8825
8826
8827
8829
8829
8831
8832
8833
8835
8836
8837
8838
8842
8843
8843
8844
8845
8846
8846
8850
8851
8851
8852
8854
8856
8856
8858
8858
8858
8859
8859
8860
8860
8862
8864
8864
8865
8868
8868
8869
8871
8872
8872
8873
8875
8875
8875
8876
8879
8880
8884
8884
8885
8886
8888
8888
8888
8893
8893
8894
8895
8895
8895
8896
8899
8900
8900
8901
8902
8902
8902
8903
8903
8904
8904
8904
8905
8906
8907
8907
8908
8910
8911
8913
8914
8914
8914
8919
8920
8923
8923
8923
8924
8927
8927
8927
8928
8930
8931
8932
8932
8932
8932
8933
8933
8934
8935
8935
8936
8937
8937
8940
8940
8943
8943
8943
8945
8946
8946
8948
8948
8956
8957
8958
8959
8960
8961
8961
8962
8962
8964
8964
8966
8967
8968
8971
8972
8972
8972
8972
8974
8974
8975
8975
8976
8981
8984
8986
8987
8990
8991
8991
8992
8993
8993
8995
8996
8996
8998
8999
9000
9000
9001
9003
9004
9004
9006
9006
9007
9007
9008
9009
9010
9011
9012
9013
9013
9013
9013
9014
9014
9014
9015
9015
9018
9020
9020
9020
9020
9023
9025
9026
9026
9026
9026
9027
9028
9028
9029
9029
9031
9032
9032
9033
9035
9036
9036
9037
9038
9041
9042
9043
9044
9045
9047
9048
9049
9050
9050
9050
9052
9053
9053
9055
9055
9055
9056
9058
9060
9062
9063
9063
9066
9067
9068
9070
9070
9070
9070
9071
9073
9074
9076
9076
9076
9076
9077
9078
9080
9081
9081
9082
9083
9085
9085
9087
9090
9090
9091
9095
9096
9097
9099
9099
9102
9103
9104
9105
9107
9110
9110
9112
9113
9114
9114
9114
9116
9116
9117
9120
9120
9121
9122
9123
9124
9126
9127
9129
9133
9134
9134
9136
9139
9139
9141
9141
9142
9142
9143
9145
9145
9146
9147
9150
9151
9154
9161
9163
9163
9164
9167
9167
9169
9170
9172
9173
9173
9174
9175
9176
9177
9178
9179
9179
9180
9181
9181
9181
9183
9184
9187
9187
9189
9189
9195
9195
9199
9200
9201
9203
9203
9204
9205
9206
9206
9207
9207
9208
9210
9210
9210
9212
9214
9216
9218
9218
9220
9223
9226
9226
9227
9229
9229
9230
9232
9232
9234
9235
9236
9236
9237
9237
9238
9239
9239
9241
9242
9243
9243
9243
9247
9250
9251
9251
9252
9252
9253
9253
9254
9256
9259
9259
9260
9261
9261
9261
9262
9262
9262
9263
9265
9265
9265
9265
9266
9269
9269
9273
9275
9277
9277
9278
9278
9282
9284
9286
9287
9288
9289
9289
9290
9291
9292
9294
9294
9295
9297
9297
9298
9298
9298
9299
9301
9301
9305
9306
9306
9306
9306
9307
9307
9308
9308
9310
9312
9313
9313
9313
9314
9315
9316
9316
9316
9317
9317
9319
9319
9321
9321
9322
9322
9323
9324
9325
9325
9326
9326
9327
9327
9328
9329
9329
9329
9330
9331
9333
9333
9334
9335
9335
9336
9336
9336
9337
9337
9337
9337
9340
9342
9342
9342
9344
9344
9345
9346
9346
9348
9349
9352
9354
9354
9354
9354
9356
9357
9357
9358
9360
9361
9361
9362
9362
9364
9364
9365
9365
9367
9369
9369
9372
9373
9373
9373
9377
9380
9380
9380
9381
9382
9383
9383
9383
9385
9385
9389
9389
9390
9391
9391
9391
9394
9394
9395
9395
9396
9396
9397
9397
9397
9398
9398
9399
9401
9401
9401
9402
9403
9403
9405
9405
9407
9408
9409
9411
9411
9413
9414
9414
9415
9417
9418
9419
9419
9421
9422
9422
9425
9426
9427
9428
9429
9430
9432
9432
9434
9435
9435
9436
9438
9438
9439
9441
9441
9442
9447
9447
9449
9449
9449
9450
9451
9452
9453
9454
9456
9456
9457
9458
9459
9461
9463
9464
9464
9464
9464
9466
9466
9466
9467
9468
9468
9469
9470
9470
9470
9471
9473
9474
9476
9477
9478
9478
9480
9482
9483
9483
9484
9485
9490
9491
9491
9492
9495
9495
9496
9498
9498
9498
9499
9500
9500
9503
9503
9504
9505
9507
9508
9509
9513
9513
9515
9515
9515
9516
9516
9517
9517
9518
9518
9518
9519
9519
9519
9521
9523
9523
9524
9525
9525
9525
9526
9528
9528
9528
9529
9531
9531
9533
9533
9534
9534
9535
9535
9536
9536
9536
9537
9537
9539
9539
9540
9541
9542
9544
9544
9544
9545
9545
9546
9547
9549
9549
9550
9551
9551
9552
9555
9555
9555
9556
9557
9557
9558
9559
9559
9560
9564
9565
9565
9568
9568
9568
9569
9572
9573
9576
9577
9578
9578
9579
9579
9580
9582
9587
9588
9590
9590
9590
9591
9593
9593
9594
9595
9596
9597
9598
9598
9598
9598
9598
9599
9601
9603
9604
9605
9606
9606
9606
9607
9607
9608
9609
9609
9609
9611
9612
9614
9617
9617
9618
9618
9620
9621
9621
9621
9622
9622
9623
9623
9627
9627
9628
9629
9629
9630
9635
9638
9638
9640
9642
9642
9643
9643
9644
9645
9645
9648
9648
9650
9650
9651
9652
9652
9652
9653
9653
9653
9654
9654
9655
9656
9657
9657
9658
9658
9659
9660
9661
9661
9662
9662
9662
9664
9664
9665
9666
9667
9667
9668
9669
9669
9669
9669
9669
9670
9670
9670
9672
9673
9673
9675
9680
9681
9682
9682
9683
9684
9684
9684
9685
9685
9687
9688
9688
9689
9689
9689
9691
9693
9693
9694
9694
9696
9698
9699
9700
9701
9704
9705
9707
9707
9708
9709
9709
9709
9709
9711
9713
9715
9715
9716
9716
9718
9718
9719
9720
9720
9720
9720
9721
9722
9724
9724
9724
9726
9728
9729
9730
9733
9734
9734
9734
9735
9736
9736
9736
9738
9739
9740
9740
9740
9741
9742
9742
9743
9745
9748
9749
9749
9750
9751
9752
9752
9753
9754
9754
9759
9759
9759
9760
9761
9761
9761
9762
9762
9762
9763
9764
9766
9767
9768
9769
9769
9769
9770
9770
9771
9771
9771
9771
9772
9772
9775
9775
9775
9776
9776
9777
9778
9778
9779
9779
9780
9781
9782
9782
9784
9784
9784
9784
9786
9786
9787
9788
9789
9791
9793
9793
9794
9795
9795
9797
9797
9798
9799
9800
9801
9804
9804
9805
9806
9806
9807
9808
9810
9810
9812
9814
9814
9815
9816
9822
9823
9825
9826
9829
9832
9832
9832
9833
9837
9837
9838
9839
9839
9842
9843
9844
9846
9850
9850
9851
9852
9852
9853
9854
9855
9856
9857
9858
9860
9861
9863
9863
9863
9865
9865
9866
9866
9868
9869
9869
9870
9871
9872
9872
9872
9874
9875
9878
9879
9880
9882
9885
9888
9890
9891
9891
9894
9896
9896
9897
9897
9898
9898
9900
9901
9901
9901
9902
9903
9904
9904
9905
9905
9907
9907
9909
9911
9911
9912
9913
9914
9914
9916
9917
9920
9921
9928
9930
9932
9932
9933
9935
9935
9936
9937
9939
9939
9941
9941
9942
9942
9943
9944
9944
9945
9946
9946
9946
9947
9948
9948
9949
9950
9953
9953
9954
9954
9955
9956
9958
9963
9965
9966
9967
9967
9969
9971
9971
9973
9973
9974
9974
9976
9977
9978
9979
9981
9981
9982
9984
9985
9986
9986
9987
9988
9988
9989
9990
9991
9993
9993
9996
9996
9997
9998
