0
1
1
1
1
1
2
2
3
3
4
6
6
7
7
8
8
8
9
9
12
13
15
15
17
17
17
18
18
19
21
22
23
23
23
23
25
26
26
26
27
28
30
32
32
33
33
33
35
37
39
40
42
42
43
43
44
44
44
48
48
49
52
52
52
53
54
56
57
60
60
60
61
61
61
62
62
62
62
63
64
64
66
67
68
68
68
70
70
70
71
71
72
72
72
73
75
76
78
78
78
79
81
81
82
83
83
83
84
86
87
87
88
88
90
91
93
96
96
96
96
99
100
102
107
108
109
109
110
111
112
113
114
114
115
115
116
117
117
121
121
124
126
126
130
130
131
131
132
132
133
134
136
138
140
140
141
143
144
144
145
146
147
149
150
151
152
152
153
153
154
155
156
156
158
160
161
162
162
163
163
165
165
165
165
166
167
168
169
172
172
173
173
174
176
177
177
178
179
179
179
179
180
181
183
184
185
185
187
188
188
189
190
190
195
196
197
197
200
200
200
201
201
202
203
203
204
205
209
209
211
213
214
216
217
218
218
221
223
223
223
224
225
226
226
226
231
233
233
233
234
234
234
236
239
239
240
241
242
243
244
244
244
245
245
247
247
248
249
249
250
250
252
253
255
255
256
258
258
259
260
260
260
260
261
261
261
262
266
266
267
268
271
272
273
274
275
280
280
281
285
287
288
290
290
290
293
300
301
301
302
305
307
309
309
311
312
313
316
317
317
318
318
319
319
320
321
321
321
323
323
324
324
326
326
327
328
329
331
332
333
333
334
335
336
336
338
339
340
341
342
342
342
343
344
344
345
347
347
350
351
354
355
356
357
357
359
362
363
365
365
368
368
369
374
375
375
379
380
384
384
385
385
387
389
394
394
397
397
398
398
399
401
401
401
403
406
407
409
409
410
410
412
416
416
417
417
419
419
420
420
421
422
422
423
424
424
425
425
426
426
427
429
429
431
432
432
433
436
437
440
441
441
443
444
447
448
448
450
450
450
452
452
453
453
454
455
457
458
459
460
460
461
462
464
464
464
465
465
466
466
467
469
471
471
471
472
473
473
474
474
477
478
480
481
482
482
483
484
489
490
491
492
493
494
494
496
497
499
500
500
500
500
500
503
505
506
507
510
512
512
515
518
520
521
524
524
524
525
527
527
531
533
533
534
534
540
541
542
546
550
550
551
551
552
552
553
554
554
557
557
558
558
559
562
563
564
564
565
566
566
568
568
571
572
573
575
576
576
578
580
581
581
581
581
584
587
588
589
589
592
593
594
596
596
598
599
600
601
602
603
605
606
607
608
609
610
614
616
617
617
620
620
621
623
623
624
626
627
628
628
629
630
630
633
634
634
635
636
637
637
639
640
642
642
643
644
645
649
649
649
649
651
653
655
657
659
659
660
661
661
662
663
664
665
665
666
666
667
667
669
669
670
670
671
671
671
671
672
673
673
674
674
675
676
677
677
679
681
681
682
683
683
685
685
686
686
688
689
689
690
690
691
693
693
694
695
697
698
699
702
703
703
704
705
705
705
706
706
706
709
709
709
709
709
712
712
713
715
718
719
719
720
720
724
724
725
725
727
727
727
727
728
730
731
733
735
737
738
738
739
740
741
743
743
748
749
750
750
751
752
752
752
753
754
754
754
755
756
756
756
757
757
760
760
760
761
762
763
763
765
765
765
765
765
767
768
769
769
770
771
772
772
776
778
779
779
780
782
785
786
786
789
789
791
792
792
792
793
794
794
794
797
799
803
805
805
806
806
807
809
811
816
819
819
821
822
825
825
826
827
827
828
829
829
830
831
831
833
833
834
835
836
838
839
841
841
842
842
843
843
843
843
844
845
846
846
846
847
848
848
848
854
854
854
855
855
857
857
858
858
859
860
861
863
864
864
864
865
865
867
868
869
869
871
871
871
872
872
873
874
875
875
875
878
878
878
881
883
883
885
885
885
886
887
889
891
894
895
896
897
898
898
898
899
900
900
901
902
903
904
905
906
908
908
910
911
912
913
913
914
914
914
915
915
917
918
918
918
919
921
922
923
923
923
925
925
926
926
928
928
928
929
930
932
932
933
933
935
935
935
937
941
941
942
943
944
944
946
946
946
946
947
947
948
950
951
951
952
952
954
954
955
957
957
958
958
959
959
960
961
961
963
964
965
967
968
969
970
971
971
975
975
976
976
978
981
981
982
982
983
986
987
988
991
991
992
993
993
994
994
995
996
997
997
999
1000
1000
1000
1001
1001
1001
1002
1002
1005
1006
1007
1009
1011
1012
1013
1014
1016
1017
1018
1018
1020
1021
1021
1023
1023
1025
1026
1026
1027
1027
1029
1031
1031
1032
1032
1032
1032
1033
1034
1035
1037
1039
1039
1040
1040
1040
1040
1041
1041
1041
1043
1045
1045
1046
1046
1046
1048
1049
1049
1050
1051
1051
1052
1052
1054
1055
1055
1056
1056
1056
1056
1056
1057
1057
1063
1063
1063
1064
1064
1064
1066
1068
1068
1068
1069
1071
1072
1072
1074
1074
1074
1074
1075
1077
1077
1077
1077
1079
1080
1081
1081
1081
1083
1083
1084
1085
1085
1085
1087
1089
1090
1090
1091
1092
1092
1093
1093
1094
1094
1094
1095
1096
1096
1098
1101
1102
1102
1103
1104
1104
1104
1108
1108
1108
1109
1109
1110
1111
1112
1112
1112
1113
1114
1115
1117
1118
1118
1119
1120
1120
1120
1121
1125
1126
1128
1128
1129
1129
1130
1131
1133
1133
1133
1135
1135
1136
1137
1138
1139
1139
1143
1144
1144
1144
1145
1147
1149
1151
1153
1154
1155
1155
1157
1158
1163
1163
1164
1164
1164
1166
1167
1169
1170
1171
1174
1176
1178
1181
1181
1181
1183
1183
1187
1187
1188
1189
1190
1191
1194
1194
1198
1198
1201
1203
1209
1210
1212
1213
1215
1216
1217
1217
1219
1221
1223
1223
1226
1227
1228
1229
1230
1230
1230
1232
1235
1237
1237
1239
1240
1240
1241
1243
1243
1244
1245
1246
1246
1247
1247
1250
1250
1250
1251
1251
1252
1253
1254
1256
1256
1257
1259
1260
1260
1260
1262
1263
1264
1264
1265
1266
1266
1267
1268
1268
1268
1269
1271
1272
1273
1274
1276
1276
1278
1280
1282
1282
1282
1282
1283
1283
1283
1283
1285
1285
1285
1286
1287
1289
1290
1291
1292
1292
1293
1294
1294
1295
1296
1297
1297
1297
1298
1299
1299
1299
1300
1301
1303
1303
1303
1304
1305
1308
1308
1308
1310
1310
1311
1314
1315
1316
1317
1318
1318
1320
1320
1321
1325
1326
1326
1326
1328
1329
1329
1330
1330
1330
1331
1331
1335
1336
1339
1341
1341
1342
1344
1345
1346
1347
1347
1350
1350
1351
1351
1351
1352
1352
1352
1352
1353
1353
1354
1356
1357
1358
1361
1363
1364
1365
1367
1368
1368
1369
1370
1370
1370
1372
1372
1373
1375
1375
1378
1379
1380
1380
1382
1382
1384
1385
1386
1387
1387
1388
1388
1389
1391
1392
1393
1394
1395
1395
1396
1396
1399
1400
1402
1403
1403
1405
1408
1408
1410
1410
1411
1412
1414
1416
1420
1420
1420
1420
1423
1424
1425
1426
1427
1427
1430
1430
1435
1435
1440
1440
1440
1440
1442
1443
1445
1445
1446
1448
1448
1448
1448
1449
1450
1450
1450
1452
1452
1452
1453
1453
1455
1456
1456
1456
1456
1458
1458
1458
1459
1459
1459
1460
1460
1460
1461
1462
1463
1465
1465
1466
1467
1469
1471
1471
1472
1474
1474
1474
1474
1475
1476
1477
1479
1479
1479
1483
1484
1485
1487
1487
1488
1489
1490
1490
1491
1491
1492
1493
1496
1499
1499
1499
1500
1502
1503
1503
1504
1504
1505
1506
1506
1506
1506
1507
1509
1510
1510
1510
1513
1515
1516
1516
1517
1518
1519
1520
1520
1521
1522
1523
1524
1524
1524
1526
1527
1528
1531
1533
1534
1534
1536
1537
1538
1539
1540
1542
1544
1545
1545
1546
1546
1547
1547
1551
1551
1551
1552
1554
1554
1556
1556
1556
1556
1556
1562
1565
1566
1566
1566
1568
1571
1573
1574
1574
1574
1575
1576
1577
1578
1579
1582
1583
1583
1584
1585
1586
1586
1586
1586
1587
1588
1591
1592
1592
1593
1593
1594
1598
1598
1599
1599
1600
1600
1600
1601
1602
1602
1603
1603
1604
1605
1607
1609
1611
1612
1615
1617
1618
1619
1619
1619
1620
1622
1622
1624
1626
1628
1630
1631
1631
1632
1632
1633
1633
1634
1637
1637
1637
1637
1638
1640
1640
1643
1644
1645
1645
1647
1647
1649
1649
1650
1651
1652
1655
1656
1657
1657
1658
1658
1659
1660
1660
1661
1662
1662
1663
1664
1665
1666
1666
1670
1671
1672
1674
1675
1676
1677
1678
1678
1678
1679
1680
1681
1682
1683
1683
1683
1684
1684
1685
1686
1686
1686
1687
1688
1689
1690
1691
1694
1695
1695
1695
1697
1700
1700
1701
1702
1702
1703
1703
1705
1705
1706
1706
1708
1709
1710
1713
1713
1714
1716
1717
1719
1720
1721
1723
1723
1724
1724
1727
1729
1730
1731
1732
1732
1733
1734
1736
1737
1738
1739
1742
1742
1745
1747
1748
1748
1748
1749
1749
1750
1753
1753
1754
1755
1757
1758
1762
1763
1764
1765
1766
1767
1769
1770
1772
1773
1774
1775
1775
1777
1778
1778
1780
1781
1782
1783
1784
1786
1786
1787
1788
1788
1789
1789
1791
1791
1792
1792
1793
1793
1796
1796
1796
1797
1797
1798
1799
1799
1800
1800
1800
1801
1801
1802
1802
1802
1803
1804
1807
1807
1807
1807
1810
1812
1817
1817
1818
1819
1821
1822
1824
1825
1827
1829
1830
1830
1832
1833
1834
1835
1835
1836
1836
1837
1837
1838
1839
1840
1841
1842
1843
1844
1846
1847
1848
1849
1854
1855
1856
1857
1858
1859
1860
1861
1862
1863
1864
1864
1865
1866
1867
1872
1874
1875
1875
1875
1877
1877
1878
1878
1880
1882
1883
1884
1884
1887
1887
1887
1887
1889
1889
1889
1890
1891
1891
1891
1892
1894
1894
1894
1895
1896
1897
1898
1899
1900
1900
1901
1901
1901
1902
1903
1904
1909
1909
1909
1909
1912
1913
1916
1918
1918
1919
1920
1923
1924
1925
1926
1926
1927
1927
1928
1929
1929
1932
1932
1934
1934
1935
1937
1937
1938
1938
1938
1939
1941
1943
1943
1944
1945
1947
1947
1951
1952
1953
1954
1955
1958
1958
1961
1961
1961
1962
1962
1963
1965
1966
1967
1967
1971
1973
1974
1975
1975
1976
1976
1979
1980
1980
1984
1986
1987
1987
1988
1989
1990
1991
1992
1992
1993
1993
1996
1997
1999
1999
1999
2000
2000
2000
2000
2001
2001
2002
2003
2005
2006
2006
2006
2007
2008
2009
2011
2012
2012
2014
2014
2014
2016
2016
2017
2018
2018
2018
2019
2024
2028
2028
2028
2029
2033
2033
2035
2035
2038
2038
2038
2039
2040
2040
2041
2041
2042
2042
2043
2044
2044
2046
2046
2046
2049
2049
2051
2051
2052
2053
2054
2055
2055
2057
2058
2058
2058
2059
2059
2061
2063
2064
2068
2070
2070
2070
2070
2070
2070
2071
2071
2071
2072
2073
2074
2074
2075
2075
2076
2076
2077
2077
2077
2078
2079
2080
2082
2082
2083
2084
2085
2086
2087
2089
2090
2091
2092
2092
2095
2096
2098
2098
2098
2099
2100
2102
2106
2107
2107
2110
2111
2111
2112
2114
2115
2116
2116
2117
2118
2119
2119
2120
2120
2123
2124
2124
2125
2126
2127
2127
2130
2131
2133
2133
2134
2134
2135
2136
2136
2137
2137
2137
2138
2139
2139
2139
2141
2142
2145
2145
2145
2146
2149
2149
2150
2150
2150
2151
2151
2151
2152
2152
2153
2154
2155
2156
2156
2156
2157
2157
2158
2158
2160
2161
2161
2162
2163
2163
2163
2164
2165
2167
2169
2170
2171
2171
2172
2172
2173
2173
2173
2174
2174
2174
2175
2176
2176
2177
2178
2180
2180
2182
2187
2189
2190
2191
2191
2192
2193
2194
2194
2196
2197
2201
2202
2202
2205
2205
2207
2208
2208
2210
2210
2210
2211
2213
2213
2214
2214
2218
2220
2222
2223
2224
2225
2225
2227
2228
2231
2231
2233
2233
2234
2234
2234
2235
2237
2238
2238
2240
2240
2241
2243
2249
2249
2249
2249
2250
2251
2252
2255
2256
2258
2260
2260
2262
2263
2264
2265
2265
2265
2266
2266
2267
2267
2268
2271
2274
2274
2275
2276
2276
2279
2279
2279
2279
2280
2282
2285
2287
2287
2288
2290
2292
2294
2294
2295
2295
2295
2295
2295
2296
2296
2296
2296
2297
2301
2304
2306
2306
2306
2307
2307
2309
2313
2315
2316
2322
2322
2325
2328
2329
2331
2331
2331
2334
2336
2337
2337
2338
2339
2342
2345
2346
2347
2348
2350
2350
2354
2356
2358
2358
2360
2366
2366
2369
2370
2370
2371
2371
2371
2371
2371
2371
2372
2373
2374
2374
2375
2379
2380
2381
2382
2386
2389
2392
2392
2392
2395
2396
2397
2400
2404
2404
2404
2407
2407
2408
2408
2408
2408
2408
2409
2409
2410
2412
2412
2412
2413
2416
2417
2417
2417
2417
2418
2418
2419
2420
2423
2424
2425
2426
2429
2431
2431
2433
2434
2435
2435
2436
2439
2442
2443
2446
2448
2448
2448
2450
2453
2455
2455
2455
2455
2457
2458
2459
2460
2460
2461
2461
2462
2466
2467
2467
2467
2467
2468
2469
2469
2470
2470
2472
2472
2473
2473
2474
2477
2477
2477
2481
2481
2483
2483
2483
2484
2486
2487
2487
2487
2488
2488
2489
2490
2491
2496
2496
2498
2499
2500
2501
2501
2502
2503
2504
2504
2505
2505
2506
2507
2507
2508
2509
2510
2511
2512
2513
2513
2513
2514
2514
2515
2515
2515
2516
2516
2518
2518
2518
2520
2520
2521
2521
2526
2526
2526
2526
2528
2529
2530
2532
2532
2533
2535
2535
2537
2537
2537
2537
2539
2539
2539
2540
2542
2543
2544
2545
2545
2545
2546
2546
2547
2547
2548
2549
2550
2550
2550
2550
2551
2552
2552
2552
2552
2553
2553
2555
2557
2562
2564
2565
2566
2568
2568
2569
2571
2573
2573
2578
2579
2583
2586
2586
2587
2587
2587
2588
2589
2591
2591
2592
2593
2593
2593
2595
2597
2598
2600
2600
2602
2602
2605
2608
2609
2610
2611
2611
2612
2612
2613
2613
2613
2613
2613
2616
2616
2620
2623
2624
2625
2627
2631
2632
2632
2638
2638
2640
2641
2641
2642
2643
2644
2644
2645
2645
2645
2646
2646
2648
2649
2649
2649
2651
2651
2652
2655
2656
2657
2658
2660
2661
2665
2667
2669
2670
2671
2672
2672
2672
2672
2673
2673
2675
2678
2678
2679
2679
2679
2680
2682
2683
2685
2685
2685
2689
2689
2689
2690
2690
2691
2692
2692
2693
2695
2697
2698
2699
2699
2699
2699
2699
2700
2700
2701
2701
2702
2702
2703
2703
2703
2704
2704
2705
2706
2708
2708
2709
2710
2712
2712
2713
2714
2715
2715
2716
2716
2717
2717
2719
2721
2723
2723
2729
2732
2734
2735
2735
2735
2736
2736
2737
2738
2738
2740
2741
2742
2748
2749
2750
2751
2751
2751
2752
2753
2755
2756
2756
2758
2759
2761
2761
2761
2768
2769
2770
2772
2773
2774
2774
2774
2775
2775
2777
2779
2779
2781
2781
2783
2783
2786
2786
2789
2789
2789
2792
2792
2793
2793
2794
2796
2798
2798
2799
2799
2800
2801
2802
2803
2804
2806
2806
2806
2807
2807
2808
2810
2810
2811
2812
2813
2814
2814
2814
2815
2816
2816
2817
2819
2819
2820
2822
2822
2822
2822
2826
2828
2828
2828
2829
2830
2830
2832
2833
2833
2834
2838
2838
2839
2840
2840
2843
2843
2845
2845
2847
2848
2850
2851
2851
2852
2853
2853
2853
2855
2856
2857
2859
2861
2862
2864
2865
2865
2867
2868
2868
2871
2872
2872
2872
2873
2873
2875
2876
2877
2877
2879
2879
2880
2880
2884
2886
2886
2890
2891
2891
2893
2896
2896
2897
2898
2901
2901
2902
2902
2903
2903
2904
2905
2906
2906
2907
2908
2909
2909
2909
2911
2912
2912
2912
2913
2913
2916
2917
2920
2920
2920
2921
2922
2922
2922
2923
2923
2923
2926
2927
2927
2928
2929
2931
2932
2934
2935
2936
2936
2937
2938
2939
2939
2941
2941
2942
2943
2944
2945
2945
2945
2945
2945
2946
2947
2947
2947
2948
2949
2951
2951
2951
2952
2952
2952
2953
2953
2953
2953
2953
2954
2954
2955
2955
2956
2956
2957
2959
2960
2961
2961
2963
2963
2964
2965
2965
2965
2968
2968
2969
2969
2971
2972
2974
2975
2976
2978
2979
2979
2979
2980
2984
2985
2985
2986
2986
2987
2987
2987
2991
2992
2992
2992
2993
2993
2994
2995
2995
2995
2996
2999
3000
3001
3001
3001
3001
3003
3005
3005
3005
3007
3008
3008
3009
3010
3011
3011
3012
3012
3012
3014
3015
3017
3019
3020
3020
3020
3020
3022
3023
3023
3025
3025
3027
3031
3033
3034
3035
3036
3037
3038
3041
3042
3043
3043
3045
3045
3047
3051
3052
3053
3054
3054
3055
3057
3058
3059
3059
3060
3062
3062
3063
3065
3065
3066
3066
3067
3067
3068
3070
3070
3071
3072
3072
3073
3073
3073
3076
3077
3077
3078
3078
3079
3079
3080
3080
3080
3080
3081
3082
3082
3084
3084
3085
3089
3090
3091
3092
3092
3093
3093
3093
3094
3094
3094
3095
3095
3098
3098
3099
3100
3101
3104
3104
3108
3109
3110
3111
3111
3112
3113
3114
3115
3115
3116
3117
3117
3120
3124
3124
3127
3131
3132
3133
3133
3133
3135
3136
3139
3139
3141
3142
3144
3147
3147
3147
3148
3150
3150
3150
3151
3151
3151
3152
3153
3153
3154
3154
3154
3155
3155
3156
3157
3158
3159
3160
3160
3160
3161
3161
3161
3162
3163
3163
3164
3165
3165
3166
3166
3166
3167
3167
3168
3168
3170
3170
3171
3171
3173
3175
3176
3177
3178
3179
3181
3181
3181
3182
3183
3184
3186
3189
3189
3190
3193
3196
3196
3199
3199
3202
3202
3202
3203
3204
3204
3206
3206
3207
3208
3209
3211
3213
3214
3215
3215
3217
3218
3219
3219
3222
3223
3223
3223
3224
3225
3226
3226
3227
3228
3228
3228
3233
3235
3238
3240
3241
3242
3243
3244
3244
3245
3245
3246
3246
3248
3249
3249
3250
3251
3252
3252
3253
3254
3256
3256
3257
3257
3260
3261
3262
3267
3268
3268
3268
3269
3270
3270
3271
3272
3273
3274
3274
3275
3275
3276
3277
3279
3279
3279
3284
3285
3286
3286
3289
3290
3291
3291
3292
3292
3292
3293
3293
3293
3293
3294
3297
3297
3298
3298
3299
3300
3300
3301
3301
3302
3302
3304
3305
3306
3306
3310
3312
3312
3313
3314
3314
3314
3315
3317
3320
3322
3324
3324
3325
3325
3325
3326
3326
3328
3329
3329
3331
3337
3338
3339
3341
3344
3345
3345
3346
3347
3348
3348
3348
3349
3350
3351
3353
3355
3355
3357
3359
3360
3361
3361
3363
3363
3363
3366
3366
3366
3367
3369
3370
3370
3370
3370
3371
3373
3373
3374
3374
3377
3377
3377
3379
3381
3382
3383
3383
3383
3384
3384
3386
3387
3389
3389
3390
3390
3390
3392
3392
3393
3394
3394
3396
3396
3398
3398
3400
3401
3402
3403
3404
3407
3408
3408
3408
3410
3411
3411
3413
3417
3419
3419
3419
3423
3425
3426
3426
3427
3428
3431
3432
3432
3433
3434
3434
3437
3439
3439
3441
3441
3445
3446
3446
3448
3449
3451
3451
3451
3455
3455
3456
3457
3458
3458
3459
3460
3460
3460
3463
3463
3463
3464
3464
3466
3466
3467
3467
3467
3471
3471
3471
3475
3475
3477
3477
3477
3480
3481
3482
3485
3487
3487
3489
3490
3491
3492
3493
3495
3496
3497
3497
3498
3500
3500
3501
3501
3502
3503
3503
3505
3508
3508
3509
3509
3510
3510
3511
3511
3511
3512
3512
3514
3515
3516
3517
3517
3519
3519
3519
3520
3520
3521
3521
3524
3524
3525
3527
3527
3528
3528
3529
3529
3532
3532
3533
3534
3539
3539
3540
3540
3541
3541
3542
3542
3543
3545
3545
3549
3551
3551
3551
3551
3552
3553
3553
3557
3558
3559
3562
3562
3563
3565
3566
3569
3569
3570
3572
3572
3575
3576
3576
3577
3577
3578
3578
3579
3580
3580
3583
3583
3583
3584
3584
3584
3585
3588
3589
3590
3591
3591
3594
3594
3596
3597
3598
3598
3599
3599
3600
3601
3603
3603
3604
3604
3605
3605
3605
3609
3612
3612
3613
3615
3615
3619
3619
3619
3620
3621
3622
3622
3622
3623
3623
3625
3626
3627
3627
3628
3628
3628
3629
3630
3631
3631
3631
3632
3632
3632
3634
3634
3635
3636
3638
3639
3640
3640
3642
3642
3642
3644
3644
3645
3645
3646
3646
3646
3648
3648
3648
3649
3651
3653
3654
3654
3654
3656
3657
3657
3658
3660
3660
3661
3661
3661
3661
3662
3662
3663
3663
3664
3664
3665
3665
3665
3667
3669
3669
3669
3670
3672
3672
3676
3678
3679
3679
3680
3680
3680
3688
3688
3688
3689
3690
3694
3694
3694
3694
3695
3695
3695
3695
3697
3697
3698
3699
3699
3702
3703
3704
3705
3705
3705
3705
3706
3707
3708
3708
3709
3709
3712
3713
3714
3715
3716
3717
3719
3719
3721
3721
3724
3724
3727
3727
3728
3728
3731
3731
3732
3732
3733
3734
3734
3735
3736
3737
3740
3741
3742
3742
3742
3743
3743
3743
3744
3744
3745
3746
3747
3747
3748
3749
3751
3751
3752
3753
3755
3755
3755
3756
3758
3760
3760
3761
3761
3762
3765
3765
3767
3770
3770
3772
3772
3776
3778
3780
3780
3781
3781
3781
3781
3782
3782
3785
3785
3785
3788
3789
3789
3790
3791
3792
3793
3793
3794
3794
3795
3795
3795
3797
3798
3799
3801
3801
3803
3803
3803
3804
3805
3805
3805
3811
3812
3812
3814
3815
3817
3818
3819
3820
3821
3821
3822
3823
3823
3824
3824
3825
3825
3826
3826
3826
3827
3827
3828
3830
3831
3832
3832
3834
3835
3835
3835
3835
3836
3836
3836
3837
3837
3838
3838
3839
3840
3841
3847
3848
3848
3849
3850
3850
3853
3853
3855
3855
3856
3856
3857
3858
3858
3859
3859
3860
3861
3862
3862
3867
3868
3869
3872
3872
3872
3872
3874
3874
3879
3880
3884
3885
3885
3887
3888
3890
3890
3891
3891
3892
3893
3893
3894
3895
3897
3897
3898
3900
3900
3903
3903
3904
3904
3906
3907
3909
3909
3910
3911
3912
3912
3913
3914
3917
3918
3919
3919
3920
3921
3922
3922
3923
3924
3927
3928
3928
3928
3929
3929
3930
3932
3932
3932
3934
3937
3937
3937
3939
3939
3942
3944
3945
3947
3948
3948
3949
3949
3951
3952
3953
3954
3956
3957
3958
3958
3959
3961
3962
3962
3964
3964
3968
3968
3973
3974
3974
3975
3978
3981
3982
3983
3986
3988
3989
3993
3994
3995
3996
3998
4000
4000
4001
4003
4006
4006
4008
4009
4009
4012
4014
4016
4019
4019
4020
4021
4021
4024
4025
4025
4025
4026
4027
4030
4030
4031
4031
4032
4035
4035
4035
4037
4038
4039
4039
4040
4040
4042
4042
4043
4043
4043
4046
4046
4049
4049
4051
4055
4056
4057
4059
4059
4060
4061
4063
4066
4067
4068
4068
4070
4071
4071
4072
4072
4073
4076
4077
4077
4077
4077
4078
4078
4080
4081
4082
4083
4087
4087
4087
4087
4088
4088
4092
4093
4094
4094
4096
4097
4098
4100
4102
4103
4103
4108
4110
4113
4114
4114
4115
4117
4117
4118
4119
4119
4119
4123
4126
4126
4128
4128
4129
4129
4130
4130
4131
4132
4134
4135
4136
4137
4138
4138
4140
4141
4141
4143
4144
4147
4148
4149
4150
4150
4151
4151
4152
4153
4155
4156
4156
4158
4158
4160
4162
4162
4162
4164
4166
4167
4167
4168
4168
4168
4169
4169
4170
4170
4173
4173
4173
4174
4177
4177
4179
4181
4181
4182
4182
4183
4185
4186
4186
4189
4189
4193
4193
4193
4194
4194
4194
4195
4195
4196
4197
4199
4200
4201
4201
4201
4201
4202
4203
4203
4208
4209
4211
4212
4212
4213
4215
4217
4217
4217
4221
4222
4224
4224
4224
4227
4227
4228
4230
4231
4232
4234
4234
4235
4236
4236
4236
4236
4236
4237
4237
4237
4240
4242
4242
4243
4245
4245
4245
4245
4246
4248
4249
4250
4254
4255
4256
4257
4257
4258
4260
4261
4261
4263
4263
4265
4266
4266
4268
4271
4272
4273
4273
4278
4279
4279
4280
4281
4281
4282
4282
4282
4284
4284
4284
4284
4285
4285
4285
4286
4287
4288
4290
4292
4292
4293
4293
4295
4295
4297
4297
4298
4299
4300
4302
4303
4304
4304
4305
4306
4307
4310
4311
4311
4312
4312
4312
4313
4314
4315
4315
4317
4320
4320
4321
4321
4325
4329
4330
4331
4332
4333
4333
4334
4335
4336
4338
4339
4339
4341
4343
4344
4345
4346
4348
4350
4350
4350
4350
4351
4352
4353
4353
4353
4355
4355
4355
4356
4356
4357
4357
4358
4359
4362
4363
4366
4366
4367
4368
4369
4370
4370
4371
4371
4372
4373
4373
4373
4374
4375
4375
4375
4376
4376
4376
4377
4377
4377
4377
4378
4378
4378
4380
4380
4381
4381
4381
4382
4383
4383
4383
4387
4388
4392
4393
4394
4395
4396
4396
4397
4397
4399
4400
4401
4402
4403
4410
4410
4411
4412
4413
4415
4416
4420
4421
4425
4426
4426
4427
4427
4427
4428
4431
4431
4432
4432
4433
4441
4441
4441
4441
4442
4443
4444
4446
4448
4448
4449
4451
4451
4451
4451
4452
4453
4457
4458
4459
4460
4460
4461
4462
4462
4462
4463
4464
4465
4465
4466
4467
4468
4469
4469
4471
4471
4472
4472
4473
4474
4474
4476
4476
4477
4479
4481
4481
4482
4483
4483
4485
4486
4486
4487
4487
4488
4489
4490
4490
4491
4493
4495
4495
4495
4496
4496
4496
4497
4498
4499
4500
4506
4507
4509
4509
4510
4510
4511
4512
4513
4515
4515
4515
4516
4516
4516
4517
4517
4518
4518
4518
4519
4520
4520
4521
4522
4523
4524
4526
4527
4527
4527
4530
4532
4532
4535
4535
4535
4536
4536
4537
4537
4538
4538
4539
4541
4546
4546
4546
4546
4549
4550
4551
4553
4553
4556
4556
4557
4558
4559
4560
4560
4561
4561
4562
4563
4564
4565
4567
4568
4569
4570
4570
4571
4573
4574
4574
4575
4575
4577
4578
4580
4581
4582
4582
4584
4584
4585
4585
4585
4588
4593
4593
4593
4595
4596
4596
4597
4597
4598
4599
4600
4601
4605
4606
4607
4608
4608
4608
4609
4609
4610
4611
4613
4614
4615
4615
4616
4616
4616
4617
4618
4619
4624
4624
4625
4625
4626
4626
4629
4630
4631
4633
4635
4636
4636
4636
4637
4637
4638
4640
4640
4641
4641
4641
4641
4642
4643
4643
4644
4645
4646
4647
4647
4649
4649
4650
4651
4652
4653
4654
4655
4656
4656
4657
4658
4661
4662
4663
4663
4663
4664
4665
4666
4667
4668
4668
4669
4670
4671
4671
4673
4673
4675
4675
4679
4686
4687
4687
4688
4689
4689
4689
4689
4690
4690
4691
4693
4694
4696
4697
4699
4702
4702
4704
4704
4706
4707
4707
4708
4709
4709
4710
4711
4711
4711
4712
4713
4715
4716
4718
4719
4720
4720
4720
4720
4720
4721
4721
4725
4725
4725
4726
4729
4731
4733
4734
4734
4735
4735
4736
4737
4741
4741
4742
4743
4744
4744
4745
4745
4745
4746
4747
4749
4752
4752
4756
4757
4757
4761
4761
4765
4765
4767
4769
4772
4772
4773
4773
4774
4774
4775
4775
4777
4777
4777
4778
4778
4779
4779
4780
4781
4781
4782
4782
4783
4783
4784
4785
4785
4785
4785
4786
4788
4789
4791
4794
4795
4798
4798
4801
4802
4802
4803
4806
4806
4806
4807
4809
4810
4810
4811
4811
4813
4813
4814
4815
4815
4818
4818
4819
4820
4820
4823
4823
4823
4826
4826
4827
4829
4831
4831
4831
4832
4832
4833
4833
4833
4833
4833
4835
4836
4836
4838
4839
4839
4840
4841
4842
4844
4844
4845
4846
4846
4846
4847
4848
4849
4853
4854
4854
4854
4855
4855
4856
4857
4859
4859
4859
4860
4863
4863
4865
4866
4868
4869
4871
4872
4872
4872
4873
4873
4874
4874
4875
4875
4875
4875
4876
4877
4877
4877
4878
4878
4879
4880
4881
4881
4882
4883
4883
4885
4885
4886
4886
4888
4889
4890
4891
4891
4891
4893
4894
4894
4895
4896
4896
4897
4898
4900
4900
4901
4901
4902
4905
4908
4909
4909
4910
4910
4911
4912
4913
4915
4916
4916
4921
4922
4926
4929
4930
4931
4932
4933
4934
4936
4937
4937
4939
4940
4942
4943
4943
4943
4944
4946
4947
4948
4950
4950
4950
4951
4952
4954
4954
4955
4955
4956
4958
4958
4959
4959
4961
4962
4964
4965
4966
4966
4972
4972
4973
4974
4975
4976
4977
4978
4979
4980
4981
4981
4982
4983
4984
4984
4987
4987
4988
4988
4989
4993
4994
4994
4994
4994
4995
4995
4997
4999
5000
5000
5001
5002
5003
5003
5005
5006
5006
5007
5010
5011
5011
5012
5012
5013
5013
5013
5013
5013
5014
5014
5015
5018
5020
5022
5023
5024
5025
5025
5026
5026
5026
5028
5028
5028
5028
5028
5030
5032
5032
5032
5033
5033
5034
5034
5034
5035
5036
5037
5037
5039
5041
5041
5044
5045
5045
5046
5046
5047
5047
5047
5049
5050
5050
5053
5054
5054
5055
5056
5058
5059
5060
5061
5061
5061
5062
5062
5063
5064
5066
5067
5067
5068
5068
5069
5070
5072
5074
5074
5076
5077
5078
5078
5079
5079
5079
5079
5080
5081
5082
5082
5085
5085
5087
5087
5088
5088
5088
5088
5090
5092
5096
5097
5099
5100
5100
5100
5102
5102
5103
5104
5105
5106
5106
5107
5109
5110
5113
5114
5116
5117
5119
5120
5120
5120
5123
5125
5126
5127
5128
5129
5129
5132
5133
5134
5134
5136
5138
5138
5139
5140
5144
5146
5146
5147
5149
5152
5152
5154
5154
5154
5155
5156
5156
5156
5156
5157
5159
5161
5161
5164
5165
5166
5167
5169
5169
5170
5170
5171
5171
5171
5173
5173
5176
5176
5178
5179
5180
5181
5181
5181
5181
5186
5187
5188
5188
5189
5189
5190
5190
5190
5190
5191
5191
5192
5193
5193
5193
5194
5195
5195
5196
5198
5198
5198
5199
5200
5202
5202
5203
5204
5204
5204
5205
5205
5206
5207
5207
5208
5208
5210
5211
5211
5211
5213
5214
5216
5217
5217
5218
5222
5223
5224
5224
5225
5225
5226
5226
5226
5227
5229
5229
5230
5233
5235
5240
5240
5241
5241
5242
5242
5243
5244
5244
5245
5245
5246
5248
5248
5250
5251
5253
5253
5254
5254
5254
5255
5255
5255
5256
5258
5259
5261
5263
5266
5267
5268
5268
5268
5268
5269
5270
5270
5271
5271
5273
5273
5275
5276
5277
5278
5278
5279
5284
5285
5286
5287
5290
5290
5291
5291
5291
5291
5292
5292
5293
5294
5294
5294
5295
5296
5296
5296
5297
5297
5298
5298
5298
5299
5299
5301
5304
5304
5306
5306
5306
5308
5310
5311
5311
5312
5313
5314
5314
5315
5315
5317
5318
5319
5320
5320
5325
5325
5325
5326
5326
5327
5327
5327
5328
5328
5329
5331
5331
5331
5331
5333
5334
5336
5336
5337
5338
5341
5343
5344
5344
5346
5346
5346
5346
5348
5348
5348
5349
5351
5351
5352
5352
5352
5354
5354
5354
5354
5355
5357
5360
5361
5362
5362
5362
5362
5363
5365
5367
5368
5368
5368
5368
5370
5373
5375
5375
5375
5376
5377
5377
5377
5378
5378
5379
5379
5379
5383
5384
5385
5386
5390
5390
5393
5394
5395
5397
5397
5399
5400
5403
5404
5408
5408
5408
5409
5409
5409
5409
5409
5409
5412
5413
5413
5413
5414
5417
5417
5417
5418
5420
5420
5421
5421
5422
5422
5422
5423
5423
5423
5425
5427
5428
5428
5430
5430
5430
5431
5434
5434
5434
5435
5435
5435
5436
5436
5436
5437
5437
5439
5440
5441
5443
5447
5448
5451
5451
5453
5454
5455
5457
5458
5459
5459
5462
5462
5463
5463
5464
5470
5471
5471
5473
5474
5476
5476
5477
5478
5479
5481
5482
5483
5484
5484
5485
5485
5486
5486
5486
5488
5488
5488
5489
5490
5492
5492
5492
5493
5493
5494
5494
5495
5496
5496
5497
5497
5498
5500
5500
5500
5501
5505
5506
5507
5508
5508
5509
5509
5509
5511
5511
5512
5513
5513
5515
5516
5516
5517
5521
5521
5521
5522
5522
5524
5525
5526
5529
5530
5530
5532
5533
5534
5534
5535
5536
5538
5538
5538
5540
5540
5540
5542
5543
5543
5544
5544
5545
5545
5545
5546
5547
5548
5549
5549
5549
5550
5551
5553
5554
5556
5559
5559
5561
5561
5562
5566
5568
5571
5573
5574
5576
5577
5579
5580
5580
5581
5581
5581
5585
5586
5586
5587
5588
5590
5591
5592
5595
5596
5596
5598
5598
5600
5601
5602
5605
5605
5606
5607
5608
5609
5609
5609
5610
5611
5611
5612
5613
5614
5614
5615
5615
5615
5616
5617
5617
5619
5620
5621
5622
5624
5624
5624
5626
5627
5629
5630
5630
5630
5633
5633
5635
5637
5639
5640
5640
5640
5641
5643
5644
5645
5647
5647
5647
5647
5649
5649
5649
5650
5651
5652
5653
5654
5654
5655
5655
5655
5656
5657
5659
5659
5662
5665
5666
5666
5667
5668
5669
5670
5670
5671
5672
5673
5675
5675
5676
5677
5679
5679
5680
5681
5681
5681
5684
5686
5686
5688
5688
5688
5689
5689
5691
5691
5694
5695
5695
5695
5698
5701
5706
5707
5708
5711
5711
5712
5713
5714
5714
5715
5715
5717
5720
5720
5720
5722
5722
5722
5723
5723
5724
5724
5725
5727
5728
5728
5729
5729
5730
5732
5732
5733
5735
5736
5738
5738
5738
5738
5739
5740
5741
5744
5745
5746
5746
5747
5747
5747
5748
5748
5748
5749
5752
5752
5753
5755
5757
5758
5758
5759
5760
5762
5763
5763
5763
5763
5764
5765
5765
5768
5770
5770
5770
5772
5773
5775
5776
5778
5781
5782
5782
5783
5786
5788
5790
5790
5790
5792
5792
5792
5794
5796
5796
5796
5796
5799
5799
5800
5801
5802
5802
5803
5805
5807
5807
5810
5810
5812
5812
5814
5816
5816
5816
5816
5817
5818
5819
5819
5820
5821
5821
5821
5821
5823
5823
5823
5834
5835
5835
5836
5837
5837
5839
5840
5840
5841
5841
5842
5842
5843
5845
5845
5846
5847
5850
5851
5851
5852
5852
5853
5853
5854
5854
5855
5856
5857
5858
5858
5858
5858
5859
5859
5860
5861
5861
5862
5863
5864
5864
5864
5865
5866
5867
5869
5871
5872
5872
5873
5873
5874
5877
5879
5880
5881
5882
5882
5882
5885
5886
5886
5887
5889
5890
5890
5892
5892
5893
5893
5893
5894
5896
5897
5898
5900
5900
5901
5902
5904
5904
5908
5910
5912
5914
5915
5915
5918
5919
5923
5926
5926
5927
5928
5929
5934
5934
5935
5935
5936
5939
5941
5941
5942
5944
5945
5947
5947
5948
5948
5952
5952
5953
5954
5954
5955
5955
5955
5956
5957
5957
5958
5958
5961
5961
5961
5961
5963
5965
5966
5969
5969
5970
5970
5976
5977
5979
5981
5982
5983
5983
5985
5986
5987
5987
5989
5991
5992
5993
5995
5996
5997
5998
5998
5999
6000
6000
6001
6002
6003
6003
6004
6006
6006
6009
6009
6011
6011
6012
6012
6013
6014
6015
6015
6015
6016
6016
6017
6017
6017
6017
6017
6019
6020
6021
6024
6024
6024
6025
6027
6028
6028
6029
6031
6031
6034
6036
6037
6037
6041
6042
6043
6044
6045
6046
6047
6049
6050
6050
6051
6051
6052
6056
6057
6058
6059
6061
6062
6063
6065
6066
6067
6068
6071
6071
6071
6072
6073
6073
6074
6075
6075
6076
6077
6079
6080
6083
6083
6083
6084
6084
6085
6085
6087
6087
6088
6088
6088
6089
6089
6091
6091
6094
6097
6097
6104
6108
6109
6112
6112
6114
6114
6115
6115
6116
6117
6117
6118
6119
6121
6122
6122
6122
6123
6124
6125
6125
6126
6127
6128
6129
6131
6133
6133
6134
6135
6135
6136
6136
6137
6140
6141
6143
6144
6144
6144
6146
6147
6148
6148
6148
6148
6149
6152
6153
6154
6155
6157
6158
6160
6161
6167
6167
6168
6170
6171
6171
6173
6173
6175
6176
6180
6182
6182
6184
6185
6185
6186
6186
6187
6189
6189
6189
6190
6192
6192
6193
6196
6198
6198
6199
6200
6201
6205
6205
6209
6211
6213
6213
6216
6216
6217
6218
6218
6219
6219
6220
6221
6221
6221
6222
6223
6223
6225
6226
6228
6228
6230
6231
6235
6235
6236
6236
6237
6238
6240
6241
6242
6244
6245
6250
6250
6250
6251
6251
6251
6251
6252
6253
6255
6256
6257
6257
6258
6259
6259
6262
6262
6265
6265
6266
6267
6267
6269
6270
6271
6273
6274
6276
6277
6278
6278
6279
6280
6280
6281
6281
6281
6284
6284
6284
6285
6285
6286
6287
6287
6288
6289
6289
6289
6290
6292
6292
6292
6292
6293
6293
6294
6294
6294
6295
6295
6297
6297
6297
6298
6298
6299
6300
6301
6301
6301
6302
6304
6306
6307
6307
6308
6311
6312
6312
6312
6313
6314
6315
6315
6316
6316
6317
6317
6317
6318
6318
6319
6320
6321
6323
6323
6328
6329
6331
6334
6336
6336
6337
6338
6338
6339
6339
6341
6343
6345
6346
6346
6347
6348
6348
6348
6349
6350
6351
6352
6352
6353
6354
6355
6357
6365
6365
6366
6367
6368
6368
6368
6369
6369
6370
6370
6371
6371
6371
6372
6372
6374
6374
6374
6374
6375
6376
6376
6377
6380
6380
6380
6380
6382
6383
6383
6384
6386
6386
6386
6387
6388
6388
6389
6389
6389
6389
6390
6390
6391
6391
6392
6395
6395
6397
6398
6400
6401
6403
6403
6403
6404
6404
6405
6409
6410
6411
6411
6418
6418
6419
6420
6420
6420
6421
6421
6422
6422
6422
6424
6424
6426
6427
6427
6428
6428
6429
6429
6431
6434
6436
6436
6440
6440
6440
6442
6442
6442
6443
6443
6444
6444
6445
6448
6451
6451
6453
6454
6455
6456
6456
6457
6458
6458
6459
6461
6461
6461
6462
6462
6462
6462
6463
6464
6464
6464
6465
6466
6466
6466
6467
6468
6468
6468
6468
6470
6471
6472
6473
6473
6474
6474
6474
6476
6476
6476
6478
6478
6479
6480
6483
6483
6485
6485
6488
6488
6488
6489
6490
6494
6495
6496
6497
6497
6498
6499
6499
6500
6500
6501
6502
6502
6503
6503
6503
6504
6504
6504
6505
6505
6506
6508
6509
6509
6511
6511
6514
6516
6517
6517
6518
6518
6519
6520
6520
6521
6521
6523
6524
6526
6528
6528
6528
6529
6531
6534
6535
6536
6538
6538
6540
6540
6540
6541
6546
6546
6546
6547
6547
6549
6550
6550
6551
6552
6554
6555
6556
6557
6557
6559
6560
6560
6562
6567
6568
6568
6568
6569
6571
6572
6573
6573
6576
6577
6577
6578
6579
6580
6581
6581
6581
6583
6584
6584
6584
6584
6586
6587
6588
6589
6589
6593
6593
6597
6597
6598
6599
6599
6599
6600
6601
6603
6603
6604
6605
6606
6606
6608
6609
6611
6611
6611
6612
6613
6613
6614
6615
6616
6620
6622
6623
6624
6627
6629
6630
6630
6633
6634
6634
6635
6635
6636
6639
6641
6642
6643
6643
6643
6645
6646
6646
6647
6648
6649
6649
6649
6649
6649
6652
6652
6653
6657
6658
6660
6661
6662
6662
6663
6669
6672
6672
6674
6674
6674
6676
6678
6680
6680
6680
6685
6686
6687
6692
6695
6698
6701
6704
6705
6706
6706
6706
6707
6707
6709
6710
6711
6712
6714
6715
6715
6718
6718
6719
6720
6720
6721
6721
6722
6723
6723
6724
6724
6724
6726
6727
6727
6727
6728
6729
6731
6733
6733
6735
6736
6736
6738
6739
6740
6740
6741
6741
6742
6743
6743
6744
6746
6746
6747
6748
6751
6752
6753
6755
6756
6757
6758
6760
6761
6761
6763
6765
6765
6766
6768
6768
6769
6770
6771
6772
6772
6773
6773
6774
6775
6776
6777
6777
6777
6778
6778
6778
6779
6779
6781
6782
6782
6783
6784
6786
6787
6787
6788
6789
6791
6793
6794
6795
6796
6797
6797
6797
6798
6798
6799
6799
6799
6801
6802
6803
6804
6804
6804
6807
6807
6811
6811
6812
6815
6815
6815
6819
6821
6821
6822
6823
6824
6824
6824
6825
6825
6826
6827
6828
6830
6830
6833
6834
6834
6835
6836
6836
6838
6838
6839
6839
6840
6841
6841
6841
6841
6842
6843
6844
6845
6845
6846
6847
6848
6848
6848
6849
6850
6852
6852
6852
6853
6854
6855
6856
6857
6859
6859
6860
6862
6863
6864
6865
6868
6869
6869
6869
6870
6871
6871
6872
6873
6874
6875
6877
6878
6879
6879
6881
6882
6884
6885
6886
6886
6887
6888
6889
6889
6890
6891
6892
6894
6894
6895
6895
6896
6896
6898
6898
6899
6899
6901
6901
6902
6903
6903
6904
6906
6908
6909
6909
6910
6911
6912
6912
6913
6917
6917
6917
6918
6918
6919
6919
6922
6924
6925
6926
6927
6928
6928
6928
6929
6929
6929
6930
6931
6932
6932
6932
6936
6936
6936
6936
6939
6941
6941
6942
6943
6948
6948
6949
6949
6949
6949
6951
6952
6954
6955
6956
6956
6956
6956
6958
6959
6959
6960
6961
6962
6962
6965
6967
6967
6969
6969
6971
6975
6975
6976
6978
6981
6982
6982
6982
6983
6983
6984
6984
6984
6986
6986
6986
6986
6987
6989
6989
6990
6991
6992
6992
6993
6994
6995
6996
6997
6997
6998
6998
6999
6999
7001
7002
7004
7005
7005
7006
7006
7007
7007
7008
7008
7011
7012
7013
7015
7015
7016
7017
7018
7018
7019
7020
7020
7021
7022
7023
7024
7026
7027
7028
7029
7030
7030
7030
7030
7030
7032
7032
7036
7040
7040
7043
7043
7043
7043
7044
7044
7045
7047
7049
7051
7054
7056
7057
7057
7058
7058
7058
7061
7061
7061
7061
7063
7063
7064
7067
7067
7072
7072
7072
7072
7074
7077
7077
7078
7078
7078
7080
7080
7083
7083
7084
7084
7086
7087
7087
7090
7090
7093
7093
7093
7094
7095
7096
7096
7097
7097
7099
7100
7100
7103
7103
7106
7106
7106
7107
7107
7109
7109
7109
7110
7111
7111
7112
7114
7115
7116
7116
7116
7118
7118
7119
7120
7122
7124
7125
7125
7127
7130
7131
7131
7131
7132
7132
7133
7133
7133
7133
7133
7134
7135
7138
7139
7140
7142
7142
7143
7146
7147
7147
7148
7148
7149
7149
7150
7150
7150
7151
7152
7152
7154
7156
7157
7158
7158
7159
7159
7160
7161
7163
7165
7165
7165
7166
7167
7168
7171
7171
7172
7173
7174
7174
7175
7175
7175
7176
7177
7178
7178
7178
7179
7183
7183
7185
7188
7188
7188
7189
7189
7189
7190
7191
7191
7196
7197
7197
7198
7201
7204
7206
7207
7207
7207
7209
7210
7210
7212
7213
7213
7214
7214
7214
7215
7215
7215
7216
7217
7217
7218
7219
7219
7219
7220
7220
7220
7221
7222
7222
7223
7225
7226
7226
7227
7228
7229
7230
7230
7231
7233
7233
7235
7238
7241
7245
7245
7245
7248
7249
7249
7249
7250
7250
7250
7250
7251
7251
7252
7253
7253
7254
7254
7255
7255
7255
7256
7256
7258
7258
7258
7261
7261
7262
7262
7263
7267
7269
7270
7270
7271
7272
7273
7274
7274
7275
7277
7279
7282
7282
7283
7283
7283
7283
7284
7288
7289
7291
7291
7292
7292
7294
7294
7299
7301
7301
7302
7302
7304
7305
7305
7306
7306
7307
7307
7308
7308
7308
7310
7311
7312
7313
7313
7317
7317
7320
7322
7322
7323
7324
7325
7326
7327
7328
7328
7329
7332
7332
7333
7333
7334
7334
7335
7336
7337
7338
7339
7344
7345
7345
7346
7346
7347
7348
7350
7351
7352
7352
7353
7354
7355
7357
7358
7361
7361
7361
7362
7362
7363
7364
7364
7366
7366
7368
7371
7374
7374
7375
7379
7379
7383
7383
7385
7385
7385
7386
7386
7386
7387
7388
7388
7389
7389
7390
7390
7392
7392
7393
7397
7398
7398
7400
7404
7405
7405
7406
7406
7407
7409
7409
7412
7412
7413
7415
7417
7417
7417
7418
7419
7419
7421
7422
7423
7424
7424
7425
7427
7427
7428
7428
7429
7429
7431
7431
7432
7433
7433
7433
7434
7435
7437
7437
7438
7439
7440
7443
7445
7445
7445
7446
7447
7449
7454
7457
7458
7460
7460
7461
7461
7462
7463
7463
7463
7464
7464
7465
7468
7469
7469
7469
7471
7472
7473
7474
7474
7478
7479
7480
7481
7485
7486
7486
7486
7489
7489
7489
7490
7490
7492
7492
7494
7495
7495
7495
7495
7497
7497
7498
7498
7500
7500
7501
7501
7501
7502
7502
7503
7506
7506
7506
7506
7506
7506
7507
7507
7507
7511
7512
7513
7514
7514
7515
7517
7517
7518
7521
7522
7522
7524
7525
7527
7528
7529
7530
7532
7534
7535
7535
7536
7536
7536
7537
7539
7539
7540
7542
7544
7545
7545
7547
7547
7547
7547
7547
7547
7548
7548
7549
7549
7549
7550
7550
7555
7555
7556
7558
7558
7559
7560
7561
7562
7562
7563
7565
7565
7567
7568
7569
7569
7570
7571
7572
7574
7574
7574
7576
7578
7580
7581
7582
7582
7582
7583
7587
7587
7587
7589
7589
7590
7590
7590
7591
7592
7593
7593
7596
7599
7599
7602
7603
7603
7603
7605
7608
7611
7615
7616
7617
7618
7618
7618
7620
7623
7623
7626
7626
7627
7627
7629
7629
7632
7633
7635
7635
7635
7636
7637
7639
7639
7640
7641
7641
7642
7642
7644
7644
7644
7646
7646
7646
7647
7647
7647
7648
7648
7648
7649
7649
7650
7651
7651
7653
7654
7654
7654
7655
7655
7661
7663
7663
7663
7663
7663
7665
7665
7667
7669
7669
7669
7670
7671
7673
7673
7674
7674
7675
7675
7678
7678
7680
7682
7682
7682
7682
7683
7683
7684
7685
7686
7686
7688
7689
7689
7689
7689
7692
7693
7693
7694
7694
7694
7694
7695
7695
7695
7696
7698
7699
7699
7701
7701
7702
7704
7705
7705
7709
7710
7711
7713
7714
7715
7721
7725
7726
7728
7730
7732
7733
7734
7735
7735
7736
7736
7739
7740
7744
7744
7745
7745
7746
7746
7747
7748
7748
7749
7752
7752
7752
7753
7753
7753
7754
7756
7756
7756
7758
7758
7759
7760
7761
7763
7764
7765
7765
7766
7766
7767
7769
7771
7772
7774
7775
7775
7775
7775
7776
7777
7777
7777
7778
7780
7782
7784
7784
7785
7786
7788
7789
7790
7792
7792
7792
7793
7793
7793
7793
7794
7798
7798
7800
7800
7802
7803
7803
7804
7804
7806
7806
7806
7808
7809
7809
7809
7809
7809
7810
7814
7814
7816
7817
7817
7817
7818
7818
7820
7822
7822
7824
7824
7826
7828
7830
7830
7831
7831
7832
7833
7835
7836
7836
7836
7837
7838
7838
7840
7841
7841
7841
7842
7842
7842
7843
7843
7844
7846
7846
7848
7849
7849
7851
7853
7854
7856
7857
7857
7860
7861
7861
7864
7865
7865
7866
7869
7870
7871
7871
7871
7871
7872
7872
7874
7874
7875
7877
7878
7878
7881
7882
7883
7884
7884
7884
7884
7886
7892
7893
7893
7894
7895
7896
7897
7898
7899
7899
7900
7902
7903
7904
7904
7905
7905
7905
7907
7909
7910
7911
7912
7913
7913
7913
7913
7914
7915
7916
7917
7917
7917
7918
7918
7918
7919
7922
7922
7923
7927
7928
7928
7930
7930
7931
7932
7933
7934
7934
7935
7935
7938
7939
7939
7940
7940
7940
7942
7943
7945
7946
7946
7947
7947
7949
7949
7950
7951
7951
7952
7952
7952
7955
7956
7956
7956
7956
7956
7957
7957
7958
7958
7958
7959
7959
7959
7960
7963
7964
7965
7966
7966
7966
7966
7967
7968
7968
7968
7969
7972
7972
7975
7975
7976
7976
7977
7979
7979
7979
7981
7982
7982
7985
7985
7988
7988
7989
7989
7989
7991
7992
7993
7995
7996
7996
7997
7999
8004
8007
8007
8007
8007
8008
8008
8009
8009
8010
8011
8012
8012
8013
8016
8017
8017
8018
8019
8020
8022
8023
8025
8025
8026
8027
8027
8029
8030
8032
8034
8035
8035
8036
8036
8039
8039
8039
8040
8041
8042
8044
8048
8049
8050
8051
8051
8053
8053
8054
8058
8059
8061
8061
8062
8063
8063
8064
8064
8064
8064
8064
8067
8067
8069
8069
8070
8070
8071
8074
8075
8077
8077
8079
8080
8080
8081
8083
8084
8084
8086
8087
8087
8088
8089
8093
8094
8097
8098
8099
8099
8102
8102
8104
8104
8105
8107
8107
8108
8110
8114
8114
8114
8115
8119
8119
8122
8124
8126
8126
8128
8133
8134
8135
8136
8136
8136
8136
8136
8137
8137
8137
8138
8138
8138
8138
8139
8143
8143
8143
8147
8148
8149
8150
8150
8151
8151
8151
8152
8153
8154
8156
8160
8160
8161
8162
8162
8164
8164
8166
8170
8173
8173
8174
8175
8176
8179
8179
8181
8182
8182
8182
8183
8183
8184
8184
8185
8188
8191
8191
8192
8194
8195
8197
8197
8200
8201
8202
8202
8204
8204
8205
8207
8209
8210
8210
8210
8211
8211
8211
8216
8218
8219
8220
8221
8224
8224
8225
8225
8225
8226
8226
8226
8228
8228
8230
8230
8230
8232
8233
8234
8234
8234
8235
8236
8238
8242
8242
8243
8243
8244
8245
8245
8246
8247
8247
8247
8249
8250
8250
8251
8251
8251
8252
8252
8253
8255
8255
8257
8257
8258
8258
8260
8260
8262
8263
8264
8266
8266
8266
8266
8266
8267
8268
8268
8273
8273
8274
8275
8277
8279
8280
8283
8283
8284
8286
8288
8288
8290
8290
8293
8294
8296
8298
8298
8299
8299
8300
8301
8301
8301
8301
8304
8304
8304
8305
8306
8308
8309
8309
8309
8312
8312
8314
8314
8315
8315
8315
8315
8316
8316
8316
8318
8319
8319
8320
8320
8320
8320
8320
8320
8322
8324
8325
8326
8327
8328
8332
8333
8337
8338
8341
8341
8344
8345
8348
8350
8350
8350
8352
8353
8356
8356
8356
8356
8358
8359
8362
8364
8365
8366
8366
8367
8367
8367
8368
8368
8369
8373
8376
8377
8377
8378
8379
8379
8380
8380
8380
8380
8381
8382
8384
8386
8386
8387
8388
8390
8391
8392
8393
8395
8396
8396
8397
8397
8400
8400
8401
8405
8407
8409
8409
8410
8412
8413
8415
8415
8415
8415
8418
8418
8419
8419
8422
8423
8423
8424
8424
8425
8425
8425
8427
8428
8428
8429
8433
8434
8438
8438
8439
8440
8441
8442
8442
8443
8443
8445
8446
8447
8447
8447
8448
8448
8450
8450
8451
8452
8453
8453
8455
8457
8458
8458
8459
8459
8459
8462
8463
8464
8465
8466
8466
8467
8469
8470
8471
8472
8472
8473
8473
8473
8475
8476
8476
8476
8477
8479
8482
8482
8483
8483
8485
8485
8486
8487
8487
8487
8493
8495
8496
8497
8498
8499
8501
8501
8501
8504
8504
8505
8505
8507
8508
8509
8509
8512
8512
8512
8513
8514
8517
8517
8518
8518
8518
8520
8520
8520
8526
8526
8528
8532
8533
8533
8534
8536
8537
8538
8538
8539
8540
8541
8541
8544
8544
8545
8547
8548
8554
8555
8555
8556
8557
8561
8561
8562
8562
8565
8565
8565
8567
8567
8568
8568
8568
8569
8569
8569
8570
8571
8572
8573
8573
8573
8574
8574
8576
8576
8576
8576
8576
8577
8579
8579
8579
8580
8582
8583
8584
8586
8586
8587
8588
8589
8591
8591
8592
8593
8596
8598
8599
8599
8601
8602
8602
8603
8604
8605
8606
8610
8610
8610
8612
8612
8613
8613
8613
8616
8617
8619
8620
8621
8621
8622
8623
8623
8623
8623
8623
8624
8625
8627
8630
8631
8632
8632
8633
8633
8633
8635
8637
8637
8640
8640
8640
8641
8642
8642
8642
8645
8645
8648
8648
8650
8651
8651
8657
8660
8661
8663
8664
8664
8665
8666
8667
8671
8671
8672
8673
8673
8678
8679
8679
8680
8681
8683
8683
8683
8693
8693
8694
8694
8695
8695
8695
8697
8698
8698
8700
8701
8701
8706
8708
8711
8711
8712
8712
8713
8713
8713
8715
8715
8716
8717
8717
8717
8718
8718
8720
8721
8721
8722
8723
8724
8724
8725
8726
8726
8727
8727
8730
8731
8732
8733
8733
8733
8734
8736
8739
8740
8741
8742
8743
8744
8745
8745
8745
8747
8747
8747
8747
8749
8749
8750
8751
8752
8753
8754
8756
8757
8761
8763
8764
8764
8765
8765
8765
8766
8767
8768
8771
8772
8772
8772
8773
8774
8774
8775
8776
8776
8777
8778
8778
8778
8780
8781
8782
8782
8783
8785
8785
8785
8786
8787
8787
8788
8790
8790
8791
8792
8792
8792
8795
8797
8797
8799
8799
8799
8800
8800
8801
8802
8802
8803
8804
8804
8807
8811
8814
8815
8815
8815
8815
8819
8822
8823
8825
8825
8826
8827
8827
8830
8832
8833
8833
8833
8834
8834
8834
8834
8834
8835
8836
8840
8841
8842
8843
8844
8844
8846
8846
8846
8847
8850
8850
8850
8850
8850
8851
8851
8852
8853
8853
8856
8857
8860
8861
8861
8862
8862
8864
8865
8867
8868
8868
8869
8869
8870
8871
8872
8873
8873
8875
8879
8881
8882
8882
8883
8883
8883
8884
8887
8887
8889
8889
8890
8893
8893
8894
8894
8895
8895
8895
8899
8899
8900
8900
8901
8903
8904
8904
8904
8907
8909
8911
8913
8913
8917
8918
8919
8920
8920
8921
8922
8923
8925
8925
8930
8932
8934
8934
8935
8936
8936
8936
8937
8937
8938
8938
8941
8942
8943
8944
8944
8944
8945
8945
8946
8948
8949
8950
8951
8953
8955
8956
8957
8959
8960
8960
8961
8962
8962
8962
8963
8963
8964
8964
8966
8967
8971
8971
8972
8973
8977
8978
8978
8980
8980
8982
8985
8986
8990
8991
8991
8991
8992
8993
8994
8994
8995
8995
8995
8996
8998
8999
9000
9000
9002
9002
9002
9005
9007
9008
9008
9009
9011
9011
9011
9011
9013
9014
9015
9015
9015
9016
9016
9018
9018
9020
9021
9021
9022
9023
9023
9024
9026
9027
9028
9028
9029
9031
9033
9033
9033
9033
9034
9034
9035
9037
9038
9038
9038
9038
9040
9044
9046
9046
9046
9049
9051
9052
9054
9056
9057
9058
9059
9062
9062
9062
9063
9065
9068
9068
9068
9069
9071
9072
9073
9076
9078
9078
9080
9083
9084
9084
9085
9086
9087
9089
9090
9092
9094
9095
9096
9096
9096
9096
9098
9098
9100
9100
9101
9101
9102
9102
9103
9106
9106
9107
9107
9108
9108
9109
9110
9110
9111
9112
9112
9113
9113
9113
9113
9116
9116
9117
9122
9122
9124
9124
9125
9125
9128
9129
9131
9132
9133
9136
9136
9141
9143
9143
9143
9144
9145
9145
9145
9146
9146
9151
9152
9152
9153
9153
9154
9155
9156
9157
9157
9158
9160
9161
9162
9162
9163
9165
9165
9166
9169
9170
9171
9171
9171
9171
9172
9172
9172
9173
9175
9177
9179
9180
9183
9186
9186
9188
9188
9188
9188
9190
9193
9193
9193
9196
9198
9199
9199
9200
9200
9200
9200
9203
9204
9204
9204
9206
9207
9207
9208
9208
9211
9211
9212
9212
9213
9214
9215
9215
9215
9217
9218
9220
9221
9222
9223
9223
9224
9225
9225
9227
9228
9228
9228
9228
9228
9230
9231
9233
9233
9234
9234
9235
9236
9236
9239
9239
9240
9240
9240
9240
9241
9242
9242
9243
9243
9243
9244
9244
9245
9245
9247
9249
9250
9250
9251
9251
9251
9252
9253
9253
9254
9258
9258
9258
9263
9264
9267
9268
9271
9273
9273
9274
9276
9277
9278
9279
9280
9282
9282
9284
9284
9284
9287
9291
9294
9295
9296
9297
9299
9300
9301
9301
9303
9305
9306
9309
9310
9310
9310
9312
9313
9313
9313
9314
9316
9317
9318
9318
9319
9320
9321
9323
9323
9323
9325
9325
9327
9327
9327
9328
9328
9328
9329
9330
9330
9331
9333
9334
9334
9336
9337
9337
9340
9346
9348
9349
9350
9350
9352
9352
9356
9357
9358
9358
9360
9360
9361
9365
9368
9369
9370
9371
9372
9372
9373
9373
9375
9377
9378
9378
9380
9381
9388
9391
9391
9392
9393
9393
9394
9396
9396
9397
9397
9397
9398
9399
9400
9400
9401
9401
9401
9402
9403
9404
9404
9405
9405
9407
9407
9408
9408
9408
9409
9409
9410
9411
9411
9412
9413
9414
9415
9416
9419
9419
9419
9420
9421
9422
9426
9427
9427
9428
9429
9430
9431
9431
9431
9432
9432
9433
9433
9433
9435
9435
9435
9435
9436
9438
9438
9439
9440
9440
9440
9440
9441
9441
9441
9443
9443
9444
9446
9447
9448
9449
9451
9453
9454
9454
9454
9455
9455
9455
9455
9455
9455
9456
9458
9458
9459
9460
9462
9462
9463
9469
9470
9470
9470
9471
9471
9474
9476
9477
9478
9479
9479
9479
9480
9483
9484
9486
9487
9488
9491
9491
9492
9493
9494
9495
9495
9496
9497
9497
9498
9500
9502
9503
9503
9504
9505
9505
9507
9508
9508
9509
9510
9510
9510
9512
9514
9515
9516
9516
9516
9518
9518
9519
9520
9522
9524
9525
9525
9526
9529
9530
9530
9532
9534
9541
9542
9542
9543
9543
9545
9545
9546
9547
9549
9550
9551
9553
9553
9553
9554
9556
9560
9561
9565
9567
9567
9567
9567
9568
9568
9569
9569
9572
9572
9573
9573
9574
9576
9577
9578
9578
9579
9579
9580
9582
9585
9585
9589
9589
9590
9591
9591
9592
9592
9597
9597
9600
9600
9601
9604
9604
9605
9605
9605
9606
9608
9610
9611
9612
9613
9614
9617
9618
9618
9618
9618
9622
9624
9624
9625
9626
9626
9627
9628
9629
9631
9633
9633
9634
9634
9638
9640
9641
9641
9643
9643
9644
9645
9646
9646
9647
9647
9647
9650
9652
9657
9658
9659
9659
9664
9665
9667
9667
9667
9667
9668
9670
9671
9672
9672
9673
9673
9674
9674
9674
9675
9675
9675
9676
9677
9678
9679
9679
9681
9683
9684
9685
9688
9689
9689
9690
9690
9692
9693
9694
9695
9695
9695
9695
9696
9697
9697
9699
9699
9703
9703
9705
9707
9707
9708
9710
9711
9712
9712
9714
9715
9715
9716
9718
9720
9720
9721
9723
9724
9725
9726
9729
9730
9730
9732
9732
9733
9733
9733
9734
9735
9735
9735
9735
9735
9737
9741
9741
9742
9742
9743
9743
9748
9748
9748
9749
9750
9750
9751
9751
9752
9752
9752
9753
9753
9753
9754
9755
9756
9757
9758
9760
9762
9762
9763
9763
9764
9764
9765
9767
9768
9768
9768
9768
9769
9770
9770
9770
9770
9771
9774
9775
9775
9776
9780
9781
9782
9785
9786
9787
9787
9790
9791
9791
9792
9793
9793
9794
9795
9796
9797
9798
9799
9799
9799
9801
9801
9803
9806
9808
9809
9809
9810
9811
9811
9813
9820
9821
9822
9826
9827
9830
9831
9831
9835
9836
9836
9837
9838
9839
9839
9843
9844
9845
9845
9846
9848
9848
9849
9849
9852
9852
9853
9853
9853
9854
9857
9857
9859
9859
9860
9861
9862
9862
9864
9866
9868
9868
9872
9872
9873
9873
9873
9874
9876
9876
9876
9877
9877
9878
9878
9878
9878
9879
9879
9881
9881
9883
9885
9888
9890
9890
9891
9895
9899
9900
9900
9901
9905
9905
9905
9906
9906
9907
9910
9910
9911
9912
9912
9913
9915
9917
9917
9920
9920
9921
9922
9923
9923
9923
9923
9924
9924
9925
9928
9929
9930
9932
9932
9933
9937
9937
9937
9939
9940
9941
9941
9941
9942
9943
9944
9945
9945
9946
9947
9949
9949
9950
9950
9951
9952
9953
9953
9954
9955
9956
9958
9959
9960
9961
9961
9962
9962
9964
9964
9964
9965
9965
9966
9969
9970
9974
9974
9975
9976
9981
9982
9983
9983
9984
9984
9985
9985
9986
9987
9987
9988
9988
9989
9989
9989
9989
9989
9989
9990
9990
9992
9994
9995
9997
9997
9997
9998
9998
