0
0
0
1
2
2
3
3
5
7
7
8
8
9
10
10
12
15
15
18
18
20
21
22
23
25
25
26
27
28
29
30
30
32
33
36
39
42
43
44
44
46
50
50
51
51
53
53
53
54
54
56
57
57
60
60
61
64
65
65
66
68
70
71
71
72
73
73
73
74
74
75
76
78
78
79
80
81
84
85
85
86
87
87
88
91
91
92
95
95
96
101
102
103
103
105
105
105
105
106
106
107
107
107
108
109
109
110
111
112
112
115
116
116
117
117
120
121
123
125
126
127
131
132
133
134
134
135
136
137
138
140
142
142
144
144
149
150
151
152
152
153
154
157
158
158
161
161
162
163
164
165
165
169
169
172
172
172
173
175
175
175
176
177
177
178
179
180
181
181
182
182
182
182
183
184
186
186
188
189
190
191
191
193
193
193
194
196
197
197
198
199
199
200
202
202
202
203
204
207
208
209
209
210
210
211
212
212
215
216
218
218
220
221
221
221
224
224
224
225
227
228
228
228
229
234
234
235
235
238
240
241
243
245
247
248
248
250
253
254
256
256
260
261
262
262
263
263
263
264
264
264
264
265
267
269
269
270
270
270
271
271
273
274
275
276
280
280
282
283
284
286
287
287
287
289
293
293
295
295
295
297
297
300
301
303
304
306
306
308
309
310
311
312
312
313
313
314
314
316
317
319
319
320
322
322
323
324
324
325
326
331
331
334
334
335
335
337
339
339
340
341
342
342
344
344
344
344
345
345
346
347
347
347
348
349
349
349
349
352
353
353
354
355
357
362
364
365
366
372
372
373
373
374
376
376
380
382
382
382
383
383
385
385
387
387
388
390
390
392
392
393
398
399
400
401
402
402
402
403
403
403
404
405
409
410
410
411
414
415
415
416
418
418
419
419
419
420
421
421
423
424
424
425
427
427
428
429
431
432
432
438
438
440
441
441
442
443
443
444
445
446
448
450
451
452
452
453
454
456
456
457
458
459
460
461
461
461
462
464
465
466
467
467
471
471
472
473
474
475
475
477
477
481
483
486
486
489
491
491
494
495
496
497
498
500
502
503
503
504
504
506
509
509
509
510
512
512
515
515
516
516
516
517
517
517
518
519
523
525
525
526
526
527
527
527
527
529
531
532
533
533
534
534
535
535
536
539
539
540
543
545
546
547
548
549
549
551
552
553
553
553
557
558
560
560
561
562
564
564
564
564
568
569
570
570
572
574
575
576
578
579
580
580
581
582
585
585
588
590
594
596
596
597
597
597
599
600
600
602
603
605
605
605
606
606
607
608
608
609
609
609
611
611
613
615
618
619
620
620
623
624
624
624
625
625
626
626
626
627
628
628
628
629
632
633
634
635
637
637
637
638
639
639
639
642
642
643
643
643
644
644
644
644
646
647
648
652
653
656
657
658
661
662
664
665
666
668
668
670
670
671
671
672
673
673
673
673
674
674
676
677
677
677
678
679
679
680
681
682
683
686
686
686
686
688
689
690
690
691
691
693
693
694
694
695
696
698
699
699
700
701
702
702
703
704
704
706
706
707
708
708
709
709
709
711
713
715
717
718
720
721
721
723
724
727
727
727
728
729
729
732
732
732
733
735
740
740
740
743
743
744
745
745
746
747
747
749
752
752
753
753
756
756
757
757
759
761
761
762
762
763
764
764
764
765
766
768
772
772
773
774
774
776
777
777
781
781
783
784
785
785
786
789
790
791
793
793
794
794
794
795
795
796
796
798
798
801
802
802
804
804
805
806
807
807
807
808
808
809
812
813
814
815
816
816
818
819
822
822
822
823
824
825
826
827
828
829
830
831
832
833
839
847
847
848
852
853
854
857
857
857
857
859
861
861
864
864
866
866
867
869
869
870
870
871
871
873
874
874
875
875
875
876
877
880
881
881
885
886
887
887
887
889
889
890
890
893
893
894
896
897
898
899
899
900
900
900
900
901
902
903
904
904
905
907
909
910
911
911
911
913
914
915
916
917
917
920
922
923
923
923
924
925
927
928
929
929
931
931
931
932
933
934
936
936
939
939
940
943
945
945
947
947
948
948
948
952
952
953
953
954
954
954
955
956
957
957
959
960
961
962
963
963
963
964
966
966
966
967
968
969
969
969
970
970
975
975
977
977
978
979
979
980
981
982
984
984
988
989
990
990
991
992
993
994
995
995
995
995
996
997
999
1001
1001
1002
1002
1004
1005
1006
1008
1008
1008
1013
1013
1014
1014
1015
1016
1016
1017
1018
1018
1019
1023
1023
1025
1027
1027
1027
1029
1029
1029
1030
1030
1030
1031
1031
1032
1032
1034
1036
1036
1038
1038
1038
1039
1039
1041
1042
1043
1044
1044
1044
1045
1045
1046
1047
1049
1050
1051
1052
1053
1054
1055
1055
1056
1059
1059
1060
1060
1062
1063
1064
1064
1065
1065
1065
1065
1065
1065
1066
1067
1068
1070
1071
1072
1077
1077
1077
1078
1079
1080
1080
1081
1082
1083
1083
1084
1086
1086
1086
1087
1088
1089
1089
1092
1094
1095
1098
1099
1099
1099
1099
1100
1101
1101
1102
1102
1103
1103
1103
1104
1105
1105
1106
1106
1107
1107
1108
1110
1110
1111
1117
1120
1121
1121
1121
1122
1122
1124
1125
1126
1127
1128
1129
1132
1132
1133
1135
1136
1136
1136
1138
1140
1140
1140
1141
1142
1144
1146
1147
1148
1149
1150
1150
1151
1152
1152
1154
1154
1154
1155
1155
1155
1157
1157
1157
1158
1158
1159
1159
1161
1161
1161
1162
1163
1164
1164
1165
1169
1169
1169
1170
1170
1171
1172
1172
1172
1175
1175
1176
1176
1177
1177
1178
1178
1179
1180
1180
1180
1180
1181
1182
1183
1184
1184
1185
1185
1186
1188
1198
1203
1205
1205
1206
1209
1210
1212
1214
1215
1216
1217
1219
1220
1220
1221
1222
1223
1224
1225
1229
1229
1230
1231
1231
1233
1233
1234
1234
1235
1235
1236
1236
1237
1238
1240
1240
1241
1244
1245
1247
1247
1248
1250
1250
1251
1252
1252
1255
1256
1257
1258
1258
1258
1259
1261
1263
1263
1263
1267
1267
1267
1268
1269
1270
1271
1272
1272
1273
1274
1274
1276
1278
1279
1279
1281
1282
1283
1284
1284
1284
1288
1289
1290
1290
1290
1291
1292
1292
1292
1295
1297
1297
1297
1297
1297
1300
1301
1302
1302
1303
1305
1305
1305
1305
1305
1306
1307
1308
1310
1310
1313
1315
1315
1316
1317
1317
1317
1317
1317
1318
1318
1318
1319
1319
1324
1325
1326
1327
1328
1329
1329
1332
1332
1333
1335
1336
1337
1339
1340
1341
1341
1342
1342
1343
1345
1345
1346
1348
1350
1351
1352
1354
1354
1355
1356
1357
1357
1357
1358
1358
1360
1361
1363
1364
1365
1366
1366
1367
1368
1369
1369
1370
1371
1372
1373
1373
1374
1376
1376
1377
1379
1381
1382
1383
1384
1389
1389
1391
1392
1393
1394
1397
1399
1400
1403
1403
1403
1408
1408
1409
1410
1410
1410
1411
1412
1414
1416
1417
1419
1419
1419
1424
1424
1425
1426
1426
1426
1427
1428
1428
1429
1430
1430
1430
1431
1432
1432
1432
1433
1436
1437
1440
1441
1441
1441
1442
1442
1443
1445
1445
1446
1447
1447
1450
1451
1451
1452
1453
1453
1453
1455
1455
1456
1459
1459
1459
1460
1461
1461
1463
1464
1465
1467
1467
1469
1470
1471
1472
1475
1476
1479
1481
1481
1482
1483
1483
1486
1486
1488
1490
1490
1491
1492
1493
1493
1494
1495
1496
1499
1500
1501
1502
1503
1503
1503
1505
1506
1507
1507
1508
1509
1510
1513
1515
1516
1516
1521
1522
1524
1525
1526
1530
1531
1531
1531
1533
1533
1533
1534
1534
1535
1535
1536
1536
1536
1537
1538
1538
1538
1539
1540
1540
1542
1543
1544
1545
1548
1549
1549
1553
1554
1554
1555
1556
1556
1556
1557
1559
1559
1560
1561
1564
1566
1566
1567
1567
1568
1569
1570
1571
1571
1573
1576
1576
1576
1578
1580
1582
1583
1585
1587
1587
1587
1587
1590
1592
1593
1594
1594
1594
1595
1596
1596
1596
1597
1598
1599
1601
1601
1602
1603
1603
1605
1606
1607
1608
1610
1610
1611
1613
1613
1614
1618
1619
1619
1621
1621
1621
1622
1622
1623
1623
1624
1626
1627
1627
1627
1628
1628
1628
1632
1632
1632
1633
1635
1635
1637
1637
1637
1637
1638
1638
1638
1639
1640
1641
1641
1642
1642
1642
1643
1644
1647
1647
1649
1650
1651
1651
1651
1651
1651
1652
1653
1655
1656
1657
1657
1658
1660
1661
1661
1662
1662
1664
1664
1665
1665
1666
1667
1668
1671
1672
1672
1673
1677
1677
1677
1677
1678
1678
1678
1681
1681
1682
1682
1682
1683
1684
1685
1686
1686
1687
1688
1688
1689
1692
1692
1693
1694
1695
1696
1698
1699
1699
1699
1699
1700
1702
1702
1703
1703
1707
1708
1709
1710
1713
1714
1714
1714
1715
1720
1724
1725
1726
1726
1726
1726
1727
1728
1728
1728
1729
1729
1730
1731
1731
1732
1732
1733
1734
1735
1735
1735
1736
1736
1737
1738
1738
1739
1739
1741
1741
1741
1742
1742
1742
1744
1745
1745
1745
1747
1750
1750
1750
1753
1753
1754
1755
1756
1757
1758
1758
1759
1759
1759
1760
1760
1763
1764
1764
1764
1766
1768
1770
1770
1771
1772
1773
1774
1776
1776
1777
1778
1779
1780
1780
1781
1783
1783
1783
1784
1784
1785
1786
1787
1787
1788
1788
1788
1789
1789
1790
1791
1794
1795
1796
1797
1797
1797
1799
1801
1801
1802
1805
1805
1807
1808
1809
1812
1812
1812
1813
1814
1816
1818
1818
1818
1819
1819
1821
1822
1822
1823
1824
1824
1825
1827
1827
1829
1831
1833
1834
1834
1835
1837
1838
1838
1841
1842
1843
1843
1845
1846
1847
1848
1849
1849
1850
1852
1852
1854
1855
1856
1857
1857
1859
1859
1862
1863
1864
1866
1869
1870
1871
1871
1871
1873
1875
1875
1875
1877
1877
1877
1880
1881
1882
1883
1883
1884
1886
1886
1886
1888
1889
1890
1892
1892
1893
1893
1895
1898
1899
1899
1902
1902
1903
1904
1905
1908
1909
1909
1911
1911
1911
1911
1911
1912
1914
1914
1915
1916
1917
1917
1918
1919
1920
1922
1922
1922
1922
1923
1923
1924
1924
1926
1926
1927
1929
1929
1932
1932
1933
1933
1934
1934
1935
1936
1936
1938
1938
1938
1940
1940
1941
1941
1941
1942
1943
1944
1944
1945
1945
1945
1945
1948
1948
1948
1949
1953
1953
1953
1954
1955
1956
1956
1959
1960
1964
1964
1965
1967
1971
1972
1972
1973
1973
1973
1974
1976
1977
1979
1979
1980
1981
1981
1984
1986
1986
1988
1988
1989
1992
1992
1993
1994
1994
1995
1995
1996
1998
1998
1998
1998
2000
2002
2004
2005
2006
2008
2010
2014
2014
2014
2015
2018
2018
2018
2022
2023
2027
2027
2028
2028
2028
2029
2032
2038
2038
2040
2041
2041
2045
2046
2048
2048
2050
2053
2053
2054
2056
2056
2057
2058
2059
2062
2063
2063
2063
2066
2067
2067
2069
2069
2070
2071
2071
2072
2075
2075
2078
2081
2085
2086
2086
2086
2086
2087
2088
2089
2091
2092
2092
2092
2093
2093
2095
2098
2100
2100
2102
2103
2104
2104
2105
2106
2106
2106
2107
2110
2111
2111
2111
2112
2114
2116
2117
2118
2118
2119
2119
2120
2121
2123
2123
2124
2124
2125
2125
2127
2127
2128
2129
2131
2131
2138
2138
2140
2142
2142
2144
2145
2148
2148
2149
2149
2150
2152
2153
2153
2153
2154
2155
2156
2157
2158
2159
2159
2162
2163
2163
2164
2166
2168
2170
2171
2171
2172
2172
2173
2174
2175
2175
2176
2176
2178
2181
2181
2184
2187
2188
2188
2189
2189
2190
2191
2192
2192
2193
2194
2195
2196
2196
2197
2198
2199
2200
2202
2206
2206
2208
2208
2208
2209
2210
2211
2213
2213
2213
2214
2214
2214
2214
2215
2215
2216
2216
2216
2219
2220
2222
2225
2228
2229
2229
2229
2232
2233
2235
2240
2241
2243
2243
2244
2245
2248
2250
2254
2255
2257
2259
2260
2261
2262
2265
2266
2268
2270
2270
2270
2270
2273
2274
2276
2276
2276
2277
2277
2277
2277
2279
2282
2282
2283
2283
2283
2284
2285
2288
2289
2290
2290
2293
2294
2298
2299
2299
2299
2300
2301
2302
2303
2304
2304
2305
2309
2311
2312
2313
2314
2314
2314
2315
2316
2317
2317
2318
2318
2318
2321
2322
2322
2324
2324
2326
2327
2327
2331
2331
2333
2334
2334
2334
2337
2339
2340
2340
2341
2343
2343
2344
2345
2345
2346
2348
2348
2348
2349
2350
2350
2351
2351
2355
2355
2357
2357
2358
2361
2364
2366
2366
2366
2367
2369
2369
2371
2373
2375
2377
2377
2378
2378
2379
2381
2382
2383
2384
2385
2386
2388
2391
2392
2393
2393
2394
2394
2394
2397
2399
2399
2399
2400
2402
2402
2403
2403
2404
2404
2405
2405
2411
2411
2411
2415
2415
2417
2417
2418
2419
2419
2419
2419
2419
2420
2422
2424
2425
2425
2426
2426
2429
2429
2430
2430
2432
2432
2436
2437
2437
2437
2438
2438
2440
2441
2442
2443
2444
2444
2445
2447
2447
2448
2449
2449
2450
2450
2451
2453
2454
2454
2454
2455
2458
2459
2459
2460
2461
2462
2462
2463
2463
2465
2466
2466
2466
2467
2470
2473
2473
2473
2474
2474
2474
2476
2477
2478
2482
2482
2482
2485
2486
2489
2489
2489
2491
2492
2496
2496
2497
2498
2502
2503
2505
2505
2506
2507
2508
2508
2508
2514
2515
2515
2518
2520
2521
2522
2522
2523
2523
2525
2525
2525
2531
2531
2531
2533
2536
2538
2540
2545
2546
2546
2547
2547
2548
2549
2550
2551
2551
2551
2551
2552
2552
2553
2553
2553
2554
2554
2556
2557
2557
2559
2559
2560
2561
2561
2563
2566
2566
2568
2568
2568
2570
2570
2572
2572
2573
2573
2574
2574
2575
2575
2575
2575
2578
2579
2580
2580
2581
2581
2581
2581
2581
2582
2582
2582
2583
2583
2583
2586
2587
2589
2590
2591
2591
2592
2592
2593
2595
2596
2596
2598
2599
2599
2600
2600
2601
2607
2607
2609
2609
2610
2610
2611
2612
2613
2613
2613
2614
2614
2615
2615
2615
2618
2619
2622
2622
2622
2623
2625
2625
2626
2627
2631
2631
2634
2634
2635
2636
2636
2638
2638
2639
2639
2641
2642
2645
2645
2646
2649
2649
2649
2652
2652
2652
2655
2655
2657
2657
2660
2661
2662
2665
2667
2667
2668
2668
2668
2668
2669
2671
2672
2672
2674
2674
2678
2678
2679
2679
2684
2689
2689
2690
2691
2692
2693
2698
2698
2701
2702
2705
2706
2706
2707
2707
2707
2710
2712
2713
2714
2715
2716
2717
2717
2718
2718
2720
2721
2723
2725
2725
2727
2728
2730
2730
2732
2734
2734
2736
2736
2737
2738
2738
2740
2743
2744
2744
2745
2747
2747
2748
2750
2751
2753
2753
2754
2754
2754
2756
2756
2758
2758
2759
2760
2761
2761
2762
2762
2763
2764
2766
2771
2771
2774
2774
2775
2775
2776
2779
2779
2781
2781
2781
2781
2783
2783
2784
2785
2786
2786
2789
2789
2789
2790
2790
2790
2793
2794
2795
2796
2796
2798
2798
2798
2799
2800
2802
2804
2804
2805
2805
2808
2808
2810
2811
2812
2812
2813
2813
2814
2814
2814
2816
2816
2816
2817
2821
2821
2822
2822
2823
2823
2824
2825
2827
2829
2830
2831
2832
2833
2834
2836
2836
2837
2837
2839
2839
2841
2841
2841
2843
2844
2844
2845
2846
2846
2846
2847
2847
2847
2847
2848
2851
2852
2852
2854
2856
2856
2857
2860
2860
2861
2864
2865
2865
2866
2866
2866
2869
2869
2874
2875
2875
2876
2877
2877
2878
2880
2881
2881
2881
2881
2881
2882
2884
2885
2885
2888
2888
2888
2889
2890
2893
2894
2895
2897
2899
2899
2899
2900
2901
2902
2903
2904
2905
2907
2907
2908
2909
2910
2911
2911
2912
2913
2915
2915
2916
2916
2917
2918
2919
2920
2922
2927
2927
2928
2928
2928
2928
2930
2932
2933
2934
2934
2935
2935
2936
2937
2938
2939
2939
2941
2945
2946
2947
2947
2949
2952
2952
2953
2953
2955
2957
2957
2959
2959
2959
2960
2960
2962
2962
2962
2962
2963
2966
2966
2967
2969
2970
2971
2971
2971
2972
2975
2977
2977
2978
2978
2978
2981
2985
2985
2986
2986
2986
2987
2989
2989
2990
2993
2993
2994
2995
2996
2998
2999
2999
2999
2999
3001
3001
3002
3003
3004
3005
3005
3008
3008
3008
3008
3008
3008
3009
3009
3010
3011
3011
3013
3014
3014
3016
3018
3020
3020
3024
3024
3024
3024
3025
3025
3026
3027
3028
3028
3029
3031
3033
3034
3036
3037
3038
3038
3039
3040
3041
3041
3042
3042
3043
3043
3044
3047
3047
3048
3049
3049
3049
3050
3052
3053
3053
3055
3057
3059
3059
3059
3060
3060
3061
3061
3063
3066
3066
3066
3067
3067
3067
3067
3068
3070
3073
3073
3075
3077
3077
3080
3081
3082
3084
3084
3084
3084
3085
3089
3089
3089
3091
3092
3092
3092
3092
3093
3094
3096
3097
3099
3100
3100
3100
3101
3102
3102
3102
3103
3103
3104
3104
3104
3105
3105
3106
3108
3113
3114
3114
3117
3118
3126
3127
3128
3128
3130
3131
3132
3132
3134
3135
3135
3135
3136
3138
3138
3139
3139
3139
3142
3142
3143
3143
3145
3147
3150
3150
3150
3151
3151
3151
3152
3153
3155
3155
3155
3156
3156
3162
3163
3164
3164
3164
3165
3165
3166
3166
3168
3169
3170
3172
3173
3174
3174
3179
3179
3179
3179
3180
3180
3181
3181
3182
3182
3183
3183
3183
3184
3184
3185
3186
3187
3187
3189
3189
3190
3190
3190
3193
3193
3194
3195
3195
3197
3197
3197
3200
3200
3200
3200
3201
3202
3203
3204
3205
3206
3209
3213
3213
3213
3214
3215
3216
3217
3217
3219
3219
3221
3221
3223
3223
3223
3224
3226
3228
3232
3233
3233
3233
3234
3234
3234
3235
3236
3239
3239
3239
3242
3242
3242
3243
3244
3245
3245
3247
3248
3249
3250
3250
3250
3251
3252
3254
3255
3257
3260
3260
3260
3261
3262
3264
3266
3267
3268
3268
3269
3271
3271
3273
3274
3275
3276
3276
3276
3277
3277
3278
3279
3279
3282
3282
3282
3284
3285
3287
3287
3288
3288
3289
3290
3291
3291
3291
3292
3293
3295
3295
3298
3299
3299
3300
3301
3304
3306
3308
3309
3309
3310
3311
3312
3313
3314
3314
3316
3316
3317
3318
3318
3322
3323
3323
3324
3325
3326
3328
3329
3330
3330
3331
3332
3332
3333
3335
3335
3335
3337
3339
3340
3341
3344
3344
3344
3345
3347
3350
3350
3350
3351
3352
3353
3354
3354
3357
3358
3358
3359
3360
3361
3361
3363
3363
3366
3367
3368
3368
3368
3368
3371
3371
3372
3372
3373
3374
3376
3376
3376
3377
3380
3381
3381
3382
3382
3385
3385
3387
3387
3388
3390
3390
3391
3392
3395
3395
3396
3397
3398
3398
3398
3398
3399
3400
3405
3405
3406
3407
3408
3409
3411
3412
3415
3415
3415
3416
3417
3417
3417
3417
3419
3421
3421
3422
3424
3425
3427
3429
3430
3431
3432
3433
3435
3436
3437
3437
3441
3441
3442
3443
3444
3446
3447
3450
3450
3452
3454
3455
3456
3457
3459
3459
3459
3460
3461
3461
3462
3463
3464
3467
3467
3470
3472
3472
3472
3472
3473
3473
3475
3475
3475
3479
3480
3482
3482
3483
3483
3483
3484
3484
3486
3487
3488
3489
3490
3490
3492
3492
3492
3493
3494
3495
3496
3498
3499
3499
3500
3501
3502
3502
3504
3507
3507
3507
3508
3509
3509
3509
3510
3510
3510
3513
3514
3514
3516
3516
3517
3520
3523
3527
3528
3531
3532
3533
3533
3535
3539
3540
3540
3543
3544
3544
3545
3546
3546
3547
3548
3548
3549
3549
3551
3551
3552
3553
3555
3557
3558
3558
3559
3559
3561
3562
3564
3564
3564
3565
3565
3566
3566
3567
3569
3570
3571
3571
3572
3573
3574
3575
3575
3576
3577
3577
3579
3583
3584
3584
3585
3585
3587
3588
3589
3589
3591
3591
3595
3596
3596
3596
3596
3597
3597
3598
3598
3600
3602
3602
3605
3606
3607
3607
3607
3608
3609
3609
3610
3611
3611
3614
3614
3614
3615
3616
3618
3619
3620
3622
3622
3622
3623
3624
3624
3625
3627
3627
3627
3628
3628
3629
3632
3632
3632
3633
3634
3634
3634
3635
3635
3637
3638
3639
3641
3642
3644
3645
3645
3650
3650
3651
3652
3652
3652
3653
3653
3655
3656
3656
3657
3657
3658
3659
3659
3660
3662
3662
3662
3668
3669
3669
3671
3671
3672
3673
3673
3673
3674
3675
3675
3677
3677
3678
3679
3679
3679
3680
3681
3681
3681
3681
3682
3683
3685
3686
3687
3689
3689
3690
3690
3691
3691
3694
3694
3695
3696
3696
3696
3697
3698
3699
3701
3705
3705
3707
3707
3708
3708
3709
3709
3711
3712
3713
3715
3716
3717
3718
3718
3718
3719
3719
3719
3720
3720
3722
3722
3722
3722
3723
3724
3727
3727
3728
3731
3732
3733
3735
3736
3738
3741
3741
3742
3743
3743
3744
3745
3745
3746
3746
3746
3747
3747
3750
3751
3751
3751
3752
3752
3752
3754
3756
3756
3756
3757
3759
3759
3760
3761
3763
3767
3768
3770
3771
3771
3772
3773
3774
3774
3776
3776
3778
3783
3784
3784
3787
3787
3789
3792
3794
3794
3795
3795
3796
3796
3797
3798
3798
3800
3801
3801
3802
3803
3805
3805
3805
3807
3807
3807
3808
3808
3808
3809
3812
3813
3815
3816
3816
3817
3818
3818
3818
3819
3820
3820
3821
3821
3822
3823
3823
3823
3825
3826
3826
3827
3830
3831
3834
3835
3835
3836
3836
3838
3838
3838
3839
3839
3840
3841
3841
3841
3841
3841
3841
3842
3842
3843
3843
3844
3846
3847
3848
3850
3851
3852
3853
3853
3854
3855
3857
3858
3859
3860
3860
3860
3863
3864
3865
3865
3866
3866
3868
3869
3870
3870
3871
3872
3875
3876
3876
3877
3879
3879
3880
3881
3881
3882
3882
3882
3883
3884
3885
3885
3885
3885
3886
3887
3890
3890
3890
3893
3896
3897
3898
3898
3898
3900
3901
3906
3910
3912
3914
3915
3917
3917
3918
3920
3921
3921
3922
3923
3923
3924
3925
3925
3925
3927
3927
3927
3928
3930
3932
3933
3933
3933
3933
3936
3936
3939
3940
3941
3943
3944
3944
3949
3950
3951
3952
3952
3953
3955
3956
3957
3957
3959
3960
3960
3961
3961
3961
3962
3962
3963
3964
3965
3965
3965
3966
3967
3968
3968
3969
3970
3972
3974
3974
3974
3974
3975
3976
3976
3977
3980
3980
3981
3981
3981
3983
3983
3984
3984
3985
3988
3988
3989
3989
3989
3989
3993
3994
3994
3995
3996
3997
3997
3998
4000
4000
4000
4004
4004
4005
4008
4008
4008
4009
4009
4009
4010
4011
4014
4014
4014
4015
4016
4017
4018
4019
4021
4021
4023
4024
4025
4026
4027
4028
4029
4029
4030
4030
4030
4032
4033
4033
4034
4035
4036
4037
4037
4038
4038
4039
4040
4041
4044
4044
4047
4047
4048
4049
4051
4051
4057
4057
4058
4058
4059
4060
4060
4061
4062
4062
4063
4065
4065
4065
4068
4070
4071
4072
4072
4073
4075
4075
4075
4076
4076
4077
4079
4079
4080
4080
4080
4081
4083
4083
4083
4085
4089
4089
4089
4092
4094
4096
4097
4098
4098
4098
4098
4099
4101
4101
4103
4104
4106
4106
4108
4110
4110
4110
4111
4111
4112
4112
4115
4115
4116
4117
4117
4118
4119
4120
4121
4124
4126
4126
4127
4127
4127
4128
4129
4129
4129
4130
4131
4132
4133
4134
4134
4134
4136
4136
4137
4137
4138
4138
4138
4138
4139
4141
4142
4145
4147
4147
4148
4148
4151
4151
4152
4153
4155
4156
4157
4158
4158
4158
4160
4160
4161
4161
4161
4164
4165
4166
4168
4169
4170
4171
4172
4174
4175
4177
4178
4178
4179
4179
4179
4180
4180
4180
4181
4182
4183
4185
4186
4188
4188
4188
4189
4190
4192
4192
4192
4194
4195
4195
4198
4200
4200
4201
4203
4204
4204
4206
4206
4207
4207
4208
4208
4208
4208
4209
4209
4210
4211
4214
4215
4215
4215
4215
4216
4217
4218
4218
4221
4221
4222
4224
4225
4225
4226
4227
4228
4229
4229
4231
4231
4232
4233
4235
4236
4236
4237
4237
4238
4240
4241
4243
4243
4243
4243
4243
4244
4247
4249
4250
4250
4252
4254
4255
4255
4255
4255
4256
4257
4258
4258
4259
4260
4261
4261
4263
4263
4263
4263
4264
4265
4268
4269
4270
4272
4274
4276
4276
4276
4277
4277
4278
4278
4279
4283
4284
4285
4286
4287
4287
4288
4288
4289
4290
4291
4291
4292
4292
4294
4294
4295
4296
4300
4301
4302
4302
4303
4303
4304
4304
4305
4307
4308
4308
4309
4310
4313
4314
4315
4316
4317
4317
4317
4318
4319
4319
4320
4321
4322
4322
4326
4326
4327
4329
4334
4334
4335
4338
4338
4338
4338
4339
4340
4340
4340
4342
4343
4344
4344
4346
4346
4350
4354
4354
4355
4356
4356
4357
4357
4360
4362
4363
4364
4364
4369
4369
4369
4370
4371
4371
4371
4373
4373
4374
4374
4376
4377
4377
4378
4378
4378
4381
4382
4383
4386
4387
4390
4390
4390
4391
4392
4392
4393
4395
4395
4397
4398
4398
4399
4401
4402
4404
4405
4407
4408
4409
4409
4411
4411
4411
4414
4415
4416
4417
4418
4420
4424
4424
4426
4428
4430
4430
4431
4432
4432
4434
4435
4435
4435
4435
4436
4438
4438
4439
4440
4443
4444
4444
4444
4445
4446
4448
4448
4448
4449
4450
4451
4454
4454
4454
4456
4458
4459
4459
4461
4461
4462
4463
4463
4466
4466
4467
4469
4469
4470
4471
4472
4472
4473
4473
4477
4477
4477
4480
4481
4482
4483
4483
4486
4487
4487
4487
4489
4489
4489
4490
4492
4492
4493
4495
4495
4495
4495
4500
4500
4500
4501
4501
4503
4503
4503
4505
4505
4505
4507
4507
4508
4508
4508
4511
4512
4514
4517
4518
4520
4522
4522
4522
4523
4523
4524
4524
4526
4526
4526
4527
4527
4527
4528
4528
4528
4531
4532
4532
4532
4534
4534
4536
4538
4538
4542
4543
4546
4546
4546
4547
4547
4548
4548
4549
4549
4550
4551
4552
4555
4556
4556
4556
4557
4558
4558
4561
4561
4561
4563
4563
4564
4565
4565
4565
4566
4566
4571
4571
4571
4576
4578
4578
4580
4581
4581
4581
4582
4583
4583
4583
4587
4587
4588
4589
4589
4591
4593
4595
4595
4596
4597
4598
4598
4605
4606
4606
4606
4607
4607
4607
4609
4610
4610
4610
4611
4612
4613
4615
4615
4615
4616
4618
4618
4618
4620
4621
4622
4622
4624
4625
4625
4626
4628
4630
4633
4634
4635
4637
4637
4638
4638
4639
4639
4641
4641
4641
4644
4646
4648
4649
4651
4653
4654
4655
4658
4659
4659
4661
4662
4664
4664
4668
4669
4669
4670
4674
4676
4677
4678
4679
4679
4680
4680
4682
4683
4683
4684
4685
4686
4688
4690
4692
4693
4694
4695
4696
4698
4699
4699
4700
4700
4701
4702
4703
4703
4704
4704
4704
4704
4706
4707
4709
4709
4709
4712
4712
4713
4714
4715
4716
4717
4717
4717
4717
4718
4719
4720
4721
4722
4722
4724
4725
4730
4732
4735
4736
4736
4737
4737
4737
4738
4738
4738
4740
4740
4742
4742
4743
4743
4744
4744
4745
4748
4749
4750
4752
4753
4754
4754
4754
4754
4757
4759
4760
4760
4761
4764
4766
4766
4768
4769
4770
4770
4771
4772
4772
4778
4778
4784
4786
4786
4787
4787
4788
4789
4789
4790
4792
4792
4792
4794
4795
4796
4798
4799
4799
4800
4801
4802
4802
4803
4803
4804
4805
4806
4806
4806
4811
4812
4812
4813
4814
4814
4815
4815
4815
4815
4816
4816
4817
4818
4819
4820
4821
4822
4823
4824
4825
4827
4827
4828
4829
4830
4831
4831
4831
4834
4835
4836
4837
4839
4839
4840
4840
4841
4842
4842
4844
4844
4845
4845
4846
4846
4847
4847
4847
4849
4850
4852
4852
4852
4852
4853
4855
4855
4856
4858
4858
4858
4859
4859
4859
4860
4862
4863
4863
4863
4863
4864
4865
4865
4865
4866
4868
4868
4869
4870
4871
4871
4873
4875
4877
4878
4878
4878
4879
4880
4883
4884
4885
4886
4886
4886
4887
4888
4889
4889
4893
4893
4896
4897
4897
4897
4899
4900
4901
4902
4904
4904
4904
4905
4905
4905
4906
4906
4907
4908
4909
4910
4911
4914
4915
4919
4920
4920
4920
4921
4922
4922
4923
4923
4924
4925
4927
4928
4929
4929
4929
4930
4931
4932
4932
4932
4932
4932
4933
4933
4933
4933
4934
4935
4935
4937
4937
4938
4939
4940
4941
4943
4944
4945
4945
4946
4948
4949
4949
4950
4950
4951
4952
4952
4953
4953
4954
4955
4955
4956
4957
4957
4959
4960
4960
4960
4960
4962
4963
4963
4963
4964
4965
4965
4965
4966
4967
4967
4968
4970
4971
4972
4972
4973
4973
4974
4974
4974
4974
4976
4976
4980
4981
4984
4985
4986
4986
4987
4987
4988
4988
4988
4991
4991
4992
4993
4995
4996
4998
4998
5000
5001
5004
5004
5006
5008
5008
5008
5010
5012
5013
5014
5014
5017
5019
5019
5020
5022
5022
5022
5023
5023
5025
5026
5028
5029
5030
5031
5033
5034
5038
5039
5039
5040
5041
5042
5043
5047
5047
5049
5050
5050
5052
5052
5053
5056
5056
5057
5057
5058
5059
5060
5061
5061
5063
5064
5064
5064
5067
5069
5071
5072
5072
5075
5075
5075
5076
5076
5078
5078
5079
5079
5082
5082
5082
5083
5085
5085
5085
5086
5088
5088
5088
5088
5089
5089
5090
5092
5092
5092
5092
5092
5093
5095
5095
5095
5096
5097
5098
5099
5099
5101
5102
5106
5108
5111
5111
5116
5117
5117
5118
5118
5119
5120
5121
5121
5121
5122
5124
5125
5125
5129
5130
5130
5130
5131
5131
5132
5132
5133
5136
5136
5136
5138
5138
5138
5139
5140
5142
5142
5142
5142
5142
5143
5144
5146
5146
5146
5147
5149
5150
5151
5152
5152
5153
5153
5154
5155
5155
5156
5157
5157
5158
5161
5161
5162
5163
5164
5165
5168
5168
5168
5168
5168
5169
5170
5170
5171
5172
5172
5172
5172
5174
5178
5179
5180
5180
5181
5181
5182
5182
5186
5187
5187
5189
5189
5189
5190
5192
5192
5193
5193
5194
5194
5195
5195
5196
5197
5200
5200
5202
5202
5202
5204
5206
5206
5207
5207
5208
5208
5209
5211
5213
5214
5216
5217
5217
5217
5219
5220
5221
5224
5224
5226
5227
5228
5228
5229
5231
5232
5233
5233
5233
5234
5234
5234
5235
5235
5235
5235
5236
5237
5239
5239
5240
5241
5241
5242
5242
5243
5244
5247
5248
5252
5253
5254
5255
5255
5256
5258
5260
5261
5264
5267
5267
5268
5268
5268
5268
5269
5269
5270
5271
5271
5275
5276
5276
5277
5277
5277
5277
5278
5278
5278
5278
5279
5280
5280
5280
5283
5284
5285
5285
5286
5286
5287
5288
5288
5289
5293
5294
5297
5297
5298
5298
5300
5300
5301
5301
5305
5307
5308
5311
5313
5314
5315
5316
5316
5318
5318
5320
5320
5322
5322
5323
5325
5325
5328
5329
5331
5331
5331
5334
5335
5336
5338
5339
5340
5341
5345
5346
5346
5346
5348
5348
5349
5351
5351
5353
5353
5353
5354
5355
5357
5357
5359
5361
5361
5362
5366
5367
5367
5367
5367
5367
5368
5368
5370
5371
5371
5374
5374
5374
5375
5376
5378
5378
5378
5380
5380
5381
5383
5384
5384
5384
5386
5387
5388
5390
5390
5391
5394
5397
5397
5399
5399
5400
5400
5401
5402
5405
5407
5410
5410
5410
5412
5413
5414
5416
5419
5420
5420
5420
5423
5423
5425
5426
5426
5428
5428
5430
5431
5433
5433
5434
5434
5434
5435
5437
5438
5439
5439
5440
5441
5442
5443
5444
5447
5450
5452
5454
5454
5455
5455
5455
5456
5457
5457
5459
5459
5459
5459
5460
5461
5461
5462
5463
5464
5464
5464
5465
5466
5467
5467
5469
5469
5473
5473
5473
5474
5476
5476
5477
5478
5479
5480
5480
5480
5481
5482
5482
5485
5485
5487
5488
5489
5489
5490
5491
5492
5493
5493
5493
5493
5494
5500
5500
5502
5503
5503
5504
5505
5505
5505
5505
5506
5506
5507
5509
5511
5511
5512
5512
5513
5514
5515
5517
5517
5518
5520
5520
5522
5522
5523
5523
5523
5523
5524
5527
5527
5528
5529
5530
5530
5531
5531
5531
5532
5532
5532
5533
5533
5533
5533
5535
5536
5536
5539
5542
5545
5550
5551
5551
5551
5552
5552
5556
5557
5557
5558
5559
5559
5560
5560
5561
5562
5563
5565
5565
5566
5566
5567
5567
5567
5568
5568
5568
5568
5570
5570
5571
5574
5575
5576
5576
5579
5579
5580
5581
5582
5583
5585
5585
5586
5586
5587
5587
5590
5591
5592
5592
5593
5594
5595
5595
5595
5596
5597
5598
5600
5602
5602
5602
5602
5603
5604
5606
5607
5610
5612
5612
5613
5614
5614
5616
5617
5617
5620
5622
5622
5624
5624
5624
5628
5629
5631
5631
5632
5633
5635
5635
5636
5636
5636
5638
5641
5641
5645
5646
5649
5651
5653
5653
5653
5654
5656
5657
5657
5658
5659
5659
5659
5660
5660
5664
5666
5667
5667
5667
5669
5669
5669
5670
5670
5670
5671
5671
5672
5673
5674
5674
5675
5675
5677
5677
5677
5678
5679
5680
5680
5681
5681
5682
5683
5687
5688
5690
5691
5692
5692
5693
5694
5694
5695
5695
5698
5698
5698
5698
5698
5700
5700
5701
5702
5702
5702
5703
5704
5704
5705
5705
5706
5706
5707
5707
5707
5709
5710
5712
5712
5714
5717
5718
5719
5719
5720
5720
5720
5723
5724
5726
5726
5727
5728
5728
5729
5729
5730
5732
5732
5733
5733
5734
5735
5735
5735
5736
5736
5736
5738
5739
5739
5741
5741
5741
5742
5742
5743
5745
5746
5746
5746
5748
5749
5749
5751
5756
5757
5758
5759
5759
5760
5761
5761
5761
5761
5764
5766
5766
5767
5769
5769
5771
5772
5772
5773
5773
5774
5774
5775
5775
5775
5778
5779
5779
5779
5780
5782
5782
5784
5786
5788
5790
5790
5793
5793
5797
5797
5800
5801
5802
5804
5806
5809
5810
5812
5813
5814
5814
5816
5819
5820
5820
5822
5824
5826
5826
5827
5827
5827
5828
5828
5829
5830
5830
5830
5830
5831
5833
5835
5835
5836
5839
5839
5839
5841
5841
5842
5842
5842
5845
5846
5846
5847
5849
5849
5851
5852
5855
5857
5857
5857
5860
5861
5864
5865
5865
5867
5867
5867
5869
5870
5871
5871
5872
5872
5872
5873
5873
5875
5875
5876
5879
5881
5881
5882
5884
5885
5885
5886
5886
5893
5896
5897
5901
5902
5903
5903
5904
5904
5905
5906
5909
5910
5912
5912
5917
5917
5918
5918
5920
5921
5921
5922
5922
5922
5922
5923
5925
5925
5925
5926
5926
5928
5928
5929
5929
5933
5935
5936
5940
5941
5942
5945
5945
5945
5947
5950
5950
5952
5952
5953
5954
5954
5956
5957
5958
5959
5961
5962
5962
5962
5963
5964
5964
5964
5965
5965
5966
5967
5969
5971
5971
5974
5974
5976
5976
5977
5977
5978
5978
5979
5980
5981
5982
5983
5983
5986
5986
5987
5988
5990
5992
5993
5994
5998
6000
6001
6001
6004
6007
6008
6009
6009
6011
6013
6014
6014
6018
6018
6018
6019
6020
6020
6021
6022
6024
6024
6024
6029
6030
6032
6032
6034
6035
6036
6036
6037
6040
6041
6041
6042
6043
6045
6046
6047
6047
6048
6050
6051
6051
6052
6053
6053
6053
6054
6055
6056
6061
6063
6063
6065
6065
6065
6067
6068
6068
6069
6071
6071
6071
6072
6072
6072
6074
6075
6077
6079
6080
6082
6082
6085
6085
6086
6086
6087
6089
6090
6090
6091
6091
6091
6093
6095
6095
6095
6096
6097
6097
6098
6098
6099
6100
6100
6100
6102
6104
6104
6104
6104
6105
6105
6105
6105
6107
6108
6109
6110
6112
6113
6113
6114
6116
6117
6118
6119
6119
6120
6120
6120
6121
6121
6122
6124
6124
6125
6126
6128
6128
6129
6129
6130
6131
6131
6131
6131
6132
6133
6133
6133
6137
6138
6139
6140
6141
6141
6141
6142
6142
6144
6145
6145
6147
6147
6147
6148
6149
6149
6150
6151
6151
6152
6152
6156
6156
6157
6158
6159
6160
6161
6163
6165
6165
6165
6166
6168
6168
6169
6169
6170
6173
6174
6174
6175
6179
6179
6179
6180
6180
6181
6181
6183
6183
6185
6185
6187
6192
6193
6197
6199
6201
6203
6204
6205
6208
6209
6209
6210
6211
6211
6211
6214
6214
6216
6217
6218
6219
6220
6222
6223
6223
6224
6225
6229
6232
6232
6233
6234
6235
6236
6236
6236
6237
6237
6238
6238
6238
6239
6240
6240
6240
6241
6244
6244
6245
6245
6246
6248
6249
6251
6255
6256
6257
6259
6259
6260
6262
6264
6266
6268
6270
6270
6270
6271
6274
6274
6274
6276
6277
6277
6277
6277
6278
6280
6281
6282
6282
6282
6283
6283
6286
6286
6290
6291
6292
6292
6294
6294
6294
6295
6295
6296
6297
6297
6298
6298
6300
6300
6301
6301
6303
6304
6305
6308
6308
6309
6310
6310
6311
6312
6313
6319
6319
6319
6320
6321
6322
6326
6326
6329
6329
6330
6330
6331
6332
6334
6336
6337
6338
6339
6339
6341
6344
6345
6346
6346
6349
6349
6349
6349
6352
6352
6353
6355
6355
6356
6356
6356
6357
6358
6358
6358
6359
6361
6361
6363
6363
6363
6365
6367
6368
6368
6369
6370
6373
6375
6376
6376
6377
6377
6378
6380
6380
6382
6382
6385
6386
6387
6388
6388
6388
6388
6388
6389
6391
6391
6392
6394
6395
6397
6397
6399
6401
6403
6403
6406
6407
6408
6409
6410
6413
6414
6418
6420
6421
6421
6421
6421
6422
6424
6424
6428
6428
6430
6435
6435
6437
6438
6438
6439
6442
6442
6442
6442
6444
6445
6447
6447
6450
6450
6450
6452
6453
6454
6454
6457
6458
6458
6459
6462
6466
6468
6468
6469
6470
6470
6471
6471
6472
6473
6473
6474
6475
6476
6476
6477
6479
6480
6480
6481
6481
6483
6484
6485
6489
6491
6491
6491
6492
6494
6494
6495
6496
6496
6498
6499
6501
6504
6504
6505
6506
6507
6509
6510
6511
6512
6513
6517
6518
6518
6520
6521
6522
6523
6524
6524
6524
6525
6528
6529
6533
6533
6534
6536
6537
6538
6539
6540
6541
6543
6544
6545
6546
6547
6548
6548
6550
6552
6553
6553
6554
6556
6556
6557
6557
6559
6560
6560
6561
6563
6563
6564
6565
6567
6568
6570
6572
6573
6574
6574
6575
6579
6579
6580
6582
6583
6588
6591
6591
6593
6594
6595
6596
6596
6599
6599
6600
6601
6605
6606
6606
6607
6607
6608
6609
6611
6612
6612
6612
6613
6613
6613
6614
6617
6618
6618
6619
6620
6621
6622
6623
6623
6623
6624
6624
6624
6625
6626
6626
6626
6627
6629
6629
6629
6631
6634
6635
6636
6637
6639
6640
6640
6642
6643
6645
6646
6647
6647
6649
6649
6650
6651
6651
6654
6655
6655
6655
6656
6656
6659
6660
6660
6660
6662
6665
6666
6667
6668
6668
6669
6670
6670
6671
6672
6673
6673
6675
6675
6675
6678
6678
6680
6680
6681
6681
6682
6682
6683
6684
6685
6686
6686
6687
6687
6688
6688
6689
6692
6693
6693
6693
6694
6695
6697
6702
6703
6703
6705
6705
6705
6706
6707
6708
6710
6710
6711
6713
6713
6714
6714
6715
6715
6716
6717
6718
6721
6721
6722
6722
6722
6723
6725
6727
6728
6728
6729
6730
6731
6731
6731
6732
6733
6733
6734
6734
6735
6736
6736
6738
6740
6740
6741
6743
6745
6746
6748
6749
6749
6751
6751
6752
6752
6753
6755
6758
6759
6761
6763
6763
6764
6765
6765
6765
6766
6767
6768
6770
6770
6772
6774
6776
6776
6777
6777
6777
6777
6778
6779
6780
6780
6780
6781
6782
6784
6785
6788
6788
6792
6794
6794
6799
6801
6802
6802
6803
6803
6804
6806
6806
6806
6807
6809
6811
6811
6812
6812
6812
6813
6817
6818
6819
6821
6823
6823
6824
6826
6827
6828
6829
6829
6830
6831
6831
6832
6834
6835
6835
6838
6838
6838
6839
6839
6840
6841
6841
6843
6845
6847
6853
6853
6853
6854
6854
6855
6855
6855
6858
6860
6860
6861
6862
6863
6863
6864
6864
6864
6866
6868
6868
6868
6868
6869
6870
6870
6870
6872
6873
6874
6875
6875
6876
6878
6881
6881
6885
6885
6885
6885
6886
6886
6886
6887
6887
6888
6889
6890
6891
6891
6892
6894
6894
6895
6896
6896
6899
6899
6903
6904
6905
6907
6907
6907
6907
6908
6909
6911
6911
6911
6913
6913
6913
6914
6914
6915
6915
6916
6916
6917
6918
6918
6919
6919
6921
6921
6924
6925
6927
6927
6927
6929
6930
6931
6934
6938
6938
6940
6940
6941
6941
6941
6942
6944
6945
6945
6945
6945
6948
6949
6953
6953
6955
6956
6956
6957
6959
6959
6959
6960
6961
6962
6963
6964
6964
6964
6966
6968
6968
6969
6969
6969
6970
6970
6971
6971
6971
6972
6973
6974
6974
6975
6977
6978
6980
6981
6982
6982
6982
6983
6984
6988
6989
6989
6990
6991
6994
6995
6996
6996
6997
6997
6998
7000
7001
7002
7003
7005
7006
7008
7009
7009
7010
7011
7012
7013
7013
7023
7024
7026
7026
7026
7028
7028
7029
7029
7031
7033
7034
7034
7035
7035
7037
7037
7038
7039
7040
7040
7041
7041
7042
7044
7045
7045
7048
7048
7050
7050
7051
7051
7052
7055
7055
7055
7057
7060
7061
7061
7062
7062
7062
7063
7063
7063
7064
7065
7065
7065
7067
7067
7069
7069
7071
7071
7071
7074
7074
7074
7074
7075
7075
7076
7078
7079
7079
7081
7082
7083
7084
7084
7084
7086
7086
7088
7088
7089
7089
7089
7092
7093
7094
7095
7096
7096
7096
7097
7099
7100
7101
7101
7102
7104
7106
7106
7106
7106
7109
7109
7109
7112
7113
7114
7114
7114
7114
7115
7115
7117
7118
7118
7119
7119
7119
7120
7120
7120
7121
7122
7122
7124
7127
7130
7130
7131
7132
7132
7134
7136
7141
7142
7143
7144
7146
7149
7149
7150
7151
7153
7153
7155
7155
7157
7157
7161
7162
7162
7163
7164
7165
7167
7167
7167
7171
7171
7174
7174
7176
7177
7177
7177
7177
7178
7179
7180
7181
7182
7184
7184
7185
7186
7187
7188
7188
7189
7191
7191
7191
7192
7195
7195
7198
7199
7200
7200
7202
7203
7203
7205
7205
7205
7205
7206
7206
7207
7208
7208
7210
7211
7214
7214
7215
7218
7218
7219
7219
7219
7220
7220
7220
7221
7223
7223
7224
7226
7227
7228
7229
7229
7229
7230
7230
7232
7232
7234
7236
7236
7236
7238
7239
7239
7240
7240
7240
7241
7242
7243
7244
7245
7246
7247
7247
7249
7249
7252
7253
7254
7255
7256
7257
7259
7260
7263
7263
7264
7265
7265
7265
7266
7267
7267
7269
7269
7269
7270
7270
7271
7273
7274
7276
7277
7278
7278
7279
7280
7282
7283
7284
7284
7287
7290
7290
7291
7294
7295
7296
7296
7297
7298
7298
7298
7300
7300
7301
7301
7301
7302
7303
7303
7306
7306
7306
7307
7308
7310
7311
7312
7316
7316
7316
7316
7316
7316
7317
7317
7318
7319
7319
7319
7322
7325
7326
7327
7327
7327
7329
7331
7332
7333
7333
7334
7335
7338
7338
7338
7339
7344
7344
7345
7349
7350
7350
7351
7351
7354
7355
7356
7356
7357
7357
7357
7358
7359
7361
7361
7361
7362
7362
7364
7366
7367
7369
7371
7372
7377
7377
7378
7378
7379
7379
7380
7380
7381
7381
7381
7381
7382
7385
7385
7388
7388
7390
7391
7392
7393
7393
7394
7394
7395
7395
7396
7396
7396
7397
7399
7400
7401
7403
7404
7405
7406
7406
7407
7409
7409
7410
7411
7412
7413
7413
7414
7416
7416
7420
7420
7421
7421
7422
7424
7424
7427
7427
7428
7428
7430
7431
7431
7432
7433
7434
7434
7435
7435
7439
7441
7442
7446
7449
7449
7451
7451
7453
7454
7454
7455
7458
7460
7461
7463
7463
7465
7465
7465
7466
7466
7467
7469
7469
7470
7470
7472
7473
7473
7473
7474
7476
7477
7482
7482
7484
7486
7486
7487
7487
7489
7489
7489
7489
7490
7492
7492
7495
7495
7495
7496
7498
7502
7504
7505
7507
7508
7509
7509
7509
7509
7510
7510
7511
7512
7516
7517
7517
7518
7518
7520
7520
7523
7525
7528
7529
7529
7529
7531
7531
7532
7536
7537
7537
7538
7539
7541
7541
7543
7543
7544
7545
7546
7546
7547
7547
7552
7552
7553
7553
7555
7556
7556
7556
7558
7559
7560
7561
7561
7562
7565
7566
7567
7567
7568
7568
7569
7570
7570
7572
7572
7574
7575
7577
7578
7578
7579
7580
7582
7583
7583
7584
7586
7586
7590
7592
7593
7594
7595
7596
7597
7600
7601
7602
7602
7603
7604
7607
7607
7608
7608
7610
7611
7612
7613
7614
7615
7615
7616
7617
7618
7621
7621
7622
7623
7623
7623
7625
7628
7630
7630
7633
7637
7638
7639
7640
7641
7642
7643
7643
7643
7646
7648
7649
7649
7650
7651
7651
7652
7652
7653
7657
7659
7660
7660
7662
7663
7666
7667
7667
7668
7669
7669
7670
7670
7670
7671
7673
7675
7676
7676
7677
7677
7677
7679
7681
7681
7681
7681
7684
7685
7689
7689
7689
7689
7691
7691
7692
7693
7693
7693
7694
7694
7695
7697
7698
7698
7699
7704
7705
7708
7708
7709
7709
7715
7715
7717
7718
7718
7719
7719
7721
7722
7722
7723
7723
7723
7725
7726
7727
7727
7731
7731
7732
7733
7734
7735
7736
7737
7739
7740
7743
7744
7746
7746
7747
7749
7750
7750
7752
7753
7754
7754
7755
7759
7761
7762
7762
7763
7765
7766
7768
7769
7770
7772
7773
7773
7774
7774
7774
7775
7775
7776
7777
7779
7779
7780
7781
7783
7786
7786
7787
7787
7788
7789
7789
7790
7792
7794
7794
7794
7795
7795
7798
7800
7800
7801
7803
7803
7803
7805
7806
7806
7806
7807
7807
7808
7808
7809
7809
7810
7811
7811
7812
7813
7813
7814
7814
7814
7815
7819
7820
7821
7822
7823
7825
7826
7826
7826
7828
7830
7830
7830
7831
7834
7836
7837
7837
7838
7839
7842
7842
7844
7844
7844
7847
7850
7853
7853
7854
7859
7860
7860
7860
7862
7862
7862
7863
7864
7866
7867
7868
7869
7869
7870
7871
7872
7874
7875
7875
7877
7877
7881
7882
7882
7883
7885
7889
7890
7891
7892
7894
7895
7895
7897
7897
7898
7899
7899
7900
7900
7901
7902
7903
7905
7906
7908
7908
7910
7912
7912
7912
7912
7912
7913
7915
7916
7916
7917
7918
7922
7923
7923
7924
7924
7925
7925
7927
7928
7929
7929
7929
7931
7931
7931
7934
7938
7941
7941
7942
7944
7945
7946
7946
7949
7949
7951
7952
7952
7952
7952
7953
7953
7953
7954
7954
7954
7955
7955
7955
7956
7956
7956
7957
7957
7957
7958
7959
7959
7960
7960
7961
7962
7963
7963
7964
7967
7970
7970
7971
7975
7976
7976
7977
7978
7979
7983
7984
7984
7985
7986
7988
7988
7989
7990
7990
7990
7992
7992
7993
7993
7995
7995
7996
7996
7999
7999
7999
7999
8000
8003
8004
8006
8006
8007
8008
8009
8009
8009
8010
8010
8011
8011
8012
8013
8013
8014
8015
8016
8017
8018
8018
8019
8019
8020
8020
8021
8023
8023
8024
8024
8025
8025
8027
8028
8030
8030
8030
8030
8035
8037
8037
8038
8039
8039
8039
8040
8040
8045
8048
8048
8049
8049
8050
8050
8050
8055
8056
8056
8057
8057
8060
8060
8062
8062
8063
8064
8065
8065
8067
8067
8068
8070
8071
8073
8073
8073
8074
8074
8075
8076
8076
8078
8078
8079
8081
8082
8083
8084
8085
8086
8087
8088
8089
8090
8092
8092
8092
8095
8101
8103
8103
8105
8105
8109
8111
8113
8114
8115
8116
8119
8121
8121
8121
8122
8123
8126
8127
8128
8129
8129
8129
8129
8130
8132
8133
8134
8134
8135
8136
8137
8138
8139
8139
8141
8141
8147
8147
8149
8150
8151
8152
8152
8153
8153
8155
8156
8156
8156
8156
8158
8160
8161
8162
8163
8164
8164
8166
8167
8168
8168
8170
8171
8171
8171
8173
8175
8176
8176
8176
8178
8181
8183
8183
8184
8185
8186
8187
8187
8188
8190
8190
8192
8192
8196
8197
8197
8197
8201
8202
8202
8203
8203
8204
8204
8205
8205
8207
8208
8208
8211
8212
8213
8214
8214
8215
8215
8216
8217
8217
8218
8218
8219
8220
8221
8221
8221
8222
8223
8224
8224
8225
8227
8227
8227
8227
8228
8228
8230
8233
8236
8236
8237
8237
8238
8239
8241
8242
8242
8242
8242
8243
8244
8245
8245
8246
8247
8247
8250
8250
8251
8254
8254
8254
8255
8255
8256
8256
8256
8256
8258
8260
8261
8262
8263
8263
8265
8266
8266
8267
8268
8268
8268
8268
8270
8270
8270
8271
8271
8275
8275
8275
8276
8276
8277
8277
8277
8281
8281
8282
8283
8283
8284
8285
8285
8286
8290
8290
8291
8295
8295
8296
8297
8297
8297
8298
8299
8299
8300
8302
8302
8304
8304
8306
8306
8308
8308
8309
8309
8312
8314
8316
8316
8317
8321
8321
8323
8323
8324
8325
8325
8327
8329
8331
8331
8331
8332
8333
8333
8334
8335
8336
8337
8338
8338
8340
8340
8340
8341
8341
8343
8345
8345
8346
8347
8348
8348
8348
8351
8351
8353
8354
8355
8357
8357
8358
8358
8359
8360
8363
8365
8366
8367
8367
8367
8368
8368
8371
8372
8372
8372
8373
8373
8376
8376
8377
8378
8379
8379
8383
8383
8386
8387
8389
8390
8391
8393
8393
8394
8394
8396
8396
8396
8397
8397
8398
8402
8402
8403
8405
8405
8405
8406
8406
8408
8408
8409
8410
8412
8413
8413
8413
8415
8415
8415
8417
8417
8418
8418
8419
8421
8422
8424
8425
8426
8426
8427
8428
8429
8431
8432
8433
8434
8434
8435
8436
8436
8436
8437
8438
8438
8440
8442
8443
8444
8445
8447
8448
8449
8450
8451
8452
8452
8454
8455
8455
8456
8456
8457
8460
8460
8461
8461
8462
8462
8463
8464
8466
8468
8469
8470
8470
8470
8471
8472
8474
8475
8477
8477
8478
8479
8479
8481
8481
8481
8482
8483
8486
8486
8488
8489
8490
8493
8494
8495
8495
8495
8496
8496
8498
8498
8498
8498
8498
8500
8500
8501
8502
8505
8506
8508
8509
8509
8512
8513
8513
8513
8514
8515
8516
8516
8518
8519
8520
8520
8520
8521
8521
8522
8522
8523
8524
8524
8525
8526
8527
8528
8529
8531
8532
8532
8533
8534
8536
8537
8538
8538
8539
8539
8540
8542
8543
8544
8545
8546
8548
8550
8551
8552
8552
8553
8554
8554
8555
8555
8555
8557
8558
8558
8559
8560
8561
8561
8563
8566
8568
8570
8571
8571
8573
8573
8574
8574
8575
8575
8575
8576
8576
8577
8577
8578
8579
8581
8582
8582
8585
8587
8587
8587
8588
8589
8590
8591
8592
8593
8596
8596
8596
8597
8597
8597
8599
8599
8600
8601
8602
8602
8603
8604
8604
8604
8606
8606
8606
8606
8607
8608
8610
8610
8611
8611
8611
8612
8613
8614
8614
8614
8616
8617
8620
8621
8622
8623
8623
8623
8623
8624
8626
8626
8627
8627
8631
8631
8632
8633
8634
8635
8637
8639
8641
8643
8643
8643
8645
8645
8646
8646
8647
8649
8650
8651
8654
8655
8656
8657
8657
8658
8658
8659
8660
8660
8662
8666
8669
8670
8671
8671
8672
8672
8674
8674
8675
8675
8675
8675
8676
8677
8677
8678
8678
8678
8681
8685
8685
8685
8686
8686
8686
8688
8688
8691
8691
8693
8693
8693
8693
8693
8694
8694
8694
8695
8695
8695
8697
8698
8698
8698
8699
8702
8702
8702
8702
8704
8704
8706
8708
8708
8710
8712
8713
8713
8718
8719
8720
8720
8722
8722
8723
8724
8725
8726
8726
8728
8732
8733
8735
8735
8737
8738
8738
8739
8742
8742
8742
8743
8744
8746
8747
8748
8748
8748
8749
8749
8749
8749
8750
8751
8751
8753
8754
8755
8755
8756
8757
8757
8758
8759
8759
8760
8760
8764
8764
8767
8767
8768
8770
8770
8771
8771
8772
8772
8773
8773
8774
8774
8775
8776
8777
8778
8779
8779
8781
8782
8785
8790
8791
8791
8793
8794
8795
8795
8795
8796
8799
8800
8801
8801
8801
8802
8804
8805
8806
8808
8809
8816
8817
8817
8819
8820
8820
8820
8823
8825
8825
8827
8829
8831
8831
8831
8831
8831
8831
8832
8833
8834
8835
8835
8837
8837
8838
8840
8840
8842
8842
8843
8844
8844
8844
8845
8846
8847
8847
8848
8851
8852
8852
8854
8855
8857
8861
8861
8864
8864
8864
8866
8866
8867
8868
8872
8875
8876
8877
8877
8885
8885
8886
8886
8889
8891
8891
8892
8892
8894
8896
8897
8897
8898
8900
8901
8902
8902
8903
8904
8906
8909
8910
8911
8912
8912
8912
8913
8913
8914
8914
8915
8915
8916
8916
8919
8920
8920
8924
8924
8924
8927
8927
8929
8931
8932
8935
8935
8936
8937
8938
8939
8939
8939
8939
8939
8940
8942
8944
8944
8944
8944
8944
8945
8946
8946
8947
8948
8948
8948
8948
8950
8951
8951
8952
8953
8953
8954
8955
8955
8956
8956
8956
8956
8960
8961
8961
8962
8962
8962
8964
8964
8965
8966
8966
8967
8969
8976
8977
8978
8978
8978
8979
8979
8980
8982
8982
8982
8983
8984
8984
8987
8989
8990
8990
8993
8994
8996
8999
9000
9000
9002
9002
9002
9008
9008
9009
9010
9011
9011
9011
9012
9013
9013
9014
9015
9015
9017
9018
9018
9019
9019
9019
9021
9021
9026
9026
9028
9028
9029
9029
9030
9033
9033
9035
9036
9040
9041
9043
9043
9044
9045
9045
9045
9046
9047
9050
9052
9052
9054
9057
9058
9059
9059
9060
9060
9060
9061
9061
9061
9062
9063
9064
9069
9072
9075
9077
9079
9079
9080
9082
9085
9085
9086
9086
9087
9089
9092
9093
9094
9094
9095
9096
9097
9098
9099
9099
9101
9101
9103
9103
9104
9104
9104
9105
9105
9109
9112
9112
9113
9113
9113
9114
9115
9115
9116
9118
9118
9118
9121
9123
9125
9126
9130
9130
9130
9132
9134
9135
9138
9139
9141
9142
9142
9145
9145
9146
9147
9147
9148
9148
9150
9151
9151
9151
9151
9152
9154
9154
9156
9156
9158
9158
9158
9159
9160
9160
9161
9161
9162
9163
9164
9165
9166
9170
9171
9172
9173
9173
9174
9175
9176
9177
9178
9179
9182
9183
9183
9185
9187
9188
9188
9190
9191
9192
9193
9194
9194
9195
9196
9196
9197
9197
9198
9200
9200
9201
9202
9202
9203
9203
9204
9208
9208
9209
9210
9210
9214
9214
9217
9220
9220
9221
9221
9221
9223
9223
9224
9224
9225
9227
9229
9229
9230
9231
9232
9233
9234
9235
9238
9239
9240
9242
9243
9244
9244
9244
9244
9247
9248
9248
9249
9249
9251
9252
9252
9253
9253
9253
9253
9255
9255
9256
9256
9257
9258
9259
9259
9260
9260
9261
9264
9264
9267
9267
9268
9268
9270
9273
9275
9275
9276
9277
9277
9278
9279
9281
9281
9281
9282
9283
9285
9285
9286
9286
9287
9288
9288
9288
9289
9290
9291
9291
9291
9297
9298
9298
9298
9299
9299
9300
9303
9304
9305
9305
9308
9310
9312
9315
9316
9317
9320
9320
9320
9321
9321
9324
9325
9325
9326
9331
9332
9333
9334
9334
9335
9340
9340
9341
9342
9343
9343
9343
9344
9344
9345
9346
9346
9348
9349
9349
9350
9351
9351
9352
9353
9353
9354
9354
9354
9356
9357
9359
9361
9364
9364
9365
9366
9369
9370
9370
9371
9371
9372
9372
9372
9375
9375
9376
9377
9377
9377
9378
9379
9380
9382
9383
9386
9386
9387
9387
9387
9388
9390
9391
9392
9393
9393
9393
9394
9394
9394
9394
9398
9398
9399
9400
9401
9402
9402
9402
9403
9403
9407
9407
9407
9408
9412
9414
9415
9416
9416
9418
9418
9418
9418
9419
9419
9420
9421
9423
9425
9425
9426
9426
9426
9429
9429
9430
9431
9432
9432
9433
9435
9436
9437
9438
9439
9439
9439
9440
9442
9443
9443
9444
9445
9445
9448
9450
9450
9452
9452
9453
9453
9455
9455
9457
9458
9459
9459
9461
9462
9463
9465
9465
9466
9467
9471
9471
9473
9473
9473
9474
9474
9476
9476
9477
9477
9477
9479
9479
9480
9480
9481
9481
9481
9482
9485
9485
9486
9487
9487
9488
9489
9490
9491
9493
9495
9496
9496
9500
9501
9502
9503
9505
9508
9509
9512
9513
9513
9514
9515
9517
9517
9520
9520
9521
9521
9521
9522
9522
9522
9524
9525
9525
9526
9527
9529
9529
9531
9531
9532
9533
9533
9535
9535
9536
9537
9537
9540
9541
9542
9544
9545
9546
9546
9546
9547
9547
9548
9549
9549
9550
9550
9554
9555
9556
9557
9558
9559
9560
9563
9564
9564
9565
9567
9567
9570
9570
9570
9571
9572
9573
9573
9573
9574
9574
9577
9578
9578
9579
9579
9581
9582
9583
9584
9584
9584
9586
9587
9589
9590
9590
9590
9592
9592
9594
9595
9596
9596
9600
9602
9602
9603
9604
9605
9607
9607
9609
9609
9611
9612
9612
9614
9615
9616
9616
9619
9619
9619
9621
9621
9621
9621
9622
9625
9626
9626
9627
9628
9628
9628
9629
9632
9633
9634
9634
9635
9636
9637
9642
9643
9644
9645
9645
9646
9647
9648
9648
9649
9649
9651
9651
9651
9651
9652
9655
9656
9658
9658
9660
9660
9662
9663
9664
9665
9665
9668
9669
9671
9672
9672
9672
9673
9674
9674
9675
9676
9678
9678
9679
9680
9680
9681
9684
9684
9684
9685
9686
9687
9688
9690
9691
9692
9693
9695
9695
9696
9697
9698
9701
9701
9701
9703
9704
9706
9708
9709
9710
9711
9712
9715
9716
9717
9717
9718
9719
9719
9720
9721
9721
9721
9722
9724
9724
9725
9725
9726
9726
9728
9728
9733
9733
9734
9734
9735
9736
9737
9738
9738
9738
9739
9740
9740
9741
9741
9744
9744
9746
9747
9748
9749
9752
9753
9754
9754
9755
9755
9757
9757
9758
9758
9759
9760
9760
9761
9761
9764
9765
9766
9767
9767
9768
9771
9773
9773
9774
9774
9774
9775
9776
9778
9778
9782
9783
9784
9786
9786
9786
9787
9792
9794
9795
9795
9796
9798
9798
9799
9800
9800
9800
9804
9804
9806
9809
9809
9811
9812
9813
9815
9815
9816
9818
9818
9818
9822
9822
9822
9824
9825
9825
9826
9828
9830
9831
9832
9833
9833
9834
9836
9836
9837
9837
9840
9841
9841
9841
9841
9842
9845
9846
9847
9847
9848
9849
9849
9851
9851
9851
9851
9852
9853
9855
9855
9856
9859
9861
9861
9862
9862
9863
9865
9866
9868
9870
9871
9871
9873
9873
9874
9876
9876
9877
9881
9881
9888
9889
9890
9891
9891
9892
9897
9897
9897
9898
9898
9898
9901
9905
9905
9906
9906
9906
9906
9909
9910
9911
9912
9912
9914
9915
9915
9916
9916
9918
9919
9920
9920
9920
9921
9922
9924
9925
9928
9928
9933
9933
9933
9935
9938
9938
9939
9942
9943
9944
9947
9947
9948
9949
9949
9949
9950
9951
9951
9951
9951
9952
9952
9952
9952
9953
9953
9954
9954
9954
9955
9957
9957
9958
9958
9958
9959
9961
9961
9961
9962
9963
9967
9968
9968
9969
9969
9970
9970
9971
9972
9972
9973
9974
9974
9975
9975
9975
9979
9979
9980
9981
9981
9981
9982
9982
9982
9982
9983
9983
9985
9985
9985
9987
9987
9988
9988
9989
9989
9989
9989
9989
9991
9991
9991
9991
9995
9996
9997
9997
9998
9998
