0
1
1
3
5
7
9
9
10
11
14
14
16
17
17
19
20
21
23
25
25
25
26
27
28
28
28
30
30
31
31
32
32
32
32
33
34
34
35
36
36
36
36
38
39
39
39
40
41
41
43
47
49
50
50
50
50
51
51
52
53
55
55
55
56
57
57
57
58
59
62
65
66
67
68
70
71
71
72
74
77
78
84
84
85
86
87
89
93
93
95
97
97
98
100
102
102
103
105
105
106
108
108
109
109
111
111
112
113
113
114
118
118
119
120
122
122
123
123
123
124
126
127
129
129
130
131
131
132
134
135
135
135
136
138
141
142
142
142
142
143
144
145
145
146
149
149
150
150
153
156
156
156
157
157
159
160
164
164
165
166
166
167
168
169
176
177
179
180
181
181
181
184
187
187
187
189
189
190
191
192
195
196
198
198
199
202
202
203
203
206
206
207
208
209
210
210
210
212
212
213
213
213
213
214
215
216
217
221
222
223
225
226
229
230
231
232
233
234
235
236
237
239
240
240
240
240
242
244
244
244
245
245
246
247
247
249
249
249
250
251
255
255
256
256
257
258
258
258
259
261
261
262
263
263
264
264
265
265
265
266
267
269
271
272
274
277
277
278
280
280
280
281
281
282
282
283
285
285
287
287
288
291
293
295
295
297
297
297
298
298
299
302
304
304
306
306
306
308
309
311
312
314
314
314
314
319
319
320
321
322
322
322
324
326
326
326
327
327
327
328
328
328
329
329
330
330
330
336
337
337
338
338
339
340
340
342
348
351
351
352
354
356
357
358
358
359
360
360
361
361
363
363
363
364
368
370
371
371
372
372
372
373
374
374
376
379
381
382
383
384
385
386
386
390
390
392
392
393
393
397
399
402
407
407
407
408
408
408
409
410
411
412
412
412
416
416
416
418
426
428
429
429
431
431
434
435
437
437
438
438
439
439
440
441
444
445
445
447
448
449
451
453
453
453
455
456
456
457
457
459
460
460
461
461
463
464
465
469
469
471
473
474
476
478
479
480
482
487
489
491
491
491
492
492
493
494
494
495
495
496
496
496
497
498
501
502
502
504
504
508
508
509
510
510
511
511
511
512
512
514
514
516
522
523
523
523
525
528
529
529
529
531
532
535
537
537
539
539
540
541
546
546
548
549
549
552
555
557
559
561
563
565
565
566
567
567
568
569
569
570
570
570
570
572
572
573
575
575
576
577
577
578
579
579
580
580
583
584
585
585
586
588
588
589
589
592
592
593
593
593
594
595
596
597
600
600
601
603
603
604
604
604
605
606
606
606
610
610
611
612
613
613
613
614
614
615
615
615
615
617
618
618
619
620
621
622
623
624
624
625
627
628
628
629
630
631
631
632
633
634
635
639
639
640
641
641
644
645
647
649
650
654
655
656
656
656
659
659
660
661
663
668
669
669
671
672
673
673
674
674
675
676
676
679
679
680
681
683
683
685
687
687
689
690
690
690
690
693
696
697
697
697
698
701
702
703
704
704
705
706
706
707
707
707
707
709
710
710
710
710
713
713
714
717
718
718
721
722
723
724
727
729
730
734
734
735
735
735
736
738
739
739
742
743
745
747
747
748
750
752
753
754
755
757
758
758
760
760
762
762
764
764
765
766
766
767
768
769
769
769
769
770
772
772
773
774
775
777
779
779
780
780
781
781
781
782
783
784
784
784
787
788
788
789
791
791
792
793
793
793
794
795
796
796
796
797
799
800
801
801
802
803
804
805
807
807
807
808
808
808
808
810
810
811
812
813
815
815
817
817
818
818
819
820
822
823
825
825
826
826
828
830
831
832
835
835
836
837
841
841
841
842
844
844
846
847
848
848
849
849
850
850
851
851
852
853
855
855
856
857
857
860
861
862
862
863
867
868
868
868
869
872
872
873
874
875
879
879
881
882
882
883
883
884
887
888
890
891
891
893
894
897
898
900
900
901
904
905
905
909
910
911
912
913
914
917
917
918
920
923
925
927
928
928
930
930
932
934
934
934
934
935
935
939
940
941
942
942
943
943
944
945
946
948
949
950
951
951
951
951
953
957
957
957
958
958
962
962
962
963
964
965
967
969
970
970
972
973
974
975
975
976
977
978
978
980
981
983
984
984
984
985
985
987
987
989
992
993
993
994
994
994
996
997
998
999
999
1001
1001
1001
1002
1002
1002
1003
1004
1004
1005
1006
1010
1011
1012
1013
1013
1015
1015
1017
1017
1020
1020
1022
1023
1024
1024
1026
1026
1029
1029
1031
1031
1032
1032
1033
1033
1034
1034
1035
1038
1038
1039
1041
1042
1042
1043
1045
1045
1046
1048
1048
1049
1050
1051
1052
1052
1052
1052
1053
1054
1054
1055
1055
1056
1056
1059
1059
1060
1060
1060
1061
1061
1062
1062
1063
1064
1064
1064
1066
1067
1067
1069
1071
1071
1072
1073
1073
1073
1075
1075
1076
1077
1077
1079
1079
1080
1080
1080
1081
1083
1084
1087
1088
1090
1092
1094
1094
1095
1095
1096
1096
1096
1099
1100
1102
1103
1105
1105
1106
1106
1108
1109
1110
1114
1114
1114
1114
1116
1116
1119
1120
1121
1122
1123
1125
1125
1128
1129
1129
1130
1132
1133
1133
1134
1134
1135
1136
1137
1137
1137
1138
1138
1139
1139
1141
1142
1143
1143
1143
1143
1144
1144
1144
1144
1145
1145
1145
1146
1147
1149
1149
1151
1152
1152
1153
1155
1155
1155
1155
1160
1161
1165
1165
1165
1165
1166
1169
1169
1173
1173
1174
1175
1176
1177
1178
1179
1180
1181
1181
1181
1182
1182
1183
1184
1184
1184
1185
1186
1187
1188
1188
1189
1190
1191
1194
1197
1197
1197
1198
1199
1199
1200
1200
1201
1202
1203
1204
1205
1213
1215
1216
1216
1217
1218
1218
1218
1219
1219
1219
1219
1220
1220
1221
1222
1225
1225
1228
1230
1230
1230
1230
1232
1232
1233
1233
1234
1235
1236
1236
1239
1239
1241
1241
1244
1245
1245
1246
1248
1249
1250
1250
1251
1251
1251
1252
1253
1254
1256
1257
1259
1260
1261
1261
1261
1262
1263
1263
1263
1265
1265
1268
1268
1268
1269
1271
1271
1272
1272
1274
1276
1279
1279
1279
1280
1281
1281
1282
1282
1283
1286
1287
1287
1288
1288
1289
1289
1289
1290
1290
1290
1292
1292
1293
1293
1295
1295
1297
1299
1300
1301
1302
1304
1305
1306
1306
1312
1315
1315
1316
1316
1318
1319
1320
1320
1322
1323
1324
1325
1327
1328
1332
1333
1333
1337
1338
1340
1341
1342
1342
1343
1346
1349
1351
1351
1353
1354
1354
1355
1355
1356
1357
1357
1358
1359
1361
1362
1365
1365
1367
1367
1369
1369
1369
1369
1370
1371
1373
1374
1374
1375
1376
1377
1377
1378
1378
1381
1381
1381
1381
1381
1382
1383
1384
1384
1385
1386
1386
1386
1386
1386
1386
1387
1387
1387
1388
1391
1391
1392
1393
1394
1394
1397
1397
1402
1403
1403
1404
1405
1405
1410
1410
1411
1411
1412
1413
1415
1415
1417
1418
1418
1418
1419
1421
1421
1423
1425
1426
1426
1428
1429
1431
1431
1431
1432
1432
1434
1434
1436
1436
1437
1437
1437
1439
1442
1443
1443
1444
1445
1445
1449
1452
1453
1453
1453
1454
1459
1460
1461
1462
1465
1465
1470
1470
1473
1473
1474
1475
1477
1477
1477
1477
1477
1477
1478
1479
1482
1482
1482
1483
1484
1484
1486
1487
1487
1487
1488
1488
1489
1490
1490
1492
1492
1492
1493
1493
1493
1494
1497
1497
1500
1503
1505
1506
1507
1508
1509
1511
1511
1514
1514
1517
1520
1520
1523
1524
1525
1525
1529
1530
1530
1530
1532
1534
1534
1536
1536
1537
1537
1538
1538
1539
1539
1543
1543
1543
1546
1549
1550
1551
1553
1553
1554
1555
1555
1556
1559
1560
1561
1561
1562
1563
1563
1564
1564
1566
1568
1568
1569
1573
1574
1576
1580
1582
1583
1583
1584
1586
1587
1587
1587
1588
1590
1591
1592
1592
1592
1593
1594
1596
1596
1597
1599
1599
1600
1600
1600
1600
1601
1601
1602
1603
1603
1603
1604
1604
1604
1607
1607
1608
1608
1608
1608
1610
1610
1610
1611
1611
1612
1612
1614
1614
1616
1616
1616
1616
1617
1619
1621
1621
1621
1621
1622
1624
1625
1626
1626
1627
1628
1629
1630
1630
1630
1633
1633
1634
1635
1636
1636
1637
1639
1640
1640
1643
1644
1645
1646
1647
1648
1650
1652
1652
1654
1654
1656
1657
1659
1659
1661
1662
1663
1665
1665
1666
1670
1671
1673
1673
1673
1674
1675
1675
1677
1679
1682
1683
1683
1684
1684
1684
1684
1685
1687
1688
1688
1689
1690
1691
1691
1691
1694
1694
1696
1696
1696
1697
1697
1698
1699
1699
1699
1699
1699
1700
1700
1701
1705
1705
1706
1706
1706
1706
1709
1709
1712
1713
1713
1714
1714
1715
1716
1716
1716
1717
1718
1722
1723
1724
1724
1726
1728
1730
1734
1734
1734
1735
1736
1737
1737
1737
1739
1739
1740
1740
1740
1740
1740
1742
1742
1743
1743
1743
1743
1744
1744
1744
1746
1747
1747
1748
1748
1749
1752
1752
1755
1756
1759
1763
1764
1764
1765
1768
1771
1771
1771
1771
1773
1776
1777
1777
1777
1778
1779
1779
1779
1779
1779
1780
1781
1782
1783
1783
1785
1787
1789
1790
1790
1791
1794
1794
1795
1795
1796
1797
1799
1799
1803
1803
1804
1806
1806
1808
1812
1815
1815
1816
1818
1818
1818
1821
1821
1821
1822
1823
1825
1827
1832
1832
1834
1835
1835
1836
1836
1838
1840
1841
1844
1844
1846
1848
1848
1848
1849
1850
1852
1853
1853
1856
1859
1860
1861
1861
1861
1861
1861
1862
1863
1863
1863
1863
1864
1865
1865
1865
1865
1866
1868
1869
1869
1873
1873
1873
1874
1875
1875
1876
1877
1878
1878
1878
1880
1880
1880
1881
1881
1882
1884
1885
1885
1885
1885
1885
1885
1886
1887
1888
1889
1889
1890
1891
1891
1892
1892
1894
1894
1895
1895
1895
1896
1898
1898
1898
1899
1900
1900
1901
1901
1902
1902
1902
1902
1903
1905
1905
1908
1908
1908
1908
1909
1910
1911
1911
1912
1914
1916
1917
1918
1918
1918
1919
1920
1921
1921
1923
1924
1925
1925
1928
1928
1928
1930
1932
1932
1934
1934
1934
1935
1935
1936
1936
1936
1936
1937
1938
1938
1939
1940
1942
1942
1945
1946
1946
1947
1947
1949
1950
1952
1955
1957
1957
1957
1958
1961
1961
1963
1963
1963
1964
1964
1969
1969
1970
1970
1971
1973
1974
1974
1975
1975
1977
1979
1981
1981
1981
1982
1982
1982
1983
1983
1984
1985
1985
1986
1987
1987
1987
1987
1991
1991
1992
1993
1995
1995
1996
1996
1999
2000
2001
2004
2005
2006
2006
2008
2009
2012
2013
2013
2014
2015
2016
2017
2020
2020
2021
2021
2023
2025
2026
2027
2028
2029
2031
2033
2034
2035
2036
2037
2037
2038
2038
2039
2040
2040
2041
2041
2042
2043
2045
2045
2046
2046
2047
2047
2047
2048
2050
2051
2052
2052
2053
2054
2057
2057
2059
2059
2059
2059
2060
2060
2060
2061
2062
2063
2065
2065
2065
2066
2066
2067
2068
2068
2069
2069
2069
2070
2072
2073
2074
2076
2078
2078
2079
2079
2081
2081
2081
2081
2081
2082
2082
2082
2083
2084
2085
2086
2089
2089
2090
2093
2094
2095
2096
2096
2097
2099
2100
2100
2102
2102
2103
2104
2105
2106
2107
2108
2108
2108
2110
2110
2112
2113
2113
2116
2116
2117
2119
2122
2122
2123
2124
2126
2126
2127
2130
2130
2130
2131
2134
2134
2135
2136
2136
2136
2138
2145
2146
2147
2147
2147
2148
2149
2149
2149
2149
2150
2151
2152
2154
2155
2156
2157
2158
2160
2161
2161
2163
2165
2167
2167
2168
2170
2170
2173
2173
2174
2176
2177
2178
2180
2182
2184
2184
2185
2185
2185
2188
2188
2191
2191
2191
2193
2195
2195
2196
2197
2198
2200
2201
2201
2201
2202
2202
2204
2204
2208
2209
2209
2213
2214
2214
2214
2215
2215
2216
2217
2219
2220
2220
2222
2223
2224
2224
2224
2224
2224
2224
2225
2226
2226
2227
2227
2227
2228
2228
2228
2229
2231
2233
2235
2235
2236
2236
2237
2237
2238
2239
2240
2242
2243
2243
2249
2250
2251
2253
2254
2254
2254
2256
2256
2258
2259
2259
2261
2262
2263
2265
2266
2267
2269
2270
2271
2271
2272
2272
2272
2273
2274
2275
2276
2277
2283
2283
2284
2285
2285
2286
2286
2287
2288
2288
2291
2291
2291
2292
2293
2293
2294
2296
2296
2297
2298
2298
2299
2303
2306
2307
2308
2308
2308
2309
2310
2313
2313
2313
2313
2314
2318
2321
2322
2323
2323
2324
2324
2325
2325
2326
2326
2329
2330
2330
2331
2332
2332
2333
2334
2338
2340
2340
2342
2342
2343
2343
2343
2344
2344
2345
2346
2348
2348
2349
2350
2352
2352
2352
2353
2353
2357
2358
2358
2359
2359
2360
2360
2362
2362
2363
2365
2369
2369
2370
2371
2372
2376
2377
2377
2377
2381
2382
2382
2382
2383
2383
2387
2387
2388
2389
2390
2391
2393
2393
2395
2396
2396
2397
2398
2399
2401
2401
2401
2402
2402
2403
2404
2404
2404
2405
2406
2406
2407
2410
2411
2412
2412
2413
2413
2415
2416
2417
2417
2417
2417
2417
2418
2420
2420
2422
2423
2424
2424
2426
2426
2427
2430
2430
2431
2433
2434
2436
2437
2437
2437
2437
2441
2441
2442
2443
2446
2446
2447
2449
2449
2450
2450
2452
2452
2452
2452
2452
2454
2459
2461
2462
2462
2462
2463
2464
2466
2466
2468
2473
2473
2473
2474
2475
2475
2475
2475
2478
2479
2479
2480
2483
2484
2487
2487
2487
2488
2490
2490
2491
2492
2492
2494
2495
2496
2496
2497
2499
2499
2500
2501
2502
2503
2503
2504
2506
2507
2507
2508
2508
2509
2510
2510
2510
2510
2512
2513
2519
2519
2519
2523
2523
2523
2525
2525
2526
2526
2527
2529
2529
2532
2534
2535
2536
2537
2537
2538
2538
2539
2540
2540
2543
2546
2548
2549
2551
2551
2553
2554
2555
2555
2558
2559
2561
2563
2563
2563
2566
2566
2566
2566
2567
2569
2571
2571
2573
2573
2574
2574
2575
2576
2576
2578
2578
2580
2580
2580
2581
2582
2582
2583
2584
2586
2587
2588
2588
2589
2591
2593
2594
2595
2595
2597
2598
2598
2598
2599
2600
2601
2602
2603
2603
2607
2607
2608
2610
2611
2611
2613
2613
2613
2614
2616
2617
2619
2622
2625
2625
2625
2625
2627
2628
2631
2632
2633
2634
2635
2635
2637
2638
2639
2640
2641
2643
2643
2645
2647
2648
2651
2651
2652
2653
2655
2656
2658
2659
2659
2659
2659
2661
2664
2668
2670
2670
2671
2671
2671
2671
2672
2674
2674
2675
2675
2675
2676
2679
2679
2680
2681
2682
2683
2685
2686
2686
2687
2687
2687
2687
2688
2688
2689
2689
2690
2692
2694
2694
2695
2695
2696
2697
2698
2699
2700
2702
2703
2703
2703
2706
2708
2708
2709
2709
2710
2711
2714
2715
2716
2717
2718
2718
2719
2720
2721
2721
2723
2723
2724
2724
2725
2727
2728
2728
2730
2731
2733
2739
2739
2740
2740
2741
2743
2743
2745
2747
2751
2751
2751
2751
2751
2752
2752
2753
2753
2754
2756
2757
2758
2758
2759
2760
2760
2760
2760
2760
2760
2763
2766
2767
2772
2772
2773
2773
2774
2774
2775
2776
2777
2778
2779
2779
2779
2780
2781
2782
2782
2783
2784
2785
2785
2786
2786
2787
2787
2788
2790
2790
2793
2793
2794
2795
2796
2797
2798
2798
2798
2799
2800
2802
2802
2804
2805
2806
2806
2806
2806
2808
2810
2810
2813
2814
2814
2815
2816
2816
2817
2818
2818
2823
2824
2825
2825
2826
2827
2828
2829
2830
2830
2831
2832
2833
2836
2837
2837
2841
2841
2841
2842
2847
2849
2849
2850
2853
2853
2855
2855
2855
2858
2859
2859
2859
2859
2860
2861
2862
2863
2864
2864
2864
2865
2867
2867
2868
2869
2869
2869
2869
2872
2872
2873
2873
2874
2874
2876
2877
2878
2878
2879
2882
2884
2888
2888
2891
2891
2892
2893
2894
2895
2898
2900
2901
2901
2902
2903
2903
2904
2907
2908
2910
2910
2910
2911
2914
2915
2915
2920
2921
2921
2921
2923
2925
2927
2928
2928
2930
2931
2932
2932
2932
2932
2933
2934
2935
2936
2939
2939
2940
2941
2942
2942
2944
2944
2944
2945
2946
2947
2948
2948
2949
2949
2952
2953
2953
2953
2953
2953
2954
2955
2957
2958
2958
2959
2960
2960
2961
2961
2961
2962
2962
2963
2963
2964
2964
2966
2967
2967
2969
2969
2970
2972
2973
2973
2973
2974
2974
2974
2975
2977
2977
2978
2978
2979
2979
2980
2982
2982
2982
2982
2983
2983
2984
2986
2987
2989
2989
2990
2991
2992
2993
2994
2994
2996
2997
2997
2998
2998
2999
2999
3000
3001
3002
3002
3003
3004
3004
3006
3007
3008
3008
3008
3008
3009
3009
3011
3011
3012
3012
3013
3014
3014
3014
3016
3016
3017
3019
3021
3022
3022
3023
3024
3025
3028
3029
3029
3030
3030
3031
3032
3032
3035
3037
3038
3039
3039
3040
3041
3041
3042
3042
3043
3044
3044
3046
3046
3047
3047
3048
3049
3052
3052
3057
3059
3060
3061
3063
3063
3063
3064
3065
3066
3068
3070
3071
3072
3073
3076
3077
3077
3078
3078
3079
3080
3081
3083
3084
3086
3087
3088
3088
3090
3092
3093
3093
3094
3096
3096
3097
3097
3099
3100
3100
3100
3101
3103
3105
3105
3105
3105
3106
3106
3106
3107
3107
3111
3113
3114
3115
3115
3116
3116
3117
3117
3118
3118
3118
3119
3120
3120
3121
3121
3124
3126
3127
3128
3131
3132
3134
3139
3143
3143
3144
3146
3147
3150
3151
3152
3154
3155
3155
3155
3156
3156
3156
3157
3157
3159
3159
3160
3161
3163
3163
3164
3164
3164
3165
3167
3168
3169
3170
3172
3174
3174
3175
3175
3177
3177
3178
3179
3180
3183
3183
3183
3183
3183
3184
3184
3185
3187
3189
3189
3191
3191
3192
3193
3194
3195
3195
3196
3196
3198
3198
3199
3200
3202
3206
3207
3207
3208
3209
3210
3211
3213
3214
3214
3214
3214
3215
3219
3219
3220
3220
3221
3222
3224
3226
3226
3227
3228
3229
3229
3231
3231
3232
3233
3234
3235
3236
3239
3241
3243
3244
3244
3245
3245
3246
3246
3248
3250
3250
3252
3252
3253
3259
3259
3260
3261
3261
3262
3262
3263
3264
3264
3265
3266
3267
3267
3269
3269
3270
3270
3271
3272
3272
3274
3275
3277
3277
3277
3277
3277
3279
3279
3279
3280
3281
3285
3285
3289
3290
3293
3293
3293
3295
3296
3297
3297
3299
3300
3300
3301
3303
3303
3304
3305
3306
3307
3307
3308
3308
3309
3310
3310
3310
3311
3313
3313
3315
3315
3316
3317
3318
3319
3322
3324
3324
3326
3327
3327
3333
3336
3337
3337
3338
3338
3339
3340
3340
3341
3341
3341
3343
3343
3344
3345
3346
3346
3347
3347
3353
3354
3356
3359
3359
3359
3360
3361
3365
3366
3366
3368
3369
3370
3370
3371
3372
3372
3372
3373
3373
3376
3377
3378
3378
3382
3382
3384
3384
3384
3387
3388
3388
3389
3389
3390
3390
3390
3390
3391
3391
3392
3392
3393
3393
3393
3396
3396
3397
3398
3399
3399
3403
3404
3404
3404
3406
3408
3409
3411
3414
3414
3415
3416
3417
3418
3420
3421
3421
3423
3423
3423
3424
3426
3426
3426
3427
3430
3430
3431
3432
3432
3433
3434
3434
3434
3435
3435
3435
3438
3438
3439
3439
3444
3444
3445
3445
3450
3450
3450
3450
3452
3454
3455
3456
3456
3456
3456
3458
3459
3460
3460
3462
3463
3465
3465
3466
3468
3468
3468
3468
3470
3471
3471
3471
3472
3472
3474
3475
3476
3476
3476
3478
3478
3478
3479
3479
3480
3480
3480
3482
3484
3484
3487
3487
3489
3490
3491
3492
3496
3498
3500
3504
3505
3506
3508
3508
3510
3511
3516
3517
3517
3517
3517
3518
3518
3519
3519
3519
3520
3520
3521
3522
3523
3524
3525
3526
3527
3527
3528
3529
3529
3531
3532
3533
3533
3533
3535
3536
3537
3537
3542
3544
3545
3546
3546
3547
3547
3548
3549
3550
3551
3551
3551
3551
3552
3553
3556
3557
3557
3558
3558
3558
3559
3559
3560
3562
3562
3562
3563
3564
3565
3566
3567
3567
3568
3569
3571
3572
3573
3574
3574
3577
3577
3578
3581
3581
3583
3583
3584
3584
3588
3588
3589
3590
3592
3595
3595
3596
3597
3599
3601
3602
3603
3604
3604
3605
3606
3606
3608
3609
3610
3610
3610
3610
3612
3612
3613
3613
3614
3615
3618
3619
3621
3621
3621
3622
3623
3623
3624
3624
3626
3627
3627
3627
3627
3629
3631
3632
3633
3633
3635
3637
3638
3640
3640
3641
3643
3644
3646
3646
3648
3648
3651
3651
3652
3653
3653
3655
3656
3657
3657
3657
3659
3659
3659
3660
3661
3661
3661
3661
3662
3662
3663
3663
3664
3664
3665
3665
3666
3667
3668
3669
3670
3670
3672
3672
3673
3673
3673
3674
3674
3675
3676
3676
3677
3677
3678
3678
3680
3683
3684
3684
3685
3686
3687
3687
3688
3688
3690
3690
3691
3691
3692
3692
3692
3695
3695
3696
3696
3698
3702
3703
3704
3705
3705
3708
3709
3711
3711
3711
3712
3712
3713
3713
3714
3715
3715
3716
3718
3718
3719
3719
3720
3722
3722
3722
3723
3724
3724
3724
3725
3732
3734
3735
3735
3737
3738
3741
3741
3741
3743
3746
3746
3750
3750
3751
3751
3755
3756
3756
3757
3758
3758
3759
3760
3760
3760
3760
3760
3761
3762
3762
3763
3763
3764
3764
3766
3768
3770
3770
3771
3772
3772
3776
3778
3778
3779
3782
3783
3784
3784
3785
3785
3787
3788
3789
3789
3791
3793
3793
3793
3794
3794
3796
3797
3798
3799
3799
3801
3801
3803
3803
3804
3805
3808
3809
3810
3810
3810
3810
3813
3815
3817
3817
3818
3818
3818
3820
3821
3823
3823
3824
3825
3827
3829
3830
3830
3832
3833
3833
3835
3835
3836
3836
3840
3843
3844
3844
3845
3846
3847
3848
3848
3849
3849
3850
3851
3852
3852
3852
3853
3855
3856
3860
3860
3862
3862
3863
3864
3865
3867
3867
3867
3868
3868
3868
3869
3869
3869
3870
3874
3874
3877
3877
3878
3878
3878
3878
3880
3880
3881
3881
3885
3885
3885
3886
3887
3887
3887
3887
3889
3891
3892
3892
3894
3894
3896
3896
3897
3898
3898
3899
3899
3900
3901
3903
3903
3904
3906
3907
3907
3908
3910
3911
3913
3914
3915
3917
3919
3920
3921
3922
3922
3923
3924
3925
3925
3927
3928
3928
3929
3929
3929
3929
3929
3930
3933
3933
3933
3934
3935
3936
3936
3937
3938
3938
3939
3942
3942
3942
3942
3942
3943
3943
3944
3944
3944
3947
3947
3949
3949
3950
3950
3952
3953
3953
3955
3956
3958
3958
3958
3958
3958
3959
3959
3960
3960
3960
3961
3962
3962
3962
3962
3963
3963
3964
3964
3965
3966
3967
3971
3972
3973
3974
3974
3975
3976
3976
3977
3978
3979
3979
3980
3984
3984
3985
3985
3986
3987
3989
3989
3990
3990
3990
3991
3992
3993
3996
3996
3999
3999
4000
4002
4003
4003
4004
4006
4006
4006
4007
4008
4009
4010
4010
4012
4012
4012
4013
4013
4015
4015
4016
4017
4017
4019
4019
4019
4019
4020
4021
4022
4025
4026
4026
4029
4033
4034
4036
4036
4038
4038
4038
4041
4041
4043
4043
4044
4045
4045
4045
4046
4046
4046
4046
4047
4048
4049
4049
4050
4051
4054
4055
4055
4057
4059
4059
4059
4061
4061
4061
4062
4062
4065
4065
4067
4067
4067
4069
4069
4072
4072
4075
4079
4081
4082
4083
4086
4087
4087
4088
4090
4090
4092
4093
4094
4095
4097
4097
4097
4098
4098
4100
4102
4102
4103
4104
4105
4106
4106
4111
4111
4112
4113
4115
4118
4118
4120
4120
4120
4121
4121
4122
4123
4123
4125
4125
4127
4128
4128
4129
4130
4131
4131
4131
4133
4133
4133
4134
4134
4134
4137
4137
4138
4139
4139
4142
4142
4143
4143
4144
4144
4144
4144
4145
4145
4145
4145
4146
4146
4148
4149
4149
4149
4150
4152
4152
4153
4153
4153
4154
4155
4155
4158
4158
4159
4162
4164
4164
4167
4168
4168
4170
4170
4171
4172
4172
4174
4174
4175
4176
4177
4177
4178
4178
4178
4179
4181
4183
4183
4185
4185
4185
4185
4186
4188
4188
4188
4190
4190
4191
4192
4193
4194
4194
4194
4195
4196
4198
4198
4201
4204
4204
4205
4205
4205
4206
4206
4209
4209
4212
4213
4214
4219
4220
4220
4222
4224
4226
4226
4229
4229
4230
4231
4232
4232
4232
4232
4233
4234
4236
4237
4237
4240
4240
4240
4240
4241
4241
4243
4246
4248
4249
4249
4250
4250
4252
4252
4255
4255
4255
4256
4256
4257
4259
4259
4260
4261
4262
4265
4266
4266
4267
4267
4267
4268
4268
4269
4270
4271
4271
4272
4274
4274
4278
4279
4283
4284
4284
4284
4285
4286
4286
4287
4292
4292
4292
4293
4293
4294
4295
4295
4297
4297
4298
4301
4302
4302
4303
4305
4305
4306
4306
4309
4316
4318
4318
4320
4321
4322
4322
4322
4323
4324
4325
4326
4327
4331
4331
4335
4338
4338
4339
4340
4340
4344
4346
4347
4349
4350
4351
4351
4352
4353
4355
4357
4357
4358
4359
4360
4362
4362
4363
4363
4363
4364
4364
4365
4365
4366
4366
4368
4368
4368
4368
4369
4370
4371
4371
4371
4372
4372
4373
4375
4375
4376
4377
4377
4378
4378
4379
4381
4381
4381
4383
4384
4384
4386
4387
4387
4388
4388
4390
4391
4391
4391
4392
4392
4392
4395
4395
4395
4395
4396
4396
4397
4398
4400
4401
4402
4403
4403
4406
4406
4406
4407
4408
4409
4409
4410
4410
4413
4414
4416
4416
4416
4417
4418
4418
4419
4419
4420
4420
4420
4421
4423
4425
4428
4429
4430
4432
4432
4433
4433
4434
4435
4435
4436
4436
4437
4438
4438
4439
4440
4442
4443
4444
4445
4445
4445
4446
4447
4447
4449
4449
4451
4452
4453
4454
4455
4458
4458
4459
4459
4460
4461
4461
4462
4463
4464
4464
4467
4469
4470
4471
4472
4473
4473
4474
4474
4474
4476
4476
4476
4478
4486
4486
4487
4488
4489
4489
4491
4491
4492
4493
4495
4496
4497
4498
4499
4500
4502
4502
4503
4504
4504
4506
4508
4509
4510
4511
4511
4511
4512
4514
4514
4516
4516
4517
4519
4520
4521
4522
4522
4524
4527
4528
4529
4529
4530
4530
4531
4532
4534
4536
4537
4542
4546
4547
4547
4548
4549
4549
4551
4553
4554
4554
4556
4556
4557
4557
4557
4559
4559
4563
4563
4564
4564
4564
4568
4568
4568
4568
4568
4569
4571
4574
4575
4575
4579
4580
4580
4582
4582
4583
4583
4584
4585
4585
4585
4586
4586
4587
4587
4588
4589
4589
4590
4591
4592
4592
4593
4594
4595
4595
4596
4597
4597
4598
4599
4600
4600
4601
4602
4603
4604
4604
4605
4608
4608
4608
4609
4610
4610
4610
4612
4614
4616
4617
4617
4617
4618
4620
4620
4621
4623
4623
4623
4625
4627
4629
4632
4633
4634
4634
4635
4636
4638
4642
4642
4643
4643
4644
4645
4645
4646
4647
4647
4647
4648
4648
4648
4648
4649
4649
4653
4658
4658
4660
4661
4663
4665
4665
4667
4668
4669
4669
4670
4671
4671
4672
4672
4672
4674
4674
4675
4677
4678
4678
4679
4679
4679
4680
4680
4681
4682
4682
4682
4683
4683
4685
4687
4687
4689
4690
4690
4691
4692
4693
4693
4694
4695
4696
4697
4698
4701
4702
4702
4703
4703
4703
4705
4705
4706
4706
4708
4708
4709
4712
4712
4713
4714
4716
4717
4718
4719
4720
4720
4722
4722
4725
4726
4727
4728
4728
4730
4730
4731
4732
4733
4733
4733
4733
4733
4735
4735
4736
4737
4737
4739
4739
4739
4740
4740
4741
4742
4743
4745
4745
4745
4746
4746
4746
4748
4748
4748
4749
4749
4750
4751
4751
4752
4753
4755
4755
4757
4757
4758
4759
4760
4762
4765
4766
4770
4770
4771
4772
4772
4772
4777
4778
4779
4779
4779
4779
4780
4780
4782
4782
4783
4783
4783
4784
4785
4786
4787
4789
4790
4792
4793
4794
4794
4796
4796
4797
4799
4800
4801
4802
4803
4806
4806
4807
4807
4809
4809
4811
4812
4813
4814
4814
4816
4818
4818
4819
4820
4820
4821
4822
4825
4827
4828
4830
4830
4832
4834
4835
4835
4837
4842
4842
4842
4845
4845
4845
4845
4846
4846
4847
4849
4849
4850
4850
4850
4850
4850
4852
4852
4852
4853
4853
4853
4854
4855
4857
4859
4859
4860
4862
4863
4863
4864
4866
4866
4868
4870
4871
4872
4872
4873
4874
4874
4874
4875
4875
4878
4879
4881
4881
4881
4881
4882
4883
4883
4885
4885
4886
4887
4887
4889
4890
4890
4891
4892
4892
4894
4894
4897
4897
4897
4898
4899
4900
4902
4906
4906
4907
4907
4908
4911
4911
4912
4913
4913
4913
4913
4913
4914
4914
4915
4916
4916
4918
4920
4920
4920
4921
4921
4922
4922
4923
4925
4927
4928
4928
4929
4929
4930
4933
4933
4933
4935
4937
4938
4938
4939
4940
4940
4941
4943
4943
4943
4945
4946
4947
4947
4948
4951
4952
4952
4952
4953
4953
4955
4958
4961
4962
4964
4967
4967
4970
4971
4971
4971
4971
4973
4973
4973
4974
4974
4975
4976
4977
4978
4978
4979
4979
4979
4980
4980
4980
4981
4983
4983
4984
4985
4985
4985
4985
4991
4991
4991
4992
4992
4995
4995
4998
4998
4998
5000
5000
5001
5002
5004
5007
5007
5007
5008
5010
5010
5010
5012
5013
5014
5014
5015
5016
5018
5018
5019
5020
5021
5021
5022
5022
5026
5028
5030
5031
5031
5036
5040
5041
5041
5041
5042
5042
5042
5043
5045
5046
5050
5050
5051
5051
5053
5054
5054
5056
5056
5057
5058
5060
5060
5061
5061
5062
5064
5064
5065
5067
5067
5067
5068
5068
5069
5069
5070
5071
5072
5072
5073
5075
5076
5077
5077
5078
5078
5079
5081
5082
5083
5084
5085
5085
5086
5088
5088
5088
5088
5089
5091
5091
5093
5094
5095
5095
5096
5098
5098
5098
5098
5098
5098
5098
5098
5101
5104
5105
5105
5106
5107
5108
5108
5110
5112
5114
5115
5115
5117
5118
5118
5119
5119
5122
5122
5122
5123
5123
5124
5124
5125
5126
5127
5128
5130
5130
5130
5132
5133
5134
5134
5135
5135
5135
5137
5137
5138
5139
5140
5144
5145
5147
5147
5149
5150
5151
5151
5152
5153
5159
5159
5160
5162
5163
5164
5164
5166
5167
5167
5167
5169
5169
5169
5170
5171
5172
5172
5173
5174
5179
5180
5181
5182
5184
5184
5185
5187
5187
5189
5189
5190
5190
5192
5192
5192
5194
5195
5195
5196
5196
5196
5197
5199
5201
5201
5202
5202
5203
5205
5207
5207
5208
5208
5208
5209
5210
5210
5214
5215
5219
5219
5220
5220
5221
5222
5223
5223
5223
5225
5227
5228
5229
5230
5231
5234
5234
5235
5236
5237
5239
5239
5241
5241
5241
5244
5245
5246
5247
5249
5249
5250
5253
5254
5254
5255
5256
5258
5258
5260
5260
5262
5262
5262
5263
5264
5267
5267
5270
5271
5271
5273
5274
5274
5274
5276
5277
5277
5278
5278
5278
5279
5280
5280
5281
5281
5281
5282
5282
5282
5283
5283
5283
5286
5288
5289
5291
5292
5292
5292
5293
5297
5297
5298
5298
5299
5302
5303
5304
5305
5305
5307
5307
5310
5310
5310
5314
5314
5319
5320
5321
5323
5323
5323
5324
5325
5325
5329
5330
5332
5333
5333
5334
5334
5335
5335
5337
5337
5339
5339
5340
5342
5342
5342
5343
5345
5346
5347
5348
5349
5350
5351
5352
5352
5353
5354
5355
5356
5357
5358
5359
5360
5361
5363
5364
5364
5365
5365
5365
5366
5366
5368
5369
5370
5371
5371
5378
5379
5379
5379
5380
5382
5382
5383
5383
5384
5385
5386
5387
5388
5389
5390
5390
5391
5392
5393
5394
5395
5397
5399
5399
5400
5402
5402
5403
5405
5407
5408
5408
5410
5411
5411
5411
5413
5414
5414
5415
5415
5415
5416
5417
5419
5419
5419
5420
5422
5422
5424
5424
5425
5426
5427
5427
5428
5428
5429
5429
5430
5430
5430
5434
5435
5436
5436
5437
5441
5444
5447
5448
5449
5450
5451
5452
5454
5455
5455
5455
5456
5457
5457
5457
5459
5459
5459
5459
5462
5464
5470
5470
5471
5472
5473
5474
5475
5476
5479
5481
5481
5482
5483
5484
5487
5488
5490
5490
5492
5494
5495
5496
5497
5497
5498
5501
5502
5502
5504
5506
5507
5507
5508
5508
5510
5513
5513
5515
5516
5516
5517
5519
5519
5520
5521
5521
5521
5522
5523
5526
5527
5528
5529
5530
5530
5531
5533
5533
5534
5535
5536
5537
5538
5539
5541
5541
5543
5544
5544
5545
5545
5545
5550
5551
5553
5555
5555
5556
5557
5557
5557
5558
5558
5559
5559
5563
5563
5567
5567
5569
5569
5570
5571
5572
5572
5572
5573
5575
5576
5577
5577
5577
5579
5579
5580
5581
5583
5584
5585
5586
5587
5587
5590
5590
5593
5595
5595
5596
5596
5596
5599
5600
5604
5605
5611
5613
5614
5615
5615
5616
5616
5617
5617
5617
5618
5620
5620
5621
5622
5622
5625
5625
5625
5629
5629
5630
5630
5631
5631
5631
5632
5632
5635
5636
5637
5637
5638
5640
5640
5641
5641
5643
5643
5645
5645
5645
5645
5647
5649
5649
5651
5653
5654
5654
5655
5656
5657
5660
5662
5663
5663
5663
5665
5666
5666
5666
5667
5669
5670
5670
5671
5673
5675
5675
5675
5677
5677
5679
5682
5682
5683
5686
5687
5689
5690
5690
5691
5692
5692
5695
5695
5697
5697
5697
5697
5697
5698
5699
5701
5702
5704
5705
5705
5705
5706
5707
5708
5708
5712
5712
5712
5713
5714
5716
5717
5717
5719
5719
5719
5721
5721
5722
5723
5724
5724
5724
5725
5725
5725
5726
5726
5726
5726
5727
5729
5730
5733
5734
5735
5736
5737
5738
5738
5739
5740
5741
5742
5743
5744
5745
5746
5748
5748
5749
5749
5751
5752
5753
5753
5753
5754
5754
5757
5758
5759
5759
5761
5761
5763
5763
5764
5764
5765
5768
5769
5769
5776
5779
5781
5783
5785
5785
5785
5787
5787
5790
5790
5790
5791
5793
5794
5795
5796
5798
5798
5798
5799
5801
5801
5802
5803
5803
5804
5805
5806
5807
5808
5808
5809
5810
5810
5812
5813
5814
5816
5817
5817
5817
5817
5817
5818
5818
5818
5818
5818
5819
5819
5820
5823
5827
5827
5828
5829
5832
5833
5835
5836
5836
5838
5838
5839
5840
5840
5842
5842
5842
5844
5845
5846
5846
5846
5848
5849
5850
5850
5851
5851
5852
5852
5854
5854
5857
5857
5857
5857
5858
5858
5858
5859
5859
5859
5865
5866
5866
5867
5870
5874
5876
5877
5878
5878
5880
5880
5880
5883
5883
5883
5886
5886
5886
5887
5887
5889
5889
5890
5890
5890
5891
5895
5895
5898
5898
5898
5898
5899
5900
5900
5901
5902
5902
5903
5903
5904
5906
5910
5911
5914
5914
5915
5916
5916
5918
5918
5919
5920
5921
5923
5924
5924
5926
5930
5931
5931
5931
5932
5932
5933
5933
5934
5935
5935
5936
5937
5938
5940
5941
5942
5942
5943
5943
5944
5947
5948
5948
5949
5951
5951
5951
5951
5952
5953
5955
5955
5955
5957
5958
5958
5958
5959
5960
5961
5965
5967
5968
5969
5970
5971
5971
5972
5973
5975
5979
5980
5981
5981
5981
5981
5982
5982
5982
5982
5982
5984
5984
5985
5987
5989
5989
5991
5991
5993
5995
5997
5997
5999
6001
6004
6009
6011
6011
6012
6013
6014
6014
6015
6015
6020
6021
6021
6022
6022
6023
6023
6024
6030
6031
6031
6031
6033
6035
6035
6036
6036
6037
6038
6039
6039
6040
6042
6042
6043
6043
6045
6046
6048
6049
6050
6050
6051
6052
6054
6054
6056
6056
6057
6057
6058
6058
6058
6058
6059
6060
6061
6062
6062
6063
6064
6065
6066
6067
6067
6068
6069
6070
6070
6072
6072
6073
6074
6076
6077
6077
6077
6079
6080
6081
6082
6083
6084
6084
6085
6085
6086
6087
6088
6088
6089
6089
6091
6091
6092
6093
6095
6095
6095
6097
6097
6097
6097
6097
6098
6100
6100
6101
6102
6102
6104
6105
6105
6106
6107
6107
6107
6109
6111
6111
6111
6111
6112
6113
6113
6114
6114
6116
6116
6118
6119
6121
6121
6122
6124
6125
6125
6125
6126
6126
6127
6127
6129
6130
6131
6132
6132
6132
6133
6134
6134
6135
6135
6135
6136
6138
6139
6140
6142
6142
6143
6143
6144
6144
6147
6147
6148
6150
6151
6154
6154
6154
6156
6157
6158
6160
6162
6162
6162
6162
6163
6163
6164
6165
6165
6167
6167
6168
6169
6169
6175
6176
6178
6178
6180
6180
6181
6182
6182
6183
6184
6185
6185
6186
6189
6191
6191
6192
6192
6192
6192
6193
6193
6193
6194
6196
6198
6199
6199
6199
6199
6199
6200
6200
6201
6201
6201
6201
6201
6202
6203
6205
6207
6207
6209
6210
6213
6213
6215
6216
6217
6218
6221
6221
6223
6224
6224
6225
6225
6225
6229
6235
6238
6240
6241
6244
6245
6245
6248
6250
6250
6252
6253
6254
6256
6257
6258
6258
6259
6260
6261
6261
6261
6262
6263
6266
6267
6268
6270
6271
6271
6272
6275
6275
6275
6277
6278
6278
6279
6279
6279
6282
6284
6284
6284
6286
6287
6288
6288
6289
6290
6290
6292
6293
6293
6293
6295
6295
6297
6298
6298
6299
6299
6303
6303
6304
6309
6311
6311
6312
6314
6315
6317
6318
6321
6323
6324
6329
6330
6333
6334
6334
6334
6341
6341
6343
6343
6343
6345
6345
6349
6352
6356
6357
6357
6359
6360
6361
6361
6363
6363
6363
6365
6369
6369
6370
6371
6373
6375
6376
6379
6380
6380
6380
6381
6383
6383
6384
6385
6385
6389
6390
6391
6392
6392
6394
6394
6395
6395
6396
6397
6397
6398
6398
6398
6402
6402
6403
6403
6403
6403
6403
6403
6405
6405
6409
6410
6410
6410
6411
6411
6411
6412
6412
6414
6416
6416
6416
6417
6418
6419
6420
6424
6425
6425
6425
6428
6428
6428
6430
6431
6433
6433
6434
6434
6435
6435
6435
6436
6436
6437
6440
6441
6441
6441
6441
6442
6442
6443
6446
6449
6449
6449
6449
6450
6451
6452
6454
6454
6458
6460
6460
6461
6462
6462
6463
6464
6465
6465
6466
6467
6468
6469
6471
6471
6471
6472
6473
6475
6477
6477
6479
6481
6482
6483
6483
6484
6485
6486
6486
6487
6487
6487
6487
6487
6488
6488
6489
6491
6492
6494
6494
6495
6495
6499
6501
6502
6503
6503
6504
6504
6506
6507
6508
6510
6510
6511
6513
6514
6516
6516
6523
6524
6525
6525
6527
6527
6527
6527
6528
6528
6530
6530
6530
6531
6532
6532
6532
6534
6534
6536
6536
6537
6537
6538
6538
6538
6540
6541
6541
6545
6545
6545
6546
6546
6547
6547
6548
6548
6548
6549
6550
6551
6553
6555
6558
6558
6559
6560
6563
6563
6565
6566
6567
6568
6568
6570
6570
6571
6573
6574
6577
6579
6580
6581
6583
6583
6583
6583
6584
6584
6591
6591
6593
6595
6595
6595
6597
6598
6598
6599
6599
6600
6601
6601
6602
6603
6607
6609
6610
6610
6612
6613
6615
6615
6616
6617
6619
6620
6620
6623
6624
6626
6627
6629
6630
6634
6635
6636
6636
6637
6638
6639
6639
6639
6639
6640
6642
6642
6644
6644
6645
6646
6647
6649
6650
6650
6651
6653
6655
6656
6657
6657
6658
6661
6662
6662
6662
6663
6664
6664
6665
6666
6666
6666
6667
6669
6672
6673
6673
6674
6675
6676
6676
6678
6683
6684
6685
6688
6688
6690
6691
6692
6692
6693
6694
6695
6696
6696
6697
6698
6698
6699
6700
6702
6702
6702
6703
6703
6704
6704
6711
6711
6714
6716
6717
6719
6719
6720
6720
6721
6722
6722
6723
6726
6729
6730
6732
6735
6736
6737
6738
6739
6739
6741
6742
6743
6743
6744
6744
6745
6745
6745
6745
6746
6746
6746
6747
6749
6751
6753
6754
6757
6757
6758
6759
6759
6759
6760
6761
6764
6764
6764
6765
6765
6766
6766
6767
6770
6779
6780
6781
6782
6782
6782
6786
6788
6790
6792
6795
6798
6799
6799
6800
6800
6802
6803
6804
6804
6804
6804
6804
6805
6806
6806
6808
6812
6812
6813
6814
6815
6815
6817
6820
6820
6823
6824
6826
6827
6827
6828
6828
6830
6832
6832
6832
6833
6835
6836
6836
6837
6837
6838
6838
6840
6842
6844
6844
6844
6846
6848
6848
6850
6850
6850
6851
6851
6852
6856
6857
6859
6859
6862
6862
6862
6864
6864
6864
6864
6865
6866
6866
6866
6867
6867
6869
6869
6872
6874
6875
6880
6881
6882
6882
6882
6884
6884
6885
6887
6887
6887
6887
6888
6890
6890
6891
6891
6893
6894
6896
6898
6900
6901
6902
6902
6902
6903
6903
6904
6905
6906
6907
6907
6908
6908
6910
6911
6913
6915
6915
6916
6917
6918
6919
6919
6920
6922
6923
6924
6925
6925
6926
6927
6928
6928
6930
6932
6932
6934
6935
6935
6936
6936
6937
6937
6939
6939
6939
6940
6941
6941
6941
6942
6944
6947
6948
6951
6953
6954
6954
6955
6955
6956
6956
6956
6957
6957
6958
6958
6959
6961
6962
6962
6962
6964
6966
6966
6968
6970
6972
6973
6974
6976
6976
6978
6980
6980
6981
6983
6983
6984
6986
6986
6987
6992
6992
6992
6992
6994
6995
6995
7001
7002
7004
7005
7007
7009
7009
7009
7013
7014
7015
7016
7017
7017
7018
7019
7020
7022
7024
7024
7025
7025
7026
7026
7028
7030
7036
7037
7037
7038
7040
7041
7044
7045
7045
7046
7049
7049
7049
7049
7052
7052
7052
7060
7061
7063
7064
7066
7067
7068
7069
7069
7073
7073
7074
7076
7076
7077
7078
7081
7082
7082
7083
7084
7088
7089
7090
7090
7091
7091
7093
7093
7095
7097
7097
7098
7099
7102
7103
7104
7105
7105
7107
7108
7109
7112
7113
7113
7114
7118
7119
7120
7121
7121
7122
7123
7124
7124
7125
7126
7127
7129
7132
7132
7133
7134
7134
7135
7136
7136
7137
7141
7142
7143
7145
7147
7148
7149
7151
7154
7154
7156
7157
7158
7159
7160
7160
7160
7161
7162
7163
7164
7165
7165
7167
7167
7168
7170
7170
7171
7172
7173
7173
7174
7175
7176
7176
7177
7179
7180
7180
7181
7181
7183
7183
7184
7187
7189
7190
7191
7191
7193
7193
7196
7203
7203
7204
7205
7206
7206
7208
7208
7208
7208
7209
7209
7210
7210
7210
7211
7212
7215
7216
7216
7216
7217
7220
7220
7220
7221
7221
7222
7223
7224
7225
7225
7225
7226
7227
7228
7229
7232
7232
7233
7234
7238
7240
7240
7240
7241
7241
7241
7241
7241
7242
7242
7246
7247
7247
7248
7248
7250
7251
7252
7252
7254
7257
7260
7260
7261
7261
7262
7263
7263
7264
7264
7266
7268
7271
7272
7272
7272
7273
7273
7274
7275
7275
7276
7276
7276
7277
7277
7278
7279
7283
7283
7283
7284
7286
7286
7287
7287
7288
7288
7290
7296
7297
7297
7302
7302
7303
7303
7306
7308
7310
7311
7313
7313
7313
7316
7317
7319
7322
7323
7324
7325
7326
7327
7327
7327
7328
7328
7329
7330
7333
7333
7333
7336
7336
7339
7340
7341
7344
7344
7345
7346
7346
7352
7354
7355
7356
7357
7359
7361
7364
7364
7364
7367
7368
7369
7369
7372
7372
7373
7374
7376
7377
7378
7378
7379
7380
7381
7381
7381
7383
7383
7383
7383
7384
7384
7386
7388
7389
7393
7394
7395
7396
7399
7401
7401
7402
7402
7408
7413
7414
7415
7416
7420
7420
7421
7421
7423
7423
7424
7424
7424
7426
7428
7429
7431
7434
7435
7436
7436
7436
7437
7438
7439
7439
7441
7442
7443
7444
7444
7445
7446
7447
7447
7447
7448
7448
7450
7453
7455
7456
7456
7457
7458
7459
7459
7459
7459
7462
7463
7463
7465
7467
7468
7468
7470
7470
7470
7471
7471
7472
7473
7474
7476
7476
7477
7478
7479
7480
7481
7483
7483
7486
7486
7486
7487
7488
7488
7488
7489
7490
7490
7490
7491
7496
7496
7497
7497
7499
7500
7500
7501
7503
7505
7505
7505
7507
7508
7508
7508
7509
7510
7511
7512
7514
7514
7515
7516
7517
7517
7519
7520
7521
7522
7523
7524
7525
7525
7525
7526
7526
7526
7527
7528
7530
7531
7533
7533
7534
7535
7535
7538
7539
7539
7540
7541
7543
7546
7547
7549
7549
7549
7550
7551
7552
7552
7553
7553
7553
7555
7556
7559
7559
7560
7561
7562
7563
7566
7567
7567
7569
7571
7571
7576
7576
7576
7576
7578
7578
7579
7581
7582
7583
7585
7585
7594
7597
7598
7599
7599
7599
7600
7601
7603
7603
7607
7608
7609
7610
7611
7612
7612
7612
7612
7613
7613
7614
7615
7615
7616
7617
7618
7618
7620
7621
7622
7623
7623
7625
7626
7626
7626
7628
7630
7630
7631
7633
7633
7634
7635
7637
7638
7638
7639
7639
7639
7640
7640
7643
7644
7645
7645
7645
7645
7646
7646
7650
7652
7652
7653
7654
7654
7655
7657
7662
7664
7667
7667
7667
7668
7668
7670
7671
7672
7673
7674
7675
7675
7675
7676
7676
7678
7678
7678
7679
7679
7680
7680
7684
7684
7684
7685
7685
7686
7688
7688
7689
7692
7692
7693
7693
7694
7695
7695
7697
7697
7698
7699
7699
7700
7701
7701
7703
7703
7704
7706
7707
7707
7707
7710
7712
7712
7712
7713
7715
7716
7716
7717
7718
7719
7720
7722
7723
7723
7723
7725
7725
7726
7727
7727
7727
7730
7730
7734
7734
7737
7738
7741
7743
7743
7744
7746
7749
7751
7752
7752
7753
7755
7756
7757
7759
7760
7760
7761
7762
7762
7763
7764
7764
7765
7765
7766
7766
7767
7767
7768
7769
7769
7771
7773
7774
7775
7775
7775
7777
7778
7778
7779
7780
7782
7782
7783
7784
7785
7785
7786
7787
7787
7788
7789
7789
7789
7789
7791
7791
7793
7793
7793
7794
7794
7795
7795
7796
7796
7796
7797
7797
7799
7801
7802
7803
7807
7807
7807
7808
7809
7810
7812
7813
7813
7813
7815
7815
7816
7816
7816
7817
7817
7819
7819
7819
7820
7820
7821
7821
7822
7823
7823
7823
7824
7824
7826
7827
7829
7829
7830
7831
7833
7834
7837
7838
7838
7839
7840
7840
7842
7842
7843
7843
7844
7845
7847
7849
7851
7852
7853
7854
7855
7856
7859
7859
7859
7859
7861
7862
7862
7862
7863
7864
7865
7865
7866
7869
7869
7869
7870
7871
7874
7875
7875
7875
7876
7879
7880
7881
7882
7883
7884
7886
7886
7887
7888
7889
7889
7890
7890
7891
7894
7896
7896
7897
7898
7899
7900
7900
7901
7901
7901
7903
7904
7905
7906
7906
7907
7909
7910
7910
7910
7914
7915
7919
7919
7920
7920
7921
7921
7923
7924
7925
7925
7926
7926
7927
7931
7931
7933
7933
7935
7936
7936
7937
7938
7938
7939
7941
7941
7944
7946
7948
7949
7951
7951
7953
7953
7954
7955
7956
7957
7958
7959
7959
7961
7961
7962
7963
7964
7964
7966
7966
7967
7968
7970
7970
7971
7971
7971
7973
7974
7975
7978
7979
7981
7984
7984
7986
7988
7988
7988
7989
7989
7990
7991
7994
7995
7998
7999
7999
8001
8002
8002
8002
8006
8008
8009
8009
8010
8011
8011
8011
8013
8016
8016
8016
8017
8019
8019
8019
8020
8020
8024
8025
8025
8026
8027
8027
8028
8029
8029
8031
8032
8032
8035
8036
8038
8039
8040
8040
8041
8041
8042
8044
8045
8048
8049
8049
8051
8053
8056
8056
8057
8057
8058
8058
8058
8059
8061
8062
8063
8065
8065
8066
8067
8068
8072
8073
8074
8074
8076
8076
8078
8081
8082
8083
8083
8084
8084
8086
8086
8086
8087
8089
8089
8089
8090
8090
8093
8094
8094
8098
8099
8099
8100
8101
8102
8103
8103
8105
8106
8107
8108
8108
8108
8108
8109
8109
8110
8112
8112
8112
8114
8116
8118
8119
8119
8120
8121
8125
8131
8132
8133
8134
8135
8135
8137
8138
8138
8139
8139
8140
8140
8142
8142
8143
8144
8144
8145
8145
8146
8146
8146
8149
8149
8151
8152
8154
8157
8157
8158
8158
8160
8161
8162
8162
8163
8163
8163
8164
8167
8168
8169
8171
8173
8174
8175
8176
8177
8177
8180
8180
8182
8183
8183
8184
8184
8184
8185
8187
8187
8187
8187
8188
8189
8190
8190
8191
8193
8194
8195
8196
8196
8200
8200
8202
8202
8202
8204
8204
8209
8209
8210
8210
8213
8213
8214
8216
8218
8219
8219
8219
8220
8221
8222
8224
8225
8226
8226
8226
8226
8227
8232
8233
8237
8237
8238
8239
8240
8240
8241
8242
8245
8246
8246
8247
8249
8249
8251
8253
8254
8254
8254
8254
8255
8258
8260
8262
8263
8264
8265
8267
8268
8271
8271
8272
8272
8272
8273
8274
8277
8280
8280
8281
8281
8281
8281
8281
8281
8282
8282
8282
8282
8284
8285
8286
8287
8287
8288
8288
8289
8290
8291
8292
8294
8295
8295
8295
8296
8296
8296
8298
8300
8304
8304
8307
8307
8307
8311
8311
8311
8313
8313
8314
8314
8315
8317
8318
8318
8319
8319
8323
8326
8327
8328
8328
8328
8328
8328
8332
8333
8334
8334
8334
8337
8337
8338
8338
8340
8341
8343
8343
8343
8344
8345
8346
8346
8348
8348
8348
8348
8350
8350
8350
8351
8351
8352
8353
8353
8355
8355
8355
8356
8357
8360
8363
8365
8365
8366
8367
8370
8370
8372
8373
8374
8375
8375
8377
8377
8379
8379
8381
8384
8385
8388
8389
8390
8391
8391
8392
8393
8393
8393
8395
8399
8401
8402
8403
8403
8405
8405
8407
8408
8409
8410
8410
8411
8412
8413
8413
8414
8415
8415
8416
8416
8418
8420
8421
8421
8422
8422
8423
8423
8426
8426
8428
8428
8428
8429
8430
8430
8430
8431
8432
8433
8434
8435
8435
8436
8436
8438
8439
8440
8443
8444
8445
8445
8447
8449
8449
8450
8451
8453
8454
8454
8455
8456
8456
8456
8457
8457
8460
8460
8460
8463
8464
8464
8465
8465
8466
8467
8467
8467
8467
8467
8474
8474
8475
8475
8475
8475
8477
8478
8478
8479
8480
8480
8482
8482
8484
8485
8488
8489
8490
8491
8491
8492
8492
8493
8496
8496
8496
8498
8498
8500
8503
8505
8505
8505
8506
8507
8508
8511
8512
8514
8516
8516
8518
8518
8519
8519
8520
8520
8521
8521
8522
8523
8524
8525
8525
8525
8527
8527
8529
8532
8532
8533
8534
8536
8536
8537
8538
8540
8540
8541
8543
8543
8545
8546
8550
8550
8551
8552
8553
8554
8554
8557
8557
8558
8559
8560
8561
8561
8564
8564
8565
8567
8567
8568
8568
8569
8569
8569
8570
8572
8572
8572
8572
8572
8573
8573
8577
8578
8580
8580
8581
8581
8582
8584
8585
8585
8587
8587
8589
8590
8594
8595
8595
8597
8598
8598
8598
8598
8599
8599
8601
8601
8602
8603
8603
8605
8606
8609
8610
8610
8610
8610
8611
8612
8612
8613
8615
8615
8616
8618
8623
8624
8625
8625
8625
8626
8630
8632
8635
8635
8636
8636
8638
8639
8640
8641
8642
8642
8643
8643
8643
8644
8645
8645
8646
8646
8647
8648
8648
8649
8650
8652
8653
8654
8654
8655
8655
8656
8657
8657
8658
8658
8663
8663
8666
8666
8667
8667
8667
8668
8669
8671
8671
8671
8671
8672
8672
8673
8673
8674
8675
8675
8676
8679
8679
8679
8679
8680
8681
8681
8681
8683
8684
8686
8687
8688
8688
8688
8690
8692
8693
8694
8694
8696
8697
8698
8698
8699
8701
8703
8703
8704
8705
8705
8705
8706
8708
8710
8710
8711
8714
8717
8718
8719
8719
8720
8720
8721
8721
8722
8723
8724
8725
8725
8727
8727
8727
8728
8730
8732
8732
8735
8736
8736
8740
8741
8742
8742
8743
8745
8745
8745
8747
8748
8748
8749
8749
8752
8754
8754
8761
8762
8762
8762
8763
8763
8764
8765
8765
8765
8767
8768
8769
8770
8770
8771
8771
8771
8772
8773
8774
8775
8776
8779
8779
8781
8783
8783
8784
8784
8785
8786
8786
8787
8788
8788
8790
8790
8790
8792
8792
8793
8793
8794
8794
8795
8796
8798
8800
8801
8803
8803
8806
8806
8808
8808
8809
8810
8810
8810
8812
8814
8814
8814
8815
8815
8815
8816
8818
8819
8821
8822
8822
8823
8823
8823
8824
8825
8825
8827
8829
8830
8831
8831
8831
8832
8834
8835
8837
8841
8842
8843
8844
8845
8847
8850
8851
8851
8851
8855
8855
8855
8855
8856
8858
8860
8861
8862
8863
8864
8867
8870
8870
8873
8876
8880
8880
8882
8883
8883
8884
8885
8886
8887
8888
8889
8890
8890
8890
8891
8891
8892
8893
8895
8895
8896
8897
8899
8900
8901
8902
8904
8904
8904
8904
8906
8906
8906
8907
8907
8908
8908
8911
8913
8913
8913
8914
8915
8917
8918
8918
8920
8921
8921
8922
8922
8922
8922
8922
8923
8923
8925
8926
8926
8927
8930
8933
8934
8934
8934
8935
8935
8936
8938
8938
8940
8940
8940
8942
8943
8945
8946
8947
8947
8948
8948
8949
8950
8951
8953
8954
8955
8955
8955
8956
8956
8957
8957
8959
8961
8962
8962
8963
8964
8965
8967
8967
8967
8968
8972
8973
8975
8975
8977
8978
8978
8978
8980
8982
8982
8983
8984
8984
8985
8986
8987
8989
8989
8990
8990
8990
8990
8992
8992
8993
8993
8995
8996
8996
8997
8999
8999
9000
9000
9000
9001
9004
9004
9007
9009
9009
9009
9011
9013
9013
9013
9014
9014
9015
9015
9016
9018
9020
9020
9020
9022
9022
9022
9022
9023
9023
9025
9028
9030
9031
9033
9034
9034
9034
9036
9037
9037
9039
9042
9046
9047
9049
9052
9053
9053
9054
9056
9059
9059
9059
9060
9060
9062
9062
9062
9062
9063
9068
9071
9072
9072
9073
9074
9075
9075
9076
9076
9077
9078
9081
9082
9083
9086
9086
9086
9087
9088
9090
9090
9090
9091
9092
9092
9097
9100
9101
9101
9101
9102
9103
9104
9105
9107
9107
9108
9110
9112
9114
9120
9121
9121
9123
9125
9128
9129
9131
9131
9134
9136
9137
9138
9139
9139
9141
9142
9150
9150
9150
9152
9152
9152
9153
9156
9158
9158
9158
9159
9160
9161
9162
9163
9163
9163
9164
9165
9166
9167
9168
9168
9170
9172
9172
9173
9173
9174
9175
9175
9176
9178
9178
9179
9179
9180
9181
9182
9184
9184
9185
9186
9186
9188
9189
9190
9191
9193
9194
9194
9196
9196
9196
9197
9197
9199
9199
9201
9201
9201
9202
9203
9204
9204
9204
9204
9205
9205
9206
9207
9207
9207
9207
9208
9210
9210
9211
9211
9212
9214
9214
9214
9216
9217
9217
9217
9218
9218
9220
9220
9221
9221
9222
9223
9223
9225
9228
9230
9230
9232
9233
9233
9233
9234
9234
9235
9236
9242
9243
9244
9245
9245
9245
9246
9248
9249
9250
9252
9252
9256
9256
9257
9258
9259
9260
9262
9263
9264
9264
9266
9266
9268
9268
9269
9270
9272
9273
9279
9284
9285
9286
9287
9289
9290
9294
9295
9295
9295
9295
9298
9298
9299
9300
9300
9300
9300
9301
9301
9302
9304
9306
9306
9307
9307
9308
9310
9313
9313
9314
9316
9317
9320
9321
9321
9323
9323
9323
9324
9327
9327
9329
9329
9330
9331
9331
9332
9333
9333
9334
9335
9335
9336
9336
9337
9340
9343
9344
9346
9346
9346
9346
9347
9348
9350
9351
9352
9355
9356
9357
9357
9358
9359
9360
9361
9361
9362
9362
9362
9364
9364
9367
9369
9369
9371
9371
9371
9372
9372
9373
9374
9376
9376
9377
9377
9377
9378
9378
9378
9379
9380
9380
9381
9382
9382
9383
9383
9384
9386
9386
9386
9386
9388
9389
9389
9389
9390
9390
9391
9391
9394
9394
9395
9396
9396
9396
9396
9396
9398
9402
9402
9403
9404
9404
9406
9407
9407
9407
9408
9408
9409
9409
9411
9411
9411
9412
9412
9413
9413
9415
9415
9416
9417
9418
9419
9420
9421
9421
9423
9424
9424
9425
9428
9430
9430
9431
9431
9432
9432
9432
9433
9433
9433
9436
9436
9437
9437
9439
9439
9439
9440
9441
9441
9442
9442
9442
9443
9444
9444
9444
9444
9446
9446
9447
9448
9449
9449
9449
9450
9450
9452
9453
9454
9455
9459
9459
9462
9462
9463
9465
9466
9466
9468
9468
9470
9470
9470
9470
9470
9471
9471
9473
9474
9475
9476
9476
9477
9478
9478
9480
9480
9482
9482
9482
9483
9484
9486
9490
9490
9491
9492
9492
9493
9495
9496
9499
9499
9502
9504
9504
9506
9508
9508
9509
9513
9514
9516
9516
9516
9517
9518
9519
9520
9520
9521
9521
9521
9522
9524
9524
9524
9526
9528
9529
9529
9531
9531
9532
9532
9534
9535
9536
9538
9539
9540
9541
9541
9542
9542
9542
9543
9545
9547
9548
9549
9551
9552
9553
9553
9553
9555
9555
9556
9557
9561
9562
9562
9563
9564
9564
9565
9566
9567
9569
9569
9569
9570
9573
9576
9579
9580
9580
9580
9587
9587
9589
9590
9591
9591
9592
9596
9596
9597
9599
9599
9601
9602
9602
9604
9606
9607
9609
9612
9613
9613
9614
9617
9618
9621
9621
9621
9623
9624
9624
9626
9628
9629
9631
9632
9632
9632
9633
9633
9634
9634
9636
9637
9638
9639
9642
9643
9646
9647
9647
9647
9647
9650
9650
9650
9651
9652
9654
9654
9655
9656
9657
9657
9658
9664
9665
9666
9667
9667
9668
9669
9669
9671
9671
9672
9673
9675
9676
9677
9678
9678
9680
9681
9682
9683
9683
9684
9685
9686
9687
9688
9690
9690
9692
9692
9693
9697
9697
9699
9700
9701
9701
9701
9701
9701
9703
9704
9705
9706
9706
9706
9708
9709
9709
9711
9712
9716
9716
9717
9718
9718
9718
9718
9719
9719
9720
9720
9721
9721
9721
9724
9726
9728
9728
9730
9732
9735
9736
9736
9737
9737
9740
9743
9743
9746
9747
9749
9749
9750
9750
9750
9750
9751
9751
9753
9756
9757
9757
9757
9758
9760
9760
9760
9761
9762
9762
9764
9764
9766
9769
9770
9774
9774
9774
9775
9775
9775
9776
9777
9778
9778
9778
9779
9779
9779
9780
9780
9782
9782
9783
9783
9784
9784
9785
9787
9787
9787
9788
9790
9791
9792
9792
9792
9793
9793
9794
9798
9798
9798
9800
9803
9804
9804
9805
9806
9806
9807
9809
9811
9811
9812
9815
9816
9816
9818
9818
9819
9820
9820
9821
9821
9822
9825
9826
9826
9827
9827
9827
9828
9830
9831
9833
9833
9834
9834
9835
9835
9835
9835
9836
9836
9837
9838
9840
9840
9840
9841
9843
9843
9844
9845
9845
9845
9845
9850
9851
9852
9855
9855
9855
9855
9855
9857
9857
9859
9859
9859
9861
9862
9862
9863
9864
9865
9866
9868
9868
9868
9869
9869
9870
9870
9871
9871
9874
9875
9877
9879
9879
9879
9879
9879
9881
9882
9883
9884
9886
9887
9888
9888
9892
9892
9892
9895
9895
9895
9897
9897
9898
9899
9901
9904
9904
9905
9905
9909
9910
9911
9916
9917
9917
9919
9919
9919
9919
9919
9919
9922
9923
9923
9925
9925
9926
9927
9929
9931
9934
9936
9936
9936
9936
9936
9937
9939
9940
9941
9942
9942
9945
9945
9946
9946
9946
9946
9946
9947
9947
9950
9951
9952
9953
9954
9954
9954
9954
9956
9957
9958
9958
9960
9960
9960
9960
9961
9962
9963
9963
9965
9965
9966
9967
9969
9970
9972
9975
9978
9979
9980
9984
9984
9985
9989
9991
9992
9993
9994
9994
9995
9996
9997
9997
9998
