2
2
2
2
2
2
2
4
4
5
5
5
5
7
9
10
12
12
13
15
15
16
16
18
19
20
21
23
24
25
26
27
28
29
29
29
32
32
32
33
33
33
34
36
36
36
38
38
38
41
43
45
46
47
47
49
50
51
51
51
52
53
54
55
56
56
57
58
60
65
66
70
71
72
73
73
74
74
74
79
83
83
84
85
85
89
90
91
91
93
93
95
96
96
99
99
100
100
102
102
104
104
105
105
106
107
108
109
112
114
115
115
115
117
123
124
124
125
126
127
128
128
130
131
132
132
132
133
134
134
135
135
137
137
138
138
140
140
140
140
142
143
143
144
145
146
146
147
147
148
148
148
149
149
149
149
150
150
151
155
157
159
159
161
162
163
164
165
166
167
167
170
170
171
174
175
175
176
176
177
177
177
179
180
180
180
181
182
183
184
185
187
187
187
188
189
189
191
193
195
195
197
198
198
198
200
201
202
203
205
205
205
206
206
209
209
210
210
210
211
211
211
213
216
217
218
218
223
223
224
225
226
226
228
228
228
229
230
230
231
232
232
232
234
234
234
235
235
236
236
237
239
239
241
245
245
246
246
246
251
252
252
253
254
255
255
259
259
259
260
261
261
261
264
265
265
266
267
268
268
270
271
274
275
275
275
276
278
280
280
281
282
282
283
283
283
284
284
286
287
287
287
289
289
289
291
291
293
293
294
294
295
295
297
299
301
301
301
301
302
304
304
306
307
308
309
310
310
311
312
313
316
316
317
318
319
320
321
321
324
326
328
328
329
329
331
333
335
335
338
340
341
342
343
345
346
346
350
351
353
353
354
354
355
357
357
357
358
358
359
359
361
361
362
363
363
364
367
370
370
372
375
377
378
379
380
380
380
381
381
382
384
385
385
386
388
388
390
391
392
392
392
392
393
394
394
394
396
396
397
399
400
400
404
406
407
407
407
407
408
410
411
412
412
413
413
415
416
418
419
419
420
420
421
422
422
422
423
423
424
424
425
427
428
428
428
428
431
431
432
434
434
434
435
435
436
436
438
439
439
442
444
446
447
447
449
449
451
451
452
454
455
455
456
457
458
458
460
462
462
462
463
464
464
464
465
470
470
471
473
473
476
479
479
479
479
480
482
482
483
484
486
487
487
487
489
491
491
493
494
494
498
499
500
500
501
501
501
502
502
502
503
504
504
505
506
506
506
507
508
509
510
511
512
512
518
518
519
519
520
522
523
524
525
526
527
528
528
529
531
533
533
533
534
537
538
538
539
540
540
542
544
544
544
546
546
546
547
549
549
549
549
551
551
551
552
555
557
557
558
560
561
561
563
564
566
567
569
570
570
571
572
576
576
577
577
577
578
579
582
583
583
583
584
584
584
586
586
587
589
590
590
590
592
594
594
596
597
599
599
599
601
602
602
603
604
605
607
607
608
611
612
614
616
617
619
619
619
620
620
620
621
621
621
623
626
628
628
632
632
634
635
635
636
636
636
637
638
638
638
643
644
644
645
645
646
646
648
651
651
653
653
658
659
660
660
661
663
664
664
664
665
665
666
666
667
667
668
668
671
673
673
673
673
674
674
674
675
678
681
682
682
683
684
685
686
687
687
688
689
689
689
690
691
691
692
695
698
698
700
701
702
704
705
707
708
709
709
710
710
713
716
720
720
720
721
721
721
722
724
724
728
729
729
729
730
732
733
733
734
735
735
735
736
736
738
738
738
738
740
740
742
743
745
745
745
745
745
746
746
749
751
752
753
755
755
756
756
759
760
760
760
760
760
763
766
767
767
768
770
771
772
772
772
773
773
774
774
774
775
779
779
780
780
781
783
783
783
785
793
794
795
796
798
799
799
800
801
801
802
802
803
804
804
805
806
807
810
811
813
813
815
816
818
818
819
821
822
823
823
823
823
823
824
825
826
827
828
829
830
831
832
833
834
834
836
837
838
840
841
842
846
846
846
847
847
848
849
854
858
860
861
861
862
864
864
864
865
867
869
869
871
871
873
873
873
873
874
874
874
876
876
877
877
877
878
878
879
880
880
881
881
882
884
884
884
884
885
886
888
890
890
891
892
895
896
897
897
898
898
899
899
901
901
903
906
906
907
907
908
908
908
909
910
910
910
910
911
912
913
913
914
914
914
915
917
917
919
921
921
921
922
923
923
924
924
924
925
925
925
926
927
927
928
929
931
932
933
934
934
934
934
935
935
936
939
940
940
941
941
942
942
943
944
948
949
949
949
954
956
956
957
957
958
959
961
961
961
961
962
962
964
966
968
970
970
971
972
972
972
975
976
976
977
978
980
981
981
981
986
986
987
987
991
991
991
991
992
994
996
996
997
998
1001
1001
1002
1003
1003
1003
1004
1006
1007
1008
1011
1012
1012
1014
1014
1015
1015
1016
1017
1018
1019
1020
1020
1020
1021
1022
1022
1023
1024
1026
1029
1030
1030
1030
1030
1031
1032
1032
1033
1035
1036
1036
1037
1037
1037
1039
1039
1039
1040
1040
1042
1042
1044
1045
1048
1048
1050
1050
1051
1051
1053
1056
1057
1057
1058
1058
1059
1062
1062
1062
1064
1066
1067
1067
1068
1070
1071
1071
1071
1072
1073
1074
1075
1076
1078
1079
1079
1081
1081
1081
1082
1084
1084
1086
1088
1092
1094
1094
1095
1097
1098
1098
1099
1099
1100
1101
1101
1102
1103
1105
1106
1106
1107
1107
1108
1111
1111
1111
1112
1112
1113
1113
1114
1114
1115
1117
1117
1117
1117
1119
1119
1121
1122
1123
1123
1124
1126
1128
1128
1129
1129
1130
1131
1131
1131
1131
1132
1134
1134
1137
1138
1138
1139
1143
1146
1147
1149
1150
1150
1151
1151
1152
1152
1155
1155
1157
1157
1158
1158
1159
1160
1161
1162
1164
1165
1165
1165
1166
1166
1167
1168
1169
1169
1169
1170
1172
1172
1172
1174
1175
1179
1180
1183
1183
1187
1187
1187
1188
1188
1189
1189
1191
1191
1192
1194
1194
1194
1194
1196
1197
1197
1199
1199
1201
1202
1203
1203
1204
1204
1206
1206
1206
1207
1207
1208
1208
1208
1209
1210
1211
1211
1212
1213
1213
1213
1214
1216
1218
1219
1219
1221
1221
1222
1223
1225
1227
1229
1233
1233
1234
1237
1239
1240
1241
1244
1244
1246
1249
1250
1250
1251
1251
1251
1253
1255
1255
1256
1257
1257
1258
1259
1261
1261
1263
1264
1266
1267
1267
1267
1267
1268
1268
1273
1276
1278
1279
1285
1288
1288
1288
1289
1289
1290
1290
1291
1293
1294
1298
1299
1301
1301
1302
1302
1302
1302
1303
1303
1305
1305
1306
1306
1311
1311
1311
1312
1314
1314
1315
1316
1317
1317
1318
1321
1321
1321
1323
1327
1327
1327
1328
1328
1332
1333
1333
1334
1334
1335
1336
1336
1337
1338
1339
1339
1340
1344
1346
1347
1350
1350
1351
1351
1352
1352
1353
1354
1356
1357
1357
1357
1357
1358
1358
1359
1359
1361
1362
1364
1364
1364
1365
1369
1370
1371
1372
1373
1373
1373
1374
1374
1375
1375
1378
1379
1382
1382
1383
1384
1386
1387
1392
1394
1394
1396
1396
1396
1401
1401
1402
1402
1402
1403
1403
1404
1404
1405
1406
1406
1406
1407
1407
1409
1409
1409
1409
1411
1413
1414
1414
1416
1417
1418
1418
1421
1421
1422
1422
1423
1424
1425
1426
1426
1426
1430
1431
1432
1432
1432
1433
1435
1438
1438
1439
1439
1440
1440
1442
1445
1446
1448
1449
1450
1452
1453
1455
1456
1456
1456
1457
1457
1457
1458
1459
1460
1461
1464
1465
1467
1467
1467
1471
1471
1473
1473
1473
1474
1476
1477
1478
1480
1480
1481
1481
1483
1484
1486
1487
1490
1491
1492
1492
1493
1496
1499
1499
1500
1500
1501
1502
1504
1504
1507
1507
1508
1509
1510
1512
1512
1515
1515
1516
1516
1516
1517
1517
1518
1519
1519
1520
1521
1522
1522
1524
1525
1527
1528
1529
1531
1532
1534
1535
1535
1536
1536
1537
1537
1538
1538
1540
1542
1543
1545
1547
1549
1549
1549
1552
1553
1554
1555
1555
1555
1556
1556
1557
1557
1557
1558
1558
1560
1561
1563
1564
1565
1567
1567
1567
1567
1571
1574
1575
1579
1580
1580
1581
1583
1585
1585
1588
1588
1588
1588
1589
1589
1589
1592
1592
1596
1597
1597
1598
1598
1598
1599
1600
1600
1601
1601
1604
1604
1604
1607
1608
1609
1609
1609
1610
1610
1611
1611
1611
1612
1613
1614
1615
1618
1618
1619
1619
1621
1622
1624
1626
1626
1626
1626
1627
1627
1627
1629
1631
1632
1634
1635
1635
1636
1636
1637
1637
1637
1639
1639
1641
1641
1643
1644
1645
1645
1646
1646
1647
1649
1650
1651
1652
1653
1654
1658
1659
1664
1664
1666
1668
1668
1669
1670
1671
1671
1674
1674
1675
1675
1676
1677
1677
1677
1677
1678
1679
1679
1680
1683
1683
1684
1684
1685
1685
1685
1688
1688
1690
1691
1692
1692
1692
1693
1693
1693
1694
1695
1695
1697
1697
1698
1698
1700
1700
1701
1702
1702
1706
1707
1708
1708
1710
1711
1711
1713
1715
1716
1718
1719
1719
1721
1724
1726
1726
1726
1729
1729
1730
1730
1736
1737
1737
1737
1737
1738
1738
1739
1739
1740
1740
1740
1740
1742
1744
1744
1744
1745
1746
1748
1748
1748
1749
1750
1751
1751
1754
1754
1755
1756
1756
1757
1760
1762
1765
1765
1766
1768
1769
1769
1770
1773
1773
1773
1774
1774
1775
1775
1776
1778
1778
1778
1778
1778
1779
1781
1782
1783
1783
1784
1786
1787
1787
1787
1789
1790
1791
1792
1796
1800
1800
1803
1804
1806
1809
1810
1811
1813
1813
1814
1815
1816
1817
1819
1819
1820
1821
1821
1823
1823
1824
1829
1830
1830
1831
1834
1834
1834
1835
1836
1836
1837
1838
1839
1840
1841
1842
1843
1843
1843
1844
1845
1848
1848
1849
1850
1851
1851
1853
1854
1856
1857
1858
1859
1860
1860
1864
1864
1865
1865
1866
1866
1867
1867
1868
1868
1868
1869
1870
1871
1872
1872
1872
1874
1874
1874
1875
1875
1876
1877
1878
1879
1879
1880
1880
1881
1882
1883
1883
1884
1884
1884
1884
1886
1886
1887
1887
1890
1890
1891
1891
1891
1891
1894
1895
1896
1896
1896
1897
1897
1897
1899
1901
1901
1902
1907
1907
1911
1915
1915
1916
1916
1918
1918
1918
1919
1920
1920
1920
1920
1920
1921
1921
1921
1923
1923
1924
1924
1925
1926
1926
1926
1926
1927
1927
1928
1929
1929
1929
1930
1930
1931
1932
1932
1933
1934
1935
1935
1936
1938
1939
1941
1942
1945
1945
1946
1947
1948
1948
1948
1949
1949
1952
1952
1952
1952
1953
1954
1957
1957
1958
1958
1958
1960
1961
1962
1962
1963
1963
1964
1965
1965
1966
1968
1969
1970
1970
1970
1971
1973
1973
1973
1977
1977
1978
1979
1985
1986
1987
1988
1989
1991
1991
1992
1992
1993
1993
1993
1997
1997
1999
1999
2000
2002
2002
2003
2003
2003
2003
2004
2005
2006
2008
2010
2011
2012
2013
2013
2014
2015
2019
2019
2021
2024
2025
2025
2025
2027
2028
2029
2029
2030
2030
2031
2032
2032
2032
2032
2034
2035
2035
2035
2036
2036
2037
2039
2039
2039
2039
2040
2040
2041
2041
2042
2042
2044
2044
2045
2047
2047
2051
2051
2052
2053
2055
2055
2055
2057
2057
2060
2062
2062
2063
2066
2067
2067
2070
2070
2070
2071
2071
2074
2074
2074
2078
2078
2079
2081
2083
2084
2086
2088
2088
2089
2092
2093
2093
2094
2094
2097
2098
2099
2099
2100
2100
2101
2102
2102
2102
2105
2106
2106
2106
2109
2115
2116
2117
2118
2119
2119
2119
2121
2121
2121
2123
2123
2126
2127
2127
2127
2127
2128
2128
2130
2135
2136
2136
2136
2137
2137
2138
2139
2140
2140
2143
2146
2146
2146
2146
2147
2148
2148
2151
2152
2152
2153
2154
2155
2155
2156
2156
2158
2161
2163
2164
2164
2165
2166
2168
2168
2168
2169
2169
2169
2170
2174
2174
2176
2177
2178
2178
2182
2182
2183
2187
2189
2189
2191
2193
2195
2195
2196
2196
2197
2197
2198
2199
2200
2201
2202
2204
2205
2207
2207
2208
2208
2209
2211
2211
2211
2212
2212
2215
2219
2220
2220
2220
2221
2222
2222
2224
2225
2227
2229
2230
2232
2232
2234
2237
2238
2239
2242
2243
2246
2246
2248
2249
2250
2251
2253
2253
2253
2254
2255
2256
2257
2259
2260
2260
2261
2261
2262
2264
2264
2264
2267
2267
2268
2269
2269
2270
2273
2273
2274
2276
2276
2277
2277
2278
2280
2280
2280
2281
2283
2284
2286
2286
2287
2287
2287
2288
2288
2290
2291
2292
2292
2292
2293
2293
2294
2296
2296
2297
2297
2300
2300
2300
2300
2301
2301
2302
2304
2304
2305
2305
2307
2308
2308
2311
2311
2311
2312
2312
2312
2313
2317
2317
2318
2318
2320
2323
2324
2324
2324
2325
2326
2327
2327
2328
2328
2330
2330
2332
2334
2335
2335
2338
2338
2342
2342
2344
2345
2345
2346
2346
2347
2347
2347
2348
2350
2351
2352
2352
2354
2354
2356
2357
2357
2360
2364
2364
2364
2365
2370
2371
2373
2376
2377
2378
2379
2379
2379
2379
2381
2381
2381
2382
2384
2385
2385
2386
2386
2387
2388
2390
2394
2394
2396
2396
2398
2399
2400
2400
2402
2403
2405
2409
2409
2410
2410
2412
2413
2413
2414
2414
2415
2415
2415
2416
2416
2416
2417
2417
2418
2418
2419
2420
2421
2422
2422
2422
2425
2426
2427
2428
2430
2430
2430
2430
2431
2431
2432
2432
2433
2434
2436
2438
2438
2438
2440
2441
2442
2444
2444
2445
2446
2446
2447
2450
2451
2451
2451
2452
2454
2455
2456
2456
2457
2458
2458
2459
2460
2465
2466
2467
2467
2469
2470
2470
2470
2471
2476
2476
2480
2484
2485
2485
2485
2485
2486
2486
2487
2487
2489
2490
2492
2492
2493
2494
2495
2496
2497
2498
2498
2499
2499
2499
2499
2500
2500
2501
2502
2504
2505
2505
2506
2508
2508
2511
2511
2512
2513
2514
2517
2519
2520
2521
2522
2522
2525
2526
2526
2528
2529
2530
2530
2532
2533
2534
2535
2536
2537
2538
2538
2538
2539
2542
2542
2544
2545
2546
2546
2547
2548
2549
2553
2553
2555
2555
2555
2555
2555
2555
2555
2555
2555
2555
2556
2557
2558
2559
2559
2559
2559
2560
2562
2562
2563
2563
2563
2564
2565
2566
2566
2566
2566
2571
2571
2572
2573
2573
2576
2577
2577
2577
2579
2581
2581
2582
2583
2585
2586
2587
2589
2591
2591
2591
2593
2596
2599
2599
2601
2604
2604
2605
2605
2606
2611
2612
2612
2613
2615
2616
2617
2617
2617
2618
2618
2619
2619
2620
2621
2624
2624
2626
2626
2626
2627
2628
2630
2630
2631
2632
2633
2633
2634
2634
2635
2635
2637
2638
2639
2643
2643
2646
2646
2647
2647
2648
2649
2650
2651
2651
2651
2653
2653
2654
2655
2655
2657
2658
2659
2659
2662
2662
2662
2664
2666
2667
2667
2668
2669
2670
2670
2671
2672
2673
2673
2674
2676
2678
2678
2678
2678
2679
2679
2680
2680
2680
2680
2681
2682
2682
2684
2685
2686
2688
2689
2690
2692
2694
2695
2695
2696
2696
2697
2697
2698
2699
2699
2699
2701
2701
2701
2702
2703
2703
2704
2705
2705
2706
2706
2707
2707
2708
2710
2714
2714
2714
2715
2718
2720
2720
2720
2722
2727
2728
2728
2728
2729
2730
2730
2732
2733
2734
2736
2739
2739
2740
2741
2741
2743
2743
2744
2745
2748
2749
2749
2750
2751
2751
2752
2753
2753
2754
2754
2755
2759
2760
2760
2760
2761
2762
2767
2767
2767
2769
2770
2771
2772
2772
2773
2773
2773
2774
2775
2777
2778
2778
2778
2779
2779
2780
2780
2782
2785
2785
2787
2788
2788
2788
2788
2788
2789
2789
2790
2790
2791
2792
2793
2794
2794
2794
2795
2796
2797
2801
2802
2803
2803
2804
2805
2806
2806
2807
2807
2807
2807
2810
2812
2814
2816
2820
2821
2821
2822
2823
2823
2823
2824
2824
2824
2824
2825
2826
2826
2827
2829
2834
2834
2834
2836
2838
2841
2846
2848
2850
2851
2852
2852
2855
2859
2859
2860
2861
2862
2863
2863
2864
2864
2865
2865
2868
2873
2874
2874
2875
2876
2877
2877
2877
2878
2879
2880
2882
2883
2883
2883
2884
2884
2885
2885
2887
2887
2889
2889
2889
2891
2892
2894
2894
2895
2895
2896
2898
2900
2900
2901
2902
2902
2904
2905
2905
2905
2907
2907
2914
2915
2915
2916
2917
2917
2918
2918
2919
2920
2922
2923
2924
2925
2926
2928
2928
2929
2930
2932
2933
2933
2933
2933
2933
2935
2935
2936
2937
2938
2939
2939
2940
2940
2941
2942
2942
2944
2947
2948
2948
2950
2950
2951
2953
2953
2956
2958
2958
2961
2962
2962
2963
2965
2966
2967
2967
2968
2968
2968
2968
2969
2970
2971
2973
2974
2975
2976
2977
2977
2978
2980
2981
2982
2983
2983
2984
2985
2985
2985
2987
2987
2988
2989
2989
2989
2989
2989
2989
2990
2990
2990
2993
2994
2994
2994
2994
2995
2996
2997
2997
2998
2999
3000
3001
3001
3002
3004
3005
3006
3008
3009
3012
3013
3013
3015
3015
3016
3017
3020
3021
3022
3022
3023
3023
3023
3024
3024
3025
3025
3026
3029
3030
3031
3031
3031
3032
3032
3033
3034
3034
3037
3037
3039
3041
3042
3042
3043
3044
3045
3048
3051
3051
3051
3052
3055
3056
3059
3059
3059
3060
3061
3064
3067
3067
3071
3071
3071
3073
3076
3077
3078
3083
3083
3085
3085
3086
3086
3088
3088
3089
3089
3090
3091
3092
3092
3092
3093
3093
3100
3100
3101
3101
3103
3104
3104
3106
3106
3107
3108
3108
3109
3110
3113
3116
3117
3117
3119
3119
3119
3122
3125
3126
3126
3126
3128
3132
3132
3133
3134
3134
3134
3134
3138
3139
3140
3141
3143
3144
3145
3148
3151
3151
3154
3156
3157
3160
3161
3161
3162
3164
3165
3165
3166
3168
3169
3169
3170
3170
3170
3173
3173
3174
3175
3175
3176
3176
3178
3178
3179
3179
3179
3180
3180
3180
3181
3181
3181
3182
3185
3185
3187
3187
3188
3188
3189
3189
3189
3191
3192
3192
3192
3193
3194
3196
3197
3198
3200
3200
3201
3201
3201
3201
3201
3202
3202
3206
3207
3208
3208
3209
3209
3209
3211
3212
3213
3214
3216
3216
3216
3218
3219
3221
3221
3222
3223
3223
3225
3225
3229
3230
3232
3233
3233
3235
3237
3237
3238
3238
3238
3240
3240
3243
3247
3247
3248
3252
3253
3257
3260
3260
3262
3264
3264
3267
3268
3269
3269
3272
3273
3273
3273
3276
3277
3277
3278
3279
3280
3281
3281
3282
3283
3283
3283
3284
3285
3287
3287
3288
3288
3289
3289
3290
3290
3291
3292
3292
3293
3294
3295
3296
3296
3298
3298
3298
3299
3299
3299
3300
3301
3305
3309
3309
3311
3311
3312
3313
3313
3315
3315
3318
3318
3319
3319
3319
3320
3320
3321
3323
3323
3323
3323
3324
3325
3330
3330
3330
3331
3332
3332
3332
3333
3333
3333
3335
3336
3337
3338
3338
3340
3340
3340
3342
3342
3344
3345
3346
3351
3352
3352
3353
3354
3354
3356
3356
3356
3357
3357
3360
3364
3364
3364
3364
3366
3366
3370
3371
3371
3373
3373
3375
3375
3376
3378
3378
3382
3384
3386
3388
3389
3392
3393
3395
3396
3396
3397
3398
3398
3399
3399
3404
3404
3407
3410
3411
3411
3411
3413
3413
3414
3416
3416
3417
3417
3418
3420
3423
3427
3428
3430
3431
3431
3433
3433
3434
3435
3435
3437
3438
3441
3442
3444
3445
3446
3447
3450
3453
3454
3454
3454
3459
3460
3460
3462
3462
3462
3462
3462
3464
3466
3468
3469
3469
3470
3471
3474
3474
3475
3477
3477
3479
3479
3480
3480
3480
3481
3482
3484
3485
3486
3487
3488
3488
3489
3489
3490
3490
3491
3491
3491
3493
3494
3494
3495
3495
3495
3496
3496
3496
3497
3497
3497
3500
3500
3503
3503
3503
3503
3505
3505
3505
3506
3507
3508
3508
3508
3508
3508
3509
3509
3510
3510
3516
3516
3518
3518
3520
3520
3521
3522
3523
3524
3524
3524
3524
3525
3526
3528
3535
3536
3537
3537
3539
3539
3540
3540
3540
3543
3544
3544
3544
3545
3545
3545
3547
3548
3549
3549
3550
3552
3553
3554
3559
3559
3560
3560
3560
3561
3561
3561
3564
3564
3564
3568
3572
3573
3573
3573
3573
3574
3574
3576
3578
3579
3581
3582
3583
3584
3584
3584
3585
3585
3586
3587
3588
3591
3591
3593
3594
3594
3595
3596
3598
3599
3599
3600
3601
3602
3602
3604
3604
3605
3607
3607
3609
3612
3614
3616
3617
3618
3619
3619
3623
3625
3626
3626
3627
3633
3634
3635
3636
3636
3637
3637
3638
3638
3639
3639
3643
3643
3644
3645
3647
3647
3649
3649
3650
3651
3651
3654
3654
3655
3657
3658
3658
3660
3660
3661
3663
3663
3663
3664
3666
3666
3668
3670
3670
3673
3675
3675
3676
3678
3680
3680
3682
3685
3686
3686
3687
3691
3691
3692
3692
3692
3693
3693
3694
3696
3700
3702
3703
3703
3704
3707
3709
3710
3711
3712
3713
3713
3714
3714
3715
3716
3716
3718
3718
3719
3719
3721
3722
3725
3725
3725
3728
3729
3733
3735
3737
3738
3739
3740
3741
3741
3742
3744
3745
3747
3749
3750
3750
3751
3751
3752
3753
3753
3753
3753
3754
3754
3755
3756
3756
3758
3758
3758
3758
3758
3759
3760
3761
3762
3763
3764
3765
3767
3771
3771
3772
3773
3775
3775
3775
3776
3777
3777
3779
3780
3780
3780
3781
3782
3782
3784
3785
3785
3785
3786
3786
3791
3791
3793
3795
3795
3795
3796
3798
3800
3801
3801
3801
3802
3802
3804
3804
3806
3806
3808
3808
3808
3808
3809
3809
3810
3811
3812
3819
3819
3819
3820
3821
3821
3822
3822
3824
3824
3824
3828
3829
3830
3831
3833
3833
3833
3835
3835
3835
3836
3837
3839
3839
3840
3840
3842
3842
3842
3844
3845
3845
3847
3848
3849
3849
3850
3851
3851
3852
3852
3852
3854
3855
3858
3858
3859
3861
3862
3863
3863
3865
3866
3866
3867
3868
3868
3869
3869
3869
3870
3870
3871
3871
3871
3871
3872
3872
3877
3881
3882
3883
3883
3883
3884
3885
3885
3885
3886
3888
3888
3888
3889
3889
3889
3889
3890
3892
3893
3894
3894
3894
3895
3897
3897
3900
3901
3901
3901
3902
3903
3904
3907
3907
3908
3909
3909
3910
3911
3911
3913
3915
3916
3916
3917
3919
3920
3924
3924
3925
3926
3927
3928
3929
3930
3932
3934
3935
3935
3936
3937
3937
3941
3941
3945
3945
3946
3947
3947
3949
3953
3953
3955
3955
3957
3957
3958
3959
3961
3962
3963
3963
3963
3964
3965
3966
3967
3967
3969
3971
3972
3972
3973
3973
3974
3975
3978
3979
3980
3981
3983
3985
3987
3988
3989
3991
3996
3997
3997
3997
3998
3999
3999
3999
4000
4001
4002
4003
4004
4004
4005
4006
4007
4008
4008
4011
4011
4011
4012
4012
4014
4016
4017
4018
4018
4019
4019
4023
4023
4023
4023
4025
4027
4028
4029
4030
4031
4032
4033
4034
4036
4039
4040
4044
4044
4047
4051
4051
4052
4052
4052
4054
4054
4055
4055
4057
4058
4058
4059
4060
4062
4062
4065
4066
4067
4068
4070
4070
4070
4071
4075
4075
4075
4076
4079
4081
4082
4082
4083
4086
4088
4089
4090
4090
4090
4090
4091
4092
4093
4093
4095
4095
4097
4098
4100
4100
4101
4102
4104
4106
4106
4107
4107
4108
4109
4109
4110
4110
4110
4111
4112
4112
4113
4114
4122
4123
4124
4125
4126
4128
4129
4131
4133
4134
4136
4136
4137
4139
4139
4139
4139
4140
4140
4141
4142
4144
4145
4145
4146
4149
4150
4150
4152
4153
4157
4162
4166
4167
4168
4169
4170
4171
4172
4172
4172
4172
4173
4174
4175
4176
4176
4176
4178
4178
4183
4185
4186
4187
4187
4188
4188
4194
4194
4195
4197
4198
4198
4199
4199
4200
4201
4204
4205
4207
4208
4209
4211
4212
4212
4213
4214
4215
4216
4219
4219
4220
4220
4224
4224
4224
4226
4226
4227
4228
4229
4230
4234
4235
4237
4237
4237
4239
4240
4242
4243
4243
4243
4244
4244
4244
4245
4245
4248
4248
4249
4250
4251
4252
4253
4254
4254
4255
4256
4257
4257
4257
4257
4258
4260
4262
4263
4265
4265
4266
4266
4266
4267
4267
4268
4269
4269
4269
4271
4272
4272
4272
4272
4273
4274
4277
4277
4277
4278
4278
4280
4280
4281
4281
4282
4282
4282
4285
4286
4286
4293
4293
4294
4295
4297
4300
4302
4303
4304
4307
4309
4312
4312
4313
4316
4316
4318
4320
4320
4321
4324
4326
4327
4328
4328
4330
4330
4332
4333
4333
4334
4335
4337
4337
4338
4339
4340
4342
4342
4342
4342
4343
4344
4345
4345
4345
4346
4351
4352
4354
4354
4355
4358
4359
4359
4359
4361
4362
4363
4364
4366
4366
4366
4367
4369
4369
4369
4372
4373
4373
4373
4374
4377
4379
4380
4382
4383
4383
4383
4384
4385
4387
4388
4391
4391
4392
4392
4395
4397
4398
4399
4400
4401
4402
4402
4403
4403
4405
4407
4407
4408
4409
4411
4411
4411
4412
4413
4415
4415
4415
4416
4417
4419
4420
4422
4423
4424
4425
4425
4427
4428
4428
4429
4430
4430
4430
4432
4433
4433
4434
4434
4434
4436
4436
4437
4437
4438
4438
4439
4440
4440
4444
4445
4448
4448
4450
4451
4452
4452
4452
4453
4454
4457
4457
4458
4460
4461
4461
4462
4463
4463
4465
4467
4468
4469
4470
4470
4471
4472
4473
4475
4476
4476
4477
4477
4479
4479
4480
4481
4482
4482
4482
4485
4486
4487
4488
4489
4491
4492
4493
4494
4495
4495
4495
4497
4498
4498
4499
4501
4503
4504
4506
4508
4509
4509
4510
4510
4512
4512
4512
4515
4519
4522
4522
4524
4525
4526
4527
4529
4529
4530
4533
4533
4534
4534
4534
4536
4536
4537
4541
4541
4541
4541
4544
4544
4546
4546
4548
4549
4549
4552
4553
4554
4557
4558
4560
4562
4563
4563
4563
4565
4565
4567
4567
4569
4570
4570
4571
4571
4571
4572
4573
4576
4576
4577
4579
4581
4585
4586
4586
4586
4586
4588
4588
4588
4588
4589
4589
4591
4592
4592
4593
4593
4595
4596
4599
4599
4601
4602
4602
4603
4604
4604
4605
4607
4607
4607
4608
4609
4611
4612
4613
4613
4615
4615
4618
4621
4621
4621
4621
4622
4623
4624
4627
4627
4629
4630
4631
4631
4631
4633
4633
4633
4635
4635
4635
4636
4638
4638
4641
4642
4643
4643
4644
4645
4647
4647
4648
4650
4651
4652
4654
4654
4659
4660
4660
4660
4660
4665
4666
4666
4668
4668
4669
4672
4674
4676
4677
4677
4677
4677
4678
4678
4679
4681
4681
4683
4683
4683
4683
4686
4686
4686
4686
4687
4688
4689
4689
4689
4691
4692
4693
4698
4699
4700
4701
4702
4702
4704
4704
4704
4704
4707
4707
4707
4708
4708
4708
4709
4710
4711
4711
4711
4712
4714
4715
4716
4717
4718
4720
4720
4722
4725
4728
4728
4730
4730
4732
4732
4733
4734
4735
4735
4737
4738
4738
4738
4739
4741
4742
4742
4745
4745
4747
4748
4750
4751
4751
4751
4752
4753
4755
4755
4758
4758
4759
4759
4761
4762
4762
4769
4769
4769
4771
4773
4774
4774
4775
4775
4775
4777
4778
4779
4780
4781
4782
4783
4783
4784
4784
4786
4787
4787
4788
4788
4790
4791
4791
4791
4794
4795
4795
4795
4795
4797
4797
4805
4805
4805
4806
4807
4808
4808
4808
4809
4809
4810
4811
4811
4811
4811
4813
4814
4816
4816
4816
4817
4818
4818
4820
4822
4822
4823
4824
4826
4828
4828
4829
4830
4832
4835
4836
4838
4840
4840
4841
4841
4842
4842
4843
4847
4848
4851
4852
4852
4854
4854
4855
4856
4856
4859
4860
4861
4862
4862
4863
4864
4864
4864
4866
4866
4866
4867
4867
4868
4868
4868
4870
4870
4871
4872
4872
4872
4875
4875
4876
4876
4879
4880
4881
4881
4882
4882
4883
4885
4885
4885
4886
4886
4889
4890
4892
4892
4892
4893
4895
4896
4898
4901
4901
4901
4903
4903
4904
4905
4905
4906
4907
4907
4910
4911
4912
4912
4913
4914
4914
4914
4916
4916
4917
4917
4917
4917
4919
4920
4920
4921
4923
4924
4928
4928
4929
4929
4930
4931
4932
4933
4934
4936
4937
4940
4940
4940
4941
4943
4943
4945
4948
4949
4950
4951
4952
4954
4954
4955
4957
4958
4961
4961
4963
4963
4964
4966
4967
4968
4969
4970
4970
4970
4971
4971
4973
4974
4975
4975
4975
4975
4976
4978
4978
4978
4979
4979
4980
4980
4985
4986
4986
4987
4988
4988
4989
4990
4991
4992
4992
4994
4996
4998
4998
4998
4999
5000
5001
5001
5002
5002
5002
5003
5004
5005
5006
5006
5006
5008
5009
5010
5011
5011
5013
5015
5016
5016
5017
5021
5021
5022
5023
5024
5026
5026
5027
5027
5029
5030
5034
5035
5036
5036
5037
5039
5042
5042
5043
5043
5044
5045
5046
5047
5048
5049
5049
5050
5051
5051
5052
5053
5054
5056
5056
5058
5059
5061
5061
5062
5063
5063
5063
5065
5065
5065
5066
5067
5069
5070
5071
5071
5072
5073
5073
5075
5076
5076
5076
5078
5080
5080
5081
5082
5082
5083
5083
5085
5085
5087
5088
5089
5089
5089
5089
5089
5090
5092
5093
5093
5094
5095
5097
5097
5098
5099
5102
5102
5103
5103
5106
5107
5107
5108
5110
5112
5112
5115
5119
5121
5122
5123
5123
5124
5124
5124
5124
5125
5126
5126
5128
5128
5128
5129
5129
5130
5131
5132
5132
5133
5134
5135
5136
5138
5143
5143
5144
5145
5148
5151
5151
5152
5153
5156
5157
5158
5159
5160
5162
5166
5168
5171
5171
5172
5172
5173
5174
5176
5177
5178
5179
5180
5182
5184
5186
5187
5187
5191
5195
5195
5196
5197
5198
5199
5199
5200
5200
5203
5204
5204
5205
5207
5207
5207
5207
5207
5209
5211
5211
5214
5214
5214
5215
5217
5219
5221
5224
5224
5226
5226
5227
5227
5228
5229
5229
5232
5233
5240
5241
5243
5243
5243
5245
5246
5247
5248
5250
5250
5250
5251
5251
5252
5253
5253
5254
5257
5258
5259
5260
5260
5261
5262
5262
5262
5262
5263
5263
5265
5266
5266
5267
5270
5272
5272
5273
5273
5273
5273
5274
5274
5275
5275
5275
5276
5278
5280
5280
5281
5282
5283
5283
5285
5285
5285
5286
5286
5287
5287
5287
5287
5288
5288
5289
5293
5296
5296
5298
5298
5298
5298
5298
5299
5299
5299
5302
5303
5303
5307
5308
5308
5308
5309
5309
5310
5311
5312
5315
5315
5316
5319
5326
5328
5328
5330
5331
5332
5333
5333
5336
5338
5338
5339
5340
5340
5342
5343
5344
5344
5344
5345
5346
5348
5351
5351
5352
5353
5356
5357
5357
5357
5358
5359
5360
5360
5363
5363
5364
5365
5366
5367
5367
5368
5369
5370
5371
5371
5372
5374
5375
5375
5375
5378
5381
5381
5384
5385
5386
5386
5386
5386
5389
5389
5389
5389
5389
5390
5390
5391
5392
5393
5393
5393
5395
5395
5396
5396
5397
5397
5398
5400
5400
5402
5404
5405
5405
5406
5407
5407
5410
5412
5413
5415
5415
5416
5417
5418
5419
5422
5422
5423
5424
5426
5427
5428
5429
5432
5432
5433
5433
5434
5436
5436
5436
5438
5442
5442
5444
5446
5446
5447
5448
5448
5450
5450
5451
5452
5454
5454
5455
5456
5456
5457
5458
5458
5462
5462
5462
5463
5465
5466
5467
5467
5469
5470
5473
5473
5474
5475
5475
5475
5476
5476
5478
5478
5479
5479
5481
5482
5486
5486
5487
5487
5488
5490
5491
5491
5493
5497
5497
5499
5500
5500
5501
5503
5503
5504
5504
5506
5506
5507
5507
5508
5509
5509
5514
5516
5516
5518
5519
5519
5520
5521
5522
5522
5522
5523
5523
5523
5523
5524
5526
5528
5528
5529
5529
5529
5530
5532
5533
5534
5537
5537
5537
5538
5541
5542
5543
5544
5545
5545
5545
5547
5549
5550
5551
5551
5551
5555
5555
5555
5555
5556
5557
5559
5559
5559
5559
5560
5561
5562
5566
5566
5567
5568
5570
5571
5572
5574
5576
5577
5578
5578
5578
5581
5582
5582
5582
5584
5587
5588
5589
5589
5590
5590
5590
5591
5594
5595
5595
5596
5596
5597
5598
5599
5601
5603
5603
5604
5604
5605
5605
5606
5607
5611
5611
5611
5611
5611
5615
5616
5616
5618
5620
5620
5621
5622
5624
5625
5630
5631
5632
5633
5633
5635
5635
5635
5635
5636
5636
5637
5637
5638
5638
5639
5640
5641
5641
5643
5644
5645
5649
5650
5652
5653
5654
5654
5655
5656
5657
5658
5659
5663
5665
5667
5667
5668
5669
5670
5671
5672
5673
5673
5673
5676
5677
5677
5677
5681
5684
5684
5685
5685
5686
5688
5689
5690
5691
5692
5693
5694
5694
5695
5696
5697
5698
5698
5699
5701
5701
5701
5705
5706
5706
5706
5707
5707
5709
5713
5713
5714
5715
5715
5717
5718
5721
5721
5722
5722
5723
5724
5724
5725
5726
5727
5729
5730
5732
5734
5734
5737
5737
5738
5738
5740
5743
5743
5743
5743
5745
5747
5751
5751
5752
5753
5753
5755
5756
5758
5759
5759
5760
5762
5762
5762
5763
5766
5767
5769
5770
5771
5772
5772
5773
5775
5776
5776
5777
5777
5779
5784
5785
5786
5787
5787
5789
5790
5790
5791
5792
5793
5794
5796
5796
5797
5797
5798
5799
5799
5799
5800
5800
5802
5804
5805
5805
5805
5805
5805
5808
5811
5813
5816
5816
5817
5818
5819
5819
5820
5824
5825
5826
5827
5827
5831
5832
5832
5832
5833
5833
5833
5833
5833
5834
5835
5836
5838
5838
5839
5840
5840
5845
5846
5846
5847
5848
5849
5850
5852
5852
5852
5853
5854
5857
5857
5858
5859
5860
5860
5861
5862
5862
5864
5865
5867
5870
5870
5871
5871
5871
5874
5875
5875
5877
5877
5878
5879
5879
5879
5880
5881
5882
5888
5890
5891
5891
5892
5892
5893
5894
5894
5895
5895
5895
5896
5896
5896
5897
5898
5898
5899
5899
5900
5901
5901
5901
5902
5902
5902
5905
5905
5905
5906
5907
5907
5908
5909
5909
5910
5911
5911
5912
5913
5914
5915
5915
5915
5916
5917
5918
5919
5922
5926
5929
5930
5931
5931
5932
5932
5932
5935
5936
5936
5936
5937
5937
5938
5938
5938
5940
5942
5944
5944
5944
5945
5945
5946
5946
5947
5947
5947
5947
5947
5948
5948
5950
5950
5950
5950
5951
5953
5953
5954
5955
5956
5959
5960
5962
5962
5963
5966
5966
5966
5968
5968
5969
5971
5971
5972
5972
5973
5973
5975
5975
5976
5977
5978
5978
5980
5981
5981
5985
5987
5987
5988
5990
5996
5996
5997
5999
5999
5999
6001
6002
6002
6002
6003
6003
6003
6005
6006
6009
6010
6011
6012
6012
6013
6016
6019
6019
6019
6021
6022
6022
6022
6023
6023
6025
6026
6027
6030
6032
6035
6035
6036
6036
6038
6038
6039
6040
6040
6041
6041
6042
6043
6043
6043
6044
6044
6045
6046
6047
6048
6048
6048
6050
6051
6052
6053
6053
6054
6054
6054
6058
6058
6064
6064
6064
6065
6065
6066
6066
6067
6069
6069
6069
6072
6072
6072
6073
6074
6075
6075
6076
6077
6078
6079
6081
6082
6085
6085
6085
6086
6086
6086
6086
6088
6088
6089
6090
6093
6094
6094
6095
6096
6096
6096
6098
6099
6100
6103
6103
6104
6105
6105
6105
6105
6107
6108
6108
6109
6112
6114
6118
6118
6118
6118
6119
6120
6120
6120
6121
6121
6121
6123
6123
6124
6124
6124
6125
6127
6127
6127
6129
6130
6131
6132
6133
6133
6133
6135
6137
6137
6137
6138
6139
6139
6140
6141
6142
6143
6144
6144
6145
6145
6149
6149
6150
6152
6152
6152
6153
6155
6156
6157
6158
6159
6159
6161
6161
6163
6163
6164
6165
6167
6170
6171
6171
6172
6176
6176
6176
6178
6178
6180
6180
6181
6182
6183
6185
6185
6186
6186
6187
6187
6188
6188
6188
6188
6190
6192
6194
6194
6195
6195
6196
6196
6196
6196
6197
6198
6200
6202
6202
6206
6206
6207
6207
6207
6207
6207
6208
6209
6209
6210
6210
6210
6211
6211
6212
6213
6216
6219
6221
6221
6222
6223
6224
6228
6228
6229
6229
6230
6231
6232
6234
6234
6235
6237
6237
6238
6241
6241
6242
6243
6246
6246
6246
6246
6249
6249
6250
6252
6252
6253
6253
6257
6257
6257
6259
6259
6260
6261
6262
6262
6264
6265
6268
6269
6269
6269
6270
6271
6272
6272
6272
6272
6272
6273
6273
6275
6275
6278
6280
6280
6281
6281
6282
6282
6284
6289
6289
6290
6291
6291
6295
6295
6296
6296
6297
6300
6301
6301
6304
6304
6304
6308
6309
6310
6310
6311
6312
6312
6312
6313
6314
6314
6315
6319
6321
6323
6324
6325
6325
6328
6328
6333
6334
6335
6336
6337
6337
6337
6338
6338
6342
6343
6343
6343
6344
6345
6345
6346
6350
6350
6350
6350
6352
6353
6353
6354
6355
6356
6356
6357
6357
6358
6358
6359
6360
6361
6364
6365
6365
6366
6366
6367
6367
6368
6368
6369
6371
6371
6373
6373
6375
6375
6375
6376
6377
6378
6379
6380
6380
6380
6381
6381
6382
6382
6384
6384
6384
6385
6385
6386
6386
6388
6388
6390
6390
6392
6396
6396
6396
6396
6397
6397
6399
6400
6401
6402
6402
6403
6403
6403
6403
6404
6405
6406
6406
6407
6408
6410
6412
6412
6413
6414
6416
6416
6417
6419
6421
6422
6425
6428
6428
6428
6429
6431
6432
6433
6434
6434
6435
6435
6436
6438
6438
6438
6439
6439
6440
6443
6444
6450
6450
6452
6453
6454
6454
6454
6455
6456
6456
6457
6460
6460
6461
6462
6465
6467
6468
6468
6470
6471
6472
6475
6475
6476
6479
6480
6481
6482
6482
6483
6484
6484
6485
6485
6486
6488
6490
6490
6491
6491
6494
6495
6495
6495
6496
6497
6497
6497
6498
6498
6498
6500
6500
6500
6500
6501
6502
6503
6504
6505
6506
6506
6507
6507
6510
6510
6513
6516
6517
6518
6519
6520
6521
6521
6522
6525
6525
6526
6526
6528
6531
6531
6534
6534
6535
6535
6537
6538
6538
6539
6539
6539
6541
6542
6543
6543
6545
6545
6545
6546
6547
6548
6550
6551
6552
6552
6553
6553
6554
6555
6556
6557
6557
6558
6559
6560
6561
6562
6563
6564
6566
6566
6566
6568
6568
6570
6572
6572
6573
6576
6577
6579
6580
6580
6584
6586
6586
6588
6588
6589
6589
6589
6590
6590
6591
6592
6592
6592
6592
6592
6594
6595
6595
6595
6597
6597
6597
6598
6599
6599
6601
6601
6603
6603
6605
6606
6607
6608
6609
6611
6611
6612
6614
6616
6616
6617
6618
6621
6621
6622
6626
6627
6629
6629
6630
6635
6636
6637
6637
6638
6638
6640
6643
6643
6644
6645
6646
6647
6648
6648
6652
6652
6652
6653
6653
6655
6655
6657
6658
6659
6661
6661
6662
6663
6664
6665
6667
6667
6667
6670
6671
6671
6672
6673
6673
6673
6675
6675
6678
6678
6680
6681
6681
6683
6684
6685
6685
6686
6690
6691
6691
6691
6691
6695
6697
6699
6699
6699
6701
6702
6702
6703
6703
6703
6703
6704
6705
6709
6709
6712
6712
6713
6715
6716
6716
6720
6720
6721
6723
6724
6724
6724
6727
6728
6729
6731
6732
6733
6734
6734
6737
6737
6737
6738
6741
6741
6742
6743
6743
6743
6743
6744
6745
6745
6745
6745
6745
6746
6747
6749
6750
6750
6751
6752
6752
6753
6756
6757
6758
6758
6759
6759
6759
6762
6763
6763
6764
6766
6767
6767
6768
6769
6769
6770
6773
6775
6775
6776
6776
6776
6777
6779
6780
6780
6783
6783
6784
6785
6786
6786
6786
6786
6786
6787
6787
6789
6789
6789
6791
6791
6796
6797
6797
6798
6799
6800
6802
6803
6803
6804
6805
6806
6806
6808
6810
6810
6811
6812
6813
6818
6818
6818
6819
6820
6821
6822
6823
6823
6823
6824
6824
6826
6826
6829
6831
6831
6831
6832
6833
6833
6834
6835
6835
6835
6839
6840
6840
6841
6843
6844
6845
6846
6847
6849
6849
6849
6850
6851
6851
6853
6854
6855
6856
6858
6860
6860
6861
6861
6863
6864
6865
6870
6871
6871
6871
6872
6872
6873
6875
6875
6876
6877
6880
6880
6882
6884
6886
6886
6886
6887
6892
6893
6894
6895
6895
6896
6896
6897
6897
6898
6902
6905
6905
6907
6909
6909
6911
6911
6912
6916
6917
6917
6919
6922
6923
6923
6923
6924
6926
6927
6929
6931
6931
6931
6932
6935
6937
6940
6942
6942
6943
6943
6944
6944
6945
6945
6945
6947
6947
6948
6948
6949
6951
6951
6951
6952
6953
6954
6955
6957
6959
6961
6963
6963
6964
6965
6966
6967
6968
6968
6968
6969
6971
6971
6971
6972
6973
6974
6975
6975
6975
6976
6976
6977
6978
6978
6979
6981
6981
6983
6983
6985
6986
6987
6988
6988
6988
6989
6989
6989
6990
6990
6990
6992
6993
6993
6996
6997
6998
6999
6999
7000
7002
7004
7004
7005
7007
7007
7009
7009
7010
7011
7012
7013
7013
7014
7014
7016
7016
7017
7019
7019
7021
7022
7022
7023
7023
7024
7024
7025
7025
7026
7027
7027
7028
7031
7031
7033
7033
7033
7034
7036
7037
7038
7040
7041
7041
7042
7043
7043
7044
7044
7044
7045
7049
7050
7051
7051
7051
7053
7053
7054
7055
7056
7056
7057
7057
7058
7058
7059
7059
7060
7062
7063
7063
7066
7066
7068
7070
7070
7071
7074
7074
7075
7076
7077
7077
7079
7080
7080
7080
7081
7082
7083
7083
7083
7084
7084
7087
7087
7088
7090
7090
7090
7098
7102
7104
7104
7105
7106
7108
7109
7113
7113
7113
7115
7115
7115
7117
7119
7119
7119
7120
7120
7121
7121
7121
7125
7125
7126
7126
7126
7128
7128
7129
7129
7132
7133
7134
7136
7136
7137
7137
7137
7137
7141
7142
7145
7146
7147
7148
7149
7149
7150
7150
7151
7151
7152
7153
7153
7154
7154
7158
7158
7159
7163
7167
7167
7167
7168
7168
7168
7170
7171
7171
7172
7172
7175
7175
7176
7176
7177
7179
7179
7180
7181
7182
7182
7184
7185
7187
7189
7189
7189
7190
7190
7190
7192
7192
7192
7194
7195
7196
7196
7197
7200
7202
7202
7202
7202
7203
7204
7205
7207
7210
7211
7212
7213
7213
7214
7216
7217
7217
7218
7219
7223
7224
7224
7225
7226
7228
7229
7230
7230
7230
7231
7232
7236
7238
7238
7239
7243
7243
7249
7251
7252
7252
7254
7254
7255
7256
7256
7256
7257
7257
7258
7258
7259
7260
7261
7262
7262
7263
7265
7265
7266
7266
7273
7273
7273
7275
7275
7276
7278
7279
7279
7280
7280
7282
7283
7283
7284
7284
7285
7285
7285
7285
7286
7286
7287
7287
7288
7290
7292
7292
7292
7292
7294
7294
7294
7294
7297
7298
7298
7300
7302
7302
7302
7303
7304
7305
7306
7307
7311
7311
7313
7314
7315
7315
7317
7317
7317
7317
7317
7318
7319
7319
7321
7321
7321
7322
7324
7324
7324
7326
7328
7328
7330
7332
7335
7335
7335
7336
7336
7337
7337
7337
7339
7340
7340
7340
7340
7340
7341
7342
7343
7344
7344
7345
7347
7347
7349
7350
7350
7351
7352
7353
7353
7355
7355
7355
7357
7357
7366
7366
7367
7368
7369
7373
7373
7373
7373
7373
7375
7376
7377
7378
7378
7378
7379
7379
7379
7379
7380
7380
7382
7383
7384
7384
7385
7386
7387
7387
7388
7388
7389
7390
7390
7390
7391
7393
7393
7393
7394
7395
7396
7398
7400
7401
7402
7402
7404
7409
7414
7415
7415
7415
7415
7416
7417
7421
7422
7422
7426
7426
7427
7430
7431
7431
7433
7434
7435
7436
7437
7439
7440
7441
7442
7442
7442
7443
7444
7445
7446
7447
7448
7449
7450
7451
7453
7453
7457
7458
7459
7459
7461
7465
7467
7467
7469
7470
7470
7470
7471
7471
7473
7473
7473
7473
7474
7476
7478
7479
7481
7485
7485
7485
7487
7490
7490
7490
7491
7491
7491
7492
7492
7493
7493
7493
7493
7494
7496
7496
7496
7498
7499
7499
7500
7501
7502
7504
7504
7504
7505
7506
7506
7508
7508
7508
7508
7511
7511
7514
7515
7515
7516
7516
7518
7519
7521
7521
7521
7523
7524
7526
7527
7528
7528
7531
7531
7532
7533
7534
7534
7534
7534
7540
7544
7545
7546
7547
7548
7549
7549
7550
7552
7553
7554
7555
7555
7556
7558
7559
7559
7562
7562
7562
7563
7563
7568
7568
7570
7571
7571
7571
7573
7573
7574
7575
7575
7576
7576
7577
7578
7579
7580
7580
7581
7582
7584
7584
7584
7585
7588
7588
7589
7591
7594
7595
7595
7596
7598
7598
7599
7601
7602
7602
7602
7602
7604
7605
7605
7606
7606
7608
7609
7609
7610
7610
7610
7612
7612
7614
7616
7616
7617
7618
7618
7619
7621
7622
7623
7624
7627
7628
7628
7629
7630
7631
7632
7632
7632
7634
7636
7636
7637
7637
7637
7638
7638
7641
7641
7642
7642
7643
7643
7643
7643
7646
7647
7649
7649
7653
7653
7655
7658
7659
7659
7660
7661
7661
7662
7662
7662
7662
7663
7664
7665
7666
7667
7667
7667
7670
7674
7674
7675
7675
7678
7679
7679
7680
7680
7681
7682
7682
7683
7687
7687
7689
7690
7690
7691
7692
7693
7693
7697
7699
7702
7703
7703
7704
7704
7705
7707
7707
7710
7711
7711
7712
7712
7712
7715
7716
7716
7716
7717
7717
7717
7718
7718
7718
7720
7720
7721
7724
7724
7724
7725
7725
7725
7727
7728
7728
7729
7729
7731
7731
7732
7734
7735
7737
7737
7737
7737
7738
7742
7742
7742
7745
7745
7745
7745
7746
7747
7747
7750
7751
7751
7751
7752
7752
7756
7756
7757
7757
7760
7760
7763
7764
7765
7765
7768
7770
7770
7770
7772
7773
7773
7774
7775
7778
7778
7778
7780
7780
7781
7782
7782
7785
7785
7786
7787
7787
7787
7791
7793
7794
7795
7796
7798
7799
7801
7801
7802
7803
7803
7805
7805
7807
7811
7812
7813
7814
7815
7815
7816
7818
7818
7818
7818
7820
7820
7821
7821
7821
7822
7822
7823
7824
7824
7825
7825
7826
7828
7828
7830
7831
7831
7832
7832
7833
7834
7837
7840
7844
7844
7848
7849
7850
7854
7854
7855
7858
7860
7861
7862
7863
7863
7863
7864
7864
7864
7864
7864
7865
7865
7866
7866
7867
7869
7870
7871
7871
7872
7874
7875
7875
7877
7877
7877
7880
7880
7881
7882
7882
7882
7883
7883
7883
7883
7884
7884
7885
7885
7886
7886
7886
7886
7888
7890
7890
7890
7891
7892
7893
7893
7893
7893
7894
7894
7894
7895
7895
7895
7897
7899
7900
7901
7902
7903
7905
7907
7911
7911
7912
7912
7912
7912
7914
7917
7917
7918
7918
7918
7919
7919
7919
7924
7924
7925
7925
7928
7929
7930
7933
7934
7936
7938
7938
7939
7939
7939
7941
7944
7944
7945
7945
7946
7948
7949
7949
7950
7951
7952
7952
7955
7955
7956
7956
7956
7956
7957
7958
7960
7961
7961
7962
7962
7963
7963
7963
7963
7963
7964
7964
7964
7966
7966
7967
7968
7968
7968
7969
7969
7970
7971
7972
7972
7973
7973
7976
7977
7977
7979
7980
7980
7981
7982
7984
7984
7985
7985
7986
7987
7987
7989
7990
7991
7991
7991
7993
7994
7995
7995
7997
7998
8001
8001
8001
8002
8004
8004
8005
8005
8006
8006
8008
8009
8010
8010
8011
8012
8012
8014
8016
8016
8016
8018
8019
8020
8021
8023
8023
8025
8027
8027
8027
8028
8029
8029
8029
8030
8031
8032
8033
8034
8035
8038
8038
8040
8041
8041
8043
8043
8044
8044
8048
8048
8049
8049
8050
8052
8052
8054
8055
8055
8056
8057
8059
8062
8062
8064
8064
8065
8065
8065
8065
8067
8067
8068
8069
8069
8069
8070
8071
8072
8072
8072
8074
8075
8075
8076
8076
8076
8077
8079
8080
8080
8081
8082
8087
8087
8088
8090
8091
8093
8093
8094
8094
8094
8095
8096
8098
8098
8099
8100
8100
8101
8102
8105
8107
8108
8108
8110
8111
8113
8114
8116
8120
8120
8120
8121
8121
8124
8126
8126
8127
8129
8130
8131
8132
8134
8134
8135
8135
8136
8138
8138
8138
8138
8140
8140
8141
8142
8142
8143
8146
8149
8151
8151
8151
8151
8153
8155
8156
8157
8157
8158
8158
8158
8159
8160
8161
8163
8166
8166
8166
8167
8168
8169
8169
8172
8173
8175
8176
8178
8178
8179
8179
8179
8181
8182
8183
8183
8184
8186
8187
8187
8187
8190
8191
8193
8193
8194
8196
8198
8199
8200
8201
8201
8202
8203
8203
8208
8208
8209
8209
8209
8211
8214
8214
8215
8215
8215
8216
8216
8218
8219
8219
8220
8221
8223
8224
8225
8226
8227
8230
8230
8232
8234
8234
8235
8236
8238
8239
8240
8243
8245
8248
8249
8250
8251
8251
8251
8255
8255
8256
8258
8258
8259
8260
8261
8263
8264
8264
8265
8265
8265
8266
8266
8267
8267
8268
8268
8269
8270
8271
8275
8276
8276
8277
8277
8278
8281
8281
8282
8283
8283
8284
8285
8286
8288
8288
8288
8290
8291
8293
8294
8295
8295
8296
8297
8298
8298
8300
8301
8302
8302
8303
8304
8306
8307
8307
8308
8309
8311
8312
8312
8312
8312
8313
8317
8318
8320
8321
8321
8321
8322
8322
8322
8325
8330
8330
8330
8331
8332
8332
8335
8336
8337
8338
8339
8340
8342
8342
8344
8346
8349
8351
8352
8354
8354
8357
8360
8362
8363
8364
8364
8366
8366
8367
8367
8368
8368
8369
8370
8370
8371
8372
8374
8375
8375
8376
8376
8377
8377
8378
8380
8380
8380
8382
8382
8383
8383
8384
8384
8386
8387
8388
8388
8389
8389
8390
8391
8393
8394
8394
8394
8394
8396
8397
8398
8399
8399
8399
8399
8399
8400
8400
8401
8403
8403
8406
8407
8408
8408
8409
8410
8412
8414
8417
8417
8418
8419
8420
8420
8423
8425
8425
8426
8427
8428
8429
8430
8430
8431
8431
8432
8433
8434
8434
8435
8435
8436
8436
8438
8438
8440
8440
8441
8442
8442
8443
8443
8444
8446
8446
8449
8452
8453
8454
8456
8457
8458
8458
8459
8460
8461
8462
8463
8465
8467
8467
8467
8469
8469
8471
8472
8475
8476
8476
8477
8477
8477
8478
8478
8479
8480
8480
8481
8481
8482
8483
8486
8487
8487
8489
8489
8491
8491
8492
8492
8494
8494
8496
8496
8497
8499
8499
8500
8500
8502
8502
8506
8508
8509
8512
8512
8513
8514
8514
8515
8515
8516
8516
8517
8520
8521
8522
8522
8524
8524
8525
8526
8526
8527
8530
8531
8532
8533
8533
8534
8536
8536
8537
8540
8540
8541
8541
8542
8549
8551
8552
8554
8555
8556
8557
8557
8557
8558
8558
8559
8561
8561
8561
8561
8562
8562
8562
8564
8564
8565
8565
8565
8566
8569
8570
8570
8572
8577
8577
8577
8579
8580
8581
8582
8584
8584
8586
8586
8587
8588
8588
8588
8592
8592
8594
8595
8595
8596
8596
8598
8598
8602
8602
8604
8604
8605
8605
8606
8606
8606
8608
8609
8610
8610
8611
8611
8612
8613
8614
8614
8617
8618
8618
8618
8622
8623
8624
8625
8625
8626
8626
8628
8629
8631
8631
8633
8634
8637
8639
8640
8641
8641
8643
8643
8643
8644
8646
8647
8651
8653
8653
8654
8655
8655
8656
8657
8658
8658
8658
8659
8659
8659
8662
8663
8663
8664
8664
8666
8667
8668
8670
8671
8671
8672
8672
8673
8674
8675
8676
8677
8678
8678
8678
8680
8681
8682
8682
8682
8682
8682
8683
8684
8684
8684
8685
8686
8688
8689
8690
8693
8693
8693
8693
8693
8694
8695
8696
8698
8699
8699
8700
8700
8701
8701
8702
8703
8703
8704
8704
8704
8706
8706
8710
8714
8715
8716
8716
8716
8717
8718
8720
8720
8721
8722
8722
8722
8723
8725
8725
8726
8726
8728
8728
8731
8732
8732
8734
8735
8736
8736
8737
8737
8738
8739
8739
8739
8742
8742
8743
8743
8744
8744
8745
8745
8746
8749
8749
8752
8753
8753
8753
8754
8756
8757
8757
8757
8758
8758
8759
8760
8760
8761
8761
8761
8764
8764
8764
8764
8765
8766
8768
8770
8771
8772
8774
8774
8775
8776
8778
8782
8783
8784
8786
8786
8786
8787
8788
8788
8790
8791
8793
8794
8795
8797
8797
8797
8801
8801
8801
8802
8802
8802
8804
8806
8806
8806
8807
8808
8808
8808
8809
8809
8811
8812
8813
8814
8815
8815
8817
8819
8820
8821
8821
8823
8826
8826
8826
8827
8828
8830
8832
8836
8837
8837
8838
8838
8839
8839
8842
8843
8846
8846
8847
8848
8848
8849
8849
8849
8849
8849
8851
8852
8853
8854
8855
8858
8860
8860
8862
8863
8864
8865
8865
8865
8865
8867
8869
8869
8869
8869
8870
8870
8870
8871
8871
8873
8874
8874
8875
8876
8881
8882
8885
8885
8885
8886
8887
8887
8887
8889
8889
8890
8895
8898
8898
8899
8900
8901
8903
8903
8904
8904
8908
8908
8908
8909
8910
8913
8913
8915
8915
8917
8917
8921
8922
8923
8924
8926
8926
8928
8928
8929
8929
8930
8932
8933
8933
8935
8936
8937
8937
8938
8938
8938
8940
8941
8943
8944
8945
8945
8945
8946
8948
8948
8949
8950
8950
8952
8953
8954
8955
8957
8959
8961
8961
8962
8963
8963
8964
8964
8964
8966
8966
8966
8968
8968
8970
8971
8973
8974
8975
8975
8976
8977
8979
8982
8983
8984
8985
8985
8986
8988
8988
8988
8989
8990
8991
8991
8993
8993
8993
8993
8994
8994
8995
8997
8998
8998
8998
8999
8999
9003
9005
9005
9006
9007
9007
9007
9008
9009
9011
9011
9011
9012
9014
9015
9019
9020
9020
9020
9021
9023
9023
9023
9023
9024
9024
9026
9027
9028
9029
9032
9033
9034
9035
9036
9036
9038
9038
9039
9039
9040
9041
9041
9044
9046
9046
9047
9047
9049
9050
9050
9052
9053
9054
9057
9059
9063
9063
9066
9069
9069
9069
9069
9070
9070
9070
9072
9073
9073
9074
9074
9075
9075
9076
9076
9076
9078
9080
9081
9082
9084
9086
9089
9090
9092
9093
9094
9094
9095
9095
9096
9096
9096
9097
9097
9097
9098
9101
9105
9107
9108
9110
9112
9113
9113
9113
9116
9117
9117
9118
9119
9120
9122
9122
9125
9125
9126
9127
9127
9129
9129
9131
9133
9134
9137
9137
9138
9138
9141
9145
9145
9145
9146
9146
9147
9148
9148
9149
9150
9151
9151
9152
9153
9153
9153
9154
9154
9156
9157
9157
9159
9160
9160
9160
9161
9162
9163
9164
9167
9168
9169
9170
9171
9171
9172
9173
9174
9174
9175
9176
9178
9178
9178
9179
9180
9180
9189
9191
9193
9193
9194
9196
9196
9198
9198
9198
9199
9202
9203
9203
9206
9206
9208
9208
9208
9209
9210
9210
9210
9215
9215
9215
9216
9216
9216
9217
9218
9218
9220
9221
9221
9223
9223
9223
9224
9225
9227
9228
9228
9228
9228
9229
9230
9231
9232
9232
9233
9237
9237
9239
9242
9243
9244
9245
9246
9247
9248
9249
9250
9251
9252
9254
9257
9257
9261
9262
9263
9263
9264
9264
9265
9267
9269
9270
9271
9272
9272
9273
9274
9276
9277
9279
9280
9281
9282
9282
9283
9284
9284
9286
9287
9288
9290
9290
9292
9292
9292
9293
9295
9296
9296
9300
9300
9300
9301
9302
9304
9307
9307
9308
9310
9312
9312
9313
9315
9316
9317
9318
9319
9321
9325
9326
9326
9326
9328
9329
9330
9332
9333
9334
9334
9335
9336
9338
9338
9338
9339
9340
9341
9342
9342
9342
9344
9348
9348
9348
9351
9351
9353
9358
9359
9360
9360
9361
9361
9362
9363
9363
9363
9369
9373
9373
9375
9376
9376
9377
9379
9380
9381
9382
9384
9384
9385
9387
9388
9388
9389
9389
9392
9392
9392
9392
9396
9396
9397
9397
9397
9398
9399
9399
9405
9407
9408
9408
9409
9411
9417
9418
9419
9420
9420
9421
9422
9424
9424
9425
9426
9427
9429
9432
9432
9432
9433
9434
9435
9436
9437
9437
9441
9441
9442
9443
9444
9444
9445
9446
9448
9448
9448
9448
9449
9450
9451
9452
9453
9454
9455
9455
9456
9458
9459
9459
9460
9460
9460
9462
9463
9463
9464
9465
9466
9469
9470
9472
9475
9477
9477
9479
9480
9482
9484
9485
9486
9489
9493
9495
9495
9498
9502
9502
9503
9503
9503
9504
9506
9507
9508
9508
9509
9511
9512
9512
9513
9513
9517
9518
9519
9521
9521
9523
9523
9523
9525
9525
9526
9528
9528
9529
9530
9531
9532
9532
9534
9535
9535
9536
9538
9539
9542
9543
9546
9547
9548
9549
9549
9549
9550
9551
9552
9553
9553
9553
9554
9555
9555
9555
9556
9557
9557
9557
9558
9559
9560
9561
9561
9562
9563
9566
9567
9568
9568
9570
9571
9572
9572
9573
9574
9576
9578
9578
9578
9579
9579
9580
9582
9583
9584
9587
9587
9591
9592
9593
9594
9594
9595
9595
9597
9598
9599
9599
9600
9604
9604
9606
9606
9606
9606
9607
9608
9609
9609
9610
9612
9614
9615
9616
9616
9617
9617
9617
9618
9618
9620
9622
9622
9623
9627
9627
9627
9628
9628
9628
9630
9630
9636
9637
9638
9639
9641
9641
9643
9645
9645
9649
9649
9649
9650
9650
9651
9652
9652
9652
9652
9655
9656
9657
9657
9660
9660
9660
9661
9666
9666
9666
9667
9667
9668
9668
9670
9671
9671
9672
9672
9672
9673
9674
9675
9675
9675
9675
9677
9677
9677
9678
9680
9686
9686
9688
9689
9690
9690
9691
9691
9692
9694
9694
9694
9695
9697
9698
9700
9700
9701
9701
9701
9701
9702
9704
9706
9707
9708
9710
9712
9712
9712
9713
9713
9713
9714
9715
9716
9717
9717
9718
9718
9720
9720
9722
9722
9723
9724
9724
9725
9727
9727
9728
9729
9729
9729
9729
9731
9731
9732
9732
9733
9733
9736
9738
9740
9742
9746
9746
9748
9750
9752
9752
9753
9753
9753
9754
9754
9755
9755
9756
9756
9757
9757
9758
9758
9760
9762
9762
9764
9766
9769
9775
9775
9778
9778
9779
9779
9781
9785
9789
9789
9790
9791
9792
9793
9794
9795
9797
9797
9799
9800
9801
9802
9803
9804
9804
9806
9806
9807
9807
9809
9809
9810
9815
9820
9823
9825
9826
9827
9828
9829
9829
9831
9831
9832
9833
9834
9835
9836
9837
9837
9837
9837
9839
9839
9839
9840
9842
9842
9845
9845
9845
9847
9848
9848
9848
9848
9848
9848
9849
9849
9849
9850
9850
9852
9852
9855
9855
9856
9858
9858
9859
9860
9860
9860
9862
9865
9866
9869
9870
9872
9874
9874
9877
9879
9879
9880
9881
9882
9883
9883
9883
9887
9889
9890
9891
9891
9891
9891
9891
9893
9895
9896
9896
9898
9898
9899
9899
9900
9900
9901
9901
9902
9902
9903
9903
9903
9906
9907
9908
9911
9912
9913
9914
9915
9915
9916
9917
9918
9920
9920
9920
9921
9922
9923
9923
9924
9924
9924
9927
9928
9929
9930
9930
9931
9931
9932
9932
9932
9933
9934
9935
9937
9939
9939
9941
9941
9943
9944
9944
9946
9946
9948
9948
9950
9952
9952
9952
9953
9954
9954
9957
9958
9958
9959
9959
9959
9961
9962
9962
9962
9963
9964
9964
9966
9967
9967
9967
9970
9971
9972
9972
9974
9974
9975
9975
9977
9977
9978
9978
9980
9987
9988
9990
9990
9991
9992
9992
9992
9993
9993
9998
9998
