0
0
1
1
2
3
3
3
4
4
4
5
5
6
9
10
13
15
17
17
17
18
19
20
22
23
24
24
25
25
25
29
29
30
30
31
33
37
39
44
44
44
45
45
46
47
48
49
50
51
51
52
52
55
55
55
57
61
62
63
65
67
68
69
71
71
72
72
73
73
74
75
75
79
79
80
82
83
84
85
86
86
88
91
92
93
93
94
94
94
94
96
96
97
98
98
99
100
100
101
102
102
102
103
104
105
107
108
108
109
109
110
110
112
112
113
115
115
118
119
121
121
122
123
124
124
125
126
126
127
128
129
129
131
131
132
135
136
136
136
139
139
140
140
141
141
142
144
144
145
145
147
149
149
150
151
151
152
156
156
157
157
157
158
159
160
162
163
164
164
165
166
166
167
167
167
168
169
169
170
170
172
172
173
173
174
177
178
178
179
180
183
183
183
184
184
187
187
187
188
188
188
189
190
190
192
192
193
194
195
196
198
198
199
199
199
199
201
201
202
204
204
204
205
205
205
206
206
207
207
208
209
209
210
211
211
213
215
218
219
219
220
221
224
224
225
226
227
230
230
233
233
235
236
239
240
244
244
245
245
245
245
248
249
251
253
253
253
253
253
254
255
255
255
256
257
257
257
259
259
259
261
262
262
263
264
264
267
267
267
268
268
269
270
271
272
273
274
274
275
276
277
279
279
280
283
284
284
286
286
286
287
289
289
290
290
292
292
292
294
298
298
299
300
302
302
303
303
304
304
304
308
311
311
312
312
312
313
314
314
315
315
315
316
316
317
318
318
323
325
325
325
325
326
326
326
327
327
327
329
329
329
331
332
332
333
335
335
335
337
340
341
342
343
344
345
346
347
348
348
348
349
349
350
351
352
352
353
353
354
355
355
356
357
357
360
360
361
362
362
362
363
364
364
368
369
370
370
371
371
371
372
373
373
373
374
375
376
376
377
377
378
381
381
382
383
385
387
387
387
388
388
391
394
396
397
397
398
400
402
402
402
404
405
405
406
406
409
411
412
413
413
413
416
416
417
418
421
423
424
425
425
425
426
426
426
427
428
428
428
428
431
432
432
435
436
437
437
437
438
439
440
443
446
448
450
451
452
452
457
457
458
459
459
460
460
461
461
461
461
463
463
465
467
467
468
468
469
469
470
471
473
474
474
476
476
476
478
479
479
483
486
486
490
491
491
495
495
497
500
500
500
500
501
501
503
504
504
505
506
507
508
509
509
509
511
514
516
516
516
517
518
519
520
520
521
524
524
524
525
525
526
526
529
530
530
531
534
536
539
541
542
542
543
543
543
543
544
544
546
546
546
547
548
549
549
549
550
551
551
552
555
556
557
557
558
559
560
561
562
564
565
566
567
568
570
570
571
571
572
572
573
576
578
579
580
580
581
582
583
584
584
585
586
586
587
587
587
588
589
590
590
590
592
592
593
594
594
596
597
600
600
600
601
602
602
604
605
605
606
607
608
608
610
610
612
612
613
613
613
614
615
616
616
617
617
617
618
618
622
624
624
624
625
627
627
627
628
629
631
631
631
632
633
633
635
635
636
637
638
638
638
638
640
640
641
641
644
644
645
646
646
647
647
648
650
652
652
653
654
654
656
657
658
659
659
660
661
661
662
663
663
665
665
666
666
666
667
667
668
669
670
672
673
676
676
676
679
680
681
681
682
682
683
684
685
687
687
687
688
688
689
689
692
692
694
694
694
695
696
697
698
698
698
700
700
701
701
702
703
706
707
707
708
708
709
710
710
712
713
715
715
715
716
717
718
719
720
721
722
722
723
723
724
724
729
730
731
734
735
737
738
739
741
741
741
742
742
744
744
745
746
746
746
747
748
749
750
751
751
751
753
755
757
758
758
761
761
762
762
765
765
765
767
770
771
773
774
775
775
776
778
778
781
781
782
787
787
788
789
790
792
793
793
796
797
797
797
800
800
801
804
804
806
810
810
811
812
815
815
816
816
817
817
823
823
824
825
826
826
827
828
828
828
829
829
830
830
832
833
833
834
837
837
838
839
839
840
840
840
841
841
841
841
843
844
845
846
846
846
849
850
851
851
852
852
852
854
855
855
855
857
857
857
858
858
859
859
859
859
863
864
864
866
866
868
870
870
871
872
872
873
873
874
874
875
876
876
877
877
878
881
881
882
882
882
883
883
884
884
884
885
887
887
892
892
892
893
893
893
894
896
896
897
897
901
903
905
906
906
908
908
909
911
912
915
915
916
918
918
920
922
923
923
924
926
927
928
930
930
931
937
938
939
939
939
939
940
940
940
942
942
942
944
945
945
950
952
953
953
954
954
954
955
956
956
957
958
959
960
960
960
962
964
964
964
964
965
967
967
970
971
974
974
974
975
975
978
978
981
986
986
986
987
989
989
990
990
990
991
992
993
994
995
995
995
996
997
1000
1001
1005
1006
1006
1006
1006
1007
1007
1008
1010
1011
1014
1016
1016
1016
1017
1017
1018
1018
1020
1023
1024
1024
1026
1027
1027
1027
1030
1031
1031
1031
1031
1031
1033
1035
1035
1036
1036
1037
1039
1039
1040
1040
1041
1042
1042
1043
1043
1044
1045
1046
1046
1047
1047
1047
1049
1050
1050
1051
1051
1052
1053
1054
1054
1055
1057
1060
1061
1063
1066
1067
1068
1071
1072
1072
1073
1073
1073
1074
1075
1075
1075
1075
1076
1079
1081
1083
1083
1083
1084
1086
1086
1086
1087
1090
1093
1093
1093
1093
1094
1095
1097
1099
1099
1100
1100
1102
1102
1103
1104
1107
1107
1108
1109
1109
1110
1110
1110
1110
1111
1112
1112
1114
1115
1117
1117
1118
1119
1119
1119
1121
1121
1122
1122
1122
1123
1124
1126
1126
1127
1127
1128
1128
1129
1130
1130
1131
1132
1136
1136
1138
1140
1142
1143
1144
1147
1147
1147
1149
1149
1150
1150
1150
1152
1153
1156
1156
1157
1157
1157
1159
1162
1162
1163
1165
1165
1166
1168
1172
1173
1176
1176
1177
1179
1180
1183
1184
1185
1185
1185
1187
1187
1187
1187
1188
1189
1189
1189
1190
1191
1191
1192
1193
1194
1194
1195
1198
1200
1200
1202
1202
1203
1205
1205
1206
1206
1207
1208
1210
1210
1212
1213
1213
1214
1215
1216
1217
1219
1219
1219
1219
1221
1224
1224
1226
1228
1228
1229
1230
1232
1232
1232
1232
1233
1233
1237
1237
1237
1238
1240
1241
1241
1241
1241
1244
1244
1246
1247
1248
1248
1252
1253
1253
1253
1254
1255
1255
1255
1258
1259
1260
1260
1260
1265
1266
1267
1268
1268
1271
1271
1275
1275
1277
1278
1281
1284
1284
1285
1286
1286
1287
1289
1290
1290
1293
1293
1294
1295
1295
1295
1296
1296
1298
1298
1298
1299
1300
1303
1305
1305
1305
1306
1307
1307
1307
1307
1308
1308
1309
1309
1310
1311
1314
1314
1314
1315
1316
1317
1318
1319
1320
1322
1322
1323
1324
1324
1325
1329
1329
1329
1329
1332
1334
1335
1336
1336
1337
1338
1338
1339
1341
1343
1344
1345
1346
1347
1348
1348
1348
1348
1350
1351
1352
1352
1356
1356
1356
1357
1357
1357
1358
1360
1360
1361
1363
1364
1365
1365
1366
1369
1373
1373
1374
1374
1376
1376
1380
1380
1381
1382
1384
1385
1386
1390
1392
1392
1397
1400
1400
1400
1401
1404
1404
1406
1406
1406
1407
1407
1407
1408
1409
1410
1410
1410
1410
1413
1414
1416
1416
1418
1418
1419
1419
1419
1420
1421
1423
1424
1425
1425
1427
1428
1428
1428
1429
1430
1430
1431
1431
1433
1434
1435
1435
1435
1436
1436
1438
1438
1439
1443
1445
1446
1446
1450
1451
1451
1452
1452
1454
1454
1455
1455
1457
1458
1458
1461
1462
1462
1463
1463
1465
1467
1468
1469
1469
1470
1470
1470
1471
1473
1474
1475
1477
1477
1478
1480
1481
1481
1482
1482
1483
1483
1483
1484
1484
1485
1485
1486
1489
1489
1491
1494
1494
1495
1495
1496
1496
1496
1497
1497
1499
1499
1501
1503
1503
1506
1506
1506
1507
1508
1508
1509
1510
1510
1512
1513
1514
1517
1517
1518
1519
1519
1520
1522
1522
1525
1525
1527
1527
1527
1527
1528
1529
1530
1531
1534
1535
1535
1536
1538
1541
1542
1544
1546
1546
1549
1549
1550
1555
1555
1555
1557
1559
1560
1561
1562
1563
1563
1564
1566
1567
1567
1568
1568
1571
1571
1572
1574
1574
1575
1575
1575
1580
1581
1581
1582
1583
1583
1584
1585
1586
1587
1588
1588
1591
1591
1591
1593
1593
1594
1595
1597
1598
1598
1599
1600
1600
1602
1602
1603
1603
1604
1604
1605
1606
1606
1608
1608
1608
1611
1612
1613
1614
1618
1618
1623
1624
1626
1630
1631
1631
1632
1634
1635
1640
1640
1641
1644
1648
1650
1650
1651
1652
1652
1656
1657
1659
1660
1660
1662
1662
1663
1663
1664
1665
1665
1667
1667
1668
1669
1670
1670
1672
1673
1673
1675
1675
1676
1677
1678
1678
1680
1681
1682
1685
1685
1685
1686
1687
1688
1688
1689
1690
1693
1695
1697
1697
1701
1701
1702
1702
1704
1705
1706
1706
1708
1710
1711
1712
1712
1714
1715
1716
1717
1717
1717
1718
1718
1720
1721
1723
1724
1725
1728
1728
1728
1728
1729
1731
1733
1733
1734
1734
1735
1736
1736
1736
1738
1739
1739
1739
1741
1743
1743
1744
1746
1746
1747
1747
1748
1749
1750
1751
1752
1753
1753
1753
1754
1755
1757
1759
1760
1761
1761
1762
1762
1763
1763
1764
1765
1766
1768
1768
1769
1771
1772
1772
1773
1773
1773
1773
1773
1774
1776
1777
1777
1782
1785
1786
1786
1787
1793
1793
1794
1794
1796
1796
1797
1803
1803
1806
1806
1807
1807
1807
1808
1810
1811
1811
1812
1812
1813
1813
1814
1815
1817
1818
1819
1820
1821
1822
1822
1823
1824
1829
1829
1830
1831
1831
1833
1837
1837
1838
1838
1839
1839
1840
1840
1846
1847
1850
1850
1850
1851
1852
1852
1855
1857
1858
1859
1861
1863
1864
1865
1865
1865
1865
1866
1868
1870
1873
1873
1873
1875
1875
1877
1878
1878
1879
1879
1883
1887
1887
1888
1888
1890
1890
1891
1891
1891
1891
1892
1893
1894
1897
1898
1899
1899
1900
1900
1901
1902
1903
1903
1905
1905
1907
1907
1908
1909
1909
1909
1911
1912
1914
1914
1915
1916
1917
1917
1918
1919
1920
1923
1924
1927
1927
1927
1928
1929
1929
1930
1930
1930
1931
1932
1932
1933
1934
1934
1936
1937
1939
1939
1940
1941
1941
1942
1943
1943
1944
1945
1946
1946
1948
1949
1951
1952
1952
1953
1954
1955
1955
1955
1955
1956
1956
1956
1959
1959
1960
1961
1962
1964
1965
1966
1966
1966
1967
1969
1969
1969
1969
1972
1973
1974
1974
1975
1975
1976
1976
1977
1979
1979
1979
1980
1980
1980
1982
1984
1986
1986
1987
1988
1988
1990
1991
1993
1993
1996
1998
1998
1998
1999
2002
2006
2009
2009
2009
2010
2010
2010
2011
2014
2014
2015
2015
2016
2016
2017
2017
2018
2019
2019
2020
2020
2025
2026
2028
2028
2029
2031
2031
2032
2032
2032
2033
2033
2033
2035
2035
2036
2036
2036
2037
2037
2037
2038
2038
2042
2042
2043
2043
2046
2048
2048
2050
2052
2059
2060
2060
2062
2064
2069
2069
2070
2071
2071
2073
2073
2074
2074
2074
2074
2075
2075
2077
2077
2077
2080
2080
2081
2083
2085
2085
2085
2085
2086
2086
2089
2090
2090
2090
2091
2091
2091
2091
2092
2095
2096
2096
2098
2100
2100
2100
2102
2103
2104
2106
2109
2109
2111
2111
2112
2112
2113
2113
2113
2114
2115
2117
2119
2119
2119
2120
2120
2121
2121
2122
2123
2124
2124
2124
2125
2127
2128
2130
2131
2132
2134
2134
2135
2135
2140
2140
2141
2142
2143
2143
2144
2147
2147
2149
2150
2151
2151
2153
2153
2154
2155
2155
2156
2161
2161
2162
2163
2163
2166
2169
2171
2172
2173
2173
2177
2178
2178
2180
2181
2181
2183
2184
2184
2184
2185
2187
2190
2191
2192
2195
2195
2196
2196
2197
2197
2199
2199
2200
2201
2202
2205
2206
2208
2208
2209
2210
2210
2210
2213
2213
2214
2214
2214
2215
2216
2216
2217
2217
2220
2221
2223
2223
2223
2223
2227
2227
2228
2230
2230
2231
2232
2234
2234
2234
2235
2236
2236
2237
2237
2237
2237
2238
2242
2243
2243
2244
2247
2247
2248
2251
2252
2252
2252
2253
2253
2254
2254
2254
2256
2257
2257
2257
2258
2258
2261
2264
2266
2267
2268
2269
2269
2273
2274
2274
2276
2276
2276
2278
2278
2279
2281
2281
2281
2282
2283
2283
2284
2286
2286
2287
2290
2290
2290
2291
2295
2295
2296
2296
2296
2299
2300
2300
2301
2302
2305
2305
2305
2306
2307
2308
2310
2310
2310
2310
2311
2311
2312
2312
2314
2315
2316
2319
2319
2319
2320
2321
2323
2324
2325
2325
2327
2328
2330
2332
2333
2333
2333
2333
2334
2334
2334
2335
2337
2337
2340
2340
2340
2342
2343
2344
2347
2347
2351
2352
2352
2352
2355
2355
2356
2356
2357
2357
2360
2361
2362
2363
2364
2365
2365
2366
2366
2367
2367
2368
2369
2369
2370
2370
2371
2371
2371
2373
2374
2376
2377
2378
2380
2381
2381
2383
2386
2387
2387
2388
2388
2388
2388
2388
2389
2389
2390
2390
2391
2392
2392
2392
2392
2393
2393
2396
2396
2397
2399
2400
2403
2403
2404
2407
2407
2408
2411
2414
2416
2416
2416
2416
2417
2420
2421
2422
2422
2423
2424
2425
2426
2427
2428
2428
2429
2430
2430
2432
2434
2434
2434
2436
2438
2439
2442
2442
2442
2443
2443
2443
2443
2444
2448
2449
2449
2450
2451
2452
2455
2456
2456
2457
2458
2459
2459
2459
2460
2460
2461
2463
2465
2466
2467
2468
2468
2469
2470
2472
2473
2477
2480
2480
2481
2482
2485
2486
2487
2488
2488
2488
2489
2490
2490
2493
2493
2494
2494
2495
2495
2496
2496
2499
2499
2500
2502
2502
2503
2505
2506
2507
2509
2510
2511
2511
2512
2513
2514
2514
2516
2516
2516
2516
2518
2518
2519
2520
2521
2521
2523
2525
2526
2526
2529
2530
2531
2531
2534
2534
2536
2537
2538
2539
2541
2542
2542
2544
2545
2546
2547
2547
2548
2548
2551
2551
2552
2552
2552
2552
2552
2552
2553
2554
2554
2556
2556
2556
2559
2563
2564
2565
2565
2568
2571
2572
2574
2574
2575
2575
2576
2576
2577
2577
2578
2578
2580
2581
2581
2582
2582
2583
2584
2585
2585
2587
2588
2588
2588
2589
2592
2593
2593
2593
2594
2595
2596
2597
2599
2599
2600
2601
2605
2605
2606
2606
2608
2608
2609
2610
2611
2611
2612
2612
2613
2613
2614
2615
2615
2616
2616
2619
2619
2620
2620
2623
2623
2626
2626
2627
2627
2628
2629
2629
2631
2633
2633
2633
2634
2635
2637
2637
2639
2640
2640
2640
2643
2644
2644
2645
2645
2647
2647
2650
2650
2652
2652
2653
2653
2657
2660
2661
2661
2662
2663
2663
2665
2666
2668
2668
2668
2670
2670
2674
2674
2675
2680
2681
2682
2685
2686
2687
2690
2692
2692
2693
2694
2694
2695
2697
2697
2698
2698
2700
2701
2702
2702
2704
2705
2706
2708
2709
2710
2710
2712
2712
2713
2714
2717
2719
2720
2720
2720
2721
2722
2724
2724
2726
2728
2728
2729
2730
2730
2731
2732
2732
2733
2733
2733
2735
2736
2737
2737
2737
2737
2737
2744
2745
2745
2749
2750
2751
2751
2753
2753
2754
2755
2756
2756
2757
2759
2760
2761
2762
2762
2765
2766
2766
2766
2767
2768
2770
2770
2770
2771
2772
2772
2772
2772
2775
2777
2779
2780
2780
2781
2784
2785
2785
2787
2788
2788
2788
2788
2789
2792
2793
2793
2793
2795
2799
2800
2800
2802
2803
2803
2805
2805
2805
2806
2807
2807
2810
2810
2814
2815
2815
2816
2817
2818
2818
2819
2819
2819
2820
2820
2822
2822
2822
2822
2825
2825
2826
2829
2830
2830
2831
2832
2832
2834
2836
2836
2838
2839
2840
2841
2841
2841
2842
2842
2842
2844
2845
2846
2847
2847
2847
2848
2848
2848
2850
2850
2850
2854
2854
2854
2854
2855
2856
2857
2858
2859
2860
2861
2863
2863
2864
2864
2865
2870
2870
2870
2872
2872
2872
2872
2878
2879
2879
2880
2881
2881
2882
2882
2883
2883
2886
2888
2888
2889
2889
2890
2891
2894
2895
2898
2898
2900
2900
2901
2902
2902
2907
2908
2908
2908
2908
2909
2909
2911
2913
2913
2914
2914
2914
2915
2916
2917
2917
2918
2920
2920
2922
2922
2923
2923
2926
2926
2927
2929
2931
2931
2931
2932
2933
2934
2936
2936
2936
2936
2936
2942
2943
2943
2943
2945
2945
2948
2950
2950
2951
2952
2954
2956
2957
2958
2958
2959
2960
2960
2961
2961
2961
2962
2963
2963
2965
2966
2967
2968
2969
2969
2969
2969
2970
2970
2974
2976
2976
2977
2977
2978
2978
2979
2981
2981
2984
2984
2985
2986
2986
2988
2988
2991
2993
2993
2993
2994
2994
2996
2998
2998
3001
3002
3002
3004
3006
3007
3008
3008
3010
3010
3011
3013
3014
3014
3014
3014
3015
3016
3016
3017
3019
3019
3019
3021
3021
3023
3023
3023
3023
3026
3030
3031
3031
3031
3032
3032
3034
3036
3036
3037
3037
3037
3037
3041
3042
3042
3043
3043
3043
3044
3044
3046
3051
3051
3054
3054
3056
3058
3058
3059
3060
3060
3060
3061
3063
3063
3064
3067
3069
3071
3071
3071
3071
3071
3071
3073
3073
3077
3078
3079
3082
3085
3085
3086
3086
3088
3089
3090
3090
3090
3091
3091
3091
3093
3094
3094
3094
3095
3096
3096
3097
3098
3100
3102
3106
3106
3107
3107
3107
3108
3108
3110
3112
3112
3114
3116
3117
3119
3119
3121
3122
3123
3124
3124
3125
3125
3126
3127
3129
3130
3130
3131
3134
3136
3137
3137
3138
3138
3140
3140
3141
3142
3143
3144
3147
3148
3150
3151
3152
3152
3153
3155
3156
3157
3158
3160
3162
3164
3164
3164
3166
3168
3168
3169
3169
3169
3170
3170
3170
3173
3177
3178
3178
3180
3180
3181
3182
3183
3184
3184
3186
3186
3187
3190
3192
3192
3193
3193
3194
3195
3196
3197
3198
3198
3200
3202
3203
3205
3205
3205
3206
3207
3207
3207
3208
3210
3210
3211
3212
3212
3212
3213
3213
3215
3218
3221
3223
3223
3223
3226
3227
3228
3229
3230
3230
3231
3232
3234
3235
3236
3237
3238
3238
3239
3242
3242
3243
3244
3246
3247
3247
3247
3249
3251
3251
3251
3251
3253
3254
3254
3255
3255
3255
3255
3257
3257
3257
3258
3258
3259
3259
3263
3264
3266
3267
3267
3267
3269
3270
3270
3272
3273
3273
3276
3276
3277
3277
3278
3280
3280
3281
3282
3282
3285
3285
3286
3287
3288
3290
3291
3292
3292
3292
3293
3293
3294
3296
3297
3297
3298
3299
3299
3299
3301
3301
3302
3302
3304
3304
3306
3307
3307
3307
3308
3309
3310
3315
3315
3315
3316
3316
3318
3320
3320
3322
3323
3325
3326
3327
3327
3327
3328
3330
3330
3330
3332
3335
3335
3337
3337
3338
3338
3339
3339
3340
3341
3341
3341
3345
3345
3346
3348
3354
3357
3358
3359
3362
3362
3362
3365
3366
3367
3368
3370
3370
3374
3376
3376
3377
3378
3378
3381
3381
3382
3383
3384
3384
3387
3388
3394
3398
3400
3402
3402
3403
3405
3405
3405
3406
3409
3411
3413
3414
3414
3414
3416
3417
3421
3421
3422
3423
3425
3425
3426
3426
3428
3429
3429
3429
3429
3433
3434
3436
3437
3439
3439
3441
3441
3442
3443
3445
3445
3445
3445
3445
3447
3448
3449
3449
3450
3450
3451
3454
3454
3455
3455
3456
3457
3457
3458
3458
3458
3459
3462
3464
3466
3466
3468
3468
3469
3469
3470
3472
3473
3473
3474
3474
3476
3477
3478
3479
3481
3483
3485
3485
3486
3487
3487
3487
3490
3491
3491
3491
3495
3496
3497
3500
3500
3501
3502
3503
3504
3505
3505
3505
3508
3510
3511
3512
3512
3513
3514
3516
3516
3517
3517
3518
3518
3519
3519
3522
3523
3523
3524
3524
3525
3526
3528
3529
3529
3529
3531
3532
3532
3533
3541
3544
3544
3545
3545
3546
3547
3548
3548
3550
3552
3553
3553
3553
3555
3555
3555
3557
3557
3557
3559
3560
3561
3562
3562
3562
3566
3566
3566
3567
3569
3570
3570
3570
3572
3573
3574
3574
3574
3575
3576
3576
3576
3580
3581
3582
3583
3584
3585
3585
3586
3586
3588
3588
3588
3589
3589
3590
3593
3595
3596
3596
3600
3600
3602
3603
3603
3603
3603
3606
3606
3607
3608
3608
3609
3610
3611
3612
3613
3615
3615
3616
3616
3616
3617
3617
3619
3620
3621
3622
3622
3623
3624
3624
3624
3627
3628
3628
3629
3632
3634
3634
3635
3641
3642
3642
3643
3645
3648
3649
3650
3650
3651
3651
3652
3652
3653
3653
3654
3654
3655
3656
3656
3659
3660
3661
3665
3666
3667
3667
3669
3670
3670
3671
3672
3673
3674
3677
3677
3679
3680
3682
3683
3683
3684
3685
3686
3687
3688
3690
3690
3691
3692
3693
3693
3693
3693
3694
3695
3696
3696
3697
3698
3698
3698
3699
3700
3701
3702
3703
3703
3704
3704
3706
3706
3706
3706
3708
3709
3709
3712
3712
3713
3714
3714
3715
3715
3716
3716
3718
3719
3720
3721
3722
3723
3723
3724
3724
3725
3726
3727
3727
3727
3730
3731
3732
3733
3733
3734
3734
3736
3736
3736
3738
3739
3739
3743
3745
3747
3748
3749
3749
3750
3750
3751
3751
3753
3755
3757
3758
3759
3759
3759
3759
3760
3760
3761
3762
3762
3763
3764
3764
3765
3765
3765
3768
3768
3769
3770
3771
3773
3775
3777
3778
3778
3778
3779
3780
3781
3782
3782
3784
3787
3787
3788
3788
3788
3790
3790
3791
3792
3792
3792
3796
3797
3797
3799
3801
3803
3805
3806
3807
3808
3808
3811
3811
3813
3816
3817
3818
3821
3821
3821
3821
3824
3825
3826
3826
3826
3831
3832
3833
3834
3835
3837
3838
3839
3842
3842
3845
3845
3846
3846
3848
3848
3848
3849
3850
3851
3855
3856
3857
3859
3859
3860
3861
3862
3864
3866
3867
3867
3869
3869
3871
3873
3875
3875
3875
3875
3876
3876
3876
3877
3878
3880
3881
3885
3887
3887
3887
3888
3889
3891
3892
3894
3895
3898
3899
3905
3906
3907
3908
3908
3909
3910
3912
3912
3912
3913
3914
3914
3914
3916
3919
3920
3920
3921
3922
3922
3923
3923
3923
3923
3924
3924
3925
3926
3928
3929
3931
3932
3932
3934
3934
3935
3935
3935
3937
3938
3939
3939
3943
3944
3944
3945
3945
3945
3945
3947
3948
3953
3954
3955
3955
3958
3958
3959
3959
3960
3961
3963
3964
3965
3965
3965
3968
3968
3968
3968
3969
3970
3970
3970
3972
3972
3974
3975
3975
3978
3978
3981
3986
3987
3988
3988
3988
3989
3989
3989
3992
3992
3993
3994
3995
3996
3996
3997
3997
4000
4000
4001
4002
4003
4003
4004
4004
4005
4005
4005
4007
4007
4008
4008
4011
4011
4011
4012
4015
4016
4016
4017
4018
4019
4020
4020
4021
4022
4022
4025
4026
4033
4034
4034
4037
4037
4037
4039
4040
4040
4041
4041
4042
4043
4047
4048
4049
4049
4051
4054
4054
4056
4057
4058
4062
4064
4065
4065
4066
4066
4068
4068
4069
4069
4070
4073
4074
4075
4075
4076
4078
4079
4080
4080
4082
4084
4086
4087
4087
4087
4088
4090
4090
4093
4093
4095
4097
4097
4098
4098
4100
4101
4103
4106
4108
4108
4108
4108
4108
4114
4114
4114
4115
4115
4116
4119
4121
4121
4122
4124
4125
4127
4127
4129
4129
4130
4131
4134
4134
4135
4136
4137
4138
4138
4138
4138
4139
4139
4139
4140
4140
4140
4141
4141
4142
4143
4144
4145
4146
4147
4149
4150
4150
4151
4152
4153
4155
4155
4155
4155
4157
4157
4157
4158
4160
4162
4162
4167
4169
4170
4170
4171
4173
4176
4176
4177
4178
4178
4178
4178
4181
4182
4183
4183
4184
4184
4185
4187
4187
4188
4189
4190
4192
4192
4193
4193
4196
4196
4197
4200
4200
4201
4201
4202
4202
4203
4205
4206
4208
4210
4210
4212
4213
4213
4214
4215
4215
4216
4216
4220
4220
4220
4223
4224
4224
4225
4226
4228
4228
4231
4232
4232
4232
4233
4236
4236
4236
4236
4237
4238
4238
4239
4241
4243
4245
4246
4248
4249
4249
4251
4251
4251
4253
4254
4255
4259
4260
4260
4260
4260
4261
4262
4264
4265
4265
4267
4269
4269
4271
4271
4272
4272
4272
4276
4276
4278
4279
4279
4281
4283
4284
4284
4289
4289
4289
4291
4292
4292
4292
4293
4294
4294
4296
4297
4297
4297
4297
4297
4298
4298
4298
4299
4299
4299
4301
4302
4304
4304
4306
4306
4308
4308
4310
4311
4311
4314
4316
4317
4319
4319
4320
4321
4322
4323
4323
4323
4324
4328
4330
4331
4333
4334
4335
4335
4336
4336
4338
4339
4340
4340
4341
4342
4342
4343
4343
4343
4343
4343
4345
4345
4347
4350
4352
4353
4355
4355
4358
4358
4359
4359
4359
4360
4360
4361
4361
4363
4363
4365
4366
4366
4368
4368
4369
4369
4369
4370
4371
4371
4371
4372
4372
4374
4374
4375
4375
4376
4376
4377
4378
4380
4380
4380
4380
4383
4384
4385
4385
4386
4386
4387
4387
4387
4387
4389
4389
4390
4390
4392
4393
4393
4394
4395
4397
4398
4399
4399
4400
4400
4400
4403
4404
4406
4408
4409
4411
4411
4411
4416
4416
4418
4419
4419
4420
4421
4421
4422
4424
4424
4424
4425
4425
4427
4429
4430
4433
4433
4433
4434
4437
4439
4441
4441
4444
4444
4444
4446
4448
4456
4457
4458
4459
4459
4459
4460
4460
4461
4461
4462
4464
4464
4465
4465
4467
4467
4467
4468
4469
4472
4472
4473
4473
4476
4477
4478
4479
4480
4480
4481
4481
4482
4483
4483
4484
4484
4488
4488
4489
4490
4491
4492
4493
4494
4495
4495
4497
4497
4499
4499
4501
4501
4502
4502
4503
4503
4506
4507
4508
4510
4510
4510
4512
4512
4513
4513
4514
4515
4516
4517
4517
4520
4520
4521
4521
4522
4522
4524
4525
4525
4526
4528
4528
4529
4530
4530
4531
4531
4532
4534
4535
4539
4542
4542
4544
4545
4546
4547
4547
4550
4550
4552
4554
4554
4555
4559
4559
4561
4561
4563
4563
4566
4568
4568
4568
4569
4573
4573
4575
4575
4576
4576
4577
4577
4577
4580
4581
4581
4581
4583
4584
4586
4587
4587
4589
4590
4590
4592
4594
4595
4595
4595
4596
4596
4597
4598
4599
4599
4600
4604
4604
4607
4607
4608
4609
4609
4611
4612
4614
4615
4615
4615
4615
4616
4616
4616
4616
4617
4617
4617
4619
4620
4620
4621
4622
4623
4623
4624
4624
4626
4626
4626
4631
4632
4634
4634
4635
4635
4639
4640
4641
4644
4644
4645
4645
4646
4646
4646
4647
4648
4648
4648
4649
4650
4650
4650
4652
4653
4654
4654
4654
4655
4656
4656
4658
4658
4658
4658
4660
4661
4663
4664
4665
4665
4666
4666
4666
4668
4669
4670
4671
4674
4675
4676
4678
4679
4680
4682
4682
4683
4684
4684
4685
4686
4687
4687
4687
4690
4690
4692
4693
4694
4696
4698
4698
4699
4701
4702
4704
4704
4704
4705
4706
4710
4710
4711
4713
4715
4716
4716
4718
4721
4722
4722
4723
4725
4728
4729
4730
4730
4732
4733
4735
4737
4737
4739
4740
4740
4741
4741
4742
4743
4744
4744
4745
4745
4745
4746
4746
4747
4747
4748
4748
4748
4748
4749
4750
4751
4752
4753
4753
4754
4754
4755
4757
4758
4758
4759
4760
4761
4761
4762
4762
4762
4763
4764
4764
4766
4766
4767
4768
4769
4770
4771
4775
4776
4778
4779
4781
4782
4782
4783
4783
4783
4785
4786
4787
4788
4789
4790
4790
4793
4793
4794
4797
4798
4798
4799
4800
4800
4802
4803
4804
4805
4805
4806
4806
4808
4809
4812
4813
4814
4816
4816
4818
4818
4819
4819
4819
4820
4821
4822
4822
4824
4825
4826
4826
4827
4827
4827
4829
4829
4829
4830
4831
4832
4835
4835
4835
4837
4846
4849
4850
4851
4852
4853
4854
4855
4855
4855
4857
4857
4857
4859
4859
4861
4861
4862
4863
4863
4866
4869
4870
4871
4874
4874
4875
4875
4877
4877
4878
4881
4885
4886
4887
4888
4888
4890
4892
4893
4896
4898
4898
4898
4899
4899
4900
4900
4901
4902
4906
4906
4906
4909
4912
4914
4914
4915
4915
4916
4917
4919
4919
4920
4921
4922
4924
4925
4927
4928
4929
4930
4930
4932
4933
4934
4934
4935
4935
4936
4937
4937
4938
4939
4940
4942
4942
4946
4946
4947
4949
4951
4953
4955
4956
4958
4959
4959
4960
4960
4964
4964
4966
4968
4968
4969
4971
4973
4975
4976
4978
4979
4980
4982
4983
4983
4984
4984
4985
4985
4986
4986
4986
4987
4988
4989
4990
4990
4993
4996
4996
4997
5000
5001
5001
5003
5004
5004
5005
5006
5010
5011
5012
5012
5012
5012
5013
5013
5013
5014
5017
5017
5018
5018
5019
5019
5019
5022
5023
5025
5027
5028
5028
5029
5030
5031
5031
5031
5031
5032
5033
5033
5033
5034
5035
5035
5037
5037
5038
5039
5040
5040
5041
5045
5046
5050
5055
5058
5058
5059
5062
5064
5065
5066
5067
5068
5068
5070
5070
5072
5073
5074
5075
5075
5079
5081
5082
5083
5087
5088
5090
5093
5093
5093
5094
5096
5097
5099
5100
5102
5103
5104
5104
5106
5106
5107
5108
5108
5109
5110
5111
5115
5116
5116
5116
5117
5118
5121
5123
5123
5125
5127
5128
5128
5128
5130
5130
5131
5133
5133
5133
5134
5135
5137
5138
5138
5138
5139
5139
5139
5140
5141
5143
5145
5145
5145
5145
5146
5149
5149
5150
5151
5152
5152
5154
5154
5154
5156
5158
5158
5159
5159
5159
5161
5161
5165
5167
5167
5167
5167
5168
5169
5169
5169
5170
5170
5170
5172
5172
5172
5175
5175
5176
5178
5178
5179
5180
5181
5181
5184
5185
5186
5186
5188
5188
5189
5191
5195
5195
5196
5197
5197
5199
5200
5201
5202
5205
5206
5206
5208
5208
5209
5209
5209
5212
5212
5213
5213
5214
5214
5214
5215
5215
5216
5220
5221
5221
5223
5226
5226
5226
5227
5227
5228
5230
5230
5231
5235
5237
5237
5239
5239
5241
5242
5243
5243
5243
5246
5246
5247
5249
5250
5250
5251
5251
5254
5256
5258
5258
5259
5261
5263
5263
5265
5265
5265
5266
5267
5267
5268
5268
5269
5269
5269
5270
5272
5274
5274
5276
5279
5280
5281
5281
5282
5282
5283
5284
5287
5289
5289
5289
5291
5291
5292
5293
5295
5295
5295
5295
5296
5296
5299
5300
5300
5300
5301
5301
5303
5303
5304
5306
5306
5309
5309
5312
5313
5313
5314
5314
5320
5320
5321
5322
5322
5322
5325
5326
5326
5326
5327
5327
5329
5333
5335
5336
5336
5336
5337
5341
5341
5343
5344
5344
5344
5346
5348
5350
5350
5351
5351
5352
5356
5358
5359
5360
5364
5364
5365
5365
5365
5366
5367
5367
5368
5368
5369
5372
5373
5374
5374
5375
5377
5378
5379
5381
5384
5384
5385
5387
5387
5388
5388
5389
5390
5392
5395
5396
5396
5398
5398
5400
5400
5405
5405
5406
5411
5411
5411
5411
5411
5413
5413
5415
5415
5418
5418
5419
5420
5420
5421
5421
5422
5423
5426
5427
5429
5431
5431
5432
5433
5434
5434
5435
5436
5437
5437
5438
5438
5440
5440
5441
5442
5444
5445
5447
5449
5449
5449
5449
5450
5450
5452
5453
5453
5455
5455
5455
5459
5459
5459
5461
5462
5463
5463
5464
5466
5466
5466
5468
5468
5468
5469
5470
5471
5472
5472
5473
5477
5478
5478
5481
5481
5482
5482
5484
5484
5486
5486
5487
5487
5488
5489
5489
5490
5490
5493
5495
5496
5497
5497
5497
5497
5498
5500
5501
5502
5504
5506
5506
5506
5507
5508
5509
5511
5511
5511
5512
5512
5513
5514
5515
5515
5516
5516
5518
5519
5520
5521
5522
5522
5524
5524
5525
5525
5525
5526
5526
5527
5531
5532
5532
5533
5533
5535
5535
5537
5537
5537
5537
5539
5539
5540
5545
5546
5548
5548
5549
5552
5554
5556
5556
5557
5560
5560
5560
5560
5561
5561
5562
5563
5564
5565
5565
5566
5567
5568
5568
5569
5570
5570
5571
5571
5571
5572
5572
5574
5576
5577
5577
5578
5578
5580
5580
5581
5582
5583
5587
5589
5590
5591
5592
5594
5596
5596
5596
5597
5599
5599
5599
5600
5600
5601
5602
5603
5603
5603
5604
5605
5605
5606
5606
5606
5606
5606
5608
5609
5611
5612
5612
5613
5614
5614
5615
5617
5617
5618
5619
5619
5621
5621
5621
5624
5628
5629
5629
5630
5631
5632
5632
5633
5634
5634
5636
5643
5643
5643
5643
5645
5648
5648
5649
5651
5652
5655
5655
5657
5659
5660
5661
5661
5663
5663
5664
5669
5675
5676
5676
5677
5677
5679
5681
5682
5682
5683
5685
5685
5686
5688
5688
5688
5688
5691
5693
5694
5695
5695
5697
5698
5698
5698
5699
5701
5702
5703
5703
5704
5704
5706
5708
5710
5711
5712
5712
5712
5713
5715
5719
5721
5725
5725
5726
5727
5727
5729
5729
5730
5731
5732
5733
5734
5734
5735
5735
5736
5737
5737
5737
5739
5739
5740
5741
5742
5742
5743
5744
5745
5745
5746
5747
5747
5748
5756
5756
5756
5757
5758
5759
5759
5759
5761
5761
5763
5766
5767
5767
5769
5769
5769
5769
5770
5771
5774
5775
5777
5778
5781
5786
5787
5788
5788
5788
5789
5790
5790
5791
5792
5792
5794
5796
5797
5801
5806
5807
5807
5809
5810
5811
5812
5812
5812
5813
5816
5816
5819
5820
5820
5820
5823
5824
5825
5827
5828
5828
5829
5831
5834
5836
5837
5838
5838
5839
5840
5840
5841
5843
5844
5846
5847
5848
5849
5850
5850
5851
5852
5852
5854
5855
5855
5856
5856
5856
5857
5858
5858
5859
5859
5861
5861
5862
5862
5865
5866
5867
5867
5867
5868
5869
5869
5869
5871
5871
5873
5874
5874
5875
5875
5878
5879
5887
5887
5887
5887
5889
5889
5890
5890
5892
5893
5894
5895
5896
5896
5897
5898
5900
5901
5902
5903
5905
5905
5906
5909
5909
5910
5914
5915
5917
5917
5917
5918
5918
5919
5919
5922
5924
5926
5928
5930
5930
5932
5933
5934
5934
5936
5937
5938
5938
5939
5939
5940
5945
5945
5945
5947
5949
5950
5950
5951
5953
5953
5953
5953
5953
5954
5955
5956
5956
5958
5958
5960
5963
5964
5965
5966
5967
5967
5967
5968
5968
5968
5969
5970
5972
5972
5973
5973
5973
5974
5974
5976
5976
5977
5977
5980
5980
5980
5980
5981
5986
5986
5986
5988
5988
5989
5992
5992
5992
5994
5995
5995
5998
5998
5998
5999
6002
6014
6016
6017
6017
6018
6020
6020
6021
6021
6021
6022
6022
6022
6022
6023
6023
6023
6023
6024
6025
6027
6028
6029
6029
6032
6032
6032
6033
6033
6033
6035
6037
6037
6039
6039
6041
6043
6044
6044
6046
6046
6046
6047
6047
6048
6049
6049
6050
6053
6053
6054
6054
6054
6055
6058
6058
6059
6059
6061
6062
6063
6064
6066
6066
6068
6069
6070
6071
6071
6072
6072
6073
6074
6075
6075
6078
6079
6079
6081
6081
6082
6083
6083
6083
6084
6085
6085
6085
6086
6087
6087
6087
6088
6088
6091
6092
6092
6093
6094
6095
6097
6098
6098
6099
6100
6101
6101
6103
6103
6103
6104
6105
6105
6106
6106
6109
6111
6115
6116
6118
6123
6123
6129
6129
6130
6130
6130
6131
6132
6132
6133
6136
6136
6138
6138
6139
6139
6140
6140
6141
6141
6143
6144
6144
6144
6145
6145
6146
6146
6147
6147
6148
6148
6149
6150
6152
6152
6152
6154
6154
6156
6156
6157
6162
6166
6170
6171
6171
6171
6172
6172
6173
6174
6177
6178
6180
6183
6187
6187
6188
6190
6190
6191
6191
6192
6192
6193
6193
6194
6196
6197
6197
6200
6201
6201
6202
6203
6204
6204
6205
6205
6206
6207
6207
6209
6210
6211
6212
6213
6213
6217
6218
6218
6218
6219
6220
6223
6223
6223
6224
6226
6227
6228
6228
6229
6229
6230
6233
6233
6233
6234
6234
6234
6241
6242
6243
6244
6245
6245
6247
6248
6248
6250
6250
6251
6252
6255
6257
6259
6261
6266
6268
6268
6274
6277
6280
6281
6283
6285
6286
6288
6288
6290
6292
6293
6294
6294
6294
6294
6294
6295
6296
6297
6299
6300
6301
6302
6303
6304
6304
6304
6305
6307
6308
6309
6309
6310
6311
6313
6315
6315
6317
6321
6322
6322
6322
6323
6323
6324
6324
6325
6325
6326
6326
6326
6327
6327
6328
6329
6330
6330
6332
6333
6339
6340
6341
6343
6344
6345
6346
6346
6346
6347
6349
6350
6351
6352
6352
6354
6355
6355
6356
6359
6361
6361
6362
6363
6364
6364
6365
6365
6365
6367
6367
6368
6369
6372
6373
6374
6377
6378
6378
6378
6379
6379
6380
6381
6387
6388
6388
6390
6391
6392
6393
6395
6396
6397
6398
6398
6400
6402
6403
6404
6404
6405
6405
6406
6408
6408
6409
6411
6411
6413
6414
6415
6417
6420
6420
6422
6424
6427
6429
6430
6431
6432
6432
6433
6434
6438
6438
6439
6439
6440
6440
6441
6442
6442
6443
6445
6449
6450
6450
6453
6453
6454
6454
6455
6460
6460
6462
6463
6463
6464
6464
6464
6465
6466
6469
6472
6472
6472
6473
6473
6473
6474
6475
6475
6476
6476
6477
6480
6480
6480
6480
6481
6481
6481
6482
6483
6483
6485
6486
6486
6487
6488
6488
6488
6489
6490
6491
6494
6494
6495
6497
6498
6498
6500
6500
6502
6503
6503
6504
6507
6507
6510
6511
6512
6513
6514
6514
6516
6517
6517
6517
6518
6518
6519
6520
6520
6520
6520
6521
6522
6524
6524
6527
6527
6530
6530
6531
6532
6534
6534
6537
6537
6539
6539
6539
6541
6544
6544
6545
6546
6547
6548
6548
6549
6549
6550
6550
6550
6551
6552
6553
6555
6555
6556
6557
6557
6560
6560
6562
6563
6566
6567
6568
6568
6571
6571
6575
6575
6575
6576
6578
6579
6579
6579
6581
6582
6583
6584
6584
6585
6587
6587
6587
6587
6589
6589
6591
6592
6592
6593
6593
6594
6595
6595
6597
6598
6599
6600
6601
6601
6603
6604
6605
6605
6605
6606
6606
6608
6608
6608
6608
6609
6610
6610
6611
6611
6612
6612
6613
6613
6614
6615
6616
6616
6616
6617
6617
6618
6618
6619
6623
6624
6625
6626
6626
6628
6628
6631
6631
6632
6633
6633
6634
6635
6635
6635
6636
6637
6638
6639
6642
6643
6643
6643
6644
6645
6645
6645
6645
6648
6649
6649
6651
6651
6652
6653
6654
6654
6655
6655
6656
6656
6657
6657
6657
6658
6659
6660
6661
6661
6663
6663
6663
6664
6665
6666
6667
6668
6668
6669
6670
6672
6672
6673
6674
6674
6675
6675
6676
6677
6679
6680
6681
6681
6682
6684
6684
6687
6689
6690
6691
6691
6691
6692
6693
6694
6696
6696
6697
6697
6698
6698
6698
6699
6699
6701
6701
6703
6706
6708
6708
6708
6710
6711
6711
6711
6711
6712
6713
6713
6714
6714
6714
6716
6716
6717
6718
6718
6718
6718
6720
6721
6721
6722
6722
6724
6731
6733
6733
6733
6734
6736
6736
6736
6738
6738
6739
6739
6740
6742
6743
6744
6744
6744
6745
6745
6746
6747
6747
6750
6751
6752
6753
6754
6756
6757
6758
6758
6760
6761
6761
6761
6762
6762
6762
6762
6763
6763
6764
6765
6766
6768
6768
6768
6769
6769
6769
6770
6771
6772
6773
6774
6775
6779
6780
6780
6782
6782
6783
6783
6785
6786
6790
6791
6794
6795
6796
6797
6797
6798
6798
6799
6802
6802
6804
6804
6805
6805
6805
6806
6807
6808
6808
6809
6809
6809
6810
6811
6812
6813
6813
6813
6816
6818
6819
6820
6820
6822
6822
6823
6824
6825
6825
6826
6827
6827
6829
6831
6832
6832
6834
6836
6837
6838
6840
6840
6842
6842
6842
6842
6844
6845
6847
6848
6848
6851
6852
6854
6855
6855
6855
6856
6856
6858
6858
6859
6860
6860
6860
6861
6861
6862
6863
6865
6871
6871
6871
6872
6874
6874
6874
6874
6879
6879
6882
6883
6883
6883
6883
6883
6884
6884
6885
6887
6888
6889
6890
6891
6891
6892
6892
6893
6893
6896
6897
6898
6898
6900
6901
6901
6901
6902
6903
6903
6904
6905
6909
6909
6909
6910
6912
6912
6912
6913
6913
6916
6916
6916
6917
6920
6920
6921
6921
6923
6924
6925
6927
6929
6929
6931
6931
6932
6938
6938
6938
6938
6939
6939
6939
6940
6940
6941
6942
6943
6943
6944
6946
6948
6950
6951
6954
6955
6956
6957
6958
6959
6960
6964
6966
6967
6967
6968
6969
6970
6970
6970
6971
6972
6972
6972
6974
6974
6976
6976
6976
6977
6979
6979
6979
6979
6980
6982
6982
6982
6983
6983
6983
6984
6984
6985
6987
6987
6988
6988
6988
6989
6989
6990
6992
6995
6995
6996
6997
6998
6998
7000
7000
7000
7000
7002
7002
7002
7003
7004
7006
7006
7007
7011
7011
7013
7014
7015
7017
7017
7018
7025
7026
7028
7029
7030
7030
7031
7033
7033
7033
7034
7034
7038
7038
7040
7041
7041
7042
7042
7043
7044
7045
7047
7049
7049
7050
7050
7050
7051
7053
7053
7054
7054
7054
7056
7056
7058
7060
7061
7062
7062
7063
7063
7063
7064
7064
7064
7065
7067
7067
7067
7069
7072
7072
7073
7073
7075
7078
7079
7081
7081
7081
7082
7085
7085
7087
7088
7090
7090
7090
7091
7092
7092
7093
7093
7096
7096
7096
7100
7100
7100
7101
7102
7102
7102
7103
7106
7109
7109
7110
7110
7110
7115
7115
7118
7118
7120
7120
7120
7120
7122
7122
7123
7123
7124
7125
7128
7129
7129
7130
7130
7132
7132
7134
7136
7138
7139
7142
7142
7145
7146
7147
7147
7151
7152
7152
7152
7153
7157
7158
7158
7159
7159
7161
7161
7162
7162
7163
7164
7164
7164
7165
7165
7167
7170
7171
7171
7173
7173
7173
7174
7176
7178
7179
7181
7181
7181
7186
7186
7189
7189
7190
7191
7192
7193
7193
7195
7196
7196
7196
7198
7198
7201
7202
7203
7204
7204
7206
7208
7209
7209
7209
7210
7210
7210
7211
7211
7211
7211
7211
7212
7213
7214
7215
7216
7216
7216
7217
7218
7218
7219
7220
7221
7222
7222
7222
7223
7223
7226
7226
7226
7227
7228
7231
7232
7232
7233
7233
7233
7235
7235
7237
7238
7239
7240
7244
7244
7244
7246
7247
7247
7247
7247
7248
7250
7250
7251
7252
7254
7254
7254
7255
7257
7258
7258
7259
7260
7260
7261
7262
7264
7266
7266
7267
7268
7269
7271
7271
7273
7274
7275
7276
7279
7279
7280
7284
7284
7284
7285
7289
7289
7289
7289
7294
7295
7300
7300
7304
7307
7308
7310
7313
7313
7313
7313
7314
7314
7317
7320
7320
7320
7321
7322
7322
7323
7324
7324
7325
7325
7326
7326
7327
7328
7329
7329
7330
7330
7331
7331
7332
7332
7332
7334
7334
7335
7336
7336
7338
7338
7339
7340
7340
7341
7343
7344
7345
7345
7346
7346
7347
7348
7350
7351
7351
7352
7354
7357
7357
7357
7359
7363
7363
7363
7365
7365
7368
7369
7372
7372
7372
7374
7375
7376
7376
7379
7380
7381
7381
7382
7382
7384
7384
7385
7386
7387
7387
7388
7389
7389
7389
7390
7391
7391
7391
7396
7396
7397
7399
7399
7401
7403
7404
7405
7405
7407
7409
7411
7412
7413
7414
7415
7415
7420
7422
7424
7425
7425
7426
7427
7427
7428
7428
7429
7429
7430
7430
7432
7432
7433
7436
7436
7437
7437
7437
7437
7440
7440
7441
7442
7442
7443
7444
7444
7445
7446
7448
7449
7450
7452
7452
7453
7454
7457
7458
7458
7460
7460
7462
7462
7463
7463
7463
7466
7467
7467
7469
7474
7474
7477
7478
7478
7480
7481
7483
7484
7487
7488
7490
7492
7492
7493
7496
7497
7500
7501
7502
7502
7503
7505
7505
7506
7506
7508
7508
7509
7509
7511
7511
7513
7514
7515
7515
7517
7517
7520
7520
7521
7521
7521
7522
7522
7522
7524
7524
7525
7526
7526
7529
7530
7531
7531
7531
7533
7534
7535
7535
7538
7540
7541
7541
7542
7543
7544
7545
7546
7546
7547
7548
7552
7552
7552
7553
7553
7553
7557
7557
7557
7558
7559
7559
7561
7563
7564
7564
7564
7566
7567
7568
7568
7569
7569
7570
7572
7572
7573
7575
7576
7576
7576
7577
7577
7578
7578
7580
7582
7582
7582
7583
7583
7584
7584
7585
7585
7585
7585
7586
7588
7592
7597
7598
7600
7603
7605
7605
7606
7606
7607
7607
7607
7607
7608
7608
7611
7612
7614
7614
7614
7615
7617
7619
7620
7621
7621
7621
7626
7628
7628
7630
7632
7632
7633
7634
7635
7635
7638
7640
7640
7640
7641
7642
7643
7643
7643
7644
7644
7644
7646
7648
7650
7651
7652
7652
7653
7654
7655
7656
7656
7657
7657
7658
7658
7659
7659
7659
7663
7665
7665
7666
7666
7667
7670
7671
7673
7673
7673
7675
7675
7675
7676
7676
7677
7679
7681
7681
7681
7682
7683
7683
7684
7685
7689
7690
7690
7691
7692
7693
7693
7695
7696
7698
7702
7702
7703
7703
7703
7703
7704
7706
7707
7707
7708
7712
7713
7714
7714
7715
7715
7715
7716
7716
7716
7717
7718
7718
7719
7720
7720
7721
7723
7723
7730
7732
7733
7733
7734
7734
7734
7736
7737
7738
7741
7741
7742
7744
7745
7747
7747
7749
7750
7750
7751
7753
7758
7759
7759
7759
7760
7761
7761
7761
7762
7764
7764
7764
7766
7767
7768
7768
7768
7768
7768
7770
7772
7774
7775
7776
7777
7779
7781
7781
7784
7784
7784
7786
7787
7790
7792
7793
7794
7795
7796
7797
7797
7798
7799
7800
7801
7802
7803
7803
7803
7804
7804
7805
7805
7806
7807
7808
7808
7808
7808
7809
7809
7811
7813
7813
7815
7817
7817
7817
7819
7819
7819
7820
7820
7821
7827
7829
7830
7831
7831
7837
7837
7837
7838
7838
7838
7839
7843
7843
7844
7846
7846
7847
7847
7847
7848
7848
7850
7850
7853
7853
7855
7856
7856
7856
7856
7858
7858
7859
7859
7864
7864
7864
7865
7865
7866
7866
7870
7871
7872
7872
7874
7874
7874
7875
7875
7879
7879
7879
7879
7880
7882
7882
7883
7884
7885
7886
7888
7889
7889
7889
7889
7890
7892
7893
7897
7900
7900
7902
7902
7903
7904
7906
7907
7910
7911
7913
7913
7913
7914
7915
7918
7919
7920
7922
7923
7923
7926
7927
7927
7928
7929
7930
7930
7931
7931
7932
7933
7934
7934
7935
7936
7937
7938
7939
7942
7942
7942
7943
7943
7943
7943
7944
7946
7946
7947
7948
7948
7948
7949
7949
7950
7950
7951
7951
7954
7954
7954
7954
7954
7955
7956
7956
7957
7957
7957
7959
7962
7963
7963
7963
7964
7965
7965
7965
7967
7970
7970
7973
7974
7975
7977
7978
7978
7979
7980
7980
7982
7983
7984
7984
7985
7985
7988
7988
7989
7989
7990
7992
7992
7994
7994
7996
7997
7997
7998
8000
8000
8000
8004
8006
8007
8008
8008
8008
8009
8011
8012
8018
8019
8019
8020
8021
8021
8022
8022
8023
8024
8024
8026
8026
8027
8027
8027
8027
8031
8034
8034
8034
8034
8035
8035
8035
8036
8036
8041
8043
8048
8048
8048
8051
8053
8054
8054
8054
8056
8058
8058
8059
8059
8059
8062
8062
8062
8062
8065
8066
8067
8067
8067
8068
8068
8071
8071
8072
8073
8074
8074
8076
8079
8080
8080
8081
8082
8082
8082
8083
8083
8084
8084
8085
8086
8088
8088
8088
8089
8090
8091
8093
8094
8095
8095
8097
8098
8099
8100
8100
8101
8101
8104
8107
8108
8109
8110
8111
8111
8113
8113
8113
8113
8114
8114
8116
8117
8118
8119
8119
8119
8120
8121
8122
8123
8123
8124
8126
8126
8126
8127
8128
8132
8132
8132
8133
8133
8137
8139
8140
8141
8141
8142
8142
8143
8145
8146
8146
8146
8147
8147
8147
8149
8150
8150
8150
8152
8153
8155
8155
8156
8157
8158
8158
8159
8159
8159
8160
8161
8161
8163
8163
8166
8167
8168
8168
8170
8170
8170
8171
8173
8177
8183
8183
8185
8186
8187
8188
8189
8190
8190
8191
8194
8195
8198
8200
8202
8203
8203
8204
8204
8204
8204
8204
8206
8207
8207
8208
8209
8209
8211
8211
8212
8212
8215
8215
8218
8219
8221
8222
8223
8227
8227
8227
8228
8231
8231
8233
8233
8233
8233
8234
8235
8235
8239
8239
8239
8239
8240
8240
8243
8244
8244
8244
8247
8248
8249
8249
8250
8250
8251
8251
8251
8252
8252
8252
8253
8254
8255
8256
8257
8258
8258
8259
8259
8260
8262
8263
8263
8265
8267
8267
8267
8268
8268
8272
8272
8274
8274
8274
8275
8276
8276
8277
8278
8282
8282
8283
8284
8285
8286
8288
8288
8289
8289
8289
8291
8291
8293
8293
8294
8294
8295
8296
8299
8299
8302
8302
8304
8305
8305
8306
8307
8307
8308
8308
8309
8311
8311
8313
8313
8314
8314
8314
8315
8315
8315
8316
8316
8316
8316
8316
8317
8319
8319
8319
8319
8320
8321
8322
8323
8323
8323
8324
8326
8329
8331
8331
8331
8333
8333
8336
8338
8339
8340
8340
8343
8344
8344
8346
8347
8347
8347
8349
8349
8349
8351
8352
8352
8353
8354
8354
8355
8356
8359
8359
8359
8359
8360
8363
8364
8364
8366
8367
8368
8369
8369
8371
8372
8372
8373
8374
8378
8379
8379
8381
8382
8382
8384
8386
8390
8391
8393
8394
8397
8398
8398
8399
8400
8401
8401
8402
8402
8403
8404
8406
8407
8408
8409
8410
8410
8410
8411
8416
8418
8419
8419
8422
8423
8423
8425
8425
8427
8427
8427
8428
8428
8429
8432
8434
8434
8435
8436
8436
8437
8439
8440
8440
8441
8443
8443
8443
8447
8447
8447
8450
8451
8452
8452
8452
8452
8453
8453
8456
8456
8457
8458
8458
8459
8460
8460
8460
8463
8466
8466
8466
8468
8468
8468
8469
8469
8469
8470
8472
8473
8475
8476
8479
8479
8480
8481
8482
8482
8486
8490
8490
8491
8491
8492
8492
8495
8495
8497
8498
8498
8498
8498
8499
8503
8507
8510
8510
8511
8515
8515
8517
8519
8519
8523
8526
8529
8529
8530
8532
8532
8533
8533
8533
8535
8539
8540
8543
8543
8543
8544
8544
8549
8549
8550
8550
8550
8551
8553
8553
8553
8553
8553
8553
8554
8554
8554
8557
8561
8561
8568
8568
8569
8570
8571
8572
8572
8573
8573
8575
8575
8577
8577
8577
8578
8582
8582
8583
8583
8584
8584
8586
8586
8586
8586
8587
8590
8591
8591
8592
8592
8593
8597
8598
8599
8600
8605
8606
8606
8607
8610
8612
8612
8616
8617
8617
8618
8619
8620
8621
8622
8622
8623
8624
8624
8625
8626
8626
8629
8631
8632
8633
8635
8635
8636
8638
8639
8643
8644
8645
8648
8649
8649
8650
8654
8654
8655
8655
8655
8655
8656
8657
8658
8660
8662
8663
8665
8666
8667
8668
8669
8669
8671
8671
8671
8672
8673
8674
8674
8674
8674
8675
8676
8678
8678
8680
8680
8683
8684
8684
8685
8685
8685
8687
8688
8688
8688
8689
8691
8691
8691
8691
8692
8694
8695
8696
8698
8701
8704
8705
8705
8706
8707
8709
8709
8711
8714
8714
8716
8717
8718
8720
8721
8722
8723
8724
8725
8725
8726
8726
8726
8727
8729
8730
8730
8730
8731
8732
8732
8733
8733
8733
8735
8735
8738
8738
8738
8739
8742
8744
8744
8746
8751
8752
8755
8758
8759
8761
8762
8762
8765
8766
8773
8773
8774
8776
8776
8780
8780
8781
8783
8785
8786
8787
8789
8790
8790
8792
8795
8795
8796
8798
8798
8798
8800
8802
8802
8802
8803
8805
8806
8806
8806
8807
8811
8811
8811
8812
8812
8814
8814
8814
8815
8816
8817
8817
8818
8819
8821
8821
8821
8822
8822
8822
8826
8827
8827
8828
8829
8829
8831
8831
8831
8832
8833
8833
8835
8835
8837
8838
8838
8838
8839
8839
8839
8840
8842
8845
8846
8847
8847
8848
8849
8851
8851
8852
8852
8852
8854
8856
8856
8857
8860
8863
8864
8864
8866
8867
8868
8870
8870
8870
8871
8871
8873
8876
8876
8876
8877
8877
8878
8880
8880
8880
8882
8882
8882
8883
8884
8887
8887
8888
8888
8889
8890
8891
8893
8893
8893
8893
8894
8894
8894
8896
8896
8896
8897
8899
8900
8900
8902
8905
8906
8907
8909
8910
8911
8911
8912
8912
8914
8914
8914
8914
8915
8919
8919
8920
8920
8923
8923
8923
8925
8925
8925
8926
8927
8928
8930
8930
8931
8931
8932
8933
8934
8935
8935
8936
8936
8937
8937
8937
8938
8938
8942
8942
8942
8943
8944
8944
8944
8945
8945
8945
8945
8946
8946
8947
8947
8948
8949
8952
8952
8952
8953
8954
8954
8955
8955
8956
8956
8957
8958
8959
8961
8961
8961
8962
8962
8962
8963
8964
8966
8966
8969
8969
8970
8971
8971
8972
8972
8974
8974
8974
8976
8976
8976
8977
8979
8979
8980
8982
8982
8982
8986
8988
8988
8989
8989
8991
8991
8991
8991
8994
8995
8996
8996
8999
9000
9000
9001
9001
9001
9002
9002
9003
9003
9004
9005
9005
9006
9007
9007
9007
9011
9012
9012
9013
9013
9014
9016
9016
9018
9018
9019
9023
9026
9028
9028
9028
9030
9030
9031
9031
9031
9034
9035
9036
9037
9039
9041
9044
9045
9046
9046
9046
9047
9048
9049
9049
9049
9050
9051
9055
9057
9057
9057
9058
9060
9060
9063
9064
9064
9064
9064
9065
9066
9067
9067
9069
9070
9070
9071
9072
9072
9073
9075
9076
9078
9079
9081
9081
9081
9083
9087
9088
9089
9090
9090
9091
9092
9093
9094
9094
9100
9102
9103
9106
9106
9107
9107
9107
9108
9110
9110
9110
9112
9112
9113
9113
9114
9116
9116
9116
9117
9118
9118
9118
9121
9122
9122
9125
9126
9128
9128
9132
9132
9133
9135
9137
9138
9138
9140
9140
9140
9141
9142
9144
9146
9147
9148
9148
9149
9149
9150
9150
9151
9153
9154
9155
9156
9156
9156
9156
9157
9160
9160
9160
9161
9162
9162
9162
9163
9164
9166
9166
9166
9167
9169
9169
9169
9170
9171
9171
9172
9173
9173
9174
9176
9176
9177
9178
9178
9178
9178
9178
9178
9179
9180
9182
9183
9186
9186
9187
9188
9189
9189
9190
9191
9191
9192
9192
9192
9193
9194
9194
9195
9195
9197
9198
9199
9199
9200
9200
9201
9201
9203
9203
9203
9204
9204
9205
9206
9206
9206
9206
9207
9210
9212
9212
9212
9216
9217
9217
9218
9221
9222
9225
9227
9227
9227
9228
9228
9229
9230
9230
9230
9230
9231
9233
9234
9236
9240
9244
9245
9246
9247
9251
9252
9256
9258
9258
9258
9260
9261
9262
9265
9266
9266
9266
9267
9267
9271
9273
9277
9277
9277
9280
9281
9282
9283
9284
9284
9284
9284
9285
9286
9286
9286
9286
9287
9293
9296
9297
9299
9301
9302
9304
9304
9310
9312
9313
9314
9315
9316
9319
9319
9322
9322
9322
9323
9325
9327
9329
9331
9331
9331
9333
9338
9339
9339
9341
9341
9341
9342
9343
9344
9346
9347
9348
9348
9349
9349
9350
9350
9351
9352
9352
9353
9353
9355
9356
9357
9357
9357
9358
9360
9361
9361
9362
9362
9363
9363
9363
9364
9364
9365
9365
9366
9369
9370
9371
9371
9372
9372
9372
9374
9375
9375
9375
9376
9377
9378
9378
9378
9378
9379
9381
9382
9382
9383
9383
9383
9384
9384
9384
9384
9384
9385
9386
9387
9388
9389
9389
9389
9391
9392
9393
9395
9395
9396
9397
9398
9398
9400
9400
9401
9402
9403
9405
9405
9408
9408
9408
9409
9409
9411
9411
9413
9415
9415
9416
9417
9417
9418
9419
9420
9421
9423
9424
9424
9424
9426
9426
9426
9426
9427
9427
9427
9428
9428
9429
9429
9431
9434
9435
9436
9436
9436
9436
9438
9439
9440
9440
9441
9444
9445
9449
9449
9449
9450
9451
9453
9454
9454
9455
9456
9456
9460
9462
9463
9466
9467
9469
9470
9471
9473
9473
9474
9474
9475
9475
9475
9475
9475
9478
9478
9478
9479
9480
9480
9481
9481
9482
9482
9487
9488
9489
9490
9491
9492
9493
9494
9496
9496
9496
9497
9497
9500
9502
9503
9503
9504
9505
9506
9508
9508
9508
9509
9510
9511
9511
9512
9512
9514
9514
9515
9516
9517
9518
9519
9520
9521
9523
9524
9527
9527
9530
9530
9532
9532
9532
9533
9533
9534
9540
9540
9540
9540
9541
9541
9542
9543
9543
9547
9554
9554
9554
9555
9556
9556
9560
9561
9561
9561
9562
9562
9562
9563
9564
9564
9566
9570
9572
9572
9574
9574
9575
9575
9577
9579
9579
9579
9581
9584
9585
9586
9586
9587
9589
9589
9589
9591
9591
9591
9592
9593
9594
9596
9596
9599
9599
9601
9601
9601
9603
9604
9604
9609
9610
9612
9614
9615
9617
9618
9619
9622
9622
9623
9623
9624
9625
9627
9627
9627
9627
9627
9631
9631
9633
9635
9636
9636
9636
9637
9638
9638
9639
9640
9642
9642
9643
9644
9644
9645
9646
9646
9647
9649
9649
9651
9652
9652
9652
9653
9653
9653
9655
9656
9658
9659
9660
9660
9663
9664
9666
9666
9667
9667
9668
9668
9668
9669
9671
9672
9674
9675
9676
9676
9676
9677
9677
9678
9680
9680
9681
9681
9681
9681
9681
9681
9682
9682
9685
9688
9690
9693
9693
9693
9694
9694
9697
9697
9698
9698
9699
9699
9701
9701
9701
9701
9702
9703
9710
9710
9715
9716
9717
9717
9720
9720
9720
9722
9723
9725
9725
9725
9726
9728
9729
9730
9730
9731
9731
9731
9732
9735
9735
9736
9737
9739
9739
9741
9743
9743
9743
9743
9743
9745
9745
9746
9748
9748
9749
9749
9750
9750
9752
9753
9753
9755
9755
9756
9756
9756
9757
9757
9758
9759
9761
9761
9762
9763
9768
9768
9769
9769
9772
9775
9776
9776
9776
9777
9777
9780
9780
9781
9781
9782
9783
9784
9790
9790
9790
9791
9792
9793
9794
9795
9796
9797
9797
9798
9799
9799
9801
9804
9804
9805
9806
9807
9811
9813
9813
9814
9817
9817
9818
9819
9819
9820
9820
9821
9822
9823
9825
9827
9827
9828
9828
9829
9829
9829
9830
9831
9831
9831
9832
9833
9834
9835
9835
9835
9836
9837
9838
9839
9841
9841
9841
9843
9843
9846
9848
9848
9850
9851
9851
9851
9851
9851
9851
9854
9856
9857
9858
9861
9862
9864
9864
9864
9866
9866
9866
9870
9871
9872
9876
9876
9876
9877
9879
9879
9879
9880
9883
9883
9887
9890
9890
9891
9891
9895
9896
9897
9898
9898
9899
9901
9902
9902
9903
9903
9904
9904
9906
9907
9908
9909
9909
9910
9911
9912
9912
9916
9916
9917
9917
9918
9918
9918
9920
9921
9922
9925
9926
9927
9927
9927
9929
9930
9930
9931
9932
9933
9933
9934
9938
9939
9939
9940
9940
9941
9942
9942
9942
9945
9946
9946
9947
9947
9947
9948
9949
9950
9950
9952
9952
9953
9953
9954
9955
9955
9955
9957
9957
9959
9960
9960
9962
9963
9965
9965
9966
9966
9967
9967
9969
9969
9969
9970
9971
9972
9975
9979
9981
9982
9982
9983
9985
9986
9987
9988
9988
9988
9989
9990
9992
9992
9994
9995
9996
