0
1
1
2
2
2
3
3
4
5
5
8
9
10
10
10
11
11
12
13
14
15
15
15
16
16
16
19
21
21
22
22
22
22
24
25
25
28
28
29
30
31
31
32
32
34
35
35
41
41
43
43
44
45
48
49
49
50
52
54
60
60
61
62
62
63
64
64
64
64
65
65
66
67
67
69
70
70
73
74
74
77
77
78
79
79
79
82
83
86
86
87
88
88
89
91
92
95
95
96
97
98
98
98
99
100
100
100
101
102
102
102
102
103
103
103
105
106
106
112
117
119
119
120
123
126
126
131
132
134
134
134
134
135
136
136
136
138
141
142
144
145
147
148
148
149
149
149
150
152
152
153
153
154
154
154
154
154
154
154
154
155
156
156
156
163
163
163
164
166
166
168
168
170
171
172
175
175
178
179
179
180
180
180
180
183
184
184
187
188
189
189
189
190
190
190
191
193
193
194
195
196
196
197
202
203
205
207
207
208
208
209
211
211
212
212
213
213
214
215
215
217
218
219
219
219
221
222
223
224
225
226
227
228
229
230
232
233
235
235
236
236
238
239
239
239
241
246
246
246
247
247
250
250
250
251
252
252
253
256
257
260
261
262
263
264
267
269
269
269
272
273
274
275
278
278
278
281
282
282
283
285
285
286
286
288
289
289
291
291
293
298
298
299
303
303
308
309
311
312
313
315
315
318
318
318
322
322
323
324
324
324
325
325
326
329
331
331
332
333
333
334
334
336
337
337
338
338
341
342
344
345
345
346
347
347
348
348
349
350
351
351
351
351
351
351
351
352
353
355
357
357
358
358
358
359
360
361
362
363
364
365
365
366
366
367
367
368
368
368
369
370
373
374
375
376
377
378
379
382
384
385
386
389
389
390
391
391
391
392
394
395
397
398
400
400
403
404
404
406
408
408
409
409
413
415
416
416
416
417
418
419
419
420
420
421
424
424
424
425
425
426
428
428
429
430
433
433
435
436
437
438
438
439
440
440
441
443
444
445
447
448
449
450
450
451
452
452
452
453
454
455
456
457
457
459
463
463
467
467
467
467
468
470
470
471
472
472
472
473
474
474
474
477
480
480
481
484
485
485
488
489
490
492
492
496
498
499
499
500
501
502
503
504
505
505
506
506
507
508
509
512
513
514
514
516
517
517
519
520
520
522
522
524
526
527
527
528
529
530
530
530
535
535
535
538
539
539
540
542
542
543
543
544
545
546
547
548
549
552
558
562
562
564
564
565
565
565
566
566
568
568
572
572
573
574
574
574
577
577
578
579
579
580
580
581
581
582
584
585
585
586
587
589
589
589
590
591
592
594
597
597
598
599
602
604
606
606
606
606
606
609
610
610
611
611
612
612
613
614
615
616
616
617
618
620
620
622
622
627
627
628
629
630
631
632
636
636
637
639
639
642
642
642
643
644
644
645
646
646
649
650
650
652
653
654
654
655
655
656
657
658
658
660
660
661
661
661
663
663
665
665
666
668
668
669
669
669
670
670
670
670
672
674
674
675
676
676
679
679
679
679
682
683
684
684
686
689
690
690
691
692
692
692
692
693
694
694
695
695
697
697
697
699
704
705
706
706
707
708
709
709
710
710
711
712
713
714
716
716
717
718
719
719
720
721
725
726
727
729
729
729
731
731
731
733
733
734
735
735
735
738
739
740
743
744
745
747
748
748
750
751
751
752
753
756
756
756
756
757
758
758
758
759
759
760
760
762
763
764
764
764
765
769
770
772
773
774
775
775
776
776
778
778
779
779
779
781
784
784
785
787
791
793
794
796
796
796
797
798
800
800
800
800
802
803
804
804
804
805
805
811
811
812
812
813
813
813
814
816
816
817
818
818
821
822
823
830
831
833
835
837
837
838
838
838
839
841
842
843
843
845
845
846
848
850
851
851
851
852
852
853
853
855
855
856
856
857
859
859
861
862
863
864
865
866
866
869
870
870
870
871
872
873
874
876
878
879
881
882
882
883
883
883
884
885
885
885
888
890
890
892
893
894
897
897
897
897
898
898
902
902
903
904
905
905
906
906
906
907
907
907
909
910
911
911
911
912
914
914
915
915
915
917
919
919
919
920
921
922
922
923
924
925
927
927
928
928
932
932
937
940
943
943
943
945
945
947
947
948
954
955
955
956
957
957
957
958
958
959
959
960
962
963
963
963
965
965
965
965
966
968
972
972
974
975
978
981
983
983
983
985
985
985
986
987
988
990
991
991
994
994
996
998
998
1000
1000
1001
1001
1002
1002
1002
1002
1005
1006
1008
1009
1010
1010
1010
1010
1011
1013
1014
1014
1014
1017
1017
1018
1019
1019
1020
1020
1021
1022
1024
1024
1024
1024
1025
1025
1026
1026
1028
1029
1030
1031
1034
1034
1034
1034
1035
1036
1037
1038
1039
1040
1042
1043
1045
1045
1046
1046
1047
1049
1049
1050
1052
1052
1052
1054
1055
1056
1057
1058
1060
1061
1062
1062
1064
1065
1066
1068
1068
1069
1070
1071
1076
1077
1077
1079
1079
1081
1081
1082
1082
1084
1085
1086
1086
1086
1086
1087
1087
1087
1088
1088
1089
1089
1091
1091
1092
1093
1095
1097
1098
1098
1098
1099
1100
1101
1101
1102
1103
1104
1105
1106
1106
1109
1110
1110
1111
1112
1112
1113
1113
1115
1115
1118
1118
1119
1119
1120
1120
1121
1121
1123
1123
1123
1124
1124
1126
1129
1129
1129
1130
1130
1131
1131
1133
1136
1139
1140
1140
1141
1141
1141
1142
1144
1144
1145
1146
1146
1148
1150
1150
1151
1151
1152
1152
1154
1154
1156
1157
1158
1158
1159
1159
1161
1161
1162
1162
1164
1165
1165
1165
1165
1165
1166
1167
1168
1170
1170
1174
1174
1175
1176
1177
1177
1177
1180
1180
1181
1181
1182
1182
1183
1184
1184
1185
1185
1187
1187
1189
1189
1190
1193
1194
1195
1195
1196
1198
1198
1201
1202
1203
1206
1207
1207
1208
1210
1211
1213
1214
1219
1222
1223
1223
1224
1225
1226
1226
1227
1228
1231
1231
1232
1233
1234
1235
1237
1239
1245
1246
1247
1247
1249
1251
1251
1252
1256
1256
1257
1257
1259
1259
1259
1260
1263
1264
1265
1266
1267
1268
1268
1271
1271
1274
1274
1276
1276
1276
1277
1278
1278
1280
1280
1280
1281
1282
1283
1284
1286
1286
1286
1287
1287
1287
1290
1291
1291
1293
1294
1295
1296
1297
1302
1304
1304
1305
1305
1307
1308
1310
1311
1313
1314
1315
1316
1316
1319
1319
1320
1321
1323
1323
1323
1324
1325
1326
1327
1328
1332
1334
1335
1337
1338
1339
1340
1341
1343
1343
1343
1344
1345
1346
1347
1347
1348
1349
1350
1350
1351
1352
1352
1353
1353
1353
1356
1356
1356
1356
1357
1357
1358
1359
1361
1363
1365
1365
1367
1368
1368
1370
1372
1374
1374
1375
1377
1380
1381
1381
1382
1383
1383
1383
1384
1385
1386
1386
1387
1389
1390
1390
1390
1392
1394
1394
1395
1396
1397
1398
1400
1400
1402
1402
1402
1405
1407
1408
1409
1410
1410
1411
1412
1412
1412
1412
1412
1412
1414
1416
1417
1417
1418
1418
1418
1418
1419
1419
1420
1420
1421
1423
1423
1423
1425
1425
1426
1427
1428
1430
1431
1431
1433
1433
1434
1435
1435
1437
1437
1439
1439
1441
1441
1444
1445
1445
1446
1447
1451
1452
1453
1454
1454
1455
1455
1456
1458
1459
1460
1461
1463
1464
1465
1465
1466
1466
1469
1471
1472
1472
1473
1473
1474
1474
1475
1477
1478
1479
1479
1479
1480
1481
1482
1483
1483
1483
1484
1484
1484
1486
1487
1490
1494
1494
1494
1495
1495
1498
1498
1501
1501
1502
1502
1502
1503
1505
1507
1507
1508
1508
1510
1510
1511
1511
1512
1512
1512
1512
1512
1513
1515
1516
1516
1517
1517
1520
1520
1521
1521
1521
1524
1526
1527
1527
1529
1530
1533
1534
1534
1534
1536
1539
1541
1541
1542
1543
1547
1548
1549
1551
1553
1553
1555
1557
1557
1558
1559
1562
1563
1564
1564
1565
1565
1565
1565
1565
1565
1566
1567
1570
1571
1572
1575
1576
1580
1580
1581
1583
1583
1585
1587
1588
1588
1590
1590
1590
1591
1592
1592
1592
1593
1593
1593
1593
1594
1597
1598
1599
1599
1600
1600
1600
1602
1602
1602
1603
1609
1610
1611
1612
1613
1613
1613
1615
1616
1616
1616
1618
1618
1619
1620
1620
1622
1622
1624
1625
1625
1625
1626
1628
1631
1631
1632
1632
1632
1634
1634
1635
1635
1635
1636
1636
1637
1637
1638
1638
1639
1639
1639
1639
1640
1641
1641
1642
1643
1644
1644
1646
1646
1647
1648
1649
1652
1653
1653
1653
1655
1655
1656
1656
1656
1657
1658
1659
1661
1661
1661
1664
1664
1666
1668
1670
1671
1671
1672
1673
1675
1677
1679
1679
1680
1680
1681
1682
1682
1683
1683
1684
1685
1685
1686
1686
1687
1688
1688
1689
1689
1690
1693
1693
1694
1696
1696
1696
1699
1700
1702
1703
1704
1705
1706
1707
1709
1709
1710
1713
1714
1714
1715
1719
1720
1721
1721
1721
1723
1723
1727
1728
1729
1729
1729
1729
1731
1733
1733
1734
1735
1737
1737
1739
1740
1740
1740
1741
1742
1744
1745
1747
1748
1750
1751
1755
1760
1762
1762
1762
1763
1764
1765
1765
1767
1767
1767
1767
1768
1770
1770
1770
1771
1776
1776
1776
1777
1777
1780
1780
1781
1783
1784
1784
1784
1785
1785
1788
1789
1789
1789
1790
1790
1791
1792
1795
1795
1796
1796
1796
1800
1800
1802
1802
1802
1803
1804
1804
1804
1804
1805
1805
1806
1810
1812
1813
1813
1814
1815
1815
1817
1817
1818
1818
1819
1820
1821
1821
1822
1823
1823
1823
1824
1827
1827
1829
1829
1830
1832
1832
1833
1838
1839
1839
1840
1840
1843
1844
1845
1845
1846
1848
1848
1849
1849
1851
1852
1853
1854
1854
1854
1855
1857
1857
1857
1860
1860
1860
1860
1861
1861
1862
1864
1865
1865
1867
1870
1871
1871
1873
1874
1877
1877
1878
1879
1880
1881
1883
1884
1885
1886
1888
1889
1889
1889
1891
1891
1891
1892
1892
1893
1893
1893
1895
1896
1898
1898
1899
1900
1903
1903
1904
1904
1904
1905
1906
1908
1911
1911
1914
1915
1915
1921
1921
1923
1923
1926
1929
1930
1931
1931
1932
1933
1933
1933
1935
1936
1936
1936
1938
1941
1942
1942
1944
1944
1946
1948
1950
1953
1953
1954
1955
1955
1957
1957
1958
1958
1959
1960
1960
1961
1961
1961
1963
1964
1966
1967
1968
1969
1971
1971
1973
1973
1973
1975
1975
1975
1977
1977
1979
1980
1982
1982
1984
1984
1984
1987
1991
1992
1992
1993
1994
1994
1995
1995
2001
2002
2003
2006
2009
2009
2010
2011
2014
2014
2014
2017
2020
2020
2022
2022
2022
2023
2024
2024
2024
2025
2029
2029
2031
2032
2032
2032
2032
2033
2034
2034
2036
2038
2040
2041
2041
2042
2044
2045
2046
2046
2047
2048
2048
2050
2050
2050
2052
2053
2054
2055
2056
2060
2061
2062
2063
2064
2066
2067
2067
2068
2068
2068
2068
2069
2071
2071
2073
2073
2073
2074
2075
2075
2076
2077
2080
2082
2082
2082
2083
2083
2085
2087
2091
2092
2093
2093
2096
2098
2103
2104
2105
2106
2106
2109
2109
2110
2112
2112
2113
2114
2116
2116
2116
2117
2117
2120
2120
2122
2123
2124
2125
2125
2127
2130
2130
2132
2134
2134
2136
2137
2145
2146
2149
2150
2151
2152
2154
2154
2155
2156
2156
2156
2156
2157
2158
2158
2160
2161
2162
2163
2166
2172
2173
2173
2174
2174
2175
2178
2178
2179
2180
2180
2181
2181
2181
2181
2183
2184
2184
2185
2185
2186
2186
2187
2188
2188
2190
2191
2194
2196
2197
2197
2199
2201
2203
2203
2204
2204
2206
2207
2210
2213
2215
2215
2215
2216
2217
2218
2219
2219
2220
2221
2224
2225
2230
2231
2232
2233
2234
2235
2237
2240
2241
2242
2243
2244
2244
2245
2246
2246
2246
2247
2251
2252
2255
2258
2258
2259
2259
2260
2262
2262
2263
2266
2268
2268
2268
2270
2270
2272
2272
2276
2276
2277
2277
2279
2280
2281
2281
2281
2284
2284
2289
2291
2291
2291
2292
2292
2293
2293
2293
2296
2298
2300
2300
2302
2302
2303
2306
2307
2307
2310
2310
2311
2311
2311
2312
2313
2313
2313
2314
2315
2316
2316
2317
2317
2317
2321
2326
2330
2331
2332
2336
2337
2343
2344
2346
2348
2349
2349
2352
2353
2354
2355
2357
2358
2358
2359
2359
2359
2359
2362
2362
2363
2363
2363
2364
2364
2367
2371
2372
2372
2377
2378
2378
2379
2379
2381
2381
2381
2382
2382
2382
2382
2384
2384
2386
2387
2390
2391
2391
2391
2392
2392
2393
2393
2393
2394
2395
2395
2396
2398
2399
2399
2401
2401
2403
2404
2406
2407
2408
2409
2410
2411
2412
2412
2413
2414
2415
2417
2418
2421
2422
2422
2425
2425
2426
2427
2427
2427
2428
2428
2431
2433
2433
2434
2435
2435
2436
2439
2439
2440
2441
2442
2443
2444
2444
2447
2449
2450
2451
2452
2453
2453
2454
2454
2454
2454
2455
2455
2455
2456
2456
2457
2457
2459
2461
2461
2462
2463
2464
2465
2466
2469
2470
2471
2472
2472
2473
2475
2475
2478
2478
2479
2479
2480
2480
2482
2482
2483
2484
2485
2486
2486
2489
2489
2492
2492
2494
2494
2494
2495
2496
2497
2499
2504
2507
2508
2508
2509
2509
2510
2511
2511
2512
2512
2514
2514
2515
2515
2515
2517
2520
2522
2522
2522
2524
2525
2526
2526
2528
2529
2530
2530
2531
2533
2534
2541
2541
2541
2542
2542
2542
2543
2543
2543
2543
2544
2546
2546
2546
2547
2547
2547
2547
2549
2550
2550
2551
2554
2555
2558
2561
2561
2561
2562
2563
2564
2564
2566
2566
2566
2567
2568
2570
2570
2571
2572
2574
2579
2580
2582
2585
2586
2588
2589
2590
2591
2593
2594
2597
2598
2598
2600
2601
2601
2603
2604
2605
2605
2605
2607
2607
2609
2610
2610
2610
2611
2612
2613
2615
2616
2618
2618
2618
2618
2619
2619
2620
2623
2623
2624
2624
2625
2626
2626
2627
2627
2627
2630
2631
2633
2633
2634
2637
2637
2638
2639
2639
2640
2640
2641
2641
2642
2645
2646
2646
2646
2646
2647
2648
2649
2651
2652
2653
2653
2654
2655
2657
2660
2663
2664
2664
2664
2666
2667
2668
2668
2670
2670
2676
2678
2678
2680
2681
2682
2682
2683
2684
2684
2687
2687
2688
2688
2689
2691
2692
2693
2695
2695
2697
2697
2697
2698
2699
2699
2701
2702
2703
2705
2707
2707
2707
2707
2708
2709
2713
2713
2715
2717
2717
2718
2720
2722
2723
2725
2725
2725
2726
2726
2729
2729
2730
2730
2731
2731
2731
2732
2733
2733
2734
2736
2737
2740
2743
2743
2744
2746
2746
2748
2749
2750
2751
2751
2752
2753
2754
2754
2754
2754
2756
2757
2758
2761
2762
2763
2763
2764
2764
2765
2766
2766
2766
2770
2771
2771
2772
2772
2772
2774
2775
2775
2778
2778
2778
2779
2780
2780
2780
2781
2782
2784
2785
2785
2786
2786
2787
2787
2790
2790
2792
2792
2793
2794
2795
2796
2797
2798
2800
2803
2805
2806
2807
2807
2808
2809
2809
2813
2813
2814
2814
2816
2820
2821
2823
2824
2824
2826
2827
2829
2830
2832
2832
2834
2835
2836
2838
2840
2842
2842
2843
2844
2844
2844
2844
2847
2847
2848
2849
2850
2850
2851
2851
2852
2853
2856
2856
2857
2858
2859
2861
2864
2864
2868
2870
2871
2871
2871
2872
2873
2873
2873
2875
2875
2875
2877
2877
2878
2880
2881
2887
2888
2890
2890
2892
2892
2894
2895
2898
2899
2900
2900
2901
2902
2902
2904
2904
2904
2905
2905
2905
2905
2906
2907
2908
2908
2910
2912
2912
2912
2916
2917
2919
2920
2921
2922
2923
2924
2924
2928
2929
2930
2931
2934
2935
2936
2937
2938
2938
2938
2939
2940
2940
2940
2941
2942
2945
2946
2947
2948
2948
2948
2950
2950
2951
2951
2951
2953
2955
2955
2955
2955
2956
2957
2958
2961
2961
2962
2963
2964
2964
2968
2970
2973
2973
2974
2975
2977
2977
2978
2979
2979
2980
2983
2983
2984
2985
2985
2986
2987
2987
2990
2990
2992
2993
2995
2995
2996
2998
2998
2999
2999
2999
2999
3002
3003
3004
3007
3009
3010
3011
3011
3011
3011
3011
3012
3013
3013
3014
3014
3015
3017
3017
3018
3018
3020
3021
3021
3021
3024
3025
3026
3027
3027
3031
3031
3035
3037
3038
3039
3041
3042
3043
3043
3043
3043
3045
3048
3053
3055
3057
3057
3058
3059
3060
3060
3062
3064
3064
3065
3065
3066
3066
3067
3067
3069
3069
3070
3071
3071
3072
3074
3074
3074
3075
3075
3075
3075
3077
3080
3083
3084
3089
3089
3089
3093
3094
3094
3095
3095
3095
3096
3100
3104
3105
3105
3107
3107
3108
3108
3109
3111
3115
3117
3117
3117
3118
3119
3120
3121
3121
3122
3123
3126
3127
3128
3128
3128
3129
3131
3131
3132
3134
3135
3137
3137
3137
3139
3139
3140
3140
3141
3142
3142
3143
3144
3145
3148
3148
3151
3151
3153
3154
3154
3155
3155
3156
3156
3156
3158
3159
3160
3161
3162
3163
3163
3163
3164
3164
3164
3165
3165
3167
3169
3170
3173
3173
3175
3175
3175
3175
3176
3177
3177
3178
3178
3178
3180
3181
3182
3183
3184
3184
3186
3186
3186
3187
3188
3189
3190
3191
3193
3195
3195
3198
3200
3201
3202
3203
3203
3205
3208
3209
3209
3213
3214
3214
3214
3217
3217
3218
3219
3219
3219
3220
3221
3221
3221
3221
3221
3222
3223
3224
3226
3227
3228
3229
3230
3232
3233
3234
3234
3234
3238
3239
3239
3240
3240
3240
3241
3241
3243
3244
3244
3244
3245
3246
3247
3247
3248
3248
3249
3249
3250
3250
3250
3251
3251
3252
3253
3253
3254
3255
3255
3256
3256
3257
3260
3261
3262
3264
3265
3265
3266
3267
3267
3269
3271
3271
3274
3275
3275
3277
3277
3277
3277
3277
3279
3282
3283
3283
3283
3286
3286
3287
3287
3288
3288
3289
3289
3289
3289
3290
3294
3294
3296
3296
3297
3298
3299
3301
3302
3303
3304
3304
3305
3305
3308
3309
3309
3309
3310
3310
3311
3312
3312
3315
3316
3318
3319
3319
3319
3321
3324
3327
3327
3328
3329
3329
3331
3331
3333
3333
3333
3334
3334
3335
3336
3337
3338
3338
3338
3339
3340
3344
3344
3344
3344
3347
3347
3348
3349
3350
3350
3352
3352
3352
3352
3353
3353
3354
3355
3356
3357
3358
3360
3362
3363
3363
3368
3368
3369
3369
3370
3371
3373
3374
3374
3375
3376
3377
3377
3378
3381
3381
3381
3382
3383
3384
3385
3387
3387
3388
3388
3388
3389
3390
3391
3391
3391
3393
3393
3394
3395
3396
3396
3397
3397
3398
3401
3401
3403
3403
3404
3405
3405
3405
3406
3407
3409
3409
3410
3411
3412
3412
3413
3413
3414
3414
3416
3417
3419
3420
3421
3421
3423
3423
3424
3425
3426
3426
3428
3428
3429
3429
3430
3432
3432
3434
3439
3441
3444
3444
3445
3446
3448
3449
3450
3452
3452
3452
3453
3457
3458
3459
3459
3460
3462
3463
3466
3467
3467
3468
3468
3470
3472
3472
3472
3472
3472
3475
3476
3476
3476
3477
3477
3478
3479
3480
3481
3484
3485
3485
3488
3488
3491
3496
3496
3498
3498
3499
3499
3500
3504
3505
3509
3509
3512
3515
3515
3516
3517
3519
3520
3522
3522
3524
3525
3525
3525
3528
3529
3529
3531
3535
3537
3537
3539
3541
3542
3542
3542
3545
3547
3549
3549
3550
3551
3551
3552
3552
3555
3558
3558
3558
3559
3560
3561
3563
3563
3563
3567
3568
3568
3568
3569
3573
3575
3579
3579
3580
3581
3583
3585
3586
3588
3589
3590
3590
3590
3592
3593
3595
3597
3599
3600
3601
3603
3604
3604
3605
3606
3606
3607
3607
3608
3609
3609
3611
3613
3614
3617
3618
3618
3621
3622
3622
3622
3623
3624
3625
3626
3626
3626
3626
3626
3626
3626
3627
3628
3628
3629
3631
3631
3632
3632
3634
3635
3635
3638
3640
3640
3641
3641
3642
3643
3645
3646
3647
3647
3648
3649
3649
3649
3652
3653
3655
3656
3656
3658
3659
3660
3662
3663
3664
3665
3666
3668
3670
3671
3671
3672
3672
3673
3673
3674
3674
3675
3678
3679
3681
3682
3683
3683
3684
3686
3688
3688
3689
3690
3691
3691
3691
3692
3693
3693
3693
3694
3696
3697
3698
3699
3700
3701
3702
3702
3705
3709
3709
3709
3711
3712
3712
3713
3715
3715
3715
3715
3717
3717
3717
3718
3719
3722
3725
3726
3726
3728
3728
3729
3732
3735
3738
3738
3742
3743
3745
3745
3746
3747
3747
3747
3748
3750
3752
3754
3755
3755
3755
3756
3756
3757
3758
3758
3758
3759
3759
3759
3760
3760
3762
3763
3763
3764
3764
3766
3766
3766
3767
3767
3768
3768
3771
3773
3774
3775
3776
3778
3779
3779
3780
3780
3780
3783
3784
3785
3786
3787
3788
3788
3789
3789
3790
3791
3793
3793
3795
3797
3797
3798
3801
3802
3803
3803
3803
3805
3805
3806
3807
3809
3809
3809
3810
3811
3811
3813
3814
3814
3814
3821
3821
3822
3825
3826
3828
3831
3832
3833
3834
3834
3837
3842
3845
3846
3846
3847
3848
3848
3848
3849
3850
3850
3850
3852
3854
3856
3857
3858
3858
3859
3860
3861
3863
3865
3867
3869
3869
3870
3870
3871
3874
3876
3877
3878
3878
3878
3879
3882
3882
3882
3883
3883
3884
3885
3885
3886
3886
3887
3887
3887
3889
3890
3891
3892
3892
3894
3895
3895
3897
3897
3899
3904
3904
3905
3907
3907
3909
3909
3911
3912
3913
3915
3918
3919
3920
3920
3921
3922
3922
3925
3927
3927
3927
3928
3928
3931
3934
3935
3937
3937
3937
3937
3938
3938
3939
3939
3939
3939
3940
3941
3942
3943
3943
3944
3944
3945
3946
3946
3947
3947
3948
3951
3952
3952
3952
3953
3954
3955
3955
3957
3957
3958
3958
3959
3960
3961
3961
3961
3962
3962
3962
3963
3964
3964
3965
3965
3966
3966
3967
3972
3976
3979
3979
3980
3981
3982
3985
3985
3988
3989
3991
3991
3992
3992
3992
3994
3995
3995
3996
3996
3996
3997
3998
3998
3999
3999
4000
4002
4003
4003
4004
4005
4005
4007
4007
4008
4008
4008
4009
4009
4010
4010
4011
4011
4011
4013
4014
4014
4014
4015
4016
4016
4016
4018
4018
4019
4020
4022
4024
4024
4027
4027
4027
4028
4029
4030
4031
4033
4033
4033
4036
4036
4036
4037
4037
4039
4039
4041
4042
4042
4043
4043
4044
4045
4046
4046
4047
4050
4050
4050
4051
4051
4052
4053
4053
4053
4056
4057
4059
4060
4060
4061
4063
4064
4067
4068
4068
4071
4072
4072
4072
4074
4075
4076
4077
4078
4079
4079
4079
4081
4082
4083
4087
4087
4088
4088
4088
4089
4090
4090
4090
4091
4091
4094
4095
4098
4101
4102
4102
4103
4103
4104
4104
4104
4105
4106
4106
4107
4107
4109
4109
4109
4111
4111
4113
4113
4115
4116
4118
4119
4120
4120
4121
4121
4122
4123
4123
4124
4125
4128
4128
4128
4129
4129
4129
4129
4130
4134
4135
4136
4138
4138
4140
4140
4143
4143
4146
4147
4147
4148
4149
4149
4151
4152
4153
4153
4155
4156
4158
4158
4160
4160
4165
4165
4165
4168
4170
4173
4173
4179
4180
4181
4181
4182
4183
4187
4187
4189
4189
4192
4192
4192
4193
4193
4196
4196
4197
4198
4198
4199
4200
4201
4202
4203
4205
4208
4208
4209
4210
4211
4212
4212
4213
4214
4214
4215
4226
4226
4228
4229
4230
4231
4232
4233
4234
4236
4238
4239
4240
4241
4243
4246
4246
4246
4247
4250
4251
4252
4252
4253
4253
4253
4254
4255
4256
4258
4261
4261
4262
4263
4264
4267
4267
4267
4268
4269
4269
4269
4270
4271
4271
4272
4273
4274
4274
4275
4276
4277
4277
4277
4277
4277
4280
4283
4283
4283
4283
4284
4286
4287
4288
4289
4291
4292
4292
4294
4295
4295
4295
4296
4297
4297
4298
4299
4300
4300
4301
4301
4302
4305
4306
4306
4307
4308
4310
4311
4311
4312
4312
4312
4314
4314
4317
4319
4319
4319
4320
4320
4321
4322
4322
4323
4326
4327
4328
4330
4330
4330
4331
4333
4335
4336
4337
4337
4338
4338
4340
4340
4340
4341
4341
4344
4345
4346
4347
4347
4348
4349
4350
4351
4351
4352
4352
4354
4354
4354
4354
4355
4358
4358
4363
4363
4363
4365
4365
4365
4366
4366
4366
4366
4367
4369
4372
4372
4373
4374
4375
4376
4377
4378
4378
4379
4379
4379
4379
4380
4381
4382
4382
4383
4384
4385
4386
4386
4388
4388
4389
4389
4389
4389
4390
4390
4390
4390
4391
4392
4394
4395
4395
4396
4396
4397
4397
4398
4400
4400
4401
4401
4401
4402
4402
4403
4404
4404
4405
4405
4405
4408
4408
4408
4409
4409
4410
4410
4416
4417
4417
4419
4426
4427
4428
4429
4429
4430
4431
4431
4431
4433
4433
4434
4435
4435
4436
4437
4437
4439
4440
4441
4443
4444
4445
4445
4447
4447
4449
4449
4449
4450
4450
4450
4451
4452
4452
4453
4453
4454
4454
4456
4456
4458
4459
4461
4463
4464
4467
4468
4468
4469
4469
4470
4470
4470
4471
4472
4474
4474
4474
4475
4478
4482
4484
4486
4487
4488
4489
4489
4490
4491
4492
4493
4494
4497
4497
4498
4500
4500
4500
4502
4503
4505
4507
4507
4507
4507
4508
4508
4509
4511
4511
4511
4511
4513
4515
4515
4516
4516
4516
4516
4517
4517
4517
4517
4517
4518
4519
4520
4520
4521
4522
4523
4524
4526
4527
4528
4528
4529
4529
4531
4532
4536
4537
4540
4540
4540
4541
4544
4544
4544
4544
4544
4544
4547
4548
4549
4551
4553
4553
4553
4554
4556
4556
4559
4561
4561
4561
4562
4563
4563
4564
4564
4564
4565
4565
4566
4566
4566
4571
4571
4572
4573
4574
4575
4576
4577
4578
4579
4579
4580
4580
4580
4581
4581
4583
4584
4585
4586
4587
4589
4590
4593
4593
4594
4594
4595
4597
4599
4601
4602
4603
4604
4604
4605
4605
4611
4613
4616
4618
4620
4621
4622
4624
4624
4626
4627
4627
4627
4627
4628
4628
4629
4631
4631
4632
4633
4633
4633
4634
4634
4635
4635
4635
4639
4639
4639
4640
4641
4642
4643
4643
4644
4644
4645
4646
4646
4650
4650
4651
4651
4654
4654
4654
4656
4656
4659
4661
4661
4662
4663
4664
4664
4666
4667
4667
4669
4670
4670
4671
4671
4671
4672
4673
4674
4678
4679
4681
4686
4687
4687
4689
4691
4691
4693
4694
4696
4696
4697
4698
4699
4699
4701
4703
4704
4704
4706
4708
4709
4709
4710
4711
4713
4715
4716
4718
4719
4719
4720
4725
4726
4728
4729
4731
4732
4733
4733
4738
4740
4741
4743
4746
4747
4747
4748
4749
4750
4754
4754
4757
4759
4760
4761
4761
4765
4766
4768
4768
4770
4770
4773
4773
4774
4775
4775
4776
4777
4777
4777
4778
4779
4779
4780
4781
4781
4782
4782
4784
4785
4786
4786
4788
4793
4794
4794
4796
4797
4797
4798
4799
4800
4801
4802
4803
4805
4808
4810
4815
4815
4815
4817
4817
4819
4819
4820
4822
4823
4825
4825
4826
4827
4828
4829
4831
4832
4832
4832
4835
4837
4839
4840
4844
4844
4844
4846
4847
4848
4850
4851
4851
4852
4852
4852
4853
4856
4856
4857
4857
4857
4859
4859
4868
4868
4872
4873
4874
4874
4876
4877
4877
4877
4878
4878
4879
4880
4883
4884
4886
4886
4887
4888
4891
4891
4892
4892
4893
4893
4894
4895
4895
4895
4895
4896
4896
4898
4898
4898
4899
4900
4902
4902
4902
4902
4902
4902
4903
4903
4904
4905
4906
4906
4907
4908
4908
4908
4908
4911
4912
4913
4916
4916
4917
4918
4919
4920
4920
4920
4921
4922
4922
4924
4927
4929
4930
4931
4931
4931
4934
4936
4936
4937
4938
4938
4938
4938
4939
4939
4940
4941
4941
4942
4942
4943
4944
4945
4947
4947
4948
4950
4950
4950
4951
4953
4953
4955
4955
4957
4957
4957
4957
4958
4959
4961
4961
4962
4963
4963
4964
4964
4966
4966
4967
4967
4967
4968
4969
4972
4973
4974
4974
4974
4975
4975
4976
4978
4979
4980
4980
4980
4981
4982
4985
4986
4987
4987
4988
4990
4991
4994
4994
4994
4994
4996
4997
4998
4999
5000
5000
5001
5002
5005
5006
5008
5010
5010
5012
5016
5018
5020
5020
5020
5021
5022
5022
5023
5023
5023
5023
5024
5025
5025
5029
5032
5033
5034
5036
5036
5037
5038
5038
5038
5038
5041
5044
5045
5046
5047
5047
5049
5050
5050
5050
5050
5052
5052
5052
5053
5053
5054
5054
5055
5056
5058
5060
5060
5060
5061
5061
5063
5063
5063
5063
5063
5065
5065
5068
5068
5069
5074
5076
5078
5079
5079
5081
5082
5082
5083
5083
5084
5084
5084
5084
5085
5085
5085
5086
5087
5088
5088
5091
5093
5096
5096
5097
5098
5098
5098
5099
5100
5100
5102
5102
5103
5104
5105
5106
5107
5107
5107
5107
5107
5108
5108
5111
5111
5112
5113
5114
5115
5115
5115
5115
5116
5116
5116
5117
5117
5118
5120
5121
5123
5123
5124
5126
5127
5128
5130
5130
5131
5132
5133
5134
5134
5134
5135
5135
5136
5136
5138
5139
5141
5141
5142
5143
5144
5144
5145
5146
5146
5151
5151
5152
5152
5153
5154
5154
5155
5156
5158
5159
5160
5162
5162
5163
5163
5164
5164
5165
5165
5165
5167
5170
5171
5171
5172
5173
5174
5176
5177
5178
5180
5180
5180
5180
5180
5184
5185
5191
5191
5192
5193
5196
5196
5196
5197
5198
5198
5198
5198
5199
5199
5201
5202
5202
5203
5204
5204
5204
5206
5208
5209
5209
5211
5211
5212
5217
5220
5220
5221
5221
5221
5224
5225
5226
5226
5227
5227
5227
5227
5229
5229
5229
5230
5234
5235
5237
5237
5238
5240
5242
5243
5243
5244
5244
5245
5245
5245
5246
5247
5247
5250
5252
5252
5252
5253
5253
5254
5254
5255
5256
5256
5257
5257
5261
5261
5262
5262
5264
5264
5264
5265
5268
5271
5271
5272
5273
5273
5274
5275
5275
5276
5278
5278
5279
5280
5280
5281
5282
5284
5287
5288
5288
5288
5290
5292
5294
5295
5295
5299
5299
5301
5302
5302
5302
5302
5304
5304
5305
5305
5307
5308
5309
5309
5309
5312
5314
5314
5315
5317
5318
5318
5318
5319
5321
5321
5326
5326
5326
5328
5329
5329
5330
5331
5335
5335
5337
5337
5337
5338
5338
5338
5339
5340
5340
5340
5343
5345
5346
5347
5347
5348
5349
5350
5352
5353
5354
5355
5355
5355
5358
5359
5361
5361
5361
5362
5363
5365
5366
5367
5370
5372
5372
5372
5372
5374
5375
5375
5375
5376
5379
5379
5379
5380
5380
5381
5382
5382
5382
5384
5384
5384
5385
5385
5386
5388
5389
5393
5393
5393
5395
5396
5396
5399
5399
5400
5400
5401
5401
5406
5407
5407
5408
5413
5414
5417
5420
5424
5424
5425
5425
5426
5427
5428
5428
5429
5429
5430
5431
5432
5432
5432
5433
5434
5437
5439
5443
5444
5444
5445
5446
5447
5449
5454
5455
5456
5456
5457
5458
5458
5460
5460
5461
5461
5462
5463
5463
5464
5464
5464
5465
5467
5471
5472
5474
5476
5478
5479
5480
5480
5480
5482
5482
5482
5485
5489
5490
5491
5493
5493
5496
5496
5496
5498
5498
5499
5500
5500
5501
5501
5501
5502
5503
5504
5504
5504
5505
5506
5506
5508
5508
5508
5510
5511
5511
5512
5513
5515
5515
5517
5519
5520
5521
5521
5521
5521
5522
5522
5522
5523
5524
5525
5525
5525
5526
5526
5527
5527
5529
5531
5531
5532
5533
5534
5536
5537
5538
5538
5539
5541
5542
5544
5544
5544
5545
5545
5546
5546
5547
5548
5550
5551
5551
5552
5553
5554
5555
5555
5556
5556
5557
5557
5558
5560
5560
5561
5561
5561
5561
5562
5562
5563
5564
5565
5565
5568
5568
5569
5571
5572
5572
5575
5575
5578
5579
5579
5580
5580
5582
5582
5582
5582
5583
5584
5584
5584
5585
5586
5587
5588
5588
5588
5589
5591
5591
5592
5592
5592
5593
5595
5596
5598
5598
5598
5599
5600
5601
5602
5605
5605
5605
5606
5607
5608
5609
5612
5614
5614
5614
5615
5617
5617
5617
5617
5618
5619
5621
5622
5624
5625
5626
5626
5627
5628
5629
5630
5630
5632
5635
5636
5637
5637
5638
5639
5640
5640
5642
5643
5646
5646
5646
5647
5648
5648
5649
5649
5651
5652
5653
5654
5655
5658
5659
5659
5660
5661
5663
5663
5664
5666
5670
5670
5672
5673
5674
5674
5674
5674
5675
5675
5676
5676
5676
5677
5681
5682
5682
5683
5684
5686
5686
5686
5688
5690
5690
5694
5695
5698
5698
5699
5699
5700
5700
5700
5701
5701
5702
5702
5702
5703
5703
5704
5705
5708
5709
5709
5709
5710
5710
5710
5710
5710
5710
5712
5712
5713
5714
5716
5718
5721
5721
5722
5723
5723
5724
5725
5725
5726
5727
5729
5730
5731
5732
5732
5733
5733
5735
5736
5739
5739
5740
5740
5741
5742
5743
5744
5745
5746
5747
5750
5750
5751
5754
5754
5754
5755
5756
5756
5758
5758
5758
5759
5759
5760
5760
5761
5763
5763
5764
5764
5765
5765
5765
5766
5767
5768
5768
5768
5769
5770
5770
5771
5773
5773
5774
5775
5776
5776
5776
5777
5778
5778
5778
5779
5779
5779
5781
5782
5785
5786
5787
5789
5789
5789
5790
5790
5791
5795
5795
5796
5797
5800
5800
5800
5802
5802
5802
5803
5803
5805
5807
5807
5808
5809
5809
5809
5810
5810
5814
5815
5818
5818
5819
5820
5820
5821
5822
5823
5826
5826
5826
5828
5830
5831
5831
5831
5833
5834
5835
5835
5836
5837
5837
5841
5842
5844
5844
5845
5845
5845
5847
5848
5849
5850
5851
5851
5853
5854
5854
5855
5855
5857
5857
5857
5857
5859
5860
5861
5863
5863
5864
5864
5868
5869
5869
5871
5871
5871
5872
5872
5874
5875
5875
5876
5877
5877
5877
5878
5880
5881
5882
5882
5884
5886
5887
5887
5888
5890
5890
5890
5890
5891
5891
5892
5893
5893
5893
5894
5895
5897
5898
5901
5901
5902
5902
5903
5903
5903
5904
5905
5906
5907
5908
5909
5910
5912
5912
5916
5916
5917
5917
5917
5917
5920
5920
5921
5923
5923
5925
5925
5926
5926
5926
5926
5928
5929
5931
5935
5935
5937
5938
5938
5939
5939
5940
5941
5941
5943
5945
5945
5945
5947
5950
5954
5954
5955
5958
5958
5959
5962
5962
5963
5964
5966
5967
5967
5969
5969
5972
5972
5974
5974
5975
5976
5977
5977
5978
5978
5978
5978
5979
5979
5982
5983
5983
5983
5983
5984
5986
5987
5987
5987
5988
5988
5989
5990
5990
5991
5992
5997
5999
6002
6002
6003
6004
6006
6007
6008
6008
6009
6010
6011
6011
6013
6014
6016
6018
6019
6019
6020
6021
6022
6022
6023
6023
6023
6023
6027
6029
6030
6031
6031
6033
6033
6034
6034
6037
6038
6038
6039
6044
6044
6047
6048
6050
6050
6050
6051
6053
6053
6054
6054
6054
6055
6056
6056
6057
6058
6059
6060
6062
6063
6064
6066
6069
6069
6070
6071
6071
6071
6071
6071
6072
6073
6073
6077
6078
6080
6080
6081
6082
6085
6085
6085
6086
6087
6089
6089
6089
6090
6090
6091
6091
6091
6091
6092
6093
6093
6094
6094
6095
6096
6096
6096
6096
6096
6097
6098
6099
6099
6101
6102
6103
6103
6103
6103
6104
6105
6106
6107
6107
6108
6111
6111
6113
6114
6116
6116
6117
6118
6118
6118
6119
6119
6120
6121
6122
6122
6123
6128
6128
6132
6136
6138
6139
6140
6142
6143
6143
6147
6147
6148
6148
6148
6148
6152
6154
6156
6156
6156
6156
6157
6158
6160
6161
6163
6163
6165
6166
6168
6168
6169
6170
6171
6171
6171
6173
6175
6176
6177
6177
6178
6178
6180
6180
6182
6182
6183
6184
6185
6186
6186
6187
6187
6188
6189
6190
6192
6193
6194
6195
6196
6196
6196
6198
6200
6200
6200
6201
6203
6204
6205
6207
6207
6208
6208
6209
6209
6209
6210
6210
6211
6212
6212
6212
6214
6215
6218
6218
6219
6219
6219
6220
6220
6220
6223
6224
6224
6224
6224
6225
6226
6227
6227
6229
6229
6230
6231
6233
6234
6235
6236
6237
6238
6238
6238
6239
6239
6240
6240
6240
6241
6242
6244
6245
6247
6247
6247
6247
6249
6250
6250
6253
6254
6256
6256
6257
6257
6259
6259
6261
6261
6262
6265
6265
6266
6268
6268
6269
6269
6270
6270
6271
6271
6272
6274
6276
6277
6277
6277
6280
6280
6281
6282
6286
6288
6288
6289
6289
6290
6291
6292
6292
6293
6297
6298
6298
6298
6300
6301
6302
6302
6302
6302
6303
6305
6308
6309
6311
6311
6312
6312
6313
6314
6314
6314
6315
6315
6315
6316
6318
6320
6320
6320
6323
6325
6326
6327
6327
6330
6331
6332
6332
6332
6335
6336
6336
6336
6336
6337
6337
6338
6339
6340
6343
6343
6343
6344
6344
6345
6347
6347
6349
6349
6349
6350
6351
6351
6351
6352
6352
6355
6356
6357
6357
6358
6360
6361
6364
6364
6366
6366
6367
6367
6368
6368
6370
6371
6372
6373
6373
6374
6375
6376
6376
6376
6376
6377
6378
6379
6380
6380
6380
6381
6382
6382
6384
6384
6385
6385
6385
6387
6389
6390
6390
6391
6391
6391
6392
6394
6395
6396
6398
6400
6401
6401
6401
6401
6403
6403
6403
6404
6405
6405
6406
6407
6408
6412
6413
6413
6413
6414
6415
6416
6417
6417
6418
6418
6418
6421
6423
6425
6425
6427
6429
6432
6434
6436
6437
6437
6438
6439
6439
6439
6440
6441
6441
6442
6442
6443
6444
6447
6447
6449
6450
6451
6453
6453
6455
6456
6457
6458
6459
6460
6461
6463
6464
6464
6464
6465
6465
6468
6469
6470
6471
6474
6475
6475
6475
6475
6475
6477
6477
6477
6484
6484
6487
6488
6491
6492
6493
6493
6496
6497
6499
6500
6501
6501
6502
6502
6504
6504
6505
6506
6506
6508
6509
6509
6510
6513
6514
6515
6516
6517
6518
6519
6519
6521
6521
6523
6525
6526
6527
6529
6531
6532
6532
6533
6534
6534
6535
6539
6539
6540
6541
6542
6542
6544
6545
6545
6545
6546
6547
6547
6547
6547
6547
6547
6549
6549
6550
6551
6553
6555
6556
6557
6558
6559
6561
6561
6562
6564
6565
6570
6571
6573
6573
6574
6575
6576
6576
6576
6577
6577
6577
6578
6578
6578
6579
6582
6583
6584
6584
6584
6585
6585
6585
6586
6587
6587
6588
6588
6590
6592
6593
6593
6594
6595
6597
6598
6599
6601
6603
6604
6604
6605
6605
6605
6605
6607
6608
6609
6610
6611
6612
6614
6616
6616
6616
6617
6618
6621
6621
6621
6622
6624
6625
6626
6626
6627
6628
6630
6630
6631
6632
6633
6634
6634
6635
6635
6636
6636
6637
6640
6642
6642
6643
6644
6644
6645
6645
6645
6646
6646
6646
6646
6647
6647
6647
6647
6648
6648
6649
6652
6653
6653
6654
6654
6654
6655
6656
6656
6657
6657
6661
6663
6663
6664
6666
6667
6667
6668
6668
6670
6672
6677
6680
6682
6683
6684
6686
6686
6687
6687
6688
6689
6689
6689
6690
6691
6691
6695
6696
6697
6701
6701
6701
6702
6704
6709
6709
6710
6711
6712
6714
6716
6718
6718
6719
6719
6720
6720
6721
6722
6723
6724
6724
6724
6725
6726
6727
6727
6731
6732
6732
6732
6733
6734
6734
6735
6735
6735
6735
6736
6738
6739
6741
6743
6746
6748
6748
6749
6749
6750
6751
6751
6753
6754
6755
6760
6760
6761
6762
6762
6764
6764
6765
6767
6767
6768
6770
6770
6772
6772
6773
6773
6777
6777
6777
6780
6780
6782
6784
6784
6784
6786
6788
6788
6789
6790
6792
6793
6794
6795
6798
6799
6799
6802
6806
6808
6808
6808
6809
6809
6809
6811
6811
6811
6812
6813
6813
6815
6815
6816
6818
6818
6819
6819
6820
6823
6823
6824
6825
6826
6827
6828
6830
6830
6832
6835
6836
6836
6836
6841
6841
6844
6844
6845
6845
6847
6849
6849
6852
6853
6854
6855
6855
6855
6855
6856
6856
6857
6857
6858
6859
6861
6861
6861
6862
6863
6863
6866
6867
6867
6867
6870
6870
6871
6872
6875
6875
6876
6876
6876
6877
6877
6879
6879
6880
6883
6883
6883
6884
6884
6885
6885
6885
6886
6886
6887
6888
6888
6888
6891
6893
6893
6893
6894
6897
6897
6898
6898
6899
6900
6900
6901
6901
6901
6905
6906
6907
6907
6908
6909
6910
6911
6911
6913
6915
6915
6915
6916
6919
6919
6921
6922
6923
6926
6930
6931
6933
6933
6934
6934
6934
6936
6938
6941
6941
6944
6945
6945
6945
6946
6946
6946
6947
6948
6948
6950
6950
6952
6952
6952
6952
6952
6953
6953
6955
6956
6956
6957
6959
6961
6961
6962
6963
6963
6963
6963
6964
6964
6964
6965
6966
6967
6967
6969
6972
6972
6973
6974
6975
6977
6977
6980
6980
6980
6981
6982
6984
6986
6987
6990
6993
6993
6995
6996
6998
7000
7000
7000
7001
7002
7003
7003
7003
7004
7007
7007
7008
7009
7010
7011
7012
7012
7015
7017
7022
7023
7024
7024
7025
7027
7027
7028
7028
7028
7029
7030
7031
7033
7033
7034
7035
7035
7035
7036
7037
7038
7039
7039
7041
7043
7044
7045
7045
7046
7047
7048
7050
7050
7053
7055
7055
7056
7058
7058
7059
7059
7061
7062
7062
7064
7068
7068
7068
7071
7071
7072
7073
7074
7075
7076
7076
7076
7076
7077
7077
7079
7079
7079
7080
7080
7081
7082
7082
7083
7085
7086
7087
7089
7090
7090
7090
7091
7091
7093
7095
7095
7098
7098
7100
7101
7102
7102
7102
7103
7105
7105
7108
7108
7109
7110
7110
7112
7115
7117
7117
7118
7122
7123
7123
7123
7123
7123
7124
7125
7126
7127
7128
7131
7131
7133
7134
7135
7136
7137
7138
7138
7139
7141
7142
7142
7144
7146
7146
7148
7149
7152
7154
7154
7154
7155
7156
7157
7157
7158
7160
7161
7161
7162
7162
7163
7163
7164
7165
7166
7166
7167
7168
7168
7168
7169
7170
7173
7174
7180
7180
7181
7183
7185
7186
7187
7188
7190
7190
7191
7191
7191
7192
7192
7193
7194
7197
7197
7199
7199
7201
7201
7202
7202
7202
7204
7205
7205
7205
7206
7207
7207
7207
7209
7210
7210
7211
7212
7213
7213
7214
7214
7215
7216
7216
7217
7217
7219
7220
7220
7220
7221
7222
7222
7223
7224
7225
7228
7229
7230
7231
7234
7235
7237
7237
7237
7238
7239
7240
7240
7242
7242
7244
7245
7245
7247
7247
7247
7248
7249
7250
7251
7252
7253
7254
7254
7255
7256
7256
7261
7261
7262
7263
7263
7264
7266
7267
7268
7270
7270
7270
7270
7271
7271
7273
7274
7275
7276
7276
7276
7277
7278
7280
7281
7282
7283
7284
7285
7287
7290
7291
7292
7293
7293
7294
7294
7294
7294
7296
7296
7299
7299
7300
7300
7302
7305
7305
7307
7308
7310
7310
7311
7312
7312
7312
7313
7315
7315
7317
7319
7320
7320
7321
7322
7325
7325
7326
7326
7329
7329
7329
7329
7329
7329
7331
7331
7334
7334
7337
7337
7337
7339
7340
7341
7342
7344
7345
7346
7346
7347
7348
7351
7351
7352
7354
7354
7356
7357
7357
7358
7358
7359
7361
7361
7361
7362
7363
7366
7367
7367
7368
7368
7371
7371
7374
7374
7376
7377
7378
7379
7381
7381
7381
7382
7383
7385
7386
7386
7387
7390
7390
7390
7391
7392
7392
7394
7394
7397
7397
7400
7400
7400
7402
7405
7405
7407
7408
7408
7408
7409
7411
7412
7412
7413
7413
7415
7417
7419
7420
7421
7421
7421
7421
7422
7423
7423
7424
7424
7424
7425
7425
7425
7426
7429
7429
7430
7431
7431
7431
7434
7435
7435
7438
7438
7439
7440
7440
7440
7440
7440
7442
7444
7444
7445
7448
7448
7449
7452
7452
7454
7454
7455
7455
7456
7456
7458
7459
7461
7463
7464
7464
7465
7466
7466
7467
7467
7467
7468
7469
7469
7470
7471
7471
7471
7472
7472
7473
7473
7476
7479
7480
7482
7483
7483
7483
7485
7486
7486
7486
7486
7487
7487
7487
7489
7490
7493
7497
7498
7499
7499
7500
7500
7500
7502
7503
7503
7505
7507
7509
7511
7512
7516
7519
7519
7522
7522
7525
7526
7527
7528
7528
7529
7531
7531
7535
7537
7538
7538
7539
7539
7540
7541
7541
7542
7544
7544
7545
7545
7545
7546
7546
7549
7549
7549
7550
7551
7552
7553
7554
7556
7559
7561
7562
7562
7562
7562
7566
7566
7567
7570
7570
7571
7572
7573
7574
7576
7576
7577
7577
7577
7578
7578
7580
7581
7581
7582
7583
7584
7585
7586
7587
7587
7588
7589
7589
7590
7590
7590
7591
7595
7595
7600
7600
7601
7601
7602
7602
7607
7608
7608
7608
7611
7612
7613
7613
7614
7615
7615
7617
7617
7618
7619
7620
7622
7623
7623
7624
7625
7626
7627
7630
7630
7631
7631
7631
7632
7633
7635
7635
7635
7636
7637
7638
7639
7639
7640
7640
7641
7641
7642
7642
7642
7642
7643
7645
7647
7649
7651
7651
7651
7653
7653
7653
7656
7656
7657
7657
7658
7660
7660
7663
7664
7664
7666
7667
7667
7667
7668
7668
7669
7670
7670
7672
7672
7673
7675
7677
7678
7678
7679
7679
7681
7683
7685
7685
7685
7685
7686
7688
7691
7692
7692
7693
7694
7696
7696
7698
7698
7699
7700
7700
7700
7700
7701
7709
7710
7710
7711
7711
7712
7713
7713
7716
7716
7716
7720
7720
7721
7721
7721
7722
7725
7726
7726
7726
7726
7727
7727
7728
7728
7731
7731
7731
7734
7734
7736
7738
7738
7739
7740
7742
7742
7744
7745
7745
7746
7746
7746
7747
7747
7748
7748
7748
7748
7749
7750
7750
7752
7753
7754
7755
7758
7761
7762
7764
7764
7766
7768
7770
7770
7771
7771
7772
7773
7774
7774
7775
7776
7780
7783
7784
7785
7785
7786
7786
7786
7787
7787
7787
7788
7788
7789
7789
7791
7792
7792
7793
7794
7794
7797
7798
7801
7803
7805
7806
7806
7807
7808
7808
7809
7809
7809
7810
7811
7812
7812
7812
7812
7813
7814
7814
7815
7816
7817
7818
7818
7819
7819
7820
7820
7821
7821
7826
7828
7829
7829
7829
7830
7830
7831
7833
7833
7834
7834
7835
7837
7839
7839
7842
7842
7844
7845
7845
7847
7847
7848
7848
7849
7849
7851
7852
7852
7852
7854
7854
7856
7856
7857
7858
7859
7860
7861
7861
7861
7863
7863
7863
7868
7869
7869
7871
7872
7876
7876
7877
7880
7880
7882
7884
7885
7886
7888
7889
7890
7896
7899
7900
7901
7901
7902
7902
7903
7903
7904
7905
7906
7907
7909
7910
7911
7911
7915
7915
7917
7918
7918
7918
7919
7922
7922
7923
7925
7927
7928
7929
7931
7932
7933
7934
7934
7935
7936
7936
7938
7939
7941
7942
7942
7942
7942
7943
7944
7944
7949
7950
7951
7951
7952
7953
7953
7954
7955
7956
7956
7957
7957
7960
7960
7961
7961
7961
7963
7963
7964
7966
7968
7969
7970
7970
7970
7971
7971
7972
7972
7974
7974
7975
7975
7976
7977
7978
7979
7979
7980
7980
7980
7981
7982
7984
7985
7986
7987
7988
7990
7992
7994
7994
7995
7995
7995
7995
7997
7997
7997
7998
7999
7999
7999
8001
8002
8002
8002
8003
8003
8006
8007
8007
8011
8012
8012
8014
8014
8014
8016
8016
8017
8017
8020
8021
8021
8022
8024
8024
8024
8027
8027
8029
8032
8034
8034
8036
8037
8037
8042
8044
8045
8047
8047
8048
8048
8049
8054
8055
8055
8056
8060
8060
8060
8060
8062
8065
8065
8066
8067
8067
8068
8070
8070
8072
8072
8072
8073
8074
8074
8074
8076
8076
8077
8077
8078
8082
8083
8083
8085
8086
8086
8088
8093
8094
8095
8096
8097
8098
8098
8099
8100
8100
8101
8101
8102
8105
8106
8106
8107
8108
8109
8109
8109
8110
8111
8113
8114
8114
8115
8115
8116
8116
8118
8119
8119
8120
8121
8121
8122
8122
8125
8126
8127
8128
8128
8130
8130
8132
8134
8135
8137
8138
8138
8138
8139
8140
8142
8142
8142
8142
8144
8144
8145
8145
8146
8146
8146
8147
8148
8150
8154
8154
8157
8159
8159
8160
8163
8165
8166
8167
8167
8167
8169
8170
8171
8174
8174
8175
8178
8179
8180
8181
8183
8183
8184
8184
8185
8187
8187
8191
8192
8192
8192
8193
8194
8195
8197
8197
8198
8200
8200
8201
8202
8202
8203
8204
8207
8207
8208
8208
8208
8208
8209
8212
8212
8214
8214
8215
8216
8216
8219
8220
8220
8220
8221
8221
8223
8226
8226
8227
8227
8228
8228
8228
8229
8230
8233
8234
8237
8239
8239
8239
8240
8240
8241
8243
8243
8245
8245
8245
8246
8247
8247
8249
8249
8249
8250
8250
8252
8252
8252
8252
8253
8255
8255
8255
8257
8257
8257
8260
8260
8262
8262
8263
8263
8264
8264
8264
8265
8265
8266
8266
8267
8268
8270
8270
8272
8274
8276
8277
8278
8278
8279
8279
8281
8282
8282
8282
8283
8284
8286
8288
8288
8289
8291
8292
8293
8294
8296
8298
8299
8300
8303
8303
8305
8305
8306
8307
8308
8309
8310
8311
8312
8312
8313
8313
8314
8314
8314
8315
8316
8316
8316
8316
8317
8318
8318
8318
8321
8321
8322
8323
8323
8327
8328
8328
8331
8331
8331
8332
8332
8332
8333
8334
8335
8336
8337
8340
8341
8341
8341
8343
8346
8347
8347
8348
8348
8350
8351
8351
8352
8354
8355
8358
8358
8359
8359
8362
8365
8365
8365
8368
8370
8370
8371
8372
8373
8373
8374
8374
8377
8379
8380
8381
8382
8382
8384
8385
8385
8387
8390
8390
8391
8393
8394
8394
8395
8396
8396
8397
8400
8405
8405
8405
8406
8406
8407
8408
8409
8411
8411
8412
8413
8414
8417
8418
8419
8419
8421
8424
8425
8426
8426
8427
8427
8428
8428
8430
8430
8431
8433
8434
8434
8434
8436
8437
8438
8438
8439
8441
8442
8444
8445
8445
8446
8447
8447
8448
8449
8449
8452
8454
8455
8456
8458
8460
8460
8461
8461
8462
8462
8463
8463
8464
8465
8466
8466
8466
8467
8468
8470
8470
8471
8471
8471
8471
8472
8474
8475
8480
8480
8481
8482
8482
8482
8482
8483
8484
8485
8485
8489
8490
8491
8491
8491
8491
8492
8492
8492
8492
8494
8496
8497
8498
8499
8499
8499
8500
8501
8502
8503
8503
8503
8504
8504
8504
8506
8507
8507
8508
8509
8509
8509
8510
8511
8512
8514
8515
8517
8518
8518
8519
8519
8519
8519
8522
8522
8522
8522
8522
8523
8523
8524
8524
8525
8527
8533
8533
8534
8534
8535
8535
8535
8537
8542
8543
8545
8545
8546
8546
8546
8546
8547
8549
8549
8550
8551
8551
8551
8552
8553
8554
8556
8558
8559
8559
8560
8562
8563
8564
8566
8566
8567
8567
8568
8571
8572
8572
8573
8575
8575
8576
8577
8578
8578
8578
8579
8580
8580
8581
8581
8583
8583
8586
8586
8587
8588
8588
8589
8590
8591
8591
8592
8594
8598
8598
8601
8603
8603
8604
8605
8606
8608
8609
8609
8613
8613
8617
8617
8617
8619
8620
8621
8621
8621
8621
8623
8624
8624
8624
8624
8625
8627
8627
8632
8635
8635
8636
8639
8642
8643
8643
8644
8645
8645
8646
8647
8648
8649
8649
8650
8651
8654
8655
8655
8658
8658
8658
8659
8659
8659
8660
8660
8660
8662
8664
8665
8667
8669
8672
8676
8678
8678
8678
8678
8678
8678
8680
8681
8681
8684
8685
8686
8688
8690
8690
8695
8695
8695
8695
8698
8698
8703
8703
8703
8704
8704
8705
8705
8707
8708
8708
8708
8711
8712
8712
8713
8715
8718
8719
8722
8723
8724
8728
8730
8732
8733
8733
8735
8736
8736
8740
8741
8744
8746
8750
8750
8750
8752
8753
8754
8754
8756
8757
8759
8760
8761
8763
8763
8764
8766
8767
8768
8768
8769
8771
8771
8772
8776
8776
8780
8780
8781
8782
8783
8783
8787
8787
8788
8790
8790
8790
8791
8791
8792
8792
8794
8795
8796
8797
8799
8799
8801
8803
8803
8803
8807
8809
8809
8811
8811
8813
8815
8816
8817
8817
8818
8818
8818
8819
8820
8820
8821
8822
8826
8826
8826
8827
8827
8829
8833
8833
8834
8835
8838
8839
8839
8840
8840
8841
8841
8842
8842
8845
8847
8848
8851
8852
8855
8856
8857
8861
8862
8862
8863
8865
8865
8867
8869
8871
8872
8874
8875
8875
8876
8878
8879
8881
8884
8885
8887
8890
8890
8893
8894
8894
8896
8896
8896
8896
8897
8898
8899
8899
8899
8901
8901
8902
8904
8906
8906
8907
8908
8909
8909
8909
8910
8910
8911
8912
8913
8916
8916
8918
8920
8921
8921
8922
8922
8922
8924
8925
8928
8929
8929
8930
8930
8930
8930
8930
8932
8933
8933
8933
8933
8934
8935
8936
8936
8936
8937
8938
8939
8940
8940
8941
8941
8941
8943
8946
8946
8949
8951
8951
8952
8952
8952
8953
8953
8954
8955
8957
8957
8959
8961
8962
8963
8963
8964
8965
8966
8967
8968
8970
8970
8972
8973
8974
8974
8974
8974
8974
8975
8975
8975
8976
8978
8979
8980
8980
8985
8985
8986
8987
8987
8987
8989
8989
8992
8993
8994
8995
8996
8998
9003
9003
9003
9004
9007
9008
9008
9009
9010
9011
9011
9012
9012
9013
9014
9016
9017
9019
9020
9020
9021
9023
9025
9025
9025
9026
9027
9031
9032
9032
9034
9034
9034
9041
9042
9044
9045
9050
9051
9052
9052
9055
9058
9058
9059
9061
9061
9062
9062
9062
9064
9064
9065
9066
9067
9067
9068
9069
9069
9069
9070
9071
9072
9072
9074
9074
9077
9077
9077
9081
9082
9083
9086
9086
9088
9093
9093
9094
9095
9099
9100
9102
9102
9103
9103
9104
9105
9107
9107
9108
9108
9108
9111
9112
9114
9117
9118
9118
9120
9120
9122
9122
9123
9123
9125
9126
9128
9128
9129
9130
9130
9131
9131
9131
9131
9132
9132
9132
9132
9133
9134
9134
9134
9136
9136
9139
9140
9142
9145
9145
9147
9148
9151
9155
9156
9156
9157
9157
9157
9158
9158
9161
9161
9163
9164
9166
9169
9170
9170
9172
9172
9173
9173
9174
9174
9175
9176
9176
9179
9179
9179
9180
9181
9181
9182
9183
9183
9183
9184
9185
9189
9189
9190
9190
9192
9194
9194
9195
9196
9196
9200
9200
9200
9202
9203
9205
9206
9207
9207
9209
9210
9210
9211
9211
9212
9212
9212
9213
9213
9214
9215
9215
9216
9217
9218
9221
9222
9222
9222
9223
9223
9224
9224
9225
9225
9226
9228
9228
9228
9229
9231
9232
9233
9234
9234
9235
9235
9235
9237
9238
9238
9239
9240
9241
9244
9244
9245
9245
9246
9248
9248
9249
9250
9251
9252
9252
9253
9253
9254
9254
9256
9256
9257
9259
9261
9261
9261
9262
9265
9265
9266
9267
9267
9268
9269
9270
9270
9272
9272
9273
9273
9273
9273
9273
9275
9276
9277
9277
9277
9278
9279
9280
9280
9282
9284
9285
9285
9285
9285
9285
9287
9289
9289
9289
9293
9294
9295
9298
9298
9298
9299
9300
9300
9301
9302
9302
9302
9303
9304
9306
9307
9307
9308
9312
9313
9314
9314
9316
9317
9321
9321
9323
9324
9325
9325
9325
9326
9326
9329
9331
9331
9333
9334
9335
9335
9336
9338
9338
9341
9342
9342
9344
9345
9345
9346
9348
9350
9352
9353
9356
9356
9359
9360
9361
9361
9362
9363
9363
9363
9364
9368
9370
9371
9373
9373
9375
9376
9377
9377
9380
9380
9380
9384
9386
9386
9387
9387
9390
9390
9391
9392
9392
9393
9393
9394
9394
9395
9396
9397
9397
9397
9397
9398
9402
9403
9404
9405
9405
9405
9405
9405
9406
9407
9408
9409
9409
9410
9411
9411
9412
9412
9413
9413
9414
9414
9414
9414
9416
9417
9418
9418
9419
9420
9421
9422
9425
9425
9426
9429
9431
9431
9432
9435
9435
9437
9437
9439
9440
9440
9443
9443
9444
9444
9444
9445
9446
9446
9447
9448
9448
9448
9449
9450
9453
9455
9456
9457
9459
9461
9461
9462
9462
9462
9463
9464
9465
9467
9468
9469
9470
9470
9471
9471
9474
9475
9475
9476
9479
9481
9483
9483
9483
9484
9485
9485
9485
9485
9486
9488
9489
9490
9491
9491
9492
9493
9493
9495
9495
9496
9497
9498
9499
9500
9500
9501
9501
9503
9503
9505
9505
9505
9506
9506
9506
9506
9508
9508
9508
9515
9515
9516
9518
9520
9522
9523
9524
9526
9526
9529
9530
9532
9532
9532
9534
9534
9537
9538
9538
9538
9539
9539
9539
9541
9542
9543
9543
9544
9548
9548
9549
9549
9551
9552
9552
9552
9552
9553
9553
9555
9555
9557
9557
9559
9561
9561
9561
9562
9564
9566
9567
9569
9569
9572
9573
9573
9575
9575
9576
9576
9579
9580
9581
9585
9586
9586
9590
9591
9594
9594
9595
9597
9598
9604
9605
9605
9606
9607
9608
9608
9609
9613
9615
9616
9617
9617
9618
9621
9622
9622
9626
9628
9629
9630
9631
9631
9632
9633
9634
9635
9636
9636
9637
9640
9641
9641
9641
9641
9642
9642
9645
9647
9648
9649
9650
9652
9655
9655
9656
9657
9657
9659
9659
9660
9660
9661
9661
9663
9665
9665
9665
9666
9667
9668
9669
9670
9670
9671
9672
9672
9673
9673
9675
9676
9677
9679
9679
9680
9680
9681
9682
9683
9683
9684
9685
9686
9687
9688
9689
9690
9690
9692
9692
9692
9692
9695
9696
9697
9701
9705
9706
9707
9707
9708
9708
9710
9711
9713
9714
9717
9717
9719
9721
9722
9724
9724
9726
9727
9728
9728
9729
9730
9730
9732
9734
9736
9737
9737
9739
9739
9740
9741
9742
9743
9746
9746
9746
9747
9748
9749
9750
9751
9752
9753
9753
9754
9755
9755
9758
9760
9761
9762
9762
9763
9765
9766
9766
9766
9767
9769
9770
9771
9772
9772
9773
9775
9775
9777
9778
9778
9779
9780
9781
9782
9783
9783
9783
9783
9784
9784
9785
9785
9785
9787
9788
9788
9790
9790
9790
9791
9791
9791
9792
9793
9794
9795
9797
9797
9798
9798
9801
9803
9803
9804
9804
9804
9805
9806
9806
9809
9810
9812
9812
9813
9814
9814
9815
9815
9817
9817
9817
9817
9818
9818
9819
9822
9823
9824
9824
9825
9825
9825
9826
9826
9827
9831
9831
9833
9837
9838
9838
9839
9839
9839
9840
9843
9843
9844
9845
9846
9848
9848
9848
9851
9851
9852
9853
9855
9857
9858
9859
9860
9860
9861
9861
9862
9862
9863
9863
9867
9869
9869
9869
9870
9871
9872
9872
9874
9874
9874
9875
9877
9877
9879
9879
9880
9881
9882
9882
9883
9885
9886
9889
9889
9889
9890
9891
9892
9893
9894
9894
9895
9896
9896
9898
9899
9900
9901
9901
9903
9903
9906
9906
9906
9908
9909
9909
9909
9909
9909
9914
9914
9914
9915
9917
9919
9920
9922
9922
9923
9924
9924
9925
9925
9925
9926
9926
9927
9928
9929
9930
9933
9934
9935
9935
9935
9937
9942
9942
9944
9944
9945
9945
9946
9946
9948
9949
9950
9951
9951
9951
9953
9954
9954
9954
9954
9954
9955
9955
9955
9956
9957
9958
9959
9961
9961
9962
9966
9966
9966
9966
9968
9968
9970
9972
9975
9975
9976
9977
9980
9980
9982
9983
9984
9985
9988
9989
9989
9989
9989
9991
9991
9992
9992
9993
9994
9995
9995
9995
9997
9998
9998
9998
