2
2
3
3
4
5
7
8
8
8
9
12
14
14
14
16
17
18
18
19
19
19
20
21
22
22
22
24
26
27
27
30
30
30
30
31
31
31
34
34
35
37
37
39
39
39
40
41
42
44
44
45
48
50
50
51
52
52
53
53
56
58
58
59
59
65
66
66
66
67
67
69
71
71
72
74
75
76
76
76
76
77
78
79
79
80
81
82
83
84
84
87
88
88
92
92
93
93
93
95
100
100
100
100
104
106
107
108
108
109
110
110
111
111
113
113
114
115
116
117
119
120
120
122
122
123
123
124
125
126
127
127
128
130
130
131
132
132
132
132
135
136
137
137
138
138
141
142
143
143
147
147
148
151
151
151
153
154
154
155
156
156
156
158
159
159
160
161
163
164
164
167
167
168
172
172
173
173
174
177
178
180
180
180
182
182
182
183
183
183
184
185
185
186
187
188
190
190
191
192
192
194
195
195
198
198
199
200
203
203
204
204
205
206
209
211
213
213
214
215
217
217
217
217
217
218
218
219
220
221
226
226
227
228
229
229
231
232
233
235
235
237
237
238
240
240
241
241
241
241
241
242
242
242
244
245
248
249
250
250
252
252
253
253
254
254
255
257
258
260
261
264
264
264
266
266
267
267
269
271
272
273
274
276
277
277
279
282
285
285
286
288
288
289
289
291
291
292
293
293
293
294
294
295
297
298
300
301
301
301
302
304
304
304
304
305
306
306
308
309
309
309
310
312
312
315
315
315
316
318
320
321
322
322
323
323
323
324
325
327
327
327
330
330
332
332
333
333
333
335
336
341
341
343
343
344
344
346
346
347
347
348
349
349
350
350
351
351
356
356
357
357
359
362
362
363
363
363
365
366
366
367
368
372
375
376
378
379
381
383
383
384
384
385
386
386
389
389
390
392
392
393
394
394
395
395
395
397
400
401
404
404
407
407
409
410
410
411
412
412
413
414
416
416
417
419
419
419
420
423
427
428
431
431
432
433
434
434
437
439
443
444
445
445
445
446
446
446
446
447
448
449
450
451
453
454
458
461
463
463
464
465
466
466
467
467
468
468
469
469
469
469
470
471
473
475
475
475
478
482
483
484
484
485
488
489
490
490
492
494
495
496
497
498
498
499
500
501
501
502
503
504
504
505
505
505
506
508
509
509
510
511
511
512
513
514
515
515
518
519
519
519
522
522
524
526
527
527
531
531
533
534
536
536
537
539
540
542
542
543
544
545
546
548
550
553
553
554
556
560
560
562
562
565
568
568
569
570
570
571
572
572
573
574
575
575
576
576
577
577
580
580
582
582
583
584
586
587
587
587
588
589
591
591
592
593
593
594
594
595
597
598
599
600
600
601
602
603
603
604
604
605
605
606
607
609
610
611
612
612
613
613
616
616
616
616
623
623
624
624
625
625
625
625
626
626
627
631
632
632
633
633
634
634
635
635
637
637
640
640
641
641
641
642
643
644
644
645
647
647
647
648
650
651
654
655
655
657
657
658
658
660
660
661
662
663
663
663
667
670
672
673
674
675
678
678
678
679
679
682
685
686
687
689
689
689
689
695
696
698
698
699
700
702
702
703
704
709
710
710
710
711
713
714
715
715
716
716
717
718
721
722
722
723
723
723
724
724
724
726
729
730
732
733
735
735
737
737
738
738
739
740
740
740
742
743
745
748
749
749
749
750
750
750
751
751
751
752
753
753
754
755
755
756
756
757
760
760
761
763
764
767
769
769
771
772
773
773
774
776
776
777
778
778
778
779
780
780
782
782
783
784
784
785
785
787
788
788
788
788
789
790
791
792
793
793
794
795
795
797
798
798
798
799
800
802
802
803
804
804
805
805
805
805
808
808
810
812
813
813
816
816
817
818
818
818
819
819
819
819
820
820
822
822
823
823
824
825
826
827
827
828
828
829
831
831
832
833
835
835
837
838
838
839
840
840
842
842
843
843
843
844
844
845
845
846
847
849
850
854
856
856
857
858
858
859
859
859
859
862
863
864
865
866
867
867
868
869
870
872
872
873
874
874
875
875
876
877
877
878
879
880
881
882
882
884
885
886
888
888
888
889
889
890
890
890
891
891
891
892
892
893
894
894
895
898
900
900
900
900
900
901
906
907
908
908
910
910
912
914
918
920
921
921
922
922
923
924
925
926
926
926
928
928
929
929
930
933
933
934
934
935
936
937
938
938
939
940
942
942
942
945
946
948
950
950
952
952
953
953
955
955
955
956
957
957
958
962
963
965
967
968
968
968
969
970
970
971
972
973
973
973
973
976
979
981
983
985
987
987
988
991
991
992
992
993
994
995
996
999
999
1001
1001
1004
1004
1006
1006
1008
1011
1012
1014
1014
1015
1015
1016
1016
1016
1016
1017
1017
1018
1019
1019
1019
1021
1024
1025
1025
1027
1028
1028
1029
1030
1030
1031
1031
1033
1035
1036
1036
1037
1039
1042
1043
1044
1044
1044
1047
1048
1048
1049
1052
1053
1054
1055
1055
1057
1057
1058
1058
1060
1061
1061
1063
1063
1063
1065
1066
1067
1069
1070
1075
1076
1077
1077
1077
1078
1079
1080
1080
1081
1082
1085
1085
1086
1086
1087
1090
1093
1094
1094
1096
1096
1097
1099
1099
1100
1101
1105
1105
1107
1107
1108
1109
1109
1109
1110
1110
1110
1114
1114
1114
1115
1121
1122
1123
1124
1126
1126
1127
1128
1128
1129
1132
1133
1135
1136
1137
1137
1137
1139
1141
1142
1142
1142
1143
1143
1144
1144
1146
1147
1148
1149
1150
1151
1152
1153
1155
1155
1157
1157
1157
1158
1159
1160
1161
1162
1162
1164
1164
1165
1166
1166
1166
1167
1167
1168
1170
1171
1173
1173
1176
1176
1177
1180
1180
1180
1181
1181
1182
1183
1183
1183
1183
1184
1185
1185
1186
1187
1188
1189
1190
1191
1194
1195
1195
1195
1196
1196
1197
1198
1199
1200
1202
1202
1203
1204
1205
1206
1207
1208
1210
1212
1212
1214
1215
1216
1216
1218
1223
1224
1224
1225
1226
1227
1227
1229
1230
1231
1231
1231
1232
1234
1236
1237
1237
1238
1241
1241
1243
1244
1244
1244
1244
1246
1246
1246
1246
1247
1248
1248
1249
1249
1250
1250
1251
1252
1253
1253
1253
1253
1255
1256
1256
1257
1257
1257
1260
1261
1261
1263
1264
1267
1268
1270
1271
1272
1272
1273
1273
1275
1276
1276
1276
1276
1277
1279
1284
1284
1285
1285
1289
1290
1290
1290
1290
1291
1292
1292
1295
1295
1295
1296
1296
1296
1297
1298
1299
1299
1300
1300
1301
1305
1306
1308
1309
1310
1310
1310
1310
1310
1311
1311
1313
1313
1314
1314
1316
1318
1319
1320
1320
1322
1323
1323
1323
1324
1327
1328
1328
1330
1331
1333
1333
1334
1335
1337
1339
1340
1341
1342
1342
1342
1343
1345
1345
1346
1346
1346
1346
1350
1350
1351
1354
1354
1355
1357
1357
1357
1359
1361
1364
1365
1365
1366
1366
1367
1367
1369
1370
1371
1371
1372
1373
1374
1374
1375
1377
1377
1377
1381
1383
1383
1383
1384
1385
1385
1386
1390
1390
1393
1394
1396
1397
1397
1397
1400
1403
1404
1406
1408
1410
1410
1413
1413
1416
1417
1417
1418
1418
1421
1422
1424
1428
1429
1429
1429
1432
1432
1433
1435
1436
1437
1439
1440
1440
1441
1441
1441
1441
1441
1443
1445
1446
1446
1447
1450
1450
1451
1452
1453
1454
1454
1454
1457
1458
1459
1460
1462
1464
1470
1472
1475
1478
1478
1479
1480
1481
1482
1482
1482
1485
1485
1486
1486
1487
1488
1488
1488
1491
1495
1495
1495
1495
1496
1497
1499
1501
1502
1503
1504
1504
1506
1506
1507
1508
1509
1510
1510
1511
1511
1512
1513
1514
1514
1515
1515
1515
1516
1516
1518
1519
1520
1520
1521
1522
1523
1524
1524
1526
1527
1529
1529
1529
1530
1531
1532
1532
1534
1534
1534
1534
1539
1541
1541
1544
1544
1544
1545
1547
1548
1549
1551
1552
1553
1553
1554
1555
1556
1556
1557
1557
1557
1559
1560
1563
1565
1565
1565
1566
1567
1567
1569
1569
1569
1569
1570
1570
1571
1574
1574
1574
1575
1576
1577
1577
1578
1578
1583
1583
1584
1587
1589
1591
1594
1594
1595
1596
1597
1598
1600
1600
1603
1604
1606
1606
1607
1608
1609
1610
1611
1611
1611
1612
1612
1613
1614
1614
1614
1614
1615
1615
1617
1617
1617
1617
1619
1619
1620
1621
1621
1622
1622
1623
1625
1625
1626
1627
1629
1630
1633
1633
1634
1635
1636
1638
1639
1639
1639
1639
1639
1641
1642
1643
1644
1644
1646
1646
1646
1647
1647
1651
1652
1653
1653
1654
1654
1655
1656
1656
1657
1658
1658
1658
1659
1659
1659
1660
1661
1663
1663
1665
1666
1667
1668
1668
1668
1669
1669
1670
1671
1671
1672
1673
1673
1673
1673
1675
1675
1675
1675
1676
1676
1677
1677
1679
1680
1683
1683
1683
1685
1685
1686
1687
1688
1688
1689
1689
1690
1690
1692
1692
1693
1693
1694
1694
1698
1699
1703
1703
1703
1706
1707
1707
1709
1710
1711
1711
1711
1712
1712
1713
1714
1714
1715
1715
1716
1718
1720
1721
1727
1727
1727
1727
1728
1730
1730
1731
1731
1731
1732
1732
1733
1736
1739
1740
1740
1741
1741
1743
1744
1745
1746
1747
1748
1749
1749
1750
1751
1751
1752
1752
1753
1756
1756
1757
1758
1758
1758
1760
1763
1763
1764
1765
1765
1766
1770
1770
1773
1773
1777
1777
1777
1779
1779
1779
1780
1780
1781
1781
1782
1782
1784
1785
1785
1786
1786
1787
1788
1789
1789
1789
1789
1792
1792
1794
1795
1796
1796
1797
1799
1801
1801
1803
1804
1805
1805
1806
1807
1807
1808
1809
1810
1814
1815
1816
1816
1816
1817
1817
1817
1819
1820
1820
1821
1822
1823
1823
1824
1825
1825
1828
1831
1832
1832
1834
1834
1835
1835
1836
1838
1841
1841
1844
1845
1845
1846
1846
1848
1849
1849
1850
1850
1855
1855
1856
1857
1857
1858
1858
1859
1861
1862
1863
1863
1863
1864
1867
1870
1870
1871
1873
1875
1876
1878
1879
1879
1882
1882
1883
1884
1884
1884
1885
1887
1888
1889
1891
1892
1892
1894
1895
1897
1898
1899
1900
1902
1904
1904
1906
1906
1906
1906
1910
1911
1913
1913
1915
1917
1919
1920
1921
1923
1924
1924
1925
1926
1927
1927
1928
1929
1930
1930
1931
1932
1933
1935
1935
1935
1936
1938
1938
1940
1941
1942
1942
1942
1943
1943
1943
1945
1951
1951
1951
1952
1953
1953
1955
1957
1957
1958
1958
1958
1959
1959
1960
1960
1961
1961
1962
1963
1965
1966
1966
1967
1968
1968
1969
1969
1969
1972
1972
1973
1974
1974
1974
1976
1976
1979
1983
1983
1983
1984
1985
1991
1993
1993
1993
1993
1994
1996
1997
1997
1997
1999
2000
2000
2000
2000
2000
2000
2001
2002
2002
2002
2004
2005
2007
2008
2008
2008
2009
2012
2013
2016
2016
2016
2017
2017
2018
2020
2021
2023
2023
2026
2029
2030
2030
2031
2031
2032
2033
2033
2034
2034
2034
2034
2036
2037
2037
2037
2038
2040
2040
2043
2044
2044
2045
2045
2046
2048
2050
2050
2052
2052
2053
2053
2056
2057
2057
2061
2061
2062
2062
2063
2063
2064
2065
2066
2066
2067
2068
2070
2070
2071
2071
2071
2072
2073
2073
2073
2075
2076
2076
2077
2080
2081
2082
2083
2083
2084
2084
2085
2085
2086
2086
2086
2087
2088
2089
2090
2090
2091
2096
2097
2098
2100
2104
2104
2104
2106
2107
2107
2107
2108
2108
2108
2108
2109
2110
2110
2112
2115
2115
2116
2117
2119
2119
2121
2122
2124
2124
2131
2131
2131
2131
2132
2133
2135
2137
2137
2140
2142
2144
2145
2145
2145
2148
2148
2149
2152
2152
2153
2154
2154
2155
2157
2157
2158
2159
2162
2162
2163
2164
2166
2166
2169
2171
2172
2172
2172
2172
2172
2173
2173
2174
2174
2175
2175
2175
2176
2177
2179
2182
2182
2183
2184
2184
2184
2184
2185
2187
2187
2188
2189
2190
2191
2193
2194
2195
2196
2197
2197
2199
2200
2201
2202
2208
2208
2208
2209
2209
2210
2210
2212
2215
2216
2218
2219
2219
2219
2219
2220
2221
2224
2226
2227
2228
2229
2230
2230
2231
2233
2237
2239
2240
2240
2240
2241
2243
2244
2247
2247
2248
2251
2251
2251
2251
2253
2253
2253
2253
2253
2256
2257
2258
2259
2260
2262
2264
2266
2267
2269
2269
2274
2274
2274
2275
2275
2276
2276
2278
2278
2279
2280
2281
2281
2282
2282
2283
2283
2284
2287
2288
2288
2289
2291
2294
2294
2295
2296
2299
2299
2302
2304
2304
2305
2306
2307
2308
2309
2310
2311
2313
2314
2315
2316
2316
2316
2318
2318
2320
2322
2322
2325
2325
2326
2327
2328
2330
2331
2331
2331
2336
2337
2338
2338
2339
2340
2340
2341
2342
2343
2345
2348
2349
2349
2350
2353
2356
2357
2357
2359
2362
2363
2365
2365
2366
2367
2369
2370
2370
2371
2371
2374
2375
2376
2376
2376
2376
2376
2378
2379
2379
2383
2384
2386
2387
2388
2388
2389
2389
2392
2393
2393
2394
2395
2396
2396
2396
2397
2398
2401
2401
2402
2404
2405
2406
2407
2408
2408
2409
2409
2409
2409
2410
2411
2412
2415
2415
2416
2417
2417
2417
2419
2419
2420
2420
2422
2422
2423
2424
2425
2426
2426
2427
2428
2429
2429
2429
2431
2432
2433
2435
2435
2438
2440
2442
2443
2444
2447
2447
2448
2449
2449
2450
2452
2454
2454
2455
2456
2460
2460
2460
2462
2463
2463
2464
2465
2465
2466
2469
2469
2470
2470
2472
2473
2473
2473
2474
2475
2476
2477
2477
2478
2479
2480
2480
2481
2481
2484
2486
2486
2487
2488
2489
2489
2490
2490
2491
2491
2492
2492
2493
2495
2495
2496
2496
2497
2498
2500
2500
2501
2501
2503
2503
2504
2505
2505
2506
2509
2510
2511
2516
2519
2519
2523
2526
2526
2529
2530
2530
2530
2531
2531
2532
2534
2534
2535
2537
2537
2541
2544
2545
2545
2545
2547
2548
2548
2549
2549
2550
2550
2550
2550
2550
2551
2551
2553
2553
2556
2557
2560
2562
2562
2563
2563
2565
2566
2566
2566
2567
2568
2568
2569
2570
2570
2571
2572
2573
2573
2574
2575
2577
2579
2580
2581
2582
2583
2585
2589
2590
2590
2590
2591
2592
2592
2593
2594
2595
2596
2597
2599
2599
2600
2601
2602
2603
2604
2605
2605
2605
2606
2608
2609
2610
2611
2613
2613
2614
2616
2617
2623
2623
2625
2625
2626
2627
2627
2628
2628
2629
2629
2630
2631
2631
2632
2632
2633
2634
2634
2634
2635
2635
2636
2637
2637
2638
2639
2640
2641
2642
2643
2648
2648
2649
2649
2649
2650
2651
2651
2651
2652
2653
2653
2654
2655
2656
2656
2658
2661
2661
2661
2663
2665
2665
2666
2666
2668
2669
2672
2673
2674
2679
2680
2680
2681
2681
2685
2685
2685
2686
2687
2688
2688
2689
2690
2691
2691
2692
2693
2695
2696
2696
2696
2697
2697
2700
2702
2702
2702
2704
2704
2705
2705
2708
2708
2711
2712
2713
2713
2714
2715
2718
2719
2720
2721
2722
2723
2724
2724
2725
2726
2728
2730
2732
2732
2734
2734
2734
2735
2735
2735
2736
2737
2738
2738
2739
2741
2742
2745
2746
2746
2747
2748
2749
2751
2751
2753
2753
2755
2757
2758
2760
2761
2762
2762
2763
2763
2766
2766
2768
2768
2769
2769
2770
2770
2771
2771
2774
2774
2775
2776
2776
2776
2777
2778
2778
2778
2779
2782
2783
2783
2784
2785
2786
2788
2790
2790
2791
2792
2793
2795
2796
2798
2798
2798
2799
2800
2802
2802
2803
2805
2807
2808
2808
2808
2809
2809
2809
2810
2811
2812
2813
2814
2815
2815
2817
2817
2818
2818
2820
2822
2823
2823
2825
2826
2826
2826
2827
2827
2829
2829
2830
2832
2832
2836
2836
2836
2837
2838
2839
2840
2841
2841
2844
2844
2844
2845
2846
2847
2849
2850
2851
2851
2852
2853
2855
2856
2856
2859
2859
2860
2860
2861
2862
2863
2863
2866
2867
2869
2870
2870
2871
2872
2872
2872
2874
2874
2876
2877
2878
2878
2880
2880
2882
2883
2884
2888
2889
2889
2890
2891
2892
2893
2895
2896
2899
2899
2899
2901
2901
2902
2904
2905
2907
2907
2909
2910
2911
2912
2912
2912
2913
2914
2915
2915
2916
2916
2918
2919
2919
2920
2921
2921
2922
2923
2923
2925
2926
2926
2927
2927
2927
2927
2927
2929
2929
2929
2929
2930
2931
2935
2939
2939
2939
2940
2941
2944
2949
2949
2949
2949
2950
2950
2950
2951
2956
2957
2957
2958
2958
2958
2959
2959
2962
2963
2963
2964
2964
2965
2966
2966
2967
2968
2969
2971
2972
2973
2973
2973
2973
2974
2975
2975
2978
2979
2979
2979
2979
2980
2982
2983
2984
2984
2984
2984
2985
2986
2988
2990
2993
2993
2993
2994
2994
2994
2997
2998
2999
2999
3000
3000
3001
3002
3003
3003
3004
3004
3004
3009
3010
3013
3013
3014
3014
3015
3015
3016
3018
3019
3020
3021
3022
3023
3024
3024
3025
3025
3025
3029
3031
3032
3033
3033
3034
3035
3035
3036
3037
3040
3042
3043
3044
3044
3045
3048
3049
3049
3049
3049
3049
3051
3054
3055
3056
3057
3059
3060
3062
3062
3062
3063
3063
3063
3064
3066
3067
3068
3068
3069
3072
3073
3073
3073
3073
3076
3077
3078
3080
3080
3081
3082
3082
3083
3083
3083
3085
3086
3086
3086
3088
3088
3088
3089
3094
3094
3095
3095
3097
3097
3098
3098
3099
3099
3100
3100
3103
3104
3104
3105
3105
3106
3107
3108
3109
3110
3110
3111
3112
3112
3113
3113
3115
3118
3119
3119
3122
3122
3123
3123
3124
3124
3125
3125
3127
3129
3129
3130
3134
3134
3136
3136
3137
3138
3138
3138
3139
3139
3140
3140
3141
3141
3142
3144
3144
3145
3145
3145
3147
3149
3149
3149
3150
3152
3152
3152
3153
3156
3156
3158
3160
3160
3161
3161
3162
3162
3165
3168
3168
3172
3173
3174
3174
3175
3176
3176
3179
3179
3179
3183
3184
3184
3186
3187
3188
3190
3191
3191
3192
3193
3194
3194
3197
3199
3200
3201
3202
3202
3203
3204
3205
3206
3206
3207
3207
3207
3207
3207
3207
3207
3207
3208
3208
3208
3209
3209
3209
3212
3213
3214
3215
3216
3217
3217
3218
3219
3221
3221
3222
3223
3224
3226
3228
3230
3231
3231
3231
3232
3232
3232
3240
3241
3245
3247
3249
3249
3250
3250
3250
3253
3254
3254
3255
3255
3255
3257
3257
3257
3259
3259
3263
3263
3264
3264
3266
3266
3267
3268
3268
3269
3270
3271
3272
3272
3273
3274
3274
3276
3276
3278
3278
3279
3279
3280
3280
3280
3282
3283
3283
3284
3284
3287
3288
3288
3289
3291
3293
3293
3294
3295
3295
3299
3300
3301
3302
3302
3303
3304
3306
3308
3308
3308
3308
3308
3309
3312
3312
3315
3317
3318
3321
3322
3323
3324
3325
3325
3327
3327
3328
3328
3331
3332
3332
3333
3333
3334
3334
3334
3335
3336
3337
3339
3341
3344
3345
3348
3350
3350
3352
3352
3352
3353
3354
3354
3356
3358
3358
3358
3359
3361
3361
3361
3362
3363
3364
3365
3365
3365
3366
3369
3369
3371
3372
3372
3373
3374
3377
3379
3379
3380
3380
3380
3381
3382
3382
3383
3385
3386
3386
3389
3390
3392
3392
3394
3397
3399
3401
3401
3402
3405
3406
3406
3406
3407
3408
3408
3408
3409
3411
3412
3413
3414
3416
3416
3419
3421
3421
3422
3424
3424
3424
3426
3429
3429
3430
3431
3434
3434
3435
3435
3436
3444
3445
3445
3446
3447
3447
3447
3447
3448
3450
3455
3456
3456
3457
3457
3459
3462
3464
3465
3467
3467
3468
3468
3468
3471
3472
3474
3476
3477
3477
3477
3479
3481
3481
3483
3484
3485
3488
3489
3489
3490
3490
3491
3491
3492
3492
3492
3493
3494
3496
3498
3498
3500
3502
3502
3502
3503
3504
3504
3504
3504
3507
3507
3509
3511
3511
3512
3512
3513
3513
3514
3514
3517
3518
3518
3519
3520
3521
3523
3523
3524
3524
3525
3526
3527
3528
3528
3529
3529
3532
3532
3532
3533
3534
3534
3534
3535
3536
3536
3540
3541
3543
3543
3544
3544
3545
3545
3546
3546
3546
3548
3549
3549
3550
3551
3552
3552
3554
3555
3556
3556
3561
3562
3562
3563
3566
3566
3566
3567
3568
3568
3568
3569
3571
3573
3574
3574
3576
3579
3579
3579
3580
3580
3580
3580
3581
3582
3582
3582
3582
3583
3583
3585
3586
3587
3590
3591
3591
3592
3592
3592
3593
3593
3593
3595
3595
3595
3597
3598
3598
3600
3601
3602
3602
3603
3605
3606
3606
3607
3607
3610
3611
3612
3615
3615
3615
3617
3619
3620
3620
3621
3621
3622
3623
3624
3624
3624
3630
3631
3631
3631
3631
3632
3633
3634
3634
3639
3639
3640
3642
3643
3643
3644
3646
3646
3647
3650
3651
3651
3651
3651
3652
3655
3656
3657
3657
3657
3660
3660
3661
3662
3662
3665
3665
3665
3667
3669
3670
3671
3671
3672
3672
3674
3674
3675
3676
3677
3679
3680
3680
3680
3681
3683
3684
3685
3686
3688
3689
3689
3690
3690
3690
3691
3692
3692
3692
3693
3693
3694
3695
3696
3697
3699
3700
3701
3701
3701
3702
3704
3704
3705
3707
3708
3709
3710
3712
3712
3713
3713
3715
3715
3718
3718
3720
3721
3721
3724
3724
3725
3728
3728
3728
3728
3729
3729
3730
3731
3731
3731
3732
3732
3734
3738
3738
3738
3740
3740
3741
3741
3742
3742
3742
3743
3743
3744
3746
3747
3748
3750
3751
3753
3754
3755
3756
3757
3758
3758
3761
3763
3764
3768
3768
3770
3770
3771
3772
3772
3772
3772
3774
3774
3776
3776
3776
3779
3779
3780
3780
3781
3783
3783
3784
3784
3784
3784
3787
3788
3788
3788
3789
3789
3790
3790
3791
3791
3792
3792
3794
3794
3795
3796
3798
3798
3798
3801
3805
3807
3807
3807
3808
3808
3809
3810
3812
3812
3813
3813
3814
3815
3815
3815
3816
3816
3817
3818
3822
3823
3824
3824
3829
3832
3835
3836
3837
3837
3838
3839
3840
3841
3841
3841
3841
3842
3843
3845
3847
3847
3849
3849
3852
3854
3857
3857
3857
3859
3859
3861
3861
3862
3862
3863
3864
3865
3866
3866
3867
3867
3867
3869
3871
3871
3873
3876
3879
3880
3880
3884
3885
3885
3886
3886
3886
3888
3889
3890
3891
3891
3892
3894
3896
3896
3901
3901
3901
3901
3903
3903
3904
3904
3905
3906
3907
3908
3908
3908
3908
3909
3909
3910
3910
3910
3914
3917
3921
3921
3923
3924
3924
3925
3926
3927
3928
3929
3930
3933
3933
3934
3935
3935
3936
3936
3936
3937
3937
3942
3942
3942
3944
3945
3945
3946
3949
3949
3951
3952
3953
3953
3954
3955
3957
3957
3960
3961
3961
3961
3962
3962
3963
3963
3963
3963
3964
3964
3965
3965
3966
3966
3967
3970
3972
3972
3972
3973
3974
3974
3974
3975
3976
3976
3979
3984
3986
3986
3987
3987
3987
3989
3991
3992
3992
3993
3996
3998
3999
3999
3999
4000
4001
4006
4007
4007
4009
4010
4010
4011
4012
4015
4015
4015
4016
4017
4022
4022
4022
4023
4024
4027
4027
4028
4029
4030
4032
4032
4033
4034
4035
4036
4037
4044
4046
4048
4048
4048
4051
4055
4057
4057
4058
4058
4059
4062
4063
4063
4063
4064
4065
4065
4067
4068
4069
4069
4069
4071
4071
4072
4073
4075
4075
4078
4079
4080
4081
4083
4083
4084
4084
4085
4085
4086
4088
4088
4089
4091
4092
4092
4094
4095
4096
4097
4098
4099
4099
4099
4100
4100
4101
4102
4102
4102
4103
4104
4105
4107
4109
4109
4109
4110
4110
4111
4111
4115
4115
4117
4118
4118
4118
4118
4119
4119
4119
4119
4120
4120
4120
4120
4121
4121
4122
4122
4122
4122
4123
4124
4124
4125
4126
4126
4127
4127
4128
4130
4130
4131
4135
4139
4141
4141
4142
4145
4145
4146
4146
4146
4147
4148
4148
4150
4152
4152
4154
4155
4156
4158
4161
4162
4163
4163
4163
4165
4165
4167
4167
4169
4170
4171
4171
4172
4173
4173
4173
4176
4176
4176
4176
4177
4177
4178
4181
4181
4182
4182
4183
4184
4184
4184
4184
4184
4185
4185
4186
4186
4187
4187
4188
4189
4189
4191
4191
4192
4195
4197
4198
4199
4203
4203
4204
4206
4206
4207
4210
4211
4211
4211
4212
4214
4216
4217
4218
4218
4219
4219
4220
4220
4220
4221
4223
4223
4225
4227
4229
4230
4232
4233
4235
4235
4236
4237
4237
4238
4238
4239
4240
4240
4240
4241
4245
4245
4247
4248
4249
4251
4251
4251
4252
4253
4253
4254
4255
4257
4258
4258
4258
4259
4261
4261
4261
4261
4263
4266
4268
4269
4269
4269
4271
4271
4271
4271
4272
4275
4276
4280
4281
4282
4282
4282
4284
4284
4287
4287
4288
4288
4289
4289
4290
4291
4292
4293
4294
4296
4296
4297
4299
4299
4300
4300
4300
4300
4301
4302
4302
4303
4305
4306
4306
4306
4307
4308
4311
4312
4313
4313
4316
4318
4319
4320
4321
4324
4325
4326
4326
4326
4328
4329
4329
4332
4332
4333
4333
4335
4335
4335
4336
4337
4340
4341
4342
4342
4343
4343
4345
4346
4348
4349
4349
4351
4352
4353
4353
4356
4356
4358
4359
4361
4363
4364
4365
4366
4367
4367
4368
4368
4369
4369
4370
4372
4373
4373
4374
4374
4375
4377
4380
4382
4386
4386
4386
4386
4387
4391
4393
4394
4395
4395
4396
4398
4398
4401
4403
4406
4406
4409
4410
4411
4411
4412
4413
4413
4413
4415
4415
4416
4417
4422
4422
4422
4423
4424
4424
4425
4427
4429
4429
4429
4430
4430
4433
4435
4435
4437
4437
4438
4439
4439
4441
4444
4445
4445
4446
4446
4447
4447
4447
4449
4450
4450
4451
4454
4454
4456
4457
4458
4461
4461
4464
4464
4466
4467
4468
4470
4471
4472
4473
4473
4475
4475
4476
4477
4477
4478
4480
4480
4480
4481
4481
4481
4481
4483
4484
4488
4489
4490
4490
4490
4491
4492
4492
4494
4495
4495
4497
4498
4498
4499
4501
4502
4502
4503
4503
4504
4504
4506
4506
4507
4508
4512
4512
4513
4514
4514
4514
4514
4516
4520
4520
4521
4521
4530
4531
4531
4533
4533
4534
4535
4535
4539
4539
4541
4542
4543
4543
4544
4544
4544
4545
4545
4545
4546
4548
4549
4550
4552
4553
4554
4555
4555
4555
4555
4555
4556
4556
4558
4558
4561
4562
4565
4565
4566
4567
4568
4570
4572
4572
4573
4576
4576
4579
4581
4583
4583
4586
4586
4587
4590
4593
4593
4593
4596
4596
4598
4599
4599
4600
4601
4604
4604
4605
4606
4607
4607
4608
4609
4610
4610
4611
4613
4614
4614
4615
4615
4616
4616
4616
4617
4619
4620
4621
4622
4624
4624
4624
4625
4626
4626
4627
4628
4628
4628
4628
4629
4631
4632
4633
4635
4635
4635
4637
4638
4638
4640
4640
4640
4640
4641
4644
4644
4645
4647
4648
4651
4651
4651
4651
4652
4653
4653
4653
4654
4656
4657
4657
4661
4662
4664
4666
4667
4668
4668
4670
4673
4674
4674
4674
4674
4676
4676
4676
4678
4679
4679
4682
4683
4684
4685
4685
4686
4688
4688
4688
4690
4691
4691
4692
4693
4693
4693
4694
4695
4695
4697
4697
4699
4700
4700
4700
4703
4703
4704
4704
4704
4704
4704
4705
4706
4706
4706
4707
4712
4712
4712
4713
4713
4713
4714
4714
4715
4715
4716
4716
4717
4719
4719
4719
4719
4720
4720
4721
4721
4721
4723
4725
4725
4726
4727
4727
4729
4730
4730
4732
4732
4735
4735
4735
4737
4737
4740
4740
4741
4741
4742
4744
4744
4746
4750
4750
4752
4754
4755
4756
4756
4757
4757
4758
4759
4759
4760
4761
4762
4762
4763
4764
4764
4765
4765
4767
4768
4769
4771
4773
4773
4776
4776
4776
4778
4778
4780
4781
4782
4783
4785
4785
4786
4788
4788
4790
4793
4794
4794
4797
4798
4799
4800
4800
4801
4803
4804
4804
4805
4807
4809
4809
4810
4810
4810
4816
4818
4818
4821
4825
4826
4826
4826
4826
4828
4829
4829
4831
4832
4835
4835
4836
4837
4837
4837
4839
4841
4841
4842
4843
4845
4846
4846
4848
4848
4848
4849
4849
4850
4852
4852
4856
4856
4857
4857
4858
4859
4860
4860
4860
4862
4862
4866
4867
4868
4870
4870
4872
4872
4873
4873
4873
4874
4875
4877
4877
4878
4878
4879
4881
4883
4883
4888
4891
4891
4893
4893
4894
4897
4897
4898
4899
4899
4900
4901
4903
4904
4906
4906
4906
4908
4908
4908
4909
4909
4909
4909
4911
4911
4911
4912
4912
4912
4913
4914
4914
4914
4915
4915
4915
4916
4917
4917
4919
4919
4920
4922
4923
4924
4925
4926
4927
4928
4928
4928
4930
4930
4930
4931
4931
4931
4936
4936
4936
4936
4936
4936
4936
4937
4938
4938
4940
4940
4941
4941
4942
4942
4942
4943
4944
4945
4947
4947
4948
4949
4949
4949
4950
4951
4952
4952
4953
4953
4953
4954
4954
4954
4958
4959
4961
4961
4964
4965
4966
4966
4968
4968
4968
4969
4969
4969
4969
4970
4970
4970
4971
4971
4978
4981
4982
4985
4986
4987
4988
4989
4989
4991
4991
4992
4994
4995
4995
4995
4997
4997
4997
4999
5001
5003
5004
5006
5006
5007
5008
5010
5010
5011
5011
5011
5012
5012
5015
5016
5017
5018
5019
5019
5022
5025
5028
5029
5029
5029
5031
5031
5034
5034
5034
5035
5035
5036
5038
5039
5040
5041
5041
5043
5045
5045
5047
5047
5047
5047
5050
5051
5051
5051
5055
5056
5056
5056
5057
5058
5058
5061
5062
5062
5066
5066
5067
5069
5069
5069
5069
5070
5071
5073
5074
5075
5077
5077
5081
5082
5082
5083
5084
5085
5085
5085
5086
5087
5087
5088
5090
5090
5090
5093
5095
5095
5095
5096
5097
5097
5098
5099
5099
5102
5102
5102
5104
5104
5107
5108
5110
5113
5114
5117
5119
5119
5120
5120
5121
5121
5122
5124
5126
5129
5129
5129
5131
5132
5133
5136
5136
5137
5137
5137
5138
5138
5138
5139
5139
5141
5142
5142
5145
5145
5146
5146
5146
5146
5147
5150
5150
5151
5151
5151
5152
5154
5154
5155
5156
5159
5160
5163
5163
5164
5165
5167
5167
5167
5167
5168
5169
5169
5170
5170
5171
5173
5173
5179
5179
5179
5181
5184
5184
5185
5185
5187
5187
5187
5189
5190
5190
5191
5191
5192
5194
5195
5198
5200
5201
5201
5203
5203
5204
5205
5205
5206
5206
5207
5208
5208
5209
5209
5210
5211
5212
5212
5214
5214
5214
5215
5216
5217
5218
5218
5218
5219
5220
5221
5221
5221
5222
5224
5225
5228
5229
5229
5229
5230
5230
5231
5232
5234
5235
5235
5237
5239
5239
5241
5241
5242
5244
5244
5245
5245
5248
5250
5254
5255
5256
5258
5260
5261
5263
5264
5264
5265
5265
5265
5266
5267
5269
5270
5271
5271
5272
5273
5275
5275
5276
5276
5279
5281
5283
5284
5285
5286
5287
5287
5288
5289
5289
5292
5293
5293
5295
5296
5297
5297
5298
5298
5301
5302
5302
5302
5303
5305
5308
5309
5312
5314
5315
5316
5318
5320
5320
5321
5322
5323
5324
5325
5326
5328
5330
5331
5332
5332
5333
5334
5336
5337
5339
5339
5339
5339
5340
5341
5343
5344
5344
5350
5350
5353
5355
5355
5357
5358
5358
5358
5359
5359
5359
5361
5362
5363
5363
5364
5365
5366
5367
5367
5369
5370
5371
5372
5372
5373
5374
5379
5380
5381
5381
5382
5384
5384
5384
5385
5385
5387
5387
5388
5389
5390
5390
5391
5392
5394
5395
5395
5396
5397
5398
5399
5400
5401
5401
5402
5402
5404
5405
5405
5405
5406
5407
5408
5409
5409
5411
5414
5415
5415
5416
5417
5418
5418
5418
5419
5420
5420
5420
5422
5422
5425
5428
5428
5431
5434
5434
5434
5435
5435
5435
5435
5436
5436
5436
5438
5438
5441
5441
5442
5443
5443
5443
5448
5448
5449
5450
5450
5450
5451
5451
5451
5452
5453
5454
5460
5463
5463
5466
5467
5467
5467
5468
5469
5470
5471
5472
5474
5475
5475
5476
5478
5478
5478
5479
5479
5481
5481
5483
5485
5486
5486
5486
5487
5488
5490
5493
5496
5498
5499
5499
5500
5500
5501
5501
5502
5504
5504
5505
5505
5505
5506
5506
5507
5507
5507
5510
5511
5511
5512
5513
5514
5517
5518
5518
5519
5519
5519
5522
5522
5523
5524
5524
5526
5527
5527
5529
5530
5530
5531
5532
5532
5535
5535
5536
5538
5538
5538
5538
5539
5539
5539
5541
5543
5545
5548
5550
5550
5551
5552
5552
5553
5554
5557
5559
5559
5560
5563
5564
5564
5565
5565
5570
5571
5573
5573
5574
5576
5576
5577
5577
5577
5579
5579
5580
5580
5581
5582
5583
5583
5583
5584
5586
5586
5587
5588
5588
5588
5589
5589
5590
5591
5591
5592
5593
5593
5593
5594
5595
5596
5598
5600
5600
5602
5603
5604
5604
5604
5606
5606
5607
5607
5609
5610
5612
5613
5614
5614
5617
5622
5625
5626
5628
5628
5630
5631
5631
5631
5636
5637
5637
5638
5640
5642
5643
5644
5644
5645
5646
5646
5647
5647
5649
5649
5649
5651
5652
5652
5655
5659
5659
5659
5661
5661
5661
5662
5663
5663
5668
5668
5668
5668
5670
5670
5672
5672
5672
5673
5673
5674
5675
5675
5675
5675
5676
5676
5676
5677
5677
5678
5678
5679
5680
5680
5684
5686
5687
5688
5688
5689
5690
5692
5694
5694
5694
5695
5695
5695
5695
5697
5697
5700
5700
5702
5702
5703
5704
5705
5706
5707
5707
5707
5708
5709
5710
5711
5712
5712
5715
5717
5719
5719
5719
5720
5721
5721
5726
5727
5727
5728
5729
5731
5734
5739
5739
5740
5741
5744
5744
5745
5746
5747
5749
5749
5749
5749
5750
5753
5753
5755
5756
5758
5758
5758
5760
5762
5764
5765
5766
5767
5767
5768
5769
5769
5770
5771
5772
5773
5776
5776
5777
5778
5779
5780
5780
5781
5781
5782
5784
5787
5787
5788
5789
5791
5791
5791
5791
5793
5793
5793
5797
5800
5801
5802
5805
5807
5807
5807
5808
5809
5812
5815
5815
5815
5816
5816
5816
5817
5817
5818
5822
5824
5827
5827
5827
5828
5828
5829
5830
5830
5830
5832
5832
5833
5834
5835
5835
5835
5836
5837
5838
5839
5839
5839
5841
5841
5841
5843
5844
5845
5845
5845
5846
5847
5847
5848
5849
5850
5850
5853
5857
5858
5861
5861
5861
5861
5863
5864
5864
5864
5864
5866
5866
5867
5867
5870
5871
5872
5872
5873
5874
5877
5878
5879
5881
5885
5887
5887
5888
5892
5893
5894
5896
5896
5896
5896
5897
5898
5898
5900
5901
5902
5904
5904
5906
5906
5908
5909
5909
5911
5912
5912
5912
5913
5914
5916
5917
5918
5918
5918
5919
5920
5921
5922
5922
5922
5922
5922
5923
5923
5924
5925
5925
5927
5928
5928
5928
5930
5930
5931
5934
5936
5940
5941
5948
5949
5950
5952
5954
5954
5954
5955
5956
5957
5958
5958
5959
5960
5961
5962
5962
5962
5962
5962
5964
5965
5965
5967
5967
5967
5969
5969
5972
5972
5972
5973
5973
5976
5976
5978
5979
5979
5982
5982
5983
5983
5984
5984
5985
5987
5988
5988
5989
5989
5993
5996
6000
6001
6001
6002
6002
6003
6003
6003
6004
6005
6007
6008
6009
6009
6010
6010
6011
6012
6015
6015
6015
6015
6016
6019
6019
6021
6021
6021
6022
6023
6025
6026
6027
6027
6030
6031
6032
6032
6033
6034
6035
6035
6036
6036
6037
6037
6037
6038
6038
6039
6042
6042
6043
6043
6044
6044
6045
6045
6045
6046
6047
6047
6049
6049
6051
6051
6051
6054
6054
6055
6058
6058
6059
6060
6061
6061
6061
6063
6063
6063
6064
6066
6066
6067
6067
6070
6070
6071
6073
6073
6074
6077
6078
6079
6079
6080
6081
6082
6085
6086
6086
6086
6087
6087
6087
6088
6088
6088
6089
6091
6091
6092
6092
6093
6094
6094
6095
6095
6096
6096
6099
6101
6102
6102
6104
6104
6105
6106
6106
6107
6107
6109
6109
6110
6112
6114
6116
6117
6119
6120
6122
6122
6123
6125
6126
6127
6127
6129
6129
6129
6132
6134
6134
6136
6136
6137
6138
6138
6138
6140
6143
6143
6144
6145
6146
6146
6147
6147
6148
6149
6149
6149
6150
6153
6153
6155
6155
6159
6159
6159
6160
6161
6161
6161
6163
6163
6165
6166
6171
6171
6173
6174
6175
6176
6176
6177
6177
6178
6180
6182
6183
6183
6185
6186
6187
6188
6189
6189
6190
6190
6191
6192
6193
6193
6195
6198
6198
6198
6199
6201
6204
6206
6209
6209
6212
6213
6213
6214
6217
6219
6220
6221
6221
6222
6222
6222
6223
6224
6224
6226
6226
6227
6228
6228
6228
6230
6230
6231
6231
6231
6234
6235
6238
6239
6239
6239
6240
6240
6241
6242
6245
6246
6247
6248
6248
6248
6248
6248
6249
6251
6252
6252
6254
6255
6255
6257
6259
6261
6262
6262
6263
6264
6264
6268
6268
6271
6272
6272
6274
6275
6276
6276
6277
6279
6280
6285
6285
6286
6286
6290
6291
6292
6292
6293
6293
6294
6294
6294
6295
6295
6297
6298
6298
6299
6300
6300
6300
6301
6301
6303
6305
6306
6306
6307
6307
6308
6309
6310
6310
6311
6311
6312
6314
6315
6316
6317
6318
6320
6322
6324
6325
6326
6326
6326
6327
6328
6328
6329
6329
6332
6332
6334
6335
6338
6338
6339
6340
6342
6342
6343
6344
6344
6345
6345
6347
6347
6347
6348
6349
6349
6349
6354
6354
6355
6355
6356
6357
6358
6358
6358
6359
6359
6360
6361
6363
6365
6365
6366
6367
6370
6370
6371
6373
6376
6377
6378
6380
6380
6381
6382
6382
6383
6384
6386
6388
6388
6389
6390
6390
6391
6391
6392
6395
6395
6395
6396
6396
6397
6398
6401
6401
6401
6402
6402
6402
6402
6403
6404
6404
6407
6407
6408
6408
6410
6410
6411
6411
6411
6412
6412
6415
6416
6418
6418
6419
6419
6420
6421
6422
6423
6423
6424
6424
6431
6434
6434
6435
6436
6436
6437
6437
6441
6445
6445
6448
6448
6451
6452
6455
6455
6456
6457
6458
6459
6459
6460
6462
6463
6465
6466
6466
6467
6467
6467
6469
6469
6470
6470
6473
6473
6478
6478
6482
6482
6484
6488
6488
6489
6490
6490
6492
6492
6492
6492
6493
6494
6495
6496
6497
6497
6498
6501
6501
6502
6502
6502
6502
6503
6503
6504
6504
6506
6509
6509
6510
6511
6516
6517
6517
6519
6520
6521
6522
6522
6522
6523
6526
6529
6529
6531
6531
6532
6533
6534
6534
6534
6534
6534
6536
6537
6537
6539
6539
6541
6543
6543
6543
6544
6547
6548
6549
6549
6551
6551
6552
6554
6555
6557
6558
6559
6559
6560
6561
6561
6564
6565
6566
6567
6568
6570
6570
6571
6574
6575
6575
6575
6576
6577
6577
6578
6579
6579
6579
6580
6580
6581
6581
6582
6583
6585
6585
6589
6591
6591
6592
6592
6593
6593
6594
6594
6596
6596
6597
6598
6599
6601
6601
6604
6606
6606
6608
6608
6609
6610
6610
6610
6612
6614
6615
6617
6617
6619
6620
6622
6623
6624
6624
6624
6624
6626
6627
6627
6628
6630
6630
6632
6636
6636
6636
6637
6637
6638
6638
6640
6640
6643
6643
6643
6643
6644
6647
6647
6647
6648
6649
6650
6651
6651
6651
6652
6652
6653
6653
6654
6655
6655
6655
6660
6661
6665
6665
6666
6667
6667
6667
6668
6669
6671
6672
6673
6674
6677
6681
6682
6683
6683
6684
6685
6686
6686
6686
6687
6688
6689
6689
6691
6691
6695
6696
6696
6696
6696
6697
6697
6699
6701
6702
6704
6706
6707
6708
6709
6713
6714
6714
6715
6718
6720
6720
6722
6722
6723
6724
6726
6726
6727
6728
6729
6730
6730
6730
6730
6731
6734
6735
6737
6738
6742
6744
6745
6746
6747
6748
6749
6749
6750
6752
6754
6755
6756
6757
6757
6758
6759
6762
6763
6764
6764
6766
6769
6771
6772
6772
6773
6773
6775
6775
6775
6775
6776
6777
6778
6778
6783
6785
6786
6786
6786
6790
6793
6795
6796
6797
6797
6797
6801
6802
6802
6805
6806
6806
6807
6808
6808
6809
6810
6810
6811
6811
6813
6815
6815
6816
6817
6820
6820
6821
6822
6822
6823
6823
6824
6824
6824
6824
6825
6825
6826
6826
6826
6827
6828
6830
6831
6832
6834
6835
6835
6836
6839
6840
6840
6841
6842
6842
6843
6844
6845
6846
6848
6849
6851
6852
6853
6856
6856
6859
6861
6862
6863
6863
6865
6866
6868
6869
6871
6872
6872
6873
6873
6874
6875
6875
6876
6877
6878
6879
6881
6882
6882
6883
6883
6884
6885
6886
6888
6890
6891
6892
6894
6894
6896
6897
6897
6900
6901
6902
6902
6903
6904
6904
6907
6908
6908
6912
6912
6913
6913
6913
6914
6914
6915
6915
6915
6917
6920
6920
6920
6922
6923
6924
6926
6927
6927
6931
6932
6932
6933
6933
6933
6934
6934
6934
6934
6934
6938
6940
6941
6941
6943
6944
6944
6944
6947
6948
6949
6949
6949
6950
6950
6950
6951
6952
6953
6953
6954
6955
6955
6955
6956
6956
6958
6958
6959
6960
6960
6961
6964
6964
6965
6965
6965
6966
6967
6968
6969
6970
6970
6971
6971
6973
6973
6977
6977
6978
6978
6980
6981
6982
6984
6985
6986
6987
6987
6989
6989
6989
6992
6993
6994
6994
6995
6996
6997
6998
6998
7000
7001
7004
7005
7007
7008
7009
7010
7010
7010
7012
7014
7014
7018
7019
7019
7019
7023
7024
7025
7025
7026
7026
7027
7027
7029
7030
7031
7031
7032
7033
7033
7039
7040
7041
7042
7043
7044
7044
7050
7051
7052
7052
7052
7053
7053
7055
7055
7056
7057
7057
7059
7060
7061
7062
7063
7064
7064
7065
7066
7067
7068
7068
7068
7069
7070
7070
7070
7071
7071
7073
7074
7076
7078
7078
7078
7079
7080
7082
7083
7083
7083
7083
7083
7084
7086
7087
7088
7092
7093
7093
7094
7094
7095
7096
7097
7101
7102
7102
7104
7105
7106
7107
7107
7108
7109
7109
7111
7111
7113
7113
7113
7113
7114
7114
7115
7115
7115
7116
7116
7119
7119
7119
7121
7122
7122
7122
7122
7125
7125
7126
7126
7127
7128
7129
7130
7130
7134
7136
7138
7138
7141
7141
7141
7142
7146
7148
7151
7152
7153
7154
7154
7155
7156
7157
7158
7158
7163
7164
7165
7167
7168
7169
7172
7172
7173
7175
7177
7179
7184
7184
7185
7186
7187
7187
7187
7188
7189
7190
7193
7195
7196
7196
7197
7200
7203
7204
7205
7207
7207
7207
7209
7209
7210
7210
7210
7211
7211
7211
7211
7212
7212
7212
7212
7214
7215
7216
7219
7220
7221
7222
7224
7227
7228
7229
7229
7232
7233
7234
7234
7235
7235
7236
7237
7237
7237
7241
7242
7245
7246
7246
7250
7252
7253
7254
7256
7257
7257
7258
7258
7259
7260
7262
7262
7263
7263
7263
7265
7269
7270
7272
7274
7274
7274
7279
7279
7281
7284
7285
7285
7289
7290
7290
7291
7292
7295
7295
7296
7296
7296
7297
7297
7303
7304
7305
7306
7306
7306
7311
7312
7312
7313
7316
7316
7316
7318
7318
7319
7320
7321
7322
7324
7325
7325
7326
7326
7327
7327
7328
7330
7331
7333
7333
7333
7336
7338
7339
7339
7339
7339
7342
7342
7343
7343
7343
7344
7345
7345
7346
7347
7348
7348
7348
7349
7349
7350
7350
7351
7351
7354
7355
7356
7358
7358
7358
7359
7363
7367
7368
7370
7373
7373
7374
7374
7375
7376
7376
7377
7377
7379
7379
7383
7384
7385
7386
7386
7387
7389
7389
7391
7391
7392
7393
7395
7396
7398
7400
7401
7401
7403
7403
7405
7405
7407
7408
7408
7408
7409
7409
7410
7410
7411
7412
7415
7417
7417
7418
7419
7419
7419
7420
7421
7422
7422
7424
7425
7426
7426
7427
7427
7428
7428
7430
7432
7433
7434
7434
7434
7434
7435
7436
7440
7440
7442
7443
7445
7447
7449
7450
7451
7452
7457
7457
7458
7458
7459
7460
7460
7461
7462
7465
7466
7467
7469
7469
7469
7470
7471
7473
7473
7474
7475
7477
7478
7479
7479
7479
7480
7481
7482
7483
7483
7484
7484
7487
7489
7489
7489
7489
7489
7490
7490
7492
7492
7493
7493
7493
7494
7494
7494
7497
7498
7501
7502
7502
7502
7503
7504
7505
7506
7507
7507
7508
7511
7511
7516
7517
7517
7519
7523
7523
7524
7524
7526
7527
7527
7527
7528
7529
7532
7533
7533
7533
7534
7535
7535
7536
7536
7536
7537
7537
7538
7542
7544
7545
7545
7546
7546
7547
7547
7547
7548
7548
7549
7549
7549
7551
7551
7551
7551
7553
7553
7554
7556
7556
7557
7557
7558
7560
7563
7563
7563
7563
7564
7565
7565
7566
7570
7572
7572
7573
7574
7574
7574
7574
7575
7576
7576
7577
7577
7577
7579
7579
7579
7580
7583
7583
7583
7586
7587
7587
7588
7589
7590
7591
7591
7591
7592
7594
7595
7597
7597
7600
7600
7601
7601
7602
7605
7606
7607
7608
7608
7608
7609
7610
7611
7615
7617
7620
7621
7623
7623
7624
7625
7627
7627
7629
7630
7631
7631
7631
7632
7633
7633
7635
7637
7637
7638
7639
7641
7641
7646
7646
7648
7650
7651
7652
7655
7655
7656
7657
7657
7658
7659
7660
7662
7663
7663
7666
7666
7667
7668
7670
7672
7677
7678
7678
7682
7686
7687
7688
7690
7690
7690
7691
7692
7693
7694
7696
7696
7698
7698
7700
7700
7702
7703
7705
7707
7707
7707
7708
7709
7710
7711
7711
7712
7712
7715
7715
7716
7716
7717
7717
7718
7718
7720
7720
7722
7724
7724
7724
7725
7725
7726
7728
7728
7728
7732
7733
7734
7735
7736
7737
7738
7738
7739
7740
7742
7743
7744
7744
7745
7745
7745
7745
7747
7747
7749
7750
7751
7752
7753
7753
7754
7754
7755
7757
7757
7758
7758
7758
7759
7759
7760
7761
7762
7765
7766
7766
7766
7768
7769
7770
7770
7771
7772
7773
7774
7775
7775
7775
7776
7777
7777
7778
7781
7781
7782
7784
7786
7786
7789
7789
7792
7793
7793
7796
7799
7799
7800
7801
7801
7802
7802
7802
7803
7803
7806
7806
7807
7808
7809
7809
7811
7812
7815
7816
7816
7817
7818
7818
7819
7823
7824
7824
7825
7826
7826
7826
7833
7834
7834
7835
7837
7838
7839
7840
7841
7846
7848
7848
7849
7850
7850
7852
7852
7856
7856
7857
7857
7857
7859
7860
7861
7862
7862
7864
7867
7869
7871
7871
7874
7874
7875
7876
7878
7878
7879
7879
7884
7885
7886
7889
7889
7890
7892
7893
7893
7894
7895
7895
7896
7896
7897
7898
7902
7905
7905
7908
7909
7910
7910
7911
7911
7912
7913
7915
7916
7916
7916
7917
7917
7917
7918
7919
7920
7923
7925
7925
7926
7927
7930
7931
7932
7932
7934
7935
7936
7936
7937
7939
7940
7941
7944
7944
7946
7946
7948
7949
7949
7950
7951
7955
7955
7955
7956
7956
7957
7960
7961
7963
7964
7968
7969
7969
7970
7970
7970
7971
7973
7975
7976
7979
7979
7983
7984
7985
7986
7991
7993
7994
7995
7995
7995
7995
7996
7996
7996
7997
7997
7998
7999
8000
8000
8004
8005
8007
8008
8009
8010
8012
8012
8013
8013
8016
8016
8017
8019
8019
8021
8021
8021
8022
8022
8022
8023
8024
8024
8026
8026
8026
8030
8032
8034
8034
8035
8038
8038
8039
8041
8041
8042
8043
8044
8045
8045
8047
8047
8047
8048
8048
8049
8050
8051
8051
8051
8054
8055
8057
8057
8058
8059
8060
8061
8063
8063
8064
8066
8068
8069
8069
8070
8072
8075
8078
8079
8079
8080
8081
8082
8083
8084
8085
8085
8086
8087
8087
8088
8088
8089
8092
8093
8093
8093
8093
8093
8094
8095
8096
8097
8097
8098
8098
8098
8098
8098
8099
8099
8100
8101
8103
8103
8104
8106
8107
8109
8109
8109
8110
8110
8110
8111
8111
8111
8112
8112
8112
8113
8115
8117
8117
8117
8118
8118
8119
8120
8120
8121
8121
8123
8127
8127
8127
8127
8130
8130
8133
8133
8134
8136
8137
8137
8139
8140
8140
8144
8145
8145
8145
8146
8146
8147
8147
8151
8151
8153
8153
8154
8155
8157
8157
8158
8159
8160
8160
8160
8162
8162
8162
8162
8164
8164
8165
8166
8167
8171
8172
8172
8172
8173
8176
8176
8176
8177
8177
8178
8178
8181
8181
8183
8184
8184
8184
8185
8185
8186
8187
8187
8192
8194
8195
8198
8199
8199
8200
8201
8206
8206
8206
8206
8206
8207
8207
8208
8208
8208
8210
8210
8210
8212
8216
8217
8218
8219
8220
8221
8223
8223
8223
8224
8225
8226
8226
8227
8227
8228
8231
8231
8233
8235
8236
8236
8236
8236
8237
8239
8239
8240
8241
8242
8243
8244
8244
8248
8251
8251
8253
8253
8256
8258
8259
8259
8259
8260
8261
8263
8264
8265
8270
8270
8270
8271
8274
8274
8275
8275
8276
8277
8277
8279
8282
8283
8287
8288
8290
8293
8294
8294
8295
8295
8295
8295
8296
8297
8297
8297
8298
8298
8298
8299
8299
8300
8301
8302
8302
8302
8305
8306
8306
8307
8309
8310
8312
8312
8313
8314
8314
8315
8317
8317
8317
8318
8320
8321
8323
8323
8325
8325
8329
8329
8332
8333
8333
8333
8334
8339
8339
8343
8344
8344
8345
8348
8348
8349
8349
8350
8350
8352
8352
8353
8353
8353
8354
8354
8355
8358
8359
8360
8361
8361
8362
8362
8362
8363
8363
8366
8366
8367
8369
8371
8371
8372
8373
8373
8373
8373
8374
8375
8381
8382
8382
8383
8385
8388
8391
8391
8392
8392
8392
8394
8396
8396
8398
8399
8400
8402
8403
8403
8403
8406
8407
8409
8410
8411
8412
8413
8416
8416
8417
8418
8419
8420
8420
8421
8422
8428
8429
8432
8433
8433
8434
8434
8435
8435
8435
8436
8436
8437
8438
8439
8440
8441
8442
8442
8442
8443
8443
8445
8447
8449
8451
8452
8452
8452
8452
8452
8455
8456
8457
8458
8459
8459
8460
8460
8464
8464
8464
8465
8468
8468
8468
8469
8470
8470
8470
8471
8471
8472
8473
8474
8478
8478
8480
8481
8481
8482
8482
8482
8486
8488
8488
8489
8490
8490
8491
8491
8491
8492
8492
8494
8495
8496
8496
8497
8497
8499
8500
8502
8502
8502
8503
8503
8504
8506
8506
8509
8509
8510
8510
8511
8512
8512
8516
8517
8517
8518
8518
8519
8520
8520
8522
8522
8522
8522
8525
8527
8528
8528
8528
8528
8529
8529
8529
8530
8532
8533
8535
8535
8535
8536
8538
8539
8539
8539
8541
8541
8542
8543
8546
8546
8547
8547
8548
8548
8549
8549
8551
8551
8552
8553
8554
8554
8555
8555
8556
8558
8560
8561
8562
8563
8564
8565
8565
8566
8566
8566
8567
8567
8569
8570
8570
8573
8573
8573
8574
8574
8575
8575
8576
8576
8577
8579
8580
8582
8583
8584
8585
8585
8586
8586
8587
8587
8588
8588
8589
8591
8591
8591
8592
8592
8592
8593
8595
8596
8596
8597
8597
8598
8599
8600
8600
8604
8605
8606
8606
8607
8608
8610
8611
8611
8612
8613
8613
8614
8615
8615
8616
8616
8619
8619
8621
8621
8622
8622
8623
8623
8623
8624
8624
8625
8626
8627
8629
8632
8632
8633
8635
8636
8637
8639
8640
8641
8643
8646
8646
8649
8650
8650
8650
8652
8655
8655
8655
8655
8655
8658
8664
8665
8665
8666
8666
8667
8667
8669
8670
8674
8674
8674
8675
8678
8679
8679
8679
8681
8682
8682
8685
8686
8690
8691
8692
8694
8697
8698
8700
8703
8705
8706
8706
8706
8707
8708
8708
8708
8709
8709
8710
8711
8711
8712
8712
8713
8715
8715
8715
8718
8719
8721
8722
8722
8723
8723
8723
8726
8728
8729
8729
8730
8730
8731
8732
8733
8734
8735
8736
8738
8738
8742
8742
8743
8743
8746
8747
8748
8751
8752
8753
8755
8756
8757
8759
8762
8763
8763
8764
8765
8765
8765
8766
8766
8766
8766
8767
8768
8768
8768
8768
8769
8770
8772
8772
8776
8777
8777
8778
8778
8780
8781
8785
8785
8785
8786
8787
8788
8789
8789
8791
8792
8793
8795
8797
8797
8798
8800
8800
8801
8802
8803
8803
8806
8809
8809
8812
8815
8817
8819
8819
8820
8821
8823
8823
8824
8825
8825
8826
8827
8828
8828
8830
8830
8831
8832
8832
8832
8833
8835
8835
8835
8838
8838
8838
8839
8839
8839
8842
8843
8843
8846
8847
8847
8850
8850
8852
8852
8852
8853
8853
8854
8856
8857
8858
8858
8859
8861
8861
8862
8864
8864
8864
8866
8866
8866
8867
8869
8869
8870
8871
8871
8872
8873
8873
8875
8877
8877
8878
8878
8878
8880
8881
8881
8881
8882
8884
8885
8885
8886
8889
8890
8890
8890
8891
8891
8892
8892
8894
8895
8895
8895
8896
8896
8897
8899
8899
8901
8902
8904
8905
8908
8911
8912
8912
8913
8917
8918
8918
8918
8919
8919
8920
8921
8921
8922
8922
8922
8923
8923
8924
8926
8929
8930
8930
8931
8932
8932
8932
8935
8936
8939
8940
8941
8942
8943
8945
8945
8948
8949
8951
8954
8955
8955
8956
8957
8958
8960
8964
8964
8965
8965
8967
8967
8967
8972
8972
8972
8973
8973
8973
8978
8978
8978
8979
8979
8979
8979
8980
8980
8980
8981
8981
8982
8983
8983
8984
8987
8988
8989
8989
8990
8990
8992
8992
8993
8993
8995
8996
8996
8997
8997
8998
8998
8999
8999
8999
9000
9000
9001
9001
9005
9009
9009
9009
9009
9013
9013
9015
9015
9015
9016
9016
9018
9018
9018
9020
9021
9022
9023
9023
9023
9029
9029
9030
9030
9030
9031
9032
9034
9035
9036
9039
9039
9039
9042
9043
9044
9046
9048
9051
9051
9052
9052
9054
9054
9055
9056
9056
9056
9057
9058
9058
9058
9060
9061
9062
9064
9065
9066
9066
9068
9068
9069
9071
9075
9077
9077
9078
9079
9079
9080
9080
9082
9083
9084
9086
9088
9088
9089
9090
9092
9092
9092
9093
9096
9096
9097
9097
9098
9101
9101
9101
9102
9103
9104
9105
9107
9107
9109
9109
9109
9110
9111
9112
9112
9112
9113
9115
9117
9117
9117
9118
9120
9121
9121
9123
9123
9124
9125
9126
9127
9128
9129
9129
9131
9134
9134
9134
9136
9136
9139
9139
9139
9140
9140
9141
9141
9141
9144
9145
9145
9145
9147
9149
9150
9153
9153
9154
9155
9156
9157
9159
9159
9159
9159
9161
9161
9161
9164
9165
9168
9169
9171
9173
9174
9175
9175
9176
9176
9179
9180
9185
9186
9188
9190
9190
9190
9191
9193
9194
9194
9195
9196
9196
9196
9197
9198
9200
9201
9201
9202
9202
9204
9205
9206
9207
9208
9210
9210
9212
9216
9216
9217
9218
9220
9221
9223
9224
9226
9228
9228
9231
9231
9231
9235
9237
9238
9239
9240
9242
9244
9244
9248
9249
9250
9251
9255
9255
9256
9256
9257
9257
9258
9258
9259
9264
9264
9269
9272
9273
9274
9274
9275
9275
9276
9277
9277
9278
9278
9281
9282
9282
9282
9283
9284
9285
9287
9288
9288
9288
9290
9290
9291
9291
9291
9292
9293
9293
9294
9296
9297
9298
9299
9299
9301
9302
9304
9305
9305
9305
9306
9306
9307
9308
9310
9310
9312
9315
9315
9316
9316
9317
9318
9318
9319
9321
9322
9322
9323
9325
9326
9328
9328
9328
9329
9333
9335
9337
9337
9338
9338
9339
9343
9343
9343
9344
9345
9345
9346
9346
9347
9349
9352
9354
9354
9354
9355
9355
9356
9357
9358
9360
9360
9360
9362
9362
9363
9364
9364
9367
9367
9368
9371
9371
9373
9374
9374
9376
9376
9377
9378
9379
9379
9380
9380
9381
9381
9382
9383
9383
9383
9384
9384
9386
9387
9388
9389
9391
9391
9392
9393
9395
9396
9399
9400
9400
9401
9402
9402
9403
9406
9407
9408
9409
9410
9410
9412
9413
9413
9414
9416
9418
9419
9419
9420
9422
9423
9424
9425
9427
9429
9430
9430
9434
9436
9436
9437
9439
9440
9440
9440
9440
9442
9444
9445
9446
9446
9447
9447
9448
9448
9448
9449
9451
9451
9453
9454
9456
9457
9459
9460
9462
9463
9464
9465
9466
9467
9467
9467
9467
9467
9468
9468
9470
9470
9471
9475
9477
9480
9481
9481
9481
9481
9481
9481
9483
9483
9485
9487
9488
9488
9488
9489
9490
9492
9492
9493
9494
9494
9494
9495
9495
9495
9496
9496
9497
9498
9499
9499
9499
9500
9500
9500
9501
9501
9502
9502
9503
9504
9504
9505
9506
9506
9508
9509
9509
9510
9510
9511
9512
9513
9514
9516
9517
9517
9518
9520
9521
9522
9522
9523
9525
9526
9526
9527
9529
9531
9532
9533
9533
9533
9533
9534
9534
9536
9537
9537
9539
9540
9541
9545
9545
9546
9547
9547
9549
9550
9551
9551
9553
9555
9555
9556
9556
9557
9557
9558
9558
9560
9561
9562
9562
9565
9566
9566
9567
9570
9572
9572
9574
9574
9577
9577
9578
9578
9578
9580
9580
9581
9582
9583
9585
9585
9585
9586
9587
9587
9587
9589
9589
9591
9592
9593
9593
9593
9593
9594
9595
9595
9595
9597
9597
9600
9601
9601
9602
9603
9604
9605
9606
9607
9608
9609
9609
9609
9610
9611
9612
9612
9612
9613
9613
9613
9613
9614
9614
9615
9616
9617
9619
9620
9621
9625
9625
9627
9627
9627
9627
9629
9632
9633
9635
9636
9637
9639
9640
9641
9642
9643
9644
9645
9647
9649
9650
9652
9653
9653
9654
9657
9657
9657
9659
9659
9659
9659
9659
9659
9660
9663
9663
9664
9664
9664
9664
9666
9667
9667
9668
9668
9668
9669
9671
9674
9674
9675
9678
9680
9682
9682
9682
9684
9685
9685
9685
9686
9687
9688
9690
9691
9693
9694
9695
9696
9697
9698
9699
9700
9700
9701
9701
9701
9703
9707
9708
9709
9711
9711
9712
9713
9714
9714
9716
9716
9716
9716
9719
9722
9722
9724
9725
9728
9728
9728
9728
9729
9730
9732
9734
9737
9738
9739
9742
9744
9745
9746
9747
9748
9748
9749
9749
9749
9751
9751
9751
9754
9755
9756
9757
9758
9758
9759
9761
9762
9763
9764
9765
9765
9769
9770
9771
9772
9774
9775
9776
9778
9779
9779
9782
9783
9784
9787
9789
9789
9789
9790
9790
9790
9791
9793
9794
9794
9794
9795
9795
9796
9797
9797
9798
9799
9799
9802
9802
9804
9804
9804
9805
9807
9808
9809
9811
9811
9816
9816
9818
9818
9820
9822
9825
9826
9828
9830
9830
9832
9835
9835
9837
9838
9838
9840
9841
9841
9843
9843
9846
9846
9846
9846
9847
9847
9848
9848
9849
9851
9852
9853
9853
9857
9859
9859
9859
9860
9861
9861
9861
9862
9862
9864
9864
9864
9866
9867
9868
9874
9877
9877
9878
9881
9885
9885
9886
9886
9887
9887
9888
9889
9889
9890
9891
9893
9894
9894
9895
9895
9895
9897
9897
9897
9901
9902
9902
9902
9903
9904
9904
9905
9905
9907
9911
9911
9912
9913
9915
9915
9917
9917
9918
9918
9918
9919
9919
9919
9920
9921
9922
9923
9923
9923
9925
9926
9928
9928
9930
9932
9934
9935
9936
9939
9940
9940
9941
9941
9944
9946
9947
9948
9949
9950
9951
9956
9956
9956
9957
9957
9957
9961
9962
9965
9965
9966
9966
9967
9969
9970
9971
9972
9972
9973
9974
9974
9975
9975
9976
9980
9981
9981
9981
9983
9983
9985
9989
9991
9991
9991
9991
9993
9994
9994
9996
