1
1
2
3
4
7
10
10
10
12
12
14
14
14
14
14
16
16
16
16
20
21
21
23
24
27
28
28
28
28
29
29
30
31
32
32
34
36
37
38
40
40
42
42
42
44
45
48
50
50
51
52
52
52
55
56
56
57
58
58
59
60
61
62
62
62
65
67
68
68
68
69
70
71
74
76
76
77
77
78
80
80
82
83
85
85
88
88
88
89
91
92
93
96
96
99
103
103
104
104
105
105
106
109
110
110
110
110
110
111
113
113
113
115
116
118
119
122
123
127
127
128
130
132
132
132
134
135
135
135
136
137
138
140
144
146
147
149
149
150
151
151
153
155
155
156
158
160
161
163
164
164
165
165
165
167
168
171
174
175
175
176
179
179
180
181
182
185
186
188
188
190
191
192
194
194
195
196
196
196
202
204
205
205
206
206
206
208
208
209
213
216
216
217
217
217
218
219
219
222
225
226
226
228
228
231
233
235
236
237
239
239
240
241
243
244
245
245
245
246
247
251
252
253
254
256
257
259
259
259
261
262
262
262
263
263
264
264
265
265
266
269
270
272
272
273
274
274
275
275
276
276
276
278
278
279
285
288
289
290
290
291
291
295
298
298
299
301
301
301
301
302
303
303
303
304
306
306
307
307
310
311
311
312
315
318
319
320
322
322
323
325
325
325
325
326
326
328
329
332
333
334
335
336
336
337
337
339
340
341
342
342
342
342
347
352
354
354
359
360
361
361
361
362
365
366
367
371
371
372
372
374
378
378
379
380
382
383
384
385
386
386
386
387
387
390
392
392
392
393
394
394
395
395
396
396
398
398
399
400
400
401
401
402
403
403
405
406
406
406
410
410
413
413
415
418
418
418
420
421
423
423
425
426
426
427
429
430
430
430
430
431
431
433
434
434
435
435
438
441
441
442
443
444
445
445
448
448
451
451
451
452
452
453
453
453
453
455
455
456
457
458
460
462
463
465
465
467
468
469
471
471
472
474
477
479
480
481
482
485
485
487
489
490
490
492
493
494
496
498
498
500
500
501
503
508
509
509
510
511
513
514
514
514
515
515
516
517
519
520
520
521
522
523
524
526
526
527
527
531
532
534
534
535
538
539
539
541
541
543
543
544
544
545
546
548
548
549
549
550
552
552
555
555
558
558
559
559
560
561
561
561
562
563
564
564
564
564
564
566
567
568
568
568
569
570
570
572
572
573
574
574
575
576
579
580
580
582
582
583
585
586
586
587
587
588
589
591
593
593
597
597
600
602
604
605
607
607
608
608
609
612
617
618
618
620
621
621
622
622
622
623
624
625
626
626
628
628
628
630
631
631
631
632
632
634
635
635
636
636
638
638
639
640
641
642
642
643
644
644
645
646
647
647
648
649
650
657
657
660
660
662
662
663
663
663
666
668
669
669
670
670
670
670
672
673
674
677
677
680
681
681
684
684
685
687
687
687
687
687
688
688
692
693
693
693
694
695
695
700
701
702
702
702
703
705
706
706
707
707
708
710
711
712
713
714
715
716
717
718
718
720
721
722
722
722
723
726
726
727
728
728
729
729
729
731
731
733
736
737
740
741
742
745
747
748
748
748
749
750
750
751
752
752
753
754
755
756
759
759
760
760
761
761
761
765
765
766
767
767
767
768
768
769
771
772
772
773
774
774
777
777
778
780
780
781
783
786
787
787
788
788
789
790
791
792
794
797
797
798
798
799
801
801
803
803
804
804
804
804
805
806
808
808
809
809
809
810
810
811
811
812
813
814
814
815
816
816
816
817
819
819
822
823
823
825
827
828
828
830
830
832
833
835
836
836
836
836
840
841
842
842
843
843
843
844
844
844
846
846
846
847
847
848
848
849
852
852
853
854
855
857
858
859
859
860
861
864
865
866
867
867
867
868
868
869
870
871
872
872
874
874
874
875
877
878
882
884
887
888
888
890
894
895
895
897
897
898
899
900
901
902
902
902
902
903
903
904
905
905
905
907
907
908
908
909
910
913
915
916
916
916
916
916
917
919
920
922
922
923
924
925
928
928
928
929
930
930
931
933
933
933
935
935
937
939
939
940
941
942
944
944
944
944
946
948
948
948
951
951
952
952
953
954
955
956
956
957
959
962
962
963
964
965
966
967
969
971
971
974
974
974
979
981
981
983
985
985
985
985
985
986
988
988
990
991
993
995
997
997
998
998
999
1000
1001
1002
1002
1002
1003
1003
1003
1003
1004
1004
1005
1006
1007
1008
1008
1009
1009
1010
1010
1013
1013
1015
1015
1016
1016
1017
1017
1020
1022
1024
1024
1024
1026
1026
1026
1026
1027
1028
1028
1028
1029
1029
1029
1029
1031
1032
1032
1033
1035
1035
1037
1039
1039
1039
1040
1042
1043
1043
1044
1045
1045
1047
1048
1050
1050
1051
1054
1054
1057
1057
1059
1059
1060
1062
1062
1063
1063
1064
1068
1068
1069
1069
1070
1072
1075
1075
1077
1078
1083
1086
1086
1089
1089
1090
1091
1092
1092
1092
1092
1093
1094
1094
1094
1094
1095
1100
1100
1102
1103
1103
1104
1104
1105
1106
1106
1106
1107
1107
1107
1108
1109
1111
1111
1113
1113
1115
1116
1116
1116
1119
1123
1123
1123
1124
1124
1125
1125
1126
1127
1128
1128
1129
1130
1130
1131
1132
1132
1135
1135
1136
1138
1138
1139
1140
1140
1142
1146
1147
1150
1150
1154
1154
1155
1156
1158
1159
1159
1160
1163
1163
1167
1167
1168
1168
1170
1170
1173
1173
1174
1174
1175
1175
1179
1182
1182
1182
1184
1184
1184
1184
1186
1186
1187
1187
1187
1188
1189
1190
1193
1194
1194
1195
1196
1197
1197
1198
1198
1198
1199
1200
1201
1204
1204
1206
1206
1207
1208
1208
1209
1209
1210
1210
1211
1212
1213
1214
1215
1217
1218
1220
1222
1223
1225
1225
1225
1226
1227
1228
1228
1229
1229
1229
1230
1231
1232
1233
1234
1234
1235
1237
1241
1241
1242
1243
1245
1246
1247
1248
1249
1250
1252
1252
1252
1255
1256
1258
1258
1258
1259
1259
1259
1259
1262
1263
1263
1265
1266
1266
1267
1267
1267
1267
1268
1268
1271
1272
1276
1276
1278
1279
1280
1281
1281
1282
1285
1285
1285
1286
1286
1286
1287
1290
1290
1292
1292
1292
1294
1295
1297
1299
1305
1307
1307
1308
1312
1313
1313
1316
1316
1316
1318
1318
1318
1321
1322
1325
1326
1326
1330
1330
1331
1332
1333
1333
1334
1334
1334
1337
1337
1339
1339
1342
1344
1345
1347
1348
1348
1348
1349
1351
1353
1355
1355
1355
1356
1357
1358
1358
1360
1360
1361
1361
1361
1361
1362
1362
1362
1363
1367
1367
1367
1368
1370
1372
1372
1373
1374
1374
1376
1377
1379
1379
1382
1386
1388
1388
1389
1390
1390
1390
1391
1393
1394
1395
1397
1398
1398
1399
1399
1401
1401
1401
1402
1402
1402
1403
1404
1405
1405
1407
1407
1408
1411
1411
1411
1413
1415
1415
1416
1419
1420
1421
1423
1425
1425
1425
1426
1428
1428
1429
1430
1430
1430
1431
1433
1433
1434
1436
1436
1438
1439
1440
1442
1443
1443
1444
1445
1446
1446
1446
1447
1447
1447
1450
1450
1452
1452
1454
1459
1461
1461
1461
1463
1463
1465
1466
1467
1468
1469
1471
1474
1475
1476
1481
1481
1482
1484
1486
1487
1488
1488
1489
1490
1495
1498
1498
1499
1499
1499
1499
1503
1503
1504
1505
1507
1508
1508
1509
1509
1510
1511
1511
1511
1512
1513
1514
1515
1518
1520
1522
1523
1524
1525
1526
1528
1531
1531
1531
1532
1533
1536
1538
1541
1542
1544
1545
1548
1550
1551
1552
1555
1556
1557
1559
1561
1563
1563
1564
1566
1567
1567
1570
1571
1571
1573
1575
1575
1576
1576
1576
1577
1578
1579
1579
1581
1581
1582
1582
1583
1583
1584
1587
1587
1587
1589
1589
1589
1589
1590
1592
1593
1593
1594
1594
1595
1597
1599
1600
1601
1602
1603
1604
1607
1607
1610
1610
1610
1610
1612
1614
1614
1615
1615
1615
1618
1619
1619
1620
1621
1622
1623
1624
1624
1625
1626
1626
1626
1627
1628
1630
1630
1632
1632
1636
1640
1641
1644
1644
1646
1647
1647
1648
1650
1650
1653
1653
1653
1654
1654
1657
1659
1660
1660
1660
1661
1661
1662
1662
1662
1663
1664
1664
1665
1665
1666
1666
1668
1671
1672
1673
1674
1677
1685
1687
1687
1688
1688
1689
1689
1689
1690
1690
1692
1692
1692
1692
1695
1695
1700
1702
1703
1704
1704
1704
1704
1707
1707
1708
1708
1708
1710
1710
1711
1711
1711
1712
1713
1714
1714
1714
1714
1715
1716
1717
1717
1718
1718
1719
1719
1722
1722
1724
1725
1727
1728
1729
1731
1731
1734
1734
1735
1735
1735
1736
1738
1738
1739
1739
1741
1741
1742
1742
1742
1743
1744
1744
1745
1746
1747
1747
1747
1747
1748
1749
1749
1754
1754
1754
1755
1760
1760
1761
1761
1762
1763
1764
1765
1766
1767
1770
1770
1771
1771
1772
1773
1775
1777
1778
1778
1780
1780
1780
1780
1782
1782
1782
1783
1784
1784
1784
1784
1785
1785
1785
1787
1787
1787
1788
1788
1790
1790
1790
1790
1791
1792
1795
1797
1798
1799
1802
1803
1803
1803
1804
1807
1808
1808
1808
1809
1809
1810
1812
1813
1814
1815
1815
1817
1818
1819
1819
1819
1820
1820
1821
1821
1821
1821
1821
1822
1823
1823
1825
1826
1826
1827
1828
1828
1829
1829
1831
1832
1832
1834
1834
1835
1835
1836
1836
1837
1838
1838
1839
1839
1840
1844
1844
1844
1845
1848
1850
1850
1852
1853
1854
1855
1856
1857
1857
1860
1860
1861
1862
1864
1865
1867
1867
1870
1870
1870
1871
1871
1872
1874
1875
1876
1877
1877
1879
1880
1880
1881
1881
1882
1883
1885
1885
1887
1888
1888
1891
1892
1892
1893
1894
1895
1895
1897
1899
1901
1902
1902
1903
1903
1903
1903
1904
1905
1906
1907
1908
1910
1911
1912
1912
1912
1913
1913
1913
1914
1915
1917
1918
1920
1921
1921
1925
1925
1927
1927
1929
1931
1931
1933
1935
1936
1936
1937
1937
1938
1938
1941
1941
1941
1942
1942
1943
1946
1947
1947
1948
1948
1949
1949
1950
1950
1951
1952
1955
1958
1959
1959
1959
1961
1965
1965
1966
1968
1969
1970
1970
1971
1973
1974
1977
1977
1978
1980
1980
1983
1983
1985
1987
1988
1988
1989
1989
1989
1990
1990
1992
1994
1995
1995
1995
1995
1996
1996
2000
2001
2003
2003
2003
2004
2006
2006
2008
2009
2010
2010
2011
2011
2013
2014
2014
2015
2015
2015
2015
2016
2016
2016
2017
2018
2019
2019
2020
2021
2022
2022
2022
2022
2023
2024
2024
2025
2026
2028
2030
2031
2031
2031
2034
2035
2037
2039
2040
2040
2041
2041
2042
2042
2044
2044
2045
2045
2045
2045
2048
2048
2048
2049
2050
2052
2053
2055
2056
2056
2057
2059
2060
2061
2062
2063
2064
2064
2065
2067
2067
2067
2070
2070
2071
2071
2072
2072
2072
2073
2078
2078
2080
2081
2081
2082
2083
2083
2085
2087
2088
2090
2091
2091
2091
2092
2093
2093
2094
2094
2094
2095
2096
2097
2098
2099
2100
2100
2102
2102
2103
2103
2104
2104
2105
2105
2108
2109
2109
2110
2112
2112
2112
2113
2114
2115
2115
2117
2117
2120
2120
2120
2121
2122
2123
2123
2123
2126
2126
2128
2129
2130
2130
2131
2131
2132
2133
2136
2136
2137
2138
2141
2141
2141
2145
2145
2146
2149
2149
2149
2149
2150
2150
2151
2153
2156
2156
2156
2157
2158
2161
2165
2165
2165
2165
2165
2165
2166
2167
2167
2168
2169
2170
2170
2170
2171
2171
2173
2174
2174
2176
2177
2177
2179
2179
2180
2183
2183
2183
2184
2185
2186
2187
2187
2187
2188
2190
2191
2195
2197
2197
2198
2199
2199
2200
2201
2201
2203
2203
2203
2204
2206
2206
2207
2208
2209
2211
2212
2212
2215
2215
2215
2217
2217
2219
2219
2220
2223
2225
2228
2230
2230
2232
2233
2233
2234
2234
2237
2238
2238
2239
2240
2240
2241
2241
2241
2242
2246
2247
2247
2249
2251
2251
2252
2253
2254
2255
2258
2259
2261
2263
2263
2264
2265
2269
2269
2269
2269
2270
2270
2272
2273
2273
2273
2274
2274
2274
2276
2276
2276
2278
2279
2280
2280
2284
2285
2285
2286
2288
2288
2288
2289
2292
2292
2292
2292
2293
2297
2298
2299
2300
2300
2300
2302
2302
2303
2304
2304
2305
2307
2308
2313
2314
2316
2316
2318
2320
2324
2326
2326
2327
2327
2327
2328
2328
2329
2329
2329
2330
2331
2331
2331
2332
2333
2338
2338
2339
2339
2341
2341
2341
2342
2343
2345
2345
2346
2347
2348
2349
2350
2350
2352
2353
2354
2354
2356
2356
2357
2359
2360
2361
2361
2362
2362
2363
2365
2366
2366
2366
2366
2367
2368
2369
2372
2372
2373
2373
2373
2373
2376
2379
2379
2379
2380
2382
2382
2383
2383
2383
2383
2384
2386
2386
2388
2391
2392
2392
2393
2394
2395
2398
2400
2400
2401
2401
2404
2405
2406
2406
2408
2408
2409
2411
2413
2414
2415
2415
2416
2416
2417
2417
2418
2418
2421
2422
2422
2422
2423
2423
2424
2424
2425
2425
2425
2426
2426
2426
2426
2428
2428
2428
2431
2432
2432
2433
2433
2434
2435
2435
2436
2436
2436
2437
2438
2438
2440
2442
2442
2445
2447
2447
2447
2448
2448
2450
2451
2451
2452
2453
2453
2453
2453
2454
2454
2455
2457
2459
2462
2462
2463
2463
2463
2463
2463
2464
2465
2465
2466
2469
2470
2473
2474
2476
2476
2478
2482
2484
2487
2488
2489
2489
2490
2490
2491
2492
2492
2493
2493
2493
2494
2494
2494
2494
2495
2496
2496
2498
2498
2499
2501
2502
2503
2505
2506
2506
2506
2507
2508
2508
2511
2511
2515
2515
2517
2517
2517
2519
2519
2520
2520
2520
2524
2527
2527
2527
2528
2528
2528
2531
2531
2531
2531
2535
2535
2535
2536
2536
2537
2537
2538
2538
2538
2540
2544
2545
2545
2547
2547
2548
2549
2550
2550
2551
2551
2552
2552
2552
2553
2553
2557
2557
2557
2558
2558
2559
2559
2560
2560
2561
2562
2562
2562
2563
2563
2566
2566
2568
2568
2572
2573
2574
2575
2576
2578
2578
2579
2579
2579
2580
2580
2582
2583
2583
2584
2585
2585
2586
2588
2588
2590
2590
2590
2590
2591
2592
2592
2592
2593
2593
2594
2594
2595
2596
2596
2597
2597
2597
2598
2598
2599
2601
2603
2603
2608
2609
2609
2611
2611
2611
2611
2614
2615
2615
2617
2617
2618
2619
2621
2622
2623
2623
2624
2625
2625
2625
2626
2627
2628
2629
2629
2629
2629
2629
2631
2632
2632
2632
2633
2633
2634
2635
2636
2636
2636
2637
2638
2639
2639
2643
2644
2644
2644
2644
2645
2646
2647
2648
2648
2651
2652
2653
2653
2656
2657
2658
2660
2661
2661
2662
2663
2664
2664
2665
2666
2666
2666
2667
2667
2669
2671
2672
2673
2675
2675
2675
2676
2676
2676
2678
2678
2679
2679
2685
2686
2687
2688
2688
2689
2689
2689
2690
2691
2696
2696
2699
2701
2702
2703
2704
2704
2705
2705
2708
2708
2709
2711
2712
2713
2713
2713
2713
2713
2716
2716
2717
2717
2718
2719
2720
2721
2721
2723
2727
2727
2727
2727
2729
2729
2730
2732
2734
2737
2737
2737
2738
2738
2738
2739
2739
2740
2743
2744
2745
2746
2746
2746
2747
2749
2749
2750
2751
2752
2753
2754
2754
2755
2756
2757
2759
2760
2760
2760
2760
2761
2761
2762
2763
2765
2765
2766
2766
2767
2767
2770
2770
2770
2772
2773
2773
2774
2774
2775
2775
2776
2777
2779
2780
2780
2781
2782
2783
2783
2784
2784
2785
2786
2789
2790
2792
2795
2797
2797
2798
2798
2799
2799
2800
2800
2801
2801
2801
2802
2803
2803
2803
2803
2804
2806
2809
2811
2811
2812
2812
2812
2815
2816
2816
2816
2817
2818
2819
2821
2822
2823
2826
2829
2829
2830
2830
2831
2831
2831
2832
2832
2833
2833
2833
2834
2836
2836
2837
2837
2838
2839
2839
2840
2842
2844
2845
2846
2846
2849
2849
2850
2851
2851
2851
2852
2852
2853
2854
2855
2856
2856
2857
2857
2858
2859
2859
2859
2859
2862
2864
2866
2870
2871
2873
2873
2875
2875
2876
2877
2879
2879
2879
2881
2881
2883
2886
2886
2889
2890
2890
2891
2891
2892
2893
2895
2895
2896
2896
2897
2897
2897
2897
2899
2900
2900
2900
2900
2901
2902
2907
2908
2911
2912
2914
2914
2915
2919
2920
2920
2921
2921
2921
2922
2924
2924
2927
2928
2929
2933
2933
2933
2935
2935
2937
2937
2938
2939
2939
2940
2941
2942
2943
2944
2945
2946
2947
2951
2951
2952
2953
2953
2954
2954
2955
2955
2957
2957
2957
2960
2960
2961
2962
2967
2971
2971
2974
2974
2976
2978
2981
2981
2983
2985
2987
2989
2989
2994
2996
2998
2999
3000
3001
3002
3004
3004
3005
3005
3008
3009
3009
3011
3012
3013
3015
3015
3018
3020
3020
3020
3021
3022
3025
3026
3026
3026
3027
3028
3029
3030
3032
3032
3033
3034
3035
3035
3036
3037
3037
3037
3043
3044
3045
3045
3048
3048
3048
3050
3052
3053
3053
3053
3054
3055
3055
3056
3058
3059
3059
3060
3060
3062
3062
3064
3065
3066
3068
3068
3069
3070
3070
3070
3070
3071
3073
3077
3077
3079
3080
3081
3081
3085
3085
3085
3086
3086
3088
3089
3089
3092
3093
3094
3097
3097
3100
3100
3100
3101
3101
3102
3102
3103
3104
3105
3105
3107
3107
3107
3108
3109
3111
3112
3112
3112
3112
3114
3115
3116
3117
3117
3118
3120
3121
3121
3123
3123
3125
3125
3125
3126
3126
3126
3127
3127
3127
3128
3128
3130
3131
3131
3134
3135
3136
3136
3137
3139
3141
3142
3142
3143
3145
3145
3147
3147
3147
3147
3148
3148
3148
3149
3150
3150
3150
3151
3151
3152
3156
3156
3156
3157
3158
3159
3160
3160
3163
3163
3164
3164
3165
3166
3166
3171
3173
3173
3174
3174
3174
3175
3179
3179
3180
3181
3181
3182
3183
3184
3184
3185
3186
3189
3190
3195
3196
3202
3203
3205
3205
3205
3206
3207
3207
3207
3209
3210
3210
3212
3212
3213
3214
3214
3217
3219
3220
3221
3222
3223
3223
3225
3226
3227
3227
3228
3228
3229
3230
3231
3231
3236
3238
3238
3240
3240
3240
3242
3244
3245
3245
3246
3247
3248
3249
3250
3251
3252
3253
3259
3259
3260
3261
3261
3265
3266
3266
3267
3269
3269
3271
3273
3274
3275
3276
3276
3278
3279
3279
3279
3282
3283
3285
3285
3286
3288
3292
3294
3295
3295
3295
3295
3296
3296
3297
3299
3299
3300
3300
3305
3306
3308
3310
3312
3312
3313
3314
3316
3316
3316
3318
3320
3320
3321
3322
3323
3323
3324
3325
3325
3329
3330
3330
3330
3331
3332
3332
3332
3333
3333
3334
3335
3336
3337
3338
3338
3338
3339
3339
3341
3341
3343
3343
3344
3345
3345
3348
3350
3350
3351
3352
3352
3352
3353
3353
3354
3355
3357
3358
3359
3359
3361
3361
3361
3362
3363
3363
3364
3364
3364
3365
3366
3367
3368
3369
3372
3376
3376
3376
3377
3381
3381
3382
3386
3388
3388
3390
3391
3391
3391
3392
3393
3394
3395
3397
3397
3397
3397
3397
3397
3398
3398
3401
3401
3401
3402
3402
3402
3404
3404
3407
3407
3408
3410
3410
3411
3411
3411
3412
3413
3414
3414
3414
3415
3415
3416
3416
3418
3418
3420
3423
3425
3426
3426
3428
3428
3428
3430
3432
3433
3433
3433
3435
3435
3436
3437
3439
3440
3441
3441
3442
3442
3442
3444
3444
3445
3446
3447
3447
3448
3448
3449
3449
3450
3450
3451
3452
3452
3453
3454
3455
3455
3455
3456
3458
3459
3461
3462
3463
3464
3464
3467
3468
3468
3470
3470
3472
3473
3475
3478
3479
3479
3480
3480
3483
3484
3486
3486
3488
3489
3493
3494
3496
3497
3497
3497
3502
3502
3503
3504
3505
3506
3507
3507
3510
3510
3512
3514
3515
3516
3517
3517
3518
3519
3521
3521
3521
3522
3522
3523
3525
3525
3526
3526
3526
3528
3529
3529
3530
3531
3535
3536
3536
3536
3537
3537
3538
3538
3538
3538
3538
3539
3540
3540
3543
3543
3543
3544
3545
3546
3547
3548
3549
3550
3550
3550
3551
3551
3551
3551
3552
3553
3554
3555
3555
3557
3557
3559
3559
3559
3559
3560
3563
3565
3567
3568
3572
3572
3572
3574
3574
3575
3575
3576
3576
3577
3577
3578
3578
3579
3579
3579
3580
3581
3581
3581
3584
3584
3585
3586
3587
3588
3590
3591
3591
3592
3592
3592
3595
3596
3596
3597
3598
3599
3599
3602
3602
3603
3604
3604
3606
3606
3609
3610
3611
3612
3613
3614
3615
3619
3619
3620
3620
3621
3621
3623
3625
3625
3626
3626
3626
3626
3627
3627
3628
3630
3630
3630
3631
3631
3632
3633
3634
3634
3636
3637
3639
3640
3644
3645
3645
3645
3646
3649
3651
3651
3653
3655
3656
3658
3658
3659
3660
3660
3660
3663
3663
3664
3664
3665
3666
3666
3666
3667
3667
3669
3670
3673
3673
3675
3676
3676
3676
3677
3679
3681
3684
3684
3685
3685
3686
3689
3690
3691
3692
3694
3694
3698
3699
3699
3701
3701
3702
3703
3704
3705
3706
3707
3707
3707
3708
3709
3709
3710
3711
3713
3716
3717
3718
3718
3721
3721
3725
3726
3728
3729
3729
3729
3730
3731
3731
3732
3733
3733
3734
3734
3734
3735
3736
3736
3736
3737
3737
3738
3739
3740
3743
3745
3746
3747
3748
3750
3752
3752
3753
3753
3753
3754
3754
3755
3758
3761
3764
3765
3765
3766
3766
3769
3769
3770
3772
3772
3774
3774
3775
3775
3777
3777
3777
3778
3779
3779
3780
3781
3782
3783
3784
3785
3785
3790
3793
3793
3795
3797
3798
3800
3801
3801
3801
3802
3802
3805
3807
3807
3808
3808
3809
3809
3810
3810
3811
3811
3813
3818
3819
3820
3821
3822
3822
3823
3824
3824
3826
3826
3826
3827
3828
3830
3830
3831
3834
3837
3838
3838
3838
3839
3841
3841
3842
3842
3842
3843
3843
3845
3845
3846
3848
3848
3849
3850
3850
3851
3851
3852
3853
3853
3855
3855
3856
3858
3859
3860
3861
3862
3862
3862
3863
3864
3864
3869
3869
3871
3879
3882
3882
3882
3883
3884
3884
3884
3885
3885
3886
3888
3890
3891
3892
3892
3892
3893
3897
3897
3897
3899
3899
3899
3901
3902
3902
3904
3904
3906
3908
3909
3910
3910
3910
3912
3912
3913
3913
3913
3914
3917
3917
3918
3919
3920
3920
3920
3920
3920
3923
3923
3924
3924
3926
3926
3927
3927
3929
3929
3932
3932
3932
3933
3933
3936
3936
3936
3938
3940
3941
3941
3942
3943
3945
3946
3948
3949
3950
3951
3951
3952
3953
3954
3955
3955
3955
3955
3957
3957
3959
3959
3960
3960
3961
3962
3966
3967
3969
3970
3971
3972
3972
3973
3974
3975
3977
3978
3978
3978
3979
3980
3980
3982
3984
3984
3984
3984
3984
3984
3984
3985
3985
3985
3987
3987
3988
3988
3990
3992
3992
3993
3993
3997
3998
3998
3998
3999
3999
3999
3999
4000
4000
4001
4002
4003
4004
4005
4007
4010
4011
4011
4012
4013
4015
4018
4019
4019
4021
4022
4025
4025
4025
4026
4030
4031
4032
4033
4037
4038
4038
4038
4038
4039
4042
4043
4044
4046
4047
4049
4052
4052
4052
4052
4054
4054
4055
4056
4057
4057
4058
4059
4060
4060
4060
4062
4062
4062
4064
4064
4065
4066
4066
4068
4069
4069
4070
4071
4071
4073
4074
4074
4077
4078
4079
4080
4080
4082
4082
4084
4085
4086
4087
4087
4089
4089
4090
4091
4091
4092
4093
4094
4099
4100
4100
4103
4104
4104
4105
4105
4106
4107
4107
4109
4110
4110
4111
4112
4113
4116
4116
4119
4119
4120
4123
4124
4124
4125
4125
4127
4128
4128
4128
4129
4129
4130
4131
4132
4132
4132
4133
4133
4134
4135
4140
4140
4140
4141
4141
4143
4143
4144
4145
4146
4147
4148
4149
4150
4150
4151
4151
4152
4153
4155
4156
4157
4159
4160
4164
4165
4165
4166
4167
4167
4167
4167
4168
4168
4168
4169
4169
4171
4172
4172
4173
4173
4176
4177
4177
4177
4179
4179
4179
4179
4180
4180
4181
4181
4181
4182
4183
4184
4184
4185
4186
4187
4188
4189
4191
4192
4192
4194
4194
4195
4197
4198
4198
4199
4203
4204
4206
4207
4208
4208
4209
4209
4209
4210
4213
4214
4215
4215
4217
4217
4219
4219
4220
4222
4222
4224
4225
4228
4228
4231
4233
4234
4235
4236
4238
4239
4239
4240
4240
4240
4240
4241
4244
4245
4246
4247
4247
4247
4248
4250
4251
4252
4255
4255
4257
4257
4258
4258
4261
4264
4264
4264
4268
4268
4271
4272
4274
4275
4276
4277
4278
4279
4279
4280
4280
4281
4287
4289
4289
4290
4293
4295
4295
4296
4300
4300
4300
4301
4301
4301
4303
4303
4303
4303
4304
4305
4305
4306
4306
4307
4312
4312
4314
4314
4315
4321
4321
4323
4324
4325
4325
4326
4326
4327
4328
4328
4330
4331
4331
4332
4332
4333
4334
4336
4337
4337
4345
4345
4351
4351
4353
4354
4355
4355
4356
4356
4358
4359
4360
4361
4362
4362
4363
4363
4364
4364
4365
4369
4375
4376
4376
4377
4377
4377
4379
4380
4382
4382
4383
4384
4385
4385
4388
4389
4390
4392
4394
4395
4397
4397
4398
4398
4400
4401
4402
4402
4402
4403
4403
4403
4404
4405
4405
4405
4406
4406
4406
4407
4408
4410
4410
4411
4411
4412
4413
4414
4416
4422
4422
4424
4425
4426
4426
4426
4427
4427
4428
4430
4430
4433
4435
4435
4436
4437
4439
4441
4441
4442
4442
4442
4442
4444
4445
4446
4446
4447
4448
4448
4451
4451
4452
4453
4453
4456
4458
4459
4460
4462
4462
4462
4463
4465
4465
4466
4466
4466
4466
4467
4468
4468
4470
4471
4472
4474
4475
4475
4476
4478
4478
4479
4480
4482
4483
4484
4486
4486
4486
4486
4487
4487
4488
4489
4490
4491
4492
4493
4497
4499
4499
4499
4500
4502
4502
4507
4508
4510
4511
4512
4512
4513
4513
4515
4518
4518
4520
4524
4525
4525
4525
4528
4528
4530
4532
4533
4534
4534
4535
4535
4535
4536
4537
4539
4541
4541
4544
4545
4545
4545
4547
4548
4548
4549
4551
4551
4556
4559
4560
4560
4561
4561
4561
4562
4562
4564
4566
4567
4568
4568
4569
4569
4570
4571
4574
4576
4576
4577
4577
4578
4579
4579
4580
4580
4582
4584
4585
4587
4589
4593
4594
4594
4595
4595
4596
4597
4598
4599
4599
4601
4601
4603
4603
4607
4607
4610
4610
4610
4612
4613
4613
4615
4617
4617
4618
4618
4620
4621
4621
4622
4624
4625
4625
4627
4627
4627
4627
4629
4629
4629
4630
4631
4631
4632
4632
4632
4632
4634
4634
4635
4636
4638
4640
4641
4641
4641
4643
4643
4644
4644
4644
4645
4645
4646
4648
4650
4650
4651
4651
4652
4652
4653
4653
4654
4656
4659
4659
4659
4659
4661
4661
4662
4664
4664
4664
4665
4667
4669
4670
4670
4671
4671
4673
4674
4675
4676
4676
4678
4678
4678
4679
4682
4684
4687
4687
4688
4688
4689
4690
4691
4692
4692
4692
4694
4696
4698
4700
4700
4702
4704
4706
4707
4707
4707
4708
4710
4711
4711
4711
4715
4716
4716
4717
4718
4721
4723
4723
4724
4724
4724
4725
4727
4730
4731
4731
4735
4736
4741
4741
4742
4742
4742
4743
4744
4745
4750
4751
4753
4753
4755
4755
4756
4756
4758
4758
4762
4763
4764
4764
4765
4766
4768
4769
4770
4772
4773
4774
4774
4774
4774
4778
4778
4778
4779
4782
4783
4783
4785
4787
4787
4788
4788
4789
4790
4790
4790
4793
4796
4798
4798
4799
4799
4800
4800
4801
4801
4801
4803
4804
4804
4807
4807
4808
4808
4809
4810
4812
4813
4813
4816
4816
4816
4817
4817
4817
4819
4819
4819
4823
4823
4823
4824
4824
4825
4826
4827
4827
4829
4829
4830
4831
4832
4834
4835
4836
4838
4838
4839
4839
4842
4842
4843
4844
4845
4848
4848
4850
4854
4855
4856
4857
4858
4859
4861
4861
4862
4864
4865
4866
4866
4867
4869
4869
4869
4871
4874
4876
4876
4876
4877
4878
4879
4879
4880
4881
4881
4883
4885
4886
4887
4888
4888
4888
4889
4890
4890
4891
4892
4894
4897
4897
4897
4898
4903
4903
4904
4904
4905
4905
4905
4907
4908
4910
4910
4912
4912
4912
4912
4913
4914
4915
4915
4915
4915
4915
4916
4916
4917
4919
4919
4922
4923
4924
4926
4927
4927
4928
4929
4930
4930
4931
4932
4934
4937
4937
4939
4939
4940
4941
4942
4946
4948
4949
4949
4950
4952
4955
4955
4956
4957
4958
4958
4958
4958
4960
4961
4961
4963
4963
4964
4965
4965
4967
4968
4973
4974
4975
4975
4975
4977
4979
4979
4981
4983
4985
4987
4988
4989
4990
4990
4990
4993
4994
4996
4996
4997
4999
5000
5002
5004
5004
5004
5005
5005
5008
5009
5014
5015
5015
5016
5018
5019
5020
5020
5021
5022
5023
5024
5024
5025
5026
5028
5028
5029
5031
5035
5036
5037
5037
5037
5038
5038
5039
5039
5040
5041
5042
5043
5043
5043
5043
5044
5045
5047
5048
5049
5050
5050
5052
5052
5052
5052
5053
5054
5056
5056
5056
5057
5059
5060
5062
5063
5064
5065
5066
5067
5072
5077
5079
5079
5080
5083
5085
5085
5085
5087
5088
5088
5089
5089
5091
5091
5091
5092
5093
5094
5095
5095
5095
5097
5097
5097
5097
5099
5101
5106
5106
5109
5110
5110
5111
5112
5112
5113
5114
5115
5118
5120
5122
5123
5124
5126
5126
5127
5128
5131
5132
5133
5134
5136
5138
5141
5142
5144
5146
5146
5146
5148
5148
5148
5149
5151
5151
5154
5156
5159
5160
5161
5162
5162
5164
5165
5166
5167
5169
5172
5173
5174
5174
5177
5178
5178
5178
5179
5179
5181
5182
5183
5184
5187
5187
5187
5187
5188
5190
5192
5196
5197
5197
5197
5198
5198
5198
5199
5200
5200
5200
5202
5203
5204
5205
5206
5207
5207
5207
5208
5210
5210
5211
5212
5213
5215
5216
5218
5218
5222
5229
5231
5233
5234
5235
5236
5236
5239
5240
5242
5242
5244
5244
5248
5249
5251
5251
5251
5251
5251
5254
5254
5255
5258
5258
5258
5258
5261
5261
5262
5264
5265
5270
5270
5272
5273
5275
5278
5280
5281
5281
5282
5282
5282
5291
5291
5292
5293
5293
5294
5294
5295
5295
5296
5296
5297
5299
5299
5300
5301
5301
5301
5301
5303
5304
5304
5306
5306
5308
5311
5311
5312
5312
5313
5316
5319
5320
5321
5322
5323
5323
5323
5325
5325
5327
5327
5327
5330
5331
5331
5332
5332
5332
5333
5333
5334
5336
5336
5337
5340
5340
5340
5341
5341
5342
5342
5346
5346
5346
5348
5349
5354
5354
5354
5355
5355
5356
5357
5360
5362
5362
5363
5363
5366
5368
5368
5369
5371
5373
5374
5374
5374
5376
5376
5376
5378
5378
5380
5381
5383
5384
5385
5387
5390
5391
5393
5393
5393
5394
5394
5396
5398
5400
5402
5403
5404
5405
5405
5406
5406
5407
5408
5408
5408
5411
5411
5412
5413
5414
5414
5415
5417
5418
5419
5419
5421
5421
5423
5423
5424
5424
5425
5426
5426
5429
5429
5430
5430
5432
5435
5437
5438
5440
5441
5443
5443
5446
5446
5447
5451
5453
5454
5454
5455
5455
5458
5459
5461
5462
5463
5465
5467
5469
5470
5472
5474
5474
5474
5475
5476
5476
5477
5478
5478
5478
5478
5479
5479
5480
5481
5484
5484
5484
5488
5489
5489
5489
5489
5491
5491
5493
5493
5494
5494
5497
5497
5499
5499
5500
5501
5505
5507
5507
5507
5507
5508
5508
5511
5512
5512
5512
5514
5515
5518
5519
5520
5520
5520
5522
5522
5524
5525
5526
5527
5528
5529
5529
5529
5529
5530
5537
5538
5540
5541
5542
5543
5543
5543
5544
5545
5548
5548
5548
5548
5550
5551
5553
5553
5553
5555
5558
5560
5560
5561
5562
5562
5563
5564
5566
5568
5570
5570
5573
5574
5574
5575
5575
5575
5578
5578
5578
5578
5579
5580
5580
5581
5584
5584
5585
5585
5587
5588
5591
5592
5595
5600
5602
5602
5604
5605
5606
5608
5611
5613
5613
5614
5615
5617
5618
5620
5620
5624
5627
5628
5631
5633
5633
5633
5633
5634
5635
5635
5636
5637
5637
5640
5641
5643
5643
5644
5644
5645
5645
5646
5646
5647
5649
5649
5651
5653
5653
5654
5655
5655
5655
5656
5657
5658
5659
5661
5661
5663
5663
5664
5665
5667
5667
5668
5669
5670
5671
5671
5673
5674
5678
5678
5680
5681
5684
5684
5685
5685
5686
5688
5693
5694
5694
5695
5697
5698
5698
5698
5701
5702
5703
5704
5704
5705
5706
5707
5707
5710
5710
5711
5712
5712
5712
5713
5713
5714
5715
5715
5716
5717
5719
5720
5720
5721
5721
5721
5722
5723
5723
5724
5728
5729
5730
5730
5732
5734
5734
5734
5735
5737
5739
5739
5741
5742
5742
5742
5743
5743
5744
5744
5745
5745
5745
5745
5747
5748
5749
5750
5751
5751
5751
5752
5752
5753
5754
5754
5755
5755
5756
5757
5763
5763
5765
5766
5767
5768
5769
5770
5770
5772
5774
5776
5776
5782
5785
5788
5788
5791
5791
5791
5793
5794
5795
5799
5799
5800
5800
5803
5803
5806
5806
5807
5807
5808
5810
5813
5813
5814
5820
5821
5823
5824
5826
5826
5827
5828
5829
5831
5831
5832
5832
5832
5833
5833
5834
5835
5836
5838
5838
5838
5838
5838
5839
5842
5842
5844
5844
5844
5846
5846
5846
5851
5851
5851
5852
5852
5853
5853
5855
5857
5858
5858
5859
5862
5863
5866
5867
5868
5870
5871
5871
5873
5875
5877
5878
5878
5879
5879
5879
5879
5879
5880
5882
5882
5883
5883
5884
5886
5888
5890
5893
5893
5893
5893
5895
5896
5897
5897
5897
5898
5899
5899
5900
5900
5901
5901
5902
5904
5904
5905
5905
5906
5907
5907
5908
5909
5912
5914
5914
5915
5915
5916
5916
5917
5918
5918
5918
5919
5924
5925
5927
5927
5927
5928
5930
5931
5931
5932
5933
5934
5935
5935
5938
5938
5940
5941
5942
5944
5944
5945
5946
5950
5951
5951
5951
5954
5954
5955
5957
5957
5959
5960
5960
5961
5961
5963
5965
5968
5969
5970
5970
5970
5973
5974
5976
5976
5976
5977
5979
5979
5981
5983
5984
5984
5985
5985
5985
5985
5985
5986
5994
5995
5995
5996
5997
5997
5997
5997
6000
6000
6000
6000
6001
6002
6002
6004
6004
6004
6004
6004
6007
6007
6008
6008
6009
6010
6011
6011
6011
6013
6014
6016
6016
6017
6017
6019
6022
6023
6025
6028
6028
6029
6029
6031
6031
6032
6033
6034
6038
6039
6040
6043
6044
6045
6046
6047
6047
6051
6051
6053
6053
6055
6055
6056
6056
6056
6057
6058
6059
6060
6061
6062
6063
6064
6064
6065
6067
6068
6068
6070
6072
6073
6075
6075
6077
6077
6077
6078
6078
6079
6080
6081
6081
6081
6082
6082
6083
6084
6084
6085
6085
6086
6086
6088
6088
6091
6091
6092
6095
6095
6095
6096
6098
6099
6099
6101
6102
6103
6105
6106
6107
6107
6107
6108
6111
6111
6112
6114
6114
6115
6115
6117
6117
6118
6119
6120
6121
6123
6123
6124
6125
6126
6126
6128
6128
6130
6130
6132
6132
6133
6134
6135
6135
6135
6138
6140
6140
6141
6141
6144
6144
6144
6147
6148
6148
6148
6150
6152
6152
6156
6158
6160
6161
6161
6162
6163
6163
6166
6166
6167
6167
6167
6169
6173
6173
6174
6174
6175
6176
6176
6177
6177
6177
6177
6179
6180
6182
6183
6183
6183
6185
6185
6187
6187
6187
6188
6189
6189
6189
6190
6191
6192
6193
6196
6197
6198
6199
6200
6200
6201
6202
6202
6203
6205
6205
6206
6206
6206
6207
6209
6210
6210
6210
6210
6210
6210
6210
6211
6211
6212
6212
6213
6215
6216
6216
6217
6218
6218
6219
6220
6221
6222
6222
6222
6223
6223
6223
6225
6229
6230
6230
6231
6231
6234
6235
6236
6236
6237
6238
6239
6242
6242
6243
6244
6244
6244
6244
6246
6246
6247
6247
6248
6248
6249
6249
6250
6250
6250
6251
6253
6253
6254
6256
6256
6259
6259
6260
6262
6263
6263
6265
6266
6266
6266
6268
6268
6269
6269
6269
6271
6273
6273
6273
6275
6276
6276
6277
6277
6279
6279
6279
6279
6280
6280
6281
6282
6282
6282
6282
6282
6283
6283
6283
6283
6284
6288
6288
6288
6289
6290
6291
6294
6295
6295
6298
6298
6299
6300
6301
6302
6302
6302
6304
6304
6305
6305
6306
6307
6308
6309
6309
6311
6313
6314
6315
6316
6316
6316
6316
6317
6317
6318
6318
6319
6319
6320
6321
6321
6321
6321
6322
6323
6324
6324
6326
6326
6328
6328
6331
6333
6334
6335
6335
6338
6339
6339
6340
6342
6344
6344
6345
6346
6347
6347
6348
6348
6350
6351
6353
6355
6356
6356
6361
6362
6362
6363
6363
6363
6364
6365
6365
6367
6368
6370
6371
6372
6373
6375
6376
6377
6379
6379
6381
6381
6382
6385
6386
6386
6386
6387
6388
6388
6390
6390
6391
6391
6393
6395
6396
6397
6400
6400
6400
6401
6402
6403
6403
6403
6404
6404
6404
6404
6405
6405
6406
6407
6408
6409
6409
6409
6411
6413
6414
6415
6415
6416
6419
6419
6420
6421
6421
6422
6423
6425
6426
6427
6427
6429
6432
6433
6435
6436
6438
6438
6438
6440
6441
6441
6441
6441
6442
6443
6444
6444
6444
6445
6445
6447
6447
6448
6448
6450
6452
6453
6453
6455
6455
6456
6456
6457
6457
6458
6459
6460
6463
6464
6465
6466
6466
6467
6467
6468
6469
6471
6471
6474
6474
6474
6474
6476
6477
6477
6477
6477
6478
6479
6479
6480
6481
6482
6483
6483
6483
6484
6484
6484
6485
6486
6490
6491
6492
6493
6493
6494
6494
6495
6497
6498
6501
6506
6507
6508
6508
6510
6513
6514
6514
6515
6517
6519
6519
6520
6523
6524
6525
6527
6527
6528
6529
6530
6530
6530
6531
6534
6538
6543
6543
6543
6544
6544
6544
6544
6544
6545
6548
6548
6549
6551
6552
6552
6553
6553
6554
6554
6557
6562
6562
6563
6565
6565
6565
6565
6566
6566
6567
6569
6571
6571
6572
6574
6574
6575
6578
6578
6580
6581
6581
6581
6583
6585
6586
6587
6588
6589
6589
6589
6589
6591
6591
6592
6593
6594
6595
6596
6596
6596
6596
6597
6598
6598
6598
6598
6601
6601
6604
6604
6605
6605
6605
6605
6606
6608
6609
6609
6609
6610
6610
6613
6613
6614
6614
6615
6617
6619
6619
6621
6622
6622
6623
6624
6625
6625
6628
6629
6631
6632
6632
6635
6635
6635
6636
6637
6637
6637
6638
6639
6639
6641
6641
6641
6643
6645
6646
6648
6650
6651
6652
6652
6652
6654
6654
6655
6656
6656
6658
6658
6659
6660
6661
6662
6662
6664
6664
6666
6668
6668
6668
6669
6669
6670
6670
6670
6671
6672
6673
6673
6674
6675
6676
6678
6679
6679
6680
6680
6682
6682
6682
6683
6684
6684
6684
6685
6685
6686
6687
6687
6688
6688
6690
6691
6691
6692
6693
6694
6695
6696
6699
6699
6700
6701
6703
6704
6704
6705
6706
6706
6706
6708
6708
6708
6710
6710
6713
6713
6714
6714
6716
6716
6717
6718
6718
6719
6721
6722
6723
6724
6724
6724
6725
6725
6725
6726
6727
6727
6727
6727
6728
6728
6728
6730
6731
6731
6732
6733
6734
6734
6735
6735
6736
6737
6743
6743
6744
6744
6745
6745
6745
6746
6747
6750
6750
6751
6753
6755
6755
6757
6758
6759
6759
6759
6759
6760
6760
6763
6764
6765
6766
6766
6766
6769
6770
6771
6771
6772
6772
6772
6774
6774
6775
6775
6777
6777
6777
6777
6777
6777
6779
6783
6786
6786
6787
6787
6788
6790
6790
6795
6796
6797
6797
6798
6800
6801
6801
6802
6803
6803
6803
6804
6804
6805
6805
6806
6806
6806
6807
6807
6807
6808
6812
6813
6815
6815
6815
6815
6816
6817
6818
6819
6819
6820
6821
6821
6822
6822
6824
6827
6827
6828
6831
6831
6832
6832
6835
6835
6835
6835
6836
6837
6837
6838
6843
6843
6844
6844
6845
6845
6846
6846
6848
6848
6849
6849
6850
6850
6851
6854
6855
6857
6860
6860
6861
6861
6862
6865
6869
6869
6870
6871
6871
6872
6872
6874
6875
6876
6877
6877
6878
6878
6880
6881
6881
6883
6884
6887
6887
6889
6890
6891
6892
6893
6895
6896
6902
6902
6902
6902
6903
6904
6905
6906
6907
6910
6911
6912
6912
6913
6913
6914
6915
6915
6916
6916
6918
6920
6922
6922
6922
6924
6924
6926
6927
6928
6930
6930
6931
6931
6933
6933
6933
6934
6935
6935
6935
6935
6935
6938
6938
6939
6939
6939
6940
6940
6940
6941
6941
6944
6944
6945
6945
6947
6950
6951
6952
6953
6954
6955
6957
6958
6959
6959
6960
6961
6961
6962
6963
6963
6963
6964
6964
6966
6966
6967
6968
6969
6970
6971
6971
6972
6972
6974
6977
6978
6979
6981
6982
6984
6984
6985
6986
6988
6988
6989
6989
6989
6989
6990
6992
6995
6997
6997
6998
6999
7001
7001
7002
7002
7003
7004
7004
7005
7005
7006
7007
7008
7009
7009
7009
7011
7013
7013
7014
7014
7015
7016
7016
7016
7018
7018
7019
7020
7020
7021
7022
7022
7023
7024
7024
7026
7026
7030
7031
7031
7034
7036
7037
7037
7037
7038
7039
7041
7043
7044
7044
7044
7046
7046
7047
7048
7048
7049
7049
7050
7052
7054
7055
7057
7058
7058
7058
7058
7060
7060
7061
7064
7065
7066
7066
7067
7067
7068
7069
7071
7071
7072
7074
7078
7078
7079
7080
7080
7080
7081
7083
7087
7088
7089
7089
7090
7090
7091
7092
7095
7095
7097
7097
7098
7098
7099
7100
7100
7100
7101
7101
7101
7104
7105
7111
7111
7114
7116
7118
7121
7123
7124
7124
7127
7128
7130
7130
7132
7135
7137
7137
7138
7138
7142
7147
7147
7147
7149
7149
7150
7150
7151
7152
7153
7154
7154
7155
7157
7158
7159
7160
7160
7161
7161
7161
7162
7164
7165
7168
7169
7169
7169
7170
7174
7174
7177
7178
7178
7179
7179
7182
7183
7185
7187
7187
7188
7189
7190
7191
7193
7194
7194
7194
7195
7196
7197
7198
7199
7201
7202
7203
7207
7209
7212
7216
7217
7217
7217
7218
7218
7218
7220
7220
7220
7222
7222
7224
7227
7227
7228
7230
7230
7232
7232
7236
7236
7238
7241
7242
7242
7243
7243
7244
7245
7245
7247
7247
7247
7248
7249
7250
7253
7254
7254
7255
7255
7255
7256
7261
7263
7264
7266
7266
7267
7267
7268
7269
7269
7271
7271
7272
7273
7275
7275
7275
7275
7275
7276
7278
7279
7279
7280
7280
7282
7282
7283
7284
7284
7284
7285
7287
7287
7288
7289
7289
7290
7290
7292
7296
7297
7298
7298
7298
7303
7304
7306
7307
7309
7310
7310
7310
7312
7312
7313
7314
7315
7315
7315
7315
7316
7316
7316
7320
7320
7320
7322
7322
7324
7325
7327
7328
7328
7329
7329
7329
7330
7330
7330
7330
7331
7332
7334
7334
7334
7335
7336
7336
7337
7337
7338
7340
7340
7340
7342
7343
7343
7345
7346
7348
7350
7351
7351
7351
7352
7353
7354
7354
7355
7355
7356
7359
7361
7361
7361
7363
7365
7367
7367
7368
7369
7372
7373
7373
7373
7374
7375
7376
7378
7378
7380
7382
7383
7383
7384
7385
7386
7386
7387
7389
7390
7390
7391
7396
7398
7399
7399
7400
7400
7400
7401
7401
7402
7402
7403
7404
7404
7404
7404
7406
7406
7408
7410
7410
7411
7411
7413
7414
7415
7415
7416
7418
7419
7419
7419
7420
7421
7423
7424
7424
7424
7425
7425
7426
7427
7427
7427
7428
7429
7429
7429
7429
7430
7431
7432
7432
7432
7433
7434
7436
7437
7437
7438
7439
7439
7443
7444
7447
7448
7450
7451
7451
7452
7452
7452
7453
7453
7455
7456
7458
7458
7459
7460
7460
7462
7462
7463
7467
7467
7468
7469
7469
7470
7470
7470
7471
7472
7476
7478
7479
7481
7481
7482
7483
7483
7484
7485
7485
7487
7488
7490
7491
7492
7494
7498
7498
7498
7498
7499
7500
7501
7504
7504
7505
7505
7505
7507
7507
7509
7509
7511
7512
7514
7515
7515
7516
7517
7518
7518
7518
7519
7520
7520
7521
7521
7522
7525
7525
7526
7526
7526
7529
7530
7530
7531
7533
7533
7533
7534
7535
7537
7537
7542
7545
7546
7547
7549
7550
7550
7552
7552
7553
7555
7559
7561
7562
7569
7570
7574
7575
7578
7579
7580
7582
7585
7586
7587
7587
7588
7588
7588
7588
7592
7596
7597
7597
7599
7600
7600
7601
7602
7602
7602
7602
7602
7603
7603
7604
7605
7607
7607
7610
7612
7613
7613
7615
7615
7615
7616
7618
7620
7622
7624
7624
7626
7626
7626
7627
7627
7632
7632
7633
7633
7634
7636
7637
7637
7637
7638
7638
7641
7641
7642
7642
7643
7643
7644
7644
7646
7646
7647
7648
7648
7649
7652
7653
7659
7660
7661
7662
7663
7664
7664
7665
7667
7668
7668
7668
7668
7669
7669
7670
7670
7673
7673
7677
7678
7678
7679
7679
7679
7682
7683
7685
7685
7685
7685
7685
7686
7686
7688
7690
7692
7694
7696
7700
7700
7701
7703
7703
7703
7703
7703
7705
7709
7709
7710
7711
7711
7712
7714
7716
7717
7718
7719
7720
7721
7721
7721
7722
7723
7723
7724
7725
7726
7728
7729
7731
7732
7733
7733
7734
7734
7734
7735
7736
7737
7737
7738
7739
7740
7742
7743
7743
7743
7745
7748
7748
7751
7751
7751
7753
7753
7754
7756
7761
7761
7762
7763
7765
7767
7767
7769
7770
7770
7770
7771
7771
7774
7775
7776
7778
7780
7780
7784
7786
7787
7787
7788
7792
7792
7793
7793
7795
7799
7799
7800
7800
7802
7802
7803
7803
7804
7804
7806
7806
7807
7807
7808
7808
7810
7811
7812
7812
7813
7813
7814
7816
7816
7816
7816
7817
7817
7819
7819
7821
7822
7823
7824
7826
7827
7827
7828
7828
7828
7829
7830
7831
7832
7832
7833
7835
7836
7837
7837
7839
7842
7843
7843
7844
7846
7849
7851
7851
7854
7855
7861
7862
7862
7862
7862
7863
7863
7865
7866
7866
7867
7867
7868
7868
7870
7870
7872
7874
7875
7876
7876
7877
7877
7878
7878
7878
7878
7880
7881
7882
7883
7884
7885
7885
7885
7886
7886
7888
7890
7890
7892
7892
7893
7894
7896
7896
7896
7896
7900
7900
7904
7907
7908
7909
7911
7911
7912
7912
7914
7915
7915
7915
7917
7917
7918
7918
7918
7920
7920
7920
7920
7921
7921
7922
7922
7922
7923
7924
7924
7926
7927
7928
7929
7931
7933
7934
7935
7936
7937
7937
7938
7939
7939
7940
7940
7940
7943
7944
7944
7944
7944
7945
7946
7946
7946
7946
7947
7949
7951
7951
7954
7954
7954
7954
7957
7958
7958
7958
7960
7962
7962
7963
7963
7964
7964
7964
7964
7964
7965
7967
7967
7969
7970
7970
7970
7970
7971
7974
7974
7975
7975
7976
7977
7978
7978
7979
7979
7980
7982
7982
7983
7984
7984
7985
7985
7986
7994
7994
7997
7997
7998
7998
7999
8000
8001
8001
8001
8001
8002
8002
8002
8003
8005
8005
8008
8008
8010
8010
8011
8012
8012
8012
8012
8013
8015
8017
8019
8019
8020
8023
8023
8024
8024
8025
8027
8027
8028
8028
8028
8028
8031
8031
8032
8033
8033
8034
8034
8034
8034
8035
8035
8037
8039
8039
8039
8040
8040
8042
8043
8043
8043
8046
8046
8047
8047
8047
8047
8049
8051
8051
8052
8052
8052
8052
8053
8055
8058
8060
8061
8061
8064
8064
8065
8069
8070
8073
8074
8076
8078
8078
8078
8082
8086
8086
8089
8089
8089
8090
8091
8091
8092
8093
8095
8097
8098
8099
8099
8100
8102
8102
8103
8103
8105
8106
8106
8107
8110
8111
8112
8113
8114
8115
8117
8118
8119
8120
8121
8121
8122
8125
8125
8126
8128
8129
8129
8129
8130
8131
8132
8132
8134
8136
8136
8137
8139
8141
8144
8144
8144
8144
8147
8152
8153
8154
8156
8156
8156
8157
8158
8159
8161
8162
8162
8162
8163
8166
8166
8167
8167
8169
8170
8171
8174
8175
8175
8175
8178
8180
8182
8184
8185
8186
8188
8190
8191
8195
8198
8198
8199
8200
8200
8201
8203
8203
8204
8205
8205
8207
8207
8208
8209
8209
8209
8209
8209
8211
8215
8217
8217
8217
8218
8219
8220
8223
8224
8224
8225
8226
8227
8227
8228
8231
8231
8233
8234
8235
8235
8236
8236
8237
8238
8239
8240
8241
8242
8243
8245
8246
8250
8250
8250
8251
8253
8253
8255
8257
8257
8258
8259
8259
8260
8261
8262
8263
8263
8265
8267
8267
8268
8268
8268
8269
8269
8270
8270
8270
8270
8271
8271
8272
8272
8274
8274
8275
8276
8276
8276
8277
8277
8278
8279
8281
8283
8284
8285
8287
8287
8288
8289
8291
8296
8296
8298
8298
8299
8299
8301
8301
8302
8306
8307
8309
8309
8310
8311
8311
8313
8314
8314
8315
8316
8320
8320
8320
8321
8322
8323
8323
8325
8328
8328
8328
8329
8329
8331
8331
8332
8333
8333
8333
8335
8336
8337
8338
8339
8339
8339
8340
8340
8343
8343
8345
8345
8347
8348
8349
8350
8352
8354
8354
8355
8356
8356
8356
8357
8357
8359
8359
8359
8361
8361
8362
8363
8363
8365
8365
8366
8367
8369
8369
8369
8370
8372
8373
8373
8375
8379
8379
8379
8379
8381
8382
8383
8384
8385
8385
8385
8386
8387
8388
8388
8389
8389
8390
8390
8391
8391
8394
8398
8399
8399
8401
8402
8403
8404
8406
8406
8407
8408
8408
8409
8410
8410
8410
8413
8413
8413
8415
8416
8417
8417
8417
8417
8418
8421
8424
8426
8426
8428
8428
8432
8433
8434
8434
8434
8435
8435
8437
8439
8439
8439
8441
8441
8442
8442
8443
8443
8443
8443
8444
8445
8445
8445
8451
8452
8453
8453
8453
8454
8454
8454
8458
8461
8462
8463
8463
8464
8466
8468
8468
8471
8472
8473
8474
8474
8474
8475
8475
8477
8477
8478
8478
8480
8488
8492
8494
8495
8497
8497
8497
8497
8499
8501
8502
8503
8503
8504
8504
8505
8507
8507
8508
8509
8510
8511
8512
8515
8515
8515
8516
8517
8517
8517
8518
8518
8518
8519
8520
8520
8521
8522
8522
8525
8525
8529
8530
8530
8531
8531
8532
8533
8534
8536
8538
8539
8540
8540
8543
8543
8544
8545
8545
8548
8548
8549
8551
8558
8560
8562
8563
8565
8565
8566
8566
8566
8567
8567
8569
8569
8570
8573
8573
8574
8576
8576
8578
8579
8580
8584
8586
8587
8588
8589
8589
8590
8591
8592
8595
8600
8601
8601
8601
8602
8602
8603
8604
8604
8605
8607
8608
8610
8610
8611
8614
8615
8615
8617
8618
8620
8620
8622
8622
8623
8624
8624
8626
8628
8628
8629
8630
8631
8631
8635
8636
8636
8636
8636
8638
8638
8639
8642
8642
8643
8644
8645
8648
8649
8650
8654
8655
8655
8655
8655
8658
8658
8658
8659
8664
8664
8664
8666
8668
8668
8669
8669
8670
8671
8671
8671
8672
8673
8676
8676
8676
8676
8676
8677
8681
8682
8682
8682
8682
8684
8684
8685
8688
8690
8690
8692
8692
8693
8694
8696
8697
8698
8699
8699
8700
8700
8701
8701
8701
8701
8706
8706
8708
8708
8709
8711
8712
8713
8713
8715
8715
8715
8716
8718
8718
8718
8720
8720
8723
8725
8728
8728
8728
8729
8730
8734
8734
8735
8735
8735
8736
8738
8738
8738
8739
8739
8739
8741
8741
8742
8744
8746
8746
8747
8749
8752
8754
8754
8755
8755
8756
8757
8757
8757
8758
8759
8760
8761
8762
8762
8762
8766
8766
8766
8769
8770
8771
8771
8772
8772
8775
8776
8777
8779
8779
8781
8781
8783
8785
8787
8787
8789
8791
8791
8791
8793
8793
8795
8795
8795
8796
8797
8797
8797
8798
8800
8800
8802
8802
8803
8805
8812
8813
8813
8815
8816
8819
8820
8821
8822
8824
8824
8825
8826
8827
8829
8829
8829
8830
8831
8833
8833
8834
8838
8839
8839
8841
8841
8842
8843
8843
8843
8845
8846
8846
8849
8849
8850
8852
8853
8855
8855
8856
8857
8857
8858
8859
8864
8866
8866
8868
8869
8871
8873
8876
8876
8877
8878
8879
8880
8882
8882
8883
8883
8883
8884
8885
8888
8889
8890
8891
8894
8895
8896
8896
8896
8896
8897
8897
8898
8899
8900
8902
8903
8905
8905
8906
8907
8908
8908
8909
8910
8910
8912
8916
8917
8918
8919
8919
8922
8922
8922
8923
8924
8924
8929
8929
8929
8931
8931
8933
8933
8933
8934
8934
8935
8936
8938
8938
8939
8940
8941
8943
8943
8943
8943
8944
8946
8946
8948
8948
8949
8951
8953
8955
8957
8958
8960
8968
8969
8970
8971
8971
8971
8972
8973
8973
8973
8974
8975
8984
8984
8984
8985
8985
8985
8986
8986
8986
8988
8988
8989
8990
8991
8991
8992
8992
8993
8993
8993
8995
8995
8997
8999
8999
9000
9001
9003
9004
9004
9005
9006
9006
9007
9008
9008
9008
9008
9010
9010
9011
9011
9011
9012
9014
9014
9016
9016
9016
9016
9018
9019
9021
9021
9022
9022
9022
9022
9024
9024
9026
9030
9031
9034
9035
9037
9037
9040
9040
9042
9045
9049
9050
9051
9052
9052
9052
9053
9053
9054
9055
9056
9057
9058
9060
9061
9061
9062
9062
9064
9065
9066
9067
9069
9070
9072
9073
9074
9075
9075
9076
9077
9077
9077
9078
9078
9078
9078
9079
9079
9082
9085
9086
9086
9086
9088
9088
9088
9089
9090
9090
9091
9092
9092
9092
9093
9094
9094
9096
9096
9097
9097
9097
9097
9099
9102
9102
9102
9103
9104
9105
9107
9108
9108
9109
9110
9111
9112
9113
9115
9115
9119
9121
9124
9124
9125
9126
9127
9128
9128
9129
9130
9130
9130
9131
9131
9132
9135
9136
9139
9140
9140
9141
9142
9142
9142
9143
9144
9144
9145
9145
9146
9146
9147
9147
9148
9148
9150
9150
9151
9152
9152
9152
9153
9156
9159
9159
9160
9162
9162
9164
9164
9165
9167
9167
9168
9169
9169
9170
9171
9171
9172
9177
9178
9178
9179
9179
9180
9181
9182
9182
9182
9185
9186
9189
9189
9189
9190
9190
9191
9191
9192
9192
9193
9193
9195
9195
9195
9197
9200
9200
9201
9202
9203
9203
9203
9204
9204
9204
9205
9207
9207
9208
9208
9208
9209
9210
9212
9213
9213
9213
9215
9217
9219
9221
9222
9223
9224
9225
9225
9226
9227
9229
9229
9231
9232
9232
9233
9234
9235
9241
9242
9242
9242
9243
9245
9246
9248
9249
9250
9251
9251
9253
9253
9254
9255
9255
9256
9257
9259
9260
9260
9263
9264
9264
9264
9266
9266
9266
9267
9268
9268
9269
9270
9270
9270
9271
9272
9274
9275
9276
9276
9279
9279
9281
9281
9282
9287
9287
9287
9288
9289
9289
9290
9290
9290
9292
9292
9294
9295
9298
9298
9302
9305
9306
9306
9307
9310
9312
9313
9315
9319
9320
9320
9323
9323
9324
9325
9325
9327
9327
9327
9328
9329
9330
9330
9331
9331
9334
9335
9335
9335
9336
9337
9338
9338
9340
9341
9341
9341
9341
9342
9343
9343
9345
9346
9347
9348
9348
9350
9351
9352
9352
9352
9353
9353
9355
9355
9355
9357
9357
9358
9359
9359
9361
9361
9361
9362
9363
9363
9364
9364
9366
9367
9367
9368
9368
9369
9369
9372
9374
9375
9375
9376
9376
9376
9377
9378
9378
9381
9382
9383
9385
9385
9388
9390
9395
9395
9396
9396
9396
9396
9397
9401
9405
9406
9407
9408
9408
9408
9408
9410
9411
9411
9412
9412
9414
9414
9417
9424
9424
9424
9425
9426
9426
9426
9428
9429
9431
9433
9433
9433
9434
9435
9436
9436
9437
9437
9438
9439
9442
9443
9446
9446
9446
9446
9446
9447
9448
9449
9450
9452
9455
9455
9455
9456
9459
9460
9460
9462
9462
9462
9463
9466
9469
9470
9470
9472
9472
9474
9474
9474
9474
9475
9476
9476
9477
9479
9479
9480
9482
9482
9483
9484
9484
9484
9484
9486
9486
9486
9487
9487
9487
9487
9489
9491
9491
9493
9494
9495
9495
9496
9498
9499
9500
9505
9505
9508
9509
9510
9511
9514
9514
9516
9517
9519
9520
9520
9521
9521
9522
9523
9525
9525
9528
9532
9532
9532
9535
9539
9540
9542
9542
9543
9543
9543
9545
9545
9545
9546
9547
9547
9549
9549
9551
9552
9552
9553
9554
9558
9559
9562
9563
9564
9564
9566
9566
9567
9568
9569
9570
9571
9571
9571
9574
9575
9575
9575
9576
9577
9579
9579
9580
9580
9586
9587
9588
9590
9591
9594
9594
9594
9594
9594
9595
9596
9596
9597
9598
9599
9599
9600
9601
9602
9603
9603
9604
9604
9605
9606
9608
9608
9608
9609
9609
9609
9610
9610
9614
9616
9617
9619
9620
9620
9622
9622
9622
9624
9628
9628
9631
9632
9633
9634
9636
9637
9638
9639
9641
9641
9642
9643
9644
9645
9646
9647
9647
9648
9648
9648
9649
9649
9649
9652
9652
9654
9654
9654
9656
9656
9658
9659
9660
9660
9660
9661
9661
9663
9666
9666
9668
9670
9671
9672
9673
9674
9676
9676
9676
9677
9677
9677
9679
9679
9680
9682
9682
9683
9683
9683
9684
9685
9685
9688
9692
9692
9692
9692
9694
9694
9696
9696
9698
9700
9702
9702
9703
9703
9705
9708
9708
9709
9712
9712
9712
9712
9713
9715
9715
9717
9719
9719
9720
9721
9722
9723
9724
9724
9724
9724
9726
9727
9729
9729
9729
9730
9731
9733
9734
9737
9737
9739
9740
9741
9742
9743
9745
9745
9746
9748
9748
9749
9749
9750
9750
9752
9753
9754
9754
9755
9755
9756
9757
9759
9759
9761
9762
9762
9764
9765
9765
9766
9767
9768
9768
9769
9769
9770
9770
9771
9771
9771
9772
9773
9776
9776
9776
9776
9777
9777
9777
9778
9778
9778
9779
9779
9780
9780
9784
9784
9786
9787
9787
9788
9788
9788
9791
9791
9792
9793
9794
9795
9795
9797
9799
9801
9801
9802
9804
9805
9805
9806
9806
9807
9808
9809
9809
9810
9810
9812
9812
9814
9816
9819
9819
9820
9820
9820
9820
9822
9825
9825
9825
9826
9826
9828
9829
9829
9830
9832
9833
9834
9836
9837
9837
9838
9840
9841
9842
9843
9844
9844
9845
9846
9846
9846
9846
9847
9851
9852
9852
9853
9854
9854
9855
9855
9856
9856
9858
9859
9859
9859
9860
9861
9861
9861
9862
9864
9865
9868
9868
9868
9869
9869
9869
9870
9871
9871
9872
9874
9875
9875
9875
9876
9876
9877
9879
9880
9881
9882
9882
9882
9883
9885
9885
9885
9887
9888
9888
9889
9892
9892
9892
9893
9894
9895
9897
9897
9899
9901
9902
9902
9902
9903
9905
9905
9906
9906
9908
9908
9909
9909
9910
9910
9911
9911
9911
9913
9914
9914
9915
9915
9915
9915
9916
9921
9922
9922
9922
9923
9924
9925
9927
9928
9929
9931
9931
9932
9932
9932
9933
9934
9934
9935
9935
9936
9936
9937
9939
9941
9941
9942
9943
9943
9944
9948
9949
9949
9950
9951
9951
9951
9952
9953
9954
9957
9958
9958
9959
9960
9960
9961
9962
9962
9963
9965
9965
9965
9966
9967
9968
9969
9970
9971
9974
9974
9974
9974
9976
9977
9977
9977
9978
9980
9982
9985
9988
9989
9989
9990
9990
9993
9993
9995
9995
9998
9998
