1
2
3
5
6
8
8
9
11
12
13
14
17
18
18
18
20
21
23
25
26
27
27
28
28
28
29
31
31
33
33
33
34
34
35
35
36
39
39
39
41
42
42
43
43
44
45
46
46
46
47
48
50
52
55
55
58
60
60
60
61
62
62
65
68
68
70
71
73
75
75
75
75
78
78
80
80
80
81
81
82
82
85
85
86
87
90
90
93
93
94
95
95
97
97
97
97
98
98
98
99
99
99
99
100
100
100
100
100
102
102
102
103
104
104
104
105
107
109
110
113
113
113
114
114
118
118
118
120
121
121
121
124
124
126
127
128
128
129
131
131
134
134
134
134
135
135
136
137
139
140
142
144
146
147
147
150
150
150
151
152
154
155
155
156
157
158
159
159
160
160
162
162
163
166
170
170
172
173
174
175
175
176
176
177
177
177
178
178
179
182
185
185
186
186
186
188
188
188
191
194
196
196
196
197
202
204
204
204
207
207
207
210
211
213
213
213
215
215
217
218
218
218
218
220
220
220
223
225
225
227
230
232
232
234
235
237
242
243
244
244
244
248
249
249
250
250
251
251
252
254
254
256
256
260
262
263
263
265
265
265
266
267
268
268
271
271
271
273
273
274
274
274
275
276
276
281
282
283
286
286
287
287
287
289
290
290
291
293
296
296
297
297
298
299
299
301
304
305
305
307
311
313
314
314
315
319
319
320
320
321
323
323
324
324
325
325
326
327
330
330
331
331
333
334
336
337
338
341
341
344
344
345
347
347
348
351
351
352
353
354
355
355
361
361
363
363
364
365
365
366
370
373
374
375
377
377
378
380
380
381
381
382
382
383
383
384
384
384
386
386
387
387
388
388
389
391
392
392
394
394
396
396
396
397
399
400
400
401
402
404
405
405
405
406
406
407
409
410
410
410
410
411
411
413
413
413
413
416
420
421
421
421
422
422
424
426
428
429
429
431
434
435
436
437
437
438
438
439
439
446
448
448
449
449
449
450
451
452
453
454
455
456
457
458
458
460
460
460
462
463
463
465
466
466
469
469
471
472
473
474
475
476
476
479
480
480
481
481
484
487
488
488
488
488
490
490
491
491
491
492
493
497
497
497
498
500
501
503
505
505
505
505
507
507
508
509
510
512
512
513
514
515
515
515
516
517
517
518
520
520
521
521
522
523
523
523
525
525
526
527
527
528
528
528
528
530
532
532
537
538
538
538
539
539
539
541
542
545
546
548
549
549
550
551
551
553
554
554
554
555
555
556
559
560
562
563
564
564
564
564
565
568
570
571
575
575
577
577
581
581
582
582
582
582
583
583
583
584
586
586
588
588
589
590
590
591
593
594
595
595
595
595
596
596
597
599
599
600
601
601
602
604
608
609
609
611
612
614
615
618
620
620
621
621
622
624
624
625
625
626
627
628
629
630
631
631
632
633
633
634
635
635
639
640
640
640
640
641
641
641
641
643
645
645
647
648
649
649
650
651
651
652
653
657
659
659
660
660
662
667
668
669
670
671
671
671
672
674
674
675
676
677
678
681
683
683
686
687
688
688
690
693
694
702
703
704
705
706
706
708
708
708
708
711
712
714
717
718
718
718
719
719
721
722
722
723
724
724
727
727
728
729
729
729
730
730
731
731
732
733
734
735
736
736
736
737
737
737
739
739
740
741
741
742
743
743
743
743
744
745
746
747
747
749
750
754
754
756
756
757
758
758
761
762
762
762
766
771
772
772
774
774
775
775
775
776
777
778
778
778
779
779
780
780
781
782
782
782
783
783
783
784
785
787
788
788
790
792
792
792
793
793
796
797
798
799
799
799
800
800
801
801
802
802
804
804
805
807
810
810
812
815
815
817
819
823
823
824
825
825
827
831
832
834
834
834
836
837
837
838
839
840
840
842
844
847
847
848
848
848
849
849
850
851
852
852
852
854
854
855
855
856
856
857
858
859
859
859
861
861
863
865
866
866
867
868
869
869
870
871
871
872
873
873
873
876
876
876
877
878
880
880
880
881
881
882
882
883
884
884
885
887
887
888
888
889
890
890
890
891
892
893
894
895
896
896
899
900
902
902
903
903
904
904
907
907
908
909
909
909
909
911
911
913
913
914
916
916
917
917
917
918
919
919
919
920
921
922
924
924
925
926
926
927
928
930
930
932
933
937
937
939
943
943
945
946
946
948
948
949
950
951
951
951
952
952
952
954
956
957
957
957
960
962
963
963
964
964
965
965
966
968
970
970
971
973
973
974
975
978
979
979
980
981
982
982
983
986
986
987
987
991
992
992
995
997
999
999
1001
1003
1006
1007
1008
1011
1011
1012
1013
1013
1013
1015
1017
1017
1018
1020
1020
1021
1021
1024
1026
1027
1029
1031
1031
1032
1033
1034
1037
1037
1037
1037
1039
1039
1040
1041
1041
1042
1043
1047
1047
1047
1048
1049
1050
1050
1050
1051
1053
1055
1058
1058
1058
1059
1059
1060
1062
1062
1062
1063
1066
1066
1068
1070
1070
1071
1072
1072
1072
1072
1073
1074
1074
1075
1076
1078
1079
1084
1084
1084
1085
1086
1087
1088
1089
1092
1093
1095
1095
1096
1096
1098
1098
1098
1098
1100
1101
1102
1103
1104
1105
1106
1109
1109
1109
1111
1112
1112
1117
1119
1120
1120
1121
1121
1124
1125
1126
1126
1127
1128
1133
1133
1135
1137
1138
1139
1140
1141
1142
1143
1144
1144
1148
1149
1150
1151
1154
1154
1155
1155
1156
1157
1157
1159
1159
1160
1160
1161
1162
1162
1162
1165
1166
1167
1169
1169
1171
1171
1172
1173
1173
1173
1173
1175
1176
1177
1178
1181
1183
1183
1184
1184
1187
1187
1189
1189
1190
1191
1192
1193
1193
1195
1196
1196
1198
1198
1198
1198
1199
1201
1201
1204
1206
1206
1207
1207
1207
1207
1207
1207
1208
1212
1212
1213
1213
1215
1215
1216
1217
1218
1218
1219
1219
1219
1220
1220
1224
1224
1224
1225
1226
1228
1230
1231
1232
1232
1234
1238
1240
1240
1240
1243
1243
1246
1247
1248
1248
1249
1250
1251
1251
1253
1254
1255
1256
1257
1257
1258
1259
1259
1259
1260
1260
1260
1260
1260
1261
1261
1263
1266
1266
1267
1267
1267
1268
1270
1271
1272
1273
1273
1276
1277
1278
1279
1279
1280
1280
1281
1282
1286
1286
1287
1288
1288
1288
1290
1291
1291
1293
1293
1293
1295
1296
1297
1297
1297
1299
1299
1302
1304
1304
1304
1305
1305
1308
1308
1309
1310
1312
1313
1314
1314
1317
1317
1324
1324
1324
1325
1326
1326
1328
1331
1331
1333
1335
1336
1336
1336
1336
1337
1339
1339
1339
1342
1342
1343
1344
1344
1344
1345
1345
1346
1347
1348
1349
1350
1351
1352
1352
1353
1353
1355
1356
1356
1356
1356
1357
1358
1360
1361
1363
1364
1364
1365
1366
1366
1367
1369
1370
1370
1371
1372
1373
1373
1373
1374
1374
1376
1376
1376
1376
1377
1380
1382
1382
1383
1383
1384
1388
1389
1393
1393
1394
1394
1395
1396
1396
1396
1398
1400
1401
1401
1403
1403
1404
1404
1405
1405
1405
1405
1406
1407
1408
1408
1410
1411
1412
1412
1414
1417
1424
1426
1427
1427
1428
1428
1430
1431
1431
1432
1433
1434
1436
1436
1437
1439
1439
1443
1444
1445
1445
1445
1446
1447
1449
1449
1450
1450
1452
1453
1454
1454
1454
1455
1456
1456
1456
1456
1457
1458
1459
1459
1461
1463
1463
1463
1463
1464
1464
1465
1466
1470
1471
1471
1472
1473
1473
1476
1477
1477
1477
1478
1478
1478
1480
1481
1482
1482
1484
1484
1485
1485
1485
1486
1486
1486
1486
1488
1490
1492
1493
1495
1497
1501
1503
1504
1506
1507
1507
1509
1510
1510
1510
1511
1512
1514
1515
1517
1517
1518
1518
1519
1519
1519
1520
1520
1521
1522
1522
1524
1525
1526
1526
1526
1527
1527
1527
1527
1528
1528
1528
1529
1531
1531
1532
1532
1533
1533
1534
1534
1534
1534
1535
1535
1539
1541
1542
1542
1542
1544
1546
1547
1547
1549
1553
1556
1559
1561
1563
1564
1565
1567
1569
1570
1571
1573
1573
1573
1573
1573
1574
1575
1576
1576
1576
1576
1581
1583
1584
1587
1588
1589
1589
1590
1590
1590
1590
1591
1591
1592
1593
1595
1595
1596
1596
1597
1598
1601
1602
1603
1604
1605
1605
1608
1609
1609
1609
1609
1613
1613
1614
1616
1617
1617
1618
1618
1620
1621
1621
1624
1624
1625
1626
1627
1627
1628
1629
1631
1631
1633
1634
1636
1636
1640
1641
1642
1642
1644
1645
1645
1647
1647
1648
1648
1648
1649
1650
1651
1652
1652
1654
1654
1654
1656
1657
1659
1661
1661
1662
1664
1665
1665
1666
1669
1671
1673
1674
1676
1677
1677
1677
1678
1678
1679
1679
1680
1680
1682
1683
1683
1684
1685
1685
1686
1687
1687
1689
1690
1691
1692
1694
1694
1695
1696
1697
1698
1698
1698
1699
1700
1701
1702
1702
1703
1706
1707
1707
1709
1709
1711
1712
1716
1716
1717
1717
1718
1719
1720
1720
1720
1721
1724
1724
1724
1724
1727
1727
1728
1728
1729
1729
1730
1730
1730
1730
1731
1732
1734
1736
1738
1739
1740
1742
1744
1751
1754
1754
1755
1757
1760
1762
1763
1765
1767
1768
1769
1769
1772
1774
1775
1776
1777
1777
1777
1780
1780
1780
1782
1782
1783
1787
1787
1789
1789
1790
1791
1791
1793
1794
1794
1795
1795
1796
1796
1797
1798
1798
1798
1799
1799
1800
1800
1801
1801
1803
1803
1803
1804
1804
1806
1807
1808
1808
1809
1810
1811
1811
1812
1812
1813
1814
1816
1816
1819
1819
1819
1820
1821
1821
1821
1821
1823
1823
1823
1823
1825
1827
1828
1828
1828
1829
1829
1829
1832
1833
1833
1833
1839
1839
1842
1842
1843
1843
1844
1844
1844
1846
1846
1848
1849
1849
1850
1850
1851
1853
1854
1854
1857
1857
1857
1858
1859
1859
1859
1860
1863
1863
1864
1865
1865
1866
1867
1868
1868
1869
1869
1869
1870
1871
1871
1872
1873
1874
1874
1876
1876
1877
1882
1883
1884
1884
1886
1888
1890
1890
1891
1894
1894
1895
1896
1897
1899
1900
1900
1900
1901
1901
1901
1902
1903
1904
1906
1907
1908
1908
1909
1910
1911
1911
1912
1912
1914
1914
1915
1915
1915
1918
1919
1919
1920
1921
1922
1922
1923
1924
1924
1925
1926
1927
1929
1931
1932
1932
1932
1932
1933
1936
1937
1938
1941
1942
1942
1943
1944
1944
1944
1944
1944
1946
1947
1948
1950
1950
1951
1952
1952
1954
1955
1955
1957
1957
1959
1961
1962
1963
1966
1967
1970
1970
1971
1971
1972
1976
1976
1976
1980
1981
1981
1982
1983
1984
1985
1986
1987
1987
1987
1988
1988
1989
1989
1990
1990
1991
1992
1992
1992
1993
1993
1994
1995
1995
1996
1997
2000
2000
2002
2002
2003
2004
2005
2006
2008
2009
2010
2011
2012
2014
2014
2015
2015
2017
2018
2019
2019
2019
2020
2020
2021
2022
2023
2024
2024
2025
2026
2027
2030
2031
2031
2032
2032
2033
2033
2033
2037
2037
2037
2038
2038
2039
2041
2042
2045
2045
2046
2047
2047
2048
2048
2048
2048
2048
2048
2049
2049
2051
2052
2052
2053
2053
2056
2057
2058
2059
2059
2059
2062
2066
2066
2068
2068
2068
2069
2069
2070
2071
2071
2072
2072
2073
2073
2073
2073
2074
2074
2076
2076
2077
2077
2079
2080
2080
2081
2081
2083
2085
2085
2087
2088
2088
2088
2090
2091
2091
2092
2093
2093
2094
2095
2096
2096
2097
2097
2099
2100
2102
2104
2109
2110
2110
2110
2111
2111
2112
2114
2115
2118
2119
2123
2123
2124
2124
2125
2126
2126
2127
2127
2127
2127
2129
2130
2132
2132
2133
2134
2136
2137
2138
2139
2140
2142
2142
2143
2146
2149
2150
2152
2153
2153
2157
2157
2157
2158
2160
2162
2163
2163
2167
2168
2177
2178
2180
2180
2180
2181
2181
2182
2182
2182
2184
2184
2185
2187
2188
2190
2190
2190
2190
2191
2192
2192
2193
2194
2195
2197
2197
2200
2200
2201
2201
2202
2202
2203
2205
2205
2206
2211
2212
2215
2215
2215
2215
2216
2220
2220
2220
2221
2223
2224
2224
2226
2227
2227
2227
2230
2230
2230
2231
2233
2233
2236
2237
2239
2242
2244
2245
2247
2250
2251
2252
2254
2257
2257
2258
2260
2260
2260
2262
2263
2263
2264
2266
2266
2268
2268
2270
2271
2271
2272
2272
2274
2275
2275
2277
2278
2279
2279
2280
2280
2280
2281
2284
2285
2287
2290
2291
2292
2292
2293
2293
2293
2294
2295
2295
2297
2298
2300
2301
2303
2303
2303
2305
2305
2306
2306
2307
2307
2308
2308
2309
2310
2313
2314
2315
2315
2316
2316
2316
2320
2320
2320
2320
2322
2322
2323
2326
2327
2328
2328
2329
2332
2332
2333
2333
2333
2335
2336
2336
2336
2337
2338
2338
2339
2340
2340
2340
2343
2343
2343
2345
2345
2345
2346
2347
2348
2348
2349
2349
2349
2350
2352
2353
2354
2355
2356
2356
2356
2357
2357
2359
2362
2363
2363
2365
2365
2365
2366
2368
2368
2368
2371
2372
2375
2375
2376
2378
2379
2380
2382
2383
2384
2384
2384
2385
2386
2388
2388
2388
2389
2389
2389
2389
2389
2390
2390
2391
2391
2392
2393
2393
2395
2395
2395
2396
2396
2398
2400
2401
2402
2402
2403
2403
2406
2407
2409
2410
2411
2413
2413
2414
2414
2414
2415
2417
2417
2421
2421
2422
2422
2423
2423
2423
2424
2424
2426
2427
2429
2429
2432
2434
2434
2434
2436
2436
2437
2437
2438
2440
2441
2441
2442
2443
2444
2446
2448
2448
2450
2451
2453
2455
2455
2455
2456
2460
2464
2464
2465
2466
2469
2469
2470
2470
2470
2470
2471
2471
2472
2473
2473
2474
2474
2475
2476
2477
2478
2478
2480
2481
2481
2482
2483
2483
2484
2485
2486
2486
2487
2488
2488
2488
2488
2489
2489
2490
2490
2492
2494
2495
2495
2496
2498
2498
2498
2499
2499
2499
2500
2500
2500
2500
2500
2501
2503
2503
2504
2504
2505
2506
2508
2508
2510
2510
2512
2513
2513
2515
2515
2515
2517
2517
2518
2520
2522
2522
2523
2524
2525
2525
2529
2529
2530
2531
2533
2534
2535
2536
2536
2537
2538
2539
2540
2540
2540
2541
2542
2543
2543
2544
2546
2548
2549
2549
2549
2549
2550
2552
2552
2552
2552
2553
2553
2554
2554
2555
2555
2558
2559
2560
2560
2560
2561
2564
2565
2566
2566
2567
2568
2569
2570
2571
2572
2575
2576
2580
2580
2581
2583
2583
2584
2585
2587
2588
2590
2592
2594
2595
2596
2597
2599
2599
2600
2601
2601
2604
2606
2606
2606
2609
2609
2609
2610
2611
2611
2613
2614
2616
2618
2619
2621
2629
2630
2632
2635
2635
2637
2637
2638
2639
2644
2646
2647
2649
2649
2650
2654
2655
2655
2656
2656
2658
2659
2659
2660
2661
2662
2662
2662
2663
2667
2668
2669
2669
2670
2671
2671
2674
2674
2676
2676
2679
2680
2681
2681
2683
2684
2688
2689
2689
2691
2691
2692
2692
2692
2693
2693
2694
2694
2695
2696
2697
2697
2698
2699
2699
2700
2700
2705
2705
2706
2709
2712
2714
2717
2718
2719
2721
2722
2722
2722
2723
2725
2726
2726
2727
2728
2729
2729
2730
2731
2732
2733
2734
2736
2737
2738
2740
2740
2741
2742
2743
2745
2745
2746
2746
2746
2746
2747
2747
2747
2747
2748
2748
2749
2751
2752
2754
2755
2756
2757
2758
2758
2758
2761
2762
2763
2763
2763
2763
2763
2764
2764
2766
2766
2767
2767
2769
2769
2770
2770
2770
2771
2771
2772
2772
2774
2774
2775
2775
2778
2778
2779
2780
2780
2783
2787
2788
2792
2792
2793
2794
2795
2795
2796
2797
2797
2799
2799
2801
2801
2803
2805
2806
2806
2806
2807
2808
2808
2808
2809
2811
2812
2812
2813
2816
2816
2817
2819
2819
2821
2822
2822
2824
2827
2827
2828
2828
2828
2828
2831
2831
2831
2833
2833
2834
2835
2838
2838
2839
2839
2841
2842
2843
2843
2845
2846
2846
2846
2847
2848
2849
2849
2849
2851
2852
2852
2853
2854
2854
2856
2856
2856
2859
2860
2861
2861
2862
2863
2864
2867
2867
2867
2867
2868
2870
2870
2870
2872
2876
2876
2876
2877
2878
2878
2878
2878
2879
2883
2884
2884
2885
2886
2886
2886
2888
2890
2890
2891
2892
2893
2893
2896
2896
2896
2897
2898
2899
2899
2899
2900
2901
2902
2903
2904
2904
2904
2904
2904
2905
2908
2908
2909
2909
2910
2910
2910
2916
2917
2920
2920
2922
2922
2923
2923
2923
2923
2926
2926
2926
2927
2928
2929
2930
2930
2931
2932
2932
2933
2935
2935
2936
2938
2938
2938
2940
2940
2941
2942
2942
2944
2944
2944
2947
2948
2949
2950
2952
2954
2954
2955
2955
2955
2956
2957
2959
2961
2962
2963
2965
2967
2967
2970
2970
2971
2972
2973
2973
2977
2977
2978
2978
2981
2983
2984
2985
2985
2986
2986
2986
2987
2987
2988
2989
2993
2995
2996
2997
2997
3000
3001
3001
3003
3004
3006
3008
3009
3010
3010
3012
3012
3014
3015
3016
3016
3018
3020
3023
3025
3025
3025
3026
3026
3027
3028
3032
3033
3033
3034
3034
3036
3036
3037
3038
3039
3043
3044
3044
3045
3045
3045
3046
3047
3047
3048
3049
3049
3050
3051
3052
3053
3056
3057
3057
3059
3059
3060
3061
3062
3063
3064
3065
3066
3071
3072
3072
3072
3075
3075
3077
3078
3079
3080
3080
3080
3081
3083
3084
3086
3087
3088
3089
3091
3093
3094
3094
3094
3094
3094
3096
3097
3098
3098
3099
3101
3102
3108
3109
3109
3111
3111
3111
3112
3113
3114
3114
3114
3115
3116
3118
3119
3123
3123
3123
3124
3124
3125
3127
3127
3128
3128
3128
3130
3132
3133
3133
3133
3138
3138
3138
3138
3138
3141
3142
3143
3144
3144
3145
3145
3146
3146
3147
3147
3149
3150
3151
3152
3153
3154
3154
3155
3155
3156
3157
3158
3158
3159
3161
3161
3164
3164
3165
3165
3168
3168
3169
3169
3169
3169
3170
3170
3171
3172
3174
3175
3176
3179
3179
3181
3181
3182
3182
3182
3182
3183
3183
3185
3185
3187
3187
3187
3188
3191
3192
3192
3193
3195
3196
3197
3197
3199
3200
3201
3201
3202
3204
3207
3208
3209
3209
3210
3210
3213
3214
3215
3217
3218
3218
3219
3220
3221
3221
3223
3224
3224
3224
3226
3226
3226
3227
3231
3231
3232
3232
3235
3236
3237
3238
3240
3241
3241
3245
3246
3247
3249
3249
3249
3249
3250
3251
3251
3255
3255
3255
3256
3259
3260
3261
3261
3264
3267
3267
3268
3268
3270
3272
3273
3274
3275
3276
3276
3277
3278
3278
3280
3280
3280
3280
3284
3286
3288
3291
3291
3292
3293
3294
3296
3298
3298
3299
3299
3300
3302
3302
3302
3303
3304
3304
3305
3305
3306
3306
3308
3308
3309
3310
3312
3313
3313
3313
3314
3315
3315
3320
3321
3321
3322
3322
3322
3324
3324
3326
3333
3334
3335
3336
3337
3337
3337
3339
3341
3342
3344
3344
3345
3347
3347
3347
3352
3352
3354
3354
3354
3356
3357
3357
3358
3358
3360
3362
3362
3363
3363
3364
3365
3366
3366
3368
3368
3369
3369
3369
3372
3373
3375
3376
3376
3376
3376
3378
3378
3378
3379
3381
3381
3382
3382
3382
3383
3383
3383
3384
3384
3385
3386
3387
3387
3391
3393
3394
3395
3395
3395
3397
3399
3401
3401
3402
3404
3404
3404
3406
3406
3409
3410
3411
3411
3412
3413
3413
3415
3415
3416
3417
3418
3419
3419
3419
3420
3423
3423
3425
3427
3427
3431
3431
3431
3433
3433
3435
3435
3436
3441
3441
3442
3443
3443
3444
3445
3445
3447
3450
3450
3455
3456
3456
3457
3457
3457
3458
3459
3460
3460
3461
3461
3463
3464
3466
3468
3469
3470
3470
3472
3473
3473
3475
3477
3477
3479
3479
3479
3480
3480
3481
3483
3483
3485
3487
3489
3490
3493
3495
3495
3495
3496
3496
3496
3498
3498
3498
3500
3501
3501
3501
3502
3502
3502
3503
3503
3507
3509
3513
3513
3514
3514
3515
3515
3516
3517
3517
3518
3518
3518
3523
3523
3526
3526
3526
3527
3528
3529
3532
3533
3533
3534
3537
3538
3538
3539
3540
3540
3541
3542
3542
3542
3542
3546
3547
3551
3551
3555
3555
3555
3556
3556
3557
3560
3561
3561
3562
3563
3563
3564
3566
3570
3573
3574
3575
3577
3578
3579
3579
3579
3582
3583
3584
3584
3585
3586
3586
3587
3587
3587
3588
3589
3591
3592
3592
3593
3593
3593
3594
3597
3598
3598
3599
3600
3601
3601
3602
3603
3604
3607
3609
3610
3610
3610
3611
3612
3612
3613
3613
3614
3615
3615
3617
3617
3619
3619
3620
3624
3626
3627
3627
3628
3628
3628
3628
3630
3630
3630
3630
3634
3634
3637
3638
3639
3639
3639
3642
3642
3642
3643
3644
3645
3646
3647
3647
3649
3649
3650
3652
3652
3654
3655
3657
3658
3658
3660
3661
3663
3664
3665
3667
3670
3670
3670
3670
3671
3675
3676
3676
3679
3681
3682
3682
3683
3683
3683
3684
3684
3686
3686
3687
3687
3688
3688
3688
3688
3689
3691
3691
3692
3694
3695
3695
3695
3696
3697
3698
3698
3698
3698
3699
3700
3702
3702
3703
3705
3709
3709
3709
3710
3710
3712
3712
3714
3715
3717
3717
3717
3718
3718
3720
3723
3723
3723
3725
3725
3725
3726
3728
3729
3731
3732
3734
3735
3737
3737
3738
3739
3740
3741
3741
3741
3741
3742
3743
3743
3743
3746
3746
3747
3747
3748
3750
3751
3751
3752
3753
3753
3755
3756
3758
3758
3760
3760
3761
3761
3762
3762
3765
3765
3766
3766
3767
3767
3769
3769
3770
3771
3772
3772
3775
3776
3777
3777
3779
3780
3781
3781
3781
3784
3784
3784
3784
3784
3786
3788
3791
3791
3793
3795
3795
3796
3796
3797
3797
3797
3797
3798
3798
3799
3799
3800
3802
3802
3802
3803
3804
3805
3806
3808
3809
3812
3812
3813
3814
3815
3816
3816
3816
3817
3822
3824
3825
3827
3827
3828
3828
3829
3829
3829
3831
3833
3834
3835
3835
3835
3835
3837
3838
3838
3838
3838
3840
3841
3842
3843
3843
3844
3844
3845
3845
3846
3846
3848
3848
3848
3849
3849
3849
3849
3850
3850
3851
3851
3853
3853
3855
3855
3856
3861
3863
3864
3865
3866
3866
3869
3870
3871
3872
3872
3873
3873
3873
3874
3876
3876
3877
3879
3880
3880
3881
3882
3885
3885
3886
3886
3887
3887
3887
3887
3888
3890
3891
3891
3891
3893
3894
3895
3896
3896
3897
3897
3898
3898
3899
3900
3905
3906
3910
3912
3912
3915
3917
3919
3920
3921
3922
3923
3923
3923
3925
3925
3925
3926
3926
3928
3929
3931
3931
3933
3933
3933
3934
3934
3935
3938
3940
3940
3940
3941
3943
3943
3943
3943
3947
3947
3948
3949
3951
3952
3953
3953
3955
3955
3956
3956
3959
3959
3961
3961
3961
3962
3962
3962
3963
3964
3965
3968
3969
3970
3970
3970
3971
3972
3974
3974
3977
3978
3978
3978
3979
3979
3980
3980
3981
3981
3983
3984
3986
3988
3989
3991
3992
3993
3994
3994
3995
3995
3996
3996
3997
4000
4001
4003
4003
4006
4007
4008
4008
4008
4009
4009
4010
4012
4013
4013
4018
4018
4019
4020
4020
4023
4024
4027
4028
4028
4029
4029
4030
4030
4030
4030
4033
4035
4036
4037
4037
4039
4040
4044
4044
4045
4047
4048
4048
4050
4050
4052
4052
4052
4053
4056
4056
4058
4059
4062
4068
4069
4069
4069
4070
4071
4073
4073
4073
4075
4076
4079
4079
4079
4079
4080
4080
4081
4081
4083
4083
4089
4090
4091
4092
4092
4093
4094
4094
4095
4097
4098
4099
4100
4100
4102
4102
4104
4104
4104
4105
4106
4107
4108
4108
4111
4111
4111
4112
4113
4114
4115
4115
4116
4119
4119
4120
4120
4122
4123
4125
4127
4127
4127
4128
4129
4129
4130
4131
4132
4132
4133
4134
4134
4135
4136
4136
4137
4137
4138
4139
4139
4139
4140
4141
4141
4142
4142
4142
4144
4144
4145
4150
4151
4151
4151
4152
4154
4155
4157
4159
4159
4160
4160
4160
4164
4165
4166
4166
4166
4167
4167
4168
4170
4170
4171
4171
4171
4172
4175
4175
4175
4177
4178
4181
4181
4182
4182
4183
4183
4183
4184
4185
4187
4191
4192
4193
4195
4197
4197
4198
4199
4199
4201
4201
4202
4202
4203
4205
4208
4208
4209
4209
4209
4210
4211
4212
4213
4215
4215
4217
4219
4219
4219
4220
4221
4221
4223
4224
4225
4225
4225
4227
4228
4228
4229
4231
4235
4235
4236
4237
4238
4238
4238
4239
4240
4240
4243
4243
4243
4243
4244
4245
4245
4247
4250
4251
4252
4253
4253
4254
4254
4256
4257
4259
4263
4264
4265
4266
4267
4267
4267
4270
4271
4272
4276
4277
4280
4280
4280
4280
4281
4284
4284
4285
4286
4287
4287
4289
4289
4291
4292
4292
4294
4295
4295
4296
4296
4297
4297
4299
4300
4302
4304
4313
4315
4315
4315
4317
4318
4319
4319
4319
4320
4320
4322
4322
4322
4323
4323
4324
4328
4328
4328
4329
4329
4333
4334
4334
4335
4336
4341
4342
4342
4342
4342
4343
4343
4345
4346
4347
4347
4347
4348
4348
4349
4349
4353
4353
4355
4355
4359
4359
4360
4363
4366
4368
4368
4369
4369
4369
4376
4378
4378
4380
4381
4381
4381
4382
4384
4385
4386
4386
4387
4389
4389
4390
4390
4391
4392
4392
4393
4393
4394
4394
4395
4396
4397
4397
4398
4399
4400
4401
4402
4402
4404
4407
4407
4407
4408
4410
4413
4414
4418
4419
4419
4421
4422
4423
4423
4423
4424
4425
4426
4426
4431
4431
4432
4433
4433
4436
4436
4437
4437
4440
4440
4441
4441
4442
4445
4447
4450
4451
4451
4452
4452
4455
4457
4460
4460
4462
4463
4464
4464
4467
4468
4470
4470
4471
4471
4474
4476
4476
4476
4478
4479
4479
4481
4485
4486
4486
4486
4486
4488
4488
4489
4490
4491
4492
4492
4492
4493
4494
4494
4496
4497
4497
4498
4498
4500
4501
4502
4503
4503
4503
4506
4508
4510
4511
4513
4516
4517
4517
4518
4518
4518
4519
4520
4520
4521
4522
4522
4523
4524
4524
4524
4525
4527
4527
4529
4531
4532
4533
4534
4535
4535
4537
4538
4538
4538
4539
4541
4542
4542
4542
4543
4545
4545
4545
4546
4546
4549
4550
4551
4552
4552
4556
4556
4557
4557
4558
4558
4559
4559
4559
4561
4562
4564
4564
4567
4568
4568
4569
4569
4571
4571
4572
4572
4572
4573
4575
4576
4577
4577
4577
4580
4580
4583
4583
4584
4584
4584
4584
4589
4590
4590
4595
4596
4598
4600
4602
4605
4606
4606
4607
4607
4608
4609
4610
4610
4611
4611
4612
4613
4614
4614
4614
4617
4617
4618
4619
4619
4619
4619
4620
4621
4625
4625
4625
4625
4627
4628
4628
4629
4630
4633
4633
4634
4635
4636
4636
4636
4637
4638
4638
4639
4639
4640
4641
4642
4642
4643
4644
4645
4645
4646
4646
4646
4648
4648
4648
4648
4648
4649
4650
4651
4652
4654
4655
4660
4660
4661
4664
4666
4666
4668
4669
4671
4672
4672
4674
4677
4677
4677
4677
4680
4680
4680
4680
4680
4682
4682
4683
4688
4689
4691
4691
4692
4692
4692
4692
4693
4693
4695
4696
4697
4697
4697
4699
4699
4701
4701
4702
4702
4703
4704
4704
4706
4707
4707
4707
4708
4708
4711
4711
4711
4713
4713
4715
4718
4718
4720
4721
4721
4721
4721
4722
4724
4726
4726
4727
4727
4729
4730
4732
4734
4734
4735
4736
4737
4737
4738
4740
4741
4743
4744
4744
4746
4746
4749
4749
4750
4752
4756
4756
4757
4758
4760
4760
4760
4760
4761
4761
4762
4764
4764
4764
4765
4765
4767
4767
4768
4768
4770
4770
4772
4772
4772
4773
4775
4776
4778
4778
4779
4779
4780
4782
4785
4785
4787
4787
4788
4788
4788
4789
4789
4791
4792
4792
4794
4797
4797
4797
4799
4800
4802
4802
4803
4803
4804
4805
4807
4807
4808
4809
4812
4813
4814
4815
4816
4821
4825
4826
4826
4827
4828
4829
4830
4830
4830
4832
4832
4832
4833
4833
4834
4834
4837
4839
4841
4842
4843
4845
4847
4848
4849
4849
4850
4851
4853
4853
4854
4856
4858
4860
4861
4862
4862
4862
4865
4865
4868
4869
4871
4873
4874
4876
4878
4881
4881
4882
4882
4882
4883
4883
4884
4887
4891
4893
4894
4895
4895
4897
4898
4899
4901
4901
4901
4902
4902
4902
4903
4903
4904
4905
4906
4906
4909
4912
4913
4913
4913
4914
4915
4916
4918
4918
4918
4920
4921
4921
4921
4923
4924
4926
4926
4926
4927
4927
4927
4928
4928
4929
4930
4931
4932
4935
4939
4940
4941
4942
4943
4944
4945
4946
4951
4952
4953
4953
4953
4958
4960
4960
4961
4962
4963
4965
4966
4966
4968
4968
4969
4971
4971
4972
4973
4974
4974
4975
4978
4979
4979
4981
4982
4982
4983
4983
4985
4987
4988
4989
4990
4991
4991
4992
4993
4993
4993
4996
4997
4997
4997
4998
4999
5000
5000
5001
5002
5003
5004
5005
5005
5006
5008
5008
5009
5012
5015
5017
5019
5021
5022
5027
5030
5030
5030
5031
5031
5032
5033
5034
5035
5035
5039
5041
5042
5043
5043
5044
5044
5045
5046
5047
5048
5051
5051
5051
5052
5053
5053
5054
5055
5055
5057
5057
5058
5058
5060
5060
5060
5066
5066
5066
5066
5068
5069
5069
5070
5073
5074
5074
5074
5074
5074
5075
5076
5077
5078
5079
5079
5082
5082
5082
5084
5084
5084
5085
5087
5087
5088
5088
5090
5091
5092
5092
5094
5096
5096
5097
5097
5098
5099
5104
5104
5104
5105
5105
5105
5108
5108
5109
5110
5113
5113
5113
5115
5116
5116
5117
5118
5118
5121
5121
5122
5123
5126
5129
5129
5130
5131
5132
5134
5134
5136
5136
5137
5138
5138
5141
5141
5142
5145
5146
5150
5150
5152
5152
5152
5153
5156
5156
5157
5158
5159
5160
5160
5161
5161
5162
5162
5163
5163
5163
5164
5165
5165
5166
5167
5168
5170
5170
5171
5173
5174
5175
5175
5176
5177
5178
5178
5179
5179
5180
5184
5184
5185
5186
5186
5188
5188
5190
5191
5193
5194
5195
5198
5199
5202
5203
5203
5203
5203
5204
5205
5208
5209
5210
5212
5213
5213
5213
5213
5214
5214
5215
5215
5215
5218
5218
5219
5221
5222
5223
5228
5231
5233
5234
5235
5235
5236
5236
5237
5240
5241
5242
5243
5243
5244
5245
5246
5247
5248
5248
5250
5251
5252
5254
5255
5255
5257
5259
5263
5263
5264
5264
5264
5265
5266
5267
5268
5268
5269
5271
5273
5274
5275
5276
5280
5281
5281
5282
5282
5282
5284
5285
5285
5286
5288
5289
5291
5291
5294
5295
5298
5298
5299
5300
5300
5300
5301
5303
5304
5305
5306
5306
5307
5308
5310
5312
5313
5314
5314
5316
5318
5319
5321
5322
5322
5323
5324
5324
5326
5327
5327
5331
5332
5333
5333
5334
5335
5336
5336
5336
5337
5338
5339
5339
5339
5340
5341
5341
5342
5342
5342
5343
5343
5344
5349
5349
5355
5356
5356
5356
5358
5361
5362
5362
5363
5363
5363
5363
5363
5364
5366
5366
5367
5368
5368
5368
5370
5372
5373
5374
5374
5374
5375
5376
5377
5377
5378
5379
5380
5380
5382
5382
5383
5383
5383
5383
5384
5385
5386
5387
5387
5388
5388
5394
5394
5396
5396
5397
5397
5402
5402
5403
5404
5404
5405
5405
5405
5406
5408
5410
5411
5411
5413
5414
5414
5415
5417
5417
5419
5419
5420
5420
5421
5422
5422
5423
5423
5425
5426
5427
5427
5427
5427
5428
5428
5429
5430
5431
5431
5431
5432
5433
5433
5433
5435
5435
5436
5438
5439
5443
5444
5445
5446
5448
5451
5451
5452
5452
5452
5453
5454
5458
5460
5461
5461
5462
5462
5462
5463
5464
5466
5466
5466
5467
5472
5472
5472
5473
5474
5474
5476
5478
5478
5479
5480
5481
5481
5483
5484
5484
5487
5487
5488
5488
5489
5489
5490
5490
5490
5491
5491
5491
5492
5493
5493
5494
5494
5495
5497
5498
5498
5499
5501
5501
5502
5502
5502
5506
5507
5507
5507
5508
5509
5510
5511
5512
5514
5516
5518
5519
5520
5520
5521
5521
5523
5523
5523
5525
5526
5527
5528
5530
5532
5532
5532
5534
5535
5535
5535
5537
5537
5538
5538
5539
5541
5542
5542
5542
5543
5543
5544
5545
5546
5547
5547
5547
5549
5550
5550
5550
5551
5551
5554
5555
5556
5558
5560
5561
5561
5563
5563
5564
5564
5567
5567
5569
5570
5570
5571
5571
5571
5572
5574
5574
5574
5574
5575
5576
5576
5576
5578
5578
5578
5579
5580
5581
5585
5587
5587
5588
5588
5588
5589
5591
5591
5591
5591
5591
5592
5593
5594
5594
5595
5596
5598
5601
5604
5607
5607
5608
5609
5609
5609
5610
5610
5610
5610
5612
5612
5612
5612
5613
5614
5614
5615
5617
5619
5622
5624
5624
5625
5625
5626
5626
5630
5631
5631
5632
5633
5633
5634
5635
5636
5636
5637
5637
5638
5639
5641
5644
5645
5646
5646
5647
5649
5650
5651
5653
5654
5655
5655
5657
5657
5660
5660
5662
5663
5664
5664
5666
5666
5667
5669
5671
5672
5673
5674
5674
5675
5676
5676
5676
5678
5679
5680
5680
5682
5683
5686
5686
5687
5688
5689
5693
5694
5694
5694
5696
5697
5698
5699
5699
5699
5699
5699
5699
5700
5700
5700
5701
5701
5701
5702
5703
5703
5703
5704
5704
5705
5708
5708
5710
5712
5713
5714
5715
5715
5716
5717
5718
5718
5718
5718
5719
5719
5721
5723
5725
5726
5726
5728
5728
5732
5733
5734
5738
5738
5739
5739
5739
5739
5739
5739
5740
5740
5741
5741
5746
5749
5749
5750
5752
5756
5756
5756
5757
5759
5760
5763
5763
5764
5765
5765
5766
5767
5767
5768
5770
5770
5770
5772
5772
5772
5772
5774
5777
5778
5778
5779
5780
5781
5784
5786
5788
5788
5790
5791
5794
5795
5795
5795
5796
5796
5797
5798
5798
5798
5799
5799
5800
5800
5801
5801
5804
5806
5807
5809
5814
5817
5821
5821
5822
5823
5823
5823
5824
5826
5826
5829
5831
5833
5833
5834
5835
5836
5837
5838
5841
5842
5843
5843
5843
5843
5844
5845
5847
5847
5848
5848
5850
5850
5852
5852
5853
5854
5855
5859
5859
5859
5862
5864
5864
5866
5867
5868
5869
5870
5870
5870
5871
5871
5872
5873
5875
5878
5880
5880
5882
5882
5884
5884
5886
5887
5889
5890
5891
5893
5894
5894
5894
5896
5901
5901
5905
5905
5905
5908
5913
5918
5919
5919
5919
5921
5922
5923
5924
5924
5925
5926
5927
5928
5928
5931
5931
5932
5933
5934
5935
5940
5941
5942
5943
5943
5944
5945
5946
5947
5948
5948
5952
5953
5953
5954
5954
5954
5957
5959
5960
5960
5961
5961
5962
5962
5962
5962
5966
5967
5967
5968
5971
5971
5972
5973
5974
5974
5976
5976
5977
5978
5978
5978
5978
5979
5979
5979
5979
5979
5979
5981
5981
5982
5983
5983
5985
5985
5987
5987
5987
5988
5990
5991
5992
5992
5993
5994
5995
5995
5996
5996
5996
5997
6000
6000
6000
6000
6002
6005
6005
6005
6006
6006
6007
6009
6010
6011
6011
6012
6012
6012
6014
6014
6015
6016
6018
6018
6019
6019
6024
6028
6031
6032
6032
6036
6038
6039
6039
6040
6042
6043
6044
6044
6045
6045
6046
6047
6049
6050
6053
6054
6056
6059
6060
6062
6062
6064
6065
6066
6066
6067
6067
6068
6068
6069
6069
6069
6071
6071
6073
6073
6074
6074
6075
6075
6075
6075
6077
6079
6080
6081
6081
6082
6085
6087
6089
6091
6091
6094
6094
6095
6097
6099
6101
6102
6102
6106
6106
6107
6107
6107
6107
6107
6108
6108
6108
6109
6110
6110
6111
6113
6113
6118
6119
6120
6120
6122
6126
6126
6128
6129
6129
6130
6130
6130
6131
6137
6139
6140
6140
6140
6141
6141
6142
6143
6145
6146
6147
6148
6148
6148
6149
6151
6151
6151
6152
6153
6155
6156
6156
6157
6158
6159
6159
6159
6163
6164
6166
6167
6167
6168
6168
6168
6168
6171
6173
6174
6175
6176
6176
6176
6179
6180
6181
6187
6188
6188
6188
6189
6190
6192
6193
6193
6196
6197
6198
6200
6200
6201
6201
6203
6203
6209
6209
6209
6209
6211
6213
6213
6214
6214
6217
6220
6221
6221
6222
6224
6224
6225
6225
6226
6227
6227
6228
6230
6231
6232
6233
6233
6233
6233
6234
6234
6234
6235
6236
6238
6238
6238
6239
6241
6241
6242
6242
6244
6246
6247
6248
6248
6249
6251
6253
6254
6257
6259
6261
6261
6264
6264
6265
6266
6268
6268
6271
6272
6276
6276
6276
6277
6278
6279
6280
6282
6283
6285
6286
6288
6288
6289
6291
6293
6293
6294
6295
6296
6298
6298
6298
6298
6298
6301
6303
6304
6304
6304
6304
6305
6305
6305
6306
6307
6307
6307
6308
6309
6309
6309
6309
6310
6312
6312
6316
6316
6317
6318
6318
6319
6319
6319
6320
6320
6320
6322
6322
6325
6326
6328
6328
6332
6333
6334
6335
6336
6338
6340
6341
6345
6346
6346
6346
6347
6348
6350
6350
6351
6351
6355
6356
6357
6358
6358
6359
6359
6360
6365
6366
6366
6367
6369
6370
6371
6373
6373
6375
6376
6377
6377
6379
6380
6381
6383
6384
6384
6384
6384
6386
6387
6390
6392
6396
6396
6397
6398
6400
6402
6402
6402
6403
6407
6409
6409
6410
6411
6413
6414
6416
6421
6424
6424
6425
6425
6425
6426
6426
6428
6430
6430
6432
6433
6433
6435
6438
6439
6440
6443
6445
6446
6447
6447
6447
6448
6451
6453
6454
6457
6457
6457
6458
6458
6461
6461
6462
6463
6463
6464
6464
6465
6466
6466
6467
6472
6473
6473
6473
6474
6475
6476
6478
6478
6478
6479
6479
6483
6484
6484
6484
6485
6485
6485
6487
6487
6490
6493
6493
6494
6495
6497
6497
6498
6499
6500
6501
6501
6501
6503
6504
6504
6504
6506
6507
6507
6507
6508
6508
6509
6510
6511
6513
6514
6516
6516
6517
6519
6519
6520
6520
6521
6523
6523
6524
6524
6525
6527
6530
6531
6531
6533
6533
6533
6535
6535
6536
6537
6537
6538
6541
6541
6542
6542
6545
6545
6546
6547
6547
6547
6550
6552
6554
6556
6556
6556
6559
6561
6561
6562
6562
6562
6565
6565
6566
6568
6568
6569
6569
6570
6571
6571
6572
6572
6573
6574
6576
6576
6577
6577
6578
6578
6578
6580
6582
6583
6583
6583
6583
6584
6587
6587
6588
6589
6589
6592
6592
6592
6593
6593
6594
6595
6598
6605
6605
6606
6607
6607
6607
6607
6607
6608
6609
6609
6611
6611
6612
6614
6615
6615
6617
6618
6621
6621
6623
6623
6624
6626
6626
6628
6629
6630
6632
6632
6632
6632
6633
6633
6634
6634
6636
6637
6639
6640
6642
6642
6642
6644
6645
6645
6647
6647
6648
6648
6651
6651
6653
6654
6654
6655
6656
6659
6659
6663
6664
6664
6665
6665
6665
6666
6668
6668
6668
6670
6670
6670
6671
6674
6675
6675
6675
6676
6679
6680
6682
6689
6690
6690
6691
6691
6691
6692
6692
6692
6693
6693
6695
6698
6698
6700
6701
6702
6703
6703
6705
6706
6709
6710
6710
6711
6712
6713
6715
6718
6723
6723
6723
6723
6727
6727
6728
6729
6733
6736
6737
6737
6737
6739
6739
6741
6741
6742
6743
6743
6744
6744
6748
6748
6750
6750
6751
6751
6753
6754
6754
6756
6757
6757
6757
6758
6759
6760
6760
6760
6761
6761
6762
6763
6763
6763
6764
6764
6765
6766
6768
6768
6769
6770
6771
6773
6774
6774
6776
6776
6777
6777
6781
6781
6784
6785
6785
6787
6788
6790
6791
6791
6792
6792
6793
6796
6797
6797
6798
6798
6799
6799
6800
6801
6803
6803
6803
6804
6805
6807
6809
6810
6810
6811
6811
6812
6813
6814
6816
6816
6816
6816
6818
6821
6821
6823
6827
6831
6833
6835
6835
6835
6837
6839
6839
6841
6841
6841
6843
6844
6844
6845
6846
6847
6847
6848
6849
6849
6849
6851
6852
6852
6852
6852
6854
6856
6858
6858
6858
6859
6862
6862
6863
6864
6864
6865
6865
6866
6867
6867
6868
6870
6871
6871
6872
6874
6875
6877
6878
6880
6880
6881
6882
6884
6884
6885
6887
6888
6888
6889
6890
6890
6892
6892
6893
6893
6893
6893
6894
6895
6897
6897
6897
6897
6900
6901
6902
6903
6904
6904
6905
6906
6906
6907
6907
6907
6908
6910
6910
6913
6913
6918
6920
6920
6922
6922
6923
6924
6925
6926
6926
6926
6926
6926
6927
6927
6931
6934
6934
6935
6935
6937
6938
6939
6942
6943
6943
6943
6944
6945
6946
6946
6948
6951
6953
6954
6954
6955
6955
6957
6958
6958
6964
6966
6966
6966
6969
6969
6969
6971
6972
6973
6976
6976
6977
6977
6979
6979
6980
6983
6985
6988
6989
6989
6990
6991
6992
6993
6993
6994
6994
6995
6995
6996
6996
6997
6997
6997
6998
6999
6999
6999
7000
7001
7002
7002
7003
7003
7004
7005
7005
7007
7008
7008
7008
7009
7010
7011
7012
7013
7015
7015
7015
7016
7017
7018
7018
7019
7020
7021
7022
7023
7023
7026
7026
7029
7029
7030
7031
7032
7032
7035
7038
7038
7039
7039
7039
7040
7042
7042
7044
7046
7046
7048
7048
7049
7049
7051
7053
7053
7053
7053
7055
7055
7055
7056
7057
7057
7059
7059
7060
7063
7064
7065
7066
7066
7067
7068
7068
7068
7069
7069
7069
7069
7069
7070
7070
7073
7074
7074
7075
7076
7077
7077
7077
7077
7078
7078
7078
7078
7079
7080
7081
7083
7084
7085
7085
7085
7085
7087
7089
7090
7092
7093
7093
7095
7096
7097
7101
7101
7101
7102
7105
7105
7106
7107
7112
7112
7114
7115
7115
7116
7117
7117
7118
7119
7121
7121
7121
7122
7124
7124
7125
7125
7126
7128
7129
7129
7132
7133
7136
7137
7138
7139
7140
7141
7144
7145
7148
7149
7151
7154
7158
7159
7159
7162
7162
7163
7163
7163
7165
7168
7168
7169
7169
7173
7174
7174
7174
7176
7178
7178
7183
7183
7183
7184
7185
7185
7187
7187
7189
7190
7191
7192
7192
7193
7193
7195
7195
7196
7198
7201
7207
7209
7210
7212
7216
7216
7217
7219
7220
7223
7224
7225
7225
7225
7228
7228
7228
7230
7230
7230
7230
7232
7235
7235
7236
7240
7241
7242
7242
7244
7245
7245
7245
7248
7250
7250
7250
7250
7252
7253
7253
7255
7256
7256
7256
7257
7257
7257
7259
7260
7260
7261
7261
7261
7262
7262
7263
7264
7265
7266
7267
7268
7269
7269
7272
7272
7273
7274
7275
7278
7279
7279
7279
7279
7280
7281
7281
7281
7283
7284
7284
7285
7286
7287
7287
7290
7293
7293
7294
7294
7295
7297
7297
7299
7300
7302
7303
7304
7306
7307
7307
7308
7308
7309
7309
7309
7310
7311
7311
7312
7313
7317
7318
7320
7320
7321
7322
7324
7324
7325
7326
7326
7328
7328
7330
7334
7334
7334
7335
7336
7340
7340
7343
7344
7344
7345
7345
7345
7346
7347
7347
7348
7350
7350
7350
7351
7351
7351
7351
7352
7352
7353
7353
7353
7356
7358
7358
7359
7359
7360
7360
7361
7361
7361
7362
7362
7364
7364
7367
7368
7368
7370
7370
7371
7371
7373
7374
7374
7374
7375
7375
7376
7376
7376
7377
7378
7379
7380
7381
7382
7383
7385
7386
7392
7392
7392
7393
7393
7395
7396
7397
7398
7399
7400
7401
7402
7403
7404
7405
7408
7408
7409
7409
7410
7410
7411
7412
7412
7413
7415
7415
7415
7415
7415
7418
7419
7420
7420
7420
7421
7422
7423
7425
7427
7429
7431
7433
7434
7435
7435
7437
7440
7440
7440
7441
7443
7444
7445
7445
7446
7446
7447
7447
7450
7452
7453
7453
7453
7454
7455
7456
7457
7458
7458
7459
7459
7464
7465
7466
7467
7469
7469
7472
7476
7477
7480
7486
7487
7487
7488
7488
7488
7489
7491
7491
7492
7493
7494
7496
7496
7496
7497
7498
7501
7501
7501
7502
7504
7505
7505
7506
7507
7511
7511
7512
7513
7513
7513
7514
7514
7514
7517
7517
7517
7521
7523
7524
7527
7531
7531
7532
7532
7533
7533
7534
7534
7536
7536
7536
7537
7538
7539
7539
7539
7541
7541
7542
7545
7545
7547
7547
7551
7552
7552
7552
7553
7556
7557
7558
7558
7560
7560
7563
7566
7566
7567
7570
7570
7571
7572
7573
7574
7575
7577
7579
7581
7584
7584
7584
7585
7586
7589
7590
7592
7592
7592
7593
7594
7596
7596
7597
7598
7598
7600
7602
7605
7605
7606
7609
7610
7612
7613
7615
7615
7615
7615
7617
7619
7621
7621
7622
7625
7626
7627
7627
7629
7630
7632
7632
7635
7636
7638
7640
7640
7640
7640
7641
7643
7643
7644
7646
7647
7648
7649
7650
7651
7651
7651
7652
7652
7653
7653
7653
7655
7656
7656
7657
7657
7657
7658
7658
7658
7659
7662
7662
7663
7663
7663
7663
7666
7666
7669
7670
7671
7673
7675
7676
7678
7678
7678
7678
7681
7684
7684
7684
7685
7685
7686
7688
7688
7689
7689
7692
7693
7693
7693
7694
7694
7699
7700
7700
7700
7702
7703
7703
7704
7705
7705
7705
7707
7707
7707
7710
7710
7710
7711
7712
7714
7716
7716
7716
7716
7717
7718
7719
7722
7723
7723
7723
7724
7726
7727
7728
7729
7729
7730
7731
7731
7734
7735
7736
7737
7743
7744
7744
7744
7745
7745
7746
7746
7748
7749
7749
7750
7751
7752
7753
7753
7754
7754
7755
7756
7756
7758
7760
7763
7764
7765
7766
7766
7768
7771
7774
7774
7774
7776
7777
7778
7778
7779
7779
7780
7781
7781
7781
7781
7782
7782
7783
7784
7789
7792
7793
7793
7793
7796
7797
7797
7797
7798
7798
7799
7799
7800
7801
7801
7802
7802
7802
7803
7804
7805
7807
7808
7808
7809
7810
7814
7814
7816
7816
7817
7817
7817
7817
7818
7818
7819
7819
7819
7819
7821
7823
7824
7824
7824
7825
7826
7829
7830
7831
7836
7838
7842
7842
7843
7844
7844
7844
7848
7849
7851
7853
7854
7856
7856
7857
7860
7861
7862
7863
7864
7865
7865
7867
7869
7870
7874
7876
7876
7877
7877
7878
7879
7879
7880
7880
7881
7882
7882
7883
7884
7884
7885
7886
7886
7886
7888
7889
7892
7892
7893
7893
7895
7897
7899
7903
7904
7905
7907
7909
7910
7910
7911
7911
7912
7913
7913
7914
7916
7917
7918
7920
7921
7922
7923
7924
7924
7924
7926
7927
7929
7929
7929
7929
7933
7934
7935
7936
7937
7938
7939
7941
7942
7943
7943
7943
7944
7944
7944
7945
7946
7946
7948
7953
7956
7956
7958
7959
7959
7959
7959
7960
7961
7961
7961
7961
7962
7963
7964
7964
7967
7969
7970
7970
7971
7971
7971
7972
7973
7973
7974
7975
7977
7977
7978
7979
7980
7981
7981
7982
7982
7983
7984
7984
7984
7985
7985
7985
7987
7987
7989
7989
7992
7992
7993
7998
8000
8000
8001
8001
8003
8003
8006
8006
8008
8009
8009
8009
8010
8012
8012
8012
8015
8017
8019
8021
8021
8022
8022
8023
8025
8026
8028
8028
8029
8031
8031
8032
8032
8033
8034
8035
8035
8037
8039
8039
8040
8042
8042
8043
8044
8044
8044
8050
8050
8051
8053
8056
8057
8058
8058
8059
8059
8061
8062
8063
8063
8064
8064
8065
8067
8067
8067
8070
8070
8071
8074
8075
8075
8075
8078
8078
8078
8079
8079
8081
8081
8081
8081
8081
8081
8081
8082
8083
8083
8083
8083
8085
8086
8087
8088
8089
8091
8091
8092
8093
8095
8096
8097
8099
8099
8099
8100
8100
8101
8102
8102
8104
8106
8109
8110
8111
8111
8112
8113
8113
8114
8115
8115
8116
8116
8117
8118
8119
8121
8121
8122
8124
8125
8125
8125
8125
8127
8127
8128
8128
8129
8130
8130
8130
8132
8133
8134
8135
8135
8137
8137
8137
8140
8143
8144
8146
8146
8147
8147
8147
8148
8150
8151
8152
8153
8154
8154
8154
8154
8155
8155
8156
8156
8156
8156
8156
8158
8159
8160
8160
8162
8163
8165
8166
8166
8168
8169
8169
8169
8170
8171
8171
8172
8174
8176
8178
8181
8183
8184
8185
8185
8185
8188
8188
8189
8191
8191
8193
8197
8198
8198
8199
8201
8202
8202
8202
8202
8202
8203
8206
8206
8207
8208
8210
8210
8211
8212
8213
8215
8215
8215
8217
8218
8219
8220
8221
8222
8223
8223
8223
8224
8224
8224
8224
8229
8232
8233
8234
8234
8234
8236
8236
8237
8238
8240
8241
8242
8243
8244
8244
8245
8249
8249
8249
8250
8251
8251
8251
8253
8255
8255
8256
8256
8257
8257
8258
8258
8258
8260
8261
8262
8263
8263
8263
8263
8263
8268
8269
8272
8273
8273
8274
8276
8284
8284
8286
8287
8288
8288
8289
8289
8289
8291
8291
8293
8293
8294
8295
8296
8296
8297
8298
8299
8299
8300
8301
8301
8301
8302
8303
8303
8304
8305
8306
8310
8310
8310
8311
8312
8314
8314
8315
8316
8317
8318
8319
8320
8320
8320
8321
8324
8325
8325
8325
8326
8326
8327
8330
8331
8332
8335
8335
8336
8337
8338
8338
8338
8339
8339
8343
8344
8344
8346
8346
8348
8349
8350
8351
8351
8352
8354
8355
8357
8358
8358
8359
8359
8362
8362
8363
8363
8364
8364
8365
8366
8368
8371
8371
8372
8374
8376
8378
8378
8380
8384
8388
8389
8392
8392
8394
8395
8396
8397
8401
8402
8407
8408
8409
8409
8410
8410
8412
8412
8413
8414
8415
8415
8416
8417
8420
8421
8421
8421
8422
8423
8423
8423
8424
8424
8426
8427
8429
8429
8430
8431
8434
8436
8437
8439
8439
8440
8441
8441
8443
8444
8447
8447
8449
8449
8452
8452
8454
8455
8455
8456
8456
8458
8459
8459
8460
8460
8461
8461
8461
8462
8463
8464
8465
8465
8469
8470
8472
8472
8472
8473
8474
8474
8477
8477
8479
8480
8481
8482
8482
8482
8483
8487
8488
8490
8490
8493
8494
8496
8497
8498
8498
8500
8502
8503
8504
8506
8507
8509
8510
8511
8511
8511
8513
8514
8514
8517
8520
8522
8523
8525
8525
8528
8528
8528
8529
8530
8530
8531
8531
8534
8535
8538
8539
8539
8541
8541
8542
8542
8543
8544
8544
8546
8546
8548
8549
8549
8549
8549
8550
8550
8552
8553
8554
8559
8562
8563
8565
8565
8566
8568
8568
8569
8572
8574
8574
8574
8576
8577
8578
8580
8580
8581
8581
8582
8586
8587
8588
8591
8593
8593
8593
8594
8595
8596
8596
8596
8598
8601
8601
8603
8604
8605
8606
8606
8608
8609
8609
8609
8610
8610
8611
8611
8611
8611
8612
8612
8613
8617
8618
8621
8622
8623
8623
8624
8625
8627
8627
8627
8630
8631
8633
8633
8633
8633
8636
8636
8637
8637
8637
8638
8638
8642
8642
8642
8645
8647
8647
8647
8648
8648
8649
8650
8650
8650
8650
8650
8651
8652
8653
8654
8654
8655
8656
8656
8656
8657
8657
8658
8658
8658
8658
8659
8661
8661
8663
8664
8665
8667
8670
8673
8673
8674
8674
8675
8678
8679
8679
8682
8684
8684
8684
8685
8686
8687
8691
8691
8692
8693
8693
8694
8694
8695
8696
8697
8699
8701
8701
8702
8702
8703
8704
8704
8706
8708
8709
8709
8709
8710
8714
8714
8715
8715
8717
8718
8718
8719
8719
8720
8721
8721
8722
8722
8723
8724
8725
8729
8730
8731
8731
8733
8734
8735
8735
8735
8736
8737
8738
8741
8743
8744
8745
8745
8746
8746
8747
8748
8748
8748
8749
8749
8750
8751
8751
8751
8752
8753
8754
8756
8756
8756
8757
8760
8761
8762
8763
8764
8764
8765
8765
8767
8768
8768
8770
8770
8771
8772
8772
8774
8774
8775
8777
8779
8780
8781
8781
8782
8783
8788
8789
8789
8791
8792
8794
8794
8795
8796
8797
8798
8802
8802
8804
8804
8804
8805
8806
8806
8806
8807
8808
8809
8809
8809
8811
8813
8813
8813
8813
8815
8816
8817
8820
8820
8821
8821
8822
8823
8824
8824
8828
8830
8831
8832
8834
8834
8836
8839
8841
8842
8843
8844
8847
8848
8848
8848
8849
8849
8850
8852
8854
8854
8855
8855
8860
8860
8860
8860
8860
8861
8861
8862
8862
8862
8865
8865
8866
8867
8867
8869
8870
8870
8871
8872
8874
8875
8875
8875
8879
8879
8879
8880
8884
8884
8884
8885
8886
8886
8887
8887
8888
8888
8891
8892
8892
8892
8893
8893
8894
8894
8895
8895
8896
8896
8896
8897
8897
8898
8899
8899
8899
8901
8903
8903
8904
8904
8907
8908
8908
8910
8911
8913
8914
8915
8915
8915
8918
8918
8918
8918
8919
8922
8924
8925
8925
8925
8926
8927
8927
8928
8930
8931
8932
8932
8933
8936
8936
8937
8938
8938
8941
8942
8942
8942
8943
8943
8944
8944
8945
8946
8946
8946
8947
8948
8950
8950
8951
8952
8952
8953
8954
8956
8956
8956
8958
8959
8959
8959
8960
8961
8962
8962
8963
8963
8963
8963
8966
8966
8969
8969
8971
8975
8977
8979
8979
8980
8982
8983
8983
8984
8984
8984
8984
8985
8986
8986
8987
8987
8991
8992
8992
8992
8994
8994
8994
8996
8996
8997
8998
8998
8999
9000
9002
9003
9003
9004
9006
9006
9006
9006
9007
9007
9008
9009
9009
9010
9010
9011
9012
9012
9013
9013
9013
9015
9016
9017
9017
9019
9019
9020
9021
9023
9024
9024
9025
9026
9031
9031
9032
9034
9034
9036
9037
9038
9039
9040
9041
9041
9041
9041
9043
9045
9045
9046
9047
9048
9049
9050
9050
9050
9051
9053
9054
9054
9054
9054
9056
9059
9060
9061
9061
9062
9062
9063
9064
9064
9064
9069
9069
9071
9072
9072
9073
9074
9076
9078
9079
9080
9080
9081
9081
9081
9082
9082
9082
9082
9084
9084
9085
9085
9086
9086
9087
9087
9092
9093
9094
9094
9094
9095
9095
9095
9097
9097
9098
9098
9098
9098
9101
9102
9103
9103
9103
9104
9105
9106
9106
9107
9109
9111
9111
9112
9117
9118
9120
9122
9123
9123
9124
9124
9125
9125
9126
9126
9126
9126
9127
9128
9130
9131
9131
9132
9133
9134
9136
9136
9136
9137
9138
9139
9140
9140
9141
9142
9144
9144
9145
9147
9149
9150
9150
9150
9151
9152
9152
9152
9154
9156
9157
9160
9160
9161
9162
9166
9167
9167
9168
9169
9171
9172
9172
9173
9173
9174
9175
9175
9175
9176
9176
9177
9178
9178
9179
9179
9181
9182
9182
9182
9183
9183
9184
9184
9186
9187
9187
9188
9188
9191
9191
9191
9192
9193
9193
9194
9195
9196
9198
9199
9200
9200
9203
9203
9204
9205
9205
9206
9206
9207
9209
9210
9213
9213
9215
9218
9219
9221
9221
9222
9224
9226
9226
9228
9228
9229
9229
9229
9230
9231
9231
9232
9233
9233
9234
9236
9236
9237
9238
9239
9241
9242
9244
9244
9247
9247
9249
9250
9251
9252
9253
9253
9253
9254
9255
9257
9258
9260
9262
9266
9268
9269
9269
9271
9271
9272
9272
9273
9275
9275
9275
9276
9278
9280
9280
9282
9285
9285
9286
9286
9288
9288
9288
9288
9289
9289
9289
9290
9291
9291
9292
9293
9296
9296
9296
9298
9299
9300
9302
9303
9303
9304
9307
9309
9309
9309
9310
9310
9310
9312
9312
9313
9314
9314
9316
9316
9317
9318
9319
9319
9320
9321
9322
9322
9322
9323
9328
9329
9330
9332
9333
9335
9336
9336
9336
9337
9339
9339
9340
9340
9340
9340
9343
9345
9346
9346
9347
9349
9349
9350
9351
9356
9357
9359
9359
9359
9360
9361
9361
9365
9365
9367
9367
9369
9369
9369
9369
9370
9370
9372
9373
9376
9378
9379
9379
9380
9381
9382
9383
9383
9384
9384
9385
9390
9393
9393
9394
9394
9397
9400
9400
9401
9401
9402
9402
9403
9404
9405
9405
9405
9405
9409
9410
9414
9416
9416
9417
9417
9418
9418
9419
9419
9419
9421
9422
9422
9423
9423
9423
9424
9425
9426
9427
9427
9427
9431
9432
9433
9433
9435
9438
9439
9439
9441
9442
9442
9442
9442
9443
9445
9446
9447
9448
9451
9452
9453
9453
9455
9456
9457
9457
9459
9460
9460
9460
9462
9463
9464
9464
9465
9465
9465
9466
9470
9471
9474
9474
9477
9477
9478
9478
9479
9480
9480
9480
9481
9482
9484
9484
9485
9486
9487
9488
9491
9492
9492
9495
9496
9496
9497
9499
9500
9500
9500
9502
9502
9503
9504
9504
9505
9510
9510
9511
9511
9512
9514
9515
9517
9517
9519
9519
9519
9523
9524
9524
9525
9525
9526
9526
9526
9528
9529
9530
9530
9531
9533
9534
9534
9534
9535
9536
9537
9537
9537
9537
9537
9539
9541
9542
9542
9542
9543
9545
9547
9549
9549
9550
9555
9557
9558
9561
9561
9562
9563
9563
9563
9565
9566
9568
9568
9570
9570
9571
9571
9571
9575
9575
9576
9577
9577
9580
9580
9582
9582
9583
9583
9584
9584
9585
9586
9588
9589
9589
9589
9590
9591
9592
9592
9592
9593
9593
9595
9595
9596
9596
9597
9598
9599
9600
9600
9600
9602
9603
9603
9604
9605
9605
9606
9607
9609
9610
9611
9612
9613
9613
9614
9614
9615
9616
9617
9618
9621
9621
9622
9623
9624
9624
9628
9628
9629
9629
9630
9631
9631
9632
9633
9633
9634
9634
9634
9637
9637
9640
9642
9644
9645
9648
9649
9649
9650
9651
9651
9652
9652
9653
9654
9654
9655
9656
9659
9662
9662
9663
9664
9664
9665
9666
9666
9667
9668
9668
9671
9671
9672
9675
9676
9677
9679
9683
9684
9685
9686
9687
9688
9688
9689
9690
9690
9690
9692
9692
9692
9694
9694
9695
9695
9697
9698
9698
9698
9698
9699
9700
9701
9702
9703
9705
9706
9706
9709
9711
9711
9712
9713
9715
9717
9719
9719
9719
9723
9724
9726
9726
9727
9727
9727
9729
9729
9730
9733
9734
9734
9735
9736
9736
9736
9736
9741
9742
9742
9744
9744
9746
9747
9748
9750
9755
9755
9755
9757
9759
9759
9760
9760
9761
9762
9762
9762
9763
9763
9764
9764
9764
9764
9766
9766
9768
9769
9770
9772
9773
9773
9774
9775
9775
9776
9776
9779
9779
9780
9780
9780
9781
9782
9783
9784
9784
9784
9789
9789
9791
9793
9796
9796
9796
9797
9798
9801
9802
9803
9804
9806
9807
9810
9810
9812
9813
9813
9816
9817
9818
9820
9820
9821
9821
9823
9825
9825
9825
9826
9826
9829
9831
9832
9832
9834
9834
9835
9837
9838
9838
9839
9839
9840
9840
9841
9842
9843
9844
9844
9845
9848
9851
9851
9852
9856
9856
9857
9858
9859
9860
9861
9861
9862
9864
9865
9865
9865
9866
9866
9867
9868
9868
9870
9872
9873
9875
9877
9877
9878
9879
9882
9883
9885
9886
9891
9895
9896
9897
9898
9898
9898
9899
9902
9903
9903
9905
9906
9907
9907
9910
9910
9913
9915
9915
9916
9916
9917
9918
9918
9919
9919
9922
9927
9928
9929
9929
9930
9931
9931
9931
9933
9933
9933
9933
9934
9934
9934
9935
9936
9936
9937
9938
9940
9940
9942
9942
9948
9949
9950
9951
9951
9952
9952
9953
9953
9953
9954
9955
9956
9959
9960
9961
9962
9963
9964
9967
9967
9969
9970
9970
9971
9971
9972
9972
9973
9973
9973
9977
9978
9978
9979
9980
9981
9981
9984
9984
9985
9985
9985
9986
9986
9987
9989
9990
9991
9991
9991
9991
9993
9993
9994
9995
9996
9997
