9186
6655
26
1602
3685
3441
7027
1333
3015
9711
5073
2211
2211
7323
3384
2109
7496
8989
7410
9231
7921
7418
9678
3858
7161
6202
9294
959
9615
7455
9786
561
2121
8313
5806
4681
6319
1753
9777
2979
930
8984
7292
1423
3456
516
5891
5972
5511
7220
3528
1048
517
5834
8175
2746
5608
7566
6567
9119
6261
730
7956
7710
7122
2169
140
7121
1468
3335
6001
1798
3232
9166
8453
1230
3569
1206
2081
5698
3409
6535
8678
4751
9850
3259
3938
6730
340
6325
1296
9899
7779
154
5490
4263
4474
7808
1886
6966
8045
4787
9876
2305
2784
7454
2065
2222
4499
576
8587
7206
3663
1490
4831
7048
5036
8592
9048
6687
1799
3965
8385
3729
8712
6432
9863
4818
1032
1149
9712
1021
5517
5488
6178
5040
2891
2781
1259
6859
6941
3595
9299
5142
1327
6994
1274
8733
6361
5876
818
2624
7472
3370
3359
9407
8282
3093
6772
2021
3008
5227
5739
8945
1999
5380
2073
418
7504
1027
4474
3650
8153
5141
1441
5091
6067
7701
3502
9052
4265
5034
7713
9915
2786
9991
8170
350
6793
2883
7250
888
7990
8637
2490
7821
4302
1759
9484
2026
6693
9970
3136
8052
6640
7126
8686
2025
9127
2305
8434
3564
7018
8805
3557
5873
797
5232
2475
80
7228
3975
7499
221
4389
5105
6078
2733
9741
5775
6584
4303
4951
6312
4644
9328
6141
4767
5772
7776
4396
3014
7314
8441
6282
1413
6584
9010
2491
7046
8557
1441
5506
986
3749
6647
1699
707
5293
8388
3573
8441
8823
8073
20
7673
462
451
7044
7037
654
4749
166
9427
3336
9853
3480
4993
8365
224
8530
4349
6459
8717
111
6359
5084
5765
1863
2741
9577
5682
3426
9014
9106
9382
5632
8272
8502
5029
3944
7837
304
5485
9239
6002
2217
7128
1435
6192
6006
7173
4778
717
4350
1382
3539
7588
7632
6977
9869
7309
8157
4550
4130
2879
6929
7277
8441
9060
613
7806
9042
8178
3497
8471
230
3919
2246
6817
2588
8940
6293
5335
5028
9303
5421
3926
9968
7960
9878
9102
3362
648
6480
9677
6366
7061
3554
1206
2021
452
6445
7425
8530
5419
8815
881
6703
5474
7778
6295
4064
7377
8942
2244
8580
2811
1040
4654
4230
7380
5100
6522
9892
3908
6978
7249
3618
2085
8751
5210
5575
9522
2424
2252
6393
861
7036
3306
4353
2352
8034
931
392
6052
9138
3659
8711
1010
2577
5305
666
2479
756
9256
2126
4856
3963
8718
1883
2520
3068
2318
2374
4046
1345
1640
5943
2297
9762
6182
3354
9087
9844
4458
7249
1278
2342
7174
5465
139
1587
5466
3806
3638
244
5164
175
8785
9182
5125
4002
2810
589
4641
6555
7252
8077
6011
867
7583
7184
8201
7733
3512
4122
5006
778
3995
6288
1912
9853
6691
5999
9329
1087
1860
2126
9230
1367
3740
4107
7922
8337
207
6714
3167
6508
6838
6983
5539
1908
4694
8401
2738
2023
8207
3113
8572
5828
9052
1032
7256
3965
2078
2061
4643
8388
5666
9119
2333
3432
7052
4510
1362
489
1966
3270
3773
850
1028
683
6636
9903
8091
9303
3614
1749
5278
5618
6566
3956
4415
7239
1904
4049
8441
727
3507
786
8404
8733
3412
4095
9857
1732
7719
3014
2254
1795
9758
8834
5148
3698
4895
6540
523
3518
4698
4375
1555
8243
9731
6679
6271
3047
6133
2688
6988
3960
8457
1945
2420
1587
5361
4081
5580
969
1987
1376
8558
1002
8011
766
2662
2211
582
5709
6383
3567
4598
5664
4527
4052
9294
7970
5089
4987
9138
7616
3242
1310
966
3402
3071
6625
3763
2813
72
1576
9412
3697
6806
7661
610
8084
3554
8108
6899
6250
9482
5606
6779
8584
1870
476
313
948
3401
4817
4326
4360
5313
7982
5232
8331
7573
3510
9333
5478
2548
6408
6677
3015
3322
9576
571
8728
5582
792
9237
545
5490
2272
9008
286
6382
890
107
631
4523
7254
8100
5536
7573
2619
147
9926
472
2410
6947
2733
1352
3247
160
6509
8659
8815
3608
4808
6058
1132
858
2410
4094
1219
820
5291
9840
198
6796
3543
8258
9944
7108
7639
7287
3467
6043
6867
3427
972
4646
1267
6838
4188
7844
2543
5110
1778
6617
3415
6993
8427
9052
4519
19
9659
6637
445
673
5150
3994
7068
1219
9085
61
5560
7715
3685
5944
6071
1127
5018
3966
8587
4846
7613
402
3034
834
27
3256
6640
6596
1672
3001
3538
5336
6684
4837
5552
1564
9693
1372
9316
3613
2526
1167
364
6836
4539
7363
4094
8852
4845
8159
7085
1536
1872
9072
7874
7656
2704
9921
4154
9901
6414
4180
9015
8553
4763
8211
4196
9879
2452
4541
2973
652
3789
744
2186
1981
9308
6514
4753
8831
497
8579
8639
7729
7798
2228
6277
7591
9712
8825
6585
7322
3839
5886
4189
8653
8503
1457
760
8514
4496
5553
8601
5680
9885
6432
7414
9565
5598
6228
4888
833
4221
4203
1116
956
9274
8156
151
5678
4383
6206
3603
5000
9110
7900
5275
2251
446
6900
5023
1139
8168
9556
7170
1086
3732
7338
8394
2320
7846
8376
7923
542
8236
905
5955
1738
35
7094
8082
3634
2681
9224
2747
8835
6686
6084
7427
1458
7853
7757
8731
4213
7263
8901
1023
9357
1433
6698
6335
6372
5081
4747
9754
1106
3351
192
9753
3348
3194
1582
4519
3500
308
3759
7188
5063
9638
1308
1268
9103
2290
1773
9729
2318
4610
1313
1412
7165
6248
3792
5163
8416
8867
9262
6164
7697
9718
8206
4277
3716
6521
4977
4297
9493
4817
6700
7410
7670
8544
5956
2414
1505
3363
1829
9153
6574
5172
772
6570
3834
2694
9075
4401
3814
4915
3399
1990
5835
7951
2093
4197
297
3085
5195
9707
5626
2418
5987
241
9201
6530
6604
8416
2251
3
1684
6691
9552
1300
9293
5330
7024
6807
196
836
7427
3314
6100
1318
8980
9202
6629
7436
6527
3911
8132
5068
1522
6102
2483
2302
6813
9644
8456
269
7789
3240
8165
3637
6943
9836
6160
7037
708
6548
5402
5037
1672
3486
1087
1017
2545
7690
5577
74
8638
9752
8964
8517
9823
2194
6490
313
4890
4972
2335
4505
5036
5518
5848
4539
5708
9783
8057
4928
1929
8878
5195
3507
5199
3531
9728
7377
7181
6433
3856
4432
9317
7462
9464
7130
8068
4507
9708
552
6070
8822
8631
360
8696
7257
4499
4037
6908
8662
8239
7885
3547
8044
2998
4089
4618
7461
9220
336
2158
6443
5447
4821
2232
3392
8948
2932
9557
2160
322
7768
7756
7910
8549
3857
3268
8363
9022
9625
5528
4690
3947
412
3667
1052
348
2262
3123
6310
505
1816
2753
9699
1627
2289
800
9807
7073
1724
5521
318
1940
5914
4953
5351
6045
122
5773
9667
2164
8044
9710
7135
8668
7305
6805
4338
9518
8612
1647
9227
9399
1150
902
6078
8082
1773
5174
6750
2849
5406
1543
8777
5102
4650
4907
8084
6496
4706
7910
9797
9711
3909
1734
919
5828
3893
7068
5041
9653
5605
1163
8449
4323
945
1963
4582
9701
858
5051
6409
6578
2933
5272
8728
1623
8683
2263
1184
2892
1058
3184
1986
6885
6719
2591
7803
8830
8879
4587
2902
1343
780
618
1082
6705
6863
2633
9086
3239
6753
3856
5536
4350
3181
9473
3170
8327
5548
8673
3093
9834
2248
2879
5806
5630
1124
5706
2331
4174
9594
8195
9922
1034
4000
6573
7427
8503
3612
2325
7812
3913
133
5590
1444
3294
7466
2128
4951
7315
6208
6598
4080
1392
7261
4927
9855
6266
6123
9503
8606
3020
6177
862
158
4975
4293
5319
6626
2918
664
3111
4737
456
862
6219
792
6299
7200
5024
9032
7184
2518
2307
6632
4609
6300
2697
8361
4791
1217
8045
6557
3670
3922
9223
4090
3991
3330
881
924
688
7354
5209
3639
7757
8500
891
2468
3759
9549
491
9697
5528
2769
9895
5394
4273
7468
4007
5549
3458
8810
1087
567
7312
3548
3261
6811
8878
3821
2382
7837
4274
8722
8373
2504
59
3114
3026
1676
9007
7217
9206
6750
5570
413
1357
8026
175
5654
6910
2880
3341
475
3214
4482
2522
8554
7429
797
8208
7145
6740
5113
8688
9717
5733
3226
1235
6103
8744
7601
2380
3074
1974
3494
6656
880
5565
7148
9293
1198
6771
1954
8593
6247
3986
7412
4615
2589
6169
9873
7256
7466
2298
3585
5475
5907
8216
9007
5614
7684
7904
3877
7884
6245
4665
8433
9452
3659
8572
9003
3137
4433
3785
1858
5853
3082
6136
5335
6924
6051
4538
7227
2003
9339
2034
7067
1757
6788
5662
8646
7983
5964
9399
3639
4822
3615
3957
4027
772
1958
4400
6378
2600
9506
8123
9023
6926
4771
4218
5638
86
2143
572
3018
1597
1736
7126
2743
8237
4526
5357
9577
7302
6838
6242
4776
8859
132
4160
7564
9423
2894
7651
2431
638
907
4438
9947
2379
8865
9217
7982
6414
5316
6495
9756
3804
356
9096
6498
3307
3720
923
8327
2251
4476
2804
2950
9117
8205
3247
1762
4859
6835
8763
2492
4037
853
3493
5906
5806
1962
2028
9676
4890
1319
4261
1487
5247
2139
1225
333
6087
9245
9710
1808
6749
7886
776
7393
486
6469
2067
6915
4190
4114
7355
9888
1928
3060
1567
1554
2691
7743
4477
1051
3883
1667
1517
9634
9312
3810
123
6295
2985
4053
5803
6582
4727
151
2029
5551
5101
1813
3838
1747
978
4051
868
3980
2887
544
4328
6089
3601
4975
9208
3248
827
1357
4563
1660
497
30
4498
4595
5285
6623
5180
3160
4860
8486
4941
2100
6979
7615
2070
2658
1836
4519
2882
4864
4031
4527
128
377
6216
1421
8706
5508
6966
3091
4328
6375
7433
5581
6667
1390
1251
3127
7583
9838
1895
1731
8135
6790
9470
9491
863
2681
9036
2743
914
1826
7129
1069
9782
324
1137
2959
8422
4813
5383
5764
7251
4659
3938
829
8664
3921
9338
7658
9463
1073
603
2310
2421
2436
7449
907
7871
4153
935
871
773
4278
6189
5126
4773
2538
237
3373
5883
332
938
1103
8673
1075
6647
8061
7934
76
4836
845
4696
9057
1575
5648
4902
3882
6016
1559
4901
1600
2579
1723
6674
7514
5734
7588
1419
7815
4576
4592
1308
8649
8227
2410
2149
888
9600
3747
6546
4715
4958
1276
6894
8761
8060
5633
4958
2868
4983
4048
3255
8843
9440
9292
4241
7222
4230
4994
1319
5335
6937
264
6792
2719
8298
7796
5508
81
6488
4277
1071
4178
30
4802
2651
8335
9396
2265
2390
3880
8308
2299
3048
567
7608
6837
7168
1470
2949
1716
2010
8350
4486
4463
179
2674
3888
3941
2835
5502
3517
288
4386
9624
4701
6086
5875
5045
9157
629
9018
2226
6658
6120
427
8596
8174
1252
7285
4616
2640
4834
3893
3249
8161
9044
2232
4539
1891
9072
4215
9605
8364
2365
3410
659
509
3843
9316
7604
8300
8870
4040
9926
721
2259
5601
3733
5997
8745
3032
5528
5059
6723
2623
9029
2674
9809
5338
8212
1131
8576
3039
2156
7649
6856
3508
4106
6884
8334
4090
9345
439
2250
2820
7003
5007
4263
867
4886
2084
4156
1321
9810
1813
839
1441
147
7997
3908
3422
174
4769
6151
7345
6522
4166
9968
7231
4662
3507
8309
3726
4622
3138
3040
3125
6341
3482
6163
6841
4826
6174
6316
6242
5837
4389
529
7965
857
5709
1366
5984
5967
8009
3917
299
2940
1572
5633
6586
3860
602
7610
1476
227
2910
4399
5871
7676
914
9719
4459
2755
9780
213
1155
7962
1992
481
9838
1843
4654
5198
6007
2177
5692
4342
7370
4271
3634
7422
4369
5077
4758
3309
6892
6374
8881
606
638
921
9749
5997
3587
9739
9424
8874
6027
868
7417
8027
3758
4680
5720
7222
8319
2902
8359
6436
1569
6078
6118
4806
3775
4279
8513
8758
5151
106
5935
2850
8372
703
608
4231
6393
6794
4006
471
6083
590
1807
2402
3937
2251
2760
4554
2836
9401
1872
9015
5383
2358
7995
2375
8095
5210
7548
6090
1411
8185
7595
7713
2526
7650
3040
9713
2020
8991
3444
1466
4626
5100
593
6956
4455
4901
6295
2875
4080
5832
9734
9247
5010
3496
7435
3408
4510
2919
3736
3631
9504
9326
471
4873
9461
4557
937
8455
3411
2729
5121
4984
1907
3653
7763
1982
1543
6232
9194
5120
9257
6049
0
5166
727
6725
1801
6413
4287
9138
4785
1681
5152
87
4775
7497
1543
6125
338
8784
2281
2186
5262
3651
7666
3087
3978
5760
8743
1460
6146
9552
4184
691
9105
4476
626
2471
3000
751
8102
744
3925
9038
8755
87
3241
1871
7908
2016
824
2319
8331
7353
787
4477
2317
7077
5657
2526
5680
7558
6180
4317
4610
4818
1881
500
5234
1620
9435
481
8837
4753
2504
8393
7981
3052
9777
2360
3691
3471
9811
856
7674
2841
9762
3474
4961
5509
4188
7088
718
1172
559
8222
142
2158
9499
231
9682
7660
9637
8886
7914
1718
2630
2465
4666
4462
767
6626
7990
9068
7332
1564
9183
6162
3912
6045
625
1537
5597
5293
8863
3618
9488
4332
3559
7256
4164
9464
8902
9177
408
2799
9109
6162
2730
5336
4666
7736
5028
2509
1369
5059
3645
8090
53
2564
8140
8629
589
4027
1422
8537
8259
502
7931
1871
4819
2138
6998
8519
6643
5133
3990
2843
5904
5923
8403
7133
965
9629
9581
3064
3631
7999
7912
3137
852
2492
2620
7194
5099
5599
4217
7805
6146
5753
2827
6194
8372
9288
1594
3962
6502
498
825
9824
6318
7522
2524
3959
9218
1501
5665
2199
1681
3555
6539
3785
9807
9840
7219
148
6581
3387
597
4344
255
9274
4672
7642
6735
9669
5000
3010
5704
1508
5002
2290
8106
949
7460
7438
1292
6688
4221
2704
7668
252
3586
3033
4991
2276
9494
2841
6244
4890
7321
1508
8599
6853
6330
1053
1058
2352
9625
9751
5630
9180
2136
4965
9357
9394
9724
4775
5428
1618
1126
1146
2465
1998
2497
7256
471
8162
8696
2260
2778
3388
9676
1098
3676
4246
1459
2570
6360
9124
4672
1404
1941
4543
9424
7304
4710
552
1993
58
7058
9330
316
8886
4693
5550
9326
2470
888
4482
2334
3303
258
26
1308
861
3994
2474
5411
6622
4841
4969
9550
9535
6196
5287
232
7153
7469
7043
5952
1277
8328
3084
5573
9973
9812
5735
5704
2331
7909
2439
7670
8969
5479
3871
8433
5474
8427
8850
4176
8594
1200
7741
8925
830
5474
975
2427
2928
4749
3163
3616
4410
7771
7625
1283
3507
2686
310
1202
8112
9841
2985
523
6839
6598
8653
3436
1793
1066
9228
6874
7675
3932
5752
814
8569
4011
5993
739
3524
5360
9162
9969
9542
775
5782
276
2427
4376
7877
192
3019
5719
4761
7926
4199
4933
7472
9149
8149
2050
7563
3626
7500
233
2522
492
2081
3399
6315
3892
5718
1719
5012
4068
8236
8613
651
9047
7797
1910
4887
3868
4288
9970
9888
3916
8944
9076
8929
5122
7
990
9859
6474
3280
8958
8363
8522
2216
2651
4013
3151
9291
6666
131
3064
853
9365
9921
6915
7932
2283
5179
3087
3303
2048
4761
4426
2820
599
157
913
8080
616
2774
7763
9896
8773
8566
4605
6306
7910
8736
7737
5423
9561
7842
9432
7770
6297
4233
447
7760
4166
7021
5853
331
2973
4515
2658
418
7876
764
7174
2309
2438
7675
7906
4910
9105
1641
2881
8666
6762
2205
6911
9120
3031
8453
3204
502
2892
2405
7087
8275
4883
1127
8236
8350
8938
3004
9379
2104
2021
8429
4787
5630
5297
7278
612
6193
7871
8842
9955
6876
2700
4403
6335
2837
4330
4405
3730
3600
9020
1204
7732
7321
5643
7219
5750
5678
4980
2773
7368
2703
7767
4835
1786
8361
2258
2413
9575
6063
5681
1671
9575
7294
4203
2792
2101
6214
2024
2464
3294
4882
9562
4647
7984
6207
7297
1030
5499
1925
5205
7392
2364
7779
9627
3822
4149
7128
4561
5105
3713
1118
9969
144
5328
6354
1865
2152
6959
5425
8368
3807
256
6382
8366
9930
8360
1902
8547
9316
8287
8003
7267
5355
8167
9919
7754
3555
6985
8062
6581
3880
7538
2745
7704
1635
6842
1088
6979
6426
5801
4984
176
69
5617
9502
6231
8149
1604
7654
7880
1150
6742
3142
1310
6845
8764
8364
1149
6158
6978
6136
9941
4298
6907
5995
7007
4734
2929
4919
1844
120
162
5974
5364
957
4377
6088
5304
9037
7864
6598
8415
5069
3409
2273
4734
1060
401
1822
6917
9286
4671
8263
202
8615
3069
2799
1522
1007
2968
6869
1015
6948
1990
2006
108
2072
2971
4774
9588
9941
5974
2706
1792
2495
8016
5175
8279
580
7526
7268
2125
8821
3822
5124
2197
5872
4749
1963
539
9185
4737
783
4790
5962
2763
5839
1645
6376
4087
6420
5539
3052
9933
7890
6537
7595
4714
8083
2664
1038
1291
9790
6435
3509
600
3088
560
2737
1643
9841
7685
9853
986
9029
4711
4914
3953
3153
4358
9038
5484
73
1430
2117
1488
5953
4928
5993
7413
9133
8634
9416
5637
5822
2611
9143
2455
7524
4705
7385
1248
9878
7462
2058
7703
9906
6553
4269
9683
5972
440
8016
7259
1178
3639
7921
7418
8939
8052
4676
2495
3181
740
4483
4868
2670
6213
3675
5301
375
9500
971
2872
2309
4019
8826
2218
5279
5838
7888
8132
3754
8558
669
2546
5571
3799
1733
1835
923
1957
751
128
3554
4003
602
905
8267
8984
1806
1894
3877
3573
4273
4982
7994
2515
1448
2979
5639
3498
4415
2980
9375
7640
6612
9323
6804
9184
1121
9524
7342
8333
9814
1381
9504
3756
510
7837
5133
6116
9491
4348
1703
6464
1880
5544
4506
5381
8999
8096
1180
9303
4769
2584
1776
7625
8194
5659
254
7143
4304
1128
9630
4201
1087
7101
4837
513
8316
8256
321
6183
6350
7846
6252
3923
536
1977
8990
1116
8710
1902
7121
8620
5092
6552
1340
9512
376
2890
1133
8011
4791
5704
2800
7131
6330
9426
9582
3774
6210
6878
9057
224
8485
575
7032
9453
6605
3083
124
2773
6324
8164
5608
2177
8957
4780
9851
6061
3471
7494
9797
4155
9236
8797
5145
8465
1350
7714
6513
5615
6131
1205
8621
310
8204
4349
8352
8689
8208
9514
3689
8418
468
2352
1810
9158
291
5466
1107
1841
7974
3564
4631
9656
6141
3135
2499
4160
9717
6544
3364
6367
9330
2136
9513
8856
1996
1970
6028
2176
9632
966
5657
3382
2262
2689
8736
6487
5053
9275
9754
3867
8494
9210
123
5554
3042
9082
8262
7295
4816
2381
6227
9011
8303
2113
8512
2164
3313
6341
7562
6215
2004
5063
463
6108
2619
2867
3097
2993
961
3542
4477
9507
1933
3017
443
7307
6623
6647
7995
4035
3607
7547
3326
9898
3952
8482
7443
6784
1532
8923
7165
2644
6236
1905
6293
4159
603
9871
378
1877
9149
3137
473
4462
5280
5545
6061
5225
3977
8811
4025
3843
9800
7618
8965
7109
3023
1790
6931
130
7297
8926
7927
4581
5902
6128
9740
3316
8390
2954
5199
4387
1777
9791
4689
1684
9233
6095
4847
8124
2047
4343
873
4232
1335
8210
9430
1478
790
5049
5930
9715
304
7095
916
7941
6629
1960
3798
7902
5730
5579
336
6532
8405
5987
7713
5629
1431
4004
6211
9453
5543
849
4438
8177
4099
8357
6410
6825
2920
4784
1998
2922
5621
5992
5658
8408
5924
1048
4711
1556
3647
5908
4734
4350
423
7312
4227
613
764
3105
7580
7148
5213
7305
4595
6072
8446
4354
6607
1782
8418
7279
506
9625
5621
5448
3317
6775
8444
8599
7936
2374
1819
272
4379
125
551
3055
6949
3987
803
2832
5559
3357
336
2660
2621
2431
304
6455
3048
324
680
8700
4604
3767
1458
263
240
2404
5429
6979
7700
3262
9966
419
8489
8746
1993
3676
6498
9179
2708
5624
8848
6827
6817
6502
7291
8215
7725
5030
5248
7054
2776
5670
6206
2541
9639
9401
3623
1878
5343
3939
1989
7170
7134
5853
3806
8687
7413
7592
5298
9891
3027
6248
5867
2496
91
8972
9475
3155
3127
1150
1061
1705
5601
5534
1963
272
6074
4289
3887
7366
5511
4646
6912
5429
1257
2602
8961
7865
5394
5357
6846
5736
6786
78
6768
5392
3044
3806
4392
2109
4065
813
6318
6295
6016
1778
3931
7828
5710
1747
3406
1759
9209
3590
216
5726
5607
8646
6947
4118
3631
3140
3262
5866
8643
2704
5928
1679
9824
7969
8626
7761
5002
3098
7227
8859
8417
4438
492
6226
3313
2878
9784
6107
7921
286
8857
5776
6035
3142
1325
8998
5366
6262
5020
7209
8763
9091
8332
8247
9927
759
629
6271
2882
8278
4226
8808
3641
4591
6704
9932
2004
6587
8168
3901
6960
8028
2072
884
5089
8612
1613
7753
975
6727
2657
4375
2574
1407
4834
1032
4998
6319
5975
333
9448
8791
185
6203
6553
5933
6482
2271
9185
5380
8085
8662
9425
4855
5885
5596
6415
6948
9763
6289
7026
856
6979
6806
5244
9536
8154
7641
8571
7215
5040
7280
25
8587
3224
9511
469
997
6314
2124
1316
7886
9321
469
4033
6481
4140
2936
3390
3117
3719
3824
1520
353
1238
3378
6884
9792
9342
5600
9039
6162
3339
940
7464
1152
3881
6247
250
3891
1866
3233
7649
6822
4431
2681
2349
8350
4142
380
2770
6346
2070
7775
6081
3481
3404
4240
9298
991
4968
6436
3967
9324
5853
5351
9392
6422
7404
6778
652
4016
4551
9032
8072
524
8171
9130
406
9589
3551
4417
5745
614
4195
2752
9086
230
7739
5407
5045
7175
6360
118
9216
9350
4046
658
3778
2132
9874
3688
5444
5784
3580
5341
994
7818
3588
8917
1309
6644
8736
2951
5589
7850
8348
8114
7831
7532
3879
2646
2793
9832
7996
2237
5756
2630
4192
4031
9393
7778
9474
2207
6016
2992
1708
4349
4
3307
272
1651
131
2501
705
7340
4800
1533
9980
138
44
3796
8876
3398
8655
4583
7937
1485
6530
2057
2629
6432
3517
9864
6823
3536
6510
6537
5385
3857
4324
4911
4009
4499
6636
2921
6161
137
7261
1401
6408
7498
5522
3981
4102
1688
155
2172
5830
3028
6257
5590
253
8655
5598
9188
2048
9250
4778
5777
5446
6239
9611
7651
5450
1824
6052
9911
5070
373
7291
9587
1729
9269
790
2921
5684
4230
2997
3380
6121
8006
7627
1394
2277
8962
2923
5225
4082
1247
7774
8489
1691
7906
1985
6529
8582
796
8234
8977
4992
7202
4731
3182
6504
2002
5957
1344
1875
1596
984
9800
8837
2602
433
9796
2556
8413
3243
8896
3539
6947
1694
9713
5343
2165
5053
6135
4541
1190
8555
3111
276
6859
3245
291
846
2480
5677
7471
6056
604
9296
6969
3996
3734
3913
811
9500
8364
5234
9766
3065
2713
8127
7624
8070
487
6507
8867
497
5896
2952
9540
7520
9543
9411
8303
9106
3796
9149
8160
6173
2313
8277
4423
1999
2237
9965
5304
9655
347
5921
4789
7082
3009
1803
1448
2544
5086
1890
3549
7035
362
9996
1069
4879
9622
1859
3053
1146
1287
7375
373
5043
6448
2655
1791
7656
580
8991
4337
1870
9178
100
1489
44
5699
3330
5903
9556
926
2157
5801
1114
99
6571
176
4407
6843
4865
7012
439
3364
1558
592
7100
9906
8673
7567
8108
4325
1926
2711
5945
9544
7301
4269
8801
9925
8206
280
8269
3258
8941
5164
1765
3435
5315
3525
8817
1366
1494
3651
6688
6956
8745
7230
7098
5352
350
3990
4875
3455
3826
4358
306
3652
4428
6735
4068
2204
3500
3535
8272
7770
8340
1310
6617
3928
6730
9743
4450
7141
9605
6071
2612
2591
2863
4101
4668
1255
960
2439
6650
9524
5727
5610
8899
5012
103
3989
4350
7260
7108
7193
1093
952
7157
3326
5350
4854
2515
9193
730
766
7930
7630
1056
3015
7165
7431
3501
3083
7396
1776
6789
4759
8642
3481
4447
8045
2092
4093
3209
5432
5712
23
8274
4696
271
9680
5603
9677
5693
9098
1101
3357
820
5764
3628
3030
5246
7103
2707
3846
9189
3038
7796
8579
5750
4476
2007
4323
4362
1597
3232
133
7460
5829
3074
8476
9425
9673
7343
1957
899
4902
6776
9491
8823
4635
2818
8697
4535
4047
6980
6813
3551
3895
8435
7136
8374
6267
8890
6204
8728
9734
3271
1875
2775
4553
5060
7849
5259
7147
9181
8623
7224
661
8281
1823
7450
7315
5141
4020
2536
1346
8439
5493
4078
9974
489
5522
4340
978
3306
285
3531
4674
9294
3882
7298
2303
9410
8434
2322
9360
7886
3708
9177
7747
8755
4845
9080
1528
8765
6486
3465
3074
8846
5273
1748
9110
2815
8760
614
2398
4606
3489
6410
8950
588
2233
5040
2592
9610
6225
4169
2872
8275
8109
3832
5254
1362
5928
3640
5438
1164
2754
3954
1597
8759
4926
1149
7210
390
9205
3644
4244
2270
1632
6698
111
3748
3852
7344
6467
8525
9703
1453
9319
9969
2962
5572
5534
2133
9158
8188
3840
1749
530
3332
2035
3901
7176
2735
7045
9554
6889
256
268
7555
4806
1904
2786
4179
9039
4719
7060
781
7717
6407
1892
7685
3229
9683
5124
6421
7534
8929
8631
8203
4268
7214
501
2693
6475
6589
7078
344
4701
8889
3309
5979
6812
1235
5412
9051
841
6557
1951
3017
9734
841
111
4723
726
4052
9215
9695
6386
7970
1769
5205
9719
926
3684
5195
2166
3792
3711
6093
9180
6665
1455
7726
5664
540
6693
3015
2045
8484
7300
6462
5527
6352
3218
8921
4693
8125
8909
6201
9321
7748
4099
8929
2298
4643
6955
4788
4109
3533
7822
4875
8219
9939
5239
5207
5473
3217
961
631
2757
6518
2451
5285
904
4309
9213
9715
7635
5234
7791
9295
5966
5455
7170
9705
1644
5208
6977
1822
1615
3083
4722
7139
1213
9114
6685
3291
7828
2608
9543
7377
8207
6250
4720
439
7105
8626
6734
9238
2887
5906
3363
8065
7494
1983
5171
1022
5820
2322
182
8375
5332
7692
987
4099
5624
5358
466
874
7211
5038
22
7884
9783
7774
9399
858
443
3562
7847
8202
7433
4485
9959
3037
8114
1924
3509
1942
2221
7169
3157
3960
8781
2330
5284
8729
3335
4736
4255
2521
6418
677
3573
1664
3129
9303
4128
9082
7169
63
4182
2664
205
7812
7528
745
4925
8098
5936
6370
6522
8582
9404
8669
1264
1771
5000
7429
1314
9508
4864
3528
1261
9784
8626
6126
8403
5523
1134
5305
5996
2455
8219
6634
2392
4622
4553
8984
5816
1319
6235
3643
4679
4299
9597
6702
7239
6699
3698
1141
4736
3171
5716
1902
1106
2034
520
8625
3420
1971
172
2674
1612
1528
8428
5580
3805
8515
5765
3592
2566
8914
2619
1220
9802
774
5034
4731
6581
8728
1776
2456
1195
9496
4292
1666
1285
4390
4799
7364
5782
9405
4015
6278
1091
7452
4302
1528
9672
7469
1909
4811
1993
6918
2518
1360
2074
2315
6176
1154
8650
7198
4224
9501
5838
5313
7743
2007
2418
470
776
9803
3664
6870
4712
6054
7643
2264
3662
133
5570
94
625
3617
7046
7842
2168
9330
3544
6130
2303
3362
6719
6474
5829
1595
7605
9385
1138
8830
3194
6888
7638
6711
1407
3655
6566
9628
5154
2682
5118
937
2289
7346
9326
7125
4370
3702
1335
1422
9142
4093
2000
2211
1485
4513
9796
652
1064
5585
7537
3736
8980
5830
5570
4795
8505
2620
3553
7567
5324
8827
3866
92
6165
5741
1916
9199
4967
5132
6510
1329
7813
6172
9003
8689
1766
2431
1675
4359
9413
4772
9137
9567
3393
6688
4173
4459
3346
1344
7708
5905
9776
8020
4732
7359
9928
9176
8999
6990
269
7907
2411
8425
9858
2185
9397
449
6932
5357
7262
879
2529
6216
230
2898
9359
1851
1655
9819
5152
1464
363
3675
5335
1810
6975
9231
5278
5426
5125
9498
9205
8147
6683
7073
6005
9939
2572
2112
215
2183
1074
6374
897
1460
2806
5730
2639
4707
5565
4352
4854
1662
4858
4108
2683
9686
9495
4753
7038
7007
5842
4226
181
4925
1853
8321
582
8544
7774
5950
6316
5525
2464
913
8851
3986
327
1988
5345
8083
9537
1454
9415
6189
525
3938
2372
9742
973
7473
139
1462
3359
7375
8738
3147
3130
5803
592
6019
3866
4252
8400
1666
2298
352
9965
5573
1462
7968
8751
2855
11
5384
6166
204
1877
4794
8457
1209
7239
2741
4429
3413
4120
1622
5437
8069
3963
4028
5234
4669
3645
5728
1470
7536
8364
5526
7552
3709
9911
8153
9843
6936
7374
1807
1095
2217
594
3260
6309
4517
7255
3732
9719
7050
8137
3261
8341
1107
3783
9291
7143
8158
8717
5188
4536
8189
5005
1661
4170
6187
2615
1250
757
6031
3407
7187
5063
200
9035
7215
8055
6392
565
9155
5499
394
4999
1613
5737
5687
7159
9306
5582
6860
5275
3596
2941
3968
413
5081
3068
513
5623
1587
8859
8482
9989
1972
2391
7961
7121
2407
5875
7162
9105
6011
9296
1060
3711
6788
1861
1304
5158
2785
1943
8075
7245
8213
4695
3419
5544
2748
6550
8322
6780
4478
1309
9744
2530
4203
6289
2018
5427
3222
2410
1070
9995
1372
8130
2731
8709
1797
4447
712
3923
416
862
7672
1931
5222
9072
4318
4380
8577
3615
955
9734
6370
1763
2530
8316
3246
4078
1898
9557
1038
7443
1901
1098
3457
7023
8941
5477
9860
6367
8489
3314
4203
2055
7123
6195
1930
806
8862
5791
8421
5595
4780
3746
4211
6377
4488
169
9205
9746
7272
226
6262
636
34
6476
3821
8524
8599
8141
7140
6921
3818
675
3952
8856
9866
889
6699
4432
8045
7269
1246
4742
2924
1094
1750
9818
3147
4449
867
4715
3203
5117
2693
6334
631
8366
4085
7701
5135
3512
2752
4643
4617
7319
5865
2150
1475
2722
3218
5843
5963
4496
7396
7139
1512
4513
827
8457
8888
9098
919
700
3860
1717
6585
6527
1663
3729
6440
3901
1630
9706
7875
5003
1680
6421
7704
7902
2324
5895
9315
1825
6465
5939
8890
653
7549
3825
8007
1998
8355
3969
1274
4440
4863
7736
8612
2724
5679
9965
9203
8560
4266
1775
7967
8038
3638
7333
816
2193
2987
2262
5381
7363
7641
4818
3620
3531
6580
8346
7784
2299
5382
4835
7256
8766
8776
9852
9450
714
5643
9966
6143
7121
730
5074
4582
9305
8259
2349
1377
7166
3209
7058
5244
7280
3924
894
7350
4882
4640
7479
9038
624
4946
2869
8726
4970
8784
46
6677
5831
843
507
7186
6989
5362
8756
292
7089
1928
2536
4263
3481
5183
3108
3481
1901
4427
5394
3862
1063
5237
6014
162
2077
8902
3564
6900
7328
6536
1324
9535
6362
6302
2621
9731
682
1348
7566
1624
6598
1769
1267
7727
9442
4586
1169
9937
2862
487
8356
9727
2916
5888
1275
5848
1641
6302
1169
4438
5775
3927
8381
6024
9032
1256
8493
6598
9192
9656
1660
9863
6748
7551
6831
5440
8203
3328
5581
3273
8219
7865
7080
2490
2026
9675
3963
3628
6326
6512
5687
8070
1224
7527
9239
1018
5802
43
9260
9322
3209
2928
1012
3022
7614
8324
1148
921
5899
5301
6060
5450
4018
4980
2190
9795
8401
4270
1869
4663
6317
7496
6960
6065
1701
7968
9217
8863
9583
6805
4570
1263
6624
4527
8909
9852
5705
3058
737
1423
8858
5943
5303
5757
414
4789
5883
4024
9257
2816
8345
3272
1159
7391
3471
8237
7964
6716
7405
8529
9672
2629
8370
9718
9494
9382
1115
7185
2070
1794
5364
2126
2827
9544
6972
1531
4767
4224
3602
3692
2892
2784
2068
8060
203
6000
6073
7634
6769
7807
2876
7468
4531
4881
5897
2602
5944
5250
3544
8739
6076
2375
7877
1866
8099
3018
1583
2151
3528
4675
4170
8203
1072
9348
3655
1780
7570
3251
9619
3182
8874
133
2884
9615
100
5836
8967
9378
4618
3664
4594
4657
431
3500
696
1825
5084
2112
9609
7076
1095
35
8093
2034
3860
3564
2551
703
6134
9150
2161
8246
8923
8353
2337
6277
3311
6159
2539
6567
9403
2897
184
5113
4029
4390
2922
9942
8943
4644
5148
5564
9544
9456
4894
8582
9772
1900
5461
2726
193
7033
7804
2749
4264
5953
8975
8057
2214
8688
5843
6993
4773
2701
9753
7303
3387
5508
9935
4621
6239
3016
7808
6768
5348
2416
4877
6065
7887
580
6118
9169
320
8815
3483
5950
6704
1160
3498
2268
7617
1315
1617
4111
1923
5804
802
9667
6081
2225
8860
9962
4336
7929
8903
3601
8536
592
3090
2056
528
2862
5592
2707
5904
4620
4118
695
6374
6520
5402
292
9199
8570
2061
81
596
8015
7998
2102
2830
6377
7015
7081
9132
3531
2131
4895
5173
9436
6711
4242
7892
4283
3874
5827
4544
3324
625
5663
7955
5080
5852
7344
3206
4424
8658
496
4866
4586
2481
3955
1021
4440
8900
3844
805
5853
1205
4489
9118
6001
891
6163
8021
4515
6737
2260
4952
9066
1053
6492
1165
2308
7338
6358
5614
3258
807
776
1952
940
2546
9038
33
9416
6168
684
4717
3180
6737
9616
781
7538
9092
8659
783
7190
2361
5776
3552
1338
903
5921
5707
7783
370
9508
2142
7310
4130
9716
8150
5984
7135
1081
673
1933
8212
4275
7740
9210
2657
5224
5139
6343
1900
2566
364
575
8421
367
5098
6778
1832
9129
7299
6309
2712
4450
2719
9145
4445
8377
8889
6119
1796
7772
1087
1380
5752
9939
9178
6570
2448
5996
1009
632
3477
9264
1795
2481
3188
9935
7543
7737
37
3920
4505
8779
3062
9701
6973
5320
328
6693
61
2338
576
2596
2100
7850
2937
2989
6589
4683
2271
1657
6919
1157
7005
9321
5451
5011
6574
7746
7208
7280
434
6035
5561
1965
948
8479
5759
2999
8739
4349
886
5935
7256
4742
2707
5693
2953
1388
9891
4845
2318
1053
6638
4863
7265
6329
5032
7211
6207
9614
5597
1456
4188
1475
255
150
3144
5349
9527
4034
7106
3558
2240
6226
7759
8398
5997
1035
3231
8952
7761
6491
6128
6349
9244
1187
5867
1482
2505
4394
6119
9499
187
3853
7795
8683
7048
427
8976
251
590
4135
7442
7745
9670
9542
9799
6951
5300
3515
9407
9343
3332
4894
3900
7589
5656
1659
2052
7032
184
1702
446
6713
538
7907
7672
2431
4173
356
4227
9581
1707
7929
81
3146
1372
5477
2649
7071
1774
9385
7813
9020
610
7914
7996
4201
9724
1644
5613
483
1881
8006
5006
5005
5775
8843
8380
6546
1800
7185
766
8325
4911
1709
4149
5241
2933
4925
1535
5116
633
5670
4109
5174
3914
3170
4541
6869
4200
129
3833
7147
5422
1960
726
8016
6826
8689
5283
9927
3426
4185
3775
821
7155
1048
6633
9743
3889
7522
9507
5505
3063
9349
968
9507
1136
2665
5626
2679
5996
2157
6282
6046
3160
8892
6010
282
5857
5094
1921
331
7272
639
6209
987
2523
9779
1346
1529
6862
5556
4438
6665
9363
5520
1907
8018
9018
8859
2351
9561
5270
7225
3129
6829
1761
4605
9896
9345
963
1643
9720
925
2707
5770
1423
2788
4938
2774
158
6028
4772
1527
3550
6859
3601
7418
477
3456
9592
356
6900
1906
6447
7659
7144
4777
499
13
5223
5517
8054
9379
8691
391
3519
4252
3033
6971
6929
3803
6220
3308
6463
82
3022
9674
1588
9084
870
2770
210
4257
5446
3392
3063
8279
7557
6260
8320
588
3082
2227
3836
9758
7867
1095
1990
4063
3967
9634
7821
6638
2117
8284
6721
6705
7777
8888
7197
9390
5976
6671
561
8672
3759
426
310
717
1355
7598
4665
6088
4137
9288
654
7289
4637
5499
7204
4337
9635
6564
9553
4400
6830
6795
984
7683
1096
5078
9913
3957
2664
1580
1139
8211
9473
698
5640
9030
8507
641
5892
2492
196
418
8251
8863
3761
137
7830
3994
4979
8826
9340
52
8148
7798
9747
7324
8082
4780
5983
10
8193
1031
8183
8046
2812
1338
2335
6871
7812
9145
6533
7380
7345
2650
8991
7457
6927
5728
7570
6675
3045
3124
6221
5148
1298
3013
270
6967
2627
1390
2376
727
4364
1050
7972
5710
7138
542
7956
621
8749
8721
6673
8535
9902
9450
8904
5741
6163
630
5071
6978
7432
7066
780
7063
3513
3196
7460
7064
9298
5442
2761
1432
7021
4480
1777
1454
7962
5694
5257
5673
8695
8078
982
7069
9598
2050
4853
1411
3045
9919
9666
6159
4129
2884
2998
8719
2178
9258
7314
7884
3477
6129
3136
5850
141
9785
2830
537
8102
9148
578
4507
7239
4911
4945
3258
7674
5539
2789
2934
744
4642
6841
206
426
5552
9031
5719
1061
2629
9544
7475
4265
1128
5293
8398
5779
3547
783
3045
1813
8910
2102
3658
6853
2014
6429
2666
1697
4212
6296
8084
4471
9859
2685
1556
6340
7768
6126
8633
3783
6764
9076
5646
7797
6078
6196
195
6515
9537
1844
5646
8226
7552
4012
4069
7009
7017
6020
3392
2124
7492
7873
1323
6347
6537
4402
1103
2604
9851
9621
35
5895
5830
7253
3630
660
8186
1027
9590
5334
4131
9076
8731
3259
3880
6271
8249
9387
8629
7948
6267
5173
8769
6768
791
1312
133
9235
682
2231
7568
4416
8271
8927
5044
1399
8687
6882
2
3718
7946
90
1969
2550
5541
5006
7576
4540
6068
4441
7564
6125
3011
5943
3244
1133
5730
4810
3544
6351
579
4927
4883
3778
3394
7798
8168
1425
7047
1364
6227
5338
4663
1243
3222
2300
6119
7092
1346
9392
1023
583
3473
7588
6253
1575
3425
976
6699
3104
6242
2892
4373
5641
5136
4711
1333
1785
6678
9040
5468
8957
9700
8946
4875
8851
7423
6406
4834
770
2358
5667
4635
1615
2322
5816
188
6186
5728
8021
8282
1687
3021
3500
369
3302
5066
6990
9222
1433
7156
851
7959
9997
4075
4387
2153
4993
487
298
3793
4467
3798
7444
2911
5205
8191
3535
5169
5337
4218
9032
2515
1572
512
3000
2458
9514
7762
6658
2144
4354
9284
2967
4298
4642
3014
3232
2278
2273
8806
2239
8762
996
8369
2089
9845
9031
4509
5395
7689
2838
2286
6545
3223
8435
6983
4630
231
3721
2189
2125
3601
6394
7306
7419
3197
2078
9820
5234
3629
1940
6029
4736
461
6969
1897
9401
4580
133
9128
5967
7467
698
8308
7301
3163
6976
9414
9855
6930
7295
5
9473
76
8016
6343
9587
1438
6454
4588
7090
9697
245
8492
9031
4125
9880
981
3517
1421
7679
5182
3864
4090
3057
7660
9109
7902
5529
3830
576
7668
4104
6350
7198
5649
291
5844
5272
3999
3435
218
7900
5562
7000
7512
9167
1861
5791
5490
985
6105
28
6849
7014
8178
4282
6618
9653
6673
4824
1850
3974
5551
9441
4269
157
3805
9207
6298
932
1716
9811
8088
4341
6496
291
908
169
590
9448
9862
2603
2847
5707
1908
2476
2094
529
9449
8964
3131
5419
9990
271
1170
7065
2522
859
5680
5413
8352
5658
3109
6900
455
2034
24
4968
8714
1107
7539
255
1327
7262
9714
266
5027
2654
6191
2303
2656
689
8916
1930
2012
1548
8978
6127
7595
6809
8609
7024
6253
8913
7416
8577
5667
3960
3783
2553
3391
4364
7666
9080
1670
7964
5862
6541
8355
7640
2022
4172
8724
8095
3379
1697
2441
4543
7553
8870
9629
9368
4282
9945
5281
1640
1790
6773
2762
7169
0
170
6363
3968
4874
2524
1200
8769
8675
6560
4427
8710
4228
4445
2284
1462
7185
4997
1045
5020
3573
2961
4613
2388
3008
9684
9776
8895
2858
8440
6225
7098
3108
9881
6911
3851
9975
5914
9401
9740
3787
9511
7434
1601
8838
9866
7353
6043
2
4435
5320
7696
2333
5090
9489
4464
194
2260
5215
1636
4041
9469
4877
2272
4559
9649
8977
5690
310
7432
5705
6996
831
8688
1003
4626
9236
8180
7002
3486
9394
9557
6531
914
7743
2387
4038
5142
8424
4508
1897
4239
2487
1666
2504
9215
2855
1524
884
4015
8182
9911
9542
3415
5220
8756
4335
3470
2192
8369
2005
7004
148
5387
648
3688
3104
3508
4589
3216
7010
833
3755
685
1748
7184
3121
4131
4955
3621
6075
6208
1019
4312
4756
1295
3018
903
2254
753
9992
6614
4504
6835
6871
4597
1774
7520
2376
3872
337
499
5039
2003
9282
655
5169
1268
6970
9984
1390
7169
2590
7629
8714
8219
5385
7735
4992
1482
961
189
7387
1000
1753
1027
4447
449
9394
3742
7537
5820
9903
1423
4504
4582
5999
9530
7600
4596
6908
9846
585
518
3563
4786
3249
6026
2133
1483
7999
3285
4528
1333
6707
6184
1177
4939
5929
6526
255
870
2713
1348
9427
3875
7497
8220
7608
8892
5738
6548
7617
3048
71
5606
124
4205
9169
5203
7047
7748
3405
7652
6601
6776
2554
5173
1295
5563
8290
4070
5081
5414
2300
2918
5140
5851
309
1995
7794
9833
4702
8063
7358
7024
9552
2415
1652
4036
1608
6849
7295
7642
7072
9781
1758
7330
995
7952
5023
8731
8282
7190
6268
4788
1673
3682
6392
9683
7876
9630
945
8866
5327
1738
9889
1461
9788
635
8937
6093
1478
4999
330
7182
3227
5879
9480
7002
4080
7723
7761
9050
1891
1432
3557
3658
1844
539
3168
2088
8351
668
9516
6137
8196
8370
4180
1805
3334
5621
5781
8043
5046
7034
3383
5083
1463
8265
8803
3870
9948
7683
8951
3816
4994
4965
7520
8734
8840
3420
5128
193
7445
1523
9915
2565
5798
8650
5364
9821
1090
2097
5576
8622
7022
4435
695
7020
1303
7067
3477
3918
6662
1224
9981
1161
2861
4720
2635
7508
5458
5849
5645
9153
6073
397
771
6621
3006
2303
8744
1430
215
8463
2666
9835
6931
8316
1904
8106
6230
1448
979
194
1644
6848
9750
3825
6105
6719
4975
4412
8246
8043
528
8984
5673
509
5547
6882
1942
9783
8708
2592
9926
5179
3936
2754
3763
41
5000
259
8434
7925
8875
4995
5346
1261
826
1347
6560
9770
1087
2448
6343
1800
6993
1312
2586
7177
720
7946
2576
3016
1763
8312
3915
9515
6763
6055
1814
2949
6780
1517
1952
4563
8190
9976
5
5078
6914
1540
6948
8623
7814
5973
2905
5837
6830
106
5941
3210
7715
3646
4036
9685
1327
1770
155
1215
4035
250
3726
8088
6270
4934
2854
3829
1468
1361
2131
8806
4103
7801
3131
1550
2229
2629
2618
8170
8722
9230
8262
3410
3074
7870
8992
3985
8727
8147
983
4588
1854
6803
6301
7904
7746
4160
7832
6576
6833
3655
6352
8283
1325
8295
2241
1567
5669
5339
8634
6861
2679
7574
95
51
8706
7418
8753
6175
5443
8087
5329
9867
9566
2375
1427
6068
7803
1261
4567
7864
4092
2644
8807
8279
7692
5208
8641
7915
7381
2450
6106
8294
6790
8409
8424
6372
2461
9814
4603
8583
6805
6857
4383
7327
5643
9020
1866
3121
7265
157
9430
9151
9975
7956
1896
3994
5953
1142
3191
1678
1202
2117
4634
9098
1851
5821
5449
9487
5621
4226
7762
7258
8536
7383
1995
8069
2716
7943
8480
9843
8730
3871
4872
4987
7027
7006
3835
710
9649
4493
2911
4820
3410
1153
5725
6150
964
3219
569
7624
5461
7850
7673
3238
7902
4241
7510
7002
8463
6038
2835
5420
9465
2152
984
244
46
3761
9569
3431
2166
9373
7129
4952
9960
2875
7592
731
684
9481
135
4688
7891
1732
9421
7880
5047
7850
5430
401
1994
7558
5976
1177
4173
6571
3073
6609
4574
3115
4905
2587
8965
6616
8276
7187
8554
5182
1801
206
3472
2951
2513
7021
5676
3636
8466
7803
7927
6966
655
1980
3409
1752
2085
8615
1526
2328
3921
690
4551
8513
4654
4469
1720
9315
5408
6471
89
1853
3567
7073
106
6214
5640
1708
979
4014
9760
3392
3191
2450
5822
905
9939
2450
7227
9344
6336
4869
8376
5545
5156
6204
9769
6658
7207
7867
1379
1743
2857
4086
3924
9720
743
9819
5157
6581
7650
9035
6772
7924
2236
6169
4224
7797
13
8879
1401
5063
6563
3784
6309
3335
70
3294
5317
1347
3359
4805
2740
9498
6636
9441
7623
6301
4928
7789
6616
4871
2599
7780
5469
1338
2707
6440
2718
9514
4907
7920
427
8944
9126
8863
8976
6644
5525
7686
6429
9982
5327
9698
2717
5518
9523
0
7641
3558
6011
9471
1427
8455
2727
5425
9788
7780
934
8079
9162
3515
7827
6008
2710
8647
5807
3928
4246
7257
339
5510
9275
7898
7686
1699
644
740
5733
5272
178
5025
8752
3695
8963
8341
5626
7428
9908
6216
4045
9512
907
9405
3226
2980
5856
5979
3206
6564
3664
5693
9574
5165
6340
263
7673
62
9733
5798
1400
9075
1512
1011
2351
7685
6656
4838
6922
3940
6260
8497
1951
825
1477
2167
7726
3485
4989
6613
7537
6643
7351
4516
5780
7272
3551
2245
9299
5471
2318
1301
3933
1156
3761
9043
896
9350
5676
201
4031
5727
2654
480
5323
5693
3576
6298
8117
6668
9339
8031
8232
7068
4365
7671
7003
2834
6972
9949
4841
8277
322
1511
4701
4357
6176
2419
2408
5349
5160
1475
5997
5572
5664
3263
3460
7431
2935
6319
5206
9165
2117
3854
1628
3309
8859
5169
7641
5709
3502
3470
9285
8096
546
93
515
4960
2235
6552
3160
1009
4137
6389
6074
173
6292
4827
7053
2591
8985
4519
6310
9553
4985
3231
7124
5169
5881
3286
4495
1212
1061
199
63
9756
7781
7125
1032
3822
9042
5530
9055
4370
7737
3618
4625
2205
1554
6530
3001
3416
4799
6146
9877
5596
9493
7118
7691
8918
321
7973
5142
42
8621
9188
3407
6941
7036
7153
9206
3840
8353
1774
3306
9503
1176
9254
1032
8700
7837
5255
1976
1021
3340
3926
7744
1359
9937
7545
5421
5329
803
4344
2019
4150
5210
8929
4427
3243
9292
90
9246
6137
9396
8496
7499
1853
1120
5576
4912
4343
2611
9920
9105
4254
8246
5277
576
2887
9517
3246
421
5986
7743
3035
3572
7948
3441
1438
1714
3519
3776
7338
2858
6244
4841
6865
7370
7531
7479
190
6853
2087
6823
5721
8995
9794
6167
2015
899
6411
9495
9290
5260
5503
1111
6329
6377
6704
1009
3992
899
566
1664
262
3004
6331
208
693
1982
1552
7850
8541
8447
7681
4631
5896
2791
5342
6799
5420
3553
1943
5331
1007
102
2529
5497
3803
648
7103
6711
1361
2771
3676
3664
8613
1205
4352
2179
4763
2340
7857
7114
6312
6092
4120
9595
1236
6977
6124
2392
3219
4297
8897
7396
9805
8698
9804
6484
8242
5131
1346
6518
432
8746
5684
8507
3397
6589
7078
867
2834
8674
5682
8111
1433
5610
2134
9771
9195
8403
6583
9120
6166
4705
6538
7083
5382
836
4102
6411
6335
2233
1817
1010
4816
4067
3974
1079
1284
5831
7951
1549
5549
839
9806
1147
8647
5943
3216
2442
1323
2630
6462
3763
221
5276
5940
8566
8243
5642
465
3018
3876
2527
6123
8683
7616
9931
9983
2030
8204
1673
8838
1366
9093
4758
2404
7221
3187
3670
7104
7741
8134
1148
2071
1160
8315
7993
5759
140
3357
6591
8912
1728
1004
1075
9041
1131
7341
5447
580
8047
4990
9736
8174
6572
8505
4604
1427
1116
1176
1288
1289
342
228
5601
4030
4888
7212
7039
6297
2284
9375
3210
4455
7067
865
1044
2169
3014
6215
8005
1600
6256
114
4432
8266
7912
5919
520
4763
3508
7051
3211
6557
1607
8415
6634
208
9233
4975
7444
3198
554
3739
1800
5885
6730
9392
3312
1060
4480
4231
8731
3269
6111
6064
493
577
7558
5601
2051
5184
5540
9807
2867
8243
1396
3259
319
9366
3862
4085
2390
2086
5209
4925
4459
4151
5266
4841
1279
2652
7297
7188
3196
4103
5938
6475
9429
9641
1071
1780
7647
9470
6096
7333
3855
8756
845
470
1290
2600
8212
4101
6867
3860
8815
1085
284
2160
5165
6285
6417
188
1845
3123
5103
8785
4362
68
9527
2833
7194
2752
7276
2506
2091
4313
2701
1644
7443
6206
1877
4977
7511
6806
4737
4090
7434
2165
8536
503
9158
4020
1117
1077
4158
1652
7347
6108
7402
7435
692
7234
3746
8862
2115
1378
8817
1326
5159
7945
6354
5645
9533
1804
9069
3548
9486
9400
2946
7893
9813
3527
7244
6274
8591
5926
7499
8032
773
8797
9437
6779
4488
8613
9253
7775
8426
2353
138
9665
960
8320
6114
380
7088
6678
9651
9241
8955
9530
1048
8699
8614
7654
2342
4151
6919
5770
1892
655
1893
2329
8761
8768
6881
3857
8531
9940
104
6216
4555
5262
4192
4306
3232
5919
4469
5753
5766
1235
6357
6898
3042
396
1825
1638
6432
9714
8568
458
1843
4313
5154
7208
684
5095
8813
8148
2994
2439
5905
8132
560
9843
1106
2174
1168
5421
9571
4288
1870
7991
8431
3418
646
7617
8087
4818
7976
727
2469
7901
2558
583
6238
1323
2627
384
7915
1365
1744
5604
1680
4786
514
8612
4571
4347
810
4546
7941
8392
3589
7320
2550
644
8830
466
5180
7894
335
1694
2637
5001
4386
7149
8903
7835
4101
8817
3811
9229
1071
5949
5200
6561
3817
7812
3876
2903
1155
2535
3185
5341
6246
1330
5133
1857
4272
4643
7205
610
9880
1559
6705
4668
5700
4234
8616
6831
5524
3105
3024
1582
4721
4516
2250
2817
3855
7164
7999
7979
8312
8148
439
8056
5757
2499
598
8033
1331
5873
3519
1954
6188
2454
4162
9270
342
479
8145
2001
2479
7595
9017
6988
3652
4633
2218
9543
4229
4353
6893
4595
6305
1762
4737
1830
8502
6419
4280
6281
4717
3574
6903
8873
9255
6112
5560
4940
9315
1757
7352
7900
3496
7969
7643
7078
7069
4092
706
2779
6689
702
7250
5453
6190
1317
1937
473
7293
4132
7975
2147
2787
393
2972
1158
3045
3486
888
2290
1240
1526
6459
3838
4368
5084
1401
935
8198
9885
6897
155
425
424
2605
3670
1152
6509
5045
1035
6265
7966
9956
2298
9671
6820
5148
2234
1821
4122
6298
8496
189
940
5161
6762
2300
640
686
1818
5583
1550
8504
6123
8324
7953
587
1559
6812
3164
5762
3197
5588
6411
8179
6850
4879
5851
8720
1913
5964
2407
3673
5802
728
2095
8315
9181
8683
683
180
8691
9619
3389
3005
6893
404
2536
8676
5093
115
1107
1935
6730
354
9384
8986
6296
3814
1127
4213
8707
1660
6226
6975
5621
4577
7355
3300
833
133
6743
9571
1148
3036
9555
1766
5880
1553
6646
1865
6515
259
4299
224
9393
1894
8291
6905
8588
8937
950
8752
3082
4243
9845
1418
4305
726
7065
7112
5900
1301
8480
2072
2247
4522
5853
963
4124
1198
3819
400
6361
8767
8217
9429
2385
155
156
7845
7163
6588
3647
9910
9207
1237
2361
5759
8710
6169
7021
8236
6633
710
6566
7775
7976
9976
5469
4313
8616
2528
9748
1005
1471
9472
5751
610
3068
7939
2361
6004
5943
9695
4098
2801
1316
1649
8280
4259
6073
8515
6979
9395
9344
2029
295
7976
9312
8481
1440
3177
1873
3141
189
6624
7170
3947
5097
1539
9998
7285
3551
8402
3695
9834
2636
2819
714
776
5776
2251
4754
8641
2594
3424
2577
9945
1697
7492
1975
7476
9871
2648
483
7335
1063
4877
4929
1600
7247
1106
8896
9794
5145
3627
128
8892
6695
1634
491
1775
1803
7204
320
8443
3654
1604
6632
3586
9643
7943
365
7919
971
4494
9145
3492
616
9789
4695
1566
723
3319
4092
5432
4265
874
6590
26
2232
3560
385
7493
3811
2335
2481
1747
5234
439
2105
6662
7342
7970
6545
9717
269
1361
5211
6840
7514
6983
5873
5506
7999
743
7735
6855
3601
7376
6923
2467
6255
5706
1499
4315
8906
5697
3193
8214
8818
5582
795
4613
4506
226
2381
9744
1887
8321
9263
3577
928
1067
6138
4355
9166
4374
6077
9551
605
4033
2412
3525
3932
3236
3192
9432
2190
2898
2459
3078
7922
7364
4095
1635
837
7387
4069
4363
6744
5742
3050
5120
5537
5975
989
5994
6277
3454
4586
3340
4635
8919
3723
1792
6234
1576
394
8042
9377
5803
6289
4547
3683
4538
3202
9441
500
205
6669
7698
6991
6288
7133
4787
119
2763
9041
3123
7517
9126
9554
174
2919
6859
2706
7526
9002
5823
5749
3403
764
1706
6619
6028
3370
6477
3121
7514
5261
7228
2086
690
4869
2722
9041
5109
2060
5611
1739
3704
4157
4305
9642
6480
9220
4265
167
3750
3114
8177
551
4213
3632
3225
4457
772
5194
4093
79
3480
7596
5488
5483
4366
9383
8834
4304
4424
6018
2674
5129
9462
7389
4274
213
1804
8153
52
7167
9770
3914
9912
5808
1696
9679
6581
5989
6013
4956
268
1154
5502
321
4443
4071
9665
7399
5855
4834
6744
9025
4581
4469
3282
9463
846
1796
392
7454
741
7563
2250
9673
2449
5778
3999
5140
6364
8265
4855
1654
5861
468
9027
5675
4041
5392
1475
1483
8316
190
1415
2896
4111
9833
2559
1040
1430
7171
7515
5908
6379
389
282
5629
8220
6885
808
1162
9749
9411
1313
5437
4146
4947
7642
2011
3963
3247
9209
7977
9650
6175
1309
8335
921
6692
2483
8653
1719
4652
5055
8719
6988
5568
1182
3884
2725
9101
9516
5307
6134
5258
5702
6100
4552
8791
4613
5696
3244
7853
4791
2336
6149
9495
9785
6345
5797
92
5839
9426
630
6838
7072
3788
5069
559
1872
991
5370
635
5280
3309
5714
6826
4831
253
7436
5363
2706
7450
4810
4156
3478
1530
2753
5003
5628
7161
2122
9056
4811
3789
9874
5060
4651
9111
5479
814
8307
7714
4080
8740
3135
361
9809
1065
2475
9540
247
2021
6854
4468
5648
3873
3117
7940
1446
7407
6235
9586
3189
9911
1413
3865
9014
6627
3887
4248
2953
7515
7919
2806
5036
3845
4562
7414
3231
6120
473
5445
1621
7634
2439
1664
2900
4091
490
4521
6730
5075
8783
3677
3503
2930
992
9879
4569
2015
3657
2398
4888
4379
7426
4725
2510
1367
3471
5432
45
2512
1691
1970
1547
4615
6922
4521
5658
1702
6068
2504
2121
5138
8076
4900
3907
2131
2771
131
4618
6945
5518
733
7557
1726
0
6857
6423
8445
8707
3057
2389
4600
9371
3336
2125
5725
7163
4225
534
3879
7463
2473
5303
9597
3936
4745
4867
8414
7146
6324
6947
4398
1232
8739
228
4373
3053
5432
8981
8361
3392
659
5849
5864
7330
7972
7563
6479
5273
8587
9247
2801
3863
4310
7989
2243
3694
219
6184
3188
4756
4067
6353
8360
5092
7407
7964
3634
1703
5108
2710
7200
9702
2547
4217
818
2304
1749
7355
729
2306
1067
6327
1686
2906
4174
5505
4478
7409
4529
1252
9052
2315
9787
7078
5412
1773
7513
6015
4707
4957
6762
9656
3532
5229
2390
9737
4901
8723
6947
9266
2364
7323
8182
4593
8226
9051
8273
9494
6126
3927
4512
9261
2509
5473
6486
4916
8052
3668
5577
7111
5020
3893
848
9901
6596
3209
8387
6971
5248
9878
6802
1269
4429
4795
8752
1820
7756
8559
8911
6117
9912
8147
4554
9867
7458
9507
8012
9758
6367
2746
2085
2453
9541
5728
8716
5983
167
6403
6904
2656
3110
4618
4760
9604
8529
3720
2543
8343
5397
9190
4176
4767
7229
2244
6186
8956
8066
9139
3235
4071
4603
8212
9465
4517
5464
4065
7430
808
165
5429
598
4440
5565
7324
6086
3712
9570
6139
745
9533
1102
8042
7801
4372
1266
7583
6271
3726
2408
6677
7164
3409
7160
8128
7088
2551
3354
845
7781
5716
9538
8590
2921
8260
2053
3943
1084
8805
1859
5226
3254
8120
5773
437
3183
7051
7748
6921
5080
2016
6563
8281
5634
5511
8408
9494
8673
6717
1840
6061
547
2035
8484
5643
6553
8281
8613
7045
2758
1698
1555
687
7220
3544
5022
9587
230
7264
6703
3054
1911
6209
511
648
4849
6679
7183
698
3485
9100
1436
195
5962
8542
5589
7816
858
717
1690
669
3426
3715
3643
5873
3473
6410
5576
1516
3702
3571
7106
6749
8492
6143
8197
1048
8168
7259
2510
2439
6337
2360
317
1808
6675
9826
5391
2275
5932
4459
1735
1547
1088
2111
1080
4247
7380
6237
7754
8639
7558
9047
6770
550
8350
1819
5670
2554
6160
8635
6595
1014
5560
2581
6569
6285
7080
6312
5801
7573
5619
8188
9538
8526
1018
9134
2645
9703
1761
5952
7429
1785
7109
4821
389
9261
6056
9890
9214
2612
6558
8250
127
8487
7122
2930
9805
3402
7724
4681
6678
8314
9258
2193
1856
4698
1348
5865
1376
4153
1635
7015
7209
1380
2444
4918
4905
2081
5080
5200
8388
5215
7995
2481
8519
5241
6768
9434
2913
6039
2922
8376
8261
8125
826
4593
4442
8238
9130
4276
2279
6813
9445
8652
8700
228
9654
2644
6189
5645
4469
2408
4310
6437
2566
9101
5204
4647
9839
1230
12
890
1863
8494
9183
6087
5729
6439
4442
7024
895
9820
5307
6585
6296
9844
820
3375
3335
2464
9391
9225
8862
9523
7595
6710
5891
3380
5863
2272
8602
1846
8216
6638
4000
5272
3829
413
2397
2301
9121
1959
9005
8572
1866
4553
6317
4366
9188
1652
8466
5562
8997
4510
2085
3610
9963
1734
4944
9069
227
7151
1495
2385
920
8314
531
1041
288
1887
9380
9723
4960
9846
358
8060
4982
6914
215
2246
6323
3890
7240
8234
3083
8114
6165
4212
2329
4871
3883
4550
7466
246
4570
7306
3241
1778
2819
6937
315
2989
4644
4683
7896
9202
7709
6831
8271
5434
2451
8513
5000
1222
6344
2394
9925
9679
2348
3137
4470
8675
1880
7608
1234
2882
7010
3121
6387
4371
3735
8414
7787
5198
5623
8571
3872
7703
3927
8272
6478
2001
7103
5720
8736
71
6028
9977
7729
3776
1774
6199
6440
5316
5799
2704
4634
2879
1433
2351
2110
7795
5940
4019
8609
8296
6731
3266
6354
492
2527
7
8469
2798
6280
1646
3869
8283
8551
2054
7798
7911
9167
3406
5230
313
6960
2124
1675
3823
4077
8810
9163
322
6265
3467
3351
456
7121
7720
5730
3786
8992
5392
3410
4489
8791
785
7174
4143
7901
3998
2903
9077
430
1614
5818
8324
656
196
7575
8871
7143
2915
5178
2807
2782
4800
6581
5645
4818
5821
6703
7756
8439
9064
4619
4763
5626
3111
5073
1686
6813
6369
4345
5903
1656
2524
7991
1750
8174
2408
7706
858
7334
1961
9457
8784
8532
6618
6854
7570
9026
5757
1289
1054
2985
8780
9281
2228
6183
4524
7875
8383
6066
1355
4792
1943
7822
6247
2300
2399
8418
7579
9558
8515
6544
4116
9100
8875
8472
962
733
4613
4055
5898
1901
6675
4390
4453
6346
7012
3398
2997
5040
4397
5325
8585
6077
5637
6626
1292
186
1272
9928
764
3351
5841
4010
3212
239
4019
3573
9179
624
795
908
6953
5804
2142
2225
3494
8682
3863
4377
6409
1302
7857
4671
4425
2253
6672
8268
1697
1683
2445
3021
6543
1486
4401
1679
7733
3652
3020
5536
2134
7729
4066
3097
2205
1798
6789
4146
1770
9777
4372
4160
6582
8558
4877
5030
9062
7108
8502
9368
9003
5699
1887
5488
8312
2911
1447
2062
7457
5009
2587
764
8117
7733
1634
4354
7699
7197
1264
3787
5091
6756
3792
7586
5566
9627
8265
9849
7565
7963
8281
3331
2959
2104
4121
1577
5354
7403
5145
9863
8531
5752
9095
8609
4041
20
22
8984
3679
7552
4136
7591
6268
2196
6475
4292
2321
3598
388
4598
1409
6570
1944
104
7567
4260
82
6621
84
7422
3528
5022
5630
9160
7021
6791
165
708
5840
9368
9127
1978
1236
6159
8014
3277
2225
7638
8466
8302
4226
8029
7631
1038
3534
6619
5360
7589
721
2363
2579
2470
561
4787
8362
7585
2760
4261
8587
8141
4953
863
1244
5904
2659
4476
9819
3956
4373
2517
8675
1220
8082
242
8463
9055
2282
5554
1763
8586
3410
5761
