1713
9991
656
858
6680
4249
5846
1121
6897
3672
5688
6443
2623
6455
6677
3501
4423
3631
7913
8133
6350
8328
512
9220
6534
9111
7024
6958
2991
8170
8559
1532
5387
3402
697
9855
6086
2726
2172
973
8191
7094
674
584
4352
2196
6801
5665
9484
9969
8193
5887
3185
8669
4466
5906
1039
7945
4498
160
9198
2910
7015
7727
5878
7171
2407
9742
2611
7543
8992
4798
2044
3885
2512
7466
775
4764
418
5789
1866
6845
2702
6858
8216
133
9091
8079
5054
2692
6355
4489
6895
8941
9858
9475
4482
8895
3335
1636
7040
9218
404
7122
660
1974
3752
4247
5001
4490
3123
4446
4386
8763
161
462
8376
708
5360
7306
4144
5152
3884
1839
4602
219
1998
1282
7463
2091
1366
335
1869
5831
4569
4896
1954
8855
7432
3273
5749
9715
8640
9609
1070
4276
165
1032
848
6119
1530
9035
4801
4635
5725
4658
8330
6488
6920
4040
2204
1833
3073
5498
6968
833
5941
4248
8594
7629
719
560
4844
868
6340
8295
9996
2980
2996
1894
5755
408
1256
9851
1058
3224
9377
2292
6410
642
3853
4277
128
9883
2549
5392
4198
7911
4169
5003
9736
7228
3478
997
3319
9428
5085
4918
1708
3961
7699
8193
6007
4504
7679
4483
8396
9304
4915
7071
2315
5561
597
3078
4989
2706
2615
7136
9595
3208
2552
7449
8893
8617
5199
8415
3205
4175
2613
6029
1812
7555
5038
4506
8378
8342
6978
8602
1548
603
2149
9865
4058
3926
3894
806
2097
2149
9161
1109
9249
8319
17
9588
9235
1496
5779
4976
6334
6056
6033
4373
4912
1710
9212
9114
2245
3103
5799
3544
1179
4995
5756
9065
9954
684
7564
1498
5566
6920
7863
1850
6434
7480
8966
9748
7121
6986
9383
7577
2012
9265
2552
8308
1712
1670
3444
9903
4810
6424
5514
1561
2896
2909
4936
9019
5755
53
4502
2492
6517
1986
4043
6791
7168
6049
3990
8082
4130
9743
2191
3008
99
7778
807
4220
6369
9008
3257
8494
6645
5671
5087
9249
9867
2236
3111
8230
5482
1529
1179
4804
9283
7171
3815
983
3354
7913
3864
848
4162
1872
1118
6449
8226
9164
8754
4793
195
2908
7283
757
7902
5744
9187
7354
3531
8013
8490
9102
5739
8267
197
1389
5918
8945
2624
1225
5372
7364
3323
905
7965
2021
2181
1387
5508
8048
6353
9277
8761
3443
1597
9733
5913
1776
8082
8230
2161
3532
3613
7439
1623
6625
9584
5593
9282
5656
7160
7209
1236
8313
1799
4164
8552
5786
9340
7040
7704
1079
7446
3789
4284
780
8911
3927
8705
2707
6442
1191
684
2035
3133
2991
6117
1740
8558
5390
3354
6434
4657
1057
443
4804
4086
671
7713
6545
8235
8791
5224
6799
119
8848
7231
6893
7630
3254
9416
7087
6587
6098
7781
2451
6365
7088
4252
7944
8949
8895
1031
5656
3484
3859
9659
8874
4231
51
8673
2339
6718
4036
7332
5447
5742
3861
2133
8508
1026
2953
6041
2414
7985
2752
6394
8358
2818
5577
9657
9470
8922
5085
4489
4800
48
7958
6762
6040
5596
4261
6177
8443
5544
7365
9689
5234
679
6676
1034
7251
1001
2069
4233
5622
2772
1603
7279
996
4055
9336
3812
2234
2870
36
4042
6128
8562
2572
445
1800
9401
8872
9546
1237
1119
9535
6014
2232
907
3770
6972
8925
7247
2475
1200
6092
7023
2438
706
2845
2229
604
2424
9653
423
5215
2706
6932
9797
8299
6033
8924
4685
4820
6339
6753
1037
2142
2001
7810
4559
9230
2952
2661
8894
2473
563
2921
5382
6468
7538
9488
7599
9043
258
3227
4303
1274
5616
6163
8445
4994
6870
5770
2577
9765
5812
6792
2207
263
7600
8099
9478
127
2006
8628
5220
6761
5147
5271
6192
1640
5801
8894
5310
5703
5771
7634
9889
740
7225
9483
4214
9012
4054
7467
2991
2524
2981
5533
8597
2912
8392
9921
4499
7526
2254
6684
943
8822
4402
5406
1060
344
6121
7887
147
4060
1017
5356
2606
2538
1267
8280
4710
3320
6426
5527
6716
2923
4070
5801
5800
3598
1080
6673
3093
1793
5652
6757
9566
9170
5587
4237
5929
3438
9487
5030
3146
25
6613
5308
4364
664
2172
4511
9383
1732
8
2931
3596
8389
982
5329
2566
4954
2314
5415
7067
381
9641
3837
3397
8684
2167
9606
840
9341
2310
1720
8842
3789
1476
1496
6254
1520
7666
2096
2165
3849
7661
3964
8758
5981
1899
1594
7576
6146
7972
2831
6304
3069
7231
4696
8941
390
221
1275
1687
2085
3792
3919
6454
9554
4952
6199
1365
3313
2322
7312
5097
1032
9796
5854
9115
3235
9820
8235
2166
1183
3617
1898
4873
3357
7328
805
6400
7906
2571
3889
5426
5452
4840
4196
6455
1847
1643
3228
5928
2542
5952
2075
3319
7245
2139
4083
4245
8682
4656
1118
6643
6326
8059
1091
1610
475
6164
9303
6616
8684
2505
2985
8349
9245
816
4410
1089
2878
192
2491
2190
9370
9796
1455
3704
9358
2954
5840
9123
1201
4249
1741
7371
7336
9185
9050
5482
5969
7376
677
2125
7059
6792
6887
7736
7964
7968
8179
2352
8585
3186
453
9600
2188
5467
416
6367
9722
3664
5550
2816
44
3206
8200
3710
8978
732
8611
8580
8813
2117
1318
410
7353
3048
2647
6654
7940
546
9769
8160
2043
6290
2982
6146
6362
3768
563
5148
4470
9427
6466
9029
1094
2744
1919
7298
182
2403
4721
9166
7179
3636
8622
3337
8882
3230
6867
2631
6320
6839
5420
3332
302
1636
4024
9583
2126
4186
1919
1462
8329
1028
5350
3625
650
9923
8254
7027
1406
7267
9624
2329
8741
2908
3054
3557
511
4071
1084
9981
2738
5913
8425
5078
5940
3618
1980
3563
5644
6352
5219
8709
3581
3044
9031
1973
2269
4232
3888
529
2973
2996
2450
8612
9219
882
86
8655
8682
40
7272
3418
4421
6429
7739
5396
8372
5789
332
8911
4455
8493
9240
3733
7110
8022
8809
8458
5874
887
8665
6097
7692
7217
2386
5517
4704
5948
2851
692
5004
1590
569
3155
4494
4562
329
6964
8289
8568
144
306
4521
3113
6554
1992
8434
2244
9832
3233
442
7326
6301
4294
9706
9380
8349
5881
2798
8041
5670
8744
6236
3852
4219
8709
7950
2448
9140
6949
8181
4380
2640
7090
4814
2825
1156
2438
9506
9071
4711
6365
8443
7417
6374
3658
7124
1978
8072
2876
7470
3772
4632
4751
8572
6434
4896
522
3423
5206
6400
7985
7574
4114
5746
0
2440
4999
3432
292
6559
2254
3628
4498
2277
7847
4682
4010
6630
7203
7845
9735
137
7623
3789
2359
6987
8349
2333
1793
2116
9500
5692
3455
624
5767
5954
4108
9022
237
2838
6356
3727
4779
8180
728
6130
2737
640
3857
7713
8799
109
328
6026
513
492
3243
968
4621
8821
292
4117
9677
2525
391
6892
9143
3145
5092
2314
2806
9994
3214
9223
5534
9620
9574
9326
8851
2533
7993
5698
4578
7014
4979
8875
240
1094
170
7901
3776
3031
5124
8698
4355
526
9337
6575
9576
8579
9060
1729
9670
3332
6890
9612
3099
1851
1516
8776
7460
1408
2934
156
4650
7020
8716
5647
5564
4207
4873
8163
1256
2606
9743
6756
6917
6621
2396
4678
2965
1672
7276
7513
5149
9398
2739
6648
1579
4128
5771
4487
2607
1220
1465
3201
2988
9609
7414
4827
6407
4333
6344
6286
6306
5328
2070
6164
8563
7669
3425
3364
8247
8853
6035
5426
8898
8715
8436
9033
3014
4791
6319
7850
7043
9707
5026
4237
3100
4633
8972
5832
7684
6199
6595
8503
3781
5904
4525
5578
4736
8170
8577
1111
7013
5966
1431
8723
51
4808
2724
8335
7643
7353
5659
8818
9329
5033
2054
2435
1230
9191
7129
6165
8192
1571
3667
3280
5178
5480
8516
7501
2530
7838
8990
4271
6306
9079
2445
1982
5743
5105
2840
2983
2831
4459
2314
4773
4909
1555
8893
6743
7395
2887
8220
9173
7359
4673
7365
8716
4587
5769
986
8212
8832
6590
5896
2282
8572
3005
8919
2235
7381
9181
3012
6417
6178
8941
9244
1958
5205
5034
4590
3627
1291
1120
4249
4310
724
1672
663
8204
1277
2755
2752
9546
5249
9896
7893
4207
7963
8813
2037
5604
3899
6286
4737
3837
4647
6425
7579
1263
9096
9641
7676
7080
9713
413
5732
6914
6947
4529
8067
2439
3465
252
1011
8112
7440
9462
133
2649
107
3223
1827
9170
4896
7555
9214
9424
6851
1867
9680
3403
4002
8573
4241
5303
4658
6551
357
5242
4633
4729
2251
3353
2966
1455
4191
4774
1247
5852
2995
2100
330
6988
855
3582
6532
2254
9966
1655
7108
283
2271
8454
9343
5953
4835
1226
3451
5801
3494
189
676
9807
2389
1257
6262
1939
400
2593
3223
6949
610
3662
3765
4660
3871
9320
7300
280
4452
4850
4262
360
3073
6872
1707
7094
3165
7099
6392
8389
9276
5921
9431
7088
1840
1793
4385
5387
4049
339
9536
3112
3598
2612
8650
1754
4702
8461
4472
9212
1699
7235
5414
5407
1241
1196
9785
1072
4695
7630
6429
4555
2453
9540
320
9717
8045
1365
9710
7605
8163
8645
2952
9234
4261
6507
1515
8550
9107
1663
8832
6606
3600
1056
4433
1934
7068
5554
9942
8532
5455
1411
8495
8670
1378
5317
5667
4652
5430
7118
6824
4853
113
3314
7676
6602
4979
3556
310
6557
6976
2743
7433
9421
6480
1295
1699
7663
2326
6381
6822
9678
4433
2474
6065
5896
5956
7458
9658
3451
4772
654
7704
2539
8854
4426
9118
1728
9558
3611
433
2674
6803
6900
8372
290
5812
112
6475
7175
945
7760
890
3817
2496
663
1111
1121
5140
3203
2764
3444
2915
9961
4644
6154
9782
1030
5185
9149
6207
7334
852
771
4267
5517
3009
1982
7475
3058
4251
2798
6090
5378
5778
8565
8573
3189
6533
7852
3622
268
2534
4351
1599
4073
3255
4148
7407
9532
400
6462
8208
2170
2044
4066
4087
4028
8642
3973
2729
8914
3543
7815
3410
6128
3073
1650
276
264
9330
6171
2254
3555
7789
541
318
116
5860
9875
4060
8689
9977
7557
7806
7559
8782
1822
9724
9536
3929
4548
1815
4979
1848
5505
5918
7392
1646
9755
190
2420
1558
1187
326
6204
1257
1336
7210
1502
6059
747
2763
5702
8813
8597
3035
3292
5246
3669
3706
5746
9445
3994
3374
9654
6873
4147
3986
7235
4422
8390
5540
7738
3039
8485
5235
2561
9846
2264
2965
2758
5184
9602
9794
8913
6240
8530
1438
6031
6050
7684
1033
1808
7334
3833
6211
4717
9015
6787
8037
1104
1285
7724
6188
7592
8702
3178
2441
6512
7547
8036
6433
5996
5252
7541
6666
2623
3058
6515
5717
4220
1183
2993
7467
1646
7658
5563
5240
8561
693
3885
7933
3678
1505
1028
5983
8055
7169
3335
1220
5972
4385
2228
6925
864
4320
8906
4459
5398
1152
9206
3613
3821
4713
5558
9821
3539
3344
3360
6673
8051
6414
7478
8738
4580
3375
3317
6134
4077
3453
3360
6534
6403
153
1342
8218
2457
8837
4620
1243
3099
9627
5955
217
355
7466
9563
2703
8588
6008
3615
1561
329
725
1962
6
9225
5464
9950
8769
9312
2339
9093
9296
8407
6793
3995
1899
5889
549
1356
2359
5913
4053
5459
8252
6951
809
3573
433
4694
1952
4257
3336
2157
7962
3228
942
367
8238
7010
6749
3974
7467
4427
4318
1689
6065
1325
6089
6152
9828
62
7517
6486
3780
2988
4972
5105
4914
1208
3836
9426
1196
6684
1605
9224
4630
176
669
8521
8884
4796
9433
5180
3242
5987
1422
6248
1174
5169
7691
2555
4648
6716
3865
4091
2383
58
5431
7192
4466
4500
6954
3146
5035
634
967
6142
4097
3569
126
3024
172
8365
7857
65
3451
1414
8967
7363
1028
7415
3748
6356
2800
6054
108
2557
6182
6849
8701
2199
1494
8617
5967
4180
9290
5897
3482
6402
232
4610
5399
9870
8844
670
5368
6130
2724
456
5798
9312
8971
8754
6817
8742
6594
8079
7669
52
4293
4917
3649
6953
9825
5582
7530
1601
5066
6415
9837
1451
1789
853
3770
2348
6473
87
6591
131
9443
1242
6115
5034
9956
702
7893
5161
7143
5966
1277
2567
9926
3711
4971
5245
9846
4611
5656
6379
5149
9127
8906
6553
9403
2915
1691
3639
9829
6874
5008
1592
4647
2539
165
6628
2711
8037
180
7906
4786
7268
3467
895
4804
5308
4627
3528
9610
9876
602
1219
565
1522
188
5275
2824
7452
5987
7526
8982
351
2045
2210
820
3772
3623
7037
8239
2984
6717
321
178
7581
3770
5998
3227
3973
2457
4001
1515
1724
2126
9780
688
7615
5208
1254
9173
4095
4398
4754
4408
2336
5275
9882
7169
6857
9122
5231
7003
7662
6798
4500
4115
6434
5505
8947
3457
9739
7440
6868
6910
6375
3674
4077
4016
2645
3886
3332
3537
1814
3011
6401
5486
819
3948
1285
5875
2135
1213
5167
4528
9355
6162
6940
9102
1464
8815
7161
1964
3662
307
4727
2604
5933
425
6008
9336
4587
8794
7993
1659
9747
8281
3484
3269
5129
4145
4828
4816
2368
3982
8819
6240
2470
785
855
5982
5832
1317
3054
8091
6022
4613
3538
9473
5798
1939
5991
7045
3895
1776
8815
7049
4874
3868
9337
5715
2927
8097
6912
4944
8251
5271
7166
1251
139
3385
2193
4901
6577
2913
2734
3174
427
5522
7240
1962
1873
254
6803
2443
8989
2138
5896
7035
6732
9391
3471
7192
8691
6293
4899
2556
5150
5124
5246
9548
7270
4519
4984
7160
4627
3968
1282
2215
9291
208
7939
5443
9928
993
5029
1780
9956
4035
9630
9047
6899
1411
7192
1455
7192
2162
2287
449
8697
850
7824
1865
586
144
3557
335
2592
1889
4404
6805
2559
4368
9738
9215
2101
4667
2463
7681
6996
2264
9212
28
3942
6829
1721
2626
555
5375
6952
4989
4776
6301
9640
8205
3822
596
8246
2180
4208
6833
3000
9064
8867
3543
5481
3695
5038
4668
8288
5741
3847
6735
3397
2397
6277
612
5976
8586
6624
825
4746
1554
4688
4609
6265
1650
950
1796
2232
4642
1559
1638
5112
506
6293
4207
1387
577
3608
199
1713
9413
4441
620
8579
9988
4188
4918
4771
6029
2520
460
8249
5390
1555
1464
9533
4550
4557
534
2360
5077
1871
8222
3458
2933
6553
8080
6677
6693
9915
9051
6452
5577
6625
1916
4963
6867
6072
3552
859
6910
8404
5542
8795
263
316
3936
1505
1011
4890
8811
2173
9157
9421
8214
9828
3246
6691
2039
9515
7670
5789
2678
7770
8392
2783
9190
550
9772
5429
8915
3707
9162
2266
2271
4154
8350
535
6181
3504
8097
8258
3848
6274
4151
6511
7449
829
9777
48
9094
4272
6870
592
2177
6105
9079
2272
7587
1124
8215
4680
7433
1626
388
5428
8900
7402
23
6486
9092
5273
7565
1908
6065
6382
9130
1644
9375
7329
9309
9400
794
3507
2547
6161
4989
6925
2412
9172
4319
6483
274
8196
3241
7962
5303
5898
5662
6191
6443
5865
2097
3941
9420
344
3309
5562
828
6260
9744
4744
4090
6786
690
8131
8696
3910
930
1916
211
9771
2275
6841
8702
8433
9846
647
9839
5110
8325
5808
3125
5208
1552
8369
8150
8636
8807
4648
2225
2353
5459
4935
1637
9171
4988
7526
5720
1211
511
5896
8888
9534
5201
784
1669
9191
6383
8466
7411
8260
9814
5283
4166
2930
2306
6478
8130
9328
5876
3750
7303
7054
1534
3623
8204
6053
6925
6831
4266
9875
3111
8162
328
4040
6315
7587
6964
6716
5998
1199
1326
9623
9650
8873
6427
1151
95
4778
4865
2075
7998
2716
7454
6008
133
1581
2939
7150
1487
6787
8305
6074
4831
9622
1553
1511
2165
4244
7171
3180
9925
3308
6717
449
5174
5854
6472
7744
7100
7215
9639
561
4009
7247
4614
4232
8227
8172
4133
7788
8037
2835
2484
2850
6711
122
1917
8789
6179
6859
2486
3268
5274
7818
8615
9676
6867
4095
5870
6726
2023
8308
9953
6402
1316
815
4987
5249
2069
2840
2990
3859
5946
9996
8183
916
9975
484
4903
3086
4371
9911
6644
4213
7413
8514
102
413
7601
6695
5590
7220
3308
4024
5511
5564
4223
7469
2653
3474
5038
4259
6329
4989
1281
6952
4373
7860
115
3223
4276
9833
9152
3557
9933
5766
7165
4906
1289
290
6490
7653
4011
765
3221
1175
7899
5431
3454
8372
9028
5439
8063
6875
1041
2027
5947
9064
7676
3493
9008
2648
6937
4736
9969
391
7977
9383
9415
1340
7888
9676
7688
5350
7187
7769
7161
3482
5766
5485
7610
3394
2196
8444
2403
5109
4817
6976
9524
9572
4631
2584
9563
1558
6459
5585
6872
6052
1258
7918
8628
462
85
8524
6513
1894
6402
9645
8575
3005
9006
717
7925
7001
3169
6475
758
7087
8649
7193
3488
6018
6838
7909
5794
5244
6489
9353
7174
6081
9915
6610
1604
3417
3595
9981
950
7114
5888
603
8598
4554
528
5473
2353
9725
960
942
748
2311
8747
2588
2375
5403
8804
8115
9080
6244
5333
7979
5035
6677
305
9836
2888
1815
8447
5308
6308
4250
1501
7268
5984
7053
2282
1126
3968
6001
2984
8119
9378
5186
1306
5008
491
8752
7674
4799
1970
3827
9911
9425
3127
5364
5805
3918
605
92
2526
3968
1599
4960
5898
3723
747
6313
1534
1003
8193
1827
8514
4073
374
394
8225
3730
7657
9161
9815
4913
2392
8394
6144
6929
5068
9754
6223
4085
7589
6476
5508
5536
4800
5015
8340
1212
1248
8415
8738
6490
5411
9305
76
3108
6169
4632
5725
532
2078
319
9304
875
1175
1692
3956
5094
5768
3623
7214
4348
7622
9108
7559
7858
7775
7740
5735
2754
5522
837
7236
3047
8671
4172
5786
6873
7017
4946
4424
373
6994
9529
9088
9100
7885
5107
2955
3623
3047
1061
8865
7350
718
7586
507
5942
3237
8635
3567
844
1284
5775
6140
3724
9446
8612
7559
4345
7
5007
4914
6328
2876
5462
6641
7819
9974
1615
6914
6869
321
3718
5307
3377
5581
5995
6947
4514
3452
2493
2810
6892
5995
6460
862
5191
7964
8658
2847
8268
7271
78
111
7550
9159
5632
7037
1800
7082
2720
8415
9442
8482
2457
7727
447
4801
8717
6565
9152
5740
8030
5152
9014
7717
5670
5186
7597
2611
4785
9643
9316
5202
7824
2021
9896
3173
5455
17
1543
6554
4797
709
2899
6699
3147
3669
4610
5123
1954
7231
5328
2871
7102
2612
4206
1769
1975
4720
6430
240
3345
797
5646
1769
4159
2131
4826
8536
1785
1816
2048
5133
8848
6574
8472
9290
2657
3400
3942
8870
8537
3814
9183
9195
4594
8633
9376
8235
5026
1883
5552
1368
8108
9486
1236
5916
1185
9360
471
5503
1183
5727
8701
7180
3904
4407
7732
5710
6884
478
9068
7289
3202
2338
7233
2736
8144
7251
9946
3141
5414
3293
3822
2547
9976
5594
8034
3490
9156
1657
7239
2928
3177
594
3752
1664
1681
3949
1948
8197
1072
4133
4209
8197
7981
6040
6288
8267
6466
4794
7287
8874
1468
845
8705
3117
2064
8493
8990
2582
3721
3050
8820
6850
1420
3284
6240
5681
3876
7100
6702
423
1664
5280
2182
5563
8069
5188
646
9525
4335
7019
7395
8861
4302
2518
8165
211
7183
9148
7548
9644
6084
6951
3980
7050
2999
9103
5164
2566
5972
1036
6812
4835
5689
8078
1421
7054
2543
1447
4829
2914
9834
5102
9498
7750
1392
6881
109
4404
4881
9710
1688
8693
48
4407
8511
9695
8808
5679
3958
5960
1015
7468
5987
7897
1699
5628
7538
4598
2390
9683
4096
6153
2514
1807
2724
3748
8392
5246
612
2097
3539
5017
8107
7606
3548
8079
9058
60
2585
8957
2445
2716
5221
5755
4127
5028
8217
8556
8482
9742
1820
9582
5748
7357
9574
7019
7945
2312
1065
2757
9707
3228
5687
2661
3618
4858
3404
3796
6507
1337
7330
2170
96
3846
9830
610
7282
6605
2175
4642
492
9372
2132
6267
6126
2726
7703
8203
6121
1404
704
9225
9125
8379
9974
4463
4003
4423
5065
8881
5002
5092
5656
6404
2020
9055
1109
4679
3665
5254
5925
7594
9312
2052
7846
231
2068
3645
6095
233
9716
9688
7582
4730
9154
7535
3178
1198
8014
9535
5567
4908
9953
2569
5414
8830
7849
4065
6089
6813
740
7365
3674
3190
6876
1550
4831
1533
7553
2917
1969
127
9033
7373
3149
3866
2728
1341
2043
7696
3581
6702
2574
5641
1158
1813
2933
9930
185
7272
6978
2016
9948
2728
738
5656
9073
3089
7018
9050
3735
900
438
2756
5303
8404
7084
7946
7048
405
3066
2804
3321
5976
7123
7310
8085
4627
4702
6302
8590
2382
2874
9185
7262
8391
5375
329
7406
4682
9859
4583
8899
8685
8950
3543
3421
4235
6263
9005
336
4949
3123
7048
4935
7754
879
1429
5523
9348
8746
1895
4169
926
3317
3201
5547
9071
3954
1800
1157
8032
9212
4085
7073
5438
8748
4785
6201
20
3337
7511
9796
2502
705
6735
899
3241
6585
1510
1389
4983
8692
5889
3922
7030
4410
8462
8570
3352
3439
9435
6676
6100
6964
9008
5537
7441
8248
9476
2448
802
881
7210
1041
2269
2731
4761
6706
8266
3530
4486
3326
5962
8025
9014
7783
2075
9933
9937
9995
2769
9304
9950
3450
7073
8918
4280
4096
5555
2917
8756
5530
7466
3581
9928
6062
1217
9329
2521
8414
6020
9371
4387
2202
5596
9138
9677
1766
3735
9765
3011
284
2452
6586
7864
442
8163
4169
5291
7493
2801
2334
6354
9451
8006
5489
5431
6906
1080
2094
8034
3489
7904
3311
6531
9650
9092
1043
7445
5359
2784
9073
2992
3885
7299
8456
3015
3461
5806
6737
9449
1163
7181
8999
2412
1174
3235
1066
5472
3160
1250
8727
6241
5686
118
4547
1893
2013
1075
8642
4255
804
591
9044
6015
3282
8129
3684
2282
5408
4110
3945
6739
6965
4131
8565
6966
2594
469
283
6002
5624
5755
8003
1274
7427
4695
3661
1420
2486
3173
175
6146
7690
3885
3637
2768
1729
3876
6948
1532
7532
6539
1807
91
3832
6797
5998
6479
7697
1662
8524
9397
1225
2456
9017
4065
2024
8877
1937
7921
7599
4044
8354
3213
8933
7547
4711
1519
9166
90
6952
9115
4140
3762
7149
6350
5752
6515
556
8444
6199
3176
6886
9587
3024
1580
2850
1929
2320
4251
7292
1584
4549
5205
1206
1173
6752
4675
1086
9735
521
2968
4731
664
2504
3145
3587
3386
1559
546
1397
6953
277
9498
8336
9289
9888
8054
6938
9817
3938
6809
2316
9889
2283
9869
7682
6902
3752
7331
1745
3991
8741
7042
8760
682
1970
3338
2646
8288
5150
5832
7307
6845
1452
7517
37
6981
6011
6344
2935
1952
6514
5198
7898
7490
5041
1784
7711
2994
1365
5067
8782
1047
6561
3647
7073
3876
7818
6331
3490
4890
1762
6857
9153
6727
5322
5824
1536
5479
8494
6430
4101
897
1128
470
565
492
204
5470
5952
8888
4972
5722
6587
3570
3511
7279
373
6425
6365
5109
9378
5536
4674
21
5376
2667
1690
1913
3352
2334
2710
6530
378
2841
6222
3939
2727
1193
4356
3885
2644
5250
7453
825
7609
4920
4799
9578
7467
157
3793
5608
7969
8999
8473
7937
4448
7083
4121
233
7188
1837
3565
6966
1975
5051
9216
8706
3488
3563
1016
78
8665
1762
5693
9599
179
9590
1793
4872
4790
343
1472
6929
6784
4249
5402
1279
2467
9895
5980
7057
9710
1501
9859
1782
5886
4224
277
4539
7671
8674
3455
9424
4019
768
7660
4416
6015
4880
1704
9663
7241
7975
5020
6366
5685
1929
5612
6348
4039
5370
579
9874
5860
2747
5057
9984
9345
3915
4946
1671
8508
5046
8629
5358
2609
4380
7700
1675
3518
5544
7848
4201
3116
5671
4596
5847
824
5368
3165
8623
1966
2310
1535
5760
3072
2395
75
7140
8292
198
8421
4288
4881
8939
7278
9345
5200
39
4487
3632
9674
8103
6981
9056
2934
9624
6271
6869
4544
4048
3270
2536
8642
445
2493
3686
4529
6270
4628
5517
7023
77
3380
3435
1204
6980
374
8034
6575
4791
5104
4583
5666
2883
6686
2204
2940
8362
5208
6334
6758
2927
4767
380
7334
6488
9658
2146
1731
4122
8456
3051
1275
8698
3186
698
7058
811
7005
5715
1884
4351
5447
5894
1581
5699
4075
7947
5103
3313
3014
6130
1755
5238
7015
3793
5668
7982
2172
3889
6102
6657
2171
6631
328
7165
3889
3379
2693
5085
4432
6048
9349
8783
9929
5905
4845
2029
825
6856
753
9897
3804
2037
8071
128
3040
2781
7429
7319
6301
5957
2006
1798
2729
4714
7361
1804
3709
6785
3199
4399
7418
7017
4758
1897
5415
2915
408
3426
7420
8113
3334
8293
8615
5869
6397
2190
4476
9404
4470
9871
2740
8928
8284
6720
629
2162
1931
4037
1303
3267
9556
4053
3469
7233
5466
2014
3886
5132
8819
5392
6398
1795
9531
4210
113
9538
1615
18
4367
6918
5356
7051
5121
2540
2793
4381
6971
7067
3352
9054
5753
5192
1598
3441
6786
3882
8857
112
4657
5793
1898
1187
565
2494
590
4084
1976
5003
5524
2468
9100
1990
9368
5565
6890
4178
9132
1641
6492
2406
8294
4071
2691
5759
4100
1170
6026
6266
4490
7256
6330
7902
451
2329
8614
1350
1440
2880
5915
9318
5228
781
4525
7631
915
1599
6739
5852
4787
795
2546
9671
7197
4308
4227
2668
7958
8062
3444
8330
7018
4152
3051
4143
5928
1369
4725
7782
7420
1632
2364
4485
4358
8925
4364
8693
6200
9107
8724
7758
3049
3214
1730
4736
4892
8564
5072
7529
1897
3475
9354
2038
2816
999
6828
6918
3617
5036
235
195
8805
7018
4551
8728
3115
4036
4907
169
8657
6708
5192
5006
4251
129
4707
1973
7386
929
827
239
6026
2655
6462
5546
3693
5286
9412
6723
3944
713
1944
4799
3942
167
6255
9416
5843
322
1492
8057
2461
767
6973
3613
6053
9697
4002
1162
8687
8403
3543
6987
760
9517
6852
5908
1657
9896
7070
3811
3235
640
5169
6012
5515
4335
9270
5320
4817
8832
6507
7781
4799
2400
4307
2807
3532
3299
7490
4750
7443
6263
5768
1652
1744
1520
7766
7081
3940
8069
6504
1358
8906
1027
6518
1870
6423
8650
4543
9431
4227
2856
2870
427
9901
3779
2371
7616
4146
8186
2544
6823
7309
5081
5544
1348
9071
2055
1694
6701
3303
6580
6318
2431
8296
1549
5657
438
1955
228
6702
7450
1891
1247
1673
1266
6066
6252
9689
6251
1440
6132
5855
6159
1362
9717
3052
9580
6253
8611
7269
8668
9617
3702
5904
1611
3002
7096
1039
7572
2142
6010
5421
6845
8568
3155
8979
6120
3873
5186
1664
8780
3612
4249
3923
3595
7580
8414
5039
404
4474
9018
8220
9244
1481
4807
438
8335
3185
3073
1397
8846
2444
6148
6500
9982
9757
6000
464
2090
5305
4965
1145
4277
8739
3394
292
3467
8386
9095
9320
2773
849
4477
9449
7383
4921
2241
9055
2241
8390
9777
9685
4908
4670
4459
5546
7835
9768
4276
9430
9282
8299
2870
6289
4568
3279
4005
9216
5700
7061
9434
1803
1219
6150
6997
9521
3827
6825
1826
3387
1295
9420
1414
1700
2085
4640
978
8768
9350
4670
7930
8450
9568
3218
9446
9127
4307
2482
4253
4497
3558
4494
9970
5165
391
767
5209
352
3920
4444
1998
8181
5598
4627
3112
8730
6924
1111
522
554
1383
7462
9480
3857
8935
1074
2431
6664
811
6176
1395
2139
2529
1790
6229
3735
3764
639
3000
5383
9197
4867
2228
3882
5566
3017
4158
4902
9143
4094
7015
6077
7967
3187
4898
2284
1615
11
9824
2698
4463
7030
2347
3944
7550
53
2822
25
3115
9344
8093
8632
5288
2672
9886
4455
5777
4945
1883
9044
3266
3931
8068
7008
9653
1011
613
3739
7292
9302
3935
5327
3059
4680
7381
3348
8707
199
7625
5363
586
6992
5564
6984
9148
8616
2682
4001
6357
9107
3297
8147
7587
7605
7403
1685
585
6762
1638
3032
7448
7414
2914
8350
6714
4442
2043
1688
1589
5258
6357
9035
9353
2608
8687
181
6298
173
7434
6537
8966
7638
9015
547
1328
62
2790
544
7737
1926
5824
9339
2677
9681
669
3601
4124
6631
6928
8280
873
6895
2486
437
2722
222
5731
8802
7883
7853
5507
313
6141
4334
3859
6002
689
5917
1322
2849
4236
2018
293
7786
2816
51
2189
4010
395
3118
5624
1961
9078
6496
695
5554
6561
9469
5171
1537
6727
5470
8751
6379
7323
5221
2340
9179
439
363
3365
6520
6403
2491
6093
2323
9132
2439
8250
2358
9393
2344
8487
5415
1703
5795
5189
143
5416
5151
2102
9355
1065
5673
5270
109
335
1185
7716
5783
8653
9442
1699
4583
5392
7701
5048
2214
6651
7733
3447
5489
5072
558
842
2543
7528
3078
6224
8798
9319
8691
3058
6892
3080
8350
9936
130
111
1350
1708
2154
642
1604
1474
4713
1551
5813
3230
5065
3298
7244
9934
9479
1997
445
186
9646
9563
2600
5216
2826
1661
7495
6278
3894
387
8554
493
2812
7565
8015
7756
7467
9706
4404
6953
1676
2786
7840
9792
4540
3923
8134
1335
6022
671
4384
5732
3880
7909
6478
8083
8744
3031
6204
329
9128
3889
7781
6820
4730
4693
7605
8130
2036
4497
6206
6917
256
1998
6813
4019
2474
4813
3711
4435
9826
7321
5669
617
1848
3338
9225
5004
8246
6613
9010
5045
1194
5420
5289
2115
5931
8227
5251
7733
2971
5781
5118
5831
5830
4843
8985
9303
4138
4669
3042
7385
3510
3222
2721
6455
163
9623
6850
8980
8226
130
7034
9775
1284
184
9677
412
6445
5297
9630
5928
4873
2988
273
8934
7532
230
9910
4276
513
6067
6002
2017
8238
2144
1822
2140
4619
9187
5495
9241
3341
853
7268
1848
3365
5302
9926
8084
8839
1875
5120
7227
5279
2814
7757
3100
7968
648
6240
8771
4216
2885
3401
8412
9775
4197
2850
8153
1837
149
7239
787
8630
4061
4496
4928
9459
8413
5110
9617
6673
58
7864
2082
6661
3369
9379
5274
845
7814
3965
106
2489
2890
2543
9938
2379
2023
5617
4047
8962
6681
2270
1430
8351
1917
1610
3438
7104
8711
3074
7861
4263
4981
8652
3875
85
3550
6084
934
6162
6075
2884
1032
1705
7937
3697
4763
9672
5468
3958
7252
3794
799
7715
7072
7529
7865
1325
1598
5578
8540
2531
4880
6010
2147
4974
8676
671
2696
551
7464
4913
104
4422
6421
1015
7185
9836
9345
6533
9128
5681
7160
1334
1096
4431
806
3886
2027
5786
4801
7465
5848
3548
8874
4946
5961
7783
4370
5719
5471
6512
2809
819
8710
5607
3715
7573
5823
5201
2165
6382
1016
8168
1023
3421
7668
6201
7078
418
7874
3328
6183
2667
9342
2024
6941
2937
778
8462
3040
9964
5959
429
2771
2091
5609
634
5831
7181
8406
1382
9916
1571
5686
5100
956
9531
5584
9555
8109
4666
5154
1039
3937
5151
6032
6223
3912
7509
2141
4726
7482
9250
8060
3045
9854
9727
8951
1759
8853
1749
8206
66
775
6572
5837
2498
2762
4840
4515
4415
5368
9143
3082
4480
2754
8412
4128
7819
198
3432
6796
7811
4646
9752
3001
134
254
8413
5163
6701
7438
2241
8568
9121
4381
37
7846
135
5282
8438
7438
6943
3299
5294
3955
4789
745
1077
982
9223
3615
1489
7147
3285
7437
1949
6264
3134
7122
7711
6794
3289
9236
8393
1310
611
8316
1229
4211
2764
3725
4578
9739
562
3934
1267
2295
6614
4739
8060
4742
2258
4909
7272
4472
2628
797
133
6933
7382
4592
1595
5754
2185
5448
3385
2933
2641
7127
76
4668
8303
7193
384
9462
8662
2109
8469
8141
1338
4168
783
4278
8885
989
3986
7094
1105
4558
8269
6972
6570
222
8793
8977
3708
8813
3203
486
2128
6250
8438
5223
4250
2268
6603
4811
9734
2134
2447
8470
3220
3879
8766
3834
2260
277
6861
6306
2162
7983
312
6589
6885
7112
9958
4724
4813
1921
1473
4222
7165
4253
8147
8029
1059
3463
1671
2282
952
9810
6788
4856
2422
5548
5545
690
6672
4693
2
7178
9691
4183
1600
6938
549
9719
313
8146
5986
8255
8972
3571
5043
7378
271
9156
3237
8655
369
4133
4240
4838
5011
9819
8851
7452
6456
5979
8827
2181
2743
8769
3164
3109
8970
1499
3769
1982
2302
1734
8816
9331
8112
5682
8301
5562
71
319
4746
4541
565
1250
9727
141
5996
9930
9723
9730
7079
97
4924
3262
7375
1816
2704
7025
6124
1127
4609
3320
9544
786
1887
6146
1021
7832
4842
709
4262
5393
5291
8157
5050
7416
9025
1582
6383
1270
6877
3775
4631
745
3232
7056
7959
9489
9693
9307
7699
6202
3179
5944
8126
8499
3684
1463
8923
1344
5569
8064
5037
894
5654
4688
6198
1643
2779
6186
7016
4301
8873
778
9437
7099
2475
1849
1579
962
6761
3624
3358
350
1742
1051
2857
9260
7488
5341
6713
4108
1856
366
6335
9088
758
5071
5222
7169
9063
5499
31
8444
2850
1807
2020
1430
2049
2512
1194
4288
5435
5874
3733
4940
819
8973
8290
5217
9616
991
6153
9872
8442
8760
9025
2471
1766
1978
511
7430
7644
4280
9477
5551
1165
7549
3426
7829
3284
6158
3026
3691
533
8664
4809
8823
8360
3484
3625
3711
3315
199
3261
2968
2490
1241
8333
880
7508
2933
7470
6618
9811
1682
9427
9918
8296
95
8509
3675
7303
9898
2430
5151
7462
3798
7845
1510
4932
1633
9196
5842
9165
1677
1661
7204
5415
6276
5941
6803
8599
806
37
3022
9346
8331
864
5627
8860
1785
1956
4013
4423
1566
1081
7398
5
1472
9299
3669
5124
9306
2682
8044
5899
5314
3290
1226
2456
1860
1736
7010
387
3513
6855
3238
6965
1657
8715
1990
1713
9767
4092
3920
2805
980
7958
5974
7764
8061
4210
9488
3391
1272
7905
5301
6637
3581
5068
1187
6092
7102
7578
8688
8584
1102
8631
740
6404
6607
6598
4750
8771
4471
4177
6395
754
2588
573
9006
6268
9536
6420
7438
2951
5905
2853
2622
5034
6703
8174
977
2460
826
2299
6657
6334
5724
1153
2714
3476
9874
5374
139
4733
2183
5583
3542
8249
9712
3661
4996
1470
3464
2758
227
5958
5426
3445
7652
524
2374
7532
260
5789
8518
6622
4017
7695
1632
4804
189
5688
15
3146
9927
7276
4722
3195
5361
6875
6460
3433
8122
2
9805
6728
6323
2548
9814
5446
6803
1377
5004
8070
3235
2737
8890
1410
6523
8299
161
1274
8011
1167
55
6922
7761
240
1126
1113
4438
9501
8119
7648
9749
2330
305
2985
8603
3754
7226
4801
7254
535
2174
7529
467
505
8789
2667
2999
7201
3157
483
1781
6051
6510
2050
9653
6277
2188
2583
6725
2586
4987
3908
9033
556
9830
8656
5047
8048
6014
1341
6660
4497
7447
7621
7758
6935
5120
8857
5288
1147
6137
8381
4130
3792
6136
9634
2090
6667
4925
9719
2885
7164
5191
8004
8705
6481
2073
779
4982
9653
1166
4601
878
7656
2487
8577
4932
8640
7721
2831
7418
6347
3043
9139
6381
3985
5424
2248
3213
3759
8307
4891
3151
4040
996
1500
3074
2802
4598
6841
6373
2584
2836
922
5154
6523
3433
6784
7985
3195
5576
2378
7402
1108
8090
8272
4800
6286
7829
5527
8458
70
8929
4545
1159
9239
4057
2541
8596
9229
1923
7764
8588
8029
889
1066
4925
8305
3423
7902
8496
433
9227
1737
9896
9632
7117
6931
5391
4366
2159
1734
9839
7363
1093
4201
5473
6842
2054
6967
6671
8089
8465
8237
1536
5882
3626
5965
7979
7306
5710
994
9562
7246
7611
147
421
4577
2344
864
4866
4939
7109
3951
2275
3957
8927
8473
9586
7316
99
3667
1600
2758
77
8919
2347
4363
9417
6147
5162
424
255
8117
6399
8886
7926
6594
4605
796
8738
536
2256
9496
5390
9079
3565
7833
2422
5426
5417
6406
2965
2383
6078
7649
3295
5486
2122
627
2454
869
352
4121
1995
2278
2904
3774
5677
4783
2752
1506
7456
3780
931
4780
6644
7792
9327
5831
9157
8620
4728
3189
8405
3110
7626
8965
5842
7965
4962
9455
9314
3020
1064
2100
1009
8257
6040
2653
7251
4291
1494
5635
6703
1746
7011
4887
2555
9056
0
1296
6784
823
9295
8174
790
24
9375
5917
2759
6408
3385
4518
7068
8488
991
2862
4857
3882
9351
7646
78
4040
9695
3417
3358
1056
2952
1616
243
7436
8041
6229
7027
7005
7468
5837
6343
7576
4958
5874
3714
2610
6542
4565
6865
3939
5257
9536
235
4674
6956
7183
6836
2523
2539
3106
926
2931
5420
4338
6266
204
1969
320
4616
3749
9424
854
787
1628
7254
9476
7594
1330
1657
5336
6469
5331
2860
9616
6216
4262
6105
3982
3569
8190
6163
6004
917
9598
4102
5465
496
9337
5831
9210
2991
6343
4640
7761
3895
87
1743
4926
362
5472
404
3250
3535
1177
8153
6957
5806
9692
4958
4732
7173
6094
1515
3112
2147
9761
7469
8604
589
2814
260
6996
251
720
9632
9009
2728
2826
5802
8009
5954
1278
6874
1132
1497
8685
2688
8418
8016
3580
1589
7006
8816
4679
1409
4264
7116
9758
9978
5474
12
6034
7397
9033
8144
3083
8424
5413
8100
602
4762
1859
6269
8540
7387
2556
7277
9340
5018
6957
5065
8552
805
5791
2039
8840
9953
6305
3157
1707
5721
2340
1410
5716
7382
8465
9215
1207
6449
7092
6058
4771
6501
7703
6284
8188
7623
7160
5280
8934
5096
8349
5936
6902
8012
910
8377
7878
2546
70
6988
9419
4012
6795
6686
2342
8712
3012
3318
7662
343
9983
6270
6572
4381
5865
1423
4885
1626
3553
3197
6031
315
9615
7658
8349
6151
8809
3934
2304
2457
4253
5621
7635
6180
4065
5595
3477
8598
2360
1717
8898
2750
9659
1741
1959
6637
9323
54
9144
7613
2116
2526
9061
3476
6832
5599
7248
3855
3163
5612
6114
5328
7583
4337
5862
4299
3646
8893
5652
8762
4237
623
6254
8280
3889
2796
7010
7774
1769
5085
9157
2994
6986
4064
5516
1394
2052
7229
1018
8833
838
1478
6856
5024
537
2601
3941
1109
5482
5317
8707
8065
4199
3324
5467
1314
7772
6622
5218
8000
3985
3838
3704
3602
9523
1271
5092
674
6450
2324
2238
9307
7754
5454
5885
8449
6370
1802
6981
5052
4881
6796
1844
1664
3644
8589
223
4441
5510
3165
9590
4668
1553
7022
6936
8405
4609
5445
2776
967
4664
296
5154
4856
9616
6723
1679
9579
1195
9335
5682
3845
3814
1161
7405
2742
4644
322
1024
2430
10
9750
822
176
4617
1256
512
8995
1100
9285
7472
656
6942
8135
6344
9547
369
3457
8094
6699
1776
5027
2354
7394
8351
9916
6368
784
3014
2414
4426
6828
8048
3647
261
6611
8914
1743
5506
8225
4039
6499
4805
4751
398
2400
7703
8149
9765
1757
2502
3596
7125
4969
9165
9251
7168
6174
3133
4569
5590
2764
2354
7168
3333
2275
3198
6866
4683
7430
1176
4139
2603
6620
5970
4728
6487
7552
8846
4134
3426
5262
4137
4473
8329
865
3666
3178
433
9234
8868
3227
6762
4070
8034
4320
316
7172
9548
9834
6836
1581
6085
447
7715
7984
2850
4736
6522
2024
3410
8087
7748
3633
9710
6483
8489
2547
1794
9321
7664
839
6813
4670
5045
9547
498
6849
1213
4546
9076
7892
3019
8549
334
8057
5896
143
3424
6088
1317
133
3199
7914
6804
8025
7102
4973
9327
5495
9737
8660
9086
6053
5560
3
2565
2836
7793
5779
6377
4317
4548
568
1346
2244
5396
1060
9627
3855
8684
1288
1524
3288
4126
5286
5685
193
3714
6849
1061
1530
5944
9160
9171
8413
119
6318
348
1748
8186
3947
2121
7325
7819
6809
8101
7119
8733
7443
2934
1110
8275
4742
2040
5479
5771
9625
4742
2762
3400
2423
9447
2916
9826
7026
9943
2299
7802
6044
3427
9363
6473
6421
5553
1556
9689
5530
7794
355
8680
595
9238
3215
6054
8281
843
5400
2220
1505
8190
2621
4917
5432
347
1744
8022
2319
1228
7538
2391
8849
7505
569
5051
4435
3706
9164
5284
23
8420
5480
4599
773
6521
5757
7528
6519
5057
1828
1269
2007
9944
6560
6331
976
372
3282
9446
4939
1730
2769
530
6427
4360
4339
1170
1962
4430
4622
1101
1197
5912
7190
8902
541
3748
6379
8815
1765
4553
6152
7511
7814
4315
4710
390
3717
5059
7198
1049
3885
2819
2606
3743
6174
5708
1476
9522
4229
6821
3656
6022
457
132
3937
9085
174
3516
4165
6393
5617
4420
6582
7513
7526
9194
2054
6925
890
7362
8012
792
4278
9473
7806
6356
8758
2074
8087
3039
3115
6077
9638
7652
5080
3714
6453
3716
685
7558
784
7354
620
2818
5827
8309
536
9922
5647
4631
6594
6774
3987
8170
5024
5512
1335
4350
8313
6449
7680
4325
3905
7323
6028
1607
4297
5629
6655
6343
6329
8465
7968
9385
5990
8788
957
2732
6624
1410
4093
8302
4561
5674
1008
3019
8971
4401
4251
1637
5439
863
7936
8484
5275
1265
8344
7134
1046
4421
5126
3874
4727
5837
3093
1754
2346
3853
7816
718
8626
8841
2721
7021
690
8374
8062
6041
3708
4351
9093
4676
8609
3004
318
6005
4859
9314
9600
8872
1771
5657
2157
8691
7472
7089
1593
256
2593
2495
1298
3213
560
8224
5262
9392
2407
4752
4548
291
4864
2668
9407
9775
8428
6254
1210
7599
2231
8467
7359
5999
9800
3244
1529
7828
6840
1095
2227
9507
8697
5423
8572
3628
1989
2864
3319
4969
3627
2402
765
4374
42
5453
436
807
6565
8760
6394
4879
5889
7729
6336
111
6775
765
8430
2221
7165
2802
4433
3875
7739
3802
2933
8228
5192
7078
4419
1162
1274
7026
2885
2351
2094
4981
7540
4920
3876
101
9712
883
3469
2716
7367
9490
2907
355
2721
927
5982
2796
4350
4737
1748
6767
9013
2490
2809
1606
517
8985
9994
6625
5801
8028
9358
4528
1047
2300
1101
8566
2411
1691
8564
9205
6173
9442
3197
2115
2638
1177
5665
2569
7623
1137
7890
4665
5454
1642
3541
9420
342
1630
4277
8146
1016
2280
7328
4029
9883
804
6100
278
3000
2652
1845
1134
9496
7437
4575
3203
3356
7639
2168
3153
8272
7772
3478
2972
3691
3509
5168
7472
609
5038
8738
8950
9243
1023
3602
3183
6903
9897
6832
8353
8867
8853
365
204
6285
6971
582
2155
7007
9602
6917
1049
7511
9036
8706
8204
1025
7621
8781
8267
2647
2889
8419
6569
149
4694
7441
4891
1923
5231
5098
9728
7841
9630
8514
4670
9478
3587
6464
8698
201
1042
1580
9098
1226
7241
3146
849
2981
4542
8752
8963
7907
3586
7827
8516
8370
6244
8371
318
7017
7835
8633
5698
1003
4225
5072
7093
8036
5942
2828
3555
6171
1262
713
1993
7971
8454
9970
9762
3619
8294
8667
5611
5718
8490
477
914
6185
6955
2034
3772
8953
221
2387
8533
8605
403
8228
9175
638
611
268
6319
1777
1589
6791
7293
5061
5700
2917
5687
3045
590
8749
3272
3072
3228
4025
2980
4542
5009
3510
7635
8128
3421
5542
3399
5669
4728
375
7150
7537
2438
1485
8074
7020
491
3629
8432
9412
8695
7762
7822
6539
1830
8239
5517
4591
1261
6981
2431
9146
1829
1569
5527
3066
2023
9817
4257
5930
42
9802
6339
7763
6552
9633
6335
2603
2141
4251
8477
9648
8847
7094
4756
7226
231
4523
7718
7107
1606
3596
409
9675
1226
4619
3422
1912
9060
2438
829
213
9837
4308
2594
6054
670
6814
5217
2078
6585
910
1703
2391
3975
3844
7950
861
889
9795
2320
9170
6728
905
8400
866
6828
2272
3190
7411
2060
3040
2716
4740
6690
9044
7651
2479
7973
2463
6874
8369
3855
552
8514
6702
3520
8551
3262
3644
1902
6636
546
5739
1929
1289
7856
3071
8076
762
5163
7297
5789
9994
393
5956
2323
1553
5549
8694
6625
1887
7138
147
3353
9272
5586
573
5587
210
9755
2163
8331
1632
9770
7739
4896
2437
8050
3615
1901
8725
3120
7654
9314
6929
4372
8450
3813
5261
7203
6318
6683
6792
2938
7301
6177
2792
3535
3465
3460
2924
5482
2123
4801
7895
489
5791
1510
247
1965
8678
8226
6770
9881
6380
4512
7150
5997
2050
4104
2764
1285
1937
3650
8102
755
6804
4798
8501
4546
393
2855
7165
4789
1345
9620
5645
5275
7221
2879
3287
4088
3342
6404
4304
8998
1769
983
9275
2728
3031
7567
8141
1692
6887
8925
7039
7931
3467
6188
8294
1777
6245
2343
6904
9426
9411
9119
4836
8355
9840
8570
4952
8325
1135
4969
3826
5461
9616
5575
265
305
9239
9880
3237
6057
6272
4224
4821
9199
21
213
1376
1822
9551
2410
4435
624
8980
2996
7945
6157
646
2716
5092
989
2760
9669
6147
8839
7536
6734
3326
9417
415
8773
8224
4523
3315
1323
9607
5044
2097
3054
2601
9516
6481
845
72
6096
7417
9313
4306
3723
5980
8908
3508
1799
653
2721
2564
8602
949
3456
4803
7661
9757
8522
9865
4305
287
6337
7263
9467
5685
9066
6054
7384
4302
5192
1619
8465
6931
4247
4584
7862
8197
1134
2421
2071
626
5095
8471
8701
1553
5406
5435
2324
1777
6894
5077
4515
8454
4015
999
4327
3174
6581
7315
5280
3484
458
3974
4434
5032
7228
2574
6231
9599
8246
294
7743
9854
4203
3933
6940
8535
9722
29
2141
7142
1158
3764
451
3583
800
7434
6249
7679
3731
4134
1566
3997
6526
6410
6448
6652
845
4541
8342
5479
1819
4063
661
5115
2013
9917
2073
683
2145
3650
4622
6478
6473
133
9211
9878
7903
7872
6949
141
4043
1549
8660
9199
7678
1577
9798
4502
895
9545
9395
5517
9685
3794
6793
1032
3822
8850
6209
9083
4840
3567
4433
6409
9689
8011
5300
6909
5249
5981
4034
7872
9902
9653
8549
234
8650
2684
5944
3687
1177
993
1803
4274
5968
3662
2706
7563
3227
7654
700
3948
6966
7729
6849
1385
7663
5158
4376
212
8073
4373
6228
615
4774
5812
8479
675
5958
7146
8617
4046
32
7074
2698
8967
2101
6367
2138
3770
6723
6187
1571
6210
5091
8472
676
2002
2507
6325
9144
625
3831
7072
6483
6478
626
6864
2886
7955
5763
3176
9317
1508
2631
5597
3883
5834
5359
8116
3986
3468
6597
260
6857
7423
3193
6944
1999
612
2439
8476
3347
3152
5497
4564
7936
626
2540
4756
2399
2442
5425
8067
5574
2923
2982
1886
9857
5365
6297
8622
4579
1922
5039
4791
318
9233
7259
8581
7474
5088
5882
8428
5280
9281
4087
6300
4579
1765
2255
22
5352
8552
3170
4692
8614
8896
8463
8465
6187
2953
5269
9008
5095
1764
1788
9963
220
1099
9974
4557
5212
4044
4846
2137
5746
8272
1254
4214
5283
6630
921
6091
5869
5598
3542
9186
2213
9025
7237
6764
4880
502
3117
1064
2694
7850
6162
4354
1331
3403
9502
6371
4188
3881
1550
7426
226
4555
592
3185
8366
7531
9264
5118
5513
4920
5207
5253
2522
5647
1924
6906
7510
867
428
727
7867
5036
8965
5811
412
900
9931
4319
2831
4705
8003
511
3951
5173
9018
3516
1597
3710
3811
4632
956
1997
1376
1755
3838
8975
9255
1106
9532
7421
3557
9762
5514
7532
4527
4555
1233
1566
8415
9105
319
5398
9397
8050
2218
6444
8956
6197
4317
5191
1009
5715
4702
2188
3595
3249
1103
1246
1822
7766
5493
9617
6634
588
9565
1682
18
1947
9929
4751
7717
4169
2876
5988
6722
5085
4680
9641
6911
8589
5018
1534
4258
8841
9746
8860
5048
3812
8916
7012
9452
7642
8607
6339
829
1950
6650
4008
7507
391
6726
8359
2780
2740
1185
1828
5842
6414
6962
4327
6024
9730
4695
9383
7825
3886
7786
1978
6158
3803
8293
8200
4285
6976
9143
6258
2761
6170
3259
70
1202
6827
2734
3808
6369
4020
1732
8738
8974
692
7844
4358
3942
8156
9890
3861
1002
1990
5041
4840
7036
6758
7839
5885
3883
2201
9768
7060
1771
5653
924
4356
1666
524
9958
3173
4580
7267
5596
4151
5220
9045
3250
4213
2572
8325
8873
337
1242
3168
7452
5517
4385
2385
5844
2584
4367
6350
6026
4833
1576
3065
4898
987
1992
205
9543
7221
330
6579
2249
2432
5634
2670
3667
4261
7900
577
2242
1620
3359
1590
321
4857
1007
9689
2042
1276
528
1224
3273
1258
781
5001
1368
9691
2603
9734
1648
3037
8296
918
8643
4558
6293
8683
7
79
7457
762
1915
8694
9800
3964
4670
2355
6100
3038
3449
758
7014
245
2417
7287
2533
3000
7645
6773
5351
6802
8803
5180
9424
7509
7548
6222
7981
2302
2833
4378
5759
246
7215
8455
138
7667
7542
9602
242
6766
1970
5571
1771
4404
7364
9365
7775
142
9821
7679
8328
3321
404
6386
1633
2051
4348
8201
4437
437
4279
330
6880
5587
5092
2339
8471
4128
2184
9008
7492
132
1891
4937
5795
5243
2862
2657
1816
9219
2902
7721
8957
4090
4349
5535
7423
7547
3588
4579
8240
4773
2819
6486
7609
165
3767
4601
6890
9820
2659
6425
97
9171
3326
6242
6222
7746
8777
9972
826
7014
1554
6488
8822
7167
5064
7240
8766
8890
5567
2222
9
2039
2246
436
8808
9157
516
6751
6340
8318
1028
61
1321
8959
8711
5966
9907
7104
9538
864
5904
1722
7524
6744
9428
3583
4509
3963
8893
8205
590
3869
7880
2231
6741
5642
9437
9126
2884
4795
7207
5216
1542
8044
1962
1690
6330
409
4072
1735
4178
8010
8073
8056
5066
7016
4950
6101
8474
7664
5032
126
2183
1970
3416
2381
3245
4926
1449
3545
7192
9467
4160
7788
4803
6518
4988
7772
5815
182
8958
1737
7865
5853
4002
5522
386
8661
9587
4160
3220
2396
6468
9419
5895
7715
4185
4114
7318
6057
6266
1919
7819
1367
4937
2258
1036
8972
8605
2293
9086
7676
1292
4116
8294
8108
5331
2768
3838
8717
899
8431
9038
6422
6212
8027
2306
2908
7949
6230
9990
5568
3719
619
6440
9644
4410
2124
8568
7190
6375
6516
4353
4046
7088
1358
2978
7018
6062
8269
4055
5149
327
2569
3592
2635
6907
3389
3525
5442
4102
5759
1759
8921
5723
461
5193
8194
2089
4620
4097
3941
8922
8998
7635
242
2105
2019
2479
5151
9871
787
7424
7868
4960
2998
7943
2226
5600
9336
2835
7117
1967
1461
3398
1493
9252
746
5576
1725
2803
6647
5491
9932
9029
9652
2608
2316
2210
1007
1385
1040
750
9292
5314
3738
233
6457
1900
2409
4913
6185
2568
3480
18
2109
8099
2236
8809
8469
6013
7748
268
3060
9545
4613
3563
762
2197
6525
2905
7111
2050
6844
1980
3758
8743
6272
3267
6596
7259
7917
7749
750
3036
9663
9357
1405
5169
2912
6592
7663
7798
3706
4389
1789
8613
8563
5632
435
7426
6631
930
3914
3489
4609
1099
6427
794
397
8247
9914
4598
1860
4228
8703
702
8268
9647
4514
6134
503
7426
3390
2320
5836
6707
9730
2175
7721
3069
3534
9602
5731
7100
3766
7725
1895
3709
8690
1217
5069
1362
238
9543
9773
4239
9528
2729
1144
934
4959
1829
9942
8222
9549
6150
7353
598
9703
1466
3310
9228
2938
6070
7636
4903
4061
2360
3898
8516
2691
7202
1974
5672
7797
8357
3055
2239
1154
7042
4788
5773
5742
9295
6359
2767
8177
1084
3114
1244
782
6455
2066
6947
6698
5073
5437
2984
8168
91
210
723
7448
9
5809
3477
5267
9891
6146
305
850
8241
7506
2011
6058
6515
8135
476
6781
6284
5177
9809
2337
7456
2192
9065
3959
4755
4868
5472
5496
7051
7556
309
230
4084
3245
4864
2063
8379
4611
7621
3222
1705
5504
2173
1243
9535
5812
2053
4526
7970
113
9468
6723
99
5861
6275
5174
2274
8532
7792
4116
3916
1356
1838
1416
5217
6637
2235
7763
5
2301
2973
9708
9800
7565
356
7736
9066
3908
8615
1704
4387
8268
8856
2506
7601
3842
2619
4261
3388
4414
5559
2527
9503
9071
7066
9875
1680
9070
8868
51
5554
3572
3657
4100
8946
2851
5733
2352
5756
1734
7718
7031
4120
5298
2579
5813
1145
3447
1979
6635
4814
2099
35
2910
4483
4476
6912
6011
3901
9918
2955
4942
2108
3019
6907
9066
3532
9936
5634
9731
4928
1368
1770
4013
9144
2483
208
9591
2801
2843
3800
2843
4902
4847
1928
9831
9728
8971
3646
4295
9214
3310
7240
2111
8722
2408
6659
8693
1182
4226
6332
7773
5816
4063
4934
1948
2282
8805
8163
2049
8647
9761
1391
4412
1330
1475
672
6786
39
5959
7180
319
1973
1868
6240
7179
6401
5059
6495
453
2808
4513
1814
8087
6026
8546
2984
1828
2553
1820
4768
1418
774
4921
9446
8972
3942
417
9455
5017
1922
5883
2597
7834
2476
3349
136
176
9972
1685
6919
17
2918
6844
255
3909
2077
8845
3170
4233
716
4450
5587
7257
8966
7835
2580
5501
3029
9923
4655
4347
495
1218
9180
3478
2779
7807
6743
5714
6850
9477
7735
246
4204
9113
5826
8295
7820
1335
1275
522
3751
2736
7195
3890
7036
2001
9903
4089
663
7780
4183
31
4107
5293
1187
9389
7643
3989
4921
1429
8774
7856
7924
1451
3980
5613
5608
3460
1544
9221
5014
5519
7461
15
4401
383
7250
5644
115
1092
1651
8743
3401
6863
168
2081
128
7193
1362
1510
4455
6539
3095
5951
7957
7395
8560
9660
5508
4615
2029
4683
5635
3503
5868
975
63
2085
6808
1350
4719
1459
207
7326
3628
8748
5041
7722
1950
1453
5984
3838
4227
9754
3308
8815
4931
3096
1075
1435
8113
5470
8533
3677
6435
9855
1362
7962
2106
7203
2934
4901
3345
6949
973
9309
8201
9249
9867
7773
2061
9742
4912
5483
9516
980
8615
7477
6408
5750
4059
1293
2724
3491
1319
1577
6810
6590
2742
7174
8888
5939
5764
6176
7186
6780
5206
3350
2214
6523
9397
4604
1007
1686
2649
9987
181
2862
653
8797
8141
3235
8136
8798
2566
7884
9273
9400
3233
7722
8697
2845
8602
3074
427
5022
4544
9986
7139
9224
7153
3995
1496
4181
5914
3526
3580
1618
5877
3545
6593
1246
3685
5731
1241
4076
3680
5763
4908
1861
5254
8002
1308
7658
7595
2123
5332
6070
9244
9139
1814
9844
789
3819
5970
4598
7320
8012
75
8872
8500
8191
486
9981
2059
731
3928
6452
6248
1547
3277
5003
8927
4659
3931
3817
9494
769
8576
9550
72
2604
2539
1487
4620
1344
7765
6635
4373
9294
6461
677
2157
1713
4634
3618
1029
7451
1049
1749
9675
2454
6701
2505
8440
358
2265
7666
158
2108
8980
7881
5739
2402
2480
9883
6010
3945
3137
3420
3893
7819
2316
3317
6691
9756
7641
1355
3132
5192
6854
8956
2772
7222
820
991
6740
2394
8212
7076
1838
4015
2642
9332
9298
1629
7440
3518
5281
8764
2850
4201
910
2398
6370
8480
9256
8244
5656
219
1052
6858
4882
3475
2951
7765
7448
8811
6452
4620
5348
1355
8937
6410
3051
7464
5931
4875
8037
5367
2746
84
8362
9365
2557
3842
8160
9440
508
7500
5024
9513
8324
671
2852
8650
4188
7218
3520
6947
8787
8264
1414
6011
4558
9297
5633
1312
8148
5543
7816
284
2795
847
9210
8512
1343
7302
7120
3026
7262
8089
8654
5369
5734
1219
262
4959
1906
9335
8414
4961
3751
3398
7114
566
9210
5541
9602
2926
7479
8831
8102
6121
7409
8566
7618
261
4386
2566
6256
2403
5030
3341
5373
8828
3035
8195
6239
5905
8213
1114
8946
9635
5181
5557
7755
1766
6580
3344
9996
915
3566
5793
9355
5700
6734
638
2718
2524
7336
5640
671
3547
5435
9905
2480
7713
4779
7635
2184
5743
7736
1517
7496
4933
5559
6752
5932
9286
6208
2951
2272
8744
5573
5710
276
4672
1158
6685
7261
1862
8946
8819
6930
4613
9831
3415
3386
7277
9384
5013
8906
5558
2214
3422
5647
8877
4011
551
726
3166
3795
6224
2908
55
6761
9550
4495
7049
6788
9251
7102
9626
6657
9431
9945
9505
3067
9015
3710
8870
8067
4582
7484
6362
3605
8508
1022
5430
8327
1546
8467
4798
3600
5692
3580
5062
4031
1173
1847
5062
2434
5178
3166
4021
243
733
8605
7008
2930
3329
3524
6326
6511
8418
7779
9535
9635
6944
6972
3288
1745
489
1078
3842
3797
6469
336
8726
1645
745
4062
5088
5232
1163
6192
535
2725
1503
5186
5694
2348
9709
6479
6684
9556
4368
2243
5358
5750
15
8066
9168
9003
8546
3883
9757
7079
2908
6838
7342
489
1610
6112
1586
952
6837
7634
1457
3600
9858
1998
6473
8333
2266
4008
7556
5978
529
8979
7244
6866
4394
6899
615
3494
7735
448
1356
7320
9197
9957
2216
2023
3104
9840
6091
9263
9358
5997
1104
6163
3177
1238
2522
19
583
5892
3077
8940
5471
6934
6213
5017
8839
5637
685
7869
3640
7950
5717
9970
3611
1079
1704
3022
8402
126
6806
7871
6614
8246
9124
5563
4836
2077
0
782
6376
5918
4910
1786
9746
3992
1071
6791
4626
968
4260
6295
3799
4327
8285
4271
7781
2853
9819
6074
8816
7512
8001
7429
1923
2987
6844
9378
3391
3108
6153
5776
789
3890
4428
4758
6296
4621
2494
1929
3657
8527
9905
3851
984
6460
6004
9194
1721
6413
624
8221
3128
1803
3173
8989
4190
5556
8530
5242
8064
5130
7132
5661
3672
4817
532
9727
7904
3027
5987
4864
2964
240
9164
3328
1115
1216
6886
2283
7521
1952
3350
1179
2866
3180
6433
7495
9562
1713
9945
6250
6098
371
5342
1545
3512
7127
723
6845
7793
5324
835
2684
8985
39
5588
9738
260
121
8444
1654
9386
1842
6979
5447
7871
52
4491
8870
121
4321
5983
3419
1740
8361
9105
6631
9285
6970
9391
8198
937
5654
2168
8699
6639
2520
7533
7993
4180
4293
3057
8288
4930
6614
8225
2345
5146
1841
1611
506
7734
9132
1422
665
3351
357
274
2767
7760
4711
9882
5485
3262
4992
7945
6593
6092
3130
185
3025
5367
3511
5870
3085
4393
8742
8952
6761
4890
9500
417
6411
9199
1986
8108
5761
3234
8817
6818
7914
6911
5428
9581
9928
3652
6543
2219
6522
4831
9197
766
9422
2642
1875
5463
8369
9035
8195
7518
2578
6092
3633
2000
6275
5466
3019
5252
1736
3486
181
5443
4292
3699
8949
7711
982
7009
5928
4890
8124
85
6683
399
844
6138
9693
1218
5240
4276
45
2206
4065
5628
5088
7132
8684
8977
9122
7226
5313
7167
2699
769
2198
4862
1790
897
8828
1193
3210
3009
9139
7559
7259
5973
8427
9552
6707
2949
8542
4114
3835
4340
6273
4836
2589
3615
3496
3018
8663
4987
3643
4995
9141
6121
1883
3090
3888
9848
7273
2863
4457
6473
3041
6353
4277
6012
1093
987
4702
7240
6597
1356
267
9823
3495
4844
246
2639
3629
2330
3955
9747
4412
2091
8248
2981
7899
7790
6744
5922
934
7768
3056
8940
2839
8601
4825
5532
9054
2081
3545
6546
3308
4383
3317
1427
9874
9877
7344
8120
3927
3083
4909
5521
1644
5512
6288
9940
8389
9652
5268
2508
2299
5705
1065
4724
4910
8962
1239
8571
254
994
6114
821
4512
2893
2317
7360
4427
1995
2781
6637
6263
445
8342
8667
2723
7594
2685
8238
5772
5626
4205
7825
6788
4157
1908
901
5327
2010
1300
2310
5826
2649
9236
7673
896
687
4731
9570
801
5365
7520
7671
134
8161
60
9978
9028
8560
8860
6238
9212
7132
9846
6800
5562
2361
5191
3821
5707
7880
4216
8916
5308
7020
417
6636
4635
84
981
1998
5172
6160
9106
6607
4253
8835
1510
4843
4116
9114
7466
