16
9556
8250
3392
7540
8747
4344
8158
5898
6218
7144
1742
4843
2959
9268
1802
4638
5194
480
4739
2852
2647
2309
3845
5515
826
4221
5510
9509
1433
4868
9180
2529
7754
9851
1666
1089
3624
6989
6742
8800
1946
4696
1376
7133
1274
839
1819
7980
9015
432
3935
2921
644
3055
4477
3038
7414
1395
8248
6558
4359
6470
6335
5052
3324
7396
4666
9099
3919
6669
1684
3895
9986
9083
3473
4505
4424
6757
449
8470
7185
5280
7194
4828
4837
5652
7389
8642
8135
8556
5542
533
2171
4643
244
9605
2505
6709
3399
1666
504
2263
7269
5957
8901
3030
1965
9395
7001
7602
6935
3288
7900
7335
4467
8873
5011
2262
5652
4550
2908
7564
3651
4406
1128
258
6238
2068
1176
9845
9116
7448
4826
6511
1525
8493
4542
6154
1381
9031
2342
5254
3067
7593
233
420
4759
3788
3868
5853
2077
6515
6673
2700
7579
9541
7296
210
720
7047
3707
8187
7929
3857
8038
3110
7231
1222
2132
759
3413
5647
8057
4776
7485
9839
1491
7599
3928
9766
5555
9576
570
1096
8376
1245
2643
9638
9394
4825
8611
9607
2474
2428
8612
2074
2585
98
4566
9375
8413
4225
1888
6444
4531
1751
2538
128
7797
7883
6682
949
2892
2250
3153
9789
1473
566
674
4323
4443
3688
1709
4130
2546
2475
9740
2457
6019
5039
3500
3456
1515
961
4308
474
8729
9453
1400
8150
164
3713
6616
3390
9289
3956
2407
3550
7310
896
4751
4726
4927
1786
3414
1556
5961
4821
1032
6875
3096
1210
2558
8656
1951
2034
6036
2094
1990
6227
3570
2092
7962
5770
4120
6720
1456
4596
157
8402
9457
7791
2754
6110
6619
9846
3346
1681
9587
8170
2433
8260
4279
2958
9425
8469
7105
1696
1060
6604
7870
5877
6896
6052
4279
7555
1814
2309
1032
7302
5750
868
399
8191
7361
2484
1655
2910
4107
6478
1558
1864
1157
6582
5684
8910
2674
7391
1093
8428
5889
1950
304
338
631
1068
5445
2546
5205
7767
4361
6389
1656
5566
8680
9833
6445
5607
9591
1489
2661
1075
4405
9392
6385
8872
4932
8036
6903
5735
3343
7122
1636
4177
9160
6438
4516
8336
5102
4288
1946
59
9600
4339
750
8961
9432
2671
8324
8637
3737
3069
197
3162
994
464
6178
936
2107
3032
2677
8269
6248
4704
5540
3149
3511
2294
8326
9718
7195
2733
3142
1268
1460
5475
9326
7366
7991
8918
9004
1524
6534
8353
2374
4733
1910
6072
6278
1521
3460
7081
3047
5480
5767
8473
2263
1500
2813
7273
4842
9411
841
8260
6939
7715
3291
4436
7636
6345
5324
8827
41
8425
3304
7770
2283
9171
900
3200
9477
9245
7060
2685
2772
8161
3688
1054
3560
8082
3135
3184
3794
3923
1525
1947
491
6437
7302
1332
5565
708
8645
8184
2106
5815
4623
3298
5881
1157
685
8277
2205
2001
7001
8604
3052
3536
7087
3310
5621
1441
6622
6376
816
7968
2032
7187
8940
2968
6868
4363
1669
645
9647
6293
9693
3116
8561
2144
6975
4012
2655
5526
2171
107
3235
9383
2635
2118
1543
3369
6381
990
6508
8971
2117
1828
3427
220
4886
6421
6975
1715
3111
546
2106
1505
4136
6168
6810
6741
8928
7794
6934
4637
4822
6192
9390
6153
1329
8705
1531
4119
2577
5573
7955
503
1501
946
1536
7767
110
5387
6249
405
3189
8699
271
4562
6216
8988
9160
5601
4824
8477
7340
3831
2430
6744
4699
4760
6152
944
2499
6806
4698
2322
8184
9695
3683
1187
3988
6241
8856
9020
8128
7574
1863
198
4026
9501
1285
5197
2873
4137
4877
5295
446
4857
922
1379
743
2007
1483
2082
3790
7857
6929
9268
4517
2487
4117
5818
4387
5399
3389
3131
4701
3991
2281
3360
4773
2375
3969
3564
916
28
7605
7023
3718
265
4654
8034
8567
7641
2909
6492
6912
3385
9731
8221
6960
680
6718
1304
7001
3057
11
5704
4435
5234
1385
7789
3915
3836
5382
5811
7233
2792
845
2747
2500
4702
7284
2726
9617
2876
3498
5207
7323
9008
9512
4544
8709
8427
9667
1679
6482
7426
19
2672
3070
3019
7529
4883
9461
6404
7846
8031
4563
2070
1792
9484
2399
2672
2743
8875
1774
9396
7955
3708
9967
6847
422
9349
676
8847
7022
2229
7593
4683
1644
9963
3158
7354
9584
1030
424
841
7354
1198
1880
4877
5853
9547
6287
881
7548
5965
3392
8067
1340
9672
7263
6753
6904
1704
778
9472
7347
7577
2063
6810
8491
4205
2016
4607
5142
109
1487
3521
4067
1618
9689
7371
302
7916
2520
5966
6900
927
5108
7054
1435
7782
331
7378
6808
7482
9849
8400
4965
1166
701
4681
6881
789
6237
7480
6523
5515
5469
1350
7942
987
2313
1875
1992
8280
3527
9983
21
7264
3305
7554
7259
5501
6341
3566
4733
2984
792
6628
3559
5973
5288
9833
8621
2675
8287
881
1666
6225
3402
1337
1331
9548
95
3146
3598
7011
5122
4438
2949
603
5026
5772
9141
9079
3348
7253
1692
1459
3774
9503
9170
4549
7830
6734
3748
3397
7568
4967
7046
809
9802
7212
8282
3604
4428
472
3868
3701
6181
2579
6915
9858
1951
5675
3860
5778
5419
5261
2429
2888
4167
172
1354
3951
6412
3734
4459
7135
914
2510
2314
735
3410
3864
2401
1375
9534
5289
8549
5399
1127
3409
6251
8519
9487
6412
7678
4243
497
1608
3219
8747
1783
1586
4816
6319
7911
5592
3263
9820
2291
6076
2217
9536
20
8243
8248
3224
4414
4117
7403
5325
5440
9772
6628
1043
5947
508
7606
2662
7046
8297
492
9464
2852
1580
8647
8544
7821
5196
730
8897
1436
5290
8146
8104
8625
5508
7626
1810
4200
8584
5579
3697
4993
1262
745
3531
5305
1972
2647
7172
6536
3291
7335
6928
8044
2827
2352
1300
8006
3689
6888
2526
3779
3928
4326
2673
2826
4784
4656
8172
1681
2877
1646
9870
7397
3355
8519
8519
4225
3102
3270
6473
6276
4284
7611
9106
6898
5312
8969
7669
5749
863
8626
9029
2976
9731
6264
3683
9780
5933
2574
9853
7159
932
9903
2925
2417
301
7894
9797
1099
2783
8272
9334
7089
7588
9581
803
962
7405
7090
2166
3378
4466
7501
2623
7390
903
7531
4175
1765
5435
8820
3925
9549
3131
1527
1975
6498
2642
2806
2930
3574
9229
1391
410
5513
6490
9235
194
2766
2044
6794
7812
9195
4534
957
8869
2844
6328
5123
7473
8448
5353
5510
5164
2647
8012
1554
7019
9522
5898
3854
1624
5948
3731
4285
7861
830
4708
7825
8333
3001
9444
2390
4126
2659
5036
9213
602
910
9379
8912
731
5439
8831
3459
3368
5804
4538
7305
9011
5168
2245
2972
8159
8795
8328
4018
7774
6125
5149
8645
270
9351
8071
4332
508
4017
2138
3976
3064
5561
9620
7098
6183
955
8099
2653
58
5533
3062
3736
2041
9260
3406
7633
2892
7882
252
6341
325
1522
8454
7451
1712
1386
1062
1112
1100
3457
8199
2304
9010
9596
9676
6229
8767
8190
2172
9961
5847
8924
3691
1780
8924
8052
8634
8040
5158
1135
3960
7715
8548
7252
9500
2640
8899
7095
1992
2404
6071
8957
4468
3323
877
1513
9505
2502
4114
1643
9211
6446
1428
1660
4411
3645
9474
2411
8088
1709
5852
8572
8
7879
8873
4672
1596
9627
3014
9225
3431
1686
2267
1482
4830
9078
8726
7412
6835
3441
4987
1207
6940
838
7146
4678
3963
17
7930
6108
5026
7353
3043
803
6705
8506
1084
1869
7558
3915
5629
7952
3830
1691
4537
7877
6613
3485
523
6013
2416
3451
2844
5492
6703
8439
3528
186
9215
6870
6235
4261
2826
1993
8700
2623
7588
5564
6882
3525
8493
8358
296
4405
4541
1938
7953
1115
1431
2761
6093
4447
3019
835
7843
8736
7154
4609
1981
1564
8372
9447
7557
4796
5064
467
1625
4618
8010
4090
9471
2722
4199
9118
5725
8967
4087
1238
6512
6073
1493
1361
6011
8243
1845
7086
4487
4265
8945
4683
1191
7376
4949
7420
8755
7980
5675
312
3067
4624
2232
1934
1219
8083
2844
2145
4549
2007
2637
1201
3813
7990
4889
6232
8405
5774
4587
1338
6775
8402
6953
631
5275
2942
6551
7222
6304
8968
7424
9563
6965
1411
8114
2742
1273
1271
2791
2018
8419
6207
5243
9982
8069
6961
8489
9166
2277
1621
3984
4979
9000
6743
6654
1490
9730
7081
2855
6076
615
8929
8364
6748
2377
7663
1734
8983
4426
1902
4767
9735
3425
6087
1102
8097
8584
8772
2914
8037
1332
1248
8953
8273
9726
6630
1728
1612
7031
3772
2064
9004
636
8685
286
1719
1533
3108
682
8406
3595
7577
1424
9186
277
5953
5264
8146
1314
6026
2525
1391
9645
9847
2206
3981
8240
2001
5803
8449
3703
6893
8137
9629
4260
4080
3059
8672
648
8000
958
7929
9370
2401
4087
994
8475
5544
6353
5026
1141
8194
5912
8758
4107
3567
867
2467
8429
3421
3337
6059
2304
8286
3336
793
6353
8055
9893
2104
2132
6188
8869
3560
3699
1625
68
8706
4739
9426
4648
6386
1655
6207
1902
6408
1340
8580
6652
6419
2474
8850
3568
2897
1774
5751
4202
3704
4169
8689
6399
4947
2712
4366
3372
1998
4300
7946
3471
280
5419
8770
1936
8819
9555
2797
8719
4644
6170
2536
6393
9201
8293
8064
9930
2671
1044
9098
8605
5339
3553
2354
7402
5461
857
2481
7077
5090
2704
2920
764
318
7352
4777
5972
2720
3908
7892
5509
4214
8736
5439
8439
8570
3645
5158
5706
559
7345
2976
2569
9104
7780
8099
727
4169
7473
8181
1939
151
4612
2623
2493
1274
1678
3990
7213
9191
6343
2428
4349
9517
1060
4995
2582
9285
810
1540
7221
7744
3608
918
9723
1093
1944
7149
8733
6932
5386
901
9384
4783
1225
3680
4500
6494
9777
2596
6478
9311
5607
5605
8865
2506
1749
7210
7944
1653
9006
6499
6454
4475
1054
6665
7392
3850
4701
5206
7327
175
4181
5733
3017
5916
2376
945
6311
7978
5846
7356
5409
185
7238
1097
8599
1293
5928
377
2807
3640
6321
3523
4347
5109
6138
5708
3720
6240
5020
3041
5379
658
9654
9044
5768
7582
1715
6058
97
218
9484
5528
2083
184
3907
1439
6290
1543
8046
2734
8219
1087
2521
2593
3531
9604
5853
5104
4585
3986
1594
5131
1619
567
9636
6021
4878
3992
5216
2911
7872
5590
6524
4584
8350
987
5650
6106
9845
9415
6230
8264
6149
402
9304
3495
678
9073
2121
8266
4739
8953
1426
4506
1378
1900
7596
9384
4492
2863
9139
6634
8713
1596
5623
6165
750
8794
1261
4628
4064
1518
3713
904
7742
3026
7190
5675
4085
5702
9803
4364
800
2738
9007
8231
854
8255
5261
6378
7660
948
5557
8429
5282
7045
495
6679
8966
265
9065
4952
2354
590
776
4234
2452
5050
7753
5373
6146
8816
5388
9515
3233
1712
8327
8087
3829
9595
6698
1657
5952
8735
4106
5502
363
95
1594
9534
8880
1796
454
5780
6561
6119
5860
5923
7782
171
5668
7213
9979
3224
9284
5764
3345
5788
7057
7144
1170
2876
3508
6875
579
1033
5041
3169
7971
7834
2342
8691
9482
7768
3788
1567
8949
682
876
7131
1484
5142
9764
7825
3590
546
7217
7616
9765
2336
8322
8864
3835
2441
9372
9846
7440
4113
91
478
2374
1951
8555
1273
2306
8979
68
394
4377
4371
406
7680
7530
8578
8639
2330
6617
3322
3650
2170
4701
1213
3052
2680
268
5773
5726
8310
3183
9760
2471
99
616
9110
7094
9898
5217
7368
7386
6104
1453
9144
4611
442
7708
1227
541
9698
9869
2681
2213
3641
2332
2783
2022
3104
7797
1155
3621
6946
6194
6966
8430
4889
8778
6354
3530
7748
5055
6250
7645
1225
8650
4982
8634
9884
7501
7439
9379
976
7439
9794
6577
8330
69
7136
4792
6400
0
5879
3033
5318
6520
8926
40
9803
2750
4366
9048
6519
3563
3118
9981
6727
7809
8555
6766
365
5489
9203
1350
9537
7932
388
2521
3979
4122
9380
7835
3940
5987
1686
5711
1156
8629
859
3184
7825
2229
7329
2116
8693
7975
2688
8027
8420
7335
2139
7863
2811
3880
7688
8181
2636
5120
9872
7837
6393
4761
883
2156
5722
7741
6002
1293
4070
6767
472
3136
1234
3987
8582
8372
1112
6999
8341
9642
8589
1732
8752
3379
1651
2566
6781
5742
4970
9793
1543
9762
4709
6383
3997
3258
9563
963
3010
4294
8263
3671
319
5327
6395
8357
5452
4220
1283
8284
4820
3139
3184
1889
5905
3541
6980
5879
1555
871
8806
5276
126
188
4939
3617
8995
4860
4123
7120
566
4373
928
9273
4387
8947
7557
7584
2540
3882
1323
6024
5648
7057
6926
5373
1400
5067
1206
1301
8713
5627
1943
4645
7322
6872
1643
639
5067
5445
9690
5856
59
4877
7053
4862
252
5242
7838
4803
4191
5982
3557
2150
9725
3203
790
9076
5639
9117
3528
9286
2479
2443
1653
1616
8542
6108
4213
2861
7688
2749
7035
1762
6362
5667
7767
2474
8618
5983
8205
4877
9082
940
4826
8213
8394
3299
7908
5010
175
8694
9972
9782
8791
7202
5968
7882
8954
8729
5473
760
7973
5888
9797
8331
723
5810
4065
4493
3692
7705
3080
7954
7167
7881
4543
5545
2761
987
7689
552
7509
2609
7596
9873
5449
3207
7274
2530
728
4976
9116
2392
3151
1691
4422
1552
2662
1631
3002
3236
7255
1375
3429
8049
8728
5028
953
358
8325
4787
2516
1340
5045
7818
2079
7029
2713
9409
8993
4747
9095
5301
3128
2813
25
3927
5218
8071
9060
6715
4534
9662
3584
3074
9638
8016
8954
9030
1639
3942
3541
6976
577
5448
797
5168
6904
7734
6125
3205
414
193
4859
599
5225
1095
6462
2561
4304
4011
2763
7270
2961
3142
3317
9613
3971
5361
9886
6764
7496
6229
3078
6019
2362
2293
1160
907
2760
1715
7697
5399
361
6986
962
7807
6362
8999
3718
9564
9335
3114
8356
1025
6869
865
8161
7250
7551
4960
6295
8164
9937
2372
2871
7575
7960
3907
950
531
107
976
8806
2321
91
9531
8672
2846
4160
2005
3108
6352
6123
5020
5395
7810
5272
4629
9311
9565
89
4706
5263
9936
480
8432
2530
6399
5438
9362
8663
2071
384
8168
4058
5444
8702
4119
5746
3163
7571
7220
9345
3022
4790
4971
5618
6279
4385
434
3521
3145
4652
5968
9691
5054
8824
2755
9528
6321
3177
471
5087
4373
898
5026
4258
9158
9849
3370
9962
9141
7229
5252
5004
9207
3476
8896
8134
9711
7372
9640
6069
8235
9918
8053
2866
475
4907
8540
9180
4268
7473
4886
1300
6906
993
7472
4534
788
9460
7212
4126
427
1270
4216
1701
7833
3487
1002
6503
7956
8476
1913
5043
8274
6963
5336
7503
5958
506
3168
4810
1298
5174
8903
9520
884
332
1864
7387
1939
4693
9020
6444
6882
5259
7178
2905
4642
9855
1997
1692
7885
3272
8652
8839
2250
2967
1048
8456
7367
8491
1325
3706
848
9480
1827
7023
2436
8459
7919
9813
5757
7061
9869
4466
6035
1766
2257
5571
1706
4412
8234
5862
3729
6402
7710
1833
3847
3185
8470
6237
8988
8983
7538
6438
8725
5480
4285
801
4999
2225
6446
2195
1339
8951
2136
7046
9397
9360
2487
6049
6711
7426
8332
5697
8006
3929
8023
8498
1334
7688
7731
8928
8749
5293
5679
4047
1905
2570
7599
2137
2165
6652
76
8663
5569
8479
705
377
9965
9105
5168
5321
6729
6517
8621
5547
4418
502
9260
1534
9481
616
9985
3856
359
7792
460
4411
9575
1869
8627
2437
8180
4170
5650
8665
7430
8253
4596
7306
9156
1548
2575
1685
4101
6723
7640
3781
9261
7975
5063
5776
7989
5759
8284
8711
448
4971
6477
2259
9318
7865
7809
6363
2061
3045
8021
4240
8160
9877
1958
1288
4925
4370
550
9087
3119
5751
6818
9982
4795
8347
5471
6627
428
438
2668
2949
2627
5014
5015
3604
3957
9285
4263
6740
3029
2660
8662
2169
6472
2361
3899
9879
5590
1551
8470
7094
9340
1467
4946
3821
2713
1803
8268
9584
9107
5196
863
2871
9699
4060
4706
4391
5114
7871
363
7272
5894
7430
456
3425
2279
3614
8015
3959
6475
6416
3430
7572
4959
3478
3066
527
75
5924
514
8456
5729
6524
2698
9580
1226
8144
3128
2500
2194
4296
3418
6011
4596
5973
1455
5899
5481
5842
253
1228
4860
9807
1539
5667
7357
2224
2591
3304
4834
1082
9000
8365
3269
9092
130
3793
9229
9172
3275
4458
3828
1416
1016
1901
7268
7904
5902
9186
8520
9857
4306
5939
3005
1126
7695
7443
3160
4808
1754
1833
2255
9075
9889
4828
6748
6249
9402
4080
2427
1976
2600
6587
9493
3644
7138
3076
6298
5330
5305
9480
3482
6953
434
831
6881
7153
7717
2376
3384
2010
6352
7712
2995
6381
6691
8136
1064
7947
393
1909
5431
9571
4782
5613
2582
3156
9343
3553
7832
9864
3020
7031
7137
2295
7631
1033
8736
8937
537
7759
5661
8879
6680
8078
7909
5385
3763
7482
2952
6932
4937
686
8568
9007
4577
4207
9905
4242
2488
3773
5183
670
1563
9030
4782
4352
6743
3921
6954
8102
90
4306
7562
2831
7747
6166
8709
7067
6058
3045
8434
777
7584
6847
3240
663
1783
9662
7405
893
6665
6870
6438
124
3429
4993
4106
2115
4836
3542
7655
8560
4671
4159
670
3746
2501
5874
1650
4834
5405
6243
722
5853
1163
5459
484
8124
1888
8081
8617
3020
2773
3033
3885
8920
7792
8144
9431
9429
4249
6229
5678
1326
4414
5348
2065
6824
5698
4274
8664
6634
1521
2117
9365
6642
2112
3694
8263
7860
4836
7445
4097
8520
3311
9597
6558
6705
4399
4548
7065
3438
2852
9783
7308
2129
1990
6074
8166
5357
265
6036
8371
2976
4236
2032
435
2232
2205
892
3520
4715
5718
3033
4611
9290
3448
8152
3017
8984
8585
8746
4120
1160
3199
9604
5042
7899
4077
7515
4899
5170
3800
7397
4008
3725
6784
5856
3695
1311
48
1768
7704
4037
410
4389
5851
411
8921
32
3070
3239
9307
4555
6928
5999
6582
6292
3526
7622
6576
1716
772
1653
1745
448
2259
1884
9803
9714
9234
3293
5287
2522
2337
1218
1066
1973
5845
1719
3124
9333
2332
9222
5656
6538
270
9223
5464
9130
8614
6818
9574
8005
2568
3700
2272
2210
81
6667
8471
9034
2173
5330
4687
3258
4865
5763
217
4851
7563
2543
3673
5904
3630
8468
2693
4550
3025
8205
4480
534
258
4810
7567
7657
275
9175
5767
3544
1917
6203
8790
6087
7317
9122
4082
663
7722
4870
9465
8079
1117
5151
5519
5337
4410
3225
7867
8965
2555
1223
8248
1116
6853
868
3178
8151
6760
9432
2853
9674
5421
3709
1748
2834
8229
2552
2194
1211
9271
6797
984
6879
6338
9779
4612
6290
1500
3026
1506
1056
760
9023
896
9905
5090
4219
9790
6698
5055
7952
1751
1047
4905
9633
5035
8261
8330
2183
333
5154
5850
1133
2068
1077
3946
3631
9681
9556
2946
1762
533
8299
446
1352
7660
6260
8589
3436
3452
6524
7794
9627
9957
5301
3867
6760
9487
2095
7497
9004
3950
4203
393
8287
3514
510
1841
4620
2428
4451
7716
2892
9372
2176
7039
3417
4029
6918
7789
6532
583
9826
4246
482
1576
4325
3663
7031
2575
8764
1197
8209
85
6301
5884
8555
6316
7035
7319
7503
4310
131
7222
416
4647
4062
4857
7323
3211
1598
8707
1507
9633
1333
18
8043
6369
8178
3851
2416
2368
6162
6695
1128
8247
9871
5392
3556
6407
2244
2338
4756
9081
1042
6287
633
3892
3110
7642
275
647
3725
781
6017
9636
1198
7008
2660
9160
6758
4507
3261
1215
2067
4973
3866
2434
3066
7943
1416
1405
9114
5198
7738
347
485
8026
9671
1737
3228
490
6157
2676
1290
8336
6423
2192
6914
6543
5285
436
428
5463
9663
5151
7432
1290
1768
1341
7219
8382
8582
5400
2046
2682
8383
113
7230
2408
4399
4856
2620
280
1804
85
9676
9557
2294
6612
1397
2749
3556
6798
9959
9094
4508
3522
1540
9885
5832
4959
567
5165
2209
9414
1320
5965
659
9766
2893
1329
4919
2798
5024
6431
8738
3723
942
5407
8184
7495
4833
3861
6422
5213
8614
8456
609
8074
2987
6242
7616
439
6177
551
4421
5732
5448
5887
7291
6230
3956
1608
3622
9164
3004
6991
5922
9753
8737
9212
1396
5448
4791
1690
7135
9764
3532
1050
3176
108
5705
891
6593
98
3804
2969
3492
6817
8449
3651
7290
541
310
6578
6827
263
9261
7703
1647
5890
1274
5635
8578
6000
1168
3694
9471
7463
7669
5349
8477
257
3426
2877
6003
1868
8618
5965
2142
6521
9758
5573
9295
2168
9511
5601
391
4593
9440
6920
1185
3094
7828
883
5161
7501
6744
5367
5985
4461
3154
5046
4732
9000
2314
11
5902
1374
9112
4569
4336
7474
2232
1666
4648
9376
9145
4840
6317
904
6678
3496
2001
5597
4309
2288
6272
4536
5233
3650
4310
7087
9411
4969
7546
298
7890
4603
9958
119
2388
3564
788
5495
123
427
1040
1720
3829
2221
9099
2331
1835
1596
3138
7967
1359
154
9414
8237
5437
7997
9085
6463
9545
7393
3402
9626
2214
2259
7356
563
7608
7861
9792
191
5730
8479
4292
1154
8224
5793
2053
9095
717
1083
2164
5249
8339
6373
2314
2127
6074
3547
7771
5328
8844
3184
2441
2558
7927
3556
7376
3632
4681
594
1521
3084
7024
4837
4390
5811
7868
2057
2291
462
2292
2733
5790
146
5620
8470
6238
1674
1451
3524
9992
4714
1018
7497
6639
5064
7896
359
2239
3125
5339
2240
8137
3008
3437
7408
2312
9283
2846
332
957
8919
4922
1684
2221
5364
1738
5110
7601
6233
3567
9509
8609
246
9232
7739
3608
8047
3802
9200
2127
962
7373
2221
1630
2695
9469
9906
24
8828
8188
6023
9506
1538
4084
3563
5092
2494
7778
7080
9274
2599
8797
2016
6482
5622
7971
6573
2115
487
818
6709
555
4585
5942
1018
6383
2626
9630
2575
2352
3843
6121
9931
6996
884
5010
8337
8635
8141
8213
8674
4934
9361
5699
6843
3885
2049
7099
2444
2149
5169
746
7853
8753
7865
3852
7345
2628
842
4861
6468
4616
7481
7122
5948
257
521
6244
6345
9109
4505
8965
311
8874
3391
43
2755
29
2780
9915
974
1970
8862
8070
475
407
9917
5253
2197
4639
8412
8191
9989
6382
9571
1743
6885
906
576
8127
9385
7520
2465
3501
8945
9926
1352
4135
1257
6303
3025
4426
8047
5009
8231
6055
8402
9631
2165
8804
7421
8216
4546
1899
6878
8888
583
235
3440
4166
9978
1175
5569
8047
9106
7740
9730
1357
701
7047
1939
7816
7117
3919
112
3188
2284
499
8764
5082
2807
7925
104
7673
523
9657
7472
1681
47
1864
9709
6097
6170
1980
2396
2499
9343
1408
716
693
6777
3870
2523
7726
5242
193
891
5345
2148
4547
1044
8874
5301
7928
1476
518
5925
741
8827
1921
2876
5196
3926
1059
7242
9014
9924
6801
4066
7132
7719
6535
3062
3216
7630
3022
2154
2416
4252
2641
3708
3326
9256
4799
2154
5991
4288
6896
3125
246
4939
4485
1717
8570
6825
9170
2626
702
6346
5608
2956
9712
2815
4800
2772
4329
165
7294
4951
8123
6153
1676
3324
6453
3789
8190
7982
1174
5727
6736
3550
358
7925
6822
7194
2118
6813
325
5136
1295
4714
3688
8511
5729
7162
8268
4696
8191
1924
9185
7029
873
3228
910
5403
9808
1096
2999
8958
3612
3027
5879
5392
1798
370
9343
3118
2558
8523
7123
1562
1617
6841
9113
8971
165
109
1329
889
5072
1073
4659
7404
9015
2046
7961
8815
8916
409
5764
5700
9000
6223
7771
1496
9490
7557
2668
6986
7969
5578
2289
5179
5023
944
4287
8796
767
3150
7525
1249
3487
5104
3379
5717
53
8179
3878
6740
6835
3050
7306
461
9093
4597
1547
7107
7909
8792
8311
5454
4315
7761
1817
9917
5567
3845
2452
7462
2015
3828
5453
2555
1352
2814
8897
3623
9272
5935
9872
6430
2590
9825
3977
5672
7488
2422
7755
1488
7965
7008
971
2939
1372
9789
9450
7526
9789
9029
4129
1638
7914
8217
60
2301
6964
8600
2956
7678
2385
6319
8932
5008
439
5206
8196
9387
4095
491
8902
3611
1509
4303
1596
5766
3082
9751
9556
4294
6043
7675
3266
4101
8056
2783
4452
8056
100
8374
3604
1778
2448
911
5665
1003
4426
5920
5912
9475
9057
9033
1872
660
8940
7356
8395
3126
972
6493
2320
9703
6305
269
165
1280
5669
4831
9188
1066
1343
9943
8995
4195
7110
3468
8926
9250
609
6332
4409
8891
108
650
1432
2190
3363
3508
5455
9891
414
8812
3187
3058
314
9623
3037
2288
2109
8151
3088
9611
8370
9181
271
4236
3819
4283
5330
7372
8238
2970
708
787
8873
395
3020
3411
8925
8810
8779
429
2609
4618
9857
6270
7975
2911
5827
8668
3839
3002
9508
1862
8390
4920
6441
8741
2186
5931
3915
6620
8107
7942
323
7843
7948
2216
8201
3074
5694
3078
7303
6927
432
8233
5628
3564
920
5073
7840
6714
602
1302
2494
4819
116
5381
3101
4477
635
1774
1745
2206
5113
1500
9266
5637
3765
3609
2002
3123
7656
565
2394
5054
5820
5561
4523
1000
6563
2845
1713
4160
3983
5653
4711
1678
887
6492
998
5687
223
9588
6422
675
9558
2967
5837
9717
3951
7642
1892
3457
9895
3989
2824
1968
9434
3
3270
311
6016
1738
6357
6288
2935
397
9505
6857
8583
9656
5830
9114
7983
8394
2708
4594
9509
4509
3566
6199
6763
4783
740
3221
5743
4173
9827
5908
6043
6800
8252
4673
2964
8879
8261
5904
9189
1768
5756
5273
6023
9828
565
4122
6943
8891
800
109
309
8511
1362
8681
9749
4241
8260
5606
437
6698
1862
6045
1176
2309
9788
856
5329
1992
7741
67
5944
6909
9509
7133
7556
3547
5750
1928
1420
5508
1306
3916
967
5701
3160
4998
6812
9800
1166
2852
5333
7356
8881
2836
7162
6444
1970
1221
2078
5795
3562
1759
1135
7806
8406
4371
7074
2016
4504
5197
5316
1491
8778
1003
8726
5315
1664
1366
1347
6245
1811
5342
7545
6177
2655
730
943
4804
2422
8435
1290
5063
930
8315
875
3016
234
1533
7702
5222
7082
4588
6785
7253
6637
9147
8911
1245
7364
4231
4095
270
809
2406
8550
3432
4493
1946
1843
4469
2358
4214
2799
2512
5754
5301
9573
6388
99
8298
7087
8956
2200
7813
6888
1699
3291
6851
6692
4982
3226
1649
9685
1986
4461
9367
9812
4715
9029
6777
2130
3724
8160
8676
5273
668
6470
1892
723
2584
6969
3861
7027
3429
1617
5655
7294
6303
9155
8020
3571
2970
5721
9701
3700
9329
4570
9981
8950
5908
9587
8135
9113
6469
6902
3231
8929
3843
6363
3281
7021
5338
4603
7633
5021
6882
456
1506
384
9571
4810
1101
1019
7063
2555
51
3679
6741
5165
5610
9253
4068
3837
2115
7433
7951
9232
1421
8449
8314
5038
9344
1678
7263
5571
4458
9596
7635
4963
5265
481
2096
3264
279
5746
2002
2553
5673
5411
4146
4263
870
752
5026
1044
5386
742
7277
380
126
9449
4705
8241
7672
6957
2408
5444
2477
1797
2706
754
5515
8574
9913
5968
6889
8394
4982
5917
4572
3658
7546
6214
2349
3625
7984
4852
6022
6226
4924
89
1390
3561
1732
6887
2347
7581
7183
8471
4437
7282
9609
1653
7572
4995
6878
6605
7638
2259
2744
8219
6426
9749
2008
5923
1641
3166
8915
4506
3240
115
6009
8604
9852
3900
4246
8619
3924
1373
6702
2929
4807
4074
1575
1121
6704
6089
8484
2356
6706
6019
753
8435
877
3104
6829
5227
7268
6514
3052
1091
4243
6530
2740
6833
6060
7067
5805
9074
6748
5828
5755
6885
345
8775
4351
92
5657
4673
7888
9210
9413
9098
7810
3385
3495
134
446
9069
7256
8338
8834
1138
2638
3646
4711
2546
3294
3947
4517
7840
635
2941
7353
4698
1206
2671
4851
503
4675
242
9129
4257
2924
508
5364
9870
242
3396
2759
5916
6865
4632
7268
9495
7625
29
8443
3931
3952
1213
205
3042
7217
5786
6409
9200
770
4209
9298
3708
5840
871
1539
6748
3771
9253
7548
3729
9589
3384
4624
6384
9113
4884
4278
6896
3185
4623
4709
1281
9438
3793
5393
4279
4920
188
2570
1950
4423
7128
1622
3512
4143
1711
7107
5081
5586
6143
616
834
9465
5823
7345
2447
5723
5017
8516
5215
6443
6914
919
3928
2785
6958
2374
540
9085
8649
5022
7646
214
9708
2377
9857
4959
9915
9042
6790
8899
8227
7339
8672
7128
5840
915
95
9778
8704
7939
3243
7119
4903
1298
6902
6345
7791
3525
1202
3393
2032
1198
2882
61
1763
1138
2430
8762
6166
9106
5467
1142
6157
2387
3037
7517
6054
1246
5747
4626
6285
1834
5913
8242
5930
3132
190
5906
1020
9855
7259
9031
5576
615
2223
9654
9643
5673
3853
9653
2062
316
6520
8216
9493
1590
2131
872
6235
4000
4534
3411
3650
6352
5624
8449
4802
5624
3519
9362
8987
5399
4064
1481
9006
5214
1285
4182
4182
3027
6980
3214
7327
5267
4597
8363
7028
4842
7874
9903
6937
3737
9162
1696
7133
7605
4925
4541
522
6323
4260
9145
6995
2491
9543
9299
3075
8566
8152
135
5636
7943
248
3419
8652
390
1379
4419
8719
3403
5201
4078
4698
5985
1729
8120
9959
4062
4974
6128
3997
1756
861
3964
183
3407
9748
9944
3333
2587
2354
3953
7891
2620
1308
7310
4113
8413
6674
7869
2136
2405
4301
4532
7997
6727
1882
730
3122
4372
604
4210
3335
4619
2551
124
534
7625
8811
2345
3522
5777
1113
6769
9102
1734
2395
862
5032
3604
7231
225
5769
2522
7702
5592
7997
1129
1085
2432
2552
5060
5406
2907
5376
6187
4582
5263
3267
200
3064
750
6188
7396
5244
8124
583
364
4539
4135
5010
4205
2517
422
5270
2092
8205
6359
6883
9695
9060
2623
2812
9398
9187
5139
8984
3185
1325
7480
6005
4678
4314
1089
6589
2584
4977
3634
6303
7191
9777
8704
79
6566
6130
6890
4467
4723
1655
4713
7247
4164
2598
9519
1834
907
6507
376
8817
6207
5403
1637
6831
3465
5193
7028
6984
8228
177
6379
8044
4268
8042
5442
4428
6983
4176
5652
6651
6284
7404
6642
7562
8739
781
4493
6916
2771
4939
2658
8770
3626
4181
469
876
4309
9421
1192
8966
9217
3084
6988
6926
8390
3617
7167
420
9465
6114
7323
134
8457
7282
2741
1286
8981
9418
4957
5953
305
7070
3863
5324
4437
5454
6619
7372
1070
2567
3419
3015
676
3368
7448
5327
2205
8874
7990
5766
9639
5735
2737
5653
5343
4409
2618
3635
3884
6637
7153
2066
5094
641
4073
8482
6599
7826
9983
2
2194
6190
6852
1337
95
2024
8856
8352
2682
8154
2268
1828
9824
3016
6971
5400
6618
2031
8632
8331
3001
9769
7002
6066
5921
2927
354
520
74
8213
3313
4528
300
4523
3653
1105
7025
1253
2907
940
6724
7831
7078
655
249
8209
1998
9707
1676
8029
1213
5171
9935
8654
9771
3912
3959
8012
4718
5993
6429
5607
6864
801
2651
3512
5952
5716
4235
30
8386
4518
3065
1795
9572
3149
1436
4209
6147
9039
4481
2612
4510
1742
6641
2388
6218
4635
6332
1472
6837
2735
7896
386
5492
8324
630
3475
3264
3298
5877
3553
2421
2473
9724
515
7336
5973
7480
1649
7449
8886
9983
2182
27
5469
8822
5077
7056
3779
1353
9512
4358
1438
4000
1978
1622
6752
7958
7219
6145
6894
2426
3645
4138
9897
3577
9692
4130
6410
7329
2794
125
8390
5423
7978
5776
876
8481
7141
3884
2563
8894
9213
9530
465
8208
3139
6477
8372
81
7602
7971
2976
9464
6198
3584
4757
6483
926
8134
2303
8528
2407
6530
7688
3191
7215
7652
1854
2818
7755
7370
7301
8833
6379
5046
4012
1089
5755
7707
1271
2774
42
4466
6894
9506
3236
4643
741
3538
2518
2921
2034
9492
7395
9090
7909
8079
8996
5828
2893
7109
4938
1902
7203
895
9744
9844
6496
3472
1104
8936
320
364
3900
5595
7154
9312
5187
6370
1528
4786
8577
1998
3821
57
783
8188
413
9245
5329
4372
5818
3438
9380
9628
1863
4146
3876
2556
1367
4045
8538
8366
9340
7905
6737
4709
4041
9671
5696
5162
6170
5817
910
7668
4488
4217
3963
9031
7640
7591
632
1716
743
742
4389
7252
5039
8467
5755
729
4572
7454
1233
1393
5839
8212
6914
8395
7571
3844
2389
6932
2788
6075
4459
7638
8625
1671
6424
4987
3738
5749
6865
3274
8854
1782
9004
3787
1290
4025
9562
1866
8776
6832
5084
2276
5342
5528
3261
2074
6632
1126
6008
3783
9141
3955
7123
3338
5133
9445
2695
8807
5207
2485
3986
9647
7839
1444
1993
1624
8897
6447
6720
8683
2733
9496
7850
9320
3545
8714
7325
4704
3777
5337
6520
6512
5185
2211
4193
2839
3088
3413
6250
2484
1308
5968
2851
1736
5472
4546
6903
1692
4068
8433
6731
6726
1410
4419
8278
4862
2316
77
1613
5007
1208
3757
238
7378
9910
720
271
4397
1820
903
4305
751
840
4622
6116
3521
1591
7127
8519
4054
5088
9655
9104
2479
3932
6029
5464
5098
7678
4778
6734
9962
6083
6736
3416
3943
7499
5824
6373
9346
9805
7936
5904
3209
7091
6340
3665
1752
4572
923
378
5201
8833
8909
3977
3335
122
9776
8210
9472
73
1085
6126
4308
1763
6171
9966
3755
2528
6016
4018
9858
7780
7074
9312
3278
9656
5280
6031
2808
5696
4980
4738
1859
2491
7728
6935
1214
171
5629
6189
1991
1910
9677
1780
9150
8375
4153
6211
7440
8141
7871
2843
7056
5911
374
47
7339
766
4357
6035
5372
6924
5729
9409
3075
8131
2011
4679
8043
5515
9644
9523
3162
7339
2213
2269
2091
903
2571
2916
4732
4357
8324
7361
1920
443
9294
355
705
7977
6406
7382
6623
8143
7918
166
9324
4659
8266
4884
5399
5993
2915
183
4890
395
1548
4967
7536
268
2883
9057
3145
9850
4031
1999
9696
5483
1806
8268
7465
7127
2620
5665
1071
4166
1845
7433
3053
5197
2121
1598
8655
7700
7569
1784
1815
9581
702
5811
6934
9839
9502
1340
9585
1774
4982
4694
4455
4268
2767
183
3476
7984
150
1583
6070
8534
8306
3259
2584
3939
2451
4378
5814
1321
4897
7536
1925
5532
4567
6417
9715
7034
5947
7534
8786
6404
2543
7773
4546
8145
6256
927
3226
6998
8585
7117
8399
8151
6729
2024
2701
5343
8854
9749
4001
636
5213
2366
6724
927
9275
2420
3637
6668
7771
6595
2083
477
5992
7886
1875
7198
3772
5270
5101
5906
8242
8125
7518
9465
7290
956
689
126
7915
9055
5385
7832
8830
7410
5992
3480
71
230
3755
7811
4076
2646
5103
4939
8735
8477
2588
1191
202
5845
3698
7440
4672
9875
8308
8079
4632
1708
1201
7775
3816
6538
8115
3182
5105
9200
4178
3286
65
2366
2318
7662
5234
3588
9464
3560
3521
1887
7903
1122
8822
7761
3689
5312
8653
5330
8905
983
4559
9658
8108
3280
3060
3247
2496
2587
8848
7549
5067
2710
611
2277
7346
1570
282
6767
7129
8199
8408
7082
7432
2133
5100
5449
4406
9208
9299
7955
3842
5382
1252
1116
8905
5111
9303
165
4272
2659
5396
6537
7570
1160
5207
4577
2640
1089
3675
6640
3943
2612
1747
4430
8393
5431
3738
8294
4412
1910
2597
6201
3803
7490
7963
316
3431
1600
716
3988
9987
3103
368
7884
3455
8728
275
524
9071
4020
3803
5780
1159
6068
4730
9262
1006
8462
1371
3751
1011
5157
446
3589
4420
6898
1982
3332
6748
1237
2188
2644
9451
6686
2332
1649
6204
7876
1560
557
8952
6132
4545
7377
7725
5509
3475
337
8238
377
5677
7155
7093
1307
396
7299
2186
1925
905
695
4235
8696
82
9781
4520
9120
7510
8747
1307
9749
2711
8862
1109
8049
2311
558
6819
5945
6079
9225
3270
5733
8544
1108
8180
8997
2727
3952
4157
6877
4771
5839
5012
7444
1822
2167
5998
5444
5794
2963
3440
4354
4186
2392
1125
7493
5560
1393
8468
6214
2873
4614
7632
2998
3005
9471
2622
1432
9283
2804
6868
8201
3248
1260
4996
165
4858
8145
6354
1633
3048
8936
2989
5883
7482
5065
6031
9836
9799
3047
6917
2479
6904
8541
2877
8109
6364
4093
9331
9744
5423
7228
2190
3039
176
8910
1949
3674
5223
6909
8966
1644
2060
4400
9458
6637
7107
9041
3081
3527
9307
1105
3010
1269
6036
8619
8699
2847
4450
5580
8167
5831
1634
9932
5061
4599
4254
9317
9084
2163
2299
932
7929
1768
9784
1557
4231
7684
2050
1735
5057
4822
3257
640
1887
7656
6352
4850
8248
1423
4146
7371
9954
760
3511
9048
2859
2530
6584
764
4914
1767
11
275
4903
6749
5894
1129
8620
8615
4987
7231
7585
1637
139
2703
4620
8236
6098
7112
5715
2384
3934
5431
4388
559
7228
628
7191
6995
2191
6686
3219
353
555
574
2851
9537
1791
789
8118
1956
5753
1882
7725
6704
8182
6216
3585
9745
2010
6234
6365
3494
7919
7522
1316
3914
8058
5676
2594
7188
560
6238
6619
2251
6139
4983
8398
4900
8843
6272
9847
3512
8852
111
3482
8774
8816
4543
1765
8810
5095
9396
2519
9820
4760
3410
3014
3006
5447
3594
6073
9878
2236
8883
6586
4019
5353
9864
6
6671
3415
7442
4614
5266
2588
9090
2516
4202
8711
1713
2121
8923
8812
714
9887
6906
9003
8308
6157
2583
145
9651
7210
5556
6531
8497
7057
978
5957
2783
6915
3597
3709
630
1108
6319
6983
8940
8608
8143
197
2229
4572
3293
7773
9812
1945
3975
8910
6194
3777
1670
3067
7786
197
5122
4790
7253
829
1050
8129
5330
8595
908
807
2847
5761
6873
1228
718
7322
8754
1260
8962
7781
677
5672
5083
9398
6960
6682
2690
3182
2935
8370
9028
6423
6832
4755
85
3712
4104
8311
4581
4456
1576
2040
672
1096
3996
2506
5702
2580
1560
7089
958
139
8170
2670
1762
868
9493
8854
5716
8603
2109
9839
3152
4769
5872
2586
1032
7303
8106
3503
3048
8293
8541
130
6779
7574
4613
3340
7270
7695
4161
2276
9312
8141
3809
6756
9939
7073
3141
1240
974
4057
1893
1988
1716
3518
4189
8635
4906
4774
6027
5158
436
860
7126
4658
3801
4506
268
2412
836
491
9033
8727
2982
2451
9296
8796
2155
1999
9329
2389
2545
6679
2751
2905
3322
6294
6119
5052
6092
7350
1139
6614
1230
6656
4250
5643
9489
6546
705
4400
4302
9689
327
3753
1577
9204
6212
7320
7735
4457
9953
597
7292
3441
1868
2873
4431
2233
2686
9805
583
4893
1990
700
7826
9927
9918
9943
5558
9252
3958
9108
8725
4904
345
3840
2325
5319
2345
3837
3064
4476
3918
4163
6481
6265
3224
6832
7151
2824
1702
2534
1977
4012
3178
1390
5251
9561
7601
2942
9904
1820
14
6465
7841
2063
3187
5445
9280
3807
7333
4206
2265
3260
771
2551
9614
3099
6353
4194
4163
6152
4951
7823
9646
3937
6305
5624
1927
3752
9033
3053
7257
2532
4079
4976
8883
352
158
9906
5119
8335
1530
47
5382
626
2869
796
737
1635
6209
5662
9034
7243
2759
1963
3016
3098
399
7093
1021
3587
5757
3083
8454
900
6650
9786
4418
5671
8165
3261
9916
4626
6324
7202
5416
8100
6286
9041
4364
8483
2789
3172
1584
2706
1978
3388
9013
9282
9927
7531
9920
559
9830
762
9233
9342
7368
6795
9072
1363
2479
3864
8284
605
4523
6907
6005
1584
1765
4779
4893
9348
9723
3731
1233
7236
7108
9774
5644
8855
8037
4214
7135
8825
2355
8706
8152
1552
927
1116
3105
9122
8806
1755
4053
8629
3208
9261
1127
9167
3906
764
3547
1553
3186
2634
9636
6514
4344
5147
888
3288
546
2302
8901
6658
99
7804
7688
4082
6256
9515
1445
9338
2892
3730
653
3823
5126
4148
2794
104
9899
6148
3545
9651
8187
8508
6569
2523
3486
2043
815
7916
5158
6556
6379
4714
9420
8443
6627
950
6183
1363
3172
5795
7855
158
9048
1378
3577
8145
8175
2592
3830
638
8576
6561
4619
7726
1408
7856
6965
3710
942
1117
6193
564
2559
2998
890
7251
5057
3027
1947
7803
5453
2955
9055
4848
7691
4140
8983
446
8881
7471
526
3502
1638
6709
748
3801
5215
8785
4139
6606
5783
8923
1363
4755
3418
7810
8620
4340
658
8878
2363
3113
5840
2369
356
909
540
4928
2139
2688
4423
4402
4479
803
5033
7342
2728
3004
7920
3639
33
6086
14
4759
7722
4596
6710
3149
5039
4983
6571
7225
3172
5857
6866
5828
8989
8064
9749
9193
9132
8814
3668
6603
5140
9628
8644
5538
9466
208
4505
4113
5689
7154
8385
8846
9184
5989
254
3165
8717
3381
4752
7677
2039
7489
5897
4551
263
6474
3779
6596
2948
8900
7232
9096
2538
8963
8858
1793
1424
2028
3132
2980
6130
3646
418
7981
38
2429
4686
7491
877
8769
7742
8929
65
3409
1975
1377
3436
3088
9657
1838
1998
1358
7929
9748
7693
1736
9945
1959
2108
7534
187
4222
7260
4569
6445
8659
8427
9876
5213
2890
207
961
4894
9390
542
5631
8985
6902
2756
3423
4333
9737
5325
4938
7420
5402
7596
2501
7161
3624
8254
2079
4605
4232
9880
9441
1091
9552
7445
7622
7828
412
4201
5625
4881
6867
4212
5833
6896
9701
3858
5376
3352
567
5827
7027
1928
1305
5991
8375
2310
8228
2695
4460
8605
4444
7392
216
6520
3609
7760
7388
7111
6737
6217
30
2149
175
7022
4762
5588
2012
59
5286
1790
2799
5389
7996
9968
381
1389
4033
9949
7637
5406
4037
9293
6602
9529
1706
9947
2150
1512
6817
5912
1599
5374
9586
721
3462
2809
9353
987
9564
4016
2875
9845
7194
9055
5581
5487
4218
2457
8372
302
2204
5094
4907
7169
2063
2957
3331
4097
1768
928
7541
1863
1460
7945
1691
1384
7733
7456
7292
3293
2129
4537
9510
8089
9304
2763
7407
7180
5477
6401
3149
142
7522
2701
3144
5009
2715
1046
3548
1909
8466
4533
7644
7356
9292
1582
3536
8883
2986
7925
7700
3774
4475
5082
4776
7894
5981
9532
2469
6393
2014
7395
6959
3057
2687
9614
3754
5739
8018
3695
1430
9458
1434
3319
5522
6358
9016
3686
7223
5663
701
4913
4520
1058
1783
2158
3773
6766
9789
2395
1827
2272
2428
7987
2762
9766
9825
4132
7017
164
5769
6826
6170
3119
5651
6608
236
2019
6043
3133
7766
9789
2732
8791
772
5992
719
4845
4303
8346
7365
8932
9336
6003
6491
4224
9173
1488
455
5797
7153
4210
4783
5093
2162
9173
462
540
6998
1695
5139
7714
4214
5250
4769
6521
6013
8595
8629
6365
8973
7320
4160
9395
3117
5979
5923
5346
8470
3928
9380
8489
4600
4437
8655
593
7257
275
631
6234
2251
111
2241
1771
4176
1680
5128
4510
8914
8894
7902
2030
6669
4760
6796
5933
6033
1035
6367
3525
9939
9009
2820
9304
5876
460
2524
3713
7670
7507
4966
23
3367
9929
6245
618
4631
4887
7612
4526
3029
4028
5784
247
5267
8931
9159
7979
3251
3534
810
3927
2028
6210
6163
1434
7061
8240
6652
8973
6572
5635
7426
251
5355
8374
6338
4088
4555
3641
4951
5556
792
7657
434
9970
5825
3888
1916
9840
6653
2620
8359
645
1423
45
7533
6005
3262
6627
2522
4522
5655
5534
5778
9817
2116
1770
7717
3710
161
2003
3149
4550
7100
3551
7695
3802
8506
3524
8362
2347
8480
1556
804
8209
2007
8185
7828
4251
9626
6838
2072
1935
5645
1889
2758
3138
2118
871
2843
9555
2971
4253
7481
6203
3714
9899
4106
1211
5298
6580
7442
6138
4424
7309
2947
4220
4415
1035
9718
8069
4092
1019
5704
184
9781
3340
6349
8901
4944
8868
3187
5414
7401
7949
3585
2194
5328
1467
618
4803
732
8691
5682
4831
7028
5820
720
5976
2804
6114
2621
3053
1178
4261
8261
6742
5739
8457
9410
8265
3277
7526
4407
1054
2190
5411
2846
4721
2294
3554
7300
7221
2056
638
8388
1406
6954
5838
9410
9302
9636
1821
1318
3597
5422
4102
8945
9184
4695
9926
8418
8347
9991
3889
8356
4883
4500
3837
1307
9994
8679
1145
855
6348
4246
6807
2988
5488
1391
2616
1737
1880
6092
1246
4281
4648
5293
3483
1370
2851
9913
6648
9461
9559
4355
3052
4278
3698
2108
1760
3375
1852
9062
9342
7851
629
6556
1437
2071
9163
1915
4415
4475
3517
6247
2199
899
4007
2577
7528
4387
9574
5640
9873
708
840
2841
8837
3160
2334
5044
9393
1707
7415
8071
9006
771
7949
6058
7160
3903
1539
6320
8877
4419
4602
2712
5216
8908
709
7474
9032
1972
5073
8109
7257
23
3540
3208
5780
4439
1412
4870
2143
5568
4964
9676
2596
5036
974
2656
7153
1045
9240
9407
2698
9724
9399
8118
7758
5481
5533
9191
7760
8117
4225
4266
5114
640
7888
1121
2759
2706
302
4419
4343
9036
8088
3462
7865
9914
3368
6417
600
9044
6164
3493
5921
2680
5954
1239
1653
8007
3932
3814
48
2881
2430
2601
9678
7253
3367
9521
5788
2012
9703
2517
4576
3506
5730
9068
1778
7748
8811
6869
9668
5390
5998
8945
1124
2609
4504
5785
8812
5877
9494
4507
5880
5026
5355
5873
9727
8562
6972
4719
5613
5990
4761
7653
6471
8953
592
7049
4863
3401
7236
5126
6134
2703
3492
6044
7209
8106
7246
667
2360
8794
9829
2175
3683
7893
3688
1779
1878
8154
1666
4731
1871
8185
8295
1309
7409
7932
4001
5868
6355
5181
5930
3811
7932
115
5330
4192
6517
9913
8203
7186
8610
6652
1414
5270
2011
5615
4757
6006
5668
5513
617
1170
6750
8194
8754
4474
2717
4650
8578
2086
9779
1742
1034
5047
1116
8873
5015
3526
8122
6294
6015
1858
2879
8543
2100
3232
2117
5646
9092
2728
9218
8532
4287
221
9440
3834
9930
3832
3007
450
3684
923
4013
1043
2328
1506
2821
8231
2087
2310
6537
2718
4174
5662
3562
1751
6831
5913
8000
7978
8105
1662
9936
1404
6417
5080
91
1210
4812
6878
3856
5446
253
8442
3255
2612
8406
7109
2297
5052
5366
390
4009
6706
1599
4176
1049
4103
6786
4538
5169
2820
9860
3141
1050
5585
5003
9053
885
6068
8043
7285
9697
3909
6321
2511
1410
1876
6721
783
4456
533
4197
6337
6073
9070
9567
2558
8068
5244
8046
2833
5298
147
6476
2341
9513
8821
9004
2728
1307
9887
8860
3385
5305
551
2958
8548
633
962
5603
6193
5229
7481
7950
9083
9678
312
572
899
2278
8103
3701
5513
185
9868
9118
7848
6079
3494
3727
7612
7426
6228
3697
6372
8332
3721
8276
9321
2189
9972
7981
6627
8362
6295
2974
6907
9831
4998
5119
3356
9713
3514
2306
2189
7351
7037
6703
8880
6159
431
1926
5441
9040
2844
276
5314
1016
3184
8703
4255
8321
4744
2339
5855
5601
4659
8347
7238
4568
4978
2033
5563
5230
1868
2952
2302
4941
8682
3775
6276
8176
468
3583
8121
9762
8804
9294
7127
9778
4288
4086
8047
3264
8237
8016
5208
3067
681
6446
3826
9012
1133
1952
2653
3301
4191
1426
6557
6687
3084
8430
6378
2139
6724
5655
5494
2877
3690
5504
5506
8233
7226
9033
6722
4755
1575
8270
6075
8353
6030
3892
8383
6694
2321
3829
824
7885
318
7158
3560
409
4359
3082
1852
3608
6208
8335
9
4892
5481
554
9520
683
5858
1777
8733
8875
6560
835
763
5977
9397
2040
677
3106
1349
7219
7412
9498
4892
5515
3522
7600
3142
3683
4319
5809
4218
3943
8189
6939
2108
6308
638
598
39
6598
916
4378
6326
3071
9280
1391
6799
6289
5183
1782
2305
4968
4520
9266
2001
5606
9766
6032
6827
9713
8671
8140
1827
3918
2704
3879
1680
8347
8916
5424
6998
686
9994
6090
9555
7797
4999
9680
1636
7020
9851
5778
4924
117
4818
172
4528
8137
6791
9781
3249
3125
5541
6559
830
525
128
741
9549
8362
227
3698
1992
6069
2614
7820
6997
6861
468
5484
7409
411
5691
6421
7716
1048
9321
2626
8972
5668
4554
6447
242
7542
1192
6645
6524
4570
1471
2632
6141
9889
3705
2168
7494
8639
5161
4899
560
5896
3694
7028
8117
896
8446
2709
8063
5662
4742
4651
2331
8168
6657
1291
234
1676
6652
4349
6949
9929
1002
3060
2691
5032
1829
4214
8497
4915
5782
1417
5188
6325
7177
7198
3893
7687
8957
4821
2727
4803
7498
6884
3939
7249
1648
6474
3309
9833
7444
7834
3046
1989
992
967
8261
856
9641
9280
9522
8985
9865
5580
8077
2212
3220
5574
7485
3491
9338
1439
12
482
3132
610
2546
8914
7656
9812
8526
6635
3041
9109
4273
6569
2664
2515
3078
8344
840
9428
8235
4607
7208
263
5922
9102
5667
1164
8650
9379
9417
5927
8152
3403
7118
3774
5677
756
6979
6542
8399
8320
600
4653
7234
9094
3574
8924
2132
6290
360
5838
5018
9065
1070
101
1074
2980
9512
850
6719
2373
2113
9994
2201
7889
3685
6371
5321
8668
1408
93
3716
8265
2165
1079
1332
4751
2783
8555
5045
4066
3310
2413
8070
4271
2578
6943
497
5944
8510
3792
1081
250
2783
7797
6059
1367
8680
6398
5895
746
6423
54
7914
5355
3477
2967
7445
6805
8780
6621
4673
8261
8826
5167
7633
9625
1772
8685
4124
7264
5897
7355
2495
9060
9110
4361
3579
225
5704
2579
619
9544
4558
3892
8569
5041
435
4153
6789
2230
2042
2825
4571
7700
6032
1821
486
3193
5573
6452
2350
7480
7885
17
9663
4709
4387
2349
5820
4418
5780
6086
1768
8935
3956
5356
1598
5353
896
8010
4892
4928
5587
6616
5205
7561
7070
7729
899
406
9238
9918
9253
8392
2341
5792
6636
7242
8730
4738
6872
8452
1306
1625
1976
7244
2920
306
4729
1349
966
2269
505
2089
3339
9873
9575
2959
5914
3628
2452
2662
4736
3060
704
4003
7642
7796
4961
1289
6877
3689
2672
5847
949
8078
2012
7562
6509
8144
7870
8248
6058
5434
690
6557
1229
7714
1214
4237
7
701
973
2431
5763
705
4542
3674
4573
9586
348
9778
3336
6964
8377
6311
904
7448
5951
8595
7035
8091
84
9285
3339
1964
792
750
8190
1970
9558
6457
7177
4882
494
9779
3364
6020
384
9350
4216
1973
4070
9572
8343
6814
6652
78
271
4423
3881
1600
3428
4727
1930
1219
3120
640
5400
3424
7814
1794
3966
6416
6460
3738
844
5975
9267
6143
3586
6628
7300
8679
8880
2458
7530
4314
1851
5448
1205
510
9851
5777
5021
8363
8605
5066
4802
5874
6776
1158
1977
1104
6689
139
3110
982
1928
3763
5578
1974
9919
409
2142
1659
4420
3879
9722
2499
6696
6154
6856
7285
6358
2913
8443
8380
7374
8182
186
3280
4784
5843
8295
3152
3478
6880
4864
2007
5460
5222
3266
7625
5402
3819
2528
9495
4468
7036
1607
3886
675
3519
9907
1539
891
6233
4182
6122
7434
5281
4494
8182
6444
5819
7466
3012
3078
4110
4560
5463
9139
3706
7008
6705
2167
3369
6774
9634
1103
5728
2134
6273
1943
516
4664
5298
4783
6425
8341
248
2433
739
6343
4720
5903
7259
5450
6120
1256
9005
5576
3249
1462
9114
3011
1918
5757
8385
3571
4779
5954
7879
5353
1855
5698
628
2904
7808
6281
2943
6728
7415
8074
8838
7522
8902
7706
9699
6102
9471
2648
2510
3556
9657
6866
2008
8493
3080
7941
3516
84
2609
9372
7245
1409
5688
7134
4942
9600
8672
3249
1907
7812
1738
7128
5287
5954
4912
9978
4990
7573
456
6055
4645
4201
1598
3614
4714
6751
7957
3619
4501
7333
1186
2018
6872
2801
4319
3454
7706
4512
4004
5852
5121
3257
6410
3195
2436
9477
1698
9322
7222
9158
3610
4459
4479
3098
2199
426
1847
2300
7264
1097
9610
7335
2993
8021
2326
6720
2170
9458
6452
3628
4251
5276
7764
5240
8865
1877
7924
3888
6980
2460
822
9831
8165
6336
9265
530
1767
5331
4093
4252
5657
5941
5932
8026
6751
4758
7680
3156
1758
1623
4254
5982
7701
3942
5615
1351
6502
704
1712
6551
5799
1177
2790
4562
6672
4860
7149
8401
5285
5378
7729
286
1127
4537
7642
9435
6287
6338
4502
5399
7498
3154
9714
2412
6157
3330
5200
9931
1207
5955
3938
6361
5391
7177
5700
234
9685
3143
8541
2076
9417
3805
5326
426
1399
1734
5472
6573
7182
2632
3542
1584
2262
2785
673
9681
7869
7550
2899
3017
3941
838
1173
6096
940
740
8574
2508
6775
2111
4237
5397
7068
7050
7426
7746
1902
2926
6000
1474
5724
2520
2065
9692
2780
1895
892
8136
8978
1864
2799
778
200
6380
3997
3796
6073
364
1119
9125
6249
1767
9532
8550
375
1832
171
6226
9719
1824
4287
3538
6202
6413
3903
9356
2026
5935
6793
4720
1136
104
4009
9327
2388
1024
9304
5447
5821
7802
578
6242
1717
6162
9828
9596
6054
479
4896
3443
642
9482
8430
1119
2034
5597
5136
8706
2548
3109
7683
7940
7123
3390
1474
2693
8878
4004
772
6695
5891
350
8276
695
8942
3837
3320
5692
716
2151
9010
6740
2762
4281
6381
9317
1057
7668
9330
5425
8865
2604
263
7687
9495
1408
9415
7068
2588
4269
7207
3775
3338
1736
6133
6883
7451
5141
927
9056
1684
4400
9337
1582
1594
2648
8422
9530
9389
6216
2
9116
8208
2737
3967
9609
7210
1813
1935
3984
2559
5274
7494
3467
6211
1298
254
4839
6607
9770
1727
9454
5191
9552
915
2873
5912
2314
1332
6281
9975
761
2612
523
845
7582
603
6981
8956
118
4666
499
1392
6391
1829
8034
1418
1759
7092
3415
5926
3270
7784
361
4775
8823
9920
7386
4097
8926
6118
1056
3361
8854
3811
5240
831
6670
9041
3974
303
7700
9919
7244
6194
3863
2710
1838
6834
8436
1452
6805
9365
78
7577
7455
7599
6516
6716
3400
8550
7322
4287
5007
560
2114
8122
4782
2167
2667
5225
1168
3289
806
4462
9299
8538
3117
2232
7690
6371
8657
8114
6712
4857
6050
1488
4470
6244
7714
4617
6696
3264
8762
5580
4423
4994
3896
4449
42
5896
1552
1479
2970
1423
828
8120
5938
9520
6389
7543
9051
866
4168
1073
7253
8891
182
9046
6622
8923
1363
6182
4273
2064
5492
7916
1960
4363
1427
6378
2627
5759
1346
7954
5688
6623
1407
2433
7449
150
5442
7863
4628
4022
4268
2730
7168
4769
9477
331
1404
7828
6288
6231
3913
4246
3339
7234
1649
3232
5893
9694
9658
1632
2264
5488
8082
7321
4662
7465
6082
6285
5342
5989
906
511
6179
3854
6861
5892
4602
5452
1190
4822
7341
5053
9882
6135
6898
9525
6514
4992
8569
4707
6439
1530
167
6905
426
9579
8985
254
5640
1046
5430
4530
1831
688
312
7174
2164
2734
2351
1861
7384
4759
9233
8849
9230
6872
4908
9099
8945
2440
9091
9465
8359
6124
6681
2904
782
9375
4948
7744
3622
3850
8755
305
9582
7989
2257
3322
1929
3261
2065
6073
2715
9816
495
5098
1573
1211
1304
5883
3102
1396
1910
4673
1732
1837
5794
9559
9289
9994
4298
3450
5688
7446
9204
295
6171
8764
6012
404
5500
8615
3110
1629
3480
3043
8793
6249
5787
5960
7551
5779
7494
6121
5403
8934
3871
6952
5530
9830
1753
70
2892
4932
6905
2138
8675
3678
9802
8960
1276
667
2943
9091
4143
9893
8364
9241
9542
8266
1279
5589
3309
4805
605
2006
9672
2526
2111
8960
2428
2511
9653
4083
7788
3407
8991
2173
7205
8576
9463
7994
8797
7641
3572
6436
1355
2350
6701
2415
617
7562
5595
3578
1470
1554
7240
1569
5982
492
2049
5427
27
3094
5800
4586
9796
9446
3264
3009
7383
5907
7950
7387
385
7200
9889
9046
7996
3630
9060
6877
864
8042
835
1841
6853
5007
5289
1979
9063
19
3663
9261
8064
9423
3235
8463
2341
8707
6991
4464
4303
8507
2042
3931
1127
7518
7169
4574
8639
2375
6778
1247
2631
4378
3250
1730
5034
5422
1612
1710
4226
8723
4063
3843
7270
6096
8194
3840
7869
7423
9119
7347
7725
2617
2190
3430
9955
7188
9522
5413
7381
686
8559
8204
8092
9135
3229
9938
6406
7407
7833
3392
6829
8804
199
6708
619
1561
9489
8942
2158
7929
1492
4390
6099
3567
6191
6834
4576
4830
2119
3179
9703
7222
3871
7128
99
1377
559
1744
1451
4986
8944
6879
5481
3675
8705
515
7088
2383
7200
27
2485
3438
8934
7313
137
6475
7123
2263
2064
7935
9889
3424
7769
6802
8718
7241
2644
1211
9548
1310
679
4184
3377
1681
2343
3634
1027
1494
8648
8121
5696
1249
6304
8616
4838
8708
4579
7988
5767
8840
1191
5295
5038
3576
8302
8330
3476
7309
8452
2140
9454
3501
4768
2275
1158
6945
4006
1367
5616
4656
6647
2802
8056
3612
4859
8900
9275
1626
4260
3532
461
4342
2559
4986
5220
1110
4980
9806
9361
5337
5680
3038
8932
7500
3029
5621
1430
9796
5791
5961
2812
680
1939
4400
7984
4275
6790
4027
4193
2404
8871
3017
5673
2565
2546
691
1601
5962
6568
6400
1770
5331
9645
8989
2680
3526
5752
515
6477
1729
1882
3098
8378
5365
8079
6186
6290
6509
4025
3983
9058
5949
8345
983
2705
264
8749
3008
9667
79
2674
5547
1686
2473
4682
8596
8393
5020
5957
8372
3545
2276
7297
7924
226
6028
9343
4489
6953
1605
9748
3405
920
7421
6947
437
4924
8560
8717
1243
6252
3790
1634
5174
2378
4346
5268
1169
2229
5013
3940
244
5233
6574
2021
5178
125
4135
724
7812
5654
8270
5557
7318
5991
8963
3243
2215
5125
246
9107
3868
6148
908
5448
2612
5244
8424
7784
8852
7239
8465
2304
5183
1936
1763
652
2003
3854
9104
8579
7066
3159
3964
3797
9008
2491
3412
6669
3292
5846
8389
9210
4709
3351
8569
3691
3989
4599
8776
8948
9149
4495
372
5880
3696
4948
6721
7362
8510
5836
4631
2708
8785
4322
6894
157
5044
7098
5130
7340
2196
8647
2939
3322
4638
1383
4714
8699
3798
8468
4856
7980
6561
1923
4579
541
3448
1607
4379
3226
2118
7965
4648
3283
2058
1947
1535
7768
850
8988
6756
5109
8620
4764
9695
4816
3234
4005
8218
7083
8107
7802
2103
764
2019
5835
5213
6400
639
5856
9436
3593
3294
5578
2826
9235
5285
9940
2143
8924
4454
135
6803
8692
3306
5784
950
6466
6458
9766
9840
429
3204
5374
5698
6662
6184
1758
4071
5170
7804
1345
2860
2582
3003
4460
4880
3587
7720
7642
7204
6194
1347
9472
2604
2479
5296
3064
3242
6158
7969
4841
6323
4406
4715
5186
8234
6254
5232
7434
8524
2390
7791
7862
5496
5468
5727
3915
9150
4961
7672
3459
804
9579
2764
1231
7277
5488
3111
8734
453
9337
2264
3377
3717
4482
8491
5288
5277
200
2643
2984
6978
9649
9483
3478
5312
1924
8
8270
2090
7641
9167
8091
8084
6239
8762
4531
1525
5409
8061
1274
8770
7931
1976
9299
1277
3133
4049
5803
1165
552
8228
9568
2185
6940
700
8933
8439
3992
8244
1285
7839
6224
8434
7057
7635
3594
7878
1840
9455
559
1480
2101
3820
754
2259
2969
7168
4229
2442
9839
561
7436
1521
3688
20
2329
4442
4072
3890
9080
9259
9
2147
2480
5174
2811
7966
3983
3160
1347
1834
3246
909
8317
1246
4563
7218
