6052
8576
5771
1805
8434
820
650
6701
9003
1500
5102
469
6546
1644
8122
5362
5391
4616
528
8151
7962
29
9705
5565
9584
6680
4769
9578
1100
3263
1342
7210
4793
5682
8870
4306
2407
1811
2911
3171
3591
6734
699
7296
1326
8939
7861
5544
5617
1708
7909
4100
8629
1785
632
9747
9116
4057
8627
3060
4514
2942
2717
8188
5292
5730
7686
2464
3483
956
4414
8642
7871
9925
2749
4529
7229
1191
5567
1257
8760
9369
2198
770
8629
8886
6486
4791
9661
1398
299
4333
1425
7270
8573
6543
58
689
6506
825
8800
2739
6000
2557
9625
6816
6143
5288
9978
700
4483
3455
3584
3329
8209
2812
4584
577
8730
9556
9079
2887
7489
762
1917
2687
9261
7749
381
6233
8796
2837
5819
9758
9604
7574
5488
4735
1805
638
411
4864
1953
4522
1401
6311
5024
1914
4886
8014
6716
3779
6879
2244
875
361
6759
4803
3240
3757
2811
1983
2446
2906
7347
6165
598
6735
9110
7932
4950
3779
8995
5163
3064
2967
6613
2915
447
2229
2009
374
9765
2299
7894
5292
5951
3825
7464
4230
2110
2381
3481
9355
1636
2533
4004
2094
5593
6259
1074
9906
742
8313
589
4425
8364
6371
2395
2477
3150
1387
2667
7554
9834
5865
7565
7790
9543
3134
2276
6294
670
6880
1103
4119
5665
3463
1740
5166
9151
1128
3430
5662
1801
797
6605
8988
6976
5949
4869
7047
8903
462
6078
5643
7156
1923
5959
461
6948
5380
6780
3990
8542
1775
4648
9724
9706
3898
4192
8752
3781
5239
745
1522
9440
9441
5294
7061
7959
939
1357
1604
752
27
6898
1649
2223
9890
6545
8771
2165
7863
7268
4324
9917
3077
2359
9067
8785
654
4287
4698
5689
6994
9997
4302
5688
6605
3668
3545
3397
6703
2943
8294
4417
7832
1515
3573
3361
7490
8460
417
6152
6319
5574
7323
7016
1086
9113
2229
6353
4372
8577
4902
4395
7878
8004
3865
3775
2181
7529
6319
3971
3732
8448
2414
8099
7816
9013
7677
690
999
8783
723
7615
5488
6651
587
5855
3371
5624
37
9242
172
5583
4206
680
2228
5608
2376
5735
196
3670
7917
3606
7185
1155
4502
155
2831
6580
8991
8272
7633
5134
5747
6056
1735
5537
678
5221
1388
4991
6275
1400
3452
8952
2122
3154
5825
7809
1688
8988
5300
2813
7132
7110
1020
7988
7330
6984
4518
82
9523
7913
272
3028
8052
2598
9602
4411
2718
7950
2532
3665
5653
9816
7956
6199
6944
7905
924
5412
8504
1106
4055
2076
7539
1117
5813
7229
7438
6674
1087
4329
1300
1703
5885
6720
5935
1506
420
3260
1005
1170
7919
7686
4143
6074
6915
697
4477
7274
1682
1021
2350
4568
5531
834
8610
2776
5916
2927
3135
7064
152
1195
3933
7230
6316
2150
4308
4218
6404
9577
2059
7328
6169
6506
1920
598
1691
7143
8626
9614
6543
5486
8220
8695
948
280
6910
4344
8730
6239
4961
79
2625
4227
6517
9964
8013
9187
6389
6163
4
8502
5541
7300
7098
5737
4442
2017
5083
3963
3441
6600
3676
6102
9387
8408
3707
6959
1959
8177
6974
6087
2054
2079
6933
8470
6149
7282
5697
8083
8621
7167
7656
7299
1271
588
9828
9077
3516
2393
8482
7593
698
1528
7027
5760
1709
7502
4726
4167
8518
4456
6246
7303
8366
4703
1123
2610
3927
171
1308
8885
1147
1986
4597
2317
432
8687
1882
753
8605
3320
7835
8455
6338
1985
701
7519
9681
4567
823
2589
4054
2990
316
1758
1630
2752
8452
4733
5994
5508
2146
9291
6763
5505
9854
345
8144
2898
3202
7120
4960
5808
6139
4065
6622
5107
4508
9131
3494
777
1571
4108
8435
6740
4886
7491
597
471
8788
3010
492
3931
9540
1238
7020
3319
203
1368
1297
1609
4320
7215
1473
3681
9989
8571
9970
1949
4618
8737
9907
2967
9707
1125
4569
9359
5344
6646
268
3288
9237
3726
621
4090
6203
8582
5217
639
1141
978
8753
6786
5781
2458
4290
3871
568
7856
5933
3355
3868
2597
9391
5935
7927
2217
6026
4501
4624
329
4893
1124
1669
1581
6205
8769
6206
353
4441
2420
8405
6843
1066
5702
634
5301
4894
2385
6033
9477
1937
9201
7668
9322
8162
4774
6057
7534
7182
1763
6081
8597
4223
1899
9978
7331
6126
8978
1550
9273
3026
9146
8093
2172
5722
8181
1349
3371
8684
2407
4671
9755
2904
2799
85
825
8569
5916
6205
9981
3509
4382
6472
6310
1196
9206
5314
9287
5062
3632
8696
9583
1885
2254
9412
1146
6083
170
6136
3052
6448
8582
2623
2537
5562
753
9237
5572
705
7644
3550
8278
147
7809
6601
8334
2363
1261
9462
8987
8449
5054
4360
9062
5076
4711
275
9766
6922
1749
9676
8565
3678
4525
4451
9854
6638
4322
1248
3836
1292
8303
9834
8401
3283
7886
7842
5869
9761
1921
5625
3382
9102
8494
4417
5603
1179
6482
8117
2346
3660
6721
7437
9987
7007
159
9363
2679
2575
7305
387
3653
8039
9231
930
8496
7723
471
5812
4222
7612
1918
594
5377
8930
6447
8340
9062
4731
5157
972
1314
9782
6140
1809
5176
4833
7046
9204
3561
8948
6443
6696
360
191
9054
1847
9564
6699
2751
2008
5935
8366
2154
2146
5633
1761
1167
3662
5004
1138
9876
9514
9003
5296
6567
1825
3235
6571
7211
8424
6206
8254
9414
9825
8935
2451
4297
4746
2727
4196
9674
8932
7964
8836
1949
7858
2214
747
5145
126
9541
4236
2007
4119
7440
9191
9619
7295
7197
6161
7864
6328
111
3153
3775
5574
2061
7211
9252
2301
9163
599
9995
6342
24
9357
7783
205
7252
46
6114
3363
7082
1569
3854
801
8578
5024
2577
3927
4016
1546
3295
5035
2117
4402
8747
2907
8848
3297
5851
7224
2890
2937
8997
6740
2245
6750
5402
9903
4634
2101
8944
1940
3421
2322
3057
7916
8318
8932
3443
2864
603
494
4241
2816
6203
1666
7429
2590
2436
2516
8039
825
8869
8456
4514
9405
9253
1836
4000
9240
8929
9751
8382
7587
1728
1883
2932
4421
9371
8677
3894
6967
2992
2956
1273
2640
7534
3689
795
1556
6170
5330
1975
2971
3462
6462
2793
1003
5131
5005
3764
8868
7949
5539
8188
955
2807
1732
3233
4130
7406
2463
1436
9431
9408
7623
9883
4010
566
5588
4766
9458
246
5388
1747
5337
4884
6131
1328
9471
6393
1078
5498
1497
4456
3685
3709
6822
6170
127
4216
461
3394
3021
2049
3885
5450
9258
2193
7345
6663
5509
6416
4056
5840
3203
410
9714
6579
9451
8933
6095
3757
6389
8354
8999
8328
6674
4004
2738
6953
3942
4283
2499
293
1977
7338
2076
8417
7050
1943
4313
4703
5742
3248
943
6043
7085
2871
1706
2689
2211
5386
4495
4511
999
3826
7467
9469
6085
4827
6611
2075
2890
8323
2558
2777
5816
7952
3053
4272
9015
342
2797
7006
613
589
2603
4286
5327
1426
552
8008
8017
6728
8898
4769
2045
2077
2032
4336
2206
8995
6656
5905
1152
9588
5570
2892
9469
3584
9922
1652
8488
2549
9900
344
2491
8328
7082
1141
1461
6320
4848
1643
9303
3867
9840
8639
3297
871
8542
43
6891
5534
288
4662
5134
2823
3187
4504
7321
4556
9683
6424
7667
9748
3325
2277
9839
6
3881
5454
9678
8452
5479
1963
1930
6781
5956
8298
1621
6273
2929
8914
8867
8865
117
2422
3885
7251
2828
4250
7094
3104
4313
5894
5407
1860
7046
2564
218
6508
5793
5436
1772
4441
9683
5270
2524
6256
9046
9964
2286
5427
9007
5380
6453
6201
2066
596
2469
5528
4598
8116
6402
460
6005
3042
7829
7942
6445
4657
9546
523
7409
4088
8443
1743
8104
8936
1514
3884
2573
8119
4869
614
1301
8043
6474
2891
1085
595
1679
1509
9479
5532
606
2071
8915
5162
3170
9878
9308
2767
3188
3513
5377
8247
6841
6141
3027
6651
7890
1117
7092
5123
6413
9048
8973
5116
2676
3887
8988
6814
1773
825
6977
9659
2824
5452
8718
1459
2111
3755
5220
8507
5870
9217
5330
7800
944
2957
4295
4989
6994
319
1275
1160
6256
1308
6354
344
9248
3675
8883
1211
4646
1867
7705
452
3669
2492
6596
9787
3359
5543
1389
1530
9242
7066
9494
4269
2330
5366
6407
8418
6360
3791
2458
9592
717
4985
8751
4887
4935
7057
4815
3456
9515
6914
7019
2833
7313
1743
9453
260
532
3453
9963
3412
3039
9467
8377
1149
7493
8032
8605
4039
8270
6378
2779
3705
3680
5959
9103
8117
3833
6829
6992
4835
712
4236
3580
1886
2599
989
8230
5350
1125
4594
7106
8698
9615
2180
2556
8368
6098
4681
7673
8435
3521
2381
4347
7785
2304
3254
1496
8092
2024
4397
1165
3984
4748
4516
6874
1580
9901
299
3522
3178
4129
4070
4559
7097
15
127
2787
78
6788
7818
4794
594
8221
8133
3655
6442
2291
2579
2859
6153
9319
7851
3056
7966
4297
8256
7019
7843
9376
6938
2961
7300
8720
9451
4054
8604
5500
4723
8645
8654
1858
6633
9863
2172
9159
4148
1867
2485
4102
7708
6281
4917
11
3998
3789
4158
1386
8574
5095
7845
6028
7609
1171
4936
5260
9264
2628
7688
1170
6644
728
3618
5804
4897
5126
3347
8521
322
5430
6715
4503
3132
5155
7235
2383
6265
9306
8493
9089
1818
1589
8867
2429
458
4130
4351
9973
4205
4449
9885
6573
4848
2964
9413
5329
4451
4674
6508
6676
2798
6221
3633
9042
877
9956
5386
7818
3466
9755
2440
7747
4076
6376
1800
3582
8071
3450
6442
1997
8185
6216
2161
7393
4711
3253
709
636
8681
1688
3950
8485
9657
4118
1192
2524
7015
3770
8064
7021
8038
206
6315
1196
7092
4730
3725
2020
3422
6654
7057
3533
4202
6910
9396
7283
2423
7868
4463
8675
7358
2624
7649
7680
7250
172
653
3015
2340
9933
9184
1133
5717
6091
5015
7030
9061
1707
9307
6638
5211
3184
4592
5545
6864
2761
8319
8635
1658
2604
7936
9275
2522
8058
2476
5342
9017
3788
6817
4406
651
1031
3977
488
1017
5236
2745
4788
4261
451
5508
2329
2993
5842
418
1297
1328
6514
1236
5647
9665
8774
2960
9542
4160
485
8890
4286
9710
1024
3610
3520
4864
9494
1082
5092
1976
927
2241
4989
7558
2573
5600
124
4359
9541
1413
9108
6803
4564
1945
8401
7728
4872
314
77
98
8252
4324
7041
6284
8464
4787
2112
6500
4300
6165
3818
1303
3661
3509
285
423
4014
9693
287
8170
9227
77
4034
4888
9458
8292
2424
4205
9411
5133
4199
6179
3815
4567
9748
5241
6133
3160
8158
3060
9786
5211
2661
443
5016
6037
1198
1804
8236
2463
4341
6750
6630
8328
4512
1902
4965
6404
6582
1943
4679
5064
6910
1739
7601
1224
4897
6164
8070
5451
8869
6617
8976
1423
4879
7388
3873
2615
1305
8360
9656
3134
540
1456
5672
8888
7435
7681
234
480
3872
6178
3258
2049
4200
1128
2525
1784
7886
9033
6686
7247
6160
312
1683
9202
9693
7991
6839
297
3849
9635
721
605
4103
7733
953
9265
6604
997
5447
7426
7896
4157
1790
6352
6833
7934
7229
3672
7689
1402
43
1496
2771
5041
5534
669
3366
3086
5269
7720
8880
1994
4996
7646
328
2524
7991
9156
3278
8748
3407
8647
125
6824
4843
4220
3987
7341
6859
7240
6593
3604
9241
7097
8750
3477
1221
2920
4100
9638
3326
2734
734
2259
1806
9731
5119
6921
1864
2537
1181
9764
5765
6659
1277
4887
7096
1448
785
1696
9403
1659
6691
3806
5560
3641
4920
4295
2808
9987
6725
7199
9974
4793
7120
4356
3212
1882
3147
9091
1770
3158
2024
4410
1019
2030
5574
2708
7223
5328
4677
25
586
1335
5963
31
1382
8379
381
7445
9096
1804
6956
3117
1009
4505
2739
4007
9885
1705
9174
859
323
3163
9665
1453
7089
4077
184
1322
2677
3586
970
1280
8051
6311
1624
9928
366
1445
7494
2751
8989
7350
8603
407
2345
1107
3470
4913
904
2043
8096
9804
1944
1429
9016
3397
6228
2954
1208
862
1992
3206
869
7855
9863
528
1520
2773
1395
643
8314
2207
7398
7983
7198
2293
8609
2342
2455
9821
9840
4566
1817
8204
4893
8707
9921
3245
4512
2334
8028
6859
5909
9995
8672
1757
9138
4064
659
3953
5457
9797
591
8755
5138
3366
7646
7817
6730
7021
5159
8840
9471
1377
2746
7476
8738
4072
8378
8163
9417
3488
7869
127
5959
6440
8890
5280
384
5904
1039
3274
6290
9783
7303
4536
9380
4406
8787
2541
6327
6305
560
557
3847
3329
6232
8951
4954
6062
8554
5127
9401
6790
2951
7917
332
2391
4019
3273
6161
8025
8751
3094
1871
3679
1591
9853
692
7217
1998
9807
940
8691
8672
3553
6372
95
8020
8016
7131
6167
1577
1322
2058
7778
459
2345
881
2471
5986
3071
195
6335
6992
7670
8601
6687
2557
1610
2253
2000
4609
4948
9216
2707
7866
9156
2047
7956
148
1979
9074
2821
2009
2862
4279
656
6692
3750
28
2627
3503
5499
7641
1353
9502
2857
574
2276
4378
9799
5116
9783
9962
3783
7957
5390
3828
6675
3108
7247
7114
6048
1994
5635
5282
7747
7840
1077
9332
816
7257
4990
7261
9826
1301
2574
4667
2257
5705
484
3126
9807
9313
9337
9172
6148
2010
3735
3007
931
3069
700
5747
6143
3762
1687
1749
9740
1218
562
9089
9302
1791
2393
30
8262
8660
5740
8460
4808
6456
9789
5819
6995
4720
363
4217
7393
3865
3005
7200
712
5688
5103
4834
1461
1512
7342
4901
215
1012
4442
8456
9117
1179
7008
9838
8580
1704
130
6471
909
8993
2732
2496
5455
7212
2677
5396
8069
3289
6924
8947
16
8148
3863
531
8051
1550
1062
4569
7181
7512
4582
2995
4746
7141
9664
6492
9956
3898
6088
5272
7884
604
3506
3121
2280
909
7430
3273
7919
5614
7403
6987
8137
759
1305
1549
566
3119
4918
3791
8627
6710
1402
3923
9275
6265
1192
90
9088
7281
8908
9774
2926
7146
1971
4345
8590
8870
2750
4423
139
4771
1899
5695
5695
6111
2103
6440
6597
5289
8658
146
7269
8029
172
629
8612
1603
3936
1858
5797
5206
4535
3028
1697
330
3812
7427
2916
9880
7728
8052
4692
9219
3473
2484
8438
4761
9804
7499
7107
1382
4585
8096
8536
3254
277
1825
4038
9711
9485
5413
1559
1960
39
8331
7571
1354
3443
3925
3992
1025
4008
8452
8742
6272
5892
8117
6486
3534
4150
8341
1531
8606
4465
552
8898
6927
2987
1384
8125
4346
803
5024
2274
2276
5913
6453
7050
6982
3058
6715
4838
8509
6229
7309
7698
418
7691
1319
2920
2437
1720
5448
4217
6303
4093
2512
7993
8526
6380
9142
2668
9265
1075
7517
4980
390
8391
9330
8468
7794
6014
6705
2572
6869
1129
8178
6557
7362
6025
4694
3580
6854
2230
3947
6125
6236
5144
193
4770
3959
5612
558
9959
5098
643
2209
9366
2079
7826
9961
547
8864
6361
2780
2681
6415
4443
250
3947
2074
6883
6552
2030
2028
8642
1039
958
6746
2586
6478
7935
4639
5643
3992
7677
4242
5964
4479
5320
6816
6528
9281
1584
8392
6366
8451
3196
8058
4874
6418
4379
9956
9285
2449
978
155
8754
6250
778
5280
4630
1354
8326
5904
5586
3189
5031
6156
4499
17
5785
9752
8480
8723
3802
4573
6519
9156
735
1057
9588
7999
5285
6699
4240
7874
960
9830
6371
3068
3990
1619
3501
9662
7173
1936
7092
469
3003
8031
8473
2157
6224
637
8515
6598
4093
7764
5122
8334
1701
3963
8309
4250
4917
7091
5601
3333
6551
4896
2358
9490
6974
7900
6152
3350
3124
6331
8596
6755
6382
8502
3548
6775
396
6243
7547
2254
8846
5129
7183
5739
9014
3750
6847
178
810
7247
4117
6325
5098
9349
7436
7295
2829
4084
2059
4196
6732
7615
2526
1771
8358
9909
5285
4958
7494
7644
9414
6700
5241
4763
6573
1378
1924
6549
8712
5936
6998
6815
3359
6788
4554
5335
4296
802
8518
8629
9948
8362
5807
9896
6786
7379
3177
6197
8942
9563
3505
485
3212
1532
3384
3363
8559
9579
5008
4482
4589
7156
8640
5169
4104
3121
5921
2968
5112
104
9127
6707
8950
8856
4045
5787
1869
5841
6109
5178
1816
129
764
7955
1468
638
8653
1799
2438
9199
3428
9357
5655
1112
148
1754
3768
3243
7473
6955
3697
8547
4195
9441
8175
7132
1026
2904
6412
5404
4631
118
5740
16
3821
6251
655
211
5397
4742
1380
3458
8954
1383
4249
2172
5960
8330
2193
1495
5652
823
7237
4677
2727
4871
2296
5775
4418
6871
4716
9277
6933
2504
5296
894
5091
8557
8047
7309
6082
5593
793
6412
658
8990
2626
1570
6425
6956
5086
7974
7751
6347
2663
1594
3462
6263
8154
1918
7284
9981
2197
7142
6382
6810
1446
4216
5788
4622
9896
8858
9204
6478
226
2226
4797
6828
8998
8550
3153
1950
9635
8399
7611
99
9442
9698
6985
3221
3193
6984
4938
8456
8564
5348
9065
3777
4023
7868
9756
1517
3803
8138
8922
2541
624
8987
6202
3805
655
6331
7376
8669
1447
5397
431
7268
2820
4769
5165
6420
4910
9820
8981
5932
3684
8074
6789
2520
1243
3546
500
1053
9815
3796
2435
2308
6709
2671
4677
6124
3851
2110
3059
463
8909
7145
6419
5770
9250
7330
5621
4112
8975
8751
6726
8651
2735
1859
6324
154
4898
3493
1661
2569
6233
2167
2751
6589
8384
6711
2331
6196
2305
805
6661
2977
4709
4793
2493
7638
5950
6271
3506
4358
463
6526
9882
7442
5642
2226
935
1247
7323
7454
2239
9204
8872
5795
4458
7133
5171
2234
3839
3894
7777
754
2741
6091
4198
4636
4387
5941
2692
2192
6741
5350
6390
8924
2299
8238
2646
8881
1828
1124
9806
4240
4734
5376
3461
5763
9632
2224
6503
1819
293
6828
6597
6314
1464
7449
406
7988
4723
68
9755
3404
9638
3552
3481
6756
9626
1485
8879
2486
2966
6910
6494
1928
2278
6147
9919
4461
3077
3108
6648
5994
7494
6150
3023
9754
3527
5176
6983
6889
7259
5463
1855
6973
9400
3103
3552
6795
8040
7985
9270
5832
4719
8182
2357
9002
4959
7234
4508
7429
3452
8389
9146
2759
1068
8208
8540
6385
9082
1652
7220
5360
8164
8058
9793
7615
6847
7767
4626
1397
7480
4149
9345
6025
8796
4856
5045
6223
4117
3812
1207
7718
1656
6646
623
3517
2285
1716
99
3723
5151
8604
3648
224
5063
6818
706
5872
8422
3090
7589
3331
6597
6333
4207
4231
3595
3099
1892
7342
7919
9375
8364
5141
9843
2272
5194
2034
8618
7624
1678
3896
2292
98
2141
1145
442
8903
8676
9956
7682
3753
8573
4555
141
6671
6579
666
1334
6895
7648
7378
4911
6066
3001
3817
6610
49
4524
1382
6590
7167
5806
7423
8169
2605
273
9158
5483
4525
3943
5238
6492
4793
8970
7083
5391
8008
7265
4497
1939
2384
2603
5004
7267
1884
8224
3018
3897
7175
2702
7080
3015
8351
6325
6569
393
375
4405
7077
8266
5431
2481
4303
2020
1715
3820
1993
7867
1888
8851
7414
7131
5191
1443
4066
9918
9879
2037
6868
8990
2970
1520
7146
9619
635
2689
7465
9399
6808
9959
2061
6573
5231
3098
1980
6610
1852
5190
9442
1899
8825
8151
4749
6008
6354
3578
1876
9896
4790
2926
6793
7720
5505
9500
4160
6567
3876
8667
6503
3788
9548
934
4807
2460
7034
7569
953
4473
5641
245
5810
7819
8967
5570
2875
7662
8085
6796
2399
3133
6351
8928
5971
2768
6423
7650
3171
6182
4376
4679
237
1453
7408
7911
4578
8266
9746
8269
4997
1808
230
7474
7103
4029
7186
2189
3139
4225
7548
5041
3041
5714
3776
9317
6032
2093
4278
8962
8445
4574
2557
6112
6957
7403
8845
6322
2428
6499
6950
9370
644
592
1396
9703
4742
8322
8000
1628
9414
8346
6866
7938
2163
4111
1090
755
3114
1957
291
6735
5050
9730
7778
5262
4382
5806
1273
7960
6594
9042
5507
3435
2296
1557
7819
6837
2862
6696
4416
4372
609
2686
2673
9699
696
9928
2062
8733
8801
74
479
881
7121
163
7898
8765
3750
9218
4008
2737
4516
756
1997
6833
8935
8233
7328
8055
5395
4072
3434
5857
3109
5356
5044
7684
9737
4646
1286
334
5693
3356
1278
1972
2046
6346
5472
5991
3205
1541
971
3698
4352
8225
983
5302
1626
9113
239
9996
443
6163
7054
5378
4524
603
228
6100
3331
5197
5320
5406
3098
6287
1030
4864
5004
8988
1338
7662
9672
4986
766
8604
7360
246
1658
3576
4183
2457
8920
8130
2829
8024
4703
2495
3119
4366
3250
3601
4047
9548
3204
6436
4194
1302
4390
3215
3654
8570
7959
7030
2680
784
3846
7373
8205
3448
2604
1502
8890
7133
5969
1471
6604
5815
73
5840
6966
9257
1157
6022
2686
9954
2775
5813
3893
809
6851
8839
530
9047
714
6527
7181
2302
7570
9813
6632
1243
4424
3133
9549
6610
1264
5713
3087
6321
459
5682
2517
9729
887
8776
6600
2534
52
9111
7586
2281
595
4617
830
179
7357
4883
8318
5079
2588
8650
4463
573
8381
4978
5911
7393
1870
8709
3082
6544
9445
5804
9157
832
933
8624
4225
8193
9733
4216
608
9752
5711
4826
5324
909
4357
6557
9936
6111
7107
5516
8656
9821
8182
896
5440
4857
8169
6965
904
5208
3154
3303
7944
345
8148
7195
5066
4626
2357
9100
722
9391
3836
616
1252
7643
4068
3719
298
1618
1425
7463
3417
363
3526
9810
4877
2449
183
6053
7899
8071
6672
4546
2634
6063
9417
213
8551
3327
2647
9634
9691
6786
1823
5061
985
4652
2437
8462
7865
8825
9823
127
2038
4510
7352
654
7049
3541
684
8373
8277
7254
6149
2779
3320
3299
8971
3718
943
2420
6615
8700
4760
6167
9489
8032
3941
4114
2807
3894
4794
3564
7990
8813
396
3946
122
3222
66
9308
6922
7998
8108
1701
2136
4994
787
5445
3738
4427
3756
2429
5601
9009
6561
2413
3155
6980
3109
6143
4496
8046
9995
1372
973
418
231
7212
387
6825
9173
2927
6486
1795
2965
7486
2260
5198
294
523
3836
1826
8670
7276
8052
8811
2195
4994
3753
3355
9552
3254
8481
9326
8318
9166
1892
8004
3514
5528
2458
6947
4667
5052
8097
2367
7141
1350
3577
9084
9250
9770
2103
4389
7617
4058
3504
8133
8970
1535
3405
8051
8365
1595
3684
7959
9807
9345
2283
4640
8193
8230
6626
1787
2964
8278
9708
2029
9433
3559
8484
3476
5902
1644
9846
4393
930
1208
4804
7419
5410
3309
4977
3042
5782
4012
355
3135
4583
4455
5785
6227
6589
7061
4895
537
9052
218
6797
2269
9925
5015
1833
6139
5067
5278
9554
2095
3340
4867
8862
4023
1323
1947
1683
7302
9818
1474
6662
1978
9367
8524
9282
8828
4675
3234
6175
6234
2039
8719
2698
7406
233
7934
88
8294
652
1433
7992
5900
2212
3706
392
604
5156
8063
8595
7343
1052
3665
8203
7890
4891
4730
7895
1837
4515
8593
6918
9840
1053
6794
7548
3741
2606
1844
2187
596
9448
6577
5748
2932
5203
309
1015
5055
411
1106
2113
440
4786
2179
2297
5972
8626
2893
592
1962
9666
7486
2294
6802
7934
686
8210
6567
7230
6756
2961
7623
5386
1863
2434
318
1238
4744
3446
8648
1988
1123
6082
7731
6524
1804
4115
2052
2622
6465
7560
1481
7481
1631
5461
5856
3432
8725
7357
8497
8962
2805
901
8515
2982
6252
3073
9541
8250
5199
2118
4136
2615
6997
2718
7421
966
7575
5525
1392
351
6192
6048
977
635
8358
2067
2467
7014
9662
5639
6673
9030
1741
2164
2368
6994
1934
1724
2530
3739
7646
2552
7833
5532
6108
9091
3606
5835
9417
9433
8916
2324
1168
1703
4252
6629
2369
1828
5014
5462
5952
8766
2356
3578
6468
2098
2435
9189
3326
2055
3451
8914
5217
8754
3297
3596
4116
4240
5203
6653
8299
1582
5442
7048
5997
2035
4058
2855
4014
5340
4538
5633
9180
328
9400
5086
9847
8241
3522
9230
8937
2553
7518
2505
2887
7272
7341
1461
4592
3949
2091
1571
1579
4180
2773
3917
5420
1163
1521
7477
5847
6893
4639
9104
4121
615
8785
9554
9388
8763
4999
6850
8909
7111
3400
8151
3508
7122
7144
7863
1955
6140
2427
9248
4085
1165
9033
8270
6053
7234
2774
2770
1458
8842
3855
2073
3341
9008
9939
1824
2288
1304
4937
801
5910
9674
3653
9369
7000
109
3931
474
559
8677
6607
8950
2578
4796
8638
490
2932
3220
5550
8462
1555
1987
7695
5042
6255
303
1793
7726
2677
5163
8774
6436
707
1159
7760
3361
9307
3854
342
4518
8110
6714
6635
6776
3856
7035
7238
5165
9562
2988
7735
7528
9689
7501
5237
3015
271
7243
3780
4380
1819
7055
1771
642
5267
9362
4757
7633
337
3068
9125
5557
5810
9858
5312
1521
3067
5933
3956
3796
4299
7131
5370
8317
5213
3298
7462
1236
4837
6421
6585
7821
4754
719
1751
3236
2118
1653
9988
7063
589
421
265
7608
6485
3054
9748
3504
8845
9971
6454
153
225
2440
6782
4385
6957
1939
7058
8343
191
3061
9666
1937
3056
6418
5122
6799
5470
4879
9435
4842
8346
4589
3095
3850
9966
447
6285
372
5480
5824
7537
9173
1932
3774
7260
6986
8329
2473
3068
1331
9012
7564
94
2649
5048
1139
3199
2987
8038
3326
9174
9611
7144
6317
22
4248
7513
8785
4485
5926
1903
9329
4575
7520
6816
6430
8266
4201
2614
4829
8068
4241
1752
954
7678
8662
4794
7096
197
5664
2286
3885
8175
2831
2212
3232
3143
7853
335
2174
8849
1126
2472
7282
7301
1833
6433
5646
8763
630
6030
7639
206
4507
7978
8913
836
9542
4877
2002
6801
543
6845
9771
7868
741
1942
2677
8736
1013
5572
7988
2217
3925
8231
3455
6852
224
1865
6596
3190
8466
8832
2853
7755
7703
8797
7881
6146
1427
37
9746
3316
6890
4152
2039
7648
9718
7257
3301
1546
6507
1119
3076
9541
3952
6298
5442
1597
3069
1239
8879
6280
3327
1078
8461
8540
4176
2135
8171
8649
5336
6685
8590
2049
8390
8057
5386
7661
6241
247
4666
610
4437
6831
3721
8595
9124
8652
6290
3699
1776
8090
5728
9285
8846
5345
3843
800
8841
4332
7553
8429
1530
7526
8250
2452
3428
1576
3860
3341
2321
9622
3510
1155
2446
7237
9108
8974
6088
6460
9555
6145
3677
9786
9290
8292
8132
8313
46
5809
5454
4105
6611
5349
4364
7300
7102
243
9265
1955
4581
7231
3465
1770
5891
5998
1363
9044
3243
2201
2600
9557
1236
5756
8582
5215
6404
9195
6071
3021
9535
6641
6193
1747
1403
3223
3711
8890
8259
3451
7230
6451
9209
4649
8936
5461
9722
6121
190
5913
5117
5947
2647
1460
2028
6156
9368
950
5181
5843
5893
5227
1952
8675
8319
3844
9469
6832
8463
6881
531
1439
7043
4862
7681
5050
2458
579
5
758
735
7017
5240
7789
8268
2209
7468
7235
4216
357
2651
6926
9193
6232
339
9980
6141
4323
9989
8449
1338
1476
1921
9774
75
161
1772
6723
9388
6828
2315
1959
1034
1788
922
9329
2019
4070
5241
5643
6561
5411
5253
7623
9187
5609
6051
2876
9046
442
7280
1365
2604
378
5410
1237
3821
7977
9342
7705
5422
3295
4312
5453
9487
4779
4253
2576
3476
8236
4600
702
3035
8798
7275
9982
6858
902
8876
2208
2689
4086
6350
3439
6699
7356
8802
9511
8483
1027
1079
6346
8597
3249
731
8131
4117
5633
417
308
9048
9132
313
838
9094
3475
56
4911
6676
8822
4752
6951
4150
118
732
7724
6183
9856
2161
2184
3180
284
3664
2837
2313
4540
5339
7080
5129
256
9205
8180
1594
6561
2949
7532
1584
7261
4318
5539
5766
7651
7127
4790
8172
3682
273
4623
5410
4299
9828
2751
2169
6365
202
1412
5837
6815
1120
5748
10
7085
9522
5061
2817
7535
3123
1368
9552
2230
4926
9544
7838
9495
1734
4265
9447
399
1205
2194
4201
8341
2119
4525
8055
7657
230
908
5833
1175
6906
9063
9259
6651
2860
4533
3401
3356
2657
3497
3009
3372
7684
9690
4313
3807
9182
8323
9655
2855
3517
6413
3829
7155
7410
964
1328
5481
5399
9171
7514
8218
8014
3028
997
988
9242
5711
605
6887
8612
8140
1524
9401
3812
7559
8617
4427
5711
1193
6377
6812
9591
2750
925
4006
4428
8395
3214
7085
10
3670
6246
6959
1225
8515
9360
6331
6898
9964
2056
2417
1087
5257
9748
8656
7548
7584
5015
8921
1261
6712
4100
9538
648
6110
4752
7515
1756
6751
9042
4598
9854
4924
377
2126
6938
8533
2289
8831
162
4297
4881
7866
1274
7397
2219
1314
8764
9535
3273
1485
6707
6768
1848
6781
1293
516
8685
2139
7032
9029
2329
3392
8526
7747
2412
3909
3017
699
6267
9319
5334
8551
6843
3255
9563
6735
8234
6707
1364
2384
6278
9660
9498
178
4478
286
9783
5569
8789
4822
8628
7685
8288
7478
6772
9471
6671
7681
3205
4259
8351
1643
7375
9258
3318
8855
6563
2043
5518
7528
4040
7116
2411
5209
7948
1666
7442
8690
3738
5817
764
135
683
6079
2828
3746
1469
3386
3715
9835
1410
2326
426
3739
5127
995
7867
2265
2067
7993
7627
5386
7891
4100
3526
7701
6517
224
6805
7401
8969
6901
7179
9985
8026
18
4624
643
2832
178
3901
9924
8478
4408
1236
3291
6284
7035
6565
5167
4280
168
134
1176
3227
2560
7701
5434
6094
1798
9548
6573
2683
7769
967
3415
9139
6446
2184
5687
232
3571
2407
7329
3256
4729
3316
1425
899
1691
89
9513
3844
807
565
4707
2163
1441
1761
3818
1583
7114
3886
170
6643
184
1299
7280
1156
8560
9240
31
5743
7639
269
5825
2454
9775
6113
7839
3057
4604
3804
6053
3930
6089
7114
9649
971
2384
2294
8424
1836
3344
9862
3130
8935
5871
5725
4372
9732
8063
385
3998
9397
5659
2649
3168
572
3202
6084
233
2663
3563
2467
9627
9307
5170
7435
2489
5558
9341
4315
1328
2716
4046
8387
5938
8292
8370
6271
7170
6733
5935
6111
2266
1155
1205
6802
8081
3374
478
2493
2065
9639
9776
8149
6304
5728
7072
1966
8883
7217
2959
9485
6289
8261
306
2635
465
6521
379
2881
4842
5425
1430
8598
9527
914
6540
5735
5428
3570
6210
3847
8289
8170
9079
4378
5697
8783
7246
4745
5115
5229
2110
9880
3053
2894
3323
537
5808
8221
3702
3917
8997
1912
1663
6913
527
4668
2761
433
867
3661
5881
8453
8342
260
8192
9826
5628
8342
4081
2943
93
7077
1777
761
996
8565
3999
9642
5981
7544
3115
7740
8497
918
1015
854
8437
9773
2972
9420
5274
8383
5024
8274
6591
8262
1140
5553
6214
8275
5077
1775
7143
7622
4916
1541
8719
4531
4998
8831
6511
8573
5497
1340
3022
6220
4288
9471
1345
6370
1467
8995
5495
8573
7040
9488
47
3557
2831
9206
9972
9100
6132
6055
4842
5354
170
510
909
469
2974
6641
1312
2727
7049
2651
948
6514
9679
3491
5485
1072
4364
4442
2768
7725
4223
4274
8788
6847
6461
8531
9764
3836
7328
4986
8115
788
895
9841
2716
8566
7507
102
1633
6640
5777
993
729
1685
7596
1890
2855
3645
6746
9842
9049
8953
3748
5620
6809
382
1800
8680
9597
2527
6582
7312
7327
4027
4290
9601
7173
6296
8054
7036
1606
1804
4731
2771
262
9253
7197
6058
2480
4891
747
6217
6788
9906
538
7033
332
8117
7254
974
5917
7381
8207
7050
8203
783
761
4710
5951
7642
6595
4684
6375
8351
1006
8471
9243
7566
362
8115
9724
6493
649
8810
9251
7004
6182
525
3877
7797
1795
1738
4359
6590
8268
4845
743
2830
4951
7732
9971
9768
3552
9638
8410
6943
1830
5930
5269
1244
7049
9967
5014
7319
4760
3741
7967
9786
476
5820
3297
9402
9077
494
2807
6596
3832
8886
6887
586
3365
388
2313
5984
3577
3605
2734
3203
5340
8630
5596
9695
4933
4947
1685
4297
52
3280
8633
8754
6422
6275
4992
1846
1935
7726
5170
5202
2682
877
3509
691
4145
3038
2026
7383
4676
3123
7663
7098
7938
7610
2632
1581
6239
1765
2726
6630
1993
7329
6232
6995
3622
2330
5240
9695
4881
4595
1971
6794
4273
2642
1487
9892
1357
230
1829
3878
305
4548
3465
6450
6333
5238
4017
2322
4616
3143
9256
5608
1391
1947
5450
9040
376
3767
7800
1830
8013
8046
4307
6833
2225
6208
9603
2352
8266
7896
7224
5486
2709
9322
9120
5384
2995
3681
7515
7057
9215
7831
6311
7749
6933
8309
2952
1349
9479
1602
4810
4359
8402
1545
9883
8450
2800
2941
6622
2738
3034
2431
2659
8337
3481
7167
4899
6918
6310
483
4158
7166
8300
8887
8829
2535
8406
251
8638
1097
2176
7745
685
3879
3962
4867
9248
6729
7011
7729
7669
95
9667
1926
5429
7699
39
2151
3057
9978
8877
2506
9367
5380
5309
4770
161
8152
3020
9128
2431
1858
7886
7990
6150
6030
4250
600
5684
4596
7133
7488
7216
8069
8290
4031
1885
6289
1484
9340
9598
9986
6272
4907
9172
7645
8121
8852
5002
9233
8167
9351
7944
744
573
4850
543
6522
1641
1784
4792
8976
3169
4203
5297
6912
4341
6485
9800
9615
6127
3265
2064
6531
4524
6885
9138
9324
8697
6993
7511
4700
8878
7004
1689
9269
1898
5296
8971
5884
7349
2593
3499
5980
8975
7533
8234
1843
9675
597
9875
6028
3148
4856
8892
9356
5403
7712
8403
1880
2232
2461
1706
2341
9610
6027
2834
8855
9938
6275
2507
4539
9920
6993
1916
12
9924
2480
8926
2186
9516
8469
6064
5441
7002
1785
5884
3527
8831
9039
5345
8087
6132
6314
6524
334
2831
3755
7995
4789
9507
3528
5319
1651
6979
4113
5698
839
3393
843
5314
6294
4387
9441
7118
2205
2218
961
6330
4491
2601
9569
1006
6129
2739
2988
1093
5506
5098
348
7083
5838
3217
3445
3256
8995
7359
2659
2270
8320
6037
9324
7337
1983
52
7686
2215
8224
8350
7580
5077
9153
6563
4423
7331
6980
6615
6652
6735
116
8347
233
4185
1320
9974
6653
447
4417
8587
469
9691
6101
3890
6117
4223
7001
4536
9016
963
7063
6912
8
7328
6342
1523
1622
1000
5419
4518
3782
2861
5367
3426
37
6900
3810
551
950
4691
8723
6319
456
5173
9810
2422
2094
9178
9192
488
937
6989
5705
7379
1779
3476
5373
5201
8002
8965
9574
1501
9674
675
296
2507
8021
6988
8235
1590
9649
8787
9525
3881
4331
6718
6365
998
8851
6514
357
1515
326
4821
1470
6755
956
8670
4005
6068
1183
3775
7776
7622
5411
6019
2123
5333
2098
4212
5032
4099
8774
2218
4314
2187
9066
6061
7223
962
2430
8828
8283
3810
2273
358
3429
2460
849
4740
9248
8485
7281
9016
5017
1292
1872
4778
1984
9076
5170
5223
244
4047
6482
871
2587
3425
7392
3102
642
9717
4955
8706
8758
7058
2874
9377
2703
1355
9152
5781
1228
8310
3108
1941
7225
6377
4253
1090
9466
5716
4809
837
2797
2707
5524
3449
380
1448
8435
7440
6303
4751
9814
3139
7315
7976
9447
2797
2459
6860
9476
1925
9388
890
7276
9314
9385
3872
3077
3376
7839
7764
7100
3665
7696
7002
5343
9582
5917
7521
7147
9837
8956
4161
3733
309
8877
8395
6866
8903
3678
3271
2865
7769
695
4766
7867
5777
2483
4662
439
581
2782
6771
3807
3067
3242
1190
6693
2537
7179
6445
9632
9700
9161
1371
2896
6501
7146
206
1806
236
7460
9175
5950
1666
6484
1447
1682
4337
3796
11
7502
5148
2865
3340
6296
2029
3081
9561
4257
3630
587
9608
424
6216
5143
5780
7552
5375
5545
5356
7863
3771
2033
2330
5939
7574
1329
6702
8962
9883
3916
4224
5648
5140
6708
9413
5948
7704
8105
7372
5515
3336
3678
3172
407
1792
8073
3421
6993
3125
9495
4299
685
3614
6280
6778
8484
7705
542
1607
9707
157
2880
2382
957
5244
5558
3595
7667
8049
536
8557
4455
4088
3658
1600
1450
7040
561
1964
7192
4989
6578
7901
8697
2303
5397
875
8796
2549
4948
5611
3368
1253
6188
8657
1843
582
8871
1958
6693
1112
5750
5330
8357
852
9949
3150
9006
5992
9633
6251
4634
1826
111
975
1769
3545
7236
4951
317
9531
7468
936
8543
9571
1023
2364
17
2019
1076
4501
5363
2504
1556
412
6267
7068
2604
7558
6182
3364
9767
5567
5979
7525
5365
2432
1240
5656
9186
6210
2960
5397
8033
1150
8163
3547
8099
9848
5111
9576
1908
2330
4755
7616
8377
8473
5284
2036
6292
5170
2103
8870
9340
7708
7015
8584
7613
7563
2611
2250
1583
1125
3665
1955
3423
5760
989
5508
4797
7771
8453
8367
8435
7892
2603
4671
5297
8114
1702
1571
5423
3509
2245
7848
9778
3788
7506
4011
9646
1698
4366
4141
9490
6130
1767
7639
3914
2149
1764
7546
4437
663
9934
8959
2743
4877
5026
4608
7012
5158
7314
1694
9582
3729
9406
1016
4967
8240
5834
4216
7460
7553
9446
6918
4751
3732
6687
7196
7443
7747
8196
6949
3157
5686
8267
9755
7632
3237
856
8142
6652
4382
6383
2433
5348
2407
5053
4201
1779
5329
8468
2341
2237
7148
8102
4473
2166
581
430
836
6913
3759
1339
4630
4524
594
7497
7978
9064
1288
6104
4899
9504
986
6706
3565
4761
2639
2886
5124
5604
6681
8711
885
3670
9487
7090
9778
2773
9890
8734
5760
3429
4924
697
8377
663
987
7418
5839
9211
8191
3628
234
4187
2588
7669
2641
5419
8976
9620
155
2760
2152
9774
7106
8502
1216
9209
6884
7596
64
5958
2922
4256
8181
1675
1186
6947
9750
5490
6388
986
4518
7172
9444
1560
451
1332
694
5655
2666
1666
6526
6894
9062
6556
7396
1486
8886
6542
6996
7979
3974
8106
6149
6721
2626
4586
7570
553
9974
8482
2957
2688
3259
3778
682
7421
2810
9470
8658
821
732
2733
4539
9603
2173
2827
927
6298
5203
7703
8421
5823
9163
4848
3906
7325
3676
3387
8132
8893
7956
4043
2982
1469
4678
4739
500
279
4784
1006
968
8833
6440
7295
8887
1380
2533
1867
6510
8314
6359
7766
9531
4639
7668
9674
2857
2128
6896
8592
3179
343
6523
8250
3378
4817
7375
6006
8679
7140
1461
5900
361
5825
4108
5542
4212
2018
233
8261
324
7905
6534
3232
7172
7355
1509
3796
7230
5945
1338
9399
6118
3257
29
1580
6570
866
8502
8724
8292
9646
4393
7906
9361
3640
1633
6270
7119
4523
2869
5310
2602
7679
5563
9154
9670
1774
5660
3430
8964
4464
6726
1569
4892
441
8079
2937
9656
5644
9115
1292
5023
1885
8119
6891
8736
6926
1023
8111
8758
6900
4744
6690
4680
7084
96
6059
33
2256
414
2923
8345
4101
4897
1866
2676
8762
2511
9449
2136
8139
2352
3153
2312
4870
1159
6349
3188
5253
9821
7674
703
7429
6022
9556
5016
5701
8436
3195
4252
1673
6993
4987
9666
529
2997
6166
9722
4201
7856
1731
8855
2815
7818
1179
441
5885
8046
3142
6614
2153
2123
9641
9795
2579
1543
9811
2395
5481
3109
8981
6137
154
961
6206
7376
3432
5119
8365
9789
8372
9234
659
5769
4102
6147
6707
4599
4983
1673
1347
3040
1846
7297
3330
8969
495
4839
8234
8109
2176
9203
6723
8826
6675
3131
2830
4083
6198
3093
7628
302
5749
1126
9126
7181
4
5584
7253
626
9513
9811
3595
7663
244
3067
640
3295
292
4487
8277
3235
5215
4102
9094
1748
126
4031
3406
4306
4491
3565
4359
5007
2859
2510
5299
1615
5518
2417
2627
7583
6896
8238
9169
9346
5774
6802
4137
8894
80
4564
9476
3808
6763
5653
4215
1675
3716
6941
8030
6408
270
4300
341
6703
7160
3954
1356
8667
5177
7609
9888
8011
8005
1757
3270
565
9176
6978
5516
6520
7632
6941
935
1099
1327
5404
2595
3401
6758
249
8119
8190
9438
1451
8595
3470
3669
1574
3232
7594
2802
2600
9546
2912
5129
8655
1446
5684
9440
7042
1528
7492
9790
7690
8836
4025
859
1848
1998
7172
6651
1035
2790
8511
6013
9214
6914
3949
7579
5033
9511
9024
6645
3389
6927
2846
43
1999
9947
894
7712
1012
8713
5883
2922
6327
1392
7667
1997
7660
3673
3077
8723
4808
5758
3139
9351
2614
3193
8230
6219
2479
3980
3657
7574
6383
9528
8495
319
5924
3345
2453
8856
476
8265
402
1613
2913
8369
4513
902
692
749
6933
6854
3311
439
301
7394
1012
3942
6201
4352
3125
6762
4603
4215
3102
4806
6270
3094
4609
7541
2924
1552
4852
8602
1509
5759
3235
4891
2796
6533
9950
8510
4230
4558
9549
8718
2556
7713
7412
3003
6243
7788
8916
3363
9365
1656
9807
2858
8125
6068
8821
5310
4651
4471
2026
3344
5581
5890
9193
5589
2318
3129
5348
500
1306
4742
5576
8445
7856
1414
7489
7122
3483
6106
3853
3859
4380
5516
2259
1697
6420
8038
9901
5658
7039
2000
6993
9140
2719
7448
5184
922
6863
4791
1927
7064
6167
5196
2814
5657
5345
1671
7488
1733
7888
6853
6564
5769
3442
3829
8048
1609
9316
3506
4486
448
1593
1353
3992
2002
4263
3256
6004
8603
7760
841
4688
758
4468
4327
1968
7622
1932
1957
8199
6234
331
5177
2692
9225
1291
4784
1472
499
6475
9476
6659
1678
7583
4999
6692
9311
8131
5501
9686
8785
882
9626
7898
7344
8782
2124
2822
5365
7272
1570
2038
6849
587
5450
1542
2085
3733
5957
4324
5739
5801
4179
7692
8121
8643
2895
6061
8751
3357
4324
9766
3764
1101
8353
5500
3143
4632
3958
9950
673
9530
1344
7203
5790
9630
6227
8874
3165
1341
3649
8227
1692
7879
8549
1623
1608
1069
5845
7866
1337
5613
3270
9311
9931
714
3443
5001
75
8224
9117
9898
2084
7449
1423
6032
7000
2283
2462
8709
669
5453
2624
6051
9036
400
3306
6322
3159
890
3368
1011
2932
863
7158
9638
5266
4805
5903
5051
8625
7269
8495
5857
7441
8457
6548
3588
6057
8904
9463
1263
7164
4651
3875
2191
5544
5511
9290
2513
6119
3227
1664
2353
8813
4744
7336
1865
3808
6899
8258
4408
5350
7178
1191
9062
7011
4672
2401
6201
4040
9524
6771
4081
1327
4539
6460
6700
2324
7743
2392
3009
8134
917
7675
260
7276
1152
2503
8408
8844
4668
5967
4599
7787
4018
6094
9273
1086
8608
3127
2915
2920
187
45
9882
7813
3268
8942
9860
2082
5870
5913
6733
3776
5926
9008
5668
8882
7568
9006
9406
9908
1238
5143
802
9667
3410
6048
8295
736
7856
5676
6874
9651
6475
6594
4421
3910
6177
6488
8507
3869
3754
5935
2979
1283
8528
4693
5608
9505
9087
4127
3826
1659
4966
538
2751
945
8785
669
6770
8869
1553
4315
8537
1277
6595
1020
493
7977
9844
7570
2242
7755
955
9950
6758
3111
774
6050
9984
6918
7099
3000
9734
3910
2162
9313
4368
5463
7164
9646
9829
4454
1080
5622
9923
6586
9043
8166
2027
9415
528
7906
367
2312
2830
8999
4911
3757
4059
982
5585
8528
7676
3271
5537
5702
9860
3494
2918
277
617
4717
6010
4375
1540
491
7508
2527
340
7763
2170
6756
8323
2930
5552
9371
8818
9913
6463
8234
8398
8375
5428
564
3609
9731
3025
9435
4196
6118
8971
6846
507
525
6050
7949
6893
8198
2984
4500
7852
2709
4617
4621
2556
6483
3992
12
3371
4215
1655
4654
2049
172
7983
8405
5069
7689
9296
6390
9339
7081
9057
2820
2166
7828
8685
9084
615
7485
7431
3505
3253
2210
4755
6708
4481
3799
4428
6800
1908
2392
7309
5370
2344
4053
3842
2043
3925
7962
8346
9725
7283
6929
7034
2015
7598
6668
5242
6344
5832
9693
7014
5647
8410
1156
3493
7654
6455
3877
3108
7776
8916
5391
2957
7482
1109
628
3826
3755
3004
7392
8933
2015
5596
6658
7587
7066
5446
304
3324
5394
8841
3672
2
8430
334
3338
5138
9343
7918
9305
1841
863
8415
4588
3875
8744
2814
727
4553
8246
5850
1540
5272
6527
5458
155
5335
1363
6408
4868
6698
7790
1591
4818
2146
4166
4873
8241
6881
2913
1521
4403
8826
2172
2885
5306
2221
7566
9458
9297
2277
4514
4595
2904
6605
6791
8743
7962
3915
989
9004
5614
6366
556
5455
646
8644
3888
4737
6433
7081
9971
6558
6128
1513
5248
4569
6211
4003
9
5025
2559
5251
8579
2496
2334
9091
5149
5379
5772
7005
3857
2950
7297
8338
513
6574
5733
9204
4658
1006
3269
9394
2670
1040
3235
2785
5784
2082
3281
7373
6133
4006
4920
6981
5296
6737
8118
2903
3767
1328
1073
3567
5187
6547
3233
3670
4159
9881
2691
1266
4222
8953
122
7221
5573
9418
4032
7038
7278
450
5967
8790
4915
5327
4937
2220
6341
9577
3526
6890
3631
7372
9786
4960
1182
3780
3249
1530
7046
8378
3025
3178
1187
6314
248
6157
3297
28
7124
152
7411
7481
9516
4233
8514
5598
6328
2276
9869
5518
7769
7384
4416
3253
5299
1088
8035
6494
7138
3961
4452
11
8756
7100
3070
8493
3263
2005
2529
2418
190
3516
1697
7813
1075
3528
3532
8256
5886
5167
6863
7377
9670
3551
3347
8431
9560
1518
4907
1535
8082
7916
4730
7203
5525
7118
5630
4641
8942
7302
1906
7000
8648
5138
7859
114
2447
3418
2696
1546
2778
9814
6049
7828
4749
2638
7086
6574
7097
5125
6454
2975
4179
6889
8188
6088
2208
1832
5882
4361
3852
4487
21
4593
8106
5870
2728
1961
6135
3228
7711
5538
4735
5089
6513
3573
5518
4949
4714
1964
6401
1042
6683
4549
1008
2938
5989
8378
497
1650
6402
3173
4724
5993
3861
9336
7215
51
3020
7886
8041
8186
9377
5343
5137
9233
7300
4407
9946
1363
8968
146
4173
8628
8685
9841
5464
8347
2994
9786
7265
3656
3821
705
5113
2567
139
6782
8546
6028
1819
347
273
6440
7344
7599
2730
8305
546
1251
9460
5258
4921
3663
4341
3511
2526
1598
9565
5545
8540
5822
2148
8081
9682
9228
3584
2694
8632
2171
1446
6341
3112
8593
2702
8963
246
2069
6998
827
7342
5403
8782
723
2166
2032
6273
6303
600
8791
1844
7732
9588
471
4797
6024
4415
1243
958
6066
498
3893
9760
8864
8913
6819
2045
3160
1791
1274
4075
5115
8724
5687
560
5679
9179
8887
8769
4795
9051
9147
298
924
5458
101
1539
1364
8418
2660
5927
7654
2847
5051
5712
8113
725
4364
1770
3045
8824
8390
7739
8081
4127
1049
6581
1796
4878
7610
1158
3517
6099
9421
2928
9309
8109
8727
630
4495
7329
5040
2369
5757
7212
701
792
2259
6235
4699
6873
5759
8504
3694
2597
4624
8139
5239
3278
4627
3414
5147
9673
2595
8560
50
343
4166
8762
9519
5892
1839
7516
5009
7638
1226
7439
7953
6477
3974
5608
7547
52
3596
9029
7175
5442
8480
5234
8012
1148
3645
5095
3283
8271
303
1054
4973
8607
272
51
6082
1053
6603
1062
4810
6801
6994
1475
3328
4063
3326
8263
1298
1667
3444
505
9704
3568
7352
5949
6833
2140
5163
2128
4955
2645
5923
2895
8420
2570
2205
3442
5807
5611
4815
9391
9030
3088
6630
991
314
5385
6072
6657
2288
5860
651
9407
8789
7065
4741
5801
5607
9443
6724
2062
2196
3921
7381
2913
6352
6781
1304
1698
3497
5086
6841
1083
1896
2711
604
8072
9501
1575
6096
8397
7549
9371
1894
4216
1293
5914
8202
9318
9732
5169
1222
811
4928
9240
3932
5642
2793
9549
8272
8162
9158
8054
6776
3116
5475
2235
6824
8169
6760
633
6411
2758
4362
9172
1969
8303
4416
8487
8498
9969
1861
9936
2483
4947
5077
7326
4127
3340
8656
4590
7016
1611
1879
7612
486
1001
2703
7652
5730
3256
5575
3026
632
9720
9649
2805
88
4564
5798
5338
2507
9962
8146
8258
4258
4596
9430
872
7255
7292
1287
1056
1467
7419
1551
8510
9420
253
7071
7083
5976
1776
94
4520
5102
3976
2467
4877
3254
6230
6560
7566
3919
6438
2103
1084
9658
6171
420
6585
4301
9123
1242
3259
8889
7450
5605
2431
8858
1489
7135
3597
6768
3542
5991
5963
6240
4043
4225
8917
2825
1514
4545
3638
3466
9120
6295
2563
1845
7790
6222
8369
9717
9810
802
923
417
4119
4157
3690
7731
2134
853
6920
3953
2487
4143
868
2210
6356
3600
3808
8722
1833
5245
6542
6923
3862
3729
801
7829
7703
7693
5513
2720
2439
1877
134
161
6901
1172
934
8129
8570
1069
3170
3833
138
4767
3625
4548
290
9684
9245
1508
1215
1850
4717
2654
9722
6559
5994
1944
2238
6721
8247
7303
8920
8229
4829
6800
3026
6707
4568
5321
9656
2927
5564
169
1684
9631
8105
2049
744
389
2615
21
7703
4060
1153
90
7202
6087
7314
4505
8847
5147
2494
8617
3628
261
3226
6402
6874
5177
9619
3275
7010
9250
3159
9980
8024
5242
9041
7177
4331
6932
3886
2703
168
9693
1024
7741
4245
5331
8745
9135
2397
9782
3060
1733
6807
5190
6867
5061
7296
8857
660
6454
4513
2099
3724
5703
1483
4652
5894
4244
5205
6755
2922
755
9729
308
6987
7419
749
4456
4683
4719
1248
5399
6017
1518
4338
7143
6704
690
2564
6416
4811
2926
3058
6471
5723
1392
9588
1276
3164
6441
1333
8342
9572
7631
3988
2269
349
4301
5580
8792
1902
7588
6074
4330
8457
4398
1518
3703
1289
9877
2723
8760
2583
4268
282
6511
702
1610
4115
7653
2684
1978
7808
6545
7244
3538
8453
5517
9390
6872
2097
1794
6019
8912
4805
5618
6411
3812
4765
3382
6742
7060
3771
9915
8876
7283
2875
3351
9017
8548
8173
2539
9188
6983
1627
2425
7105
3608
8697
8279
1982
9063
9349
9563
6926
170
5543
7100
2751
5477
3625
4879
6189
3507
8727
2059
8712
3086
783
3309
7552
6066
2243
8707
7868
7514
6666
3651
3179
8478
2371
50
7449
7497
2291
6101
5051
4900
7709
9145
1665
5837
5495
1436
2539
8055
8
321
2571
3753
4992
1462
7616
374
7244
6495
8876
425
5942
8850
2810
1155
284
3110
2213
2520
5571
8516
7655
625
9074
2894
8430
8160
8504
6966
1807
9300
1305
9665
4855
1097
375
9742
4827
9229
2804
3800
137
5985
6677
7258
7456
7341
2172
5483
4683
9595
1096
879
4889
6541
8917
3314
8871
2406
3953
463
5048
5802
5513
9381
2553
3001
3196
5160
7596
5120
6818
9744
6600
1463
9472
3904
1506
5730
5699
1923
1275
3472
3343
1710
9558
9803
2842
8360
8849
9561
9044
8500
2910
9327
8482
3883
8531
296
9937
3625
7596
1185
4946
45
7250
119
864
8519
9337
6505
5907
6841
9077
2648
4265
8022
4046
3339
5296
6603
7685
7099
3876
3358
3542
8770
7244
9052
8762
1198
858
5412
8827
4800
6083
791
8033
8569
490
4720
9832
2973
9543
8943
1731
8756
3298
1924
3037
5980
82
962
8953
8393
1372
5565
7882
9195
893
638
3115
7865
1126
3133
1333
5497
997
2349
446
8493
5815
6587
4951
7165
1359
3113
4055
6261
8019
4834
3906
8315
3311
7247
6792
6420
7804
3145
6710
9970
5941
9774
1650
8951
1444
1338
8190
2116
7957
5341
8149
370
6790
7105
2602
7551
4272
276
4117
4911
6756
9542
8728
6106
8531
8798
9587
5094
438
5223
7162
8039
2762
1646
7652
5834
2063
3314
9303
43
3612
7838
2910
5803
3819
3996
407
8574
2003
6094
1395
4148
2356
367
6044
8404
3797
4858
5496
3296
3672
7134
519
5010
4393
3855
1927
6438
7304
6416
8983
930
9336
6703
2798
804
9337
2154
1667
9199
835
7137
6624
1292
8968
3305
9500
5843
4059
864
9017
6046
213
911
4697
2557
1696
6933
5467
6409
5049
348
7157
4516
2778
3315
224
316
4851
7154
1666
9545
8078
621
6661
3770
4741
5310
7318
4696
9187
9819
9405
2023
6510
4107
8016
4243
2969
303
8588
4198
980
8724
7026
325
7520
8706
2237
4711
7345
6946
6225
7607
181
4220
6284
8854
6966
3556
5476
1614
8888
328
4870
3487
7971
6661
2424
6207
4138
6718
1092
7173
8297
2005
5282
4138
7433
2563
1729
187
6907
7771
8452
2480
3850
2624
2410
1617
8954
1224
9060
8879
7997
8868
9135
7303
7920
1350
72
4788
7093
3746
3123
2724
2692
3700
348
5857
3336
6895
1920
2208
2210
5118
9318
9253
9435
9473
1021
8811
2528
9043
4734
1421
9181
9249
9601
6275
2111
4363
4104
5105
2263
4217
6502
7722
4940
2706
8428
5871
7497
4083
2824
1205
6125
8888
3836
414
4214
1227
1243
3642
9573
8613
5046
9022
755
534
3622
2077
4889
7381
9131
3973
3569
3220
6240
895
1359
4664
6584
3331
6779
5403
2069
8222
8127
5191
7339
4666
7361
9073
2135
9040
5562
4126
7532
855
6150
1069
3230
3758
2486
4536
6919
5865
7066
7233
4101
8809
5045
3185
7780
9750
5205
6031
3965
9648
7903
3928
3173
2337
8003
8602
5055
9239
2116
4295
8309
473
6858
7832
1705
8926
57
9776
2337
6887
8845
7134
2870
1093
2882
3204
6630
4015
4090
7355
2423
7660
5743
8257
5745
2879
3922
6932
3477
8781
4702
4774
3059
1541
754
6113
4853
7329
2179
711
5024
4949
2891
6512
6898
1358
2256
4758
2949
9559
6350
5255
1100
5575
4149
8268
6571
2112
134
5524
471
1402
4640
7104
3074
2438
8639
5014
5722
7116
1837
3934
1323
9041
6125
8102
7024
3683
9868
4164
4405
8698
7856
4624
5762
7830
8307
9192
937
9489
8681
8867
9972
2680
3063
1829
4451
1605
5603
1715
3005
8755
8627
998
1929
458
1300
8116
706
1650
1849
2943
1169
1286
319
927
9690
1216
5692
1171
5455
5091
7788
429
7293
4648
7104
794
2355
1253
8509
7880
2309
6377
4957
1697
2961
4707
2846
5026
5499
1341
1205
3149
8638
2618
2793
5348
9209
9137
4529
3548
5177
321
8504
7647
3920
5759
6458
2537
6329
4410
9375
1670
7454
3606
4604
6920
2760
8031
4811
6239
3528
7968
1325
6190
5839
3003
1048
1208
9612
7141
5068
4977
5826
3073
4941
7847
7895
5971
9003
535
5935
4583
2226
5556
4120
3149
6629
4072
7863
368
3836
7139
1942
9069
7325
9138
9247
5561
5558
4480
1204
8302
783
7467
7685
1852
8840
3214
3228
8768
8373
8273
9026
319
7416
5569
866
7708
2221
5785
4774
4510
9479
7453
8548
6072
6104
1874
4424
6203
1017
839
3644
1451
9727
8909
1945
5955
2487
3009
8555
399
5853
3442
8760
1822
7339
532
4080
3576
3139
5898
4001
5939
7491
553
1349
1411
4246
9618
426
249
4490
4192
8841
1936
4242
2709
8760
4091
6447
1681
3253
5529
3715
29
1665
7798
6950
5882
8220
4537
4194
6630
9898
8296
5179
8490
4314
8707
2479
4232
2531
4391
4575
9103
2645
1475
7700
7980
887
3244
8818
9474
4380
9054
9708
2699
6030
4842
9909
3310
9982
8959
8381
7769
1258
6924
231
996
3340
6409
1204
8733
3061
5309
8126
1535
902
44
6387
5269
1667
5465
392
8428
7406
2230
5083
92
7679
9145
5308
9660
1928
4037
7064
7055
4464
3809
6883
7606
2175
5556
4104
9572
9940
452
1148
2958
6925
4258
6335
9165
5439
8077
2328
1374
9851
2856
6431
2044
9732
252
1082
7481
4283
6376
5990
6246
76
3256
6628
8500
1116
5202
232
3716
6523
6542
8328
6471
9139
5643
597
8029
715
7563
7151
4232
1878
9241
6806
8832
1848
797
8014
4832
7794
7645
3751
6802
9869
2629
2581
7904
5176
4610
9417
4490
7066
4451
7769
5777
2221
6971
3506
2689
521
2691
8023
4992
9795
9277
3333
9096
853
6200
7763
412
1576
6002
3922
7074
981
7497
6244
7264
3439
2030
5094
3320
5555
3349
2246
8750
2099
9567
691
8585
9186
6575
3986
9143
4941
1205
2508
4009
9775
351
7304
9527
932
7903
2311
1703
5766
4003
2180
5248
1548
6578
8915
2878
8099
1806
8331
6534
267
1853
2909
8982
2626
1650
3993
8630
7044
6835
9327
7477
8277
2257
6318
6456
9174
8280
9462
4098
344
2394
8221
9027
8051
1449
7983
7136
4423
4448
1486
5142
2457
5113
2983
4273
1886
8320
1663
8332
4554
1215
1520
2589
6220
4001
4163
3918
5171
2683
2454
6971
6767
3112
2540
6616
1215
730
2856
4431
1928
1871
1660
7254
308
4244
3959
2858
3371
6524
7226
1826
7872
3155
4940
5672
5472
170
1374
9510
6462
2033
4093
8524
703
5616
481
3164
7608
2299
1331
1650
4601
7194
1706
7107
1624
2556
6119
2874
6508
4145
207
6258
49
8536
402
1347
3276
7509
7066
4000
773
7181
7174
4607
3260
9196
9261
7732
3244
1164
8256
7196
6079
8474
1549
7154
5723
986
6302
7582
6561
5163
9288
9161
7284
8154
88
2024
8590
6629
5058
1763
7272
3500
6128
8624
7819
9179
6696
1931
7563
454
47
3000
222
1993
994
3572
2626
3014
5001
9509
7486
6748
6084
1716
3673
5163
3814
9981
3166
8106
634
2644
5716
5767
1646
6399
7326
8289
4093
3789
6818
3948
2635
5793
8426
9814
7720
3548
3160
1837
508
9838
5693
1912
1348
8698
3149
9736
6462
5975
1854
9055
6595
6468
4270
2583
4789
8211
6028
1820
6287
9248
7636
2505
2537
6431
792
3991
4995
5141
9168
3244
3501
7059
247
1614
5075
3308
3586
5905
8416
6754
5632
3089
6738
5241
2610
17
7226
2121
9084
8461
4338
9456
5804
2603
9207
7911
341
856
6143
3613
1531
3409
199
1941
7066
7674
3810
4995
7537
4604
7686
8603
6960
3332
753
1729
2632
2676
7300
3966
1855
1285
2683
6184
491
2464
8988
7752
7938
8792
7667
1909
7724
9220
6013
5433
4827
9384
5501
6353
942
6244
6111
7646
9430
7255
6553
5728
2864
853
7972
9654
8659
7016
7387
7231
7354
3942
9271
164
9188
2938
8122
6595
3522
7706
1955
6567
1749
3009
2642
5161
3735
6321
9324
3571
9251
1962
9805
5646
6801
353
1671
7867
6472
8583
436
8429
1336
4661
9506
5161
1007
4936
9795
554
558
1725
3619
5942
3523
5495
8720
1245
6831
6378
3983
1706
9437
718
6688
7768
3884
1042
5440
4481
3321
9688
1431
9814
9347
3265
2426
1708
9108
3300
9321
7444
3797
8936
8239
2365
3717
3733
9286
586
1025
5339
5075
9527
2665
7346
8035
1904
4956
7010
1414
5315
3788
9989
7443
2065
49
1236
6858
5162
419
8317
7937
9772
3854
7040
2185
8195
8460
7512
1065
7981
2249
7783
1504
2082
2097
796
4118
3146
2963
205
5995
5348
8650
8635
8677
2928
2445
4159
1840
2972
7469
9146
8067
307
4972
8100
1254
1056
8373
6388
6201
1122
8255
9431
2325
2361
360
9146
2900
7858
6557
4089
2791
6766
8442
5247
1779
4431
1574
2152
6989
3607
2983
5962
7407
9750
6279
8587
9324
3685
3194
8723
4046
62
7411
3803
4931
8993
3323
6949
6270
8998
1591
772
69
9799
3317
6094
7377
4813
5668
813
5266
69
4851
1128
8826
9290
2936
4831
1906
3323
6230
6728
4903
767
8910
6596
7554
6808
2040
2020
1901
8261
7608
6583
8235
7151
6261
8783
1034
174
4592
9245
7809
8728
1305
4405
4098
9967
4742
3670
9614
306
3166
4180
3411
2976
931
1748
8469
5224
3153
8718
3587
4909
5392
7452
8170
5384
8941
7908
5828
3502
822
4366
7426
9063
4386
9780
9212
3254
7288
5368
2880
5634
3792
5970
3374
2137
713
