223
2199
8680
2790
2533
8329
4365
2288
520
7225
4108
1122
9398
4589
6289
6794
9496
9086
2991
3811
3760
2926
2409
7075
9975
5152
5251
8822
5522
1376
5400
4383
8503
4200
222
4360
590
4480
1250
774
705
9574
1308
2215
4176
348
3961
5496
6640
4614
6502
3765
1370
6196
1532
1542
5202
1944
5791
9549
4981
8774
3578
3545
3978
1255
310
4916
4589
1964
1618
8958
5437
2065
9048
5780
3308
6159
8250
9441
7346
1928
8727
5114
1
1941
9963
4554
219
3587
1292
6228
1115
8621
6852
2567
1011
2616
7140
4127
4905
8298
1663
8403
3137
6976
4290
7706
2295
7664
6570
6070
4071
4749
1599
2547
2781
2526
7396
6683
281
1947
5351
3216
4166
4742
9543
4435
9181
7136
7629
1683
360
8160
7674
3288
7295
4149
9155
2528
4466
1650
4092
5819
1861
1538
5569
8938
45
6886
7229
3279
6764
962
5596
5065
6330
3633
9338
2708
8931
2957
2234
2796
4558
9554
1075
3130
4177
970
3637
9750
6652
1936
2811
9436
898
3936
3419
1561
5247
7134
6304
519
5856
9040
6470
9030
539
7048
4794
5026
5448
2532
5290
7700
5837
5014
7756
496
2636
8183
8724
9879
9697
9173
7716
3962
3506
5708
958
3719
752
118
2410
1558
7628
1397
3424
2442
9762
4236
2477
6176
2126
9097
2115
6943
4807
5550
6117
5022
7414
5500
2333
5154
8359
4370
9784
187
1129
9315
4966
1543
4155
1017
4141
4671
1610
8846
6034
9895
8713
367
8114
7795
2834
6952
3203
4351
9729
4383
2562
9273
5617
1449
9304
7871
786
8469
4499
1892
8363
4014
6466
2543
8150
4554
9587
4669
720
6558
372
1067
7654
8771
3200
6043
1117
2612
3096
6350
1018
3413
6766
5141
1928
4598
8962
3945
7878
1432
8770
3454
3858
4235
9066
4566
9911
8232
998
6297
6889
7684
6118
6260
6452
5209
9279
8516
8181
4522
526
3152
975
8975
3849
4166
8073
5364
9906
8792
6487
4198
7055
6576
7712
5814
3213
4934
5032
2627
9406
7746
9284
1677
1356
4156
9723
6448
8204
9697
5743
9975
5889
4699
7400
2928
2132
8921
2047
6522
8120
36
4579
8064
6958
641
4140
9853
3932
8408
5736
2686
1503
2478
6874
9592
8935
965
3807
9282
7470
7736
2907
7934
1
9552
6616
2513
1460
8877
9487
635
9722
9370
2313
1694
9273
7998
8047
2343
8147
1653
4717
6092
4878
6418
375
4074
8941
6532
595
210
3602
5009
3156
3290
7000
3804
8263
7140
1877
4667
9059
2511
4365
1245
7249
2869
9608
4989
9478
5077
3906
1790
8997
7877
9251
8708
6510
2136
641
1847
1093
2368
5887
4771
3297
9119
3804
5001
5862
2356
6521
2098
9420
2767
2788
2296
1743
5804
776
6809
3035
8666
7092
3028
1018
5771
1270
490
6338
3649
9451
330
2174
3132
1320
6328
2507
3539
5290
7190
1215
7566
6465
4048
6511
6975
8673
9169
3942
5283
6249
2345
424
8434
561
3710
5558
8142
2170
6167
9048
5796
1315
3702
1983
8980
7798
9969
3839
3490
8680
2543
8251
9379
9262
532
8779
8519
9915
777
477
9011
7001
4447
1150
9731
3403
5625
6477
2155
9534
624
2493
7454
7336
8461
8534
2591
5877
2513
3746
2101
7837
1446
1291
6090
2031
6642
7958
1786
3183
5253
5352
3637
8881
7515
5252
4063
9991
48
7720
7110
3491
994
6528
573
5317
8522
2786
5628
6687
3174
5649
5067
3087
3923
3753
890
919
2347
9372
5375
7315
2945
4765
4735
6549
6840
1593
8870
3890
3461
4698
5931
5415
7556
2578
4130
489
3208
7497
3772
499
5814
9933
6375
960
7427
6030
461
1924
6478
3055
9342
4771
4608
5466
6293
8456
4
8694
1217
7876
9440
7785
3403
7916
5518
189
5089
9969
3498
8985
7418
2019
1517
84
6772
9448
1227
143
1793
9682
7324
7546
8774
2982
3531
3287
992
4707
6888
6390
970
7759
7044
2533
970
9988
7997
8796
854
5411
5217
3651
7797
7846
9108
9989
5763
6357
2400
5645
3811
7620
21
9262
3987
4256
4463
5726
5236
4385
5398
4252
1035
5467
7521
9383
9881
2874
6746
157
8220
3541
6793
9488
6109
3338
5514
3217
4256
508
24
5476
3046
6566
6352
8204
803
4021
2226
6273
8156
2092
2126
1851
1266
5421
6960
50
6142
3235
5134
3314
3825
6482
6054
3381
3376
597
8233
1803
1246
3438
8870
9389
4624
560
7688
824
1114
9187
9281
8049
5348
8131
8729
1618
8423
7530
1496
808
8560
2809
2048
2408
9504
9971
4759
8698
1181
7908
2398
3912
2230
6048
4969
4671
3628
8464
8691
9236
1380
4341
323
5007
8166
553
4835
1955
8728
8217
7375
8764
7011
5369
9564
2763
2835
4005
5333
2349
8365
5617
2603
6274
5321
2577
7519
9184
205
9093
7375
6001
4628
5416
7907
6625
8278
4018
329
3453
8040
4385
3584
7647
5387
2822
1603
6655
8391
5561
2168
1054
7095
6612
1920
3330
5928
7942
572
2777
1861
2156
8027
4742
1407
4345
2529
1745
5159
9439
5747
101
1471
1184
5159
2391
6856
2789
7936
8439
3623
9010
1965
6572
2732
5848
9922
7548
8131
3487
3156
446
4268
6370
1503
2097
7920
5935
7898
8557
6188
6780
1553
6773
6959
6958
68
2164
6456
3240
2788
6186
4940
246
4968
3321
1490
8709
5232
7970
1393
9756
2333
6015
6084
4487
6852
3422
8419
2575
8071
3167
4957
5457
9692
127
1436
7245
6272
2197
2830
7030
3090
3189
5830
517
504
7020
7734
8934
251
9425
854
6105
4198
172
7538
1236
5008
8234
9463
1149
3966
8035
7989
9487
9854
5767
6704
8038
3936
1458
1488
9806
6011
215
1949
6147
9726
5742
1641
1694
3056
3133
2976
4172
396
3754
8858
5580
9633
2585
6347
1458
3301
3182
7010
4984
6934
925
9007
2348
6751
3804
9354
8338
6147
2892
5641
6373
3183
8317
748
7815
7261
3226
1032
6084
8913
4892
8213
6914
22
6415
9321
7426
1013
2515
713
7650
42
802
8289
6536
2637
7645
2927
2210
6219
4003
8528
1231
5588
8800
5538
3675
9025
3083
4422
8124
1472
5588
3179
8226
6917
7843
884
1321
5166
329
4668
7879
6442
4593
6406
6775
8813
6999
9812
7006
3199
2565
6111
2895
9142
7807
4169
8561
3103
7078
8849
1720
2527
6379
191
6369
6225
1935
2370
1333
1777
6601
8130
9008
3814
9947
8200
4780
5181
5227
1792
9805
5847
927
8851
2820
6097
404
2307
2450
6560
4226
3487
3618
8033
9364
5884
3467
871
7405
5286
2174
6699
2959
4242
7425
1179
8672
5180
3664
1051
9654
2834
893
1354
4967
9520
9667
2003
4537
2610
175
1524
2487
1668
2324
1084
393
652
8100
2654
8389
8769
6880
5920
3774
6066
3679
230
2453
6320
6738
7526
5723
730
6196
6048
6557
5438
1535
871
8184
4073
5508
1926
9226
1154
2639
6282
6961
5170
4450
169
3060
4455
108
3940
2682
4995
1767
2170
6669
8801
5357
3237
3589
4763
5967
6221
649
9573
6800
7790
2784
1014
6888
6118
2830
9005
7024
4101
1597
663
7555
4607
7303
4805
3147
1625
2640
745
5248
7612
9468
5867
2937
2052
9007
2746
5742
3595
4679
3947
7187
4029
5903
8756
3056
5063
7307
6537
2429
2965
2025
7447
7545
1080
1594
5188
4610
4810
1917
5320
970
9832
3178
2537
1124
982
2436
8331
3554
327
1533
3465
2613
4323
3921
7381
5083
3738
7549
3118
2339
9725
4676
2472
2132
7308
8673
9405
232
3890
1535
8052
7529
3232
9896
3691
5803
8476
3478
1376
1017
4483
8996
1498
5595
5590
4954
6400
8818
3433
9662
2141
8538
2050
4461
9313
5416
488
3409
4221
4677
6318
4970
1944
1343
7252
4684
5
8483
1330
6721
9075
1158
3476
8084
8036
9595
7834
4971
6939
4802
6689
9865
1601
692
2924
2139
903
6545
7284
5562
2103
3988
2175
3485
9004
3785
9163
8748
3092
5882
1474
1845
2300
1195
6878
6783
3264
1598
4364
6804
4337
9104
8387
8967
65
3545
9672
5791
8879
1011
7258
8393
4527
91
4227
6375
3729
6447
7052
733
2748
9121
5047
3025
3722
8908
8291
3174
4212
2880
7893
1776
7741
9542
1120
168
353
5113
3010
2548
2519
2294
3657
6514
5598
8537
1065
2103
1892
4285
6431
8522
2820
7967
1870
2609
9050
3957
255
9794
2659
7169
5951
48
4306
1237
319
8747
7036
6151
1098
8102
3275
916
2889
7989
4141
3063
3139
4344
4831
5887
2299
4448
8669
3090
4586
9343
3732
9606
1369
2634
3952
9084
8497
2009
5122
8057
1078
9272
2211
6957
7885
5952
9899
6982
6629
4101
4514
9701
3457
2087
6952
2641
1660
7285
1188
2861
1886
4041
5415
4676
9641
3455
5560
9968
2194
2049
6834
2901
1062
3675
4004
7531
8545
6533
3931
6980
7338
4452
8002
5560
4861
8315
9803
8181
7825
8728
2899
774
328
6626
6055
9625
113
6242
9147
7160
7450
1791
2837
7023
9274
9438
7039
1400
9191
1328
3677
6157
1669
2309
5579
1974
941
5909
4058
6241
3587
330
614
6381
800
6955
4029
5952
301
3816
1288
3831
3136
3621
724
1871
5667
9735
5128
4381
2105
4266
2221
2546
8374
3203
6496
5410
1378
8452
7039
7688
1427
4399
180
2622
3014
2268
7974
4492
9423
3818
6198
4348
905
8424
6152
5221
9273
3670
7996
5942
5247
7542
5518
5512
5109
6945
1923
9081
5681
357
5009
223
8930
7465
5687
2987
7304
1575
5894
2836
2765
5949
1283
3360
5671
3049
1892
9318
2934
8984
1326
9731
8357
542
6604
2773
291
2882
5995
2324
4003
7143
3077
9852
8069
6119
8115
329
7614
7187
4975
2168
912
9080
8361
5163
4038
7796
1187
8574
6542
7522
4495
374
7509
2101
4123
6684
1211
661
7727
6994
6850
2433
4107
9768
9688
1230
2678
9759
2802
9002
8182
8978
8302
6447
5628
2043
4718
8389
9984
5581
6387
2083
3726
3117
5750
6960
5901
5334
7205
573
6610
8471
306
873
4182
5245
1864
9234
7687
2610
1293
6437
59
9923
7216
6542
42
4474
8476
7397
2461
7206
6683
3941
7173
814
7453
6062
4750
1825
142
2560
3306
8945
3298
4598
3893
6953
5048
2370
4220
7143
4550
2044
6635
5242
2
4694
2525
5550
8992
706
1676
5841
356
7015
5917
7429
1918
1030
6149
1529
2566
562
5614
6874
4058
3027
4103
2951
9494
6481
3115
332
1235
1254
1893
7907
416
2992
5185
440
2745
7112
9861
6025
4109
2699
69
7296
671
1991
5500
3859
8989
9264
6876
317
9192
385
5438
4344
1065
9356
3280
6884
1834
3230
483
8229
5862
6153
6097
1146
5055
1901
6489
1437
5407
7667
3950
3555
7195
1672
5740
2519
5339
867
3890
4351
5042
2877
1694
6467
7726
6132
2085
9919
2327
4692
2256
8894
5566
6250
5019
7304
3080
4103
3318
983
4239
2858
8465
193
7700
2835
7634
5018
2625
1655
7773
4954
5902
3598
6456
45
9686
4654
9139
7233
9401
5920
8804
7587
167
768
911
1778
2294
5585
7219
2090
1548
1753
457
9092
3803
3568
1493
8574
8204
9108
2241
1214
2946
9175
3133
3142
1294
8987
4827
862
7358
8145
8147
4235
9899
4793
9322
3873
6254
2813
7895
3612
4535
1418
1351
3835
5751
7500
3157
9464
1829
1968
6927
838
3169
4719
7128
7841
3405
281
7977
3255
1260
1541
1998
5837
7866
703
6325
2610
7767
951
8629
666
8116
3347
696
5865
6986
289
6665
338
2959
1917
6536
7658
1131
6773
8249
2953
9621
4143
4624
9905
8656
9857
6353
8062
315
4130
5469
7098
7511
5891
339
7011
8002
6564
566
5315
8747
4193
673
3129
1789
1328
7699
8775
712
899
6351
4621
6145
8029
3818
8080
8572
1982
6837
2799
8327
6369
3383
9570
6722
4430
252
9864
7780
5273
5877
7858
3918
9431
986
7789
6849
7931
5322
6850
1827
4670
5618
8222
3413
5703
1857
6189
658
1723
2100
6690
8624
9877
3144
1344
9426
4985
8629
664
9767
3444
4049
478
1421
4695
3752
3451
7849
7645
5570
7286
4428
1565
1012
6060
8704
3737
3074
334
7412
1864
3486
5138
509
9714
6287
5099
3478
7527
9036
4604
8799
5597
5
2678
8282
8120
2616
9136
4582
6413
4172
7923
7017
1340
2847
8447
7923
1994
6381
1483
6011
3849
2327
956
6671
7014
1010
6434
5891
2466
7734
9292
4527
289
2106
5604
5402
2166
7589
3173
3218
7607
9766
496
1382
4467
3534
5333
7782
7724
4193
6678
4283
657
8685
2659
5912
9451
2167
9065
9576
9264
3452
4254
3485
5548
9240
5534
482
4194
7903
1647
9119
4705
6751
8787
6008
1987
2460
4477
9828
1485
9197
858
2610
2145
5134
6403
3948
7422
4310
4045
4934
2999
1542
3229
2843
236
6700
2106
8847
9379
1827
5051
7089
3270
2160
5392
4712
6818
3523
5928
3282
5675
1919
9538
996
987
6723
723
2977
7222
4930
3722
8619
64
4836
9478
9166
4144
7451
1493
6172
7239
3627
1830
4989
2381
5717
9914
6028
8334
5062
2042
9713
138
7712
6880
4721
511
3842
4337
8251
3094
8651
207
6653
2903
9397
3308
8876
4573
2188
4249
6998
4150
4329
676
1050
8520
2844
8938
2573
7384
4522
1143
3382
1963
7724
932
3068
1042
8161
4173
817
4699
8980
5420
3628
1812
5955
5259
7945
8491
8454
1833
7259
2657
4371
7069
7782
1588
2988
4267
6919
9837
5513
6723
3399
6026
6107
3
2904
7635
9319
1713
6180
3958
2070
4068
7337
8844
4084
442
1148
6929
1720
1481
4176
2028
6893
9650
9012
8040
338
9782
1178
4746
8030
8198
9470
1316
9616
2568
2229
501
2098
1626
7566
9468
1211
7185
9502
7287
3150
4862
3205
7109
3932
7090
3320
5077
7661
6591
6675
1482
938
6054
2525
9511
8967
5617
8387
7481
8224
1455
9599
4721
4836
7733
3003
4475
2769
1199
6100
5323
9152
9223
9478
988
7189
5359
8300
5179
4558
4454
3903
2973
5862
2495
5601
9101
9471
4857
3587
6101
3358
5225
3516
5825
2021
7519
7005
6080
6580
4390
1181
1017
8849
7320
8569
6274
4893
7871
4459
9537
1615
3888
4710
1447
7115
2016
9844
2271
9422
1006
5977
3753
8732
6513
1419
9912
5510
1369
273
6997
3556
8388
8719
488
854
885
9703
2295
1687
8999
4178
1631
8941
8322
1547
7518
1167
1649
457
2907
8252
4323
7311
9288
401
8557
3831
4887
8858
8780
9277
5887
9319
3374
8466
4737
9764
4282
457
4643
8793
3439
4032
7776
6121
6896
4201
7904
6236
3573
4379
5216
6551
4390
5341
272
5724
9772
1857
482
3948
3481
1737
8654
9302
4075
2975
5994
1517
6677
6659
9937
4971
3214
5146
2852
6755
2987
8658
6971
5692
2611
411
4542
9270
6327
7341
3600
2568
7591
6660
9887
6546
9248
1463
7816
2971
9486
3393
5886
184
9359
5744
1461
8114
8570
7546
3882
3375
1209
7305
8324
951
7312
1659
8348
8708
4631
6428
5868
79
8693
2791
7537
9414
5648
3838
9675
3243
6025
3270
8873
7013
5796
1269
721
394
7256
7149
627
8686
7354
3847
6691
9423
9070
1141
2336
2183
5982
7826
4187
6019
161
3000
4866
6948
7133
2764
68
3963
6504
4272
186
7802
2601
2452
8815
4040
4520
411
5614
9342
9466
4301
9333
9365
5338
212
2479
8471
5934
3248
9898
6189
9099
3739
1097
5842
7828
6650
565
7312
4128
8855
9007
1441
4306
5906
8471
2748
8914
96
677
6042
9196
64
4598
6607
8288
3815
6939
8953
4072
413
8573
8818
8946
3714
7317
9883
5486
622
5353
7698
9132
670
6172
5718
7471
4529
4306
5316
8241
4976
9761
3500
3777
1787
5752
3440
2816
7555
740
1688
7285
5991
8668
8958
5334
8392
2418
2865
7971
4098
4886
825
455
2412
8118
8538
7015
4359
7427
7558
9211
3810
5077
3077
8290
6403
2522
9390
9423
2593
4556
3920
9868
2619
8039
8352
203
5984
8080
4093
6769
353
5473
3995
9539
9839
5409
6390
9784
4911
5667
4302
3071
5909
1100
1600
7476
2827
1590
7303
1765
8703
8864
640
3890
3003
5448
3225
8643
6761
6191
1967
2564
2515
5641
1598
1262
4309
4873
1905
6116
4313
9163
3394
3295
8586
1921
6523
2069
4509
7397
4993
1151
6226
6943
5292
2716
1834
2019
3860
9752
137
1082
5968
6212
3643
5
9726
7491
5650
5719
2342
4965
7930
2652
3964
2987
679
8028
2529
6762
4868
377
4857
981
9279
1159
5471
1068
9465
4008
8380
6539
903
500
8304
6525
1153
8343
2259
9928
3057
2007
6139
3349
4942
9941
6699
8010
864
3269
7124
2712
1157
2834
9565
2870
7934
181
6010
7220
4489
3948
5719
925
8469
1932
9723
2431
565
5340
8215
4508
9477
2695
7743
3030
8419
1937
1043
2996
3068
2825
3445
1663
678
1187
4134
6380
7407
2652
6557
6991
6487
3098
2270
6715
7361
5055
808
9798
2035
3948
2162
2410
7700
4371
5752
1518
5434
1589
3314
5165
9319
6119
4703
933
5962
8510
393
7857
3051
712
8125
1956
844
5948
5604
2924
1281
5296
4265
7388
4106
7835
576
3209
8347
555
3579
310
3332
2393
8590
4194
2867
1243
6356
5291
7042
3438
8354
4374
8692
8451
9887
8443
2156
3939
9754
9300
6281
5111
3217
1706
6003
9043
2898
9888
7479
7854
3936
612
8124
5399
7763
4645
7658
9054
9411
3353
1092
6204
7379
3690
4438
1747
6028
2277
1785
7555
7071
9559
3325
2693
6807
3568
4562
1556
4823
1754
9779
5525
2674
4715
2713
276
434
8104
1252
388
1956
363
2836
4209
5252
6665
7322
7762
9152
9606
5095
5495
8987
6305
5709
3656
4971
3077
8617
7991
5756
5021
2928
9808
7520
1694
4645
8044
1904
7386
423
7674
1827
3916
8165
2067
4966
9348
9841
1670
6368
328
1240
1196
6002
489
8543
6989
5784
3144
3279
5883
4847
8153
9140
7992
1419
1922
9449
2119
2916
7780
1776
692
6993
4485
7430
3325
8918
1255
7088
4032
2989
7024
7888
6429
7604
3080
9921
5047
6708
9820
3825
3909
8529
8542
3153
8258
1283
7485
8264
5188
1837
1947
2905
454
2340
7304
7187
7683
8651
102
6012
1238
5746
3389
5346
8026
8807
8655
6238
8334
517
2275
9414
4051
1384
1837
3693
5090
7167
6677
2616
7557
6486
6104
208
2994
991
9050
2716
1466
1001
1201
4865
5522
3117
766
9845
4322
8209
6980
5022
2734
9856
7418
6985
6854
92
4721
9818
8871
7363
3879
5580
2935
2596
7194
1419
1290
458
7473
4236
4155
8202
2242
5274
1198
4590
2591
1990
3137
507
4411
2924
2608
9656
6321
6560
4712
5451
5078
7581
1559
5495
6112
2762
2502
3483
1349
2141
8147
5983
572
3891
8128
8586
6402
7674
3646
6045
686
7542
8
609
1704
719
5267
5011
7376
7746
343
3254
5597
1550
6036
5114
9225
1735
9077
9021
6497
3999
1412
6055
2373
6436
6603
1801
1921
4101
5016
9305
9389
8105
5341
5301
5323
1373
6055
5318
6504
6627
186
2204
9530
1415
3628
8394
5502
8139
6928
3678
2597
9380
9634
1943
1948
7523
3697
3537
8414
6445
8510
9906
9451
4145
2838
9162
7812
4051
1650
2322
7263
7528
5582
1712
7220
8699
9548
8140
3480
1319
3747
2822
7031
6216
4805
5235
8010
5193
7462
6379
7006
8388
3052
8526
3495
1585
4749
9113
7421
9596
1871
5478
1173
8838
3057
6230
7943
3298
9086
2827
7122
3949
3596
3360
9766
5177
7633
3068
9340
7879
6610
3821
1437
2800
7543
7467
6437
5483
1060
6317
4706
8293
4974
6986
9527
3197
5614
8946
3098
2216
9646
3360
3525
9124
6198
7902
4194
7918
402
278
5547
8786
3870
7808
888
3329
5575
804
8046
7285
3356
7286
3138
9096
1954
477
9586
1746
5723
9875
4647
7624
8280
4457
3637
4602
4535
6412
9817
4067
848
324
3148
7861
6220
471
7409
437
7072
1661
458
1243
8946
7585
5604
2723
148
937
2839
1663
9829
9128
5976
789
2401
7249
1527
1837
2018
9804
9610
5087
8301
3128
2994
7980
3325
443
3031
2642
889
574
5164
1815
5491
6326
8087
6722
2696
6721
2892
4094
9869
4580
2241
8477
234
8579
9826
1675
1064
5775
2320
9982
854
1693
424
9298
6010
1802
1977
6947
5415
1478
3953
4422
8473
2193
8724
732
1477
9124
9608
6436
7831
8388
5743
2082
8127
8864
8966
6419
9678
3415
7922
3704
6928
4556
3597
9911
3452
1264
8327
819
4895
6128
8757
8749
3942
4485
2969
1630
9623
1887
3443
4461
1052
6322
3945
799
4434
5146
1013
639
6321
2148
3791
557
2065
1264
5061
4672
5151
9067
8282
3335
6331
9874
8097
4904
4077
4110
973
9880
3283
6742
4950
1437
9484
7024
7260
7513
237
3711
4704
4681
4305
5272
839
9234
9029
5267
990
3989
39
5467
4198
8398
7930
3211
864
5793
2781
5366
1640
1599
6631
6243
2903
1839
2630
4585
9493
5088
7741
3148
2924
100
3983
3074
5128
3935
6869
6096
4165
5030
4601
3561
6888
5036
1820
5197
5109
9193
6192
3487
3580
3395
8273
4719
7085
4663
79
9470
1715
2693
9686
2806
4553
1950
274
1566
9458
9695
5384
9022
2037
3405
1255
1403
222
5004
6701
9539
8919
2365
7952
6645
139
5530
8754
742
6527
8722
4816
2258
3537
7275
646
3772
7739
3570
3173
2441
5160
9121
5880
5021
2699
5674
6289
967
6122
6982
9533
7228
2067
8447
2570
6890
3420
3672
3692
9823
8172
8053
5404
970
995
4576
8291
3674
137
2425
6836
4911
9626
4354
1590
6119
1196
7080
6487
6949
2877
5410
3991
8175
3967
1226
2466
7629
2387
4222
6946
1787
1556
7732
7813
3310
3905
1043
1287
7158
7405
4748
5309
5099
3045
3588
2785
6303
7483
6950
9495
1350
7024
663
7946
8893
4011
4268
7348
7953
1021
8236
7322
8863
7589
5615
5055
8328
4585
9529
301
7032
4499
7572
9935
6802
8207
6004
5225
7811
4153
1968
9764
5243
9620
1785
4562
6514
2384
20
4615
1930
1581
500
8473
7457
3865
2336
5899
317
7633
6906
9336
1091
2560
2168
2969
825
3182
2825
1721
8811
547
8638
1339
7966
4998
6306
8230
9930
9060
9092
4741
3147
5834
872
1263
4824
1972
3566
8292
3715
4735
2855
6495
2251
4923
5431
9127
4672
811
5201
2857
1652
8226
8949
7294
268
2337
3714
7231
7785
6975
2106
292
4236
7197
8690
4068
7817
6077
1092
7113
8174
24
2167
2402
3804
7148
22
7024
8148
5744
7157
5002
7304
7581
3625
3944
3862
3963
1244
3380
3069
1790
2788
7323
8475
294
6283
8717
5540
4034
6096
7631
3546
2560
7650
8644
4317
3005
9287
8602
8812
5702
3837
9065
889
6291
4351
605
1787
9047
4912
2068
5074
8985
7314
4082
5865
8249
796
5946
1925
9751
3911
3383
842
6203
2366
2784
299
799
3597
5219
2270
796
8421
2866
9147
2092
4661
7301
409
3540
2878
9293
7970
5977
8574
7342
9706
1134
9360
8568
3279
2324
2058
1258
9400
2418
7211
9145
601
6170
3544
7557
8640
5476
8076
4249
1671
6894
1885
8033
145
234
2447
2758
2538
8395
1984
791
239
4751
5180
5757
4188
7444
5511
3665
589
4649
6771
4664
7517
7891
6146
8514
4937
2785
3328
8324
2471
7803
415
395
9934
837
1003
4695
7130
869
916
2632
7775
2142
1704
2954
3125
5070
2087
567
7704
7221
4178
4685
7023
631
4754
4097
6735
3844
1143
6525
1650
2138
6538
7084
3573
9249
571
9843
4962
5656
3673
3658
4477
5441
367
6553
3754
9368
9300
112
8690
3211
6386
4322
6208
9148
6692
5204
6313
2286
424
6623
8425
941
9852
2190
1388
5256
3148
1421
3779
9450
657
8207
8218
8359
3771
2632
196
6495
5009
8123
6684
8352
5812
343
8272
3692
6199
3741
4826
1272
4383
8238
8489
8580
5722
8285
2196
4689
5995
5969
9773
2267
7244
1924
918
2693
9264
3620
1648
4660
1626
2512
1234
4497
1302
705
5804
4664
860
3301
5644
1280
4247
5633
2222
6091
7498
4631
2179
1075
2945
1969
4894
8679
1612
8729
1042
5959
9032
9022
1471
7779
3093
5985
8426
687
778
6701
7359
9079
7062
4681
8617
2557
5091
9160
1913
1172
7115
3592
7716
3179
929
4151
1056
136
8780
5096
582
3626
9009
8820
7788
3572
4866
4742
5348
7948
9492
5925
1830
8365
9974
196
4429
8857
3584
4513
5673
6106
8611
9674
3046
4620
8342
2156
4074
632
168
8801
2529
6154
3230
5105
9561
4161
2984
1803
6623
2794
7862
8916
2949
8461
5698
2841
7222
1667
2032
6949
346
2852
1112
1032
1881
9363
5974
2736
8678
1367
376
7631
9657
1630
4397
3795
508
4791
5638
3666
3707
1266
728
8718
3159
5001
5852
6338
5786
9377
4331
3317
9528
7681
6814
8325
5943
811
5013
1046
7999
5103
4240
6230
7478
5365
7744
8257
6909
4041
4342
4258
6254
8012
9307
9370
1297
9143
8017
4766
6126
8534
7723
5893
3755
1364
2116
1816
5371
4744
8710
9721
2036
8413
9018
9244
4832
8769
3266
8266
1185
6837
762
7964
7315
4854
7228
8891
2294
6976
7017
3596
6833
543
5375
4027
8390
3125
6899
3215
4448
6881
4281
9647
606
9973
8927
5196
1809
3593
4905
5611
8262
2692
9982
6286
3712
9104
327
2276
9620
6891
5225
4542
4248
3102
4252
5500
7413
4903
5956
1533
9723
9535
5795
6414
1039
8324
4829
7222
5823
8613
7555
9788
7726
919
1012
6241
8718
883
9952
6318
9743
8968
40
3403
4099
5514
7498
6202
8586
1979
3248
5261
856
9207
7316
51
6666
9340
6255
8216
4509
2205
5812
849
4587
5826
3221
1813
5689
2780
9550
7624
8825
2328
7734
7983
4016
6068
6849
7941
5525
7628
1466
1211
1187
9631
4427
2537
4312
1600
1246
7013
5174
8412
1566
3915
6829
5212
9453
5059
3986
4845
5806
356
1935
3974
6044
4323
8272
3865
3219
391
1217
420
8678
7034
1046
9405
8606
9665
3584
3600
7950
9036
6853
5761
2260
8763
9501
6182
2472
5016
3763
9326
7756
4499
9254
6125
7373
3513
7642
2148
2077
9019
4709
2939
5522
5641
3433
5588
4734
2773
4656
4070
1960
2676
9480
1645
1724
1580
1915
8505
8072
7842
1976
665
4207
5457
3214
289
9670
485
412
3984
3319
2983
1898
6832
1573
5468
285
869
4609
6400
7859
6283
4898
4874
2491
8443
4276
1272
5556
2636
2551
8936
5159
5828
9611
3153
1037
1961
8419
7641
6414
3695
6947
2160
4745
9776
674
478
1697
7211
7276
5826
688
8624
3984
6677
9981
3072
2466
5308
4098
3186
5323
2118
1852
6718
5093
301
6128
6769
43
950
5899
5324
9059
3581
8268
5670
4437
2341
970
5158
8016
2111
7171
4926
7042
3770
5867
909
4928
4343
8300
739
3737
7615
204
5010
2683
188
630
6731
7425
7718
4583
1084
8403
2828
9685
1945
5714
1855
3119
7004
9902
175
8854
7376
2215
5373
340
3156
6795
3713
9336
8595
6204
2374
5225
6475
1529
4194
1061
4277
1600
4757
6692
8430
1083
2732
2108
6990
8145
1451
2384
2994
7195
1733
1300
9204
2048
9211
2595
9091
2890
1636
187
3124
7026
5496
7555
7666
3649
8260
1960
3232
8721
5040
9452
7119
6395
1731
2550
5207
937
110
9015
6622
788
2340
2196
6272
5945
6937
9094
9156
8211
7431
2272
7971
6361
1765
9215
5318
3754
1742
5210
9642
3197
4760
2404
9060
2921
1671
2887
4265
2880
3049
6072
8278
4413
9613
8163
7347
9659
3524
6013
9192
8546
2225
171
4010
2405
8773
1947
2289
6515
4139
7423
4322
9780
8890
7646
305
5733
8946
4067
8975
9505
5949
7084
4778
7659
6592
3149
9631
6820
4469
1400
2426
5218
2315
2082
5763
9783
8921
7797
3552
2081
2127
7192
4728
1310
7129
176
9506
7024
7171
9091
5217
2086
8647
6384
6208
8154
7342
9206
6637
5913
3286
7844
3601
5771
3442
2089
5136
1735
5581
5453
381
4361
3952
9316
1143
5926
9938
2815
1115
6788
5833
3420
1037
7164
6537
4475
5001
3722
9271
5187
7131
2467
1049
6446
4542
2468
4572
9203
4285
1109
4124
4072
4520
5402
2486
4728
4860
6255
7053
223
345
7476
2588
482
5165
2115
8328
6642
3334
5300
6128
6228
7451
6689
3006
6043
1924
1982
9395
8201
1561
2557
1303
2862
6370
2023
450
3714
2253
6489
8743
7441
230
8142
9946
2518
6361
3893
1956
1285
6987
3999
6115
2747
1217
1566
464
9483
2734
2893
6849
3560
1318
3539
1647
9236
1575
130
8481
7942
6598
9855
3217
2827
455
3645
3503
2292
5491
2226
584
7311
6469
1077
9098
3891
6647
2726
5503
7831
5616
715
4603
6784
9980
5440
3219
6898
2131
1793
625
9522
6873
7144
6775
8687
5099
3329
9826
2787
3125
6501
3093
6003
405
5720
3696
3663
4380
7203
4638
8449
3642
5971
5236
5240
4389
9844
9883
400
8562
4245
8474
8858
7458
9291
5364
3087
3238
6859
1135
9860
7773
5015
2505
7701
1960
8350
7117
1005
3467
796
1129
6254
1888
4557
1716
3304
64
1746
8188
1223
6611
8983
606
4232
8491
5271
5205
7316
545
9021
2294
8145
9146
1074
3132
7711
702
5456
2801
3550
7865
4313
8827
5202
3775
6405
3472
4016
2834
4241
251
7173
7586
3866
2799
3400
9220
301
9568
5544
9006
6937
1941
8881
6210
379
5664
8605
2221
459
7636
5920
2129
4760
2094
9758
2793
4842
5948
3539
4058
8595
3346
3285
640
9493
2483
6353
2564
6252
7224
3819
1877
7820
7516
6765
1359
4769
3072
2826
6874
6621
9073
9029
9735
3819
2996
9777
6654
9006
5499
3476
7618
4691
9173
2370
7119
2827
807
4836
8444
237
767
4974
5664
4401
3912
3984
6216
7236
8683
6371
8953
6549
6057
6013
4289
8618
7741
7453
4173
3791
7262
2890
3673
2686
2481
2851
5764
6666
6829
3032
3571
6458
6044
7566
7363
394
9694
4333
382
2227
6093
4926
9644
4748
7186
4490
703
5616
4644
3997
1978
2341
457
3934
4188
312
4618
2043
4225
548
7775
3417
4242
4154
4637
6547
6634
2543
6959
1360
2887
4616
5485
3167
8896
4692
3783
6457
5079
439
2831
4733
4459
8666
3495
4536
2057
8706
8035
4071
352
4906
5065
1701
9267
1916
9584
3217
2139
7474
2413
8175
2358
6571
200
1775
6851
2107
2270
4520
6654
2426
2556
8089
3553
2311
2857
8421
6751
1309
9375
5897
4543
5576
5909
5860
4327
4984
7766
582
2328
4607
4751
1802
3049
5747
8649
1845
9421
4851
5125
3665
3190
6706
7264
914
9660
1041
180
4787
1973
8115
9852
8474
296
1565
2766
575
1699
4179
2435
3821
1968
6465
8529
247
9073
1865
5460
6448
6097
6932
3300
3038
2108
9901
419
8766
2920
8185
1541
3225
6671
8758
4207
9705
7387
4236
6781
5774
7251
3572
9241
7162
7286
6141
9563
4128
5020
7284
2134
160
7152
9618
8231
2764
9799
4446
5168
7226
5612
5408
8123
7788
6485
1518
7464
9402
3255
7106
3331
8996
6985
7695
8166
115
2693
8974
1579
1534
2670
4899
8523
9899
3584
9347
5314
3358
8280
9690
8197
5059
2828
5885
2731
3088
2790
3748
6095
1257
1773
1802
470
8687
5574
6991
6350
5358
6109
2975
8065
2173
8283
5264
1746
3261
7526
1651
8038
7590
8933
2129
8574
4170
2685
2406
7190
7491
4758
6148
7477
8960
9637
9372
1572
2400
9215
3305
5753
2829
4795
6625
1196
9503
8134
28
1155
6543
3312
1378
427
4944
1002
3999
4960
6668
6899
4302
6107
959
612
4784
5345
9324
222
6689
5119
8517
5726
5702
3299
4957
4549
1190
5383
7415
8790
371
9161
3957
530
4687
2231
1616
6105
5744
5714
1373
8819
6641
7838
6818
4041
9539
5634
79
6049
9281
263
1869
5778
8487
9009
2269
5714
9383
7395
3305
392
1745
7627
9193
1454
1578
4001
4264
5904
2108
2631
1101
7062
8305
5488
821
8166
6143
9379
6225
3995
6085
6869
219
4055
5813
5043
2809
9400
4308
3767
8861
4676
1525
9519
2329
5225
8609
742
7648
8970
3665
735
9402
1359
7535
6193
421
495
4634
3925
4256
2835
2721
6098
4630
5709
2724
7469
340
7858
5831
6287
421
6000
306
8296
188
9505
9504
4870
7085
3964
6739
8020
9651
9260
5338
2529
2970
4905
5565
5876
8085
8198
7765
5458
213
3815
4378
4708
7943
2472
9312
8519
5947
8682
3519
6226
8865
4195
1762
5673
9555
8845
850
9117
8843
8215
7943
4289
6730
5645
3737
5013
8086
4132
9127
7041
9659
8976
9047
1364
9330
7482
8615
4067
2663
7867
7195
6195
6042
1547
3231
4395
5375
7985
858
4208
3239
91
6051
9781
4477
6270
9150
4192
1863
4134
4431
8106
8246
5165
366
3465
6616
7594
2534
9542
1303
427
2981
1436
9625
5185
6294
4748
9090
562
326
7118
7640
9984
5785
9604
9415
6922
6509
6468
6530
9880
2079
5904
7384
5628
1775
1705
4231
5062
2346
3524
8358
9324
6277
3997
7275
8179
7263
6966
8797
14
9574
9687
4428
6473
3781
5182
6843
8633
3016
9292
9064
6775
1569
1172
5446
290
3899
7156
2966
5893
3294
8057
7612
2269
8888
6390
6995
518
9693
4113
2069
9531
3940
4291
3056
328
3463
2937
225
7558
3132
5416
3406
1922
252
3231
7664
1119
8849
9731
1227
6046
5089
5148
8066
4887
56
5642
9108
904
2932
5104
827
2278
5079
1054
9316
4661
3887
1152
6170
4654
6890
8714
4063
6841
6246
4816
1714
3686
5370
3298
3771
1495
4262
7361
6425
9213
4072
9523
2474
9020
2999
8905
5988
7644
6212
6894
9807
957
1862
6631
8576
1599
6246
5715
2792
9955
7726
2183
8700
4658
1943
947
7136
6196
3387
2853
716
9859
6869
2510
8915
531
3945
6010
4206
5397
4087
6100
3511
2787
7693
3045
5848
7431
2319
2542
7024
8552
516
1781
6661
3326
3377
5835
4651
2849
7468
3500
8967
2904
8099
763
2975
4645
6297
2108
8579
4284
6962
8545
5976
4398
1062
8500
7848
3001
168
2319
8216
5272
8898
119
4226
6414
102
5350
2371
7876
8209
9540
4857
1893
4276
6340
5627
9171
726
3784
1512
111
3559
459
6382
669
4191
621
6443
9814
6549
6405
3016
7746
5743
193
2546
5407
1462
844
4030
7637
194
2070
7327
8141
79
4090
1235
9699
891
4320
1472
5111
6954
2326
3522
9261
1468
7687
1018
4602
9950
4498
4857
9083
2744
4779
3206
9245
130
9108
1158
933
9187
453
852
8723
7541
4109
6892
2612
6759
438
6155
1534
5773
419
4675
7891
4780
7790
761
3019
5195
8582
3633
431
5730
9455
1246
546
5263
8918
6960
3311
7037
9687
1820
6597
246
5801
9742
6912
7669
1819
9536
197
2402
3814
8652
7965
5304
4621
1408
3264
311
8906
3189
5461
5353
7734
7820
4602
3112
323
3208
8694
7682
9020
6581
3177
5397
7000
5608
1515
3722
7322
2161
6423
8005
6682
1222
8075
1013
1205
7684
6727
8492
9047
4246
8521
8665
5427
9570
3493
8459
3244
4630
5954
3425
1576
7198
4115
7231
4695
1936
3960
3240
3461
83
8849
8234
1321
6798
9131
2209
8752
3868
8051
229
2515
3559
8877
1825
7116
2369
6637
8762
414
2071
5979
5481
6256
6757
1699
5651
4482
9958
6160
5963
4841
2787
6639
478
2723
4090
4079
4870
9216
6957
4822
3178
7354
7996
7606
6865
7614
8611
4872
5460
6446
2646
24
8469
3824
7652
9965
2015
9536
8509
4746
9085
1610
3503
8542
8644
9207
8017
9266
6266
1387
6312
7747
8993
9130
3786
7934
4338
8191
8886
9403
2727
8592
9171
5881
3912
1072
1006
4328
2240
5653
226
3695
667
434
9513
2461
4741
8256
4000
3561
2556
4926
4887
2045
7950
896
1747
1386
5274
4631
8769
1683
226
2620
1332
3262
9270
190
5895
195
7568
3208
9399
1045
6905
1418
8012
2110
9061
8913
3265
6452
6066
5793
5358
9823
4196
462
8203
3697
5340
46
8418
2832
5398
4038
9291
2241
2821
2040
1306
5091
1635
4116
1714
5245
1534
1730
1460
5253
7670
6805
3691
6562
5560
5429
6754
3172
9305
3584
8211
2312
8827
1107
5709
9825
2920
6549
1133
8814
9314
396
8953
2924
5696
9377
4552
3497
5397
967
4242
2719
6411
5150
5843
7565
7271
2919
3405
8747
1217
3429
4465
7881
2745
5870
589
8057
3180
8496
9065
385
2569
6412
5111
4354
7011
3778
9184
6052
7083
7420
8323
1068
4305
9459
7210
6603
5246
4579
5394
5721
1461
6475
605
499
5994
1852
367
2240
6353
7039
9461
2509
5656
5640
5958
8810
2209
4275
8285
5117
6394
1334
8112
3447
6629
9307
6374
9594
1886
8614
8736
2576
7265
3097
9704
1474
5490
8354
9342
525
8085
1914
86
7227
6965
21
9337
7347
5954
9268
8484
7608
3043
8038
7422
3027
552
6900
6397
1142
1537
4604
9148
3586
6141
920
2404
3060
7930
6389
437
2215
6591
4836
7974
4182
6519
8188
9974
2398
6137
2575
7175
3593
4018
9105
967
1454
7289
6437
8708
817
6867
1727
2884
7312
78
6534
228
4222
32
6012
8556
4519
9792
4241
4524
4382
6565
246
601
6798
165
9363
3856
4345
9844
2360
9520
4129
3649
784
3556
1383
4627
9160
8071
5285
8555
4719
4875
8553
5481
7583
5915
3902
5443
6745
3877
6259
4021
2421
5515
6536
7788
1542
2552
3997
1603
9329
2729
9932
9585
4193
5694
9736
4188
2620
7276
617
2747
1284
1623
4038
1444
9366
8066
2314
6546
2362
4278
633
5042
9874
3165
675
3953
1359
363
1312
1072
4234
7731
8340
4076
6565
6647
858
1802
8329
4251
5221
2715
1323
282
9712
4375
3291
309
8507
1858
3275
1153
8530
6240
471
5397
9765
8751
6119
5505
2954
5317
5145
7008
8332
3330
9535
7456
3896
3399
8384
7724
3791
1626
20
7663
5192
4372
8068
6900
4245
659
1113
4220
6348
3793
7698
5729
9271
6832
8957
6733
1648
9652
7691
973
7860
2068
414
5913
778
9428
3542
1977
2718
5038
8359
2296
8170
8267
1036
128
1920
9955
9869
6337
2776
8635
8805
1133
5209
8657
5458
170
6322
6622
8358
9787
5097
9727
4789
6372
8019
9318
8990
3445
7858
1955
5054
8046
2691
6001
6286
9028
3899
9124
5237
5299
4653
2770
8409
2825
5325
9127
4267
9086
7148
6020
8735
9417
3419
3475
6494
368
7319
8990
8621
6191
7240
4129
4456
3667
7983
9478
3611
1636
118
5391
92
2116
8832
7413
9915
584
4565
8056
4041
1616
8895
5103
9870
5323
1840
7161
1975
9818
9939
2230
1707
7591
6853
6552
116
1246
2330
9888
5875
1623
2144
1501
3795
6996
305
6441
5578
7647
1901
3775
5976
7731
7598
1432
737
7732
3921
1818
3102
1542
3522
8791
2328
9777
8726
3089
149
5332
7983
6495
8222
6384
7585
4741
3408
7054
7927
157
3354
7556
1967
2814
9003
997
793
5390
6294
5629
2133
18
8072
3846
4794
9516
8036
7066
4180
649
6158
1466
7450
8644
466
2106
6779
4474
815
6476
3237
106
8667
6330
6459
9564
4228
9589
2638
2169
7016
8658
5949
2281
3897
6015
8948
3438
8107
5968
6763
6918
7071
1716
6088
1831
6043
9264
4016
3678
7069
496
9535
6313
2457
8667
1936
5686
3633
1575
2121
5524
4334
8743
6470
5259
151
3550
6991
6652
7351
680
367
6627
8674
5954
3963
4384
4674
4038
7360
8946
2082
6576
1395
4551
5722
2649
8452
563
9590
8389
1888
486
9121
3873
5782
883
3239
1541
3449
8
4772
1673
8039
9287
1745
9050
6122
5567
8980
2235
3017
5056
4694
2571
9177
7035
1932
55
7193
8847
5482
9406
6491
4675
9781
4764
1845
6784
2998
9630
1529
1722
4620
6082
216
7556
5875
9072
545
7449
4242
9700
5127
5907
2340
7332
5572
2655
2763
5171
3684
3307
299
7369
7602
672
6531
9447
1779
850
6641
5616
1797
1990
3366
4355
5233
8651
309
6713
826
848
28
7339
6435
7877
7353
3564
9224
8540
5375
800
1077
8919
2750
158
4385
7547
3195
3898
4347
9637
3463
5884
8835
3527
7994
7635
2927
4811
8888
406
9712
1321
7616
6779
1222
2216
8688
521
6203
591
8844
8007
7945
190
4111
260
339
9721
2550
4829
348
1499
3728
3984
2982
2580
8636
2478
5262
6305
9932
5835
7881
8206
5564
2814
7527
9840
6614
1547
2746
5911
4722
3085
9307
793
7924
7416
1631
6055
9169
624
4271
7235
9384
8128
1634
5314
4672
5217
5300
3980
3892
6962
7231
2136
45
8571
8481
431
671
4628
580
9971
7824
1406
9000
9533
4251
37
4485
1021
64
7011
7039
8056
9476
4737
1969
9407
5110
4750
8452
8042
2759
360
1064
8181
5426
6385
3987
259
8004
5696
8275
1999
4317
75
1613
8702
9706
3465
6731
8191
4904
7791
3178
2707
8958
4579
570
7348
3515
3386
4223
8528
9934
6316
5557
5970
1201
3547
7279
9562
6547
7026
425
8262
1049
5895
4183
9758
3633
2274
1560
554
2973
2392
7482
5010
5882
8122
5542
2291
1445
3458
6501
3007
4434
9594
2874
8525
740
7929
827
241
2753
3144
4437
2513
4320
544
1126
5077
6374
8893
8044
5237
8681
4230
9793
8489
9389
7154
2369
6174
2206
9397
7506
5990
6616
106
6126
731
8485
2174
4950
9929
6833
1820
5156
134
3579
6326
8422
8671
5782
9941
4437
4546
1155
1732
7173
5639
9749
1435
5932
3508
6785
6081
9278
9805
6181
1655
8570
2861
3206
8309
5278
1144
972
3081
767
465
1893
199
9959
9753
6906
2064
3987
9841
8715
6982
1030
547
211
2630
5761
6400
5917
1067
5075
4517
7946
7961
3083
9481
8613
1445
2419
6797
1871
9136
5511
8660
4004
3638
7376
4758
2502
2297
9860
5385
9522
2303
3214
398
9891
2772
9542
8427
1167
7835
9398
899
2040
8890
8521
9758
8468
5985
969
6050
2606
2817
3125
5720
4328
2860
6232
4867
6215
7942
1008
6113
6602
6032
2341
343
7976
6327
2509
752
7913
6088
7929
3525
9229
4968
8449
4707
6955
7241
5997
2857
6157
2191
8667
639
9872
5456
8341
923
835
7305
3965
9551
616
9394
6973
4073
3629
3059
4523
1319
7911
404
9245
6344
143
1611
2008
4274
5115
8737
3610
6927
9317
7930
5307
6564
2601
8903
8854
677
735
3605
9835
2732
9616
2581
2702
4594
1962
7727
8865
6313
6350
3851
3297
8946
1725
1634
8224
6106
1495
9652
62
2147
9869
4198
4755
661
3547
7633
2089
6582
6784
9746
3488
6417
780
4001
4524
5463
4208
14
8711
8356
1149
2619
7412
7394
7584
6398
4551
4654
2002
5811
9135
564
1478
5444
8417
8464
1625
5654
3760
5430
4951
7857
2156
6418
5457
2989
4175
6962
5972
6529
4241
8543
8838
7128
5968
6255
1902
8974
6762
3553
9803
2963
1224
9087
4497
3061
6436
383
1597
4564
5065
9028
4140
2842
5760
3801
1961
8279
5359
1661
5496
3625
92
4725
1099
6311
4931
1028
904
620
8833
9406
5952
8850
7012
3353
4515
26
3773
5343
9843
1869
2650
3559
5695
9119
4481
2176
6922
1005
4510
6503
5843
6971
7120
3052
6866
5201
5819
5431
8972
7192
5251
9355
5368
6509
4956
1106
9392
5410
449
239
8275
8351
5189
7892
3160
312
705
8638
6026
4541
452
3772
7027
4079
9757
4749
290
9364
3016
5925
3331
9951
8067
1635
5640
5336
6006
5937
4610
4786
9398
1795
2369
3668
15
7410
4203
2669
4549
3876
2190
2495
9090
5410
1038
7273
4004
7744
5901
4236
5192
9519
6023
5218
2129
3586
6938
5973
9484
6870
2372
7331
3738
2649
453
6243
4845
2050
6525
5636
9529
3832
1586
4661
3338
6735
8409
6945
8924
9784
8559
4445
1157
1462
6058
6842
6130
6899
3237
6139
3032
4036
9508
6180
3723
7243
9274
8229
6338
5666
130
9317
3386
1049
9204
2140
7485
9832
3435
2662
9799
1726
7440
9628
9298
3558
8840
5435
5517
3972
7735
1350
1117
6549
227
6033
5788
4536
9225
4258
4303
2216
1975
8571
1698
4966
2772
9355
8973
1091
8331
6641
5854
2814
4807
9173
7739
799
1529
5670
1214
3599
3838
7089
4959
7544
8163
4527
3368
8942
7939
7342
4330
1684
9655
5025
5088
8175
9923
8956
6694
5247
4974
1928
4385
2980
5153
9257
8631
4429
3085
1925
9688
8850
8752
5867
5758
4002
9603
4531
5044
8663
3549
5414
251
4972
9554
4695
5482
5860
5276
9392
5612
8839
9250
7669
8395
8706
5955
9322
2101
4344
7086
8828
9347
7949
6315
5733
8259
8486
9179
2861
7134
8508
5810
5569
9254
6383
6110
5626
4429
9102
3398
8523
8491
3322
3564
5427
8534
2239
2475
6109
2246
3744
6571
8066
8283
8922
1924
1589
3451
8331
2489
4102
4118
2761
7390
8894
2095
6148
1378
7967
986
6071
2752
3577
1281
3916
6117
3611
633
8028
8413
9776
8025
2050
9051
9004
1498
8827
7207
8451
1601
9327
3341
1409
6668
966
3024
409
4364
4212
6213
8813
3757
5545
9730
2972
6115
2315
8354
1919
3368
2534
4790
2836
4634
3234
7736
327
9484
5182
6302
698
3845
4779
5785
5019
677
2167
8326
1158
2863
5646
6497
7900
6738
7750
3643
5496
3286
4093
7103
5996
4124
1256
5744
1682
2921
5575
7163
4981
4713
1960
2364
4831
1536
3800
7078
9322
4400
2072
1725
3846
946
8402
1489
9653
1901
5452
9212
5585
5005
7327
1693
8939
6557
2275
9400
5167
7714
510
7129
319
2623
9369
2016
5060
2036
5486
4429
5047
4510
4995
6561
4304
4719
5280
8294
1334
1416
7098
7871
1217
233
9076
2617
926
596
207
9335
9456
525
7136
6283
1033
8945
1883
1623
7161
5386
7083
7878
6272
3425
2903
5802
6472
4043
6151
8463
5455
1860
9142
4473
1578
3444
4659
9924
7776
3076
838
5336
5172
5325
3668
6671
4126
6792
9527
3576
8809
9570
6434
174
5208
2887
3481
6409
5893
8564
5975
4885
1974
3323
5174
7049
1578
2314
3208
5236
8723
2390
8310
2108
311
6120
3532
42
5101
4806
7435
9162
9273
3479
6347
2215
229
1483
51
5751
897
4873
6246
2957
3152
2079
2130
2995
1905
1994
765
6147
5704
2192
4022
7275
7547
1259
5750
3516
8830
5088
4411
9865
6603
4242
8994
240
3248
3665
6770
4011
1778
4520
9563
9394
4540
4482
2237
1457
2252
4634
676
3184
4520
693
7564
8401
466
3205
1044
1757
1078
6934
835
4727
1567
7569
3307
8078
5098
7959
1004
8122
7677
6261
8709
2152
7043
8099
6793
1648
3251
8606
4738
3892
3844
3761
4107
9820
7347
6134
7479
8519
5787
7685
338
1916
7510
5563
826
571
6517
6180
9898
116
3540
235
8859
5898
1937
908
4088
9459
2085
3033
7930
9476
5533
8868
6435
1636
720
7912
5502
8362
9344
7297
7632
1099
7475
1780
3465
7372
5622
2330
4634
4339
7432
7437
9544
8597
6974
1966
746
6319
7880
2518
5972
3830
189
9678
3998
6957
9717
7801
427
898
7944
3194
2723
1601
393
5344
1887
2103
4654
3576
2622
8588
5282
5319
6581
485
7022
4322
8787
3693
9202
1365
9693
932
7692
4640
777
9731
2948
1722
2726
6293
1431
929
6582
4533
9290
9152
5219
7136
7391
5111
9957
4103
2305
8168
4838
6232
3704
5739
8216
908
5498
4898
7435
2993
2996
2547
4920
5540
8920
7419
536
4315
7582
4618
5301
705
8575
795
7710
9554
84
1311
8676
7891
1856
2536
3050
8500
2156
3222
1131
6530
9636
4950
1653
3363
8458
4211
9856
6163
3807
1424
7797
4120
6604
527
8294
1438
3834
222
4642
4827
1457
774
6906
7089
9378
3272
7886
2020
9455
6954
2376
915
2813
6697
9884
2777
8282
6336
6605
7623
7282
5911
1006
2334
749
4667
6627
9902
3365
2227
9362
8497
4662
1858
9077
7730
8533
1442
9570
4311
1754
8546
1228
1800
7890
9149
9351
6125
1076
7332
2307
409
5188
1035
3126
9222
476
2478
1661
9599
5903
7757
6963
7174
6718
1065
7463
1892
4512
3869
2503
2759
406
9756
5928
5315
3022
3764
1752
7373
2422
5840
5774
4241
8175
3995
7683
3717
6301
5671
663
708
3750
612
9601
7023
3058
2432
9006
9234
9523
3534
3257
920
1052
790
6608
1046
29
1523
8512
1773
9760
4869
5032
3460
6620
6226
2188
6470
5552
5914
8043
4078
7906
7140
2137
5737
4821
5036
6152
6927
8129
6356
2515
3840
5368
4316
7387
7266
7246
3897
6238
2053
5177
6552
285
614
5748
9426
7986
248
625
7769
1407
2085
5966
4498
6798
9926
2836
7312
5057
9227
2096
9845
2783
9444
9448
3301
6851
6544
4528
4355
6296
6646
8422
2002
5205
5910
3863
4942
4203
7269
3225
7951
4817
798
7260
5067
2369
3896
2256
3672
1458
7010
6677
7621
1122
5772
9075
4005
7720
5192
6892
1169
5664
6064
6762
8068
5236
2299
3957
1499
764
2820
1133
1200
7946
4256
2911
3103
1878
9590
1232
1100
9754
6457
2733
7390
2920
4276
3727
3345
6473
7845
1408
6529
4004
816
8222
5003
9461
3740
3679
3122
4428
2702
4101
5116
7697
6905
4156
7040
6900
1111
2888
7539
3934
6621
795
3216
2761
5309
1144
7191
7410
7955
4296
3271
426
5378
3245
2104
6329
2777
5511
2236
2336
6891
8616
5284
955
8703
5574
9275
9867
3046
7103
3929
1181
1401
3625
7555
4249
3342
110
7776
3514
6088
2295
3178
5960
6300
4993
9465
4020
6624
6383
9279
6455
2863
8124
7790
9817
3070
4500
2121
5064
7545
1921
1701
8928
9371
9647
204
1676
5937
3818
5203
2310
1472
1131
3963
6230
2703
5983
927
5175
4061
8012
4849
3979
3033
6285
9919
617
5424
81
1798
7635
9973
2165
1842
3526
122
9609
9657
4819
2475
3515
8568
1640
7668
4013
3596
4585
8301
1773
472
1007
3506
1408
4179
7537
4459
7282
5600
9591
1966
7960
8040
3949
4363
2885
9410
4980
7880
2543
9289
2992
6625
3819
8585
1496
1515
914
1211
2259
2607
1492
8247
6616
8235
7368
7811
7180
5826
6569
6937
8671
561
3584
7553
6225
2143
5312
8041
2258
1703
210
6964
1149
4892
7242
853
20
6172
516
8520
3746
544
4923
6356
2527
6944
4309
8290
7439
7768
1261
1572
1094
863
2714
5169
6999
2308
4487
9904
5739
6624
9824
2123
5236
3101
3538
3768
8657
4286
3464
8337
7611
9664
4835
6867
77
7280
9981
4105
3491
4139
4122
9226
798
4956
8425
954
966
4290
4649
898
2305
802
4703
4718
2263
6346
6184
7663
7300
5254
7773
9910
7781
3633
9037
1247
5120
8396
6294
5427
2974
5040
6703
6223
1132
9318
2195
5579
2467
5956
6297
800
4421
4193
17
3715
628
5815
4177
6944
6505
2098
3958
8209
5007
3864
1863
1942
9256
5397
6439
9247
4245
806
3415
2877
7860
2061
4074
7401
6692
1186
7853
736
7679
1641
6536
105
4656
5397
2557
7182
693
9784
6495
7939
8808
2195
4358
8039
4122
8113
8852
989
8716
2984
9485
2513
8320
6224
8540
7804
9634
3598
3226
3516
4931
9583
6258
4717
8891
424
4572
463
1608
7899
5579
8846
8018
9544
3902
3089
2693
9625
9747
9754
5951
6855
6199
2353
3845
4119
500
8255
226
1958
8164
7051
6782
2426
8673
2658
779
6195
4652
4604
6490
7933
5720
8406
8628
8270
1964
8567
5742
9119
5651
1644
2840
7211
3682
4389
6204
8293
4315
5114
3319
2281
421
4877
8688
6263
0
7279
7835
6543
4618
1728
4847
3334
3042
3146
2907
2100
8695
6355
2659
5050
325
372
9216
8828
6221
9756
3136
6125
897
3500
5875
5298
3954
9758
2822
5378
2479
269
6384
1119
7022
9097
4191
7852
8926
6845
8403
2913
4074
525
4308
3657
9546
7529
7039
9197
4632
5700
8381
2646
3072
1567
2463
7967
1695
1743
8130
8743
888
206
6368
9025
3810
896
9127
7723
6535
2121
6142
4036
2722
2369
8103
2533
7680
8578
4935
5376
1148
6039
2412
2794
9013
1178
1311
6156
3924
367
1996
5621
5943
8799
9802
1191
8446
1205
3066
2645
9490
8311
9776
376
6859
5266
4623
2709
4192
7974
9482
1004
1868
1622
7152
1339
284
3738
1759
1883
5728
4987
6412
605
1757
5614
4799
7500
8620
568
125
87
7114
8575
195
9307
6598
4351
8010
9463
6704
7364
6089
7448
8068
2643
3974
6473
4761
8757
3346
4897
1141
7179
1027
9910
8100
3632
8493
1086
822
600
7570
4164
2330
1202
8501
501
7866
7613
6843
7977
2916
7660
6039
8276
8221
9429
4694
1578
7864
9651
4705
6721
31
3337
2779
6036
4053
8044
4465
2118
4997
7432
6870
8912
3525
7976
7601
159
7676
221
3037
876
1725
8937
1055
6769
965
7175
6842
1743
8659
5444
7766
8467
1678
7767
9812
8402
4380
6904
5952
7174
1584
7945
7363
864
2750
1004
4768
8947
1199
265
4877
9541
3211
6297
7182
9437
3541
2813
2505
5786
6399
9713
9687
1688
2677
1810
8817
1306
453
5572
4579
3373
8621
4846
6454
219
9964
6586
5462
669
8330
6149
1759
3647
5167
6711
7781
2574
5925
9004
4041
955
5070
676
84
5083
1533
1294
4497
2086
736
5109
5379
8068
5481
1357
4018
5553
8372
1232
9718
6707
6245
1735
7303
9702
9563
9750
3175
7390
7759
3435
4944
7861
8360
9604
1744
1080
5992
4260
7780
7100
7909
2882
1073
5978
2940
3178
5406
2872
3704
2620
298
2808
6186
6796
4679
3656
9236
6636
6810
8781
478
472
8158
7535
9528
9305
8807
3019
4987
7026
4579
5845
8207
8700
7885
3960
8862
9551
1834
5617
1940
54
2889
1626
8902
8393
9225
5100
5576
4754
7012
4746
651
2874
1051
5613
6387
5672
7850
7463
2239
1022
1128
6539
4234
1587
8470
7396
7055
3685
8855
9519
8889
7259
8591
2353
1098
5981
8097
780
2209
1566
7321
3112
109
7455
8917
9651
2257
888
669
1351
9718
620
5198
8272
7335
5231
114
1128
9079
2275
82
3657
1374
442
7934
6621
5330
2685
7648
5026
4420
4495
4077
3159
946
8139
7804
3071
4130
3362
9982
8958
8093
5918
4399
961
7182
925
5285
9335
9798
5978
5871
5862
1282
6597
4019
2566
9849
4551
5243
3674
901
1794
3032
7135
6800
5616
36
7477
3124
407
6261
4280
4873
5509
7688
7099
7180
7089
7987
6809
70
8984
6697
4827
9700
751
864
5666
9228
6470
1467
5404
8074
955
3780
2509
6368
2819
9060
39
65
3402
9109
8461
1126
3115
9290
9242
8155
458
3520
2328
6324
1107
7826
2386
4944
6613
7199
4072
757
5004
3026
3977
5663
3372
2704
6181
5835
5420
1250
3976
1204
5186
6053
1077
3805
6308
3670
6633
4206
6508
9297
5008
462
7406
9735
5100
7484
2497
8640
4384
3715
1618
292
9980
666
4450
1585
6282
7219
227
1182
7279
1218
1528
623
3295
5063
8080
7159
2288
4169
1555
5926
2763
8222
323
7699
4423
7768
9576
2134
1415
3901
8568
3952
8215
987
9955
2656
176
5631
4429
1794
3462
3687
74
7332
8040
2434
9417
4306
7151
8416
9344
4065
5317
9949
7763
2931
3072
375
146
6125
2073
474
8879
8390
5101
3240
5179
8793
9458
2455
85
8023
6867
8847
1793
8049
6809
9155
1565
9798
5218
759
7719
9973
6671
4583
8445
1316
1504
3702
2975
5163
8471
200
9537
8417
6466
4446
9814
3828
676
2174
1032
563
4762
9907
3061
2084
2395
1703
2463
5181
3630
3026
4547
8426
9522
7115
8446
3699
6925
6008
7588
2301
7836
9263
8203
71
1689
3148
1978
1678
434
386
2967
5770
4488
7139
8663
4015
9335
5303
3945
2659
1078
1075
6864
1150
4391
3971
1842
9019
5053
5901
5132
114
8965
1922
7385
7927
1891
4431
5303
3495
3001
7550
6442
3537
3730
5789
3345
6808
5544
9887
8860
1609
3842
5065
6643
5785
8051
9246
8378
4241
7022
8672
1324
1674
1823
9940
7890
4408
6067
9609
1489
3644
6036
9228
2524
297
1091
7585
1625
6335
63
8716
2649
4833
143
3247
844
5628
393
5202
6249
9294
3276
3417
3342
3802
6847
8310
3978
2919
3353
4057
4343
5780
2478
429
7134
8411
867
242
901
2779
8839
7429
137
3790
7878
5838
8084
3072
2109
3046
8223
5080
9429
6999
380
9207
4232
6998
7787
2494
7472
3886
871
8831
8984
1748
3878
1209
722
56
5983
6602
873
9512
969
4140
6502
1850
3272
1713
1391
6956
5544
9640
6478
1474
7114
6720
3426
3215
4899
9937
5740
3927
7010
8344
5274
2219
4472
9140
6214
912
5339
6651
9711
5289
2355
7091
5957
8649
7270
6359
1434
8908
8284
1132
368
1510
283
6182
6839
6560
7654
6631
1255
4059
7764
9807
5780
5026
5565
1584
8227
59
349
2318
3757
9983
4690
6831
2912
4482
8768
1195
2727
1989
3527
2569
1167
5779
5007
4079
623
9927
9035
9177
215
8923
3055
12
5937
9927
1599
2941
9345
4531
9938
6762
6648
2150
1323
2742
8235
560
8521
5825
8801
3494
9434
8694
530
6259
9537
5920
4884
4877
9055
2041
7685
7573
5878
4047
1798
2729
8215
6471
9458
5351
4558
4191
7532
7492
6444
5045
251
855
1058
6340
2015
1212
313
6195
4576
427
7594
9369
4153
9603
4361
8779
5322
1759
4035
5090
2190
9938
8611
8226
8721
8205
9206
9278
9278
3568
5056
5227
8659
5646
6149
5826
8060
6890
3385
3890
3994
8761
5459
438
2545
2441
8194
14
7532
3640
3657
8751
6295
410
7788
6584
9759
822
39
1143
7632
4622
5218
5719
1078
3328
6682
3058
4733
7626
6490
3680
2721
7748
6667
947
7065
6889
6231
1577
6449
8977
549
6537
4839
7991
242
1380
5637
9479
2623
7375
9400
3634
6112
9036
9236
2810
3127
7488
3614
7555
7568
4625
1753
7675
9861
5375
4043
3771
2265
3573
6405
4993
7495
3371
5127
5914
8215
6020
1810
2728
8518
8396
4682
5516
7822
2006
5131
6786
726
4491
5498
9098
3977
5125
2555
9094
5323
5308
4213
2806
9203
7021
7729
5299
3067
3153
8613
2683
1813
9154
5948
6325
9327
6088
5017
9662
1677
7352
8921
9822
4877
2737
7156
7109
9368
7729
4582
6681
2517
7446
1995
7076
985
5086
4790
2663
119
5211
1806
8130
3334
6729
8059
7536
5844
6439
4517
5750
6542
9807
8934
2062
6064
7067
3938
994
4129
966
7650
7060
8465
7126
3426
5911
2966
304
2287
413
6798
5122
1287
4140
8225
5168
8485
3253
1070
4369
8991
6227
6689
661
6018
6673
8232
9262
7937
7645
716
6461
7353
6636
6054
157
378
1664
3744
2723
6356
6942
415
2752
5748
5021
8167
7037
1453
5371
9329
6741
5465
2624
8792
6820
8412
2926
1464
1719
2518
763
975
1496
1141
3386
8426
6986
1849
5980
4944
6648
4935
4106
1727
5169
6885
5150
8617
998
5987
2092
6101
3895
5457
4310
1558
1491
1530
2492
1260
7428
3971
2573
4690
7357
7954
4985
5460
8875
7355
6806
9268
437
2446
1370
6274
461
9382
8921
9060
8990
4985
1224
3436
8340
7059
5821
1326
1443
2957
1882
544
1799
6375
9275
3785
1047
8525
4060
3101
4299
1577
9626
8604
1738
5301
689
6687
5390
5600
9550
4555
6630
2213
8893
1341
1917
1350
1383
6071
9067
6591
2857
3520
3939
3087
7879
5655
6441
3975
7121
1681
7352
4276
9948
4635
5216
7506
4484
4135
2899
1934
4355
4164
8741
1637
1283
1083
4354
5455
6917
7515
2607
2004
2136
5417
9273
6675
2524
2677
9892
330
1688
9187
6906
