239
129
7578
3741
693
4347
8411
8301
9534
4301
346
7480
8179
2966
13
1734
3870
9236
5690
8135
3495
1924
7572
4959
249
3770
782
3775
5018
5673
5333
4291
827
4167
5330
4851
945
5279
2084
8165
4125
6579
5193
3874
5391
3592
7299
4060
701
2902
2200
8047
9022
9727
6411
7602
2810
8800
3606
8089
5329
9874
3281
8302
5129
630
8279
2023
8957
8366
2522
973
8784
7273
2604
723
6526
6849
520
2574
1262
318
2221
2584
647
1557
1255
230
2510
602
6530
6994
629
7225
9865
5532
3549
107
9209
4568
6263
1008
1059
3160
4031
9606
2126
7226
360
9331
688
2660
9971
4041
2208
789
1158
605
7248
6876
3437
5137
8732
5462
1706
9990
9728
6
2093
6597
6032
4199
4344
266
4812
508
3807
7433
7306
5404
2696
4461
9232
5843
4282
6681
5429
401
3301
4815
5574
8643
704
7883
6401
1673
6962
6896
6462
9476
5939
3488
3520
8849
5097
6978
896
8370
9572
5448
9101
2709
5801
8820
1178
7472
9193
113
9475
2262
5183
7275
7286
9529
9525
4687
3080
7779
7149
3595
6060
8915
8790
5437
6236
7600
7156
9198
2181
6691
908
46
646
7788
5482
7763
1179
8612
8492
9453
7938
8868
5633
1577
7499
9479
5971
8306
2243
70
256
692
8281
4918
7785
9617
7075
7531
5251
5231
5364
6346
7637
2052
3157
2312
6101
5779
6740
2879
6142
4162
7094
4691
2458
855
7537
7127
9099
4680
9837
4496
5281
6949
935
2291
6274
5016
1244
2184
169
8599
2680
9212
4794
1697
5282
8541
9066
9310
4805
7978
8574
7554
7337
6959
2235
6030
100
6601
3129
9114
6473
1517
6669
4236
8400
6810
5323
7931
4777
1439
3843
3675
4899
5890
1193
5459
8325
377
1849
2738
4512
5928
8717
8205
1645
1898
339
835
9225
7679
1060
7452
5842
9549
7618
8723
8852
9093
3085
6534
579
1429
9789
4828
6903
5054
7171
8809
6503
4889
7885
488
5917
7921
8830
3434
2012
9328
3588
8191
3783
9515
409
836
1764
1915
8306
8574
5191
3619
9725
7451
9063
4789
765
9908
8211
7807
2274
3502
3585
6763
3842
8134
3875
524
3502
7829
3427
1142
6793
7041
5245
5047
909
7022
5148
2374
8736
2060
6264
7783
1298
6167
1516
9929
9169
413
3485
5241
7854
6515
5641
7457
8770
3795
5727
7596
5120
4947
8416
5485
1916
2625
7408
9546
3306
9546
3238
3668
6504
3239
9146
2954
3353
6778
5451
7978
5684
5978
5333
8409
9632
9358
675
2537
4366
9601
1556
9310
4249
8223
9191
635
2220
6189
404
2958
3225
4442
6691
8825
8688
4403
5941
8204
4567
7153
9021
1925
6992
5572
3932
3023
7315
3219
3860
1635
5534
8715
1919
8470
905
3469
6623
1419
3206
6002
1898
8523
3028
1138
8941
3376
3899
3922
4809
4972
3781
4520
25
1847
4384
2996
15
8707
7269
7624
6506
3923
3067
4509
240
5500
9144
7989
7904
9004
4857
5702
8921
8871
2921
7249
5483
1412
5293
9849
8618
4407
3383
5388
3450
9169
6126
7510
4675
5080
3339
3939
9534
4126
4549
2697
6407
5500
3642
4966
6291
6393
178
3447
5300
7319
1636
4370
4928
8317
6918
3674
4718
379
6101
9057
4695
9670
2880
1939
8308
2380
7048
3905
8101
7204
4773
4550
4969
2380
9002
7041
7946
2024
6044
5238
219
8782
9016
6691
8409
4177
4177
2930
5505
3092
2326
3881
4435
6017
542
5889
5858
3668
3283
402
8074
933
3806
8323
1943
310
3205
5745
8265
6437
3013
3219
6125
589
6032
9603
4428
6516
8135
7693
42
6204
6150
277
9721
7478
1392
131
2266
5757
2763
1683
6303
9796
9330
7582
2550
7507
3235
8544
5247
4443
9019
800
874
5048
929
1635
455
2132
3437
4346
208
1966
6115
2822
8312
7577
7411
7661
2087
7028
6268
1503
5349
2037
1370
5085
3827
9488
2233
649
1335
7695
7289
682
8687
7684
5980
2134
7393
345
6900
2157
9485
9851
9935
8540
3428
9994
2414
181
8800
6577
3045
7453
4661
6439
8126
1988
3483
7764
929
777
4949
4347
8140
5460
9615
396
7210
5507
3382
3768
6563
5039
450
3724
2911
4820
7541
9255
8496
3843
6193
5489
9400
8372
6215
8592
2629
3670
6228
5398
5844
94
2530
3870
1832
4286
4069
6596
3634
7478
464
7888
895
8215
2304
5660
9746
5627
2357
8584
5985
1999
4689
6856
3556
460
7103
5815
3642
8235
7421
3263
7603
1438
3493
4198
4799
1609
3248
1796
8965
9984
6417
4444
2636
2714
2876
9376
4309
8928
2079
7290
5119
6715
265
3176
4926
1958
2405
7889
8980
9032
9441
6838
2278
5388
5692
3529
2183
6151
8339
4078
763
1830
463
7337
5466
31
9078
1332
9616
6081
3357
7984
1716
945
9387
3507
685
3377
1286
2783
6759
7699
9053
6356
3409
8716
8989
2308
4266
3042
5588
6844
959
64
6796
1782
6881
3539
8728
5675
1022
1928
1692
664
4585
7394
202
8062
6231
6791
1846
8684
3778
7055
8574
1158
2319
238
3634
3593
6589
6178
5391
3546
9073
4459
7245
3894
1234
2731
6020
2119
6470
521
1361
5044
9590
7470
820
7251
2450
8087
8634
5784
1857
4507
8023
1079
2765
3233
9852
2021
6074
9005
3105
5258
9488
3796
3335
6173
3234
1042
2602
6072
7340
4725
8119
4515
4873
3820
9622
808
6297
1952
497
6445
6555
6325
8429
6784
5474
8431
2246
595
9753
264
6454
1248
6645
3144
4315
4952
5787
8075
3377
9620
2139
1452
3851
3080
3300
2385
4244
6125
8746
7153
5322
4620
167
5656
4024
8207
4927
6728
5963
1885
1650
248
7822
801
4299
810
7759
2214
5690
2268
7334
4189
9180
2849
4497
9177
8676
9117
6801
4520
6576
1963
7721
1563
7104
1344
8244
9794
4942
7719
791
8634
3284
4693
556
1785
2710
3688
6129
6718
5762
1612
527
8857
8459
8949
9425
1409
4996
6219
3576
8342
7271
3553
3102
2317
5648
9979
8579
5997
4424
2710
6005
4040
1817
1764
1657
1984
396
7015
7486
3170
6915
2220
9311
8727
9338
2049
409
6468
6800
7214
2524
9128
2572
8033
2583
3805
8407
8255
3687
913
336
1967
6803
1428
243
7237
5906
1407
4377
5635
2678
6516
9326
718
3089
513
83
7264
1474
5240
4158
26
3137
4502
5077
5030
7404
2112
9147
7473
6696
1852
7665
8022
4670
441
8891
8557
2700
5288
9171
4984
7750
44
381
6057
4714
9824
4746
8004
8933
9009
8248
1989
7814
8779
6667
3923
1081
2392
8338
6766
801
9195
1355
2147
8247
8959
4797
3915
72
2740
4288
3590
5995
4943
6958
6227
2482
9301
8780
1291
2787
3340
2070
7112
9256
170
8956
952
6301
112
3476
1143
2598
2781
8911
5862
9208
8360
4974
9181
3014
4573
3109
4709
1496
3659
2932
656
1379
2662
2519
4304
3562
7818
9662
3684
1514
3832
8165
1144
6913
3842
3383
8748
9307
1406
2884
2960
4968
7671
3889
886
3734
959
1302
58
2362
6304
2067
7579
4324
7516
211
803
4768
8212
4637
3058
1744
7289
3606
1116
5728
7811
8357
5034
3746
4694
6101
6563
7418
6327
4841
1789
956
5085
4017
1606
8061
4520
1390
6524
4251
1448
1676
4514
4964
833
948
4098
8285
6953
3750
8776
7920
2329
7972
3040
8417
8578
1541
1449
6392
2650
6607
7254
3237
2476
1030
5462
9613
4731
469
500
3028
3174
7936
7714
9675
2970
2404
1905
9440
2309
5403
3406
9236
7639
3140
2117
7372
1561
9693
1400
8664
6754
3438
5794
8177
7327
1691
6479
8611
8853
7488
4898
5950
2237
9462
4631
275
791
2338
8532
5404
1165
3059
9466
7638
3569
7409
663
1421
7763
4735
5490
6928
1770
9804
916
3552
1901
5216
7539
4877
4896
5477
4518
1500
1686
5227
9525
621
5974
3086
6965
2485
6797
9268
2880
7675
6264
5694
8369
2123
9167
5612
4160
5316
2662
6404
1892
4330
282
283
9068
350
6095
1597
3617
1934
4535
9125
2774
9072
3469
5560
1780
2060
7231
6773
3698
6201
722
4322
6170
3881
971
9587
8958
3385
6017
1433
579
6874
9939
1488
58
1596
1519
1331
8274
3362
1638
5627
534
9852
1668
286
5718
8656
7940
3236
1230
4487
8838
9588
9359
9053
5065
8052
1000
311
6354
4687
833
3776
2399
4087
7218
8000
4139
9462
3931
1353
3334
7529
3499
5035
4772
7449
2949
8013
1993
2983
8168
5350
2737
1306
8409
2179
4537
3284
4169
5402
7077
2200
2389
9541
5892
5615
9833
4386
366
9070
6251
2929
2004
8708
2907
5882
2838
3658
5073
1681
8880
8190
6155
4594
8863
8526
8789
5137
3123
2139
7549
2552
6933
7938
8408
8489
9275
6277
1724
5651
4451
7293
5078
8257
9414
3212
7214
2715
9255
4561
6987
4196
6545
1316
2434
9047
7878
4498
4238
6164
7277
2284
5754
7840
3708
6533
6421
4582
5264
3633
4669
8432
8543
1273
4866
8732
7122
4601
2360
7807
5404
5249
736
1536
7909
1147
6358
7322
7966
2726
4291
310
9516
7515
4813
13
2927
1508
4519
2899
8604
7571
8946
9021
6020
5048
305
2166
4259
3217
6864
5235
1675
1255
5557
5321
5866
6429
3325
7692
2361
8590
5835
80
3812
299
1227
3587
623
9775
8845
6773
6225
9639
9567
5648
9967
8206
4744
5876
3125
7368
4766
65
6728
3615
1171
5126
1184
6282
9055
1334
7632
990
1505
689
4403
9714
7068
4846
2689
632
3690
4420
2320
3677
5381
9679
1772
3898
7483
5888
6405
7190
8136
5019
9972
3508
5673
9698
4122
6599
2389
2696
3590
1703
5784
4418
342
7212
7240
967
6727
8352
2366
5470
2756
5544
7050
9604
6442
194
8104
8761
5291
8748
8950
711
1189
6210
4591
6303
3212
6913
2090
994
7623
9455
9592
7487
3954
1371
1716
9937
5725
9796
2276
5414
3908
2083
1060
9684
3305
1888
7508
554
8220
6583
5351
9118
3949
9373
5042
1048
3498
7999
5839
1484
2747
2774
931
9216
857
518
433
8363
8471
1437
8104
8873
2401
4912
4165
2480
8668
9812
4994
2653
7349
9152
9854
5379
4034
2712
8971
5247
6695
1001
7484
7861
9572
4961
8761
2607
1237
4884
6901
2150
4393
9809
8182
9766
4519
2959
2817
7102
2850
9020
4123
4734
1973
4799
5630
7565
7459
427
6746
7521
3969
8833
4879
1282
407
6712
3511
5129
9520
273
235
7164
4126
6650
1580
1322
6541
6663
8838
786
3365
5045
3044
5107
5952
6949
3703
3195
3506
4529
1407
9273
7473
745
2262
2592
947
7248
7080
4098
9040
2342
4811
8084
766
2699
1525
7219
4736
7242
7415
7763
883
45
3102
2919
7397
3512
9244
5821
4703
6169
3281
7480
9250
4909
4861
8581
3591
6757
5295
2761
5019
8165
2093
3498
5837
939
5382
3093
4189
6550
7681
2028
7162
7023
1330
2509
9191
7087
9866
3101
9720
9425
2082
5097
1486
9953
130
7214
6771
9951
7209
8879
9967
5806
9006
2354
5954
7994
5643
737
4639
9911
5603
9993
8363
1340
9711
2774
1212
7277
4575
7591
4800
8363
7288
7718
1029
4562
9054
1624
8494
8337
4756
7697
568
99
2141
2483
1532
5478
1198
2165
4633
3227
6301
5464
3498
6053
7756
4950
5533
1167
2080
2143
9677
6563
9675
6759
2599
8618
7833
3085
5963
2519
7169
3734
4799
6441
1681
9900
9351
6833
3807
5307
4789
7282
7097
3996
2491
6647
1845
9149
1747
643
2417
4902
4129
4139
7964
8959
2033
4515
8034
4333
8841
9050
2010
2213
3794
2375
5393
754
9847
1019
8017
9551
8861
7350
6308
3229
6729
1737
3707
4056
1031
8951
4763
4682
5347
3504
4536
5514
1937
5816
9220
8698
181
8320
4704
904
3875
8761
4945
3475
8742
620
7351
9256
751
9486
2780
8951
2892
2086
9851
8465
5072
6709
6980
1196
6433
3199
4674
692
4729
4514
6894
1171
5737
3319
5190
3176
9128
328
9114
6244
2329
7818
3371
8687
1413
6864
93
2385
1413
6111
131
1825
9564
300
9774
4632
9467
2548
3299
2225
9669
2978
7639
3688
7783
8939
5165
8301
1008
1058
4638
4653
9260
6425
4
5429
2780
4894
5732
8451
4497
7932
6231
6103
415
5547
2575
2707
2787
6470
8896
9545
7274
5566
2259
8692
5225
6326
9848
6137
3723
2126
229
9928
8069
4371
4417
8396
506
4799
205
6337
1435
1911
327
832
7171
7970
1948
7045
6010
1688
7597
5948
4057
4936
3950
7423
7137
6749
9262
9058
2485
8339
9807
5783
117
677
8399
5382
6387
2305
1614
3132
3447
3918
490
2654
4424
1456
2234
7608
4586
9355
3375
5427
401
8528
3965
2785
4184
8380
4037
351
634
1366
1564
5316
3025
6048
6299
9391
4856
1108
1253
6092
4266
8076
6824
4359
6747
3520
3466
9559
5187
4909
4722
3955
8264
5562
1809
3808
2954
1574
9145
2523
1771
394
4650
1791
105
1114
9286
9260
8076
905
3090
3735
7084
726
3295
2108
6871
2167
8350
828
6960
9589
9033
3341
8339
6805
5519
7841
3428
7558
8494
4161
786
86
1129
6806
8617
3032
2442
6961
4093
6004
7419
6130
4053
6716
7611
6886
6329
897
6520
8443
9952
9184
3964
6365
7546
2766
5969
7500
5133
5635
7447
9861
2471
7608
5625
2918
9864
7592
3993
2878
7769
1672
5753
2948
4324
3989
5798
979
7795
5827
7353
4492
4641
4447
5994
2409
1245
7316
6002
7951
3316
1697
1448
2395
1695
3728
1240
5736
6013
5002
8951
6171
9526
3663
4635
2790
9819
4666
6402
7101
3013
3627
5819
7168
6553
5566
4390
121
8431
6512
7269
1085
6398
7847
2581
7424
4327
2477
6839
7315
9767
1671
5921
1548
7933
8124
6498
6097
9606
3413
7233
451
1905
482
7965
1960
3006
7808
4450
63
8492
2399
5558
2131
298
243
9078
4127
1807
3871
2256
2687
6594
6190
452
2178
1122
2617
5726
3018
4604
6490
5987
3929
7275
3451
1527
6913
5497
8554
4067
2825
9862
5115
8063
5249
6677
9550
153
1552
4886
8302
6878
8250
3473
1876
5235
7952
6291
6928
7578
105
5633
2824
7631
9453
7018
3937
7746
2213
7899
3413
9065
8691
817
6314
8086
6299
6991
5454
4792
7695
2092
5057
5156
5910
8610
4525
525
3054
130
6075
2310
3545
1293
3670
5622
4007
2427
2474
7822
672
9215
67
3376
1189
8427
7211
4832
5668
1530
1686
5886
2740
3118
2002
1814
3815
7680
9897
8222
438
8899
6277
3180
5475
1783
1656
7283
6532
2428
7201
7904
8356
2719
9040
1717
9039
7058
32
1706
876
4770
9789
5726
7673
9597
3570
6574
2840
7363
9065
6761
895
8938
9940
4964
9920
8873
6307
7762
80
8153
3665
5044
9806
9078
4349
7112
5145
286
424
2820
8724
2569
3979
4157
9654
806
9418
7579
4925
3822
9249
5933
3255
2581
457
6863
2383
6061
7379
7078
1621
1292
8299
5372
2297
6943
1069
8266
3979
9182
6939
6473
8810
6214
1567
8628
2264
9333
3468
2168
6147
8983
3606
5155
5440
9248
7590
8005
655
5893
1518
484
6105
2835
5895
9040
7362
9102
7480
4926
759
7196
9385
1025
5508
1432
6574
9046
2497
4356
7848
5347
7910
6512
3833
1682
8812
3537
7430
5254
1860
635
4616
5599
5535
8710
7016
9997
2949
1349
2607
1022
4785
8232
6336
895
7132
72
8402
8180
2641
7527
6158
2440
6039
9820
1225
5940
9128
7963
6600
2033
4960
1180
8021
8679
4357
7382
3641
4106
8576
6923
8832
2628
1969
9233
1521
1294
4087
9914
522
6327
983
5902
2141
9945
1719
6037
5296
9966
8704
569
2614
1028
6341
8238
6768
1830
963
1246
1083
1080
129
2076
3588
5790
7278
3308
8856
8848
2604
2916
4734
6821
1643
7475
9307
5318
1858
4680
1855
9289
3601
1411
1657
3169
9264
1252
8487
4105
1821
6761
9143
6285
237
9873
864
8670
7455
8437
4781
2017
2214
4223
1274
1070
2167
2747
2758
2869
797
1770
6067
6848
7266
6575
2507
8402
6402
5343
7512
8296
4324
5783
3289
8511
4628
2966
1789
7219
5736
3560
8659
2147
5648
3318
8140
1776
1817
8332
1444
7515
2509
4921
3376
8268
7129
7846
1562
6397
6248
3411
4913
2118
4924
8795
6571
2862
3562
3584
9784
6252
11
5491
7387
99
8802
5909
6797
6748
2375
835
20
4646
8330
4437
4336
4417
6556
2055
7164
7480
7344
2008
57
7731
1226
6679
50
113
3403
7758
3709
6644
2983
7962
3323
9829
464
1132
1327
7759
3317
2765
589
3662
9924
2734
3138
6907
331
317
9777
6661
6899
3949
1766
6180
7801
3891
6558
695
4357
8851
6650
2168
5770
6248
5847
5449
9511
4243
2374
9963
4242
9733
7185
7060
8848
2417
1045
8788
7027
5814
8297
1045
8297
5270
1005
7001
5442
5416
2976
397
8857
6388
4802
4543
5089
1258
6820
7842
6067
5622
309
6380
1671
8687
6482
2694
5543
8447
9346
7618
717
7861
7473
7176
1921
5698
5820
6974
8322
8298
3243
8588
1935
4704
8311
9703
2799
7112
8084
6907
3261
7439
8991
2937
4686
2153
5994
6310
4912
5299
5656
618
2231
6599
9368
195
2772
867
8823
9821
7249
6953
1397
8691
6406
9553
7470
6524
4352
9779
3370
1217
2459
3956
2444
3309
705
8210
9500
4613
6647
853
3882
56
2863
245
8021
6072
9831
3866
6421
6114
3986
8301
674
6413
1641
3968
7711
5116
7953
6028
8576
4359
2776
4243
7355
100
9066
219
5801
1270
7336
3637
4449
216
1858
2513
7644
9338
9054
2157
5333
3054
1105
8597
1559
3956
1382
2637
2600
4480
7947
5022
3294
9788
875
6957
4333
4792
1605
7512
9432
3428
4711
1626
2887
9328
4261
9381
9262
230
4419
3871
2949
9212
3478
595
4311
9853
7737
2378
7723
9732
7833
5484
7022
5453
5061
2775
7578
1381
5203
1611
2563
2193
1603
5385
9730
7274
5146
5015
6670
3635
4713
6818
6549
8631
5285
8724
6770
1604
3722
7397
3090
4948
9603
4996
5565
5917
2317
1555
6466
5618
1897
2396
7842
7358
7784
8030
1963
7231
2106
4355
4038
3232
3120
1636
9539
5643
8107
9358
3474
831
8804
8612
3818
4062
3273
3793
3192
2178
9065
1328
3472
6927
6740
5550
6099
6597
1530
111
1013
443
2052
4382
4364
4266
9371
6052
4960
644
3519
4855
5309
4356
7754
4027
3012
1564
1651
8600
4970
8905
5439
9419
2413
8516
9529
1047
8150
2573
134
5472
9136
8085
2020
5208
1159
1571
7359
638
2841
9231
6757
3753
8386
5692
4580
6845
3435
3341
5830
7807
5884
6284
9037
8004
5123
7005
9544
8145
9880
4011
8562
468
271
7843
2200
7671
9953
9839
2
7320
8001
1223
3830
1592
1861
1951
7675
6790
7189
4210
6975
9844
8608
4525
2198
8111
4776
4488
5239
377
1948
1524
8080
482
4511
7591
7722
9263
8818
4968
1720
4571
8028
5134
7596
2620
8660
8515
2153
4915
4701
3447
6742
8153
654
1905
2983
724
3973
4855
2693
2337
5405
7399
1489
4539
8652
3769
8425
3888
5520
3464
6580
5929
4286
2595
2549
9481
6219
3867
9708
3206
5383
174
3439
7768
8590
8135
5450
5762
5738
9326
3762
1157
6701
6969
2520
7737
8770
5797
40
2041
4774
6543
8231
444
8929
6579
1734
6440
7468
3765
8843
9254
3425
6734
2626
1161
7974
8600
6803
816
929
5797
4076
867
8027
7116
760
6517
2535
498
1766
9071
5812
3928
9750
137
4956
2741
2362
2163
5005
8741
6789
2568
2096
6176
7137
1452
6676
9748
5397
1432
7981
5248
1734
4077
9700
9518
9218
7000
7299
8827
4201
5941
6875
2847
6850
5195
8006
6206
6737
3900
9742
1459
777
7013
5771
317
3126
4883
9674
1105
1969
647
7492
378
6930
1763
7386
1542
1594
917
7856
8940
2638
1747
4257
8821
6769
5617
5456
334
2369
2856
5342
5797
9938
7497
9458
323
3936
1230
7253
1612
7467
579
9701
5041
5446
6742
9207
4531
6369
7764
4217
1058
3314
882
6126
9566
8437
4835
2512
1505
573
1983
1878
9538
9714
5446
2883
38
3174
3403
5230
2084
3613
3264
3078
7933
9899
2608
351
243
667
8225
5379
4419
2941
8236
1474
3846
2551
1361
9254
6946
8501
208
5274
1888
5313
8509
4156
8083
7188
5574
8021
9318
1636
3049
3720
7141
2204
529
7045
9947
1437
5401
5713
7133
1189
8522
1172
2353
6034
9765
523
8532
5915
6492
2310
6162
6088
9579
5925
2203
2504
7315
6903
7415
7411
7145
3769
4197
4360
8398
9070
651
4252
976
2655
1772
4863
8392
7325
4639
9064
4418
2499
3350
4378
7668
8229
2644
49
2685
1608
5542
4814
8349
598
6503
7940
5662
9050
7916
2540
7292
6361
2907
1087
8179
8540
7020
6614
18
5817
1730
5980
3636
7384
5489
126
7683
7263
9697
5046
805
6758
427
5534
402
6823
4491
7393
1881
8333
8822
16
1343
8390
1514
9877
3863
7985
338
9029
3283
3397
1624
842
3939
107
9856
5674
5377
6324
4545
4843
4282
526
5663
4645
8576
5153
5166
8171
1500
2381
2279
6032
1761
1840
3115
8316
2625
8888
906
9059
6791
3805
4718
2629
9457
7781
1964
3522
497
2119
7056
3437
590
8515
8161
601
2493
5011
7212
6269
8968
9867
1693
1945
6356
2604
5615
2090
7449
12
1442
8848
5387
6338
3132
8831
9870
5964
1822
3855
8242
6689
2112
593
2615
2630
6003
705
9550
233
3253
8503
8029
5183
3598
5391
9038
5600
3413
5767
2910
8504
6114
1648
6996
9210
4205
3930
321
1900
6469
3823
8892
7952
9231
8233
9864
736
6332
6451
3767
7248
9822
870
6199
1016
6989
6476
5318
5738
9773
729
6972
8235
5748
1537
234
9040
7876
2528
948
312
7113
1343
3868
1326
9693
3856
5040
2741
4185
933
6745
8179
3674
7747
4016
8072
354
3571
4621
4028
2864
4727
4344
5936
1219
4491
7078
7264
849
609
480
2528
3322
6785
3713
3694
5672
4809
6685
2321
6654
9613
8400
219
2699
3767
6080
1153
5042
1117
6519
3853
510
1658
4188
9212
6792
9586
2646
3198
8359
5622
6277
8644
2909
7618
4595
2135
2110
2188
881
6635
1148
4764
4046
7832
7930
7089
26
288
6338
7063
7439
6545
4441
7648
9382
8703
4252
8959
9529
6615
6916
6779
3191
5687
7790
7768
4645
7130
5359
7741
1669
2202
6900
1677
8080
7009
2235
7422
3102
9231
8778
2801
4462
1371
594
7414
8051
4703
7538
1001
3914
8615
7808
5257
445
398
281
8345
6723
9978
9314
908
1535
3507
9501
5881
4029
1823
4343
5468
4542
3265
3352
8552
1173
6905
8907
3196
7157
8492
3939
1297
3161
1447
9482
2513
4173
3770
3777
507
453
5761
4061
951
6445
5684
3423
2203
6443
6711
2157
3431
6108
5424
3188
3353
9020
5745
2340
8219
1014
9163
2620
5218
2504
7122
1213
3213
9561
3381
7048
5934
6505
5760
6252
7131
4107
945
7565
1092
5489
8983
4053
5871
7348
8816
2700
996
4409
7505
6964
1139
7620
956
3954
851
1643
9790
2464
9985
3904
1710
1336
7377
150
3853
2526
3474
3046
4892
1961
3632
3379
3877
6298
2711
2693
2677
986
4294
2362
3002
1275
768
4166
3437
3027
7310
3603
5272
4630
6460
7164
6425
3142
6293
9657
3437
6221
2586
225
5016
6429
5962
2427
8766
6879
6241
9097
9256
8177
3160
1173
3052
8668
276
2942
112
8110
7072
6658
7506
4787
7908
3456
4582
8813
4219
2442
919
6623
3560
8405
7990
6206
1818
5515
7329
5449
292
6028
9139
4456
5749
7311
35
7054
3189
3826
1451
3885
6276
2199
5888
180
2303
5795
362
7416
4927
739
5560
8860
2100
465
6549
5286
7140
7617
9697
9683
8147
5988
7953
5190
6076
3962
915
3209
8359
9276
3688
5400
8031
8818
2637
7957
7908
9166
896
658
6636
6105
9559
7905
9976
1374
2515
7816
3312
6055
3576
919
6290
557
4687
8734
7296
8742
4097
7929
4630
2723
6281
3099
3702
3929
8950
9811
8135
8951
958
2735
1321
8198
8160
5892
5126
4460
4662
9286
5621
6056
9834
1447
66
6964
2905
2950
4110
1394
5589
5947
8157
5794
399
4909
4536
3185
2274
8188
7657
6096
3076
852
9853
6553
9488
9288
8992
9588
129
5778
8268
2895
78
4271
5163
5438
8385
2861
2924
7476
1150
6122
7844
4208
2897
426
7594
1605
8111
9505
8965
3962
3853
4642
8989
2459
2835
9388
3438
866
2757
7244
1946
406
8676
7674
5771
8670
3839
1218
4302
3620
9837
3737
5004
7234
6075
1137
3614
9399
865
2101
7530
8750
4702
1516
6830
9091
5084
6908
1219
3612
5487
372
7445
6084
9454
9585
7474
8371
5800
7022
2668
5624
4051
9408
4307
2655
8174
3244
5500
8938
798
5419
3212
2128
7203
2494
2741
2258
4007
7232
5528
8260
6011
8697
8677
5725
4170
2590
3149
9209
3417
4879
2972
2849
6779
6423
9466
5307
9651
9699
1340
7995
4200
5462
5544
3235
1792
8711
6808
9948
9699
1345
7796
1938
717
6994
6976
9896
5134
9239
3099
9834
6179
4394
1521
8626
7451
7291
4438
6368
9692
4833
9131
8371
3420
3620
5766
9738
5831
2594
4268
1945
4463
3753
8270
4319
9741
3989
5885
8879
8571
9590
1289
6543
6206
3056
2688
1136
3406
6118
6707
8880
9007
8701
3940
6568
9014
5443
7469
4024
4497
8675
5802
4562
840
1848
1707
658
8230
922
2995
6341
4758
2209
9041
7186
554
9677
1870
7711
3114
3877
4008
6115
8117
3020
6193
1410
9108
7534
5085
5836
2066
6444
5452
3359
2831
5984
8430
5920
9775
7373
8079
901
9414
2646
4271
3544
7502
8145
3329
3278
3459
6328
3110
3004
7745
8895
2991
49
4607
1727
4641
575
7087
7575
2775
9903
5774
439
1075
2429
3910
1919
2457
9601
5040
8558
8174
7046
783
9649
5278
7472
8756
9587
7815
3577
5206
8747
4716
7751
8963
6884
4960
1935
5367
9928
6331
7584
989
5087
4040
7533
7935
7889
7324
5597
8248
9128
6956
4032
2019
2053
9344
647
160
3599
4336
4634
8153
5340
5738
6078
5886
4304
4864
2803
4114
8535
6173
398
8577
6937
6524
5861
3309
1375
8552
5086
7552
9037
1516
8602
8958
7741
458
3297
9413
7992
2138
3836
5402
2345
8840
4832
583
8590
9232
4243
5033
2346
3936
3954
3914
1818
6709
3697
38
4836
4130
7454
1891
7253
6404
2849
1417
4942
8440
8043
5128
4275
4832
869
5610
3602
7917
4492
4707
7459
8926
5321
9599
1110
897
5781
201
8588
5274
6343
6701
6124
2317
420
1202
5108
7764
1019
911
6958
4269
5553
751
402
9699
9864
7790
8649
7617
6158
3268
9093
4862
5763
6943
9553
3652
4681
6805
5578
6953
3447
582
7855
6611
1547
9300
4452
8450
2120
5360
1759
3298
5155
6648
5351
9847
9130
4425
7462
6448
3487
7380
7856
6475
5791
826
7006
3527
3064
3148
4304
9280
8311
2909
4787
7257
3192
5649
7750
6365
1718
9056
3674
483
6740
708
1904
2413
1062
3743
6214
2655
4810
5758
2373
6420
6136
4401
5887
7829
6237
2057
6999
7287
8338
1547
8453
3744
138
9946
2436
3082
6358
8767
7022
9474
2617
7801
5184
7814
9362
946
3819
1465
6726
2618
8235
5980
9456
7812
5099
3764
8349
7078
339
6965
5286
3561
7640
4915
7492
7742
5114
7837
6158
5627
6590
8397
3298
5685
6245
3973
3285
9662
4241
1379
5731
5904
6234
7795
6115
8828
9668
5276
6357
5585
3550
8354
6079
4704
4041
6907
215
1478
1612
2313
29
1570
555
5821
593
773
395
7909
5000
8613
8523
5050
1888
5600
6291
1900
1945
1565
2128
959
4837
1106
5315
6893
6098
7713
8492
5538
6625
5718
3703
7626
6402
7887
6070
9238
7788
2989
3167
8641
9748
670
7322
7565
4202
2353
6359
5395
8202
1406
665
665
1463
3014
8729
6479
1433
4366
4989
7598
4558
2551
3271
9511
6603
5163
1488
11
2969
519
7367
4803
5954
2361
4737
1975
138
9869
3909
7023
4597
6433
4821
8989
7013
7037
5110
2378
4131
2155
3761
6017
1508
4850
6814
5647
4281
5318
726
1892
4094
5714
913
7797
2360
6800
1073
3301
4738
6597
1813
6963
3999
1390
6895
1141
6037
5210
8971
9001
5390
8913
5222
2927
3229
6035
46
9655
8499
8217
7943
8671
1470
1964
4687
2268
5634
2371
8480
6054
725
5359
5247
6761
8066
8645
9299
8841
4703
2462
5005
7537
1175
1556
8815
6599
4182
6114
1765
6177
6571
2464
9119
8507
5134
8574
3842
7929
8159
77
8685
5556
9280
2284
6715
2922
3551
3288
795
5447
2425
6838
8887
538
6860
9585
7976
4127
7007
9473
4143
7863
5853
5503
5504
4779
6975
779
7525
5554
3136
9266
9363
2187
9659
1585
3606
6449
6848
3125
1339
7946
4382
7935
7444
5852
7459
7988
500
8038
5925
8953
9127
1356
9464
2156
9239
9956
2020
4658
7823
6397
1441
7825
4
2106
5304
4895
1285
3891
318
9645
484
7652
4669
7947
5286
2773
4221
5964
7180
9674
8094
7491
8087
443
1483
6070
850
7004
3354
9787
7699
533
8967
2334
92
2992
5106
2786
7134
671
2089
5984
4973
9882
847
9288
3401
2267
7883
7125
8444
1755
7882
9153
7074
6615
8203
9157
481
4879
7816
3627
7061
211
9400
8451
7287
2567
9040
5009
5888
3321
8150
589
3549
5484
687
4895
45
9933
8304
5551
9263
1428
9596
1469
5830
6298
7802
6538
2597
9981
9563
1046
9925
3703
6954
3922
72
3734
1595
333
9650
5024
6911
7385
4632
8179
9829
9270
7255
957
2835
125
9964
370
1551
6069
8743
9146
6578
5246
4419
8021
656
8186
273
9423
1890
4976
1913
8265
3806
8770
214
5302
218
7404
3863
1681
8471
7469
4920
949
1065
3721
6906
1696
7010
9065
9542
5106
2573
68
4658
7609
609
2532
1596
542
5498
6359
3626
4495
1456
7076
5564
8327
1595
4821
3456
1547
3124
2227
6287
2964
4137
3786
3234
244
707
7621
6871
5202
6285
7833
9163
5330
8787
991
1471
1448
9434
9006
9350
4071
8763
872
9189
1661
7273
8124
6150
3122
2736
7952
462
973
4613
8832
6895
1759
4831
5197
1007
1092
7682
6765
2109
2537
7273
1019
1400
7881
280
6079
9640
4305
1919
4216
4648
3089
3360
8353
9388
565
5649
9704
9008
6850
9323
2153
8739
5456
2180
8818
8787
2514
4046
9003
7255
5734
2404
5576
5352
5742
611
7160
1906
2732
699
8468
8197
4228
6871
6649
7266
6132
2986
5358
7947
664
3842
2969
5735
3396
7760
2347
1286
917
8285
7124
1095
3412
8368
8473
3063
5144
3141
6070
4238
9364
8408
9098
6677
1659
8673
9940
1121
38
3462
2753
2283
286
5203
5371
7991
6897
2240
7038
755
2563
8086
8081
6568
2796
7895
5632
2544
6834
4026
1072
2400
9069
7752
1789
3460
5385
7683
2791
4726
8489
1960
8452
2756
3748
4661
1522
9315
8193
2840
7080
4494
912
1864
53
243
410
3915
7307
6845
1752
2412
2372
715
7962
4525
7054
4904
4839
9075
4205
8134
4885
1111
5157
4625
9906
270
5249
7347
7034
4994
8182
1164
1705
6048
6720
71
8863
4135
6731
530
8214
4901
5683
7701
1445
403
930
7534
1631
9496
6930
5605
7107
318
8125
3927
767
9507
3132
1968
3034
3038
7985
8254
1511
6580
8686
2937
8534
8690
225
400
157
7336
9410
5095
1073
9295
4736
9901
414
7943
2229
2697
2214
7265
9690
3099
3702
1720
660
2773
7711
2736
8501
4595
7391
4344
177
1199
7003
2278
4810
3352
5075
1511
4226
8960
7246
8646
5671
9413
1754
5160
4533
5861
7159
6379
3856
6241
6920
7449
9554
6919
5445
5433
9809
3514
1605
6381
3958
4776
1848
6205
8861
7898
5124
4439
3613
3688
2811
4782
653
5925
2034
8191
6278
692
658
9699
8981
9497
1659
3905
225
4453
6210
3547
2110
9463
595
6866
5777
1233
3292
8085
7105
1245
68
4143
5211
7003
5145
1122
4145
8726
4353
9792
3171
4769
9479
8441
7388
4240
7114
4155
8490
1913
8299
838
3779
8957
3767
4885
3286
6641
5972
6201
9164
5350
7555
2744
37
8930
5996
957
3483
5037
7466
1911
9640
7569
1660
8552
9387
6953
2611
4555
96
2345
8588
2438
7786
793
732
9876
7644
3378
1118
7265
8262
4803
2092
1826
1362
1776
2962
6236
7108
1885
8384
5103
4159
800
5220
7966
9984
1929
924
4878
7910
3095
2282
3848
942
1611
6234
1789
1772
2940
3622
4674
7154
8434
319
4097
4690
1408
4480
8849
6055
6345
1436
5697
5305
3642
3784
5263
7401
4319
2006
9280
5839
9998
1786
4996
2019
8646
9382
1503
5955
3026
5848
9089
3139
9070
1258
7829
6326
625
2291
3664
4743
3902
8313
4138
6130
9500
885
5278
1636
2340
3684
4711
9162
6691
1889
3771
1693
5722
2085
8619
1176
5471
9485
581
862
3860
8685
1262
1956
157
9496
9886
3374
4089
9917
8993
6592
821
2184
1367
2735
7744
7958
4912
9428
9315
9331
7224
3438
6945
9177
9514
1384
4201
1501
442
6296
2741
6885
5607
7562
8017
2414
9941
7548
8501
2281
3728
3794
3834
5356
4622
1201
4863
7496
2362
8933
2100
3431
717
9914
8899
937
6436
5577
876
7614
2982
9526
7987
9043
3785
8200
224
122
4578
8978
4501
103
9129
8710
3454
2635
3987
7601
2174
1904
49
4009
9912
4248
7328
6649
7948
1463
26
9899
4285
4625
2313
347
4052
3258
9334
8588
3540
2547
5499
763
728
9629
7941
2299
2855
7300
4329
7986
4010
4191
8538
5232
1190
7077
8387
8035
1785
8415
9213
3222
5289
6022
2209
6843
4238
6955
2134
3159
8506
4660
9474
1668
9938
726
5208
4929
1107
1800
3330
6926
5301
1768
6024
9597
6757
800
4254
3788
1350
9655
8718
1158
2335
686
966
5726
5019
8409
4807
4749
8741
6044
4716
4973
3096
8284
8163
5201
2836
3498
9493
5843
5958
4463
12
8049
5356
402
3057
7722
3903
7053
4992
7223
4678
8542
1474
7782
4087
8250
5932
4337
9446
817
323
9993
7612
8084
5514
506
3858
5208
8969
1577
1949
244
9318
3378
3485
9766
5517
157
3225
9284
6099
7764
3520
1394
8898
5589
1793
3839
7105
7835
9591
775
8495
7657
5831
3067
2586
8037
8826
1782
2424
9207
1276
4788
7209
2975
5606
6463
7147
6807
5209
221
5806
7121
1357
9703
9899
8445
1589
7872
2059
2348
9569
7875
9310
7688
1848
6648
7446
4900
5370
5150
1800
3548
388
8759
4335
8789
7666
5737
8119
5553
8003
7381
7927
2881
8228
8717
6796
4293
4929
3011
707
4231
442
447
3525
4585
1720
3863
8154
7080
6063
3325
1873
2736
667
7355
4326
6315
5660
1817
4250
7602
1143
8568
9630
5625
1947
8966
7008
3116
5673
1759
4178
6613
7642
7155
2678
9453
6775
3208
4136
3335
4227
7866
5864
1060
7513
3379
6092
2943
3330
2094
8747
2795
9287
1229
5507
8184
6794
1926
34
6747
6872
6604
4769
5569
2533
2612
897
566
2394
1571
3447
5290
7569
6876
5355
225
8995
936
9281
8996
1243
9629
1411
6712
5470
8414
3762
3627
451
3730
8129
9647
2299
8574
6376
9403
3170
7573
4007
1926
2544
4610
6749
6125
1468
2234
9513
7690
2287
2720
8536
9158
6514
680
4406
1923
2612
9050
9500
9602
3570
5054
343
6104
3528
4974
8781
9257
2416
9195
4578
6895
2388
8638
907
9200
6362
6587
2843
9782
1318
3692
9884
8230
7145
5817
1773
8377
2465
2148
8558
8238
2825
9106
8093
6800
7025
1872
1903
4415
7345
7972
2122
8173
889
2695
3481
3120
2205
9330
3276
9284
5877
1492
6955
1443
2761
8651
2902
594
1233
1135
8922
2404
353
8402
9431
3402
3604
9442
7568
8345
2326
6880
312
6066
1474
2636
3673
1484
9094
199
5119
1966
9279
3261
4072
6453
7304
9794
4997
7670
5790
7402
4280
5433
6090
6466
4269
7763
8469
7869
4429
25
7583
3472
4092
8877
8470
4908
3156
8570
2880
3994
234
2865
6969
4450
8659
467
5036
1530
9517
7996
2337
6053
2577
7719
2836
7305
1450
1804
1484
5547
7221
2832
6737
5255
2226
9996
7416
9171
7531
2300
632
5007
6180
2569
3697
6684
4203
2705
9492
892
9683
2547
3054
3507
9286
6781
4208
6089
1044
3025
6421
2076
2333
2895
849
5927
7084
1860
8483
1111
4509
31
1581
3093
2586
6417
6369
1802
6189
8838
7842
5595
1457
788
454
6252
7266
3675
5330
1826
4229
3353
4195
387
7727
8747
3019
4325
2523
3951
1186
3087
118
3156
73
3169
6057
7881
2823
9691
1260
2355
9855
8314
339
4665
8646
6197
4502
4978
5897
8088
9986
9945
4497
5766
5999
3031
5821
5316
3746
7731
1623
739
4240
8768
9755
4717
4908
7519
6268
8130
5112
3132
6942
9637
5813
9377
9714
323
3181
2705
7499
487
960
7177
4568
1399
4951
255
875
7630
4699
2398
510
2166
6824
8545
1368
1619
4001
868
9388
2682
7839
4029
1058
4113
7429
5393
1177
5360
321
9784
6547
4267
4041
9580
9559
7074
9728
1347
1754
1493
3262
209
1649
8315
7094
7872
1750
2486
3089
1321
5636
6504
6951
8359
4258
7065
2715
5164
9635
7279
6567
5058
8798
3925
2219
5956
7922
1330
5633
6353
3787
3197
8715
558
3785
2284
3956
7431
4878
1842
3679
7783
9662
6052
4162
2208
4949
8169
9377
2674
3934
8453
783
673
9992
8252
3226
8623
9406
1422
4581
1838
3519
3202
2780
4132
8723
9821
3123
7122
3626
3949
3636
7306
6039
1359
4607
794
2632
8451
9343
7104
8164
6469
2243
3741
744
5748
8443
9659
755
9395
1743
8519
2410
5870
7663
547
1761
3999
1194
9344
2457
580
824
909
2862
6460
9253
1270
1499
5634
7584
3073
4192
5873
7602
7234
9635
1305
2785
7532
317
3904
7907
6775
6009
6953
2429
3415
7861
2666
8551
9803
4010
3598
8147
8063
8393
9148
312
6397
4109
2342
702
243
6678
7891
7559
1976
6893
1151
1165
5976
1386
2293
9943
8709
5227
7982
8469
2632
3829
71
3449
2993
8213
396
3968
7530
9425
8198
8257
2562
3339
7954
5545
2098
6552
3584
385
4196
3102
1666
3853
8007
8694
1597
657
3341
6807
3659
4367
8268
6218
9180
7001
7290
8444
4148
246
1589
3754
4683
777
1272
1819
7513
753
6244
3819
6057
7291
2607
84
4380
6268
3766
5205
7725
9902
5701
4823
1968
1954
6922
6823
758
7280
9982
721
6421
1305
3471
6467
7083
1242
814
9653
7432
1498
4377
8294
6109
4614
7873
486
4827
8224
1909
995
1974
8774
2778
8210
5140
8592
2355
3912
4216
3235
4562
7858
8760
841
9768
2433
7828
4348
6134
3796
4583
7651
5871
8114
9525
4719
4768
5860
7079
4448
5351
8758
4634
7703
721
5657
5493
8566
2247
4191
4722
2470
4220
8238
4047
7457
1285
8419
9457
7627
3573
6271
2712
9912
21
9831
9958
9494
5141
8205
9995
5061
7944
2991
4935
3387
2560
8608
3135
7529
5560
5780
6260
6752
832
6882
1019
2687
5713
1918
1133
8528
7549
4574
8541
4090
9238
1028
2386
981
3574
7336
4959
3663
4436
1039
7510
2294
8252
2713
9610
4482
216
331
9354
7137
3256
8544
6457
9051
7734
9611
3196
9463
8927
6669
463
1769
1418
7692
2153
402
2262
8045
3248
8537
9792
5741
7842
8249
2095
4221
6592
9968
5601
9316
5830
7905
5854
5194
5289
6443
3541
5702
8396
6342
2695
9803
1662
8067
6988
9863
6167
5361
6499
3093
9580
3552
1280
455
7414
2354
7200
2154
9933
8639
149
4222
4564
3781
3738
4448
452
8033
6451
1462
4335
8225
5221
198
8997
6836
9309
4190
9692
8589
8315
5480
1112
93
2005
1983
420
5465
6766
2846
1988
2780
4755
7727
543
710
2925
9791
658
764
7007
8320
1508
7815
7150
8126
3661
6121
9755
5779
3696
2273
3867
5989
3678
2358
4056
7989
757
2447
904
2338
831
2291
5507
6143
727
8343
4618
1751
2688
5940
9368
3759
5712
5717
6399
209
8655
4739
4050
8023
4134
6519
1656
2658
9765
3698
7334
9720
1089
3722
2838
1140
5640
387
5930
243
6387
9746
9651
290
9984
8074
5903
229
312
800
6774
7089
4894
1209
6970
3815
3881
248
3927
1850
7968
544
6912
8633
7432
5431
9095
6851
5309
491
9610
506
2761
3885
5481
299
9454
2762
5427
4224
5960
7990
4611
3068
9380
4865
5128
9485
5009
3617
5212
2274
9412
3648
9755
6250
5318
3226
8047
5989
5322
6191
6517
7034
8335
9016
3332
5661
395
1785
5978
8373
239
4827
4704
7397
4651
403
2364
3285
9532
3382
9892
4331
7262
9583
540
7415
395
7825
5541
4738
2086
2954
1283
6527
4624
8854
5807
4317
5795
9341
5966
9513
4192
5959
4253
9166
9234
4550
559
275
9939
1883
2654
8683
2685
4291
4679
4116
6427
9978
6294
6255
214
6011
5755
1339
3983
1220
7255
7157
4199
2852
9300
5537
5614
9560
9278
8032
3045
3568
1479
7003
7682
4783
8473
7550
8577
2136
9437
4288
6670
8256
2371
7983
7841
7407
1356
8695
6842
4719
412
6339
4490
8612
2630
5061
4539
4862
9035
2212
7514
5541
3530
1584
7773
4526
4484
8892
6650
3861
9593
4349
3136
3085
7941
9682
6465
292
8867
3074
3881
7401
7380
3751
685
4624
7057
112
5426
7351
8158
6552
8522
9756
4798
9312
8697
3050
8206
168
2783
3204
8022
3045
6139
9945
600
456
9834
2818
5944
1900
9137
8698
7913
7831
7554
8278
8807
2127
5290
5664
1560
1544
7220
5626
1001
4198
9490
790
9747
4467
3080
7662
9820
3213
1162
4569
7390
5431
6353
5169
474
8078
3877
5433
1011
7938
7829
5447
703
987
4266
9819
2296
7658
1056
7686
8137
9768
7397
694
8780
8810
8758
591
5520
661
2835
5206
7904
1431
9450
884
5323
2181
5073
5346
9065
2834
2336
191
4665
3684
2139
3730
3271
6959
5801
9560
6389
6291
4785
8537
4997
8564
3838
1615
3108
3065
6815
6394
9991
5454
6221
3387
8437
5122
6234
2037
9011
5134
2785
625
8211
4948
6790
4373
7673
43
1512
8754
4472
6196
9283
2984
4906
8192
2160
9452
6533
9657
9774
5553
8865
2158
5608
50
4825
9997
736
81
3922
2539
1153
5398
3040
8584
5452
9430
6404
5493
5245
6742
8967
653
6359
6702
4709
3382
9861
3062
5106
9903
465
4240
7754
5728
8520
3489
5479
172
4859
8898
532
8687
1731
1075
1780
9189
3126
7904
70
5752
9303
3557
380
4932
6120
1402
8516
6912
2454
7781
4641
7163
9967
8571
3532
4927
2260
5702
7679
4427
4910
8390
6205
2893
1344
642
6846
5078
2221
6031
2641
3358
458
2419
3666
4853
3631
3416
3131
4815
8915
1442
9495
8171
5102
3221
7049
5762
8445
3114
1154
6283
1954
725
4421
3737
647
7660
1698
2672
8870
6187
3923
5735
979
948
8654
7831
1374
1128
8180
1533
5645
7000
5843
8069
4695
405
34
5676
7342
4972
368
7720
3803
8571
9691
3633
2023
4708
1021
2602
2538
4251
25
5611
6469
3502
1767
6602
2558
6592
2316
1201
9031
9882
4255
5940
84
9794
8269
1700
3603
6887
4255
8655
4036
6900
1585
2508
6456
5888
7503
3094
1797
6788
9969
2083
7076
5350
796
8050
9745
6362
7345
3675
7353
5585
9280
6464
2150
8664
3943
7522
6825
9815
2585
7139
7272
3311
6530
5099
2269
8875
7039
4505
6007
9862
1898
2048
6019
8472
1501
5787
5898
2333
4260
9847
8646
337
9416
4172
7332
8276
1166
287
3529
1016
7168
5319
1473
1923
361
9470
3339
2618
1577
2208
7392
7668
3318
7536
4663
8185
8324
8347
8657
189
9284
9631
1074
6269
1978
2738
7011
455
1675
8395
9195
6275
5471
8210
3832
48
8088
5973
4997
2478
9332
5382
3766
4875
3034
7654
1232
2405
7438
5870
6484
4724
3401
4985
2412
4386
5703
9021
1119
3033
6877
8018
8060
3548
9061
1395
34
1515
2821
2173
4666
3130
1073
9910
1094
1963
5043
5352
3409
4400
9731
827
8581
9600
6644
1423
470
4128
5099
7905
6202
5001
1148
1128
6635
2593
5534
1021
6589
4930
4067
1386
684
7306
590
9838
2516
1673
3028
7721
1988
6589
2391
1974
365
7129
4796
336
4205
5493
8334
1894
9798
4704
896
2229
4481
8184
1035
3739
5968
3850
3031
858
5358
5463
7063
9778
8801
3130
6307
4854
2582
3095
7841
6026
1637
5659
1925
9286
7345
8247
2648
1499
9260
8796
5464
6620
9214
4516
2087
1105
5379
2387
462
9869
6211
7632
2130
7451
8920
6577
7973
5910
1554
166
4425
977
9288
9093
578
3114
64
2689
1199
3041
1644
6358
5882
9442
1929
6908
3771
8083
5690
3298
2566
4839
3032
6692
929
2942
4145
529
8657
1584
2658
4850
7044
3454
55
9814
9401
3523
8970
6924
4275
9842
3302
3760
4369
3143
1604
1541
376
2856
8742
9871
1560
8582
8878
3824
8923
8655
9677
9528
1476
7003
7331
7881
9045
903
9376
6850
2088
2133
1993
8361
3536
8741
2115
507
2265
4096
7253
4583
3474
4468
4807
349
4299
8160
2723
4888
5870
8077
1880
4847
6272
7311
3113
4728
1961
5139
318
2762
1652
946
512
6967
9011
3161
9432
2103
7641
8710
4903
7254
1398
8042
6848
6648
5529
9471
7611
7903
8154
5746
8295
2102
7121
6833
7785
2518
2260
1805
8077
7858
7627
4178
608
9572
4400
431
9404
1300
5008
9766
7553
9216
9808
4671
4930
1399
5552
9926
6739
939
2516
3419
1189
4979
1802
3072
1656
4053
5456
3284
5577
6813
681
4349
6825
3356
948
1477
8512
6867
2092
2752
7307
6873
1070
513
4269
2996
9860
7372
6694
4787
4470
3229
7535
1146
1865
6328
7141
9769
5637
5435
3626
8927
1717
8154
2390
3469
637
5273
8836
8662
6580
4508
4733
4181
9968
515
2416
1563
2671
7589
2777
2879
2803
4941
2533
4245
2575
1040
9647
2628
2852
1448
4252
9212
9991
8169
7258
5663
603
2507
4680
3900
8910
4537
1972
8374
5583
9747
5272
9274
8762
135
8848
8640
5660
694
9064
9680
9792
5909
6274
3542
8076
2687
9116
7875
468
9093
3634
973
2133
7155
7106
4954
1863
210
8836
9269
575
9434
715
1576
1803
161
9302
7428
1630
8091
4346
8055
894
5188
3709
803
7563
8240
3243
4793
7007
327
6144
1666
6137
8358
2411
8948
3541
381
6896
3994
5037
5278
9477
1181
2058
674
259
6994
9770
4455
3028
9239
5800
9815
288
3214
6910
380
3265
2957
6889
7833
6905
2985
596
1216
5322
8308
1398
5564
7063
36
2529
7310
4651
2975
7429
9689
2373
9859
1526
6762
1739
4093
9451
4468
6673
4564
8188
2459
8900
587
2257
5508
7320
1907
765
4211
5589
4670
154
4946
8324
8981
9580
9448
2683
4854
198
9973
6025
8966
2593
8054
5320
8395
6978
8131
6519
9722
2043
1076
3687
6384
6545
2654
3695
3286
7166
1385
8277
1673
8671
455
6309
3313
2128
5832
7737
7888
7602
9446
5481
6323
8264
8974
9248
6018
7166
2166
8915
3650
6017
5995
7867
2443
1012
7807
5411
7258
4761
5805
609
9018
4397
5575
3505
3892
8588
532
4900
6089
4457
6264
5982
2260
3476
5772
7945
1138
7590
7151
8165
2032
6268
1165
4782
1887
9407
5002
2172
5532
5156
2041
8278
8518
3079
9141
7725
5761
8286
874
8326
8168
4855
3033
840
6095
3156
5576
331
2857
2226
6709
3258
5342
4997
1344
2003
3590
8513
4795
5890
7435
8409
7841
6227
8298
3406
8050
8052
7798
9681
5214
2475
4652
3820
4065
9359
2171
5190
4420
2344
9364
2321
6950
1497
2432
5450
4631
8634
2193
4222
9825
630
3775
5795
1085
7303
7921
4323
8108
1628
7014
9696
655
9295
2808
8555
6005
4766
8361
6288
944
9314
3503
804
1818
1834
7044
6871
2133
3683
2550
7148
9367
5564
943
3728
6495
3797
588
7767
4881
2660
9291
272
1993
4826
2697
1217
7825
4553
9384
1038
1322
2122
465
5721
3045
270
8541
5957
9846
3694
8958
4310
5766
778
8671
9671
2890
4781
7905
4594
28
1774
3765
4425
8568
9165
2612
3948
6284
2913
3671
9611
2985
6945
8475
3545
4931
3879
7703
1424
3517
9941
5660
6138
6192
8685
3292
1366
3867
5249
5340
4406
7111
3341
5734
3712
4954
4193
9879
6450
2836
5086
6607
4997
1137
3490
5851
6245
5826
6903
5161
7728
9886
6972
9459
75
3117
393
5128
109
3761
7379
7638
2175
9745
4228
5288
6277
3213
5238
3655
8468
4993
5375
1011
5713
1472
1038
5213
7167
6574
4965
664
1340
7740
9628
5776
1085
6433
6646
2492
9456
1791
441
6014
8830
8140
5770
1884
5799
6390
5251
2563
3231
4909
9669
314
4884
5131
4555
7251
3323
5106
9768
2884
5660
6439
6169
5730
336
6386
7913
9801
2223
8825
9152
1568
1243
120
7172
8815
6775
9352
5507
8003
7901
3983
627
5807
2207
1991
8063
1131
6996
4321
5583
4809
3239
5819
2526
8749
6039
1319
8038
1226
3392
3406
5936
1548
4073
1578
8970
3112
2796
2432
6732
4971
7637
4177
1036
5012
120
4051
2874
6534
3770
5596
9898
9670
3464
919
4755
8878
375
6216
5373
4282
6590
1966
3709
9751
9440
2458
5822
9019
2812
1906
9921
4288
5576
7966
6664
5700
7619
5068
1433
7612
932
9782
8004
1378
9651
9154
5209
3429
2253
9240
7561
8378
3881
9335
8395
281
555
2691
9370
1645
311
6968
3913
5521
9609
8724
3626
5779
4097
2936
7115
2794
1231
148
9078
248
1099
4415
8555
2183
6151
1152
9040
222
3279
3498
5654
2274
5297
1567
3025
4184
3665
2447
5751
6055
6152
7586
5737
7758
3414
916
2287
3861
687
5457
398
4305
6106
9922
9364
2091
1542
9039
43
424
7520
3726
4147
7476
560
1799
543
576
6282
1748
7868
2436
6957
5503
4297
1735
4329
7939
5411
4039
5475
1280
6264
3222
7326
8017
5865
3035
9970
9275
6810
3311
4210
4056
9874
7208
5004
3312
8635
6471
9950
1319
149
9962
3513
7590
9447
1881
5917
3016
1741
6937
5471
417
9740
7831
9142
5555
3700
1237
8491
4216
7472
583
1970
8049
8114
2689
7826
1761
701
2480
3310
574
8240
7702
9725
6851
1299
9368
1931
861
5148
7669
536
5217
700
3355
2120
9884
9003
9992
4990
263
2299
9195
9560
1486
6942
4240
6966
965
7240
8884
1928
2842
1557
6509
7437
5439
1615
7213
5463
9984
4046
73
4023
9530
8814
802
2098
6260
4640
5976
8280
7016
4887
7328
6239
9006
6266
5424
2303
6908
2155
9473
847
197
627
1389
4991
5866
9448
5220
8319
3086
6351
6118
56
7868
1226
2639
2664
3191
1544
9181
5345
9384
366
5080
9850
2352
8946
6581
8291
3555
9902
8420
5070
2970
8884
7437
3863
7103
5244
6346
2784
8877
1711
4570
2249
8869
5725
3990
2846
2379
604
2120
4931
7101
3459
9585
9820
2051
3757
8041
8938
1833
8023
9452
416
2650
4887
61
1522
9537
4141
3
8653
913
2770
2356
9884
9153
7021
1777
4969
2919
3830
8975
6702
9285
3579
6436
4209
8042
5183
7479
1706
916
8438
149
2834
6295
9466
5667
2351
8558
6174
7274
3687
8916
1042
4163
6038
463
9037
9938
6700
5858
323
2941
3085
1168
839
6032
8508
8496
7658
9037
3748
7438
1969
4854
3333
6422
3320
313
1122
7507
4648
8906
7230
2369
4476
7343
2130
5032
2949
3628
8012
8831
8337
8265
1919
2686
3281
2563
8497
5481
7196
2920
756
1753
2194
9569
1943
320
5862
8247
5553
5027
1349
462
6750
9255
1216
8215
3372
8498
3337
7394
6518
9987
7920
9966
7050
2414
4521
9505
4836
7745
6395
5168
2883
5776
4622
1777
3552
6417
8183
4809
8820
2324
8925
2840
3812
2822
9231
6323
3797
3121
5336
744
7213
5147
5469
5604
9228
200
7347
6170
6466
1940
3673
8419
4853
2646
3615
4327
7023
6923
7269
7574
5893
5350
3260
22
5115
1922
2703
9529
2679
1706
9395
869
3748
2166
8854
6292
201
9872
6660
3927
7847
7276
110
8673
1573
8462
4116
2694
4601
4341
659
6096
1348
2154
7198
37
8227
9931
1635
2887
3211
8171
8615
9589
6202
1135
6553
5606
8689
7506
9955
4484
6576
8626
3117
9863
1594
8493
8986
8936
8262
5845
4454
8308
4239
4120
6914
7897
4973
1951
5041
429
2563
5089
9450
7452
1977
9176
7360
9239
6396
8163
5058
1088
2743
8823
7212
8619
5576
2309
8044
4788
9539
7867
2835
3947
5452
3919
4898
8083
2745
7962
1614
8653
3125
5826
2401
466
7924
4750
5676
6288
2740
8195
2226
9617
2361
8379
7949
2669
1018
720
1625
2539
2596
5363
5117
9380
2118
6322
7158
1084
3405
6373
9717
6601
6205
5196
4993
8740
856
5489
1613
6547
7010
9194
350
3107
4608
1252
3958
2582
4073
2209
4783
8705
4454
1814
5375
9960
8746
5218
8622
4231
1701
1942
4360
2871
4257
9959
4746
9351
5613
855
9796
8350
7114
655
4358
9388
2134
7451
1136
9746
7133
3765
1827
9172
6899
6557
9620
1697
4858
3435
4854
5022
2909
8306
5576
1891
1382
9475
755
8440
8862
1421
1957
6662
8391
1637
9370
2099
2519
5434
7037
3522
7161
2293
8335
9264
277
9685
3961
7282
6734
6167
3028
8720
2012
1183
3285
6056
4446
9311
8933
197
6273
7222
5051
6975
2187
5378
3399
4310
8049
8169
2665
3542
1384
5667
4015
3150
1049
7950
5559
7777
4591
1454
1326
8445
9524
5146
5651
8190
6155
6576
3791
343
4342
7477
6857
8375
5508
6578
1548
259
2481
6333
5531
2268
1631
9616
8858
9748
5491
9310
7750
4408
3367
8940
7581
5881
428
7910
7073
2473
8228
879
5943
2816
4024
3555
2910
8234
1008
5299
3510
4955
1856
3095
9052
6368
3386
6921
2737
5375
4496
5821
2697
249
2603
8854
5835
5477
3412
1873
6527
6264
8108
676
6167
8302
6405
4383
7180
4497
6467
9368
9894
6645
238
765
2709
431
3486
1357
9375
5491
9250
1504
5037
4119
5191
6167
7912
1419
2742
6314
8685
7728
4702
5247
8357
9131
6460
3530
9922
6928
3527
5984
7685
4487
4747
6386
9030
8496
8348
8693
2180
4259
4864
4881
9912
693
7874
8579
3976
3352
4594
8449
6477
4355
5570
4148
6928
3422
6249
8720
7676
201
2768
4488
5029
4900
7092
5012
5605
3679
6606
7705
4436
8965
1199
8583
7238
8074
1116
8672
4939
5883
7095
5131
4780
2039
3144
2861
5716
3444
5121
3026
3600
114
5423
5172
1987
5229
9157
7675
1752
7187
2274
9304
1377
9659
8483
7291
7759
2091
2310
966
692
2148
1164
8662
7191
1882
7640
3765
3989
6397
7271
3747
5725
9067
8288
8179
1703
7652
334
1801
2366
5442
6564
4609
3949
7322
3803
6987
5853
3369
4690
9910
182
1670
2392
8000
9184
5459
8501
8061
3956
6803
6309
7707
8200
1496
6278
2174
6457
8827
4157
5800
108
7662
6497
7978
2936
4594
3446
968
4625
3724
1656
6017
6809
2787
2151
5658
2200
8835
9879
5166
9554
2332
7684
8996
5193
4312
5581
945
3616
9777
4605
8704
4189
4146
5895
9539
9465
357
1382
8167
412
4255
5231
1842
6178
449
2394
6835
6270
354
9384
8237
5225
9152
2352
2043
5639
6818
4457
4537
6988
9936
6451
6637
7063
2928
8929
541
616
1550
7262
8315
6408
9657
6264
1867
9164
4903
1771
2651
409
5020
3539
9340
2230
2298
4076
8719
7547
1947
6726
7804
4406
4097
4700
2742
9224
6628
6055
1355
899
9917
1643
5665
2545
1572
5077
1233
2084
446
1766
2459
6793
3742
5926
5483
9701
4487
2705
5020
997
7470
6070
8741
3866
7681
1819
7626
7171
8697
9899
4461
4100
5491
2797
1144
810
7087
3307
3606
4266
1959
1498
4496
6384
2325
8375
4223
2730
2097
582
9108
3346
1720
4597
7910
4833
1762
8226
1163
3218
5660
6642
5274
6251
7587
5507
5216
8909
3678
8333
3161
6972
425
8867
6115
5738
1079
662
1291
2524
4293
7015
2615
6305
4007
2224
816
9167
3299
73
8485
4211
849
1589
4837
530
8878
8295
700
5716
1382
3082
5698
222
1492
8274
6031
7850
4758
9505
7723
3105
6703
9559
9117
976
5316
5576
856
6147
323
3945
2086
8949
985
8147
4044
9630
3301
9439
2110
8707
3002
1576
3362
4636
2507
9937
4057
3693
2542
1919
588
3744
3503
9680
9551
4249
7948
4033
993
2936
806
5702
8105
5574
4805
3591
8646
8482
2298
2530
210
1115
8379
5686
2676
3848
1527
9462
7605
2522
9417
3098
8532
7421
6146
3138
1640
6841
3843
2125
5492
3315
662
2057
9237
6591
4471
4052
1611
4938
146
2891
1008
9482
8273
2317
7263
5596
5358
9003
4595
2317
6027
7076
880
796
9472
2112
7818
8507
8693
2242
5626
8203
7018
2045
9221
1773
1692
6805
5189
7137
7107
370
8869
9850
1806
6025
3360
4976
7938
9751
6297
4300
4664
3517
4183
8107
745
6770
7204
661
1571
2616
7032
762
104
8081
6551
7102
7194
7033
3496
9924
3769
3008
4096
7019
1360
3662
9963
3201
7805
2853
9238
3347
2651
8835
3921
7657
302
8597
2376
9829
7181
3025
5793
5874
3009
9555
7682
6870
8514
9286
1137
4207
3188
9216
427
4005
3198
8113
1837
3273
8499
8995
3312
2486
8207
3474
9985
3750
9871
4739
9114
5934
5787
3109
6659
4803
2215
6020
1036
6542
3288
774
8097
7508
6896
4450
9606
3514
9205
8817
2898
8001
2812
666
7935
6440
3691
5590
5146
8108
6696
7269
7303
3489
7269
8403
3171
4709
7003
7094
3669
5617
4027
6179
4926
9561
1302
6950
5878
9604
4855
9795
4057
4921
7861
3073
6497
852
4490
381
7886
1998
6390
6080
4772
4450
1843
70
9416
8602
9129
4614
6077
761
7825
5376
7851
3275
5859
2230
6522
8768
7793
9707
6182
1483
1882
8758
5188
8963
554
9002
5048
431
7922
2003
2304
1916
7017
8092
6271
8075
1380
3082
4418
4675
4449
6356
1020
5540
4804
235
3348
5378
9485
8919
1690
8143
5560
9351
3786
811
8818
457
938
6057
454
7719
3181
2799
6450
7678
8282
136
6891
4459
3518
8418
8792
6294
8166
3353
7487
6561
4960
229
8551
689
2907
9142
1922
2023
9246
1468
5676
3076
2567
8804
2358
7343
2798
4019
5609
9117
2354
4729
4772
7575
3064
2118
3290
6821
340
6108
7535
2683
3155
7179
1855
4099
4256
2759
1789
1504
7575
9698
5027
9541
6615
6801
5752
3274
7067
7666
2443
2924
763
8447
2234
5559
4581
3300
2100
7370
956
2701
96
3328
6922
7058
7843
6372
7024
8681
5179
2626
3758
1435
1694
937
8845
3540
2661
1710
9310
3860
679
6370
4454
5272
1443
7376
2661
4705
4689
8045
6907
51
1580
3445
8487
1771
6060
1674
5869
8593
1450
1017
1052
3148
4585
2746
3668
2152
420
1217
6434
3145
9706
540
7428
7155
7132
6314
7492
1798
9088
4234
9105
1686
4332
3897
2725
6223
2587
7717
5261
5963
3224
6982
3011
3211
8393
2042
8242
6429
790
2597
9939
2349
765
3524
8834
3226
7849
8903
8474
1344
7708
4415
3812
921
8033
917
9676
9386
3225
5692
6067
3228
7551
9630
1780
8913
2959
6051
3058
4215
412
3400
4624
1561
3383
2556
6131
9910
9544
785
8118
2346
2838
2875
1312
7251
211
5370
7288
10
1043
4317
6310
3489
1858
506
1208
5710
2166
8737
9711
7028
790
4243
6863
7217
3945
4377
1223
7529
5969
