9976
8206
7479
9092
7968
8452
7436
9885
1126
3362
3812
5516
4371
9721
9935
3542
4374
7829
2237
1569
2675
5744
8804
8198
3318
2066
2194
6037
7085
9096
2451
7165
3494
1904
2190
8278
9120
8201
7578
6566
8074
769
5133
1544
6214
7933
9533
4092
1726
8546
9711
5845
3922
4383
2894
3856
7594
4772
8778
9259
9321
4290
5465
7675
1638
450
5655
1813
3986
9773
1612
4398
7999
5378
3137
191
4757
5822
1670
6716
989
7019
8064
2272
3411
8596
3291
1126
6906
4184
8175
9607
9081
8761
1977
67
5872
216
6131
4778
8917
2675
8488
4780
5105
8377
8609
4132
3040
6044
47
9058
2340
6339
7043
9197
2840
2783
124
9452
1741
2988
5057
620
1040
3060
1700
5248
7721
4393
3154
6811
2603
5115
8658
8175
4365
6382
4086
1882
6480
6812
4058
3976
3699
6177
5825
6402
9107
178
2254
4852
3554
9411
913
7875
2365
1983
8635
9
7839
72
2017
3161
9553
2281
7041
1277
3152
5299
5371
7624
8169
4663
9041
746
4907
1817
6583
7820
3176
8723
3709
14
3975
7785
1573
9714
3252
2282
5928
2445
7537
7634
3984
4786
4054
306
5265
5802
6070
5928
2614
6406
6932
1776
6447
5237
4159
2255
8907
6346
1910
1477
1374
196
9647
691
6292
1009
8468
3758
1064
9456
9831
88
8796
3089
1616
7789
1815
2425
2681
7836
6044
3835
4677
1844
3205
403
3885
5995
5854
2615
439
7093
9379
2983
4061
8736
9207
2951
2319
6684
621
2766
7709
4
1835
4773
1958
9343
354
7928
6258
7628
7019
6385
3350
4737
496
4659
7876
7441
5037
3758
9067
9516
4183
3319
859
1417
7098
2236
383
9956
3286
158
3999
7427
8828
6012
7919
5108
5453
1163
2858
5488
7407
8879
9089
3394
145
596
2030
6291
3497
7168
9147
7759
4815
832
3559
5102
528
5173
3657
7162
2423
9996
6876
5390
4720
7312
4814
4374
2260
1715
2994
1878
6432
6745
7000
6329
5667
1058
8997
9620
205
55
1898
2292
8523
2430
8326
9952
1869
7525
6815
6034
566
393
8051
7462
8488
7693
8378
3098
6227
1056
4637
1504
5279
4940
7365
5546
9353
9227
5386
2734
5507
9761
9356
5687
4731
7188
8489
9782
5119
9273
4124
3663
8222
6962
5512
261
6310
3226
6838
3935
6782
6397
2564
3182
7081
80
4060
60
8250
7672
9181
1680
7197
4124
9870
9892
8126
181
450
7184
5192
5117
2134
9344
9856
998
3703
2224
3901
6982
1561
1747
4722
4945
4782
149
3080
9224
1749
6405
3524
5051
9726
6633
5555
9421
954
3569
3176
4416
837
6284
6419
5146
5276
6345
6830
9397
6674
3114
3969
5994
1829
3721
8817
9777
8974
4181
499
5035
2681
19
5552
9703
4761
102
9811
7288
1951
5489
933
2748
7205
4490
4182
7576
1414
8645
3287
3413
3404
6108
7092
5963
2947
4449
5114
2450
6591
3821
8675
8100
4880
6754
3468
2481
1592
4415
4100
303
3057
9074
3086
535
419
2383
7342
8501
2874
6094
7417
751
6614
3787
2456
7654
5306
2462
1206
4068
7472
8516
2162
1955
2572
1614
5704
8543
80
2971
590
4954
8306
9332
1972
5108
5390
4172
5896
3699
1177
6123
4651
9656
4827
5121
2510
4775
2029
136
5303
6244
9452
5842
4239
1598
104
3369
4970
9987
260
9738
9506
1696
8602
5102
3605
6003
9267
7887
3659
618
927
9637
1988
8427
3159
31
2244
889
5492
6639
3994
3686
2741
8811
492
471
9688
4305
9488
5350
3355
6199
3172
9213
862
1607
2474
7239
5313
6636
6692
1353
9977
2442
6343
6414
7880
6534
7634
7297
7680
7922
4240
4018
5610
7863
8629
420
5290
9028
8166
444
90
7048
7439
3704
2956
3071
9361
1439
4296
5419
3578
3197
2503
1360
9860
7796
269
9696
1362
467
9410
3989
394
1887
2711
2420
9947
4868
5025
3639
4101
3985
9734
2826
1897
4446
5285
9309
8282
184
9426
4776
5692
687
5686
9555
2402
5815
5244
2598
3461
2011
8143
2127
3354
7133
2099
7630
1210
7565
8683
7134
5194
315
8030
2898
8533
7541
5039
5551
3834
2022
8798
9474
5082
487
2473
3953
7263
9228
5628
3354
3992
7703
6747
5850
2094
5675
141
1772
8737
8794
5354
6860
4684
638
2689
5857
1776
7543
4936
9896
271
3553
9294
2456
753
4089
6364
1293
6230
8717
2260
9403
7480
4809
5603
869
8907
8118
6715
6666
7105
3476
3515
7255
7194
9210
5165
6623
4904
5668
983
344
486
9172
1154
5907
9968
6515
9107
7352
1526
6571
6002
1513
3612
9525
3570
948
1265
3742
3547
2501
6371
6162
7548
8400
9962
5960
7863
4115
984
2726
4716
7367
9870
5543
1350
2339
6891
4931
9921
4308
5513
1028
6171
9295
5459
9571
131
3457
1564
625
4417
2500
233
2684
8308
535
7496
5119
1852
7712
5450
6548
2876
5485
9016
2579
3959
5449
6729
4837
9707
9103
2546
4459
7698
3788
3965
2145
1732
1130
9823
5327
9577
3005
3741
2410
113
6784
9822
236
2099
7455
7945
9390
2639
9870
5531
725
8831
8835
4635
4083
1542
2618
8067
9871
5218
9455
4706
4932
3468
6623
1111
9289
6738
5563
4091
1845
7038
6032
4671
4754
6389
942
4733
6661
6878
6204
7290
1088
8271
2408
2210
3392
1407
9338
9860
1261
2214
6916
905
7746
4965
8599
3812
8948
3147
1769
8307
7267
8809
906
3824
3651
8076
8151
6196
5631
9732
4996
626
5027
6246
5643
5571
4191
6787
7255
2298
697
5510
8265
311
7221
9011
2697
4731
5237
4746
114
5588
9264
3894
3754
8084
5904
1453
4026
655
8127
9602
3888
6792
5521
4037
5304
8958
5047
7086
6180
154
2431
9574
9453
5167
3701
5909
858
1871
8892
3770
1399
6549
2068
50
4065
647
160
4121
572
2777
8962
7143
7093
702
5899
3671
2149
1986
1732
5071
7358
7506
7400
6161
1014
4460
9614
2723
298
8279
401
2408
2436
8709
6376
7390
205
5414
3827
6716
8800
1471
9934
4924
5408
5348
355
4617
3700
7170
1155
642
2012
3034
7409
6356
2171
2416
46
5085
6074
2499
6312
6993
6225
6778
8553
7821
1529
1067
129
9642
4942
211
9055
3665
9181
9007
748
4099
175
9535
8917
1967
105
9891
7060
1702
2806
6123
6369
7571
9635
86
8556
5086
974
5460
154
9093
627
6906
6479
7661
4916
6913
1106
2738
2876
6537
5753
3263
9126
4908
229
8938
3345
9330
6934
1398
883
7309
8407
5043
3057
8062
187
4680
3961
2376
1727
9455
6951
1861
251
9406
7811
4099
831
8887
1563
1375
482
123
1675
9772
209
8730
1015
5228
855
2752
1397
5334
9088
3651
3996
9357
6208
4205
1644
4003
3793
9025
8504
7350
9608
1081
6561
9672
3216
2321
4272
5293
28
8936
1117
2426
5458
1036
2121
6589
4400
8280
8705
2752
9774
3294
7923
6010
282
3572
4608
152
7861
4920
9139
655
3815
7669
1859
6407
9567
9429
1361
7283
6650
8385
9447
8345
6598
146
2017
9325
8003
4981
7216
2
179
9748
9493
1280
1807
6025
5600
3552
6754
6764
183
7968
1199
9421
3781
5725
2264
6622
318
8103
2468
6239
9432
1600
7336
939
2126
2901
9216
5003
3359
9504
2626
6168
6439
5769
9404
3695
2396
1711
3404
8635
5591
9539
9825
2167
3479
6504
1626
4964
3503
786
5784
2828
8773
9904
6077
7997
8364
8340
5888
3744
9590
2562
1979
6337
7353
3040
6352
4451
9011
3302
8892
3969
4083
7089
4185
8663
5244
6604
8816
1170
7478
8900
1849
7273
7218
9457
5642
2859
2672
7941
4776
4085
8619
6730
3579
7291
8322
3907
9251
2465
7570
2093
3773
2726
3728
713
3562
117
2307
5743
8759
2079
5803
7110
6245
6255
4183
7597
5542
2311
7995
6351
6377
3316
217
9669
2096
4772
9208
7635
8659
6917
7942
7039
3883
6774
4022
1751
106
7130
5100
2107
5926
7565
4552
8974
1629
7616
344
9983
7602
1088
3711
6513
2042
9357
8752
8726
1064
3813
3534
8655
9270
5471
2284
1941
4123
8040
5728
379
5410
1924
7501
9298
8053
5338
1238
8049
9181
3864
1882
1930
8893
3016
7664
1716
6732
1251
8588
2807
5410
3733
668
687
993
1158
4176
8680
8892
9112
6060
7081
2614
5733
1285
7023
1651
5269
7535
8905
830
8974
2368
8439
2755
8141
6064
8283
4630
5788
6513
9421
8339
924
7370
7452
3808
9783
4763
2679
6795
1868
7956
4103
6958
2723
8063
6281
8607
1359
5402
4603
5094
6621
5724
4218
1313
5649
4672
5438
8810
6826
3612
3508
7034
4968
5320
2379
9297
6062
888
6604
6707
643
9442
3944
1917
4410
5761
9378
9335
7474
680
3513
6867
5945
7327
9214
5067
5423
5244
5797
1102
229
1025
5665
1633
5717
4894
666
7017
7618
1240
2136
5517
4495
3926
1507
4296
8448
419
6035
3843
3321
4326
1075
833
325
436
3073
9734
5899
3785
9895
8679
4096
5640
6854
3027
2116
2771
1396
1210
8214
9254
8396
375
9278
8986
2777
662
6330
3111
7962
9347
6842
2145
3500
4055
2628
2329
7769
3333
5320
7217
6580
1344
3604
8664
424
3942
405
2635
6768
5539
9928
4582
519
8396
879
4526
3994
4897
2352
5857
5884
9491
7930
4806
8503
4870
7684
9955
2320
1588
2429
8184
1674
3442
3221
7801
1159
1481
3564
1847
3977
4990
9306
6508
9134
8775
422
8903
4695
4420
5117
7900
278
2243
3752
7936
6448
3551
5432
7959
359
6177
2663
7197
3528
4901
2458
4894
22
5554
642
7483
19
7371
4539
6510
4162
5513
6916
3353
240
2786
2437
7317
4549
7764
5459
4600
1637
1922
265
8288
3018
9218
3791
836
4246
3733
1149
4085
3324
1941
5736
5752
4410
1992
1887
3840
2183
2565
1352
721
5038
6779
1940
8233
3521
2359
1752
9426
1912
4748
482
3259
7269
8494
9698
4110
8306
7648
4023
1193
5481
5472
6365
1274
3254
2680
7355
7015
1787
6936
8238
6148
6281
8808
7679
1293
5931
1890
5923
6712
4742
7426
8188
3887
8496
6264
2550
5727
15
3989
3227
7278
9323
444
3574
8160
2786
1646
1802
1570
6175
3701
3341
4735
3683
3788
6687
239
3830
5445
1343
4915
3707
4427
2458
2172
7003
5152
9924
175
2028
4581
4883
7673
40
7470
918
5211
7950
2950
9202
4714
4299
1615
4113
8499
3897
2915
9936
1741
4909
2154
2000
5629
9366
9797
787
6047
8184
6029
4576
3707
3787
3085
6763
8858
9272
5493
9366
2322
4697
1044
1004
9429
5527
3760
6836
306
5712
6671
2181
4000
1221
5142
6227
6868
1052
8427
7551
5636
1388
8226
1765
2997
4693
5693
5253
2396
8112
4403
8999
5251
3062
9428
8333
4967
8672
4609
5438
1329
3067
8391
8864
4355
7167
8065
3908
9237
7776
8856
6016
79
7678
2318
3444
1341
4022
6973
266
7214
7118
217
857
1615
3462
5969
9769
7778
8210
1601
5943
4931
6190
8646
1901
7250
8045
4052
9462
6929
7981
523
4675
922
4216
5165
2115
7529
3495
2730
523
1607
2030
6629
1839
5733
5868
6739
9641
9439
4864
6258
2603
6217
2721
8601
1451
5444
4199
4105
6789
9011
9418
4130
6643
1327
7026
1772
4697
2287
5516
6438
5705
3579
743
3875
9276
4197
6938
1273
808
3922
6545
6702
9658
593
6371
3689
2897
5761
8384
3105
7333
4457
5271
4878
9710
7670
8733
2065
817
5783
3053
9524
7398
1423
5459
8701
4861
3965
4770
19
7962
3434
5747
716
7948
1174
7161
2010
4565
1241
5002
3761
4286
2723
5659
8816
5205
9553
11
7072
536
623
1442
9456
5886
2631
8200
5323
8250
5926
5793
2690
682
8871
3115
2878
1889
3112
8183
4135
4312
2580
8376
8670
6809
737
7479
3629
2265
1698
9154
3706
8151
7998
7667
5868
5169
5702
8835
5409
1050
6240
3018
2999
1234
4656
1650
5908
741
8850
6523
1298
8443
2817
6052
6075
898
2256
2287
2553
5159
9001
9552
7412
1701
6167
6820
7649
8581
797
8618
8471
9453
6311
4273
3267
1043
7619
8674
2917
7142
8210
726
4986
4751
7624
8491
7462
6026
9394
7755
5891
704
4483
5274
1289
1693
3153
770
732
7383
8520
3585
6100
5174
6872
3374
4355
3518
1340
9498
9690
4100
9924
8736
6010
3702
3026
8532
9382
5839
5522
7700
6168
7711
6224
3544
8312
6631
8604
1358
6271
9943
3401
8715
6538
1800
8548
9767
714
5020
2447
4107
2570
4509
9570
2384
4393
4762
2966
5156
6024
1461
5574
6746
8783
4955
1936
6354
3767
8263
5662
8470
6927
2320
2825
2521
7845
1098
8173
1554
9739
34
1805
4473
6930
4437
6862
2355
9303
8777
628
686
241
9354
8237
6716
1567
5340
6703
3701
1805
2046
5687
5795
3543
3100
4334
250
393
3653
4688
706
6199
8227
5067
712
9663
2558
7771
3365
330
3410
2709
1223
8510
6039
1886
3446
7742
3912
6265
3870
2198
8407
7192
877
4607
9133
542
5423
5796
1550
1867
99
5757
4632
205
8364
4872
1823
4923
2987
2456
2475
9595
2668
614
4705
296
6375
4625
8336
5053
4277
3882
8145
7636
3443
9338
5525
8167
8410
4669
2802
8547
72
9844
1711
9141
4529
7291
9361
2311
1766
5038
8390
3240
7310
134
3428
4708
8570
9913
9032
8192
7263
9205
8636
5734
104
899
5442
6774
4410
2399
1986
5102
7360
2792
9293
8463
7778
1518
3893
6712
4824
8163
7965
7203
1271
8604
1609
1498
35
2186
3871
1918
1704
4962
6823
6649
7328
3733
8423
9031
8978
8996
8961
9575
1432
8217
6906
3722
7928
8462
2933
9747
2162
4580
8137
3394
6737
7314
6939
9849
2524
8424
2531
2204
2730
5710
7200
2946
798
529
5846
4361
1887
3295
3800
2661
8992
8186
3471
1230
686
1276
2264
818
2038
7430
2451
4631
2408
4346
598
8723
2897
7330
1741
9146
5683
7050
7654
6837
1442
3313
1223
3016
674
4900
1372
4985
9576
9030
6217
9212
5800
6925
455
1765
8791
7234
7982
5495
1889
4011
1953
1226
4814
5487
5437
4307
8187
2761
7126
6112
7358
2570
815
4124
3039
7318
5818
3764
892
1449
1721
5437
4347
4640
8806
7149
6926
6817
5114
9004
5042
3103
921
9282
8467
2418
4224
5393
4870
2912
3231
9775
8169
7348
4340
8341
1018
6240
1012
8070
2081
9433
1923
5783
6855
7857
3184
2020
5440
7009
6725
6822
5707
568
8266
3636
2820
5379
9749
4400
9686
4310
7519
1031
1587
4454
5992
4462
3493
6860
7227
3487
6739
1891
3333
2384
1069
2538
2855
9533
4188
4537
2834
6375
6046
2463
4111
7296
6463
1986
1042
2085
1917
7692
8028
8397
5584
9646
2384
1722
2066
3742
1653
5879
6498
8334
5970
6452
2197
4228
2799
8666
5745
1753
7820
2512
2012
2930
8568
2745
3571
1499
2028
5326
332
6167
1069
3
1198
3751
6628
8143
518
241
2514
361
6979
7787
5997
7005
6412
8894
8271
7093
3532
83
7340
9805
3339
7300
9005
7841
1640
1329
0
3481
6788
4136
9787
1754
924
9182
5617
6159
9723
5715
1785
3576
9042
2319
4925
5786
2154
1947
2345
415
9125
5367
4088
6740
4106
3863
2083
230
6979
7475
3680
4453
7488
1650
6145
5521
9842
6645
6089
2691
5143
4447
5692
5405
1904
9558
6741
8657
9919
5769
9864
4475
4235
4781
8557
7882
9955
9854
9776
7282
6163
5435
2743
8180
4176
6073
5496
202
4998
7491
6548
9676
5519
3884
6461
2907
8897
6674
2133
3196
2477
1770
3378
6680
298
5129
8101
6419
3237
6120
8072
7713
3158
6609
1677
1426
9328
8169
6668
2214
1164
5757
9497
7463
5736
3553
9198
3691
4587
5476
624
6430
2026
4619
9659
3510
9051
2214
7297
7270
7972
9151
3326
302
9229
8362
9856
8390
4441
6515
8314
6782
3297
3762
1679
5492
8802
153
1093
7351
5038
4186
6634
349
7222
2071
7698
3925
9157
3110
861
2664
4318
4965
9201
6380
4862
4835
9625
4214
9660
6328
5005
3408
113
8904
8289
590
912
6986
7329
5751
3679
3549
4549
7563
8736
7992
2531
1572
5887
1145
972
8849
3369
4531
4945
4185
3388
6135
3746
5892
7073
5610
106
7376
9606
6181
464
8881
3544
4302
8257
4543
6075
3794
1364
4744
4153
6793
2122
3946
7924
7963
7713
4201
3599
38
4244
4865
855
8301
7699
4489
1604
1472
4714
7034
5703
5058
6224
6331
2313
3997
9593
5686
1883
1186
2012
3041
8257
9490
3261
5616
7754
5145
7590
3714
9167
4786
4909
2968
1793
2152
1360
6853
5079
601
3896
781
3163
9406
5199
2384
7091
5214
8620
5885
3118
8086
8106
511
4743
89
2587
8914
8649
8716
8327
1212
2016
2340
1736
8069
2295
5548
9751
7623
2127
3075
561
6144
2052
220
6317
8066
6738
9557
9187
6026
2705
9956
7192
2555
2798
3089
6125
7659
2079
1066
3843
1121
9496
4060
1267
5114
2151
6138
6280
163
4998
8239
7202
6496
9385
4040
5010
8709
9338
9867
8532
3430
8326
3256
4408
9107
8788
7651
1296
7289
7480
8420
240
7948
1559
1641
9231
4266
5318
5362
5619
7282
6003
755
3640
9277
1412
1010
7641
1695
6541
2778
8149
5046
228
2889
4667
5647
7565
5473
4837
3272
7766
6791
1468
9514
1940
3361
9310
7942
4761
6670
657
378
2079
9215
8443
9263
6235
7551
3869
5658
1764
1176
8571
6112
651
3714
2992
7236
5706
3230
2126
160
6628
1335
3855
534
5180
7920
4074
3125
6635
254
5358
7793
7986
2862
1105
8602
4419
1333
6724
8902
5719
5181
6115
4509
2980
9509
8541
2202
9121
9818
7666
6271
5809
5251
6130
5776
2397
5669
5155
845
5169
2498
4918
1091
2158
850
4731
7135
6256
1375
8544
9316
1574
6700
1944
6341
3593
9669
9451
5679
6270
750
6469
3767
3101
2112
7806
366
7114
6407
8194
3606
6900
5108
8095
37
4896
1202
8408
7409
9684
9921
8296
1871
2682
418
4688
7774
9754
2854
5036
6469
2578
3670
6595
1177
3478
9294
4579
8621
4544
5079
7586
9424
8759
1625
9996
7588
3398
5984
4327
8893
4797
4718
7408
8182
9439
5695
640
698
8067
7794
2469
7997
4699
537
7850
2401
5697
103
4234
1634
1485
7721
7011
1195
3937
7779
4968
4099
9144
7755
8243
4291
9066
8301
5907
7328
805
1245
3817
4652
2689
52
830
8350
6495
3508
8477
5517
5711
5414
7988
1801
1254
1112
9262
9512
522
7659
6753
4179
5274
1724
6296
6073
4926
4030
9171
5568
6015
1777
2542
6810
9874
4336
712
1242
4851
8566
652
4877
1871
8253
8102
6596
8674
536
9770
1333
6898
7454
8767
1206
4220
6521
3571
4593
6472
2286
296
3634
3571
6864
124
7147
8616
1705
8019
9795
5623
2347
9737
6754
613
4161
1488
7220
2753
4977
4103
8421
440
3359
572
7640
1109
5441
5850
6430
6448
5507
2492
8193
9390
7595
5720
94
2851
243
3840
7528
9437
6639
1847
2967
5522
1373
610
5968
3645
7769
9231
9534
6613
9207
9760
4007
2165
9446
5774
5893
2847
5484
7123
5621
1166
7530
6157
4027
9775
3773
87
5299
3427
6163
1990
9625
6374
1496
1456
3169
417
8350
9783
6584
9303
6692
6327
7424
8360
5897
3206
5170
35
1124
6000
7286
1890
1457
9487
1422
803
2984
8618
4462
677
2928
7354
4433
2560
7397
5630
8155
4175
6872
4386
4024
7876
7900
5609
2462
3011
9055
566
8149
2096
5257
8231
9303
4326
9513
4265
1592
2794
4071
5565
664
7192
9126
9107
8029
9147
1578
9518
3988
3062
7263
2251
8535
9633
1003
9528
2559
3018
5795
8134
5537
1769
9827
9771
3222
5157
4880
5816
9907
8279
1389
2292
6495
8716
4527
4563
6486
6827
8033
748
7274
8384
6303
4603
4555
8502
7195
6917
8584
6726
8849
1168
5230
6860
684
8579
9098
2229
8411
6634
2711
5433
4946
5809
6380
4514
4487
9967
4742
9176
2575
3796
3842
5767
6414
4259
9570
7537
5529
9482
1566
4353
3182
4367
4502
1741
7531
9823
2669
2997
6335
1692
6111
9633
4583
3162
317
9409
3535
7890
1699
2785
8157
9231
4756
5859
8695
7886
6347
7657
4252
2684
7871
6602
3051
3942
4268
2073
389
4619
8573
1880
154
8372
2053
5859
4235
6853
3518
1789
6922
2068
6756
3128
6573
2106
5593
5888
2270
2255
4356
9679
33
8570
6986
3777
9545
8598
2566
9385
3283
7211
7179
8829
4847
6073
5616
4252
4459
1079
3331
5612
4071
8940
9093
3806
6737
3960
3408
3873
4958
6318
4445
5701
6364
9802
6417
410
4631
7610
2725
6774
3386
5701
1626
5211
7198
2013
660
5437
317
67
4718
2060
3152
1392
5218
2603
6179
843
3782
2665
8673
2547
142
2255
856
3036
2425
9883
6182
428
3400
2869
9532
8055
4297
7746
6102
6701
3533
6408
2241
4068
6675
4174
5981
7597
4009
4581
7030
3344
9814
6647
4567
3015
5276
6480
9612
3490
3641
2996
9517
753
632
7950
864
4819
4021
1348
2983
6128
383
5620
2279
1636
9303
1645
6137
1564
4211
2001
4147
552
2205
359
4978
8977
7237
1919
1590
2552
1026
3342
7832
5833
9690
3637
2261
274
9024
6335
2104
9433
3610
2868
4901
3281
9739
9100
2137
9806
8398
1277
8799
2874
5515
6604
5708
6785
8638
5300
9457
4976
1775
8229
4902
3904
23
5235
3068
9225
7450
319
6251
635
7671
9959
511
7175
5060
8772
1747
267
9907
1496
262
4017
278
9153
4532
4631
3019
1310
3096
5463
7487
7986
9332
7902
8327
9748
5709
8067
7301
5527
1231
9009
5115
3528
941
4653
6637
3509
3444
4719
1487
6817
7210
3427
704
3339
4774
3546
3215
6249
4358
3233
5711
807
7916
6267
7968
788
7138
8803
8190
3970
6301
1442
380
4950
2906
7256
2552
998
5841
259
7484
5687
5430
4210
2486
3837
2529
9221
24
5514
1796
5986
8406
1248
7381
4254
698
4897
136
8934
1433
3303
5515
7595
2739
1909
7602
8824
2527
8334
3766
4842
7692
1841
1098
3602
7780
4087
8886
8096
7771
6217
1401
288
3787
7411
8399
1762
9961
5864
7437
635
371
6281
757
9718
6014
1241
8340
9132
864
6217
2797
1842
6883
8955
9356
5254
5535
3907
9529
9503
2841
4714
481
4990
3497
9706
7988
3822
5507
5694
5756
2624
4862
3074
3086
5267
4766
1328
2682
1497
369
1402
5214
5557
9663
3932
4233
9316
5840
1396
3016
6838
9041
8767
7541
6912
3170
887
9436
3364
5836
1989
4680
6585
3843
7159
5786
1003
5666
531
3165
1991
4793
872
2308
3085
1030
8572
167
7498
7519
8294
8513
7955
4915
1947
8981
3233
1985
3482
3775
6647
7781
5151
9193
4189
7884
350
6224
1995
1686
9343
2544
2569
2780
4266
7537
9227
3824
1460
6467
1183
6599
4887
3296
6666
4224
6351
8116
8725
9852
605
8266
6783
5523
6740
736
5497
5072
1970
7826
1587
9882
737
5465
8958
4550
9096
3452
1498
804
7173
1805
9270
8515
9431
6535
3475
7801
8126
7854
8192
6196
5731
9046
1450
9305
8670
1891
3228
5300
2414
5111
2598
414
5234
7884
4620
5349
8405
1041
2846
4197
8348
3710
3816
1765
4472
8099
6897
5988
8648
2036
7923
6921
5852
8683
8754
4175
8874
9614
3149
2633
2443
7762
5255
3897
2095
4437
5231
5318
7537
3863
3469
5623
1918
775
7992
1056
8761
2065
6113
6104
5341
6171
9173
3998
5182
7890
9888
508
1987
5765
5071
1334
8944
6172
6352
517
8392
9370
3412
4026
1268
5176
7685
331
285
6690
835
9246
9736
2647
5789
7340
4490
1092
1761
6408
5406
1658
1511
5051
4903
5152
3652
9967
4344
5527
2547
5368
4702
3857
9294
3005
8959
3510
4638
2883
6167
7492
7983
6764
17
4268
3807
7018
8427
2833
8594
9506
7495
3707
9668
9601
3200
5574
302
7577
4069
3444
7480
7143
6596
4200
9754
5551
3255
168
4064
7162
793
8564
1295
3403
784
7208
4839
9515
5230
7521
6651
5192
1708
117
7117
7513
1844
1206
7044
2184
3412
7731
7782
1980
7498
6995
2915
4590
8368
2577
7469
3574
1020
1162
8691
275
9190
4806
9486
9731
4877
3565
6807
9986
3838
4428
6424
7351
1006
4291
412
6040
1443
6128
6062
134
6778
9363
5547
6155
8238
8488
7544
8482
4558
6051
5476
463
1576
2499
1353
797
6389
9356
1112
243
2817
6680
5897
4376
3004
8042
7803
1689
4826
7233
2785
2573
9764
9297
7331
4668
8477
6030
7157
5098
7778
6662
3289
7170
3355
5824
188
2083
7710
3028
6842
7357
3550
2840
9205
3336
9605
498
6528
9462
261
6008
389
6150
6172
7415
6436
2767
9237
5682
3988
2845
2709
9920
4200
1145
1564
2345
3531
3612
4979
4042
3819
619
5792
8160
3651
4933
9946
9084
3735
19
5763
3138
6281
6608
7221
4081
8784
8170
1880
9122
1580
849
7114
8128
2949
7107
6166
9373
1778
1264
8269
2601
1599
7461
9327
1514
1567
6749
9311
3478
9022
8326
2710
7373
7585
1745
5462
16
5479
4091
3398
5806
8124
1489
608
2744
8566
6873
5081
1449
156
5732
5098
4056
5759
4520
4686
3581
8781
3608
5386
6000
6865
6354
911
2239
5251
7669
3244
9683
8660
2949
7810
6428
1663
150
5993
2390
4646
2547
3235
1447
8865
1268
5696
8533
387
777
1185
3419
9933
8719
7501
1398
704
1957
6022
8387
9927
4703
8627
259
8181
1031
3720
9875
3576
6121
1831
2762
69
6350
5338
7270
8562
3414
4978
4997
9081
2078
4726
5224
301
7440
8040
7822
1028
8555
3154
7148
3533
7393
4176
703
6652
1713
9349
4463
6868
3873
8710
8090
7812
4251
6340
2187
8736
3877
6279
5273
1158
9318
2941
6059
9723
1807
4757
1942
6708
1579
5977
229
9415
3153
4223
8584
619
1713
4318
5259
3294
9716
8842
4013
6372
9904
1449
4908
3532
3380
9696
8836
6870
9019
5839
106
9933
8185
3154
7338
7725
4056
5703
1692
1881
6596
9238
2763
5362
8564
4648
1512
28
424
1442
8328
1344
808
8000
3884
2046
5823
1635
4404
7834
8139
9626
3381
8678
6782
5035
3371
5830
7459
9235
2917
5388
5608
9185
5393
6341
4791
8190
7009
6699
6669
9343
2073
8545
4767
6381
8693
9218
8340
7428
7534
2791
4938
2875
7061
6729
1099
7626
7325
4003
3774
2497
8252
1537
3161
1889
2966
2167
143
3843
4711
5198
3735
2991
6905
7879
8585
4897
8808
7551
7407
9352
6109
3836
6183
6345
1782
111
2923
4682
3858
5943
5419
1302
6824
4637
9798
5647
6668
1049
6850
5365
9627
8765
1226
9324
726
1311
1794
1604
9451
416
6606
2959
9173
4818
3562
9930
1104
5211
3081
1840
4568
9096
3293
1121
3953
4569
7118
2109
7032
9860
9790
2155
3829
8035
4788
8048
9095
9516
9962
79
4830
434
1524
6716
1559
3369
671
7485
3313
7022
5577
4468
685
6128
5269
3326
9299
9807
8247
6041
7388
9775
1244
6203
2352
3769
8424
3873
6408
1058
2036
4250
1629
4197
1554
1554
283
7759
238
8198
794
6033
3325
7161
5309
5191
4395
327
8792
1406
2994
9054
544
4571
2651
7590
4398
4948
2485
310
3430
1802
2999
332
8798
9399
5157
3714
1995
8904
5074
609
2480
2981
5671
9906
8275
9718
8616
1929
1712
8727
9476
2290
4267
4447
6792
8247
1709
1996
3320
7347
7762
5301
9001
4138
5017
9890
5706
4847
4847
941
3503
1074
5473
3341
2765
8558
50
1188
7546
5838
9455
9302
4104
8887
8966
6683
4297
6922
5447
5844
5964
5446
8009
1820
3622
9182
8198
1048
7621
9648
7170
3768
2704
3295
6565
7025
4897
4075
1351
7219
5506
5720
5792
8849
6460
9607
2041
1862
584
2914
1270
4796
1133
8647
4035
3077
9187
8564
4255
1503
995
757
585
4686
1264
7549
6598
9384
3929
2894
6627
4756
6875
7075
1401
6998
4108
6127
9170
51
8202
4179
5005
7237
9427
4513
8835
7723
3993
7145
2159
5675
2844
1682
476
8319
4404
4653
3724
2174
763
309
9513
145
1934
663
4634
2115
1792
2247
8592
6777
3788
1039
244
6317
8842
2176
8588
5188
4049
3271
4508
2161
9951
3329
7171
886
5249
201
5760
2663
2252
2332
560
6391
788
8494
5556
2388
1586
6444
2338
2134
9905
586
9136
9461
3661
2966
1157
2863
1250
1844
229
1355
6815
2233
7658
7001
5593
4541
7267
7447
2568
5813
7518
4724
4116
5795
7732
8609
90
6000
439
7520
9423
1949
6682
3529
2971
5487
7008
9055
6069
8541
9100
494
5688
3447
6976
1840
4309
9367
5731
170
7738
2350
8910
9089
4076
3946
9106
7974
9729
6720
7859
7163
4201
2260
2979
6894
5328
105
7511
2949
9832
4305
9432
5285
5407
409
9582
3734
9992
6371
4546
6090
6167
3564
8565
4956
3124
7811
3795
4309
7622
4734
229
5122
5298
5050
8954
5077
1963
7873
2485
6093
4690
8876
5482
9528
213
1548
5151
1628
6497
6683
3522
4747
6556
1754
5599
3704
6148
5637
6648
4584
3291
5469
5445
235
8003
7775
3735
8048
5613
5216
4617
970
504
3033
9088
8655
7872
4937
2244
827
2718
9784
441
6301
8654
387
7954
3933
6781
4407
2391
3429
2352
2613
9859
1299
3637
9686
4992
5260
1593
1966
6806
2600
5259
8286
5234
1779
2032
203
87
5739
6833
5297
5887
4956
9821
1994
3468
5740
770
2447
1774
770
3811
3685
8230
1770
5162
9823
3009
8174
3968
3064
5872
9888
6061
4770
4984
877
9121
7967
8227
4593
4803
9497
3877
7077
3912
4390
5077
6109
8762
1229
2807
3802
3833
2495
351
8374
5830
5943
9307
2605
9725
3624
3359
4758
8912
6021
5007
5772
3675
4969
7453
1649
4915
2613
2096
1133
157
1639
5632
1504
1417
6511
9013
7326
2613
7637
8847
3982
2212
5649
5332
140
716
9236
621
5194
2231
941
240
4731
344
4053
7519
9298
240
9271
5268
3408
8594
8586
4197
8911
7602
765
5413
21
2975
4202
2582
9641
7599
5292
3028
9377
4092
5400
3660
5069
737
2651
3132
847
4839
2506
8286
9244
5059
1304
6055
9720
7601
7555
5682
7266
727
754
6212
2731
3655
1019
8568
2463
6632
2664
8132
7823
13
8011
5351
2056
9416
5534
272
6645
3657
1580
264
399
9710
9467
2240
2403
9545
8036
1408
9968
5008
9005
3965
1692
5897
2126
4796
3743
7696
3770
2208
5694
3095
7727
9567
3393
439
8165
6607
7129
6461
3799
6982
7443
6798
9673
1958
6955
123
9104
2483
5130
9300
6258
4099
33
3649
8019
5757
2360
2312
9176
2629
4619
1649
8495
9519
3413
4389
1260
4453
7886
5606
4114
4685
1368
3679
221
1536
8203
2658
4266
4115
594
7754
9873
4597
5282
6066
1120
459
5820
2285
8669
9735
1918
2795
1594
2188
7340
9717
8852
7431
4795
474
5157
7006
8576
7387
2962
7704
7148
825
4854
7998
9319
128
3752
1033
9920
9372
3108
9470
7080
186
8644
3011
791
4807
8529
9118
4758
1247
6645
7117
7209
5774
539
2225
5640
6910
1876
1859
3645
6340
9528
8787
7477
7853
9511
9424
1583
4193
8066
1800
2186
2845
4086
8104
7227
3250
8428
3803
7771
563
8273
1448
3256
6762
141
9686
5792
1005
1836
2418
4004
7161
9150
3396
5993
7669
7029
3369
3154
3829
6982
8195
3684
4491
5426
6543
8016
5913
3208
2780
6177
723
891
7921
4428
6321
9789
3602
9479
5513
1612
6573
9124
2241
5681
8061
3794
4168
6245
4240
431
1162
8558
6889
4855
6596
6824
5782
7046
9969
5662
5472
1567
4995
2844
9141
4377
4216
3433
9127
3492
6228
4483
3818
9691
2605
1708
8733
9253
9907
8892
1501
8088
5432
5053
1585
4463
5771
1416
1951
2786
7924
7989
5071
1602
1436
7008
4149
681
4549
2855
7389
9970
2259
425
7841
2403
10
2408
4542
2762
4956
9340
6573
5299
8719
9760
2384
6503
1528
1151
1850
6075
1043
7401
9755
1079
7323
7273
5277
9791
2717
5149
7045
268
2358
3812
7546
115
5073
8140
359
8079
3479
4861
5253
3899
3878
1023
1057
9455
1598
8343
317
1238
4225
8003
4958
1637
4168
9055
279
2802
4819
3557
2122
8169
3335
6877
3278
7748
4071
555
9770
3719
5022
8172
8926
8807
6356
7380
4558
4206
1284
7070
2083
3850
4126
2359
4365
2944
6766
2515
2069
2318
8652
7077
9552
2215
5595
2421
4821
6869
4133
341
4558
1546
4422
8321
8063
2063
3286
8244
5999
1982
3535
4691
4259
1758
3458
3544
1481
8347
233
1316
577
2793
7157
1344
6171
9972
7110
4871
377
4949
1836
2727
6161
9639
1144
8098
4462
7024
3299
9317
6515
3607
2559
2712
5969
2811
6458
2161
5671
2003
3665
2002
4865
4572
9782
3029
6964
9831
8745
2173
2047
6465
5469
4634
5744
4967
4607
7117
4745
5622
445
5175
4081
4034
8645
372
9622
7947
7879
3831
9847
974
2872
9994
3125
2982
6800
4440
1723
3736
2192
7108
4966
9760
182
3745
8337
5072
1589
9349
6284
6849
2507
2352
7916
3445
6035
4974
8325
9901
2636
8483
4729
3557
1311
5639
9265
104
7877
5877
2441
6865
7686
8370
8693
3076
8884
1376
2982
5899
6444
9486
1207
1465
9247
1189
7235
6281
919
1775
3856
8351
5814
4874
1059
9414
5342
5849
3709
7873
5174
7107
692
4588
6981
9482
5921
4776
6044
7789
2195
8631
5502
4766
7079
6357
8711
1331
1913
4190
2480
7956
2356
9102
1748
8475
6831
8587
1367
1575
1278
195
5953
3441
7843
2182
5030
8545
7186
3805
1975
218
1629
4755
5354
6195
5097
8791
2393
8080
1683
6904
9897
1986
3753
8125
301
364
882
8077
1517
1930
1718
603
4974
6747
1581
4931
3262
4253
9157
1180
3690
9146
5950
4889
3726
6823
7607
6643
6368
6644
410
9687
8141
7561
7319
1728
6450
39
8325
2057
8070
7823
9967
4716
2211
9986
6845
5226
1554
2168
4746
6971
5753
4164
7996
1087
4761
7262
7893
5353
3950
1414
8383
6060
8153
6111
9372
2143
2841
4501
3435
6483
5843
9086
6402
6653
2448
368
8845
4795
7058
8898
473
3568
2931
8559
6320
5564
8462
2488
1881
2452
5319
2628
3369
1836
6893
713
7123
1845
4053
9107
3289
9994
8119
6914
8404
8142
7551
6575
1060
9185
4894
9147
7738
3421
7031
7729
1774
7078
6698
5389
7925
382
1848
9652
3341
9185
701
4891
981
121
2834
4748
5698
232
3659
9249
7741
3188
6427
2483
1051
7882
2513
4322
3502
4077
8771
6851
7208
6389
141
2613
5368
3734
3213
8989
5377
7773
1168
2844
8778
7359
9555
9394
8472
7511
3573
965
780
4350
819
6010
4455
4083
5441
8255
1138
4027
8507
6021
7813
3043
753
8227
88
6360
3894
6300
4096
159
1682
1888
9016
4185
3705
2294
809
1835
8772
1733
1408
8816
1400
9202
6276
4291
4031
5004
4930
5339
3579
5237
9825
3328
8378
6516
2552
4984
3031
2090
5229
5851
6473
5815
5460
7805
6446
4133
7099
9845
6201
9208
5721
3434
5521
7647
6607
8638
9496
4825
8420
6531
5602
4188
4605
4868
8631
5760
9651
6423
2070
9818
9245
2231
4573
9975
3412
8456
3126
2427
6533
3039
5651
9386
6754
9536
5755
6924
8981
9440
2542
4831
6399
9636
8029
6063
2682
2323
2299
3239
667
1257
8384
7166
8537
6777
5206
1444
7337
6227
8437
6107
6187
2748
8013
7529
2623
2547
1683
5229
8405
7825
7035
474
235
7507
5253
2557
3676
7136
730
3870
2775
6914
7243
3400
2559
4070
6497
909
9092
1652
6772
537
5681
3789
9878
8351
1488
7139
5644
378
6199
9169
13
8040
9442
7908
5648
6000
5667
9971
5956
7418
9627
5127
256
6729
1785
5122
1961
7053
164
6174
7897
3860
4802
9569
1146
7856
8910
340
8052
389
2426
2360
4572
5835
5588
8416
8800
9525
2031
2950
9906
7253
4772
6649
590
4091
6453
7807
5545
8926
6592
1635
918
626
2707
2183
4806
764
8869
7022
9270
7362
4113
1031
3333
3757
1344
1781
878
9663
8736
1983
6271
4508
2325
4580
4665
5667
467
7021
9208
2956
4245
9628
5208
4088
2173
7697
6013
584
2422
9672
8972
8111
1012
209
5301
8417
5554
6269
1565
4831
9174
4674
2517
3786
910
9703
1693
9686
8484
7460
9556
5292
5187
6722
2232
4755
9665
8462
2295
48
9514
8964
4706
2834
1377
186
1209
8228
5609
4949
6499
7833
4127
4639
4000
7438
4837
6518
7036
435
8682
5126
2833
7211
4902
1121
2737
7064
9901
7504
408
3
1043
8603
7385
9453
4782
5294
5923
6123
8922
7812
8107
75
341
4554
4049
3479
5971
4955
1829
730
7698
8274
7901
5346
120
6275
4336
4439
6772
5192
5408
5996
6206
6238
3388
2345
9643
5159
5669
8572
709
742
2494
3961
5835
7716
2973
6299
9091
8607
660
1274
5413
3929
2830
3901
9056
116
1817
5078
7707
1667
29
8588
4293
1802
4587
6209
9414
1368
4404
2228
2449
8898
9436
7016
4311
3086
1461
5213
7431
5993
4442
5038
5083
3845
2124
5926
9116
2802
5224
878
2812
4699
8368
6099
4915
6668
8730
3763
6603
9268
9753
3715
4499
5881
2665
8430
8954
3575
9752
2122
9633
1487
8177
1124
8063
9186
9644
2346
5411
4343
9604
1815
8513
3320
2036
2154
9013
9164
346
4417
8105
6766
2848
1782
4706
6295
9567
4653
5849
5167
2770
4914
7391
5627
6563
8402
709
1510
3774
4791
3575
6501
4610
7148
4912
6874
38
3007
7236
8296
411
5167
5209
5593
8223
7854
5344
3015
624
2182
6781
8776
511
7348
4488
7166
6591
3377
5865
2445
9836
925
4486
6136
4759
1579
9222
4590
4283
4923
4903
3271
2372
2989
9651
4326
2377
540
2384
1519
921
1470
9566
2936
8595
6234
3376
4503
7983
8322
3385
2347
4764
8832
3778
7078
5305
809
6079
2664
8333
317
5361
722
7439
2105
1184
9697
7628
6939
6251
4757
7715
5441
6188
7643
5144
7753
6886
6772
9036
3159
3132
9166
5862
5493
1681
6550
5091
7887
7102
8702
174
4967
4162
378
8308
1676
1703
1171
2050
7413
3844
6092
9016
4887
2636
5873
7799
23
2652
7982
3469
4422
5434
1599
1815
2714
3469
164
278
8965
9421
2658
5582
3482
5311
3139
6408
3116
3033
1215
6223
2915
3108
1763
1370
6877
8695
6246
4433
3195
1671
6065
9004
7970
9782
7719
2537
7163
9680
9333
4541
327
5024
7719
3429
4253
9910
3408
9660
7319
7547
2014
1371
517
5710
1927
7083
9558
9961
2853
4562
555
7478
9217
7977
2466
4718
1552
9687
7865
3263
5165
5902
8003
1736
7698
2647
7410
3204
6983
6930
9364
5090
3122
81
9419
7526
6482
8565
6795
5049
3587
5461
1905
4147
4489
1820
6083
5388
3550
9693
7275
7564
1087
7944
7087
9710
3863
5314
4359
6619
571
9826
530
7495
7644
4736
4082
7219
543
1033
9197
4516
6702
1648
2119
3383
6831
6496
826
1785
3254
6935
5586
4933
9311
315
7858
6437
1937
9818
3981
8773
4752
4351
7791
3576
5693
8541
8907
8463
3609
5484
7085
5498
6383
9560
967
9867
8308
5486
1646
9407
8453
6274
8617
331
2355
389
9458
9860
4876
5964
2570
7235
6489
8318
9554
2785
7444
3162
2133
8101
4233
5878
4075
4377
6542
6695
8625
6786
358
6384
5280
4777
2849
997
3165
2455
3141
614
3046
4765
6318
5408
9360
841
1352
2305
9945
5683
2902
7960
3373
604
7790
8091
1532
3588
9457
3271
9295
98
6779
1876
7035
3942
2882
3268
8029
4051
3832
3274
405
3603
4555
9800
9965
6997
5847
6923
9839
922
5497
1608
934
6887
829
484
6803
1199
3643
7852
3652
906
7127
4833
4697
6859
9335
1575
6183
6573
1661
2013
3547
4758
3506
3753
9143
2138
2642
8312
7520
9597
6081
4780
8030
6264
3281
7832
7066
8806
1309
2330
4166
1320
7660
2035
8750
1088
5499
2271
8925
9855
8240
7622
6175
7409
9976
4992
6722
7171
3727
2623
5018
6133
5480
9402
3460
4331
7743
3699
4301
1201
6134
9276
6092
1009
5345
5672
3456
848
5361
3359
9104
5560
5873
2666
807
6420
8993
9859
3869
1895
2312
8707
8807
7535
4288
4810
4409
8743
2957
9845
3283
8006
1631
3419
3406
4652
4683
3991
2650
5910
9947
7630
8920
7789
7332
936
4097
2256
5419
9663
7834
4916
7390
1388
2517
6580
4396
3619
7889
3013
1193
5154
1201
9182
7240
4397
6243
5846
6510
3950
7415
7425
525
7026
4698
6906
4736
3607
2573
8320
488
5033
1217
1456
2804
6603
1350
8641
5084
5521
2732
1352
9832
8939
3971
421
1846
4205
9036
6141
3856
3025
5379
416
6782
8957
5742
13
2975
1292
8642
666
9870
56
9198
3567
6897
8719
3250
4017
1427
8705
8113
6296
6858
4839
513
2390
9195
3785
1745
5791
9783
367
4470
3218
9792
9089
665
960
7475
2791
1269
1964
2982
7059
1805
2911
5071
6038
8117
5988
6190
5026
4732
6294
2116
7519
7939
9881
2904
2203
6019
3813
9628
5017
3562
2567
6278
1411
8306
9111
4940
4994
6342
2081
8577
3287
7297
697
6101
7401
2186
2298
7706
3813
4101
8727
7240
456
6247
5317
689
6048
214
6650
3120
5061
1306
3984
759
7357
6693
1312
6
7402
1211
3935
8927
1875
8511
2336
5030
4396
2531
7096
5481
7833
8401
3415
3944
2361
9745
9549
8199
4022
7762
8753
2499
671
8113
1550
4321
7981
5511
5255
6458
8296
3153
3354
8185
5799
4493
4445
4563
2504
8331
7326
7545
5313
540
7870
3115
5696
628
5953
8406
1235
5469
3332
5258
2837
4246
5060
6522
8406
6625
2904
4368
7106
1436
6311
9348
4546
5656
8713
9369
3673
1754
1726
9764
1451
3181
1459
9635
1235
810
2324
1084
7116
5665
1366
720
1745
4218
1825
6006
4748
8104
2138
3870
1093
6485
5414
3818
3747
2
9709
3574
6251
9255
26
4254
4405
5903
3405
4834
2055
3322
9789
5265
4610
7790
1287
1313
2995
5719
90
2158
1750
3135
42
4356
3985
3711
3265
9556
1728
4935
8468
4377
5272
6184
7935
9230
270
8665
2349
8894
7815
6700
2129
6475
2982
2750
6412
5525
7646
6435
8110
7571
3954
9843
9670
1897
7349
3369
8227
8680
7483
3893
6347
3045
5913
4457
5488
6900
7768
5551
5011
8250
9485
4706
6854
7497
4012
3028
1475
1890
1681
7480
9095
7874
3349
686
4782
1000
4993
6158
3349
3142
5012
4319
6759
4118
7823
371
9585
8605
5623
1089
77
6097
5426
6942
3530
7591
1282
328
3730
7300
4038
4216
218
2370
7959
5413
2801
4085
3255
3776
6161
1936
653
8861
2989
6227
4205
9666
9907
5343
2291
3176
9095
4725
9000
6390
3352
8925
4425
6305
3673
7883
9336
4194
7996
2038
4246
3092
1501
8978
2185
5211
8975
6391
4691
6358
1228
8472
5428
6459
1106
2394
8875
4407
1025
3623
7481
9931
4887
8852
5413
7169
5647
1098
8639
9884
8829
2018
3623
8708
3419
5192
8440
649
3733
3838
2811
264
1283
5812
4808
8348
7356
8288
1255
6271
623
8337
956
1603
1072
5671
4541
848
7489
4055
680
6378
2730
4620
1197
8337
3981
9231
135
6873
4747
5160
3386
2624
4079
2613
3098
9066
1039
2078
2780
7572
3644
1934
4625
3534
2941
4477
6354
9052
73
426
9041
3370
4297
3151
1788
2044
1040
2935
8090
1363
5443
4912
8804
7094
5252
1533
3557
6794
2759
1772
7204
7296
7473
8277
1606
3343
1393
2812
7374
894
8542
6204
1369
6356
2721
4676
1343
606
9190
336
3285
1552
7220
8495
2691
8561
6619
5321
3138
8438
6014
5316
8519
4315
7484
25
7036
6050
7828
9018
3765
7143
3953
4070
6136
469
33
9363
7708
9975
2844
9074
3875
6453
2311
6626
7432
5990
3162
2872
1593
7994
537
3256
8919
4176
4655
1589
7430
1886
4413
9873
789
7639
1347
283
348
6739
4211
4586
6806
1139
1995
6147
8905
4018
7695
7380
2340
2959
550
7681
7203
9284
5090
3927
9444
3809
2585
6807
7102
2345
2138
5672
5372
9908
8741
163
2723
7289
5779
5598
6075
7720
8316
878
9510
288
2499
1355
6870
8247
2922
5311
7338
4364
5715
8248
4569
1177
6275
6856
4068
2647
3244
6693
2054
2948
6796
2446
7304
2424
2942
9906
6986
7388
2891
3226
7317
9033
8030
3323
4478
5690
1714
5855
8719
1053
6095
7555
8900
740
9292
3926
8281
4022
8294
8679
2534
2294
4642
631
8805
7730
8119
9285
1155
2606
6910
910
2991
2673
1806
683
3617
7772
7909
6484
5185
1896
4943
1018
3143
1787
2131
2493
9848
7648
5504
9712
8099
1838
575
2129
4225
1444
8271
2823
7612
8338
4020
9770
5649
5769
547
4218
7288
4802
2175
2149
1492
9645
764
4030
1593
1499
4778
1098
146
1600
6821
7680
5665
1596
8959
6564
8835
5040
2951
1860
3682
6446
8228
6118
2935
8226
8749
6161
4471
2572
6324
3214
360
6270
1552
9336
5238
376
5731
9631
2351
5754
2586
3882
8769
9646
8276
1299
3645
3019
6649
1211
6495
6025
4023
6498
4103
4228
1471
2151
9548
1375
6341
1745
8739
6900
3954
8565
5878
6063
7313
9724
4364
8642
6611
7740
6928
4766
3793
7692
8876
1669
2046
1198
7046
4612
5729
3672
3198
4034
5856
3654
5758
9819
8315
7387
8388
5716
5785
3901
8443
2707
3253
8040
4314
8595
4598
4485
3118
3729
8275
5158
6249
7608
1779
6543
5965
1658
9581
6870
1574
3616
6885
1628
8721
9498
7512
6646
6170
4684
4327
8582
5411
2386
3579
7942
538
8399
8214
4500
4864
4570
4099
7472
968
5799
2642
7081
5484
6037
7696
8747
8420
5062
8696
1213
6100
3388
2452
6437
5508
1073
5905
7542
1003
1554
2355
4553
5730
7931
8843
8256
3460
329
5545
2194
1489
504
462
4824
3650
4757
8417
5605
4801
1647
3287
5008
1559
3505
7946
7948
5473
8326
4353
537
5899
9569
5316
6106
1895
6630
5409
9736
3124
6100
4596
1772
6842
6225
2138
2852
3705
4667
160
80
6272
515
3216
1051
6946
3383
8895
517
1016
9949
9213
3847
9071
7995
5093
1860
9468
9197
9221
8091
4037
8148
5324
415
5977
1087
9885
7379
9380
1657
3203
767
31
3193
6423
6780
885
1891
6208
8992
6096
2010
195
278
7541
4632
2675
6297
8251
2716
9788
9390
5898
4234
4948
1075
6243
4933
7964
3247
9551
1832
7069
1710
5375
5296
7150
5046
7707
7120
6659
7443
1626
3905
3437
1913
1675
9918
4867
2482
4164
3331
5497
6022
1115
8103
5066
1860
8067
5633
18
992
7268
5429
95
412
4536
2477
8967
7691
668
7439
3278
3684
38
7745
6186
7500
4158
3308
1663
5436
2494
1689
523
8342
2182
2016
1134
2050
6180
6439
3077
2096
1258
65
8756
5653
3077
2409
3397
5921
3408
9959
5995
4901
7777
7074
1138
9427
5591
5688
8033
6768
127
5852
3496
7644
853
7679
1555
6469
9120
7869
8008
9485
6051
7267
277
5470
8570
7763
651
3492
3600
9842
3851
5175
2326
1551
246
8483
6923
6018
9863
3493
6421
6132
8666
302
4084
4151
1412
3708
5291
5906
7120
2531
9309
455
3402
1778
1513
6790
6968
8284
7452
744
8022
8270
6130
7299
1384
9799
9013
1348
4813
8165
8266
1070
6742
9054
4946
7806
7317
5291
7292
5220
2965
7817
7220
5114
7699
1420
1854
5414
3062
8271
5370
7117
1662
238
3434
8471
5475
5000
5362
7380
6256
7894
7508
2172
2963
5972
1886
8273
1656
1345
7557
6113
5878
5474
9241
1492
2622
7597
922
3249
7573
2696
8989
4495
7903
7289
6152
5549
1788
6028
4056
2425
7454
6250
4142
4038
9033
478
6119
5351
616
5646
7510
3834
6395
8124
9833
2667
9833
9812
1063
7466
2151
3991
6199
607
5242
1897
1064
5878
7379
1009
7128
309
1402
9366
7634
7416
4437
4804
2630
7146
7360
5579
8537
9523
7976
9058
2712
7207
2143
7355
9655
6342
1031
3821
9124
5488
2105
2583
3404
1513
2548
7039
6465
8251
6167
4876
340
7136
7372
8749
2973
3947
6896
6718
6550
4036
9355
6190
4172
7221
9360
1812
3439
1728
1159
7780
9581
3513
6695
6681
4423
9787
7333
3943
302
4223
6467
9786
2216
4573
3493
3956
6989
4384
9763
248
3541
9718
7209
3155
3176
4154
3428
9445
1960
9616
4224
8959
9587
1241
9196
6792
7430
136
6114
9188
4169
9814
8589
8088
2882
7565
5333
2238
4692
6767
5330
249
8557
4564
523
8276
2600
4717
9394
8929
9244
6476
3411
7511
6186
4030
838
5965
8887
8947
5340
5861
6611
5200
7369
908
9722
4932
52
5012
2885
2193
5486
3822
5161
7421
37
5919
4078
5085
3571
9452
1939
2095
477
8578
4479
1121
1069
310
2162
99
7275
6548
2015
8028
1767
8550
8587
8384
7861
4117
5103
3908
8961
9003
9328
7226
4128
6802
7177
1539
4379
7350
1989
9763
9706
1470
6559
4165
2681
6094
5821
8278
6878
5528
6614
1805
4590
3505
5284
9604
8271
9558
8395
6302
6605
4926
4898
9553
3448
4361
5322
1474
5615
5195
7382
5647
6872
8788
6566
2717
2940
1111
4594
4307
1523
40
8458
800
3477
1092
3342
3642
5934
9156
1329
7540
7298
8269
7878
8263
8827
6390
1314
3513
7172
3138
596
1743
1396
9969
1071
8916
2107
3685
1697
2174
695
6685
547
780
6525
6390
5730
2217
7473
5110
3008
1841
2669
2965
6732
4474
2177
97
4341
3234
2912
8981
7688
2276
6182
17
8238
2815
2202
202
3329
9157
9605
1671
1090
5759
7095
339
3917
8106
5828
1961
5477
9569
2502
1438
4678
4300
6423
1911
1840
3760
8083
510
8840
14
2740
4240
8653
1133
6320
8120
7127
7649
120
3009
618
5251
5351
7928
7158
5687
6081
7234
2897
8046
5228
2846
3216
4988
10
3879
9683
4121
3903
277
5308
184
6057
9767
7009
1903
5544
3831
3863
4242
3519
4973
5695
4444
2134
309
3367
537
5643
7719
2512
4922
3845
4372
845
828
9939
3738
3035
6150
1163
2582
6220
2235
1105
9901
2294
9397
1138
6571
4684
7929
5314
4013
3165
8548
2743
6347
9695
3050
161
5769
5056
9103
5902
6405
4581
9627
8298
2645
8134
3319
6765
5074
2883
9194
6996
3662
430
7014
9099
7634
10
2403
1340
7938
2576
2662
1468
5997
7306
6862
5865
7563
4302
1584
3614
212
1923
1038
8395
8680
9490
8689
359
6197
8684
2774
3282
824
1727
2606
9988
6772
9232
4806
6453
5542
1229
7953
9693
5215
9013
1358
2903
7730
9191
1232
2774
2664
5619
9621
3316
4331
5924
6886
5488
6196
3903
7102
2327
7919
9217
9111
7942
6981
3651
731
1354
7914
4815
3878
9507
3759
2189
6326
9851
5357
6707
999
782
9272
6786
6673
414
260
4094
4105
5018
2950
3467
849
141
1304
5475
6548
2326
1250
6537
5107
5690
9626
1171
383
5119
4538
6628
1205
2378
6415
5236
2230
2914
2131
7675
9381
8218
2544
6134
638
57
8706
8538
9559
135
7517
6634
8302
7027
3494
3276
5660
9265
6921
3811
8790
6550
3692
9775
9133
6763
9104
1260
9411
4025
6728
1706
5571
1368
6199
2186
9774
2084
1647
7440
1641
5323
7547
159
7696
3419
4566
719
1759
4297
6279
6547
6356
9628
701
4302
4013
5472
1431
7622
6690
3244
7856
4227
4771
5367
5844
9623
5044
3320
9419
5598
885
9791
4716
8223
5185
4635
928
2947
6839
4184
2081
9914
9504
5077
4478
1972
4461
4932
1697
1450
2223
3026
4383
3709
7475
5126
4237
5087
5429
5556
1698
5900
8398
7524
9062
9085
2669
5646
1499
4157
1543
8581
4138
2920
7557
8085
2595
8290
264
8017
6998
4660
7410
1764
2105
7337
7040
159
6369
3221
2574
7220
2599
4406
8982
500
1174
9828
8937
943
905
6878
5107
7643
7485
840
9904
2808
8137
2918
9401
8744
9937
9946
6114
699
8064
3863
3452
4643
8824
5045
719
1567
8464
135
2751
3140
4092
5513
7550
6985
5077
8900
3289
6744
9384
3029
9996
6259
1780
9794
7570
4267
6450
9357
7164
2869
8199
4030
3972
974
1487
7777
5470
8866
7596
210
7450
2282
7263
782
5782
2773
4836
3942
8230
9873
4911
1009
3780
8212
413
2529
9347
1224
9252
7262
2619
2114
5442
4587
6161
5007
4566
6384
5285
6544
2184
668
6026
3010
2303
9947
6572
5187
6059
531
6419
5080
7680
1321
9204
4174
483
4747
9702
9905
4491
7507
8808
2539
3241
5117
3031
1138
6889
9234
4964
9141
94
4192
1793
2656
7064
1132
8379
7186
8861
9873
3345
4356
6479
7585
4914
9606
9982
960
9308
8030
8759
3939
7874
7522
8452
2141
8482
7983
1617
1249
8693
9910
5691
364
3522
2188
8926
5206
3802
6551
4418
866
3600
7716
212
7317
4192
6721
964
1883
9122
3901
900
1384
2598
8118
2322
775
4880
8652
9031
9052
5093
2729
530
5992
9728
4244
4805
9292
1409
4367
2897
3073
321
9064
6664
7448
9166
6198
6469
275
341
6592
9930
1076
146
5232
830
1570
9324
2691
7261
6794
3395
6715
4643
50
7113
2730
8235
1909
7864
3489
3278
5778
6918
8347
1666
8273
262
6214
9562
158
8377
5460
5165
3367
8092
623
5206
7002
5736
1540
6923
7647
4795
9597
1384
1349
5536
7488
4313
1646
8585
5171
33
3425
8150
2887
2076
2434
6424
1652
6781
4456
6397
7234
6126
6477
7205
2256
9740
8398
6709
932
8428
1217
8609
9030
2356
2914
6649
9504
565
4845
4433
5162
3282
3442
816
771
7068
4920
1672
625
20
7611
5016
5607
6233
8850
1252
8981
3421
1996
3265
4694
2711
870
2012
7407
9564
9087
9566
2720
9413
5726
622
9550
45
982
7530
2912
7428
261
6078
7504
7574
5026
2063
9419
3631
3312
3066
7984
8859
9114
7543
1830
2476
2238
4077
1463
9243
2503
3353
8520
4998
7670
8565
9002
8400
3444
2724
8751
552
9660
9417
6934
5146
1157
2186
6001
7934
5906
6058
3136
7724
3385
3395
9182
7422
5812
242
6945
2898
624
1297
3671
5754
4288
8283
3820
2242
6083
6458
1639
1867
8987
2922
7518
806
5515
6520
7850
8303
3377
9316
9293
6039
5743
8324
8455
8919
9184
1573
6509
8443
8986
7259
6692
5088
3229
4320
9484
7
7405
2049
8422
1397
450
8931
1741
4103
7816
1178
4974
5846
5317
9234
9074
741
6990
1752
392
8660
9657
8693
7413
1726
8249
8554
3496
7244
1368
2726
6192
3436
8314
5184
1893
2057
7144
1336
1894
8061
2627
5237
8994
3170
4971
6313
2920
7178
1865
2542
4327
7841
8083
2610
6110
8135
539
1408
8304
7592
2714
4723
5183
9805
6796
7922
528
3599
9270
9154
655
2206
5811
4393
3981
861
3120
575
2717
3633
3266
4935
9706
7656
6795
2285
7398
1440
2264
9274
7493
2349
4546
7760
1677
2093
5845
6272
4827
8800
5813
903
7666
6335
5165
5744
7979
3773
3783
6895
5031
3106
6404
5334
8175
7157
8710
2837
4126
5870
8310
72
1894
7399
4688
7422
6752
3125
6940
2650
9369
1116
6806
2611
2862
3236
9748
268
9171
3164
3008
8956
7330
8455
7351
9068
6610
6167
6358
8344
9374
5942
2710
5187
5172
804
4404
9394
9993
9747
8845
1925
1959
3506
7974
7704
5285
8970
7573
677
7995
6553
4720
9945
2807
566
7272
4851
5979
7070
478
8438
9187
6930
8597
574
9087
2307
5548
3865
9521
4716
9865
1836
6921
5056
3798
5276
6561
3699
419
4369
3887
3427
1253
9789
1868
1440
7386
5545
9568
9064
6972
572
6714
6737
9893
2779
90
7543
2315
480
3344
8033
5942
2747
9718
8765
9285
7569
2971
2729
8071
4853
1147
8666
8842
4895
2717
5649
4361
5041
4939
6543
6598
6583
2712
9450
695
7059
9113
3491
2498
8906
2779
753
1187
1783
9396
4472
4921
4271
5906
2773
4949
931
1019
747
8312
7078
9181
3477
2186
366
4180
3611
3507
9690
8475
8762
4815
5690
6386
5457
8602
7869
3027
6147
3685
8453
4936
3523
8726
3415
6180
2694
2983
4357
1810
1899
7561
8169
233
5070
7146
5716
9469
1714
9188
9448
2541
1994
7766
9935
2097
5818
6382
5532
7896
2260
3744
2504
1084
2753
2016
3274
395
7353
6882
3671
6302
3042
8216
3239
8317
2619
2437
3836
6431
4925
4190
1873
9800
1343
2066
6966
6247
109
3726
1029
4842
9740
5879
89
9106
6533
3335
4030
4325
132
8829
5995
8783
1694
1952
63
476
8803
8470
7713
1214
6826
7892
5456
7003
6290
2325
7267
696
1703
5965
1010
5241
6313
8446
4326
689
9715
6093
8344
9941
9625
3963
9696
9881
3130
8876
5626
348
4841
3907
4374
3217
6051
1823
1766
149
2162
3145
2252
3554
4866
9883
2074
4912
9684
9666
8356
9415
2322
6474
627
2616
8689
6375
332
4182
3948
8245
9887
8219
7401
3444
2672
9503
8181
5771
4094
928
5098
1565
271
4185
3286
9461
314
9932
3937
9205
1189
8557
9866
1358
8367
7723
818
5838
2696
392
8895
9094
307
1462
3092
4185
8994
1646
5793
1687
4867
4491
7421
6468
1252
8978
7991
3492
1493
9544
5424
1406
7135
2212
5431
3366
1668
6413
7288
9841
351
7959
2741
5846
4144
8249
8592
3513
68
3238
5865
6636
5850
5751
8336
8380
4985
2975
8662
1189
1493
617
1588
2481
124
3811
7368
7498
3758
9708
1650
8965
6559
5737
7507
8595
7283
6427
1515
9272
2654
348
1164
3044
5021
6510
1351
6731
9619
8093
9074
3916
4235
9762
1934
6714
6845
1660
5595
1728
4957
7018
9708
8067
8963
1271
4754
451
7719
6157
7479
1402
5116
5802
7410
9068
2005
7389
5968
7492
6973
8227
6946
1234
6713
8607
5094
6677
604
3430
6680
259
1364
1966
3711
9283
5181
6380
1628
1645
4498
4051
8946
5356
3199
1154
9676
6760
2835
9569
8740
9381
4886
3587
1656
5153
4646
8790
6466
8719
2928
7168
4355
4930
90
488
2514
7112
37
3362
3047
8105
5502
4239
3414
9648
4516
2997
9810
872
8519
1325
184
9340
2719
5590
5285
803
1589
5369
5604
5642
1140
2276
6731
4018
1878
8897
8615
5311
4220
76
8660
6794
8083
3014
2862
6191
9916
6448
5752
4429
6620
4887
493
1849
1233
4165
3618
4280
9668
1044
1038
2560
4753
9666
6280
1849
3428
4220
4349
1702
1433
2559
8601
8613
4877
5166
3080
5829
3557
3491
3974
2302
6114
4428
8000
4914
8278
5601
6296
1103
682
7191
646
8859
7835
6635
9184
8403
2365
9752
2261
2122
3271
1204
8766
9714
8735
8631
2654
9840
7190
6387
3802
6279
2114
8039
623
5646
7278
9642
5849
8168
5077
1487
1556
762
4379
8247
9535
809
5580
1306
6243
7040
512
282
6970
6144
3393
5009
1330
5552
7908
4378
6449
6562
3869
8745
8469
7272
2538
299
5878
4732
790
7642
6114
9406
8616
9775
1318
8494
1298
8164
4767
8901
9995
4711
9138
57
5359
7386
122
2673
1181
2292
9092
4762
9459
1093
509
7308
571
643
3939
1645
9471
9588
3186
9034
435
7231
4735
3393
4507
9990
6442
1050
3213
4911
3779
9760
1534
4532
8716
6897
6266
2422
5751
1736
8515
9370
1326
839
6097
5503
8269
102
8821
4107
2877
3354
991
2615
4001
5396
5045
7362
1861
4791
9927
9404
4903
7165
9631
2904
3544
5818
599
3077
6374
89
50
401
5099
7617
4076
805
3450
6581
6050
7383
1338
3515
7666
5180
6297
9685
5379
405
425
3801
1415
6591
584
7980
6428
5094
6297
2616
272
8817
3799
9419
6737
9525
2329
8456
9553
8711
