7214
6936
5435
6449
8055
6082
7671
5406
7020
5761
6203
4607
468
9303
4667
5153
7978
2770
9317
1000
5776
7827
2073
9700
2800
734
8814
9168
3079
151
8898
8401
9688
8124
5533
2706
5579
6134
6300
7417
1300
4815
7829
6486
9632
2477
548
8148
9118
3444
8874
2501
4783
8719
670
1289
2564
8043
6606
3858
5675
16
7622
4348
5029
296
6891
2363
8383
7443
8623
4306
3507
3798
2045
7961
4369
5460
3552
9878
6987
6982
463
9419
7404
7396
1300
7103
8962
3785
2147
3976
4069
7165
8361
9806
2361
6603
5392
2913
7140
801
9484
157
9514
5593
5991
7996
3760
9191
1447
6249
6773
7980
6063
8556
4019
3025
9673
9174
8486
4186
3169
296
4317
5559
2033
9751
3135
8751
5259
9284
836
6738
3810
2943
1230
4527
3734
6856
1774
5825
1130
2238
20
9748
2928
820
8261
4940
8723
4936
1952
9587
5442
1181
778
2017
4453
4770
9514
1276
3540
5075
8444
6033
1314
8196
7858
5913
1750
4599
525
631
7247
9682
4537
5421
6732
6871
1551
6126
6910
306
4475
6579
3337
1032
5246
6864
4439
3225
7038
495
7897
7282
4941
9854
5454
3011
632
212
8502
982
7078
1324
6257
4819
5278
4680
1105
9862
6631
9957
3273
2452
3017
5176
4386
2077
6328
1931
5638
3593
8664
2606
700
6470
7260
5598
2141
8577
8568
490
3076
5902
7696
2563
992
2188
8606
565
3778
6627
2427
2469
7364
2021
6910
4925
612
9231
4590
6170
9285
6703
4168
5458
5343
9425
2508
8194
7938
2032
8221
9254
4721
2843
5118
6296
1239
6718
4367
2393
3868
3306
7916
8381
7513
1379
126
7630
2272
2036
35
5459
2259
1831
4591
472
9385
8750
5557
2358
9617
1017
9693
7507
4625
1836
2774
8856
8997
9004
6610
9839
2592
4677
6820
581
2888
8070
5511
3248
4194
5429
9025
3701
1324
6858
3622
2469
7316
7114
4715
7136
1606
716
6140
4244
1764
8021
5139
3905
1339
8772
7929
3135
1462
2164
224
6508
3391
622
2859
7089
1299
759
4106
6012
3752
6032
2461
6503
5889
6859
1510
1412
9541
9934
9550
5018
3061
2899
8752
9471
1099
9946
8724
1762
5490
6555
1091
8512
1260
9566
528
753
6264
8789
6368
3215
3045
8617
1595
6256
7011
8424
2745
8024
7489
1749
504
7776
2382
9587
7792
4566
1507
8654
2229
5087
1214
4728
5640
7447
1507
7644
7727
1209
2654
3464
1286
8416
9462
4582
2397
8929
1612
6805
1408
432
8651
4766
8453
6184
5411
5521
8167
5655
4411
9675
1805
5168
6067
7341
2940
3385
8322
4719
361
952
7015
6639
9185
9063
5135
3336
8241
3805
6316
3145
925
587
1338
6876
170
8129
8618
740
7808
3218
1932
565
2420
426
467
25
1363
8505
809
9211
5436
2127
7015
9847
9183
6408
3996
3157
2316
3610
594
5376
4030
6754
1521
123
5032
8551
5188
7285
160
8725
8031
1568
1796
2048
9679
3459
1680
274
4167
8996
9546
6982
6391
1268
7760
7786
8371
4188
2822
8488
4056
6661
1311
970
2301
1225
2717
2708
1300
8937
3366
2217
9793
5864
5170
3350
9413
9537
8596
4183
7071
6728
665
1208
3342
2894
2378
8396
402
7942
8028
181
5306
6038
695
96
2558
3219
2425
1667
6274
5734
2147
2383
3925
7193
2895
4474
1752
665
1016
3060
6565
7227
4004
9437
1500
7085
2909
4882
6447
9305
1362
7724
4093
7371
787
8114
8823
4336
8746
2425
1991
6728
3225
3069
5050
395
4306
97
1652
1965
8147
9097
225
1441
6452
7301
2253
2299
3864
1003
7899
6622
3709
7046
9714
2100
4656
432
8443
6414
2225
7143
6675
2799
4005
9628
6083
1483
9678
8739
9043
3470
107
6193
2689
5064
4557
9311
4391
7136
8159
6186
7078
5868
491
7891
7526
3446
6946
5743
2293
8963
7066
4859
6955
9269
5310
8023
5628
1152
7386
9337
3069
2058
1189
6518
1533
6901
8436
5955
5609
1984
4789
3522
1108
2900
1206
5150
9542
3914
877
6754
1426
7516
3042
3901
8451
164
537
615
5372
1984
7053
9910
5592
6011
8717
5315
175
8210
3476
8711
9756
3712
1776
8026
5625
9292
7984
9106
3162
8943
4397
8452
3221
2883
3461
1011
2556
9111
961
7855
2422
7566
4234
6662
1096
1428
2983
1003
3795
8628
6871
1120
3850
1142
1942
9602
6473
7768
6045
8500
2954
4412
1470
7331
457
6275
6828
3775
5418
1885
6947
1938
7896
5829
6343
4667
6349
1757
2748
5583
2795
3081
3544
4083
5584
2487
4470
5717
1729
9691
7399
9351
509
1875
2515
821
9359
8490
1410
3997
5766
4006
3227
4247
2618
3713
9044
3674
4887
6591
9191
2471
2997
7360
6400
8819
3197
6219
1440
7241
2793
3745
8041
2409
2680
1841
3658
9249
5284
7066
5064
6469
2292
9472
13
3695
4306
2955
9700
8732
4418
8836
6500
5166
2822
3666
8550
2968
6907
7591
5898
4512
1069
6602
4149
8967
1544
5852
3043
4288
9501
5401
8485
8685
8274
8237
8245
6776
4472
9303
6541
2190
5372
6892
1968
1216
374
2676
8861
163
7459
9078
1763
744
6858
1685
4421
1641
4845
5018
5445
3138
4136
9842
1125
3864
1601
5302
9605
1659
5290
3348
3310
3675
9726
7377
7418
4929
5401
4561
6817
1693
5159
4963
1574
9392
7537
3579
1434
3485
7661
8942
8634
2315
3464
835
9441
676
4618
2806
7487
6095
5606
4275
6463
5706
4134
3857
5979
6441
1685
707
2280
39
2351
5025
3988
952
1095
7384
9637
517
5047
3186
5442
1414
4426
6774
5174
5766
2037
8482
7486
4618
85
6818
7849
6708
5978
372
6490
3735
6956
7037
9324
831
4799
4535
3316
9469
537
5295
1861
484
8563
9784
2831
8048
4024
6682
3915
903
2338
8624
7268
124
8567
8481
5761
2307
6336
3058
2701
2060
8999
1715
6544
9844
8091
1762
3527
9061
5247
9695
4547
9202
2712
2058
4580
629
6989
829
991
7094
905
7482
5951
4176
9589
5780
9317
7205
6948
1805
2761
3668
8777
1286
8770
8931
1375
5961
2218
654
35
4000
998
2144
3667
1976
1481
8691
7694
5426
1376
6487
5647
1673
8117
8019
4668
4416
2295
5840
4075
2684
8239
2351
3416
3850
6352
6975
9769
5039
4312
2391
4816
7409
7010
7762
5317
4971
3564
2601
7073
4779
8488
9163
6937
1534
6334
3395
2514
8985
1869
5207
3724
8817
7124
875
961
3275
2161
4029
6278
4193
7793
7679
7809
6338
9779
814
8622
6235
4585
8707
6945
7999
6457
2958
3210
1729
8238
8746
7176
2442
8895
2784
1163
7782
3165
7475
9727
6261
5599
3083
728
3153
8673
4749
3531
1838
3439
77
3028
9214
1706
3877
7778
8999
4499
2920
8785
6135
9528
5292
2445
7182
1015
306
5464
5372
2375
496
455
7788
8571
4492
1929
1814
5908
7572
6973
5852
3610
757
7513
8746
9015
8647
688
7328
8369
9568
1025
1479
4183
7921
9103
4301
8869
5796
4109
3284
9037
7838
5188
487
8453
8035
2139
1801
3388
7744
4668
2904
3359
5015
8961
6395
7259
4493
9188
8097
6080
4182
9705
5251
530
695
6358
9217
4082
1452
1094
1536
4121
4631
2637
4487
6196
1319
2068
9083
1380
7207
342
88
4475
1357
3326
2526
1147
735
7291
2243
7016
1810
2572
1300
6682
343
7695
9142
3505
6621
9785
5366
6369
5645
6040
1188
858
2129
7184
9874
855
5106
6968
929
2251
4814
4620
8479
1787
8223
3675
5825
3677
6076
7343
772
8669
4363
6160
3244
2629
1376
8771
3700
5797
4904
4890
6997
4578
7127
3489
2315
3540
2822
9157
9132
4002
8070
7781
7069
3536
3733
9028
6552
3207
4852
908
7570
6854
3954
9339
3073
5208
438
8781
8941
6694
3727
7584
9913
6076
4505
4583
4607
7518
6873
2513
1433
5323
5464
943
6858
216
3721
2651
1435
4142
1910
7631
2331
4032
6798
7984
4107
527
4023
5212
7816
3036
2792
2131
7671
1938
1895
6623
2617
8543
8361
4343
1937
2694
4838
4176
3165
5179
5648
7457
3748
3467
3178
3275
1410
8086
505
1685
7554
7887
1134
7025
1396
9736
8964
9913
5045
6983
2490
5650
4988
579
4001
1340
6630
3802
621
8202
768
1815
6061
2672
8540
1019
9984
1694
7563
6892
3248
6104
101
5075
1345
5942
8319
3138
9817
8529
9556
3447
4829
1729
7157
9961
4208
763
5647
1124
580
90
8585
5813
3065
9165
3707
6807
4821
5059
1456
1448
5056
7759
9752
371
116
9923
2451
9432
3990
1935
4765
1892
4469
200
1371
882
684
107
1024
6834
1709
5756
7648
6800
9745
5067
7012
8348
4089
5784
1133
1760
7887
1445
1141
9552
9944
5921
5825
233
256
156
1948
6189
900
3428
8693
2395
1567
9266
9545
4704
9228
7356
2618
139
3054
5110
3436
5074
205
2539
4974
5199
5847
456
5393
6511
1873
34
9193
2403
9825
6318
960
3399
3183
724
4430
8835
2913
6433
3183
6992
2119
7992
8686
2855
9967
744
7884
8586
3851
4242
2612
1280
1529
6283
8398
372
7079
1665
7348
2381
5788
7481
7890
9802
6662
9276
7626
8103
8311
165
6758
2002
2273
2387
6783
2900
1208
3482
897
3665
840
2377
6171
8908
7757
4281
977
8885
4081
5665
6227
7926
1538
5888
5070
8167
7812
6425
5561
6507
1091
6257
9475
876
4935
122
5219
9356
2732
9022
1289
362
3365
4960
2632
562
2350
385
1182
6750
6516
9488
5873
687
581
4081
9454
9068
9671
849
5488
2493
4168
2888
7408
9224
4328
6936
667
2830
8522
346
3378
6347
3707
5158
1772
2673
8217
2217
6352
3363
9209
3581
5168
6698
5335
9872
698
2888
8567
6105
1875
665
390
8969
1381
7492
4760
9662
5062
1527
3748
2165
6907
852
4995
1557
5225
5539
724
6498
9444
3913
6899
7353
1358
5611
4641
3086
8683
8510
9844
502
8290
5203
9436
264
1113
7740
8554
7640
3429
4348
6047
123
7366
8348
9161
4096
5372
9941
5131
3511
6137
427
1242
5733
7162
1023
1348
574
3909
2199
5392
9818
7391
2497
6811
816
8429
1244
6235
9860
2877
8103
4595
6071
1111
4340
4044
3302
3184
185
5486
450
7790
1967
6820
8136
22
2125
8611
6672
2581
4189
8083
9013
302
6893
4131
546
2505
5690
9355
2820
8846
1213
1474
4938
4034
8798
6102
6193
8556
1198
6240
4493
9416
5287
671
4337
8428
5443
6770
2504
3478
3352
9101
9385
416
3532
5179
7660
4728
1089
1911
3543
7793
8882
7149
2432
3457
6960
5437
7574
1192
4643
6901
9509
4022
3064
817
2771
889
1565
3173
5402
1692
4346
8425
7881
1855
3780
4328
9313
9782
6294
8583
2303
2357
4266
1418
4318
1991
7776
5927
159
9206
5987
6759
8740
7204
2080
8331
2564
8313
4051
4678
1426
8306
3333
4039
2427
764
9323
9655
7087
4268
1153
1047
4171
4058
7924
546
7058
7781
6045
7093
5833
6721
4249
6881
6447
7613
9483
8390
1155
7444
2829
446
4828
6952
1997
1130
921
9166
8880
5263
3882
6272
3928
1115
5528
3726
5370
9880
5826
6728
9543
73
7848
2330
5308
1111
9192
4513
5842
1193
2491
881
2922
4295
9026
544
7995
3175
2080
4263
2479
5692
4045
5082
3857
364
7314
3125
3470
8482
9656
7910
2499
4237
4205
4465
8457
7490
274
1704
5254
7634
2397
229
6603
1534
2458
2734
1104
1948
1529
853
4184
6885
1242
6093
57
5017
2160
5393
1203
234
1883
2583
2472
9506
8740
8659
188
1357
686
2284
4851
658
2920
2177
2456
7442
1675
133
7884
2058
1827
1283
6063
4498
5321
3759
6569
472
5665
345
357
3299
6115
9539
2515
8809
6074
2773
4887
8792
7918
9705
1361
3461
1777
864
5771
2385
1992
9738
5214
1257
2480
624
5846
3000
6421
1266
6426
6330
2565
8588
1648
6064
1194
4550
7810
1985
5327
5195
5938
6557
2358
3407
6551
7044
6533
8930
2690
9585
629
3970
7083
4198
7580
3599
585
1041
2811
3556
5517
579
9717
5758
2304
9335
7487
1989
5999
7742
7128
448
3223
3396
1019
1250
3408
2021
205
3853
5681
1109
4239
8830
2848
2536
6070
921
3989
2362
8060
2341
214
1607
9215
2973
713
3947
3197
6293
411
7078
1546
4084
6780
9904
9896
8608
685
2360
9007
8709
3271
752
8
6499
7740
7900
6980
1628
1356
2973
371
8123
4817
5707
3574
6831
381
6207
3071
7206
659
3157
5577
4486
3211
3516
4717
8008
7619
1307
8292
9823
1677
4066
2147
7892
8505
5456
6790
75
8682
701
7559
2629
4841
321
1626
6712
5711
6660
7120
1168
1953
4226
8963
7630
4557
4634
7149
6934
4428
822
8041
4660
3796
2119
9370
5986
6543
4017
2266
9429
6773
7336
1038
9329
8019
3777
6416
8453
2910
2454
7013
2818
2794
6679
9567
2417
4104
2635
8908
2011
7710
3190
2368
9694
6991
8720
6180
8027
2515
1985
1756
401
542
507
7026
1204
2750
6613
8047
3745
2644
426
8793
5763
5623
5385
1249
1636
483
9856
5497
7677
1061
3495
93
7527
5587
6134
894
4327
3704
8830
6693
5894
4383
7116
5183
9185
6338
957
1189
1723
6315
9041
3771
3505
5856
5183
289
2407
3952
193
9417
2253
3257
3243
8829
3966
7905
1596
1721
3293
9165
8679
1008
8811
2750
7528
1308
4754
7012
5663
120
6225
4592
5240
3666
8560
4884
3877
6406
3854
4645
7266
6759
1152
4815
6953
5958
6445
4411
5478
4835
7783
9723
506
5543
2116
5205
3986
106
7383
4153
2191
1613
4226
5310
1200
2338
5921
6774
7981
2832
63
6164
9292
3197
9068
5783
5145
958
839
4012
2929
6825
7699
5760
3590
3990
954
8772
8181
3052
2967
5967
1474
6931
9423
2627
4998
4922
7932
7863
9406
8365
1799
632
9850
2852
8243
5083
1868
5707
2251
5698
6067
8575
9160
4090
6432
2818
1793
7421
1987
3719
6098
4871
9437
4821
4865
7124
7969
4075
3454
2139
6526
591
2497
8014
3762
9221
9935
4754
6547
6142
6300
9419
4917
5665
7313
5212
9339
9050
1534
7266
3163
7118
6420
3475
2449
6795
3375
5004
193
5193
9503
6917
6123
1586
916
576
8878
4738
898
3646
5625
8719
1725
8561
8388
3377
4086
5994
7309
1465
7808
6244
4732
4938
981
4048
4565
2837
5441
8818
2175
4572
3520
5321
3970
3757
5918
6915
8233
5554
7808
6033
603
9813
1958
6978
7158
4989
9630
7471
7654
8625
327
3745
2493
2190
2755
8579
6306
9449
1737
950
3581
9136
197
1718
8935
3949
4248
8986
751
4963
3542
3335
6957
9922
9035
5479
784
2643
7646
1740
8439
6110
1837
5227
9875
5506
2000
7630
8382
5995
4179
7049
6585
2264
5772
7116
2498
833
993
7119
9668
8370
7719
5508
4708
5557
1733
8684
9361
5692
6471
820
4819
1626
8542
4698
3587
8627
8528
9724
3783
8107
1060
3807
2598
5940
4797
3284
3434
3734
4569
5424
1104
2148
2778
800
6192
112
7105
6593
4177
535
8293
7256
3023
7751
1720
597
5530
7492
481
7445
6412
473
9686
5097
3605
4249
5944
3152
2094
3168
5470
4127
1396
7728
1149
3082
4410
2992
9419
3863
2326
3240
3065
5108
8575
6240
2463
8465
1838
9297
8263
3053
6999
9287
2025
7201
3724
4276
2379
6275
3008
8047
7440
2285
7198
9058
6939
1220
6999
8227
9842
697
4058
6780
8437
2119
4243
9939
283
1266
8687
658
740
7071
9793
3571
7355
2916
5382
948
8018
7408
7083
4109
4512
7433
7003
8967
5000
9179
4515
3429
9833
9293
8273
3190
8071
9661
4882
2607
3764
3313
9474
2392
3422
9564
4458
9327
10
4229
2527
4015
5746
3810
3725
4262
3620
1939
6994
9977
816
1856
4268
892
3221
8230
744
7674
723
3369
4606
7926
6658
3953
848
2838
9492
1791
5514
9381
4117
2295
1131
7970
440
416
5691
2236
2017
6798
8840
6614
2020
2696
5882
5880
2985
6087
6297
9239
9782
976
3512
5338
776
1184
3777
3615
3828
6297
8623
8170
8187
2828
5653
382
1305
2142
8066
2399
7660
8468
3401
6406
8086
9140
5570
7054
966
5148
9501
8003
4671
8740
3561
6151
1153
9753
9315
1262
9864
7905
1772
8025
1960
7193
8035
6310
2747
3571
536
1800
4909
6297
4285
6056
8471
9871
9978
1420
197
610
4557
1127
2692
6672
2436
140
9601
9730
3559
5557
1608
3197
8036
1418
2567
2092
80
137
5061
1515
1110
7869
34
8763
985
4715
5259
9857
5647
5157
1674
8292
7927
6500
3745
757
2886
837
5784
1122
1538
5811
6844
829
5337
3687
5566
8107
2521
9746
8906
8122
2655
3598
4684
6126
3455
3502
5850
3545
3803
8402
2236
7910
8604
5554
9239
8730
2635
5551
1420
6864
2917
669
6066
6171
7774
3824
2705
2100
2231
9184
9610
3210
5047
7303
6522
5558
6261
3146
4892
5851
9176
8568
7381
3211
6860
8570
2783
6517
5100
3518
9927
812
4023
9047
4175
6770
2946
1488
6621
5291
2457
13
9989
8696
2789
8855
7803
2694
9428
6860
2519
727
3656
1284
4131
2415
8047
1211
1917
5065
3272
5099
3884
5151
5346
7758
6832
4743
7105
3728
2290
6276
103
6882
925
9619
7742
4168
9043
902
9937
255
7156
9166
2883
5126
6222
7667
2224
952
1108
8911
1226
4937
3233
8582
5884
7095
7999
3204
4210
7885
3820
240
7130
4479
8293
8327
4105
9812
2210
9641
2002
8070
4628
2640
7179
1382
1438
2658
6737
7323
6306
3559
7799
8754
8146
6079
366
6262
3200
6408
4406
5254
4322
1505
6336
9186
6642
3664
1718
9064
6339
4725
4837
4282
6512
716
675
8612
4947
6071
1475
5228
7079
8775
5236
5692
3648
5672
5395
5710
8721
9756
7468
434
7973
4952
3914
6860
7647
5429
6873
2822
3764
305
8700
4778
6958
435
6336
1738
7430
1693
3897
6301
8728
1259
8913
624
1046
6323
4248
5117
2807
6663
1942
5616
5644
4947
4810
3754
9470
6484
6151
5627
7173
1197
7346
2394
1909
3549
2881
7507
2886
1119
3077
9615
8831
574
4196
7252
45
2295
4315
3541
8607
1056
1904
6884
4888
2630
2196
8285
9908
2218
4636
2887
9377
4272
4578
289
7800
8672
7078
6582
4901
5270
1936
7831
6910
783
8045
5940
9250
8056
33
4145
5444
7310
498
1783
1332
5461
826
2806
5691
6078
839
5283
3396
4414
2968
840
5327
3388
9518
6748
8419
603
2155
5859
3288
3762
3506
9154
8944
6578
3149
572
7605
3660
2102
2566
763
891
9247
8289
4479
7218
6511
7552
6834
6395
1936
4454
4261
5505
9948
5907
985
3039
8364
5982
8414
309
7943
8477
5911
2844
5371
4231
2523
7282
4439
2813
5273
194
6915
1679
8850
4198
8983
2362
2347
6049
1724
7070
9100
6359
3482
3031
6894
8254
3925
2886
857
5586
6243
5562
6359
3924
3607
2167
3823
9694
5133
5536
1113
3260
5462
1418
8748
9221
9407
9065
5040
3638
7743
4413
9508
5364
5292
5729
8162
8024
9153
7250
8939
7609
3524
3075
8754
9572
6502
2660
6418
5411
3976
1492
1677
9382
5904
9307
5391
2103
4599
4388
5965
6580
6077
5440
7841
3991
2517
8948
3145
7679
2226
9240
9974
6912
4453
6414
558
5662
3076
8816
6468
4579
1727
9499
2204
6843
6831
4775
3661
5841
2697
7481
4640
4873
3077
6275
7292
8354
9900
6614
6714
8616
3526
5301
7874
834
9926
2257
8039
7056
4228
2500
5987
2041
3100
5370
1693
8492
2257
9661
4882
343
5020
78
7154
58
2387
4858
7633
2810
8962
156
8613
6080
8492
1704
3110
7399
5610
5279
9440
2880
3688
7307
9207
9867
4647
1837
773
1451
8313
3329
7043
6676
9644
3612
9060
7444
3984
6649
4732
6895
3011
9475
8097
3591
1268
8216
7888
3325
5237
1137
3351
9588
2916
5572
6699
7334
8968
6019
971
5391
5931
6188
8029
2134
5933
419
9674
8723
3288
1044
5582
5383
420
9220
1500
4229
9492
4854
2094
531
3120
9211
9358
4845
8598
2828
1809
1769
5917
5225
1003
715
5526
8246
4194
1078
6034
7666
9580
422
6972
6697
9705
2742
3747
656
9767
3303
6735
7187
2861
5199
9329
5335
2344
7678
4614
7368
3782
8931
635
9283
6562
3775
4512
2450
7195
5011
2587
8530
3718
4900
1010
2876
3467
2802
7124
7257
4166
5226
8670
5220
1240
6419
916
4229
111
7805
6592
4613
6377
7942
2313
3295
1864
2508
6812
8248
4094
6849
4475
340
336
871
5916
4967
2853
1254
6323
6422
4608
9171
3789
9816
6174
2626
2635
7742
423
222
2010
4483
4725
6301
6054
8496
4192
8546
8369
525
4117
2333
868
2556
269
7467
4225
8610
5999
1253
249
2805
1417
9446
5192
3720
7143
7631
2147
9633
879
2626
7064
8836
1373
8895
3374
3549
1717
1370
4650
7151
6041
9308
153
1733
4181
9478
8332
6980
507
5532
8278
7260
6539
3576
3757
9599
2033
6528
7357
905
3437
6532
4910
3488
1636
7097
5283
6023
7539
6299
3072
7689
9635
7312
1392
7382
3794
7143
7408
1941
515
40
6381
4758
5029
8828
3978
5864
1007
9108
1915
2186
9693
9122
2757
6625
7060
3994
2948
1718
6445
8692
6417
6014
9817
7113
8013
1652
3737
2371
6253
2021
9061
3575
4889
1577
5482
636
1161
11
8783
1065
5448
1415
8153
9301
2415
9151
4531
7561
7766
8344
2625
2559
3755
5612
3286
1639
2443
5162
5811
5340
3224
2172
2860
7877
7137
8874
2821
4195
3963
7639
2396
6872
5175
3313
162
6070
7114
7749
311
3140
3247
8635
4852
8536
1852
7796
4699
2111
4050
9825
5955
9614
1697
4021
7621
1620
8190
9202
1108
8481
7719
9526
6280
5214
2201
6250
997
9007
3861
6199
4486
4920
8412
7316
9973
971
7251
6246
9574
2390
1697
4661
5211
2885
1094
4237
1041
3279
7590
6239
4476
4006
9432
7011
6023
3992
6585
7234
3296
1587
2564
3095
2425
7242
8249
2735
6002
3355
4604
809
5659
4877
4864
6490
1298
983
2014
7053
9493
9997
605
4303
8081
5574
2544
688
8920
9965
7102
3210
5637
2920
4948
3068
4554
3323
8843
9210
9793
765
8321
3388
4686
9862
8872
5730
1030
2265
7208
6495
5567
6393
8252
8987
9320
383
3305
5849
4213
9569
7617
4215
5039
9181
7071
729
8402
9616
5897
2453
5402
6931
7321
2577
11
6438
8668
7065
5424
512
892
7511
878
7780
4749
4419
601
5858
2751
144
1206
4353
2963
2791
7782
293
5803
4454
3708
3872
7928
6767
1762
9387
6252
3038
1976
20
902
4705
3564
5050
3892
6798
228
7015
7974
4806
8188
9159
5020
137
3397
9175
9287
4230
981
2096
2139
7069
301
3064
7035
5846
3139
3488
5579
3574
2316
1433
1962
8281
7576
9381
4489
8304
1059
4168
7857
4681
5778
609
1788
3760
5743
5029
729
3083
5642
8494
5240
4283
8543
1347
154
9017
8910
765
294
3666
6299
1536
4301
1248
1100
6518
8819
5822
8475
2470
4624
6617
8318
6692
7782
1101
5278
3040
1643
7840
988
6472
4396
9509
4126
7316
1562
6389
856
5655
6917
2388
5483
1132
2909
9405
3059
6515
73
7089
818
9181
7628
3962
1629
6475
7679
9550
5932
3087
9906
2443
8165
9500
4363
7462
8016
280
3784
2555
3454
6063
210
2609
3462
2699
4298
2952
3904
4367
1498
3923
4991
9577
6122
6290
1773
8616
8819
8304
7795
440
6776
9072
1555
3825
6475
9956
7662
4250
7084
782
4345
9625
4488
5494
142
6885
2483
4978
9251
4345
1357
6501
6577
5842
9026
6719
6489
6027
8469
1478
1590
8093
7329
9923
8391
6811
8449
7314
1196
1966
2110
4234
3556
6981
9347
800
7425
2418
4315
2982
8078
461
2205
5772
2866
1744
8236
1944
614
6376
7413
4732
5492
2362
1694
5500
9648
8171
3062
904
9224
8779
2190
6041
2900
746
1631
5873
9186
9188
3375
8924
7300
1274
3187
6342
1183
6398
4083
8362
9890
1839
9673
8436
843
3619
1541
3990
6145
5900
4511
779
5948
252
6644
4306
4695
7815
4394
6286
47
7915
1653
3884
7175
5588
2423
4328
6458
8557
1161
7201
4537
9931
9627
2251
9183
8256
1618
330
588
4032
2060
3941
8367
113
4311
198
610
9467
2636
4081
8453
334
855
3334
2077
3488
8741
6191
934
2644
3156
4714
686
3085
7352
424
2879
7311
1278
7416
6420
1925
3969
5557
5901
7754
1755
5167
1967
6372
4491
9752
1162
3355
5677
2848
511
3584
4569
4681
8355
9995
693
9791
508
8239
1873
1166
4460
2652
6814
9607
22
3284
354
6614
3850
8690
3783
5995
3847
6145
7041
4494
5728
4268
5129
8105
3088
6624
5519
8375
8227
5591
5528
7668
2371
6742
1610
1986
6387
9306
3296
6282
7044
3051
4679
2949
9923
1941
8141
8953
4331
6321
4436
920
9112
1495
9544
1066
324
8461
4803
1982
2454
7322
3009
6343
7514
1687
4840
5957
1635
9544
5605
5601
518
5028
6841
2809
6713
4568
9342
6553
3352
9360
1185
5078
4861
44
3503
4194
476
2051
164
7139
8307
7084
3037
1200
6762
232
3107
7091
5759
7334
8990
916
1014
5289
4390
5276
3548
4219
6683
1825
6124
6241
1938
6432
3213
6778
763
6611
2459
2988
8798
4998
8036
9662
8723
8097
9081
2852
1535
2976
7133
3474
1988
6375
9074
569
9495
9316
2713
7226
1391
7776
8839
9929
8034
3355
9244
876
3526
5124
8297
8814
6319
9806
2699
1851
9881
5724
8522
1824
1535
5454
9240
8512
6183
935
4449
6607
5147
15
7150
5227
6375
7609
5264
7506
8440
6548
7147
941
6871
1428
9572
5032
2183
8004
6814
445
8957
9094
1986
9725
6743
137
5810
1024
5768
3138
8675
5152
9183
5434
7260
4746
9862
3220
3457
16
6374
3288
395
5221
692
8361
2905
1217
4421
7248
9908
1485
7044
1736
6967
4079
6088
6621
3841
7906
2851
8559
5478
1480
711
2763
1841
7885
5295
7621
3962
7294
9823
4836
4887
5309
7302
3417
1020
3264
6590
4620
3046
3686
4434
595
1138
4607
5859
1725
4714
9533
973
9018
7674
2664
690
9815
9150
2323
9868
7799
4944
1604
1422
2037
5376
2958
2883
4459
5429
4726
6676
2673
1240
962
4979
209
7211
8205
1051
4994
7944
6365
5470
7615
6144
6872
2250
8995
6849
8726
6168
3516
7728
2514
5371
8304
3806
4036
3013
2130
5275
1121
8232
4665
1367
2303
2843
9535
7504
6028
1978
4647
9862
4641
5699
6126
5808
9737
9412
8196
1554
2740
4024
4522
8788
4313
8476
4476
9341
4598
3609
1879
4624
666
3971
7627
2786
8160
9895
4941
4851
1958
9150
5216
7010
1959
4617
2887
3668
1250
1300
3078
9368
3318
211
9987
2126
437
2413
6310
6643
356
7556
8991
8519
6971
2659
5124
1377
8859
5559
3187
2713
8442
3927
5109
7133
857
6058
9368
5953
737
2669
4207
7606
930
461
4242
1765
6748
9076
2826
5837
918
8820
7432
6467
5510
8981
3674
8366
4836
913
7416
6321
3211
1102
9563
141
6521
7766
8325
3143
9770
3087
8722
9572
9971
4566
3159
2563
1840
7677
3570
1229
9022
3836
1686
6772
3621
6204
7790
7332
8336
2134
1053
418
1773
995
9321
3498
4081
3149
9551
934
5251
7694
5800
1116
9468
4371
8432
7967
8273
8598
3039
8045
8206
4615
313
3054
5867
7047
8671
9148
3268
2388
8357
2783
8138
5006
7294
5493
6293
2519
370
4843
5668
1857
880
1247
4879
9026
4076
8172
336
6392
3024
7416
8618
3312
2012
5279
6103
7869
7852
5615
7588
6218
3985
114
311
8075
966
283
9296
3557
5324
9741
3364
6900
2613
7693
1282
8389
1320
7884
9568
3718
3636
391
4454
3258
8072
2986
1727
60
1334
5788
4856
5028
1793
2859
2921
8269
1752
8720
4511
6525
603
2457
6237
4987
8573
4434
848
1093
3139
2900
6813
7589
9640
6019
6361
8283
3154
9337
5142
5232
3921
2052
4149
4514
8465
3473
3055
9608
2701
2040
7037
3442
1319
3039
771
5080
6350
4670
5925
6510
6608
5227
2032
9215
8650
2146
5964
9586
1955
2636
1151
2883
5134
2010
9646
7420
3737
5727
2716
951
4741
4425
1259
5173
3034
3271
257
1202
9162
8439
5326
4567
714
1757
5888
4002
5646
2352
2782
8225
5725
3402
981
280
5816
171
4905
5076
8088
7936
3403
6019
4418
2169
5548
6157
1390
2263
6425
3880
5267
9847
7825
4186
4074
7298
5452
5718
9909
1422
85
8335
1571
1005
2234
5373
1572
9628
3636
1103
716
3066
2069
5817
4937
2222
1591
5463
7552
8783
3186
3383
4052
5263
2012
7997
2867
7442
3225
6575
8796
5394
7330
7036
5262
613
2893
2952
641
7224
435
8636
3888
1181
8694
6364
3948
5749
6464
9725
3871
7507
6865
9797
9015
3792
7029
9361
5504
3690
5551
9391
9184
1143
2614
4492
9439
9683
5416
7498
8535
7668
5919
4980
2906
6103
1507
5148
8301
7408
3017
6582
4827
423
4878
1245
85
3402
9162
3555
5929
7901
1193
8827
6820
3196
4347
9655
2225
7947
4883
3016
4523
3751
4980
4526
3449
5503
9117
815
6623
4882
9335
6326
6118
5825
6735
7853
9166
4636
9814
8115
8406
9527
8772
469
1776
4331
7652
8250
6970
7428
8321
2154
9611
6589
5204
7507
4533
439
831
5239
447
2561
1249
2478
2136
3037
4484
6524
7617
4160
7249
9434
4604
6898
8055
1641
4385
1251
5790
1691
4523
8627
3324
5472
2648
7215
4743
5959
6767
7827
1205
4089
4177
8635
1268
564
3718
6235
3402
3550
2766
7479
1810
2242
4831
1801
6939
3734
4197
7208
6308
6154
9278
5660
8359
1577
7991
6615
4587
823
3052
1801
8088
9261
2592
2668
55
6895
4310
4575
8957
9606
1626
2567
1226
8444
4159
2363
1767
8926
2005
782
2741
5747
906
719
8195
569
2299
273
4973
7259
4576
5388
2781
320
2436
760
4328
4991
569
1417
1936
1012
7315
5246
6237
6759
614
1306
7023
6262
1717
5267
2088
1594
7213
5409
5187
448
1313
1172
3601
4798
2425
8999
9978
8882
9967
9100
7803
9903
8778
8781
1921
2851
2164
2903
9475
2786
6157
9342
1526
4785
5887
4231
3106
1341
7434
5582
1515
4741
6836
8877
4820
6250
1830
7595
928
2518
7851
9353
5974
4429
6224
904
8936
7304
1952
5708
1492
1956
8665
1857
6078
7107
8922
7672
7220
7243
9806
7283
7775
6763
3702
7588
9041
383
9422
1547
3705
1584
9075
8697
4942
8983
6788
4086
9788
9082
7331
7240
39
8177
3028
4394
5529
4710
3455
2761
3404
5686
6415
6192
4621
8254
2701
2918
1539
5448
6818
1440
3540
8237
2309
6443
1999
7031
7838
4078
4635
8212
2719
6295
9668
8521
2169
4603
8632
5838
1219
6777
8844
6350
7083
3946
9239
989
2989
9742
6221
7042
7694
242
9759
7825
2703
5875
8168
3177
8166
5509
3014
960
279
4925
6679
4676
6168
6154
155
2465
8164
9366
8838
9660
5758
7449
5309
8517
3112
3530
881
1001
3866
4153
2261
1418
7286
2108
3004
2551
390
7831
4849
8092
3458
7168
8605
9879
237
6445
6095
6180
1432
9082
9293
3875
8055
4549
9449
8792
4616
6390
3748
7453
8528
6086
6142
1241
3730
5158
6606
4455
3333
9085
8252
3934
6134
2417
4824
1599
9719
3692
8505
1567
557
2419
6387
2037
1856
2131
1658
94
8512
9782
9428
4160
4815
4143
4830
7248
7873
8526
6550
1542
7840
7750
3375
1692
1873
9981
9615
5454
9251
5149
759
9010
6851
1869
3572
2239
9572
7997
4319
3081
2237
3019
830
4668
8878
1152
2448
9756
2528
7748
8864
6341
3601
3491
5147
5898
2970
3051
3174
7548
3138
9458
4058
1886
7036
2232
1996
414
2900
7245
7870
7737
9980
4690
532
2601
935
2865
3046
1640
4553
9131
7593
3910
474
2834
1567
4799
7536
167
5073
6958
3548
8550
2255
8378
3459
4944
2015
6932
5615
6090
9207
8027
333
7294
7586
7595
4503
3544
2789
8162
1042
107
0
8145
9236
4747
2956
4606
1601
2929
8846
2964
8921
3672
6318
9827
3808
9571
8121
4157
1478
2354
7317
6686
2058
6360
6920
24
5196
1802
3760
49
2764
9204
5091
7325
516
133
5188
6850
842
4899
7440
5608
1211
8874
6598
3706
2176
3327
9636
962
5923
4916
7419
9307
8763
8546
3654
5790
7700
9061
3830
6853
3573
7637
949
2300
7376
2308
6541
8117
3672
8303
6616
427
7555
9646
8429
7302
1185
9340
4887
4535
5009
3557
742
3321
1695
8470
5283
9340
7059
5128
285
4572
2306
2662
7978
5490
269
5001
1117
7625
6543
3016
3975
2884
7647
7991
3430
5018
2306
4527
3752
9663
8672
3528
7557
6259
6680
9763
4035
8895
2316
616
2686
8867
4321
9315
1538
9380
8799
2978
1706
5094
5922
2262
9595
5350
2867
1063
7803
5301
407
3048
6840
5287
7553
8931
2184
3090
788
1696
5495
8319
5033
9065
5758
1979
4526
7677
9402
1573
5357
704
3401
5388
331
5351
1798
1695
86
434
4773
5935
154
2528
4123
8037
3065
4558
6491
9740
7872
21
72
5383
9104
8595
3659
493
4207
3746
8612
9902
5557
5702
2476
8694
3809
6062
9768
7073
6175
7572
4004
1057
9816
624
4885
3551
9447
6982
2726
5121
3836
4983
2819
4074
7512
5328
1110
8436
2522
6349
322
7784
9977
4209
1265
9633
5260
7027
4979
7928
347
1533
9402
4437
1674
3770
2442
1094
4374
2089
659
7749
3379
1444
9764
6967
8873
6338
1672
1181
1289
5085
4022
1721
4861
446
395
1333
237
3450
7380
8253
2444
9696
3335
4497
8231
3174
679
9636
1493
1284
5626
1446
4937
3523
5268
5316
4539
3369
287
6241
3860
40
4533
3271
6195
1335
7026
3179
1769
5419
395
4502
5397
2811
2388
5577
8720
7174
3777
3561
4164
9393
8249
8236
1296
9262
1117
7118
6041
1274
304
8622
9455
969
7777
2612
4346
6437
9428
8285
1546
4871
7512
2005
5218
5734
3281
3039
1404
4005
7768
3497
7472
6564
4528
313
5725
1896
7169
8145
7849
2523
5847
4587
2080
4068
7810
8717
2071
161
154
9374
6983
68
9271
1610
4074
9322
8672
7780
7235
9340
6848
3115
4033
4946
1294
274
2272
2225
4822
8869
3069
6445
7597
525
1729
9225
2077
6886
2000
5513
9221
2234
7042
8398
8677
7332
1984
6940
8953
411
3012
7419
3105
2632
7042
464
2035
9363
5759
1254
6750
1183
267
1877
234
9181
4946
7519
7396
2380
1238
2223
8059
8151
789
3023
170
6820
3678
4261
7080
1097
7951
8522
6260
5620
9225
5691
5474
5565
1184
784
5242
2030
5328
4032
4883
2567
2904
9193
4186
7175
3289
9566
7625
254
4192
7338
1775
8650
6737
3641
6748
3820
4007
537
6319
2009
2704
1992
4475
2341
742
5339
6812
58
2865
8463
5316
131
8331
3978
1922
8641
3412
6724
442
7183
5418
2711
6568
4529
9077
1835
9429
6882
8542
2704
3574
7569
4239
7011
9841
4582
251
4634
7553
1779
559
3982
1800
966
7314
5042
5491
5004
6064
4683
8413
733
5773
8272
4725
5164
9295
4880
3667
8821
3892
2877
4680
4843
6654
8256
4438
7290
8445
4791
9448
8085
3568
1083
2881
3929
2599
6875
3282
4833
8930
5672
2960
4492
9647
5571
640
3689
8507
4751
6913
5836
7208
9117
7164
7375
7223
8878
8489
5199
2013
3771
2173
7183
9777
5669
7488
4393
2271
1552
5673
2291
6384
965
4101
3805
2197
2621
8547
3274
1823
2158
3349
7276
2941
556
2089
152
3810
7948
4740
9310
321
7631
1682
8885
8781
7706
1798
2644
9933
9428
1014
5840
1125
7303
7109
4637
8679
5467
46
5960
3466
1054
2100
7394
3523
6272
5662
4922
60
4524
6827
2781
2732
8409
1623
73
8041
2069
1659
6252
1355
8228
980
5370
2631
5870
9699
1662
1537
2818
3289
9913
3111
9358
9349
6172
7435
8748
4824
3814
9435
2538
6499
1642
5612
2265
5210
7846
1197
87
9296
3021
9935
6039
1289
6456
4824
5689
9947
4198
2796
4529
2498
7905
6882
812
9260
2226
2812
4771
8608
4156
3543
6308
8788
3283
1411
1905
2579
9600
4053
5367
1322
8463
7073
9546
3928
951
2125
8507
3165
2938
1056
8906
1227
485
8550
958
377
8464
1094
6166
827
1092
4551
5801
2312
3442
9524
9265
1767
3452
6961
4047
3678
8047
3499
3020
8923
5200
8949
1273
4757
4015
4866
6521
3352
3598
5900
585
7162
5081
8298
8548
4355
2927
8249
6754
733
7289
9239
893
6189
8748
8552
5596
6314
9785
8611
7767
7623
6189
9699
91
6779
3303
4361
4427
421
333
2044
2737
1202
5857
6353
8823
1992
9566
1184
552
2462
7428
1292
2005
6817
4788
4275
5954
6884
4188
278
8690
9248
7968
7950
6519
8395
4951
9289
8979
7791
8689
8743
4068
7027
1747
6273
5968
1004
5287
5266
4712
2605
6000
5736
82
3507
8092
4711
3876
5247
2478
5279
9218
9418
8600
9860
7438
7879
9574
554
641
3961
8224
6764
9200
5520
5174
2921
6884
2157
856
1728
7381
3130
8445
9458
1887
8876
493
5019
7468
2749
3233
4930
668
1987
2133
4124
7249
7501
1432
9215
540
2373
4313
8798
4181
7695
6357
8521
5529
2442
3712
6771
6104
5799
3968
4233
3180
7672
2596
4155
8165
8142
7240
9801
1580
8113
3754
6146
6317
9960
6341
5847
5867
9059
3354
8364
7172
815
2439
5092
5547
3857
6436
7082
3761
3893
8222
8090
7112
2918
5476
7314
6483
8776
5579
4307
4650
9163
990
3511
9077
5051
1164
6278
192
1684
1938
8600
6091
9625
2306
8791
3005
6397
3266
3876
878
9283
1127
7232
571
8560
1926
9729
5714
8432
96
7807
3616
1572
733
7751
5220
7357
5112
3509
7844
2338
120
2860
1403
3595
6877
4769
5284
1847
6485
1545
917
8311
4738
9170
280
8398
3828
3187
2157
2016
6031
9234
2505
8706
9151
78
6369
1023
9462
6519
1156
5412
2821
1539
5344
7184
3508
4437
2684
1271
5620
8005
6129
913
9995
5845
8936
3093
4362
9146
1695
1638
6028
3498
9006
6286
4278
6004
3173
8716
661
8923
3849
7627
9086
6958
3141
302
26
9068
918
7489
159
1741
7961
5389
5109
6437
2691
292
6320
5088
7150
3219
1547
903
774
548
954
1334
1059
2918
3436
9835
431
2637
8893
1895
3258
5524
8198
9997
560
7068
1926
35
2262
9598
4322
1188
8656
8081
6328
8545
1936
4487
6156
3594
3200
4209
1051
712
1141
4568
958
2927
181
6219
4138
9322
3365
3338
6281
9376
3155
9896
6805
4399
4813
1451
5236
3320
1674
7899
9363
4352
6615
5084
2576
5027
5364
5190
5051
9630
3975
5627
3432
9858
288
6529
6681
8405
7432
5241
5729
4886
1105
933
3956
1951
68
4246
6500
4621
3711
7092
3924
1675
9689
9640
4754
127
4871
6784
2563
6917
2204
1075
2726
2405
5168
4954
7902
4354
1133
6437
1226
8167
5296
2699
8624
5561
4462
7141
5071
9652
5164
5104
1726
2170
5966
7710
3689
4287
5026
3771
9950
3824
4960
4322
4850
7363
3865
2591
8479
6113
20
55
1155
1438
4924
4126
1941
3622
8178
1468
4921
8348
3543
5659
1159
4752
8650
2433
381
425
1987
474
645
8870
8507
7315
6911
4415
9436
429
2852
6337
3867
2557
4038
5686
308
2808
2668
9660
2503
8513
4811
7242
6656
3635
7430
5172
4843
7130
8862
4853
1586
2162
9902
1365
2893
8792
2466
4602
2201
984
3892
4956
5354
2248
3334
8127
4739
5184
4413
8917
4110
5810
8516
1190
586
3691
4872
8019
5768
4304
3187
7538
7215
3666
5920
9670
2733
6164
8701
7582
6034
2047
7525
5593
4414
2132
7117
9141
3567
5889
4792
2685
2283
7983
3615
29
2667
2019
3277
871
5165
5223
7654
9613
5792
5495
9639
2331
5022
3456
4109
9505
9038
7141
3888
7663
7433
9553
9795
6326
3321
856
3164
8016
1994
6177
649
2069
9249
1980
9576
6137
307
9254
4174
8925
38
4586
2986
5516
5835
9198
3789
173
5167
1263
3677
4998
6863
174
6119
1764
3896
3260
7204
2043
475
9882
1843
4618
6388
9647
6198
2443
3792
7458
1784
2339
5175
4639
7393
5986
8285
6149
1034
3977
3901
150
9465
2809
2006
6649
9303
6907
6032
8466
4896
9568
8587
3679
781
8158
1074
3308
5264
2626
6942
9651
8044
8170
6112
8992
7590
1395
387
3614
2341
9622
8785
5931
3282
3765
1229
5317
8286
9616
3939
1313
7949
7359
9345
9032
5813
734
1199
7024
4733
9707
807
8342
3677
114
9106
5182
7256
1930
2087
521
4478
2553
6106
8887
3332
1405
1178
7577
7513
2532
5877
4481
9624
8546
1804
7265
9161
2315
8171
5006
8289
2630
4540
2964
4830
4467
7014
7287
7853
1378
116
7426
9725
899
2435
5085
8060
1585
578
9288
5362
1451
8809
3957
1333
7965
8375
3421
2422
7790
5099
2196
5598
1547
2457
467
5426
3031
9028
2616
8244
9531
9342
2445
4738
6231
4962
3289
9355
2841
9960
8023
330
1381
2085
7664
1540
1284
7001
6038
9279
5695
2348
848
7880
2893
3209
2544
875
9871
895
4597
661
5097
6699
4517
6021
2068
6968
7749
440
4787
4400
5167
2708
8401
7270
1755
6622
2396
2572
409
6269
1390
1855
6546
5948
6087
4976
8651
8122
2679
1139
8942
615
4625
1618
7949
3764
5601
1405
6027
1879
7012
3248
627
8768
5486
3867
3177
3453
444
3141
2001
8593
5979
2487
1235
1480
4248
2284
1479
8662
4831
8837
2341
8416
3584
5348
6951
9624
5035
5364
8509
1213
4434
8121
4477
9347
8864
7496
7811
2423
1925
5956
8606
3485
181
9392
8852
9158
2323
7242
3458
3697
7875
5833
739
4133
1313
2557
4098
1866
7041
2662
1396
9122
4722
4742
2792
3108
7340
1878
3872
34
6108
3540
6331
200
2357
4978
4302
2053
7122
2920
7325
2766
7810
8396
3846
9901
6533
7639
2403
5458
320
6808
5028
787
5358
4602
6237
8369
6329
1132
5046
4588
8193
1169
1710
4906
484
1726
5537
4708
7933
8550
7706
1370
272
9089
4466
3607
3630
2225
2958
600
2966
9424
955
123
5347
5225
4370
8542
8512
8017
6253
8296
6787
1234
8679
5933
6129
1384
1637
1053
7979
7373
8847
3631
5279
5994
1967
7818
9437
5809
4603
3043
2257
5384
162
2878
5053
7095
6432
4608
3465
9849
4453
1387
4946
7422
2755
7017
1860
8651
5014
7923
1187
5232
9192
288
7719
6880
2159
9523
7123
6579
679
7594
1417
8138
6870
4185
1701
4936
6774
6962
2302
8758
987
6377
2375
5273
5309
1988
6990
8578
7015
6009
9296
2383
6284
2228
5300
2838
234
7272
3231
8463
2629
3915
2472
5449
1349
4974
9827
8886
4685
8490
1821
5450
1075
620
118
6726
5065
4846
2523
6378
7653
9066
1635
9723
6421
433
9079
6841
1199
8041
8654
7355
1684
1822
2918
550
5189
6520
1655
1554
7776
227
8400
3080
3825
71
1710
6873
4435
8067
3914
5124
1329
8469
5213
7158
9386
8801
3051
8105
1771
3603
8538
5658
8984
2068
9550
7952
2440
4408
1324
6531
4520
6595
884
9870
7238
7672
2029
8378
1484
24
3039
6433
4084
2289
3320
7466
3693
4466
9963
5054
1870
7172
7184
9160
119
5539
1367
5201
4209
5326
3799
1789
8250
2232
5827
2919
4311
5553
2653
1758
416
9047
9565
7450
8943
8702
5455
2803
9551
7812
4124
5654
9148
583
8201
6989
3348
584
4883
2932
1785
9602
806
7123
2410
8385
9636
1831
5134
4495
3853
5991
4018
796
3611
5501
9110
2347
3662
8861
7625
8926
424
7436
2105
4396
3857
1735
9078
2437
1680
9864
9554
7139
3518
9647
9343
3488
4143
3475
1171
385
3599
3930
6206
1244
6225
694
8170
2343
203
3183
2323
5893
4015
9576
9341
622
3900
4296
9355
7610
1541
291
8530
5355
2287
1245
9332
3883
1666
805
5022
3697
599
7517
7028
3477
5401
8785
6066
9089
4799
3793
3544
7368
6227
5222
6897
5216
2510
1504
8605
1960
6222
4900
9673
7362
5771
7736
6843
2388
5093
211
8639
192
3276
5143
433
123
8330
6740
5248
65
55
9888
5565
1249
3783
631
1214
2172
9470
3707
8065
9541
917
1509
3078
3800
1287
5270
4855
5941
8023
9199
8099
5158
5950
9899
8171
1161
7026
5390
9935
7060
1685
7031
2284
7605
3673
3981
685
8402
540
4636
2540
8242
2166
148
8029
1666
4056
7908
2812
2159
6187
4192
7900
2039
7791
3131
8547
7362
770
7951
6111
1346
4849
7055
7508
321
8753
2076
4429
5470
8316
2807
5022
8865
9225
9118
5754
7889
7671
2448
3657
4467
517
2881
749
7751
5296
1476
5541
9125
3503
5641
2496
7101
2127
6145
7372
5134
4250
8303
9636
588
4952
8876
1554
2059
6626
7501
8310
9391
8717
6514
4990
7670
477
3548
532
2408
2802
5029
1198
9346
5386
4412
6987
3348
7589
793
4128
8482
1811
6895
6142
7570
1189
9798
5024
9714
4936
9711
8568
5233
2602
5485
6730
8983
9550
3125
5029
3066
6521
2669
4155
6431
376
3012
6236
3579
7770
8767
9965
8000
2899
8452
2737
218
4020
3157
4968
2127
3227
7006
7418
6822
6708
4260
4975
5267
5171
6438
2314
7694
5028
1662
9343
3439
5312
27
9041
7056
1395
6376
6395
2239
4466
185
9124
7804
7558
392
3140
7520
9227
4211
5747
1297
9514
8933
8700
2057
8204
537
1633
3180
7503
2857
1226
3695
4524
4895
287
457
3343
229
4729
4691
7139
7419
3287
9771
3051
3381
9325
4691
3278
1807
963
302
5944
5921
9998
7205
9541
8051
6399
4556
1541
159
6573
5692
3847
7399
8696
5369
2126
2136
3708
9134
7778
2983
9241
9423
7344
5663
5015
2759
7880
4830
3625
6689
275
4143
5067
4740
5102
7790
8506
2012
858
7671
8182
226
8008
3738
3547
7219
1590
2685
7153
1370
6118
4691
1282
4172
4744
9160
5741
8778
3137
3453
4375
5038
9518
4157
5065
180
7498
3285
4236
3291
2571
6949
780
9483
4836
9468
7299
5284
7713
8519
6675
2835
8960
9129
2789
6359
8332
1317
6018
1393
4112
4554
1470
4825
113
7186
6645
7121
8717
5410
4089
8627
5386
4007
4650
9934
9668
4367
6660
9405
4898
8798
730
5307
3695
1451
5199
5384
5750
896
8197
4991
7757
7637
783
9018
3512
1600
3936
5809
1033
4033
6361
7395
6338
1684
1507
9274
252
424
4328
6771
2083
112
2919
6475
2022
1973
1598
2492
2367
519
7091
2010
1256
145
8992
1581
4570
1948
8105
9807
525
7400
8819
3055
2126
6525
8600
5586
1339
156
7009
75
1527
8995
4547
3416
8783
5123
1999
4777
1492
463
4846
2061
8842
7130
2408
3111
7252
706
474
3632
2503
2655
5704
4058
4236
2592
827
3207
8702
225
6268
3666
1595
237
2743
9044
4650
5179
4322
3945
9889
1348
1013
8127
4802
3991
8471
9007
5223
3074
4784
1599
6931
3062
2326
5129
8167
8202
9541
3416
7079
4803
4073
8473
2769
3347
3354
2798
3981
4865
216
3769
6674
9095
1842
9086
2852
8308
1826
6845
838
5058
2512
5031
5201
2140
9166
4515
8531
8031
7244
7645
3300
556
3767
681
6602
5346
4145
9530
6482
4985
5505
5987
1672
6184
6378
7706
5875
9493
969
5776
9514
7202
6767
9102
7967
8162
2561
6352
8242
1297
8953
766
4926
4552
3131
4944
3138
8539
1196
2161
6697
579
4986
1727
7739
2523
9107
3393
4699
9628
8395
6139
5681
4761
8227
1200
6432
5626
2225
5839
1512
8973
5277
5819
3054
631
8141
6663
3937
9344
5598
9340
7290
212
3416
6113
6732
9444
9407
5167
897
2120
825
3260
3594
8281
3325
3107
513
7544
5364
9526
3005
6594
9518
6236
3746
7093
7736
4058
8824
8962
3344
1069
8575
4438
7690
6323
4163
7562
1791
5138
4963
7868
9234
7213
4407
3779
9723
4193
9375
11
796
5247
3977
6587
6476
1579
6268
780
4582
3477
7165
1422
8694
6732
1857
4233
979
6991
7522
8264
3459
9611
7436
835
3170
6776
8191
7502
6706
4246
947
760
2808
8243
2988
4098
8443
4448
7872
9814
1552
7156
1844
3969
4397
5822
2667
2277
6522
5398
4865
6969
4737
5960
8049
5303
9601
9348
9530
4541
7033
423
6448
3095
1879
4268
3592
7611
3977
1990
1147
3797
8937
4229
1956
4837
137
2116
9972
2112
2824
3501
5476
4195
7388
6045
1504
9943
3963
9292
7001
5171
1616
4907
2329
7048
1964
3637
6100
6226
6970
653
1077
7925
1619
9426
863
2346
7832
4749
5221
658
8500
2343
2389
7894
6823
9635
8104
410
7832
3266
470
7655
406
9848
8794
5330
6219
2256
4171
5388
2222
1878
8910
6146
636
4525
8709
9224
2006
4859
3175
9683
5930
1214
2232
6256
8512
8058
7350
7648
5126
296
5432
6175
5040
7773
9925
4929
4046
6755
789
4036
6576
6285
3578
5075
474
81
1389
1442
3323
9116
495
2719
9248
1853
3262
9618
3055
7841
1635
9000
7017
6761
9350
5723
8763
6594
948
2497
6574
6604
1657
4943
5467
2473
1009
8518
3425
984
8714
4905
6127
4636
5537
5667
1708
8406
9138
3928
685
4592
2394
2350
6952
6618
1365
560
193
110
770
4806
2384
9260
4323
1726
9281
9621
8895
9101
9135
219
3723
4012
237
8645
4906
2868
7887
349
2973
6469
6025
6860
5802
4134
7054
8116
9821
682
2786
7339
2183
7739
9581
3375
2615
7980
7219
9906
3541
7833
2252
3780
2827
5985
3548
9015
124
2613
3188
7987
2946
2076
7539
242
4644
7245
4042
5767
9440
3964
5554
7843
1557
4600
771
5019
9919
5228
2547
5282
4810
5028
3173
3795
9696
5476
5750
5873
4224
6589
3931
7262
3956
7423
8799
7801
7079
3294
2377
8286
2633
3148
4163
2732
8806
3959
4316
399
4165
1919
7444
5152
2091
1750
5302
4379
3160
3879
2854
8262
60
5054
5814
5551
4005
8400
285
1233
1580
593
582
5964
1532
8483
7511
7976
7414
6316
2234
6842
7902
5415
4552
2015
9432
18
6489
3115
2492
9470
5976
9291
2186
7508
2976
429
1356
6646
9255
3595
1924
3837
6376
6680
1008
4229
7874
3409
6813
1890
7541
274
1686
9853
8054
2810
105
1962
9572
6777
9387
9617
4116
1574
6290
6506
2255
5773
6427
5991
6490
6516
5207
5841
4984
3427
9737
2311
7026
6119
9008
881
2917
5193
3619
1662
9378
7165
4530
7161
3431
2170
2584
5894
3278
5337
51
4823
8055
7656
4973
2817
5342
6837
9390
7800
9921
3638
8591
4081
2246
2197
1288
2781
4134
9000
7960
953
4572
1840
1353
2671
5797
1785
1236
3413
7994
569
7348
4734
9239
2328
3908
8403
1828
6118
4888
4777
1213
1616
2896
1897
3573
1789
2100
7082
2150
7813
5722
5332
4657
3159
7645
6478
2854
4509
448
2502
5028
740
7597
6418
868
2907
4742
8364
1789
4915
4678
6555
1828
1177
5109
5572
8850
2506
1435
4100
1545
8706
83
5389
3484
4055
3842
999
9561
6974
818
4088
3641
4237
3160
6379
1075
832
5424
4074
3829
1441
5280
6863
2633
4565
368
3459
515
1976
701
4037
7118
5546
8544
4135
4890
4350
6215
2656
3625
6287
8033
588
8048
6881
305
1831
7593
6005
4544
2751
4580
4473
449
6406
1327
7336
7697
7822
6518
8158
4450
8252
6263
1809
6230
5524
1538
397
3581
5172
3848
8079
669
6268
2267
2142
5599
8268
7774
9051
8685
1121
3409
6494
4703
7923
4124
82
928
9606
9823
6732
584
4588
60
6427
9594
6914
2545
4798
3637
6846
2133
6008
9101
2103
6569
6106
7977
1410
4076
3846
2143
9837
5284
992
1674
2460
4586
9801
6852
2236
2034
989
1334
9081
659
7696
8114
1130
2804
225
7190
480
9360
2333
2131
7434
579
1738
8344
6002
9372
2724
5037
2546
3586
6901
702
7105
8305
5451
9425
8473
341
4042
4809
8060
7391
3877
4302
6698
1089
6984
6272
449
6999
3613
7818
6136
6387
5793
7456
1656
5597
4564
2214
1458
9488
6137
6160
5007
7967
2627
8549
6321
5440
8303
3140
1380
3904
1357
8536
285
5098
1536
6968
1915
9444
8562
4171
7493
398
2371
6639
4469
1171
2884
5290
6570
9713
1922
9209
1612
6858
3513
2797
4299
6451
7773
4866
9702
6112
7
4302
1536
44
7722
8220
9275
4724
7851
4057
2082
3110
200
8876
5168
192
45
8648
825
339
6042
9680
7348
4830
3811
4651
2611
9440
2345
9164
1342
9097
7685
1978
6967
1000
9976
617
418
6457
4491
4140
3454
4461
1802
2176
8803
2510
7730
666
6305
4241
7910
4064
9202
8045
746
9098
7353
302
8088
9076
9482
61
1434
1395
8342
391
2409
9612
8132
1010
4580
2283
3738
7105
77
2845
5199
7126
5120
465
3727
9845
3120
2544
1897
2178
3316
570
104
2325
4300
2903
8956
8655
399
7183
2749
7146
6186
7103
6817
2227
6545
4222
1372
5257
998
6249
9372
1233
2831
9413
874
2991
9560
4300
3718
3070
8875
1650
8976
3357
699
5603
7073
4440
1288
289
6102
7252
6477
8506
5771
4536
1250
5553
1179
3047
5812
6970
3224
998
9797
9142
5903
4297
8297
7607
8284
4579
7772
134
8722
6586
9307
528
5581
9056
6051
2215
8337
7631
4010
6101
7278
8877
601
4564
3399
8449
3030
3846
5098
6407
9605
4881
2203
1787
5731
289
454
6471
9007
6775
3883
9399
1227
5317
8272
3946
3165
9680
2600
6089
4615
5226
2351
665
6507
3041
6152
1975
994
9096
5870
6265
9247
2665
1850
29
3622
2381
5507
6353
6111
5625
3639
4217
1254
4474
9209
8608
5327
9915
1317
5673
5470
2550
7533
1667
6766
5767
2606
5668
3906
248
9236
417
2080
3431
4280
861
3061
5987
5644
2201
7697
317
735
1635
6832
2429
9193
1755
250
8955
1579
9840
7245
5049
1512
748
218
9070
6326
6890
3184
5126
111
2136
4729
8904
6162
130
5792
7835
4499
8372
3489
8183
11
8206
2243
2706
7589
2985
2601
3244
572
4636
4522
8473
3295
3771
1992
4395
2410
3980
9100
9582
6657
9310
6160
3293
3897
7024
4174
3786
5798
5378
8198
8252
7327
6476
5042
1317
3483
3697
3226
4232
8167
3829
5794
4921
8623
7127
690
8265
7808
8777
1440
5699
4154
6303
137
3105
3637
3664
9049
2878
5304
2623
871
9141
192
4957
9260
5182
2697
3779
8513
6788
9053
492
4902
2001
7937
413
898
3089
6931
5795
3086
4306
2504
8846
3508
9607
196
7281
9424
5972
1637
3332
2077
7171
1951
8782
9327
3200
5716
5945
4369
6934
1012
8942
3631
9015
8909
9570
7077
2207
7517
1399
6294
8485
3426
8540
8459
5736
894
3167
6333
2873
3039
9788
4997
2799
7676
9734
3356
7078
9895
8508
5082
9723
2674
467
7836
6811
7372
2350
2846
3193
8046
9641
8740
9295
8683
8803
20
6159
3543
1792
2224
2449
1385
4989
2261
2515
4119
7514
1892
84
2571
5233
3648
626
3245
5745
2128
4156
6483
7892
5811
6964
2828
1781
157
9321
1172
7822
7027
2857
4110
7254
6635
4407
2185
9867
4018
8555
6680
5642
5520
7120
6372
4704
3810
9701
1200
9460
9103
8274
5353
2885
4632
9337
8629
859
9258
5283
4386
3985
9422
1208
7447
6689
9482
5649
759
3779
9683
3007
1972
7013
542
5900
9104
1007
2539
876
4891
8456
1885
9838
4843
7596
5877
2626
6320
8966
9160
3206
7896
6204
3692
1082
8773
1564
3281
3016
8084
6871
9321
7636
6880
7764
1403
1026
7918
3867
8926
8176
2180
4735
7531
8941
2312
6892
5696
8105
6722
2658
9927
7409
9130
5151
455
1596
6648
4678
3496
6389
5464
3064
7129
8106
7463
283
2272
6495
5461
7505
6168
6055
5651
1431
6919
9193
377
130
7119
5861
8297
8457
6445
4646
4835
4642
1278
3487
5613
6907
4156
7666
9373
3900
886
2850
3783
4521
6396
6958
4487
3697
7876
8763
1045
7870
1266
5473
9869
5456
9513
1318
1147
3364
2921
7875
410
1321
5994
9372
4566
221
1592
9579
6718
1930
5588
6895
4059
8973
7253
9471
3946
5635
2158
4319
2333
9182
9852
1880
8389
4062
1564
6004
5491
5430
3210
8365
2608
7100
7719
9548
64
8850
5526
5092
6594
7057
1477
9780
7929
6274
9567
842
3527
7583
1676
6516
4755
3923
5482
3341
7297
4099
3265
2328
8559
6183
6190
8439
1186
1487
5215
5106
602
4087
4625
5607
2962
2986
477
9492
1120
1632
41
1803
1773
7419
9320
5701
4514
494
52
7425
7401
6124
6176
8408
4375
1544
1206
9940
5486
9817
7633
1329
8993
7221
6224
7669
8579
7642
4380
499
2379
5883
6365
5193
7401
2372
1448
5495
9018
4165
1024
4552
6823
9797
1607
602
9856
5651
5891
3866
7830
9296
1416
8975
8885
9846
20
5
3006
24
6695
9894
9738
7133
8032
2554
7348
3410
5711
6720
9605
8718
1693
2083
8056
2109
6564
6069
7494
7371
911
7296
3995
3038
7421
7370
9374
6993
6436
8033
2370
8941
5222
8710
6382
4437
6507
9975
9608
9153
9565
7254
1143
781
9740
1552
5628
3679
3964
9883
4340
278
4481
7307
8914
2399
6544
1200
4275
3951
4214
8220
2203
2364
890
1849
8996
559
1372
2367
6976
6855
7608
4347
377
7195
9029
6619
4535
8193
6860
3762
9149
8417
1650
5802
6807
6327
5549
3853
7385
2253
5334
7741
3551
6053
3654
9508
3653
6273
2734
8557
6153
8152
657
9198
3308
7745
2338
5740
2448
8312
2257
8817
9007
6120
2354
9282
9189
1072
6659
3918
8736
3018
4406
320
5883
3313
7812
2491
9417
9504
2707
7476
3511
2975
6775
322
4989
1922
5750
8720
1097
9465
4709
5715
9358
8337
9481
565
9395
7420
21
355
9449
8949
9076
33
8540
4542
9640
3737
3161
2334
1065
9854
4136
7138
1444
5445
7273
545
7666
3754
6694
124
7403
5159
3516
3381
9894
5434
4996
8869
4083
4505
4966
3124
5969
1801
4732
1626
2865
9005
6852
3920
9465
8401
2783
2844
5995
5913
4803
7754
532
3657
2698
8873
3535
7376
329
4165
9185
729
3043
3583
9951
3377
5808
163
1318
5096
6228
1563
5936
6947
7120
3887
349
5087
2852
9196
9376
8062
4207
8357
9785
438
7934
643
3087
349
4996
9696
8319
1552
47
1536
2063
9820
9888
4711
806
7497
7942
4425
4501
1474
6729
7952
9155
5833
2534
9793
9772
4940
2044
7134
9273
3805
741
6542
1481
8619
4371
5069
4523
7309
6372
3339
3334
4993
3928
2803
6747
2544
5295
2142
8321
880
2571
8763
1727
5460
7397
3008
2190
1889
189
9820
4877
7505
2132
1293
7802
4520
7489
7526
3034
8961
1119
2114
885
8227
8000
7930
9738
1609
8876
4203
9148
1908
7144
5825
9262
1128
6466
915
4336
8241
2066
4985
3031
8527
7652
9516
4970
6303
1677
463
5196
1952
8318
1282
1486
833
1279
512
6062
2733
3979
5835
5710
3727
4402
7452
8970
1793
4744
6664
4726
1300
4733
7070
4353
464
8753
685
4664
8697
5967
6145
7918
3497
3048
3817
4914
394
402
2576
7981
816
2678
6199
9652
7885
3900
6569
5432
4061
4482
9503
7553
659
8140
8737
2618
6571
5510
3447
6354
359
6929
9546
8971
8724
446
4261
7607
3757
2708
9568
9786
1102
3443
3807
2766
3981
5572
5378
9248
9324
2889
2408
5051
9499
5503
1229
473
155
3052
1771
2663
7428
9720
5072
8399
4845
7298
4847
1578
6844
2096
1558
1483
8258
5894
4618
4154
4471
4392
7021
8488
7278
178
2109
7628
6295
6094
5601
9421
3069
907
