4645
7355
280
6765
7197
9538
6806
7661
2996
3282
5853
5447
6361
1471
9661
6394
1294
6519
1859
7397
8764
8636
9967
9479
2753
5374
1395
9900
8616
1909
290
3272
4841
3119
5485
3433
9711
9340
4575
4760
3753
8205
3527
1148
1132
8378
6178
7534
7816
6325
4427
984
655
5883
8921
7365
5460
1139
7623
8744
8582
7901
2744
9013
4141
5335
9141
8160
1474
8347
9994
1975
9884
9572
8868
9317
4446
4338
9032
4325
4601
9514
9766
558
7410
8440
2750
5365
6213
4483
9794
865
2645
8721
7622
2620
8044
2779
5673
1591
1933
2071
1592
4737
5993
3011
2973
2201
7051
8993
9826
8490
5334
3962
9183
3577
8564
7323
2736
627
3945
3872
2457
5450
7480
8194
6253
5326
5200
3216
2438
5619
4271
5222
8829
1896
7482
6059
8481
8139
3448
5804
4662
3878
1382
4421
2210
8640
5816
7907
4199
7982
8189
3312
9818
2973
4098
6247
6971
1721
9900
180
8210
4433
6641
3497
4997
7191
5341
9862
1148
9075
3643
4876
2436
5416
5669
7574
9943
2443
9136
5640
1821
4924
5102
8655
4902
348
5319
8249
8523
340
136
9397
7910
8335
4879
9971
9358
8743
1458
7334
9387
3363
754
9315
5203
8114
7799
8748
8719
4056
7371
457
8265
9210
2282
9145
7613
3966
1132
407
6536
5240
7336
975
6458
6878
9114
6458
7205
9950
4747
3853
9493
475
1659
1165
8751
3225
4880
4749
5940
6350
1517
2857
1127
2988
9005
4518
7823
260
9527
1983
9982
9270
1163
1796
2035
1108
2854
4731
8092
4680
1470
9110
4147
7915
4572
7193
9988
5451
2586
1012
3582
2653
5144
271
4761
6374
8432
3686
1036
1481
9950
7754
5973
9390
1734
9951
6887
1964
3882
4804
5147
1265
4788
2055
3365
6307
5921
2173
2955
990
5096
5386
6508
7899
4343
9261
2536
5985
8897
1630
1733
2172
8574
2546
6696
3692
1154
3623
9124
6707
7130
6807
5726
6045
9588
2247
4059
6163
9988
7270
3739
8778
9442
1481
2143
5007
58
681
3447
2909
2991
8879
9801
1932
6689
9734
3035
4142
9316
412
477
5239
5629
4600
8390
9393
2297
4307
5706
9167
7848
3263
3008
8328
6639
6048
6524
6831
2040
7485
9672
3041
1484
5541
9901
966
5655
6512
4065
6843
2665
9536
1876
5456
3990
5640
7565
9192
7550
4031
5133
8486
1146
6275
4784
6021
5137
119
3298
1751
8924
7099
9562
6797
5044
9491
2897
7171
4984
2619
6906
4288
3564
2904
6076
1669
5229
1008
2936
5215
5680
759
4821
1493
4684
6760
6499
2225
2080
2072
2774
4273
926
8015
2066
5426
2386
700
4912
2342
5391
575
2455
2533
7892
7461
190
5219
5380
4854
702
4621
2806
7740
9751
8361
677
6754
3215
7386
5861
9710
3411
9329
256
1448
5030
5698
5692
9721
5856
3083
6562
3056
3548
5616
1141
7487
509
2903
3021
1345
4881
9442
3838
2940
3594
7825
2313
4624
1030
2112
3325
7450
8606
4183
5225
3554
9160
4782
7730
5983
5574
9250
8309
8102
100
4906
3244
3944
1997
8102
6594
6843
4151
5689
240
6810
8691
6140
1660
3337
5156
1463
7696
919
1184
4030
6251
623
1616
5668
419
6575
6303
9695
8018
7219
5077
8846
5089
6412
9554
1305
7717
3269
8168
6020
2781
9440
5389
6945
3696
3059
9273
1161
2800
9831
1091
1544
9784
3746
6854
9105
399
84
91
4021
9916
1889
9532
6558
6917
4682
9712
8078
1717
8784
1569
5116
1659
9928
3575
2184
8360
445
6958
4843
9022
5123
9205
5361
3069
1720
5015
3919
239
7266
9928
4237
9032
1896
9569
6087
5232
1925
5687
4849
5227
7052
9544
4879
2168
938
393
2333
1400
8574
6480
3735
9234
2770
1204
2514
7896
834
5976
1262
1896
3592
9014
2425
8059
990
1271
7005
6353
4342
2356
2139
8926
4845
9010
7657
905
2832
4426
1429
7391
936
9756
9518
5443
8189
4353
4550
8860
4964
9872
5665
4289
5470
8409
9378
1516
8091
3895
824
571
1834
1427
5604
9931
877
7105
5050
3796
9825
8632
4004
9485
7628
3667
5885
2234
7844
3873
7595
5873
3083
4358
514
5154
1503
8136
6592
9120
1602
2622
8927
7681
8378
5453
6622
8316
1406
6862
1065
3631
7863
1335
3642
9237
1437
3375
2787
7221
9341
640
3458
9071
8134
6753
5081
6004
593
1936
9235
715
7663
3232
8828
1550
9680
3122
4919
1136
736
9206
6117
6273
4453
8121
8193
7332
7144
3828
7271
6762
1882
535
480
3251
6488
4519
2321
7189
2416
9633
9868
1416
6279
2668
2180
796
4216
2875
5999
7984
3224
3136
7464
3198
7632
6477
9281
7053
198
3264
7528
3927
2562
5153
700
2608
4529
7954
1871
9667
3736
8993
2578
3056
2967
1527
3694
9013
6352
4584
6374
8803
1780
2219
5799
5878
1635
4497
9469
2319
7041
7496
3520
6422
937
8385
2008
5498
2151
206
666
2194
7594
8341
7353
605
3515
1358
9245
5358
6462
9108
8912
9485
3120
3529
2452
169
5871
4981
3713
8467
4797
8357
7652
7913
1007
3284
1356
7932
6036
6847
8256
8388
4093
9687
6458
6456
2698
9716
6952
423
5790
9008
8583
5552
7424
231
5354
5189
4846
2037
3802
767
5779
8670
1029
1323
8311
6897
8226
9748
2447
2774
1813
1817
4123
29
3136
209
3501
533
6367
2483
4122
6639
5154
9964
2093
9760
422
4817
1892
7235
7022
2511
3949
2469
4414
9249
6025
5953
5466
3183
2958
9734
7425
7267
954
8401
6543
1054
7073
2229
4391
9601
560
4979
8941
6340
7811
8843
1118
6317
5433
931
7295
7170
9436
7496
3782
8473
9831
4692
394
4635
7615
3775
2672
9551
1088
3202
40
5152
6416
9064
8712
6786
4011
1096
6681
4724
6635
9339
5534
1595
5390
9472
4780
2219
8094
9278
9488
5242
7621
6708
3779
9896
7873
9148
8648
5836
7727
7912
3111
8215
8142
5996
642
8494
7276
7088
3551
8592
4968
7254
1714
9252
7360
8581
551
7012
5964
6981
28
3619
8982
525
5410
7325
2207
5801
6931
3400
5606
2353
815
2566
3731
9419
715
948
6109
2593
6962
8575
9641
4688
8847
4014
6948
8449
2896
1839
7249
6597
6826
4573
9011
5508
7040
7084
3091
1749
2844
2518
1070
7589
4268
4150
5755
3002
4198
8206
2959
82
3842
5342
8891
2839
2530
631
5541
3421
5028
6780
304
8562
3551
4505
6653
8856
1354
2557
2975
2187
2636
531
1386
6371
7594
2955
3033
3584
1524
3303
3011
8500
5442
4443
3262
40
1148
7808
2054
9149
2832
9150
6624
5315
1774
6036
7878
7677
958
6249
3721
7164
1657
5268
6199
5131
2736
2871
8660
4828
9628
1557
7580
6593
4127
6650
8245
5604
1068
9204
9790
3335
6106
6500
6268
684
6397
1412
3389
6880
4472
6794
1366
7070
686
9665
3968
9931
1796
7047
134
4096
9810
29
7145
7160
7112
5508
7936
276
2967
8701
8713
7597
4090
8207
2612
4461
1628
299
2229
2161
2598
1006
1175
1933
9570
2579
9478
815
6184
9018
4441
4416
2312
2819
9634
3665
6927
1958
2491
4076
9042
2742
9206
3440
3913
5287
7200
4077
5684
3310
3599
891
6579
3310
3278
5878
1629
8116
8487
7440
4364
914
504
759
6846
9852
3112
9864
8838
7769
7120
4935
4529
9527
5941
7264
222
7707
9194
3024
1309
4172
3505
8100
5072
6045
8095
5966
3273
3335
8697
3185
3739
3194
3479
5074
4098
8404
4724
1781
4987
1790
207
6867
6432
7449
4821
5798
5590
4675
729
1137
5529
7600
8596
9349
6001
5551
7592
8273
3877
4954
456
6796
6967
8866
7927
7210
5254
9124
943
614
6563
6651
786
7852
3396
873
5835
9506
3680
6104
2631
5297
7871
4753
3750
1793
1059
1225
1578
2034
1390
6520
9606
4096
5014
7662
4434
7772
5667
6893
338
8501
8970
8237
8341
2522
4881
414
8441
1152
5334
6538
2880
6734
9912
1800
1604
6378
6783
1432
4072
5760
8685
7255
3237
1473
4118
5696
8824
2101
9720
9402
7136
6802
840
1935
3019
4043
7294
5316
5506
9180
4205
2348
6003
7167
4876
4989
9506
1401
1943
1320
8896
1433
3066
8693
4908
2024
1083
7230
4259
7783
3495
5758
6812
3550
2362
7459
3416
9217
448
1902
9769
1012
617
9298
7802
5221
140
2499
1580
864
1498
2229
8501
5415
6508
7232
9117
7722
4070
2448
9095
8032
4962
2302
7135
1854
6404
9904
2137
6458
5206
5704
7293
5878
3393
3886
1020
9082
9785
8610
4517
2609
6877
7740
4668
9516
1651
6579
2085
6322
7465
8896
7625
5928
2492
4277
1322
6398
1026
2027
6313
3308
8303
1760
5523
7020
6177
1390
5830
8866
5327
1507
9012
6001
7573
9759
5045
8796
1188
1357
1246
4293
3324
2619
1326
3528
379
470
9237
6698
3761
7996
8001
504
6753
175
7818
7161
202
6098
3354
7875
4377
5981
8090
2550
2719
6987
4217
2157
6160
8504
3179
6070
1142
864
4566
1263
5846
2120
4373
7394
2567
1556
1104
6658
9441
9335
2601
3833
6801
6670
333
7239
7498
8761
2637
263
3486
821
5860
9124
6591
1442
7066
2505
6222
3976
2925
8022
4076
7967
9443
4781
2706
4060
8181
9998
1987
8064
5815
6917
2641
1593
8910
8946
4006
7161
8589
1501
4384
3662
4689
5228
501
2519
8163
4041
4336
5644
5952
9950
8460
9893
5094
7728
5612
9013
7463
5975
7749
2257
3249
1353
1594
7097
7072
6433
4439
854
7084
3492
5378
403
562
3575
7353
4563
7892
9927
7585
7127
2039
943
1471
5207
912
1165
1539
7057
3971
906
9976
7303
8821
9897
9825
8352
4698
965
7735
3302
5755
9184
320
8137
1295
7111
972
2296
6020
7421
228
362
2994
3488
5492
9024
8521
6600
2108
3720
6619
9348
2754
3978
6924
2648
5963
7349
8175
4494
7166
9977
9318
1830
5620
82
8721
5491
5797
6511
1554
2832
4686
4460
9640
1163
3772
9046
6428
3076
1380
277
4170
8077
1492
2696
4960
4021
6040
5073
2728
6749
6805
491
235
8835
6820
9848
2384
2135
1034
4463
5223
4657
3285
5908
7692
3618
5507
7836
8008
9888
5243
536
3486
3214
9072
4927
5183
5907
1946
8287
2789
3019
7248
4830
242
2507
7560
8870
8040
4304
5553
3008
9080
9067
7001
6842
5159
551
548
9588
744
8729
3004
9658
7152
1365
6279
3032
7254
2546
4659
3764
8509
5602
5048
362
6702
6387
9539
6263
6476
711
3270
8459
4030
5382
8937
3855
5790
1348
9812
8562
8553
200
8868
9983
9727
7592
8373
854
9077
6812
5723
2375
1331
4953
6642
5602
5087
5326
5958
7651
2884
2715
4024
1865
8651
4983
2651
3358
945
8451
8993
8416
164
6569
5119
9384
8606
4734
213
9648
7788
3489
8764
3798
8905
1818
7075
9986
4176
1655
3853
5377
6546
7230
6524
1495
5434
2803
7861
8997
8513
571
9561
1549
8423
3159
2535
8224
6686
8023
9605
6848
4836
8689
9245
4762
2198
5404
558
8839
6321
7737
940
8725
5335
4806
8373
8663
4652
5425
5772
6707
5013
4947
2546
7255
419
4884
407
3079
2805
8923
8113
5920
8063
6261
9019
553
1420
9380
8978
8014
6762
9892
1908
1811
7845
8903
1825
4443
6146
9667
9607
3387
4737
463
9047
6223
1688
6168
2216
65
4490
4254
7009
4389
3635
6688
8034
5823
8893
5480
8589
3222
1157
5525
8147
3127
7184
857
4540
1280
7161
9863
85
3730
8397
4554
2520
671
1231
771
3005
8105
7973
4018
6936
5533
3950
7132
8242
1831
8092
6525
3059
3776
1098
7952
3774
3764
8227
6033
7651
5510
4432
8283
6604
9662
4594
9390
940
838
630
7574
2970
4466
7350
1377
7471
1416
6991
3472
7265
8798
5434
3892
8369
2048
2082
6023
1399
5711
2277
3584
8261
7942
5474
5272
2305
8945
263
5018
684
775
4463
8443
601
5975
4681
1307
3055
4346
3165
2982
5325
2552
5585
4391
5658
6309
6806
4032
8958
8318
1515
5816
6144
3755
3055
2021
5408
9551
5025
6518
5112
4736
9077
9378
9947
3596
303
8240
2990
165
5238
5264
8780
4193
2692
6335
3825
8228
415
3829
3623
6933
7708
76
6969
9385
5207
2538
3340
9027
7627
7053
3773
7045
7896
577
9028
4774
9344
7153
7314
4208
1519
4397
2177
1960
9864
5534
586
6904
7897
1968
1513
772
3865
4491
2328
2470
1568
7700
8907
5899
5255
4925
5750
5218
8767
4038
5517
2298
5291
7287
8821
6443
3710
7754
7968
6629
1424
1551
4871
9141
7122
8481
2406
307
135
5157
15
1367
528
9058
2490
3466
4947
3933
5275
7074
1007
1078
1990
7771
2904
401
5198
9277
9602
211
3693
2272
8657
717
8751
4682
344
4939
2339
2309
7925
5090
8449
6151
7958
3655
2540
2469
1553
8751
8821
5844
3974
6380
9477
7928
5030
2170
9906
5102
4100
2435
3142
545
7824
3081
4879
9253
7669
9385
8043
4973
6172
3036
4524
7104
981
3850
7348
6664
6205
3603
1811
4014
9529
2466
8533
3977
3527
1776
1092
8543
7743
6645
234
1927
3767
7704
6630
6260
4773
3717
338
8546
4743
6140
7164
3089
2245
3979
5701
1506
2419
9696
1041
2514
1829
5943
8559
5874
5641
3638
312
4843
9339
6461
1628
5742
7347
4540
9578
7346
465
9530
8292
2371
9496
9878
1671
5841
830
6194
6136
4652
8452
5891
1466
2869
2031
8935
6219
7543
6593
1003
3979
279
7145
7385
2052
5031
7987
7260
1935
2124
3262
82
254
8502
7631
9699
6662
7307
5237
5800
5089
2752
6800
2364
2884
474
903
1771
9519
7015
9212
2690
8353
4479
6258
3454
5195
9138
2627
576
3731
9931
5159
9123
2475
1179
8875
5740
8065
8158
9840
1535
9971
6387
8361
671
7298
8725
5263
6616
8320
692
6096
5426
7755
95
2473
8771
5733
5394
9283
3247
3380
756
2308
6938
8286
5007
9619
6099
970
7763
1339
9574
6899
8633
2156
3644
2524
5362
7575
7122
510
3527
7233
9340
6838
629
7588
2560
1675
2685
3350
4518
7157
2936
6058
5344
3851
25
4472
8436
1744
6411
758
7748
2334
2843
8136
5359
4877
5926
3618
9006
9357
3911
2251
5315
1392
6192
1699
660
7829
6766
592
7317
8218
8954
6171
1457
2311
8131
9688
9612
6380
7920
7030
7145
3050
4064
1876
7261
3872
503
2241
9811
8624
7638
7612
2893
7898
3181
9079
50
6438
2739
9712
6965
4289
9076
4381
447
2427
3227
6670
7847
3842
2920
2462
1838
5782
3848
4443
4367
1830
8673
6344
9607
3089
9672
3693
9542
1106
6622
8400
5572
7343
4502
4786
1392
9637
6761
139
2299
6694
4813
6271
314
6215
1495
8698
2835
5752
2429
7309
2368
8648
1904
2794
8211
5743
5062
6811
8329
3517
3276
7041
2340
4809
7200
6751
7385
2566
1917
3536
218
6537
2709
7916
3751
5376
1193
9314
3319
3804
8468
364
8981
2507
5742
9881
8655
7259
7087
2710
9596
6572
6906
5560
2438
1230
9749
2108
8901
8753
5409
3069
8803
4891
6237
4275
7370
3868
8639
833
3874
9268
7757
4389
8881
9962
2105
2140
7127
1611
4043
3421
2634
3241
3228
1508
2045
9071
7252
5432
4005
1202
866
4764
6532
3783
857
4421
1417
7048
4918
2442
7467
8827
5810
1955
9183
1990
7130
2707
4458
3960
9585
5068
7122
4394
1766
3405
9695
264
4001
9087
711
7547
3033
8791
2176
5051
340
2539
3788
8863
4577
7814
5952
7369
8335
8539
4783
9916
5456
379
1435
5214
4824
5322
6717
250
557
2986
4956
2185
5289
2009
5693
7205
4448
7958
1356
7650
5320
1962
4978
4730
9970
1457
8985
7515
3019
8900
7991
1543
3225
3207
914
2005
8774
5524
6576
4597
8276
1337
9827
3249
8811
6761
5571
6900
3412
6848
2291
5495
9477
3737
8405
2780
3406
4488
7612
9043
4923
1587
1680
1326
8015
5197
2740
6003
3160
4557
7781
8273
3444
1155
3722
7171
5867
7753
7890
2849
1345
6005
2180
9743
9493
5208
5404
3225
7862
8121
7628
4828
45
7115
404
1835
165
2149
4899
8082
6075
5792
7794
1730
5225
9221
3255
6838
1148
898
1015
8744
890
2022
1770
5858
2646
4205
5093
7175
3854
6076
5002
1997
9900
4290
1870
9274
8362
6422
3809
9218
575
540
5206
2121
2393
4500
5620
3191
1256
4928
7382
2988
785
2157
8399
5610
7601
2734
1496
9886
9625
7270
1
612
6851
5443
3783
2348
9792
2927
6665
6756
9461
7171
7861
7395
2310
2201
7335
2624
730
5240
423
1215
8326
5874
6228
3357
7100
2552
293
3978
9637
6950
7056
5488
3119
6137
6796
1535
8790
1957
6021
5816
8160
6794
536
1728
4894
2966
190
5731
21
2557
3251
4899
7536
9906
2279
4099
4896
8716
3899
8661
8976
1266
2303
3947
2636
2217
4428
3800
7896
8496
671
5573
9054
9301
3392
6893
6612
6439
4205
9326
7753
8286
3118
5258
4394
8645
4398
3148
9280
6034
8260
4196
3406
268
1050
6704
4998
4992
5406
9848
8500
463
6674
5925
6553
5456
2576
8715
2619
8377
8302
3469
4438
2119
9783
7979
5693
9069
8213
4480
6695
1902
1645
9752
3817
8548
6085
4196
1745
9585
3491
5185
3376
3990
2028
2696
6231
2513
2680
9383
2595
7390
5324
2266
3114
488
2743
588
9147
1581
1257
3796
6657
6285
4649
9099
5240
8028
2239
9134
6836
7683
7631
1125
3490
2328
8309
4316
2097
7970
6590
8077
5808
6307
5333
8173
8791
9929
6634
9625
8692
2206
4493
2923
959
8603
3786
1290
2857
7303
2288
6148
5778
4022
9599
665
3600
7612
213
5959
3683
1608
5616
565
6704
6839
9030
1591
4826
4980
3392
3070
2116
8042
8936
2096
6842
4904
3618
1817
4221
2078
3363
3409
6291
4110
5634
7429
7883
5738
477
4646
7614
7225
3349
3435
742
4121
1023
5022
2836
966
2018
7303
9142
1489
6506
7244
6531
5624
5142
6115
8409
7967
2539
5018
1873
8281
7144
8460
2780
880
7379
220
6898
7927
3457
8377
7649
7210
5873
2537
2716
9248
6181
3565
7087
5047
3308
1994
5486
9971
1132
3539
8791
7555
6664
8042
6890
5463
4912
6903
9354
7924
8772
970
2533
5865
4375
1602
178
5218
1853
6962
5121
8371
5753
5224
1728
169
6141
2592
8597
5630
3484
4749
5891
7678
5560
9220
7176
9541
8110
3802
1795
8725
8617
9865
5008
3926
7947
4893
4965
8899
4874
9205
1957
8232
5103
8767
2566
1997
8272
9122
5105
850
1276
1674
8046
3098
2603
5816
2718
3359
6331
7700
9671
6777
4806
9108
3363
5554
3364
5472
3703
6287
8542
4238
6173
8577
8494
5619
8062
4401
5777
6988
7214
2944
3403
7713
72
5668
8187
1409
4767
6886
4828
3860
517
4198
7392
5875
4648
771
8219
8062
7425
623
4902
4524
7479
9945
3308
6083
7349
9341
9467
5764
6424
2325
6680
7
6046
903
6331
4235
3473
3026
1193
2862
2489
7061
4949
1043
4108
2912
3800
8865
4778
3916
793
7956
7863
7928
5063
6208
4566
5504
5309
1474
8806
2377
6946
9289
2197
3254
2061
3629
4170
2337
3667
3064
6845
8856
1337
2288
5262
7384
9628
9143
3972
2795
8563
1151
3041
9876
7155
1023
5449
192
4093
422
86
3359
4042
9219
2317
323
1948
7443
3616
6404
889
301
3102
2311
2676
5482
1213
1655
4844
7550
4480
6315
5571
412
8451
8593
8146
4355
2855
490
1683
7518
9162
1570
8785
5883
4370
15
3846
729
7552
2287
7509
4086
6661
6674
7404
8800
3757
8833
9345
2069
836
1830
1199
6977
9596
3729
3790
8695
2461
1351
1174
912
8783
8865
590
3102
6955
1882
8186
644
9791
9275
2761
557
9120
7094
4941
9383
6337
5657
6573
4369
5668
5462
7907
4185
1677
9652
7667
7980
1574
7202
8795
8458
3633
2196
9225
8996
1711
9828
4811
7880
3130
5650
1810
5021
9976
5729
3204
619
6926
906
2830
6927
8510
4316
3481
2578
4081
1032
4408
8827
9187
7302
6413
3147
1342
831
8820
6194
8753
1659
289
3307
2866
8830
7384
1813
2086
1280
2143
4567
3686
5044
7735
9983
2262
8035
3129
2186
7336
8550
18
1022
2829
386
7823
7706
7749
9426
4913
710
8034
9424
5004
5299
5821
8689
2612
6924
3774
4491
9780
9252
8982
9801
2298
8029
1752
7358
4872
668
9646
3926
5785
5386
7718
7288
588
4509
900
7713
6917
1289
4260
846
8073
7547
8793
4759
5213
2109
9448
3091
6372
22
912
5806
2288
8280
9958
3599
6866
3872
1164
5060
1393
8805
1648
1285
8989
975
5055
7593
6807
1113
8794
6793
5200
8125
5681
5026
5489
6524
8944
619
5315
6835
1609
664
3477
8684
3672
6705
681
3841
4162
3146
3256
3470
595
4829
9942
2353
9776
1617
9530
7866
3537
4590
7014
36
1950
4437
4661
2492
8551
7836
1090
7731
3058
7754
7939
1580
4214
9498
4917
6078
8293
3018
5155
117
7955
6086
5274
6856
2184
8864
9088
9836
2306
2621
1871
3020
6695
4426
5927
7722
5502
4880
8701
9791
3363
4389
1707
1645
8112
1563
8972
2161
4402
7597
5696
4975
6102
4524
3792
2914
3196
7968
3733
6718
6840
7600
3937
593
5213
6391
2700
9008
9404
9663
8580
1026
3180
1768
5068
5250
6498
6669
4038
5287
1838
4009
2286
5964
3653
3144
9726
6681
3300
9693
6846
6934
5568
4229
2012
3012
7582
9357
644
4018
7144
1253
6132
278
6273
2711
4734
7835
3451
9832
505
4849
1673
2713
7707
6273
5056
3435
4125
9017
8613
7155
7429
7593
7497
6432
5217
2304
7249
7860
7399
2409
7877
10
3592
9108
7074
3789
8140
6870
7241
5319
7352
6081
2397
3054
2704
1931
2222
8544
7874
4302
8570
6622
2612
2538
7859
974
2069
4882
4545
903
4016
293
3592
9537
3365
642
3945
545
8024
2840
5264
2137
8517
1838
4127
1325
1152
3092
6886
3927
5578
5041
7064
7085
8188
5115
3055
8487
5354
6154
8635
7977
6158
7762
840
4890
3159
1449
9443
4446
8074
5308
5544
3121
9601
2113
2681
9414
7017
2984
6599
7791
4748
6742
7303
4024
4331
5372
8933
6315
5134
7465
3372
849
190
4445
3281
6251
1528
9327
4206
8195
3091
1173
7758
1520
8952
6754
6352
728
7620
7402
379
7943
4252
8569
1200
8266
6684
386
2616
1417
4384
9273
4688
2452
5360
9193
3821
7302
4704
6779
9920
2258
1799
7003
8165
92
7012
607
5718
7251
4964
5035
5894
5834
1252
4773
5629
4366
1613
5861
242
1916
5923
5581
4050
7316
5044
8887
5983
1708
680
9292
8001
6581
3603
2482
892
8264
1037
4007
5637
4339
9178
3083
7388
1700
2143
6150
1089
837
8921
2440
3015
2399
3570
6190
9209
699
4650
7632
3276
565
9819
6181
4768
373
6985
6345
8945
1253
6002
7788
2364
8291
41
539
6149
3784
7228
7518
2521
4154
9240
2773
3917
2089
5088
5458
5753
808
1182
889
9966
3281
5897
1530
5991
7064
3428
1351
8930
3552
7212
5732
7605
6896
3204
3603
8045
2845
3080
5741
9888
4103
9952
7477
4295
942
7274
8370
198
4993
8964
4755
282
6760
8408
1298
6864
3163
8728
654
9158
5470
2759
8925
1878
1701
5063
4012
9937
5490
6533
1162
9337
3906
4208
3446
3211
6027
3907
4705
2243
5368
2268
8022
2239
3274
5303
4282
7167
3800
4602
9044
448
6643
847
3338
3274
7984
6013
6901
1580
1205
7954
5348
2016
9105
8478
1611
8252
5267
2611
6264
2295
6804
431
6278
8844
2451
8009
5553
7114
9577
3995
6602
7155
2062
7484
7712
3386
9629
6005
2094
5312
8217
2981
5420
8730
8560
3699
6479
2266
5698
977
8532
4480
4356
389
8223
7574
2979
5358
5271
7314
6444
8262
4611
5582
8259
115
497
221
6439
80
2267
2323
7801
365
1007
5937
7371
7118
3552
6287
7496
5775
8054
6449
6738
9611
5105
6727
2659
3980
8971
9974
4200
3837
4409
5837
4101
1602
6023
7762
7365
441
6688
5124
3175
3042
8296
1811
4571
9239
1169
7338
958
347
5257
8405
304
6442
9197
5311
6588
2847
2709
3667
9623
3401
2162
2083
6471
5421
3392
7782
5175
4771
761
3418
3733
5294
4630
8893
5849
460
8655
5576
6075
4071
2490
7339
7997
9774
2244
2962
2622
3281
9117
8820
6641
1803
1889
9414
7403
8040
8840
3042
7018
6914
60
7271
2235
5239
182
2590
9519
5973
2567
4209
6650
8436
660
4667
8310
8284
2429
5493
7624
957
7812
7843
106
4913
1183
3862
858
8827
1334
5338
5873
121
236
8351
6313
6061
5947
8388
1705
1375
9228
9292
4912
6197
1596
6479
2871
512
2333
3131
9407
2860
8289
7511
9718
4281
5760
5856
4613
7150
7960
259
3208
8928
1360
2209
4512
4656
973
5944
3172
3939
131
1771
4844
9285
5351
4536
373
5072
5472
3300
5230
4150
6100
4450
8638
7331
8278
2076
9704
3843
4638
6211
8272
1019
6034
7038
7161
2198
3227
7709
6469
6688
2029
1994
272
315
7966
2526
8062
4884
2182
846
2874
3655
5248
1809
148
7610
3326
7093
8658
1447
1381
8068
3869
2445
2515
6078
3363
5773
4971
3350
6803
1298
8319
7062
66
3343
6763
2004
7474
4624
1494
5977
9803
9777
133
1132
9500
1066
3017
6555
1279
2480
6030
4589
899
5438
6800
3906
7552
3526
6013
293
6373
5877
5122
7465
7028
1966
8263
5171
5639
5422
5507
6979
5983
7681
8455
6475
3843
5549
6661
5927
3959
731
6221
1464
5655
3823
6620
6352
9011
1440
7214
7969
1375
581
3378
4404
1815
4518
975
5241
1546
2223
2361
6472
2170
3738
9506
3738
2053
2681
3635
1346
1815
2668
6148
9208
2223
4678
8062
2176
2543
5659
2965
5530
9367
5943
9337
4896
8442
7675
6052
2575
9156
8386
3847
2440
231
2826
9670
5903
4234
6604
2992
5452
7499
795
482
5104
5532
6030
1450
9995
5260
3342
5993
2755
7650
5365
1050
3309
7432
838
7070
7900
431
351
4224
5908
7918
6563
9134
1908
6898
3520
1014
6428
1258
4524
490
3152
1107
8704
8833
3247
1869
3796
5890
1265
1000
6154
2748
684
4783
5245
6594
4970
5395
2645
6830
8200
417
5979
8989
7254
6775
6532
6515
6746
9251
4584
1497
3326
4889
6292
2826
6733
8734
2838
9976
6839
8833
2565
5734
5237
656
9124
8187
6620
6970
9860
1394
5349
7362
6189
3702
4512
3992
7097
3083
882
6783
9630
4120
414
337
858
9146
5432
3276
3253
3125
1469
2231
43
2415
9069
8647
2320
2058
9212
9691
3149
2814
1517
7196
6529
1896
1379
1219
6460
6401
665
877
1695
4251
2172
2427
1513
3157
4839
3725
4810
6267
2338
4641
6733
4246
6547
1608
6948
2981
3120
6341
2092
2724
8559
1180
88
3574
8635
1170
9017
9593
5903
3005
689
3083
2310
1022
3985
616
2050
9459
9298
5936
35
9766
7770
164
7895
6460
3301
6595
6854
55
2180
8357
9345
1062
7629
3505
2503
583
5099
2570
1585
1682
5073
119
5451
7475
4627
7177
8872
6965
1955
408
6784
7896
4733
5765
3381
5065
2341
1143
2491
8015
2918
6270
2978
4324
5664
1622
2135
7796
8329
4145
5091
9445
9504
3065
7428
9008
2264
3685
9368
6938
8990
41
7659
7831
7333
7209
40
3003
3954
8101
2645
6954
5199
2306
8518
5678
2066
80
4683
1057
3990
9737
1570
4949
1808
7543
5974
3172
7644
3878
2579
3275
9928
6811
7560
8321
9240
6384
656
9154
8624
7743
9252
3899
7231
1721
3776
7204
7930
6255
4991
7758
1397
5003
2999
3124
595
1593
6747
6400
7056
8977
9163
7452
9707
3871
5925
7709
6140
9709
5209
1616
9617
7252
6561
1395
9722
3403
9440
7917
5394
4061
8619
4415
7341
3982
6479
1521
5373
2082
823
9490
888
8855
9000
1627
4012
2715
6701
7822
7371
5104
7239
5991
7004
3779
104
7403
8539
593
8277
4059
7525
6380
2665
7063
4552
9501
5140
485
7306
4331
1204
4012
1102
7998
9026
2377
7033
883
5478
7146
8262
6774
9004
1605
8518
4798
8860
5495
7211
5166
4404
400
9932
6381
6239
7638
9645
7585
3023
6915
2463
6297
6540
377
1571
7541
3099
1076
1377
8335
9286
1919
5488
8666
4149
6924
4851
235
9183
4466
6320
1038
9733
177
4433
8383
1907
4465
337
1976
5748
9194
4125
8066
6027
3687
4657
1032
2047
8578
8821
2796
2483
5430
7871
9979
3415
4490
9185
1897
7141
2932
654
2194
3657
226
5530
194
6213
8208
6313
4805
405
7291
768
1661
2026
5986
6990
9925
560
2872
5879
2685
1123
2652
4943
5679
1021
5047
8006
6254
3203
1832
7993
6170
958
560
4707
6633
3323
5104
7280
7886
1227
7193
5169
6215
3847
9956
6237
7053
6842
8372
7548
94
6010
8829
6210
6912
3511
4862
1393
2951
4274
9241
9333
6344
834
4405
7013
1315
1421
3503
4166
3834
9746
7352
3442
1328
2939
2190
4407
2991
9629
5600
9036
9768
1087
802
4509
3828
9850
9647
1435
5072
3822
5195
7068
5993
6794
3187
5482
1759
7470
9836
2183
8869
4467
8948
957
7346
1898
6313
9552
5077
6441
1421
2002
6559
538
3306
7405
3561
822
7929
2783
8310
1508
9379
365
2253
8745
6211
3080
9592
1582
9483
9191
711
1784
2352
4504
4920
6963
2027
8189
3069
7549
8081
9274
8868
1188
2757
5337
4283
5421
1600
8658
1895
911
5105
5908
1265
5381
8972
5660
9854
5553
6497
2770
1320
668
5303
4528
3566
7506
1334
7694
9033
182
2313
5168
7406
5199
5496
6226
240
5557
6415
3762
9990
8272
3558
1092
628
3509
6148
9285
4366
9936
4043
6246
5232
9164
6794
4095
6335
2672
8086
2069
138
10
5304
8447
6275
205
8772
8922
5459
3497
4935
8953
5376
5728
9571
1502
5136
1923
6900
1709
8382
4221
2115
8687
3820
1937
3683
3756
9833
4507
7322
6621
6241
5474
2754
6718
9354
9171
3038
6271
6348
3947
3644
174
9913
3412
4525
6665
9812
6383
7515
4564
5555
5591
2810
1269
1981
7595
7232
7835
5077
5080
5825
2329
1980
1545
536
7131
6364
2451
633
3356
4548
466
8274
7065
9957
7622
2343
602
2562
7064
1607
7558
8262
2316
2874
4936
1258
9664
822
5087
6303
5845
7227
4888
7819
7329
8857
6935
3214
2220
4772
2191
7088
180
4394
8981
3249
526
5777
5892
9874
3939
8161
1847
8334
5224
2218
9690
5958
5764
4915
6542
9603
1059
8834
2430
1935
5781
459
1927
951
2204
9113
5255
2066
2326
361
1206
8136
5345
2633
3124
1143
3045
1393
9605
3726
1707
790
4169
3554
3077
5347
8226
6850
8127
2494
4755
3712
2496
5708
1575
2668
5111
8691
243
1105
4022
9284
3314
4288
5247
7532
6945
3372
8603
518
6441
8170
6736
4009
3109
9150
6207
1472
6383
2614
6754
2945
6995
680
1873
6497
1549
7998
2182
4025
8380
7848
3027
5950
4064
4668
8215
4694
6491
1328
8112
2932
5825
1528
2740
6049
5669
572
5569
7622
676
5867
1345
9190
4291
1803
6606
7028
1838
6579
4628
2424
7640
1153
7222
9580
5779
8483
7706
1500
2419
7074
4871
7304
40
4705
163
9598
5321
110
5512
5516
5710
8854
630
704
4060
5280
8705
3905
179
4927
6681
2462
4777
1138
1592
2134
7915
2228
5630
8336
7740
8049
1887
8487
1561
3680
7958
4473
3177
9542
2466
5213
2126
5497
5797
6649
9273
6891
8604
5781
3183
4880
25
7738
8075
8865
339
7118
5879
6454
7437
2392
2164
8265
5889
5516
6218
6007
6860
1703
2959
1822
1231
9118
6508
8039
2179
7853
8262
4421
8960
9136
667
8109
2424
8558
7854
2618
1249
9771
3269
2730
6363
4044
5995
6966
3731
8248
9428
7451
4669
9066
3584
9697
4978
8774
2451
5315
4694
9130
8173
4783
4449
2546
7678
8515
8827
8144
4511
3552
9933
5663
7788
6315
8711
2975
5967
5668
5216
1851
4731
1662
4884
7913
5474
2086
1292
2038
3609
9771
5257
8596
8636
334
2524
2892
7090
5393
9824
9939
649
8462
6834
9018
4763
6940
4113
1113
6948
6895
991
6756
647
7316
9957
5109
7139
6810
7178
7798
7394
1927
5035
2598
7499
9457
3901
8997
7272
1374
1999
4190
755
2499
937
1115
3305
3723
4157
552
4011
8638
2607
6974
8816
7809
8961
8362
5490
72
1701
8984
91
7255
2838
8124
4680
77
4511
3529
847
57
4129
864
6531
3158
2065
2059
2184
8687
8673
395
4037
8424
6073
7610
3069
7324
8798
2493
3260
3869
745
2551
520
4188
9425
1923
1758
6871
7686
742
6937
512
9454
7106
293
2148
6725
5244
3586
7086
6133
2803
349
5197
236
8577
9766
2615
2994
3257
7490
1167
9915
3063
955
7188
7966
253
8104
4580
1553
9322
2417
7287
5886
7367
5090
104
8802
5752
7664
8416
2781
1650
5802
298
729
692
4894
2255
8276
4773
2032
4835
7474
5861
2853
7778
2487
6358
7496
8176
6085
4249
315
7806
4428
9640
3401
1274
693
7193
7065
4226
1138
7719
7315
3603
7184
6940
5030
8930
1327
8176
7374
1167
7000
6986
901
4829
5642
7573
9689
9132
8522
8993
2481
3676
8131
9623
5217
4213
2457
6737
5401
8201
7237
8660
4692
6167
2335
7655
4558
9201
3319
713
5564
4013
5326
9011
9798
8612
807
132
4052
6969
4793
9401
3647
4132
2443
1000
2025
4030
9774
2751
6220
969
396
7574
3468
6941
1711
9850
414
5806
2038
3968
2451
3487
216
5730
372
447
5067
6216
249
8475
9285
5263
244
4989
9233
1550
1782
3809
5216
6964
6481
2923
5385
3700
9964
1259
5811
455
4165
1097
9629
9373
7113
3197
4890
4323
5819
7126
1222
1368
481
640
5889
1966
7469
1805
2229
9555
7681
1257
4664
1897
1540
6514
6637
2813
370
1302
202
2637
7385
8278
2174
8099
9692
2563
2294
7464
9379
2012
3902
8877
3524
1242
4214
9343
3755
8042
7700
1865
6342
7689
1725
7497
7808
6068
604
9204
8856
8333
5437
5531
5425
2759
2800
7716
1648
7654
7800
7086
556
904
3640
305
6586
3163
8156
3767
4498
9546
7065
7496
292
7487
9946
2031
1164
1236
9146
6816
2899
1667
4970
3875
4487
9667
3399
6923
8099
5022
8483
8074
7503
8256
9217
7208
1108
9514
3316
26
5352
4008
5823
6578
4611
2561
2535
2178
883
8541
6829
4611
9202
8816
723
6300
8108
9955
6270
710
8923
9313
9251
8940
4807
4497
8538
1103
9563
908
2006
5949
8950
9398
1236
5906
8964
3045
361
4728
5137
9670
7663
2674
503
6135
1917
6209
7012
1084
8535
9400
8257
9126
5039
4458
2174
8429
9880
5129
877
8799
8204
6305
1195
1583
17
4003
7957
9315
6406
135
8861
8415
4
1479
6147
1130
8450
5472
9375
7820
6496
7069
100
887
8785
3755
9020
6513
71
5594
8987
4131
9006
6782
3634
7218
5834
3377
4790
3418
3814
8177
6348
9117
6642
1388
1458
2096
8551
4945
7628
845
2755
3833
7071
5150
223
5608
1051
3547
1467
5676
8460
8380
2354
2005
2748
9003
8922
4872
83
7575
1382
235
8793
5281
9390
5297
299
4195
1484
1489
2517
2802
8533
6999
20
4085
436
1806
6396
6560
6943
4303
8994
414
2851
7292
1649
3550
2336
7129
7153
5829
1089
3147
322
3415
2027
8365
3329
6496
5099
2315
12
1098
9319
8702
4444
7200
8834
3025
9005
612
1017
8784
2802
5750
7527
5525
5527
8509
1383
8139
2474
6948
3631
2803
6298
3383
6648
6141
7317
6559
2113
6393
8653
8704
1987
9789
9361
1366
5884
6952
4254
2045
561
7310
4562
5867
4428
3021
4264
674
6543
5577
6245
4140
5415
6209
8531
5494
9469
2421
8032
6475
4896
7370
3924
631
1567
3868
7726
1219
8753
7333
5470
8326
1155
5251
6324
2505
7989
4180
9284
732
8495
1890
9219
1853
8312
6954
682
6258
1606
2859
5285
9614
2157
6715
447
501
5814
2857
1388
705
6975
6347
6348
2240
1947
250
9233
2024
1995
6212
8662
3756
855
5499
1751
3048
876
6499
9483
9292
6645
4632
4654
2006
466
6289
3316
1774
9441
9027
5512
2342
1513
0
6953
12
2478
6888
3876
74
4561
6317
6465
2605
5539
9931
7490
3562
4965
4683
1994
3824
3207
6603
8246
4914
1343
5307
8829
3258
8227
135
6464
5534
181
9996
2937
9038
1185
2289
7443
3084
2291
5768
9777
7114
9002
3808
2481
619
9602
6567
4412
4169
1184
9716
4235
6812
3692
2558
6438
5585
4367
6787
8138
7360
3303
5482
4679
3787
1626
1791
1606
7475
8037
9618
3191
8811
2173
8752
3650
6332
2323
1649
1679
3062
1328
3719
4365
781
7119
8269
2762
5156
4373
1906
9602
9232
7811
9669
4391
2316
6206
9241
4612
7269
4671
5979
5662
1409
5949
8678
9524
4858
3068
6258
7059
2868
3268
9356
2879
5985
8443
3319
5235
4798
9217
7671
3851
1295
7411
7412
3651
4695
9715
23
9858
1518
5622
4003
7997
1566
7799
6481
6115
2892
2921
4650
8838
9568
7437
3743
8680
3579
5415
7575
5168
5624
4941
7150
1024
4272
1686
1341
3644
3062
5111
2858
1846
9609
9843
441
8531
5441
8666
8944
1917
5455
2726
114
668
5140
6448
4362
7320
5597
9961
4013
3085
6630
8160
7147
1675
3807
9688
6279
2665
418
2786
6512
3350
591
3550
9644
5695
757
3066
3800
9089
7123
7116
4781
2187
3775
8282
4661
4141
3027
4405
376
1902
5478
9886
6250
821
2242
7226
1221
9001
7949
8913
6295
2077
2501
4794
3158
928
9397
1576
9178
8502
5883
5766
3118
8556
6495
1028
6695
7750
7945
6183
1856
2896
8106
6914
7756
466
4981
7038
4825
494
2614
7854
696
9600
1991
1150
8578
576
7116
7601
5787
9379
6667
6393
3613
5012
6454
7335
115
6227
4768
9727
9245
3734
6352
3085
5715
2399
629
2670
573
554
9583
9902
1047
5550
6121
2316
87
2302
5853
9692
1975
2809
6446
8637
5728
3484
9455
420
9773
5251
8795
3171
8097
1400
9659
219
5852
8896
2536
6831
1772
8776
768
4159
8616
6733
179
7418
8258
8969
9488
5473
6787
9338
4820
776
2391
3172
3076
8200
3871
5283
6466
631
3865
2430
4798
8422
6430
9517
2046
7112
4625
608
2373
6763
6363
6761
4528
5139
7865
8050
2221
2208
5399
4623
8759
1499
5661
5848
6259
5828
4446
4343
1322
4068
9128
698
1246
8138
2435
7390
2059
9351
2751
9000
1718
7914
5455
7451
4886
5881
6547
81
367
2643
3042
4978
762
5582
2679
2439
4345
3179
7822
1932
2756
5976
471
5111
4086
9995
2836
2101
8637
9436
8171
9309
8317
5316
8552
2313
8954
7840
895
3730
463
7494
2389
5154
2738
7793
6884
7010
9324
9722
1667
5949
6237
5316
5860
7007
5150
9062
4353
3645
1341
8513
6916
2507
1644
6937
1582
8130
3334
5624
8723
9336
3954
1117
5187
5525
8569
6457
1096
5696
8686
9045
5657
8104
552
6431
1169
55
1182
4242
1969
9320
8433
3478
26
4287
499
4928
1705
729
6276
2267
9274
4379
838
2734
6342
7816
8714
9488
7443
6700
9998
6568
9268
3900
194
1150
4547
9845
8147
5227
4348
8517
5073
8260
6572
350
9552
5693
3784
3585
7553
5364
1682
6845
7747
5615
3259
9673
5586
595
747
7907
3576
6917
1655
9013
1613
6011
2593
3420
420
6185
8687
2533
2630
9326
6254
8640
4918
1120
4108
5858
7846
1309
7187
1610
7650
8133
799
3105
470
9019
5574
804
4555
253
3841
9196
7774
1108
1707
6309
9846
173
7789
8106
9975
8816
6667
935
5301
2291
1042
6450
9475
1602
2234
9960
5056
102
3649
4342
1714
472
5174
5695
8309
3564
5153
4463
4983
6640
2334
3756
5445
7104
4998
6491
5900
8210
9081
8218
2690
6444
6602
9055
9261
1957
1117
3722
9615
7339
1074
5997
6048
580
8829
2724
7411
2444
386
472
7527
72
8890
4717
898
9801
7182
1500
9774
1225
6796
5412
8625
7992
4960
3244
6957
3479
17
4109
40
2578
1236
6464
3827
6367
2667
4681
5052
5234
127
3699
4014
7834
2065
28
4755
5237
9744
2569
1304
4074
8834
1978
7921
7549
6617
8625
4736
7204
9017
2005
583
2451
9984
541
5257
6016
2560
3538
9496
7643
4479
7464
3670
4982
488
9687
6871
2215
4442
2063
5301
5462
3064
7689
9541
1836
2665
2953
3334
2237
3416
6143
4685
3481
5545
961
2695
2471
492
1937
814
1842
5700
3845
6428
6796
3181
70
8103
2159
2389
7594
1384
2929
7306
3217
9115
3182
3653
8057
4492
2554
8261
6384
2261
2057
8183
1718
8105
9002
6166
992
168
2337
4804
3845
5571
4087
875
2898
929
5318
9865
3326
3426
9437
7719
4287
9171
8842
3281
7060
8983
21
6938
4384
9891
1271
7346
1735
2928
3357
6835
8871
8782
8
6519
2376
2140
6796
3872
9410
2829
6357
1408
1543
8619
8392
490
3319
1514
460
4611
2588
1508
3965
332
3029
8909
5460
9604
3483
7840
1214
4458
7278
7388
3999
9274
1491
3920
6032
3003
7874
5329
3268
5194
6881
2691
3157
225
3557
6252
2273
3197
7332
6926
136
5837
8014
3235
7379
8763
4104
9114
9298
9494
6052
3182
5943
8803
18
2016
8575
812
1026
4222
409
4123
6652
7819
7075
2737
4350
1948
5241
4815
9799
6535
3566
5894
8696
851
4666
8914
5086
5433
9385
3112
409
1508
7872
8354
6187
3084
1986
7922
6295
5962
129
9705
1152
9876
6419
6100
9499
2932
1547
3848
5056
8843
6639
9525
5825
2431
5249
2251
4504
7062
8792
3357
7386
8227
1374
2012
337
8578
4763
7027
4442
4730
8509
5881
4828
5779
3330
1863
2516
9313
9701
2547
4328
4054
8398
4467
1216
3619
986
9329
5160
1821
2277
2409
7523
9395
6769
5642
9020
9149
3438
9415
6732
8830
4448
4576
587
4839
9027
1945
188
5743
6362
426
8036
2548
5389
5417
5321
8634
4483
3582
2126
8637
3079
5136
3650
6944
8796
3599
7108
808
1561
7532
7865
8276
6524
7511
3885
2383
3346
9351
3636
4962
6659
9281
7158
4414
3753
1350
4634
7017
8319
2952
414
1095
103
5063
2821
7937
3887
9897
9711
8322
362
2731
7506
4862
6364
8177
9457
6287
6111
5078
3954
8009
5413
4120
2208
4052
8098
4709
8592
8034
8022
4776
1496
6962
8946
6386
2711
912
5026
6726
1022
1969
6050
3247
3837
3427
8225
6883
992
9465
6442
4664
3223
2384
4268
1848
7955
1084
9537
6503
9975
1890
3713
957
512
2465
7542
9165
2733
540
9730
2174
7214
9427
1392
3174
461
7186
6644
9146
3940
5829
9129
9855
7537
8952
220
5298
4678
7911
7335
9100
626
696
9746
4218
9660
7803
1396
9541
9102
8290
7251
1059
1512
3620
3412
5844
64
9003
6640
8735
9705
4796
9453
7824
83
5228
61
8196
8322
3586
7067
4361
6937
3642
3020
1556
720
5813
289
8898
9893
6168
6232
1294
7002
7851
6449
2460
8274
5658
6160
7723
1951
7701
3563
7591
4132
6890
9384
1280
2452
4832
2958
5283
9638
7687
6110
4541
6385
5055
8809
9629
4532
9612
2110
6019
1092
2650
8688
5618
7443
1208
8989
693
7372
150
392
9260
5599
2517
2761
7198
172
8697
1981
8247
8612
4040
9080
8887
9670
7614
942
7759
5948
3477
786
7027
2971
417
868
9682
4287
4424
979
6448
9182
2030
714
5764
7579
5465
4798
7143
9942
9134
4736
2447
5676
9642
1371
3037
5295
9755
1151
9516
8748
4508
7795
2373
2719
6584
4799
2376
3782
6350
2498
7055
3460
7152
4638
526
4465
7967
791
8861
6611
4182
8657
982
7139
8124
9758
3858
5961
957
7928
3739
2638
5888
7999
1609
3422
3779
8813
5299
3764
906
4207
2292
6066
7436
3021
8718
6463
8136
1935
7458
577
9749
4833
9652
9075
1007
7927
8752
8537
35
2770
4507
848
7212
6014
1527
4925
7232
8263
5683
5771
4532
6959
4023
2492
5076
1548
2842
1590
2331
8033
4424
2686
9195
9747
5332
6043
4707
9000
3823
1961
8579
603
173
5907
8100
2936
6875
594
6934
3462
8135
2927
5735
3453
8139
8771
2999
3485
7160
6999
6783
1602
4714
2502
7968
5961
4125
9351
7802
4937
5265
8715
3569
8226
3123
7257
7249
4368
6324
3637
5715
1671
6545
6657
9489
9250
2690
9506
7470
8771
5444
449
3498
4720
6283
1807
896
7137
5421
5104
4077
8321
2644
5951
5771
544
9616
946
3538
5239
3407
5855
6736
9112
9656
1017
4123
7138
4136
8036
73
4944
2251
6852
3323
9948
267
8317
5550
3078
2587
4957
9510
6844
5914
2254
7256
4297
9330
2755
478
7524
5878
8103
2154
8106
2112
9523
7814
5608
3483
7957
5496
8074
1757
9210
3301
4488
8369
9369
3560
694
9548
1904
2961
4412
1153
6722
5786
7444
6003
7082
69
8419
41
6859
1192
1078
3854
8528
8660
7497
4705
7795
292
286
5378
5142
9603
2079
392
9996
7446
748
8757
9285
7623
6465
30
1041
2547
9762
7276
3996
1068
903
834
1419
2561
4925
6065
7328
98
6432
9944
3871
9016
3611
3272
4620
9997
2384
5797
6808
1226
6346
3967
646
6181
3004
2747
5429
6694
4868
887
3624
1917
4768
7468
6698
7859
1764
726
8484
4649
2927
1189
5303
6596
9351
9878
721
9814
4946
2766
9413
7033
2461
5474
9645
6730
67
2623
3426
1727
6621
7972
4484
9668
2122
3736
2994
9832
8960
7785
4891
9354
9858
7127
6126
9145
3785
186
2585
5861
1137
2355
5503
775
4038
7009
1335
828
8339
5158
5218
2843
103
7972
9209
5661
1768
1206
263
9519
8183
1703
7043
8445
4946
2828
6381
6778
5190
3187
7721
5922
171
1735
7208
1202
379
6663
2977
7037
3388
5075
895
9300
9081
1158
981
9848
9145
5588
7787
1429
4261
362
225
2460
2097
9839
3489
8037
6650
9237
2855
7288
6784
949
6875
614
7111
8397
4639
290
422
6830
8054
9334
2281
8572
3183
1870
6719
8574
9438
6524
8312
4420
3978
917
6592
191
509
8966
1252
4599
6205
6121
2474
9252
5698
54
7017
4990
3016
3067
1696
3029
5614
4822
5572
4861
9262
1802
2531
4927
7986
4317
8086
8465
4154
6698
7053
1828
3595
4313
3065
388
8307
9514
7321
9222
7593
8218
3703
7327
9768
4473
4774
8978
1465
9022
3535
3758
8908
6632
7109
7204
6592
100
8328
14
7753
6070
169
2194
3185
9128
8934
9792
9009
9476
8540
4106
7454
5948
7870
3041
9408
2228
5011
968
9481
892
612
6468
2911
3248
2780
5168
1444
7120
3107
9238
8765
8325
9038
6401
6532
7317
6048
195
4598
6435
5948
6620
6788
5433
7429
1490
641
3038
8896
102
4068
1457
7402
612
110
3982
3935
2311
4226
9155
6590
6031
3121
8976
4850
1403
236
7348
7154
7804
3186
6754
7822
2065
3748
2409
1805
8600
1987
7475
6866
9881
373
5699
7104
4157
1439
3931
4953
3398
987
2182
7356
6211
6230
9910
4765
4820
8860
7572
6309
1374
4979
856
2099
9717
9962
7815
6409
5445
9292
9571
6484
3571
5711
6996
7607
8332
9215
1902
719
1736
9254
3868
1158
837
6984
8351
9969
6023
6216
6622
2265
4757
3965
5850
4287
2221
5506
5544
8142
1374
2257
9828
3996
1062
4578
6564
8996
2930
6703
2058
6822
3258
5227
2167
5636
476
1726
1770
8931
4544
1653
752
9226
1709
1823
6691
2313
3242
9589
1804
2647
2522
1257
5618
9426
9774
8529
1797
7767
2112
9744
271
9770
5604
3453
6962
8239
5740
2045
521
247
9148
7420
1009
3668
4789
2245
249
667
2114
9380
8991
6257
9558
3721
3913
2717
7149
9660
1686
131
3170
7087
3255
6360
854
245
1342
1848
5391
9371
4851
3346
1582
7392
7343
8009
1243
6406
5258
2052
3027
6143
1686
3941
7143
5019
9316
1236
6084
7368
6391
451
2125
5950
7666
2499
72
8520
1745
5753
8607
8707
2799
8795
6294
8418
5718
7696
8249
9343
497
6755
5934
9495
9805
9786
2106
2576
2852
5744
2544
8195
4977
347
2212
7858
7804
5428
5773
1691
6137
1691
4315
2774
6128
8550
9526
8304
576
3048
5142
2805
8265
2115
6247
5823
1234
5638
9105
4510
4964
8246
9782
7396
958
4515
7687
8649
3780
6976
8271
8907
8422
477
3614
7429
2989
8963
3860
6928
802
7678
6579
3694
4525
784
8854
1145
20
5940
6084
1992
1437
6195
3662
4580
2852
8795
2610
6143
1970
2809
5704
8344
5623
6863
4006
2270
2776
6901
3205
7711
5295
9026
2183
3221
1734
8584
5161
8128
6207
4912
5616
9866
7700
2260
4077
1648
6781
211
7035
7750
5419
3277
3272
6591
5527
7653
7233
8253
2474
8634
2696
4822
8868
4947
9716
3229
7262
8503
4954
6490
660
5246
6563
430
9722
8865
640
4816
1936
9255
6088
497
1278
9188
1907
5511
2874
3801
4729
8917
8356
7074
4833
739
8262
7160
7904
2664
4521
9527
2879
5449
5195
150
4275
5457
3862
9370
4983
6264
5478
476
8038
7295
791
760
7731
2607
6511
4184
361
6033
4424
6535
5784
7456
6397
6528
8605
4445
4908
7443
8159
4310
7770
4821
6357
1971
9070
9775
8388
952
8733
7397
7343
6669
8964
6235
7787
2531
6737
7599
1287
7776
2534
2679
1617
3297
9907
4678
5972
7160
9873
2568
1579
1945
4496
2853
5905
6183
9622
6563
1802
402
6498
2076
1429
8771
3639
4197
9727
8938
1965
3776
8764
1839
2930
9983
5757
4960
6997
9030
4970
8744
1664
4696
8303
6485
3043
993
8784
6501
1793
5070
5413
2726
7625
8981
5618
3218
2135
5030
2004
5392
8227
7362
748
4788
8052
7561
48
3580
1752
9432
2125
9225
1576
4468
4306
8665
8677
9399
5156
3634
4225
4496
4289
7526
311
2443
9133
6947
9902
9756
6374
1862
4346
7758
9166
1059
5165
2494
8620
7615
7179
6618
3039
5962
564
5633
9693
3282
9557
6527
9278
6590
7484
6103
4079
1729
8157
4244
1391
9647
7837
9604
4658
281
434
9837
4271
7172
3333
2038
3784
4998
2621
8593
1070
6358
9453
3729
3484
3228
7314
3737
6221
3185
4160
6978
9676
7691
5112
8446
389
5557
1064
9269
2532
5698
3648
2602
8898
9265
4983
735
9978
4768
1987
2525
1689
3077
8903
5653
5869
9560
8458
875
1029
6377
3958
8054
2306
5415
9088
8463
1393
4396
1091
9839
692
4897
8864
5562
7209
7931
3399
8994
7153
2145
1606
2463
1735
4643
1574
5147
5589
7813
1598
3094
6886
2016
7195
9794
8548
2785
6054
847
7197
9183
6334
1746
1536
5363
8174
2038
4361
2190
4285
4504
53
1001
1564
1494
3793
5372
6700
4938
549
338
4972
8193
2632
4495
697
2130
7796
7315
9631
4486
3433
9016
3840
8955
4213
1718
2150
6449
8560
1790
1687
4584
2755
1354
1903
9218
1281
1202
540
9530
8868
4382
289
1979
8706
7504
2591
3637
5823
8528
5913
7032
8058
1317
3637
17
4704
6171
4665
6440
1976
6044
6906
7648
7534
5835
7574
5243
5997
4348
7654
9407
8935
9876
7967
9965
2441
585
4257
6557
519
1329
1129
1991
3790
1706
9023
364
4258
6438
1590
6397
5022
6246
3350
4602
9988
8528
9819
9010
6393
175
1220
7462
3558
3463
5523
8679
777
4459
4338
4223
4751
1589
3523
6767
4222
5438
9423
9877
6529
1918
7774
4156
6925
5125
8114
9332
1720
2275
5812
4117
442
755
496
2601
7364
9623
9934
645
2258
6916
4087
1665
7721
6398
2249
807
2316
4363
322
9624
6242
5186
2654
4415
3325
964
7852
1234
2375
7839
8896
0
4425
1209
9929
6649
7222
8573
4817
6378
6517
7464
5335
1274
5027
1289
6815
9956
9467
712
439
4355
9720
7565
4660
9016
8573
9257
4034
2076
5578
4140
6580
6506
6902
4310
5987
7925
6986
9667
2582
2655
2471
9372
8726
3246
4054
3685
3540
3059
3222
75
1255
8922
2190
6348
571
2854
9825
3280
1991
2312
5293
3505
3884
86
9648
2560
1371
2801
1021
9477
1907
8866
8743
7323
1415
2081
5993
3845
5720
533
1889
3863
2749
3642
1695
6028
2091
8793
4739
1109
5101
2237
8672
652
4928
1795
6892
5427
1716
4495
6291
4309
9189
6488
8633
6693
4506
18
8942
3105
9748
5185
464
965
3575
2474
9799
2824
7365
9747
3633
6812
7519
9926
2000
4028
8313
1649
9430
9302
8093
8278
580
6885
2133
2954
7243
2612
8396
7032
7121
3284
7580
5008
6046
5147
4299
8067
1486
5317
8151
6662
6833
759
5201
926
3110
4048
1815
66
774
2057
1986
6499
332
2726
999
1248
6881
3829
6770
6190
4342
4972
418
4546
897
1721
5063
5967
5058
6217
5077
9414
661
920
2308
983
5835
5271
6103
4061
6530
380
5570
5343
8309
3847
7237
1304
3052
9002
6404
8724
7266
143
3999
3483
1309
5198
9479
3004
9111
8210
5396
7285
9671
3802
663
4774
2001
3890
6724
6351
8468
1136
7063
5589
873
2166
5612
2376
2887
3565
3552
8135
1327
5741
2999
2234
9383
6152
8205
4351
8421
4057
420
6093
710
607
5083
8182
3865
5490
5673
6567
8156
7102
5614
8766
8228
733
2619
5634
8408
5846
6631
9852
2772
7923
722
9496
5869
1794
2983
3694
8534
7590
1764
4321
5310
1960
4934
1310
7779
7047
1715
4287
4198
6212
4938
4208
7985
8902
3664
2981
2242
4333
2334
9330
1790
8856
4233
2058
648
429
9796
3136
7141
2701
5124
1163
3895
7852
2633
1375
3040
3944
2915
7917
8546
2006
1738
8284
4326
4259
3932
4012
237
6795
1197
6792
5426
2582
5280
9732
5874
4892
5154
6212
7309
2663
2936
7294
7828
397
8877
519
3545
7542
9558
4318
6910
2852
8702
5094
6247
9557
2191
2358
8119
539
7675
8320
1079
7620
2481
971
6754
2009
1479
1153
2244
8507
1895
3326
3769
4391
6920
7743
3052
8298
3445
6364
9322
9207
1209
2503
7756
5346
4623
2762
4561
4018
5444
3024
3449
286
3986
5175
3908
3626
6136
6750
4003
5091
378
4650
5873
7030
7809
9425
8503
4164
4922
5492
3722
5473
3853
652
8705
7595
4
4946
7191
3254
2438
3952
5238
5755
8308
7273
2353
8422
5395
558
9553
2031
5540
6622
9798
3839
1498
5535
1699
2958
30
4266
7608
4060
188
3224
5998
6843
4909
3473
3441
2769
9609
8759
4982
347
7710
7930
4163
6873
7777
6024
8639
9166
6573
8242
3478
7983
4178
4448
2190
3188
5889
5525
7969
1963
2786
1674
2284
7019
3433
1221
167
8167
9367
2542
6522
7387
2353
1828
3513
2240
7098
378
6390
7904
801
895
9186
5258
6244
1872
6950
7256
8288
9951
4013
6390
7083
5392
2926
4272
3773
8860
9103
3231
2476
5159
376
2698
5998
6842
2792
2626
6470
6699
6160
5570
2273
857
9727
4014
3809
6774
8607
1534
7004
227
5026
2887
7069
1163
2543
3325
6159
2692
3763
3403
5197
5988
4590
5246
5629
8632
1107
7482
8831
7819
1291
3494
8445
4773
8559
1335
7740
2520
6269
7238
5418
9945
6281
5687
3737
4302
9831
3832
8730
3734
3750
9047
2753
6327
1222
1613
5222
6693
5954
934
9523
168
826
3918
5689
6237
2463
5172
9370
2336
6496
8184
6846
9610
7981
8978
2223
1761
1456
7993
8919
8339
3103
6675
937
4482
2815
9847
2930
6832
7268
8543
3229
514
5174
6405
222
6422
8665
9058
1630
8410
7882
1984
6688
3720
5417
387
2217
8992
9969
4443
8622
8481
3472
8365
7204
9579
8170
8725
5579
7771
9383
7732
1958
7925
468
2563
532
4228
5569
6445
7923
9560
4771
728
277
6522
9503
9055
7617
3531
5050
4979
5379
400
8149
733
3599
3824
5521
1651
254
4170
640
8978
7385
8612
8686
263
7320
7317
1606
5529
3782
3032
9823
3017
6540
7782
6451
7015
2564
9171
2446
1796
4169
9247
6192
5254
3885
9808
1263
1210
7938
1117
8804
167
6833
5983
3260
8265
1249
6344
4544
1620
9412
138
7822
5483
4717
8292
6216
1976
460
3185
8304
9662
1045
518
8983
4981
4114
5763
8246
4705
6334
6118
7805
1720
2603
6755
2069
8257
5048
7460
1574
6263
5033
8667
4650
4075
2702
141
1681
7098
5120
6233
7052
3843
9971
5881
8458
9446
6314
3708
125
1916
559
4134
7122
1206
182
3866
3275
5709
1854
5376
1926
9719
7099
2816
668
7995
7363
6156
5025
6920
8071
6896
1995
7717
7843
4232
944
4371
8269
7688
5775
4345
4031
3789
401
6569
8745
8029
6965
8137
4738
1521
7620
1788
5225
397
6109
8657
1247
8352
6412
8682
5898
3637
5788
6145
5859
3976
1580
3804
9594
5432
1924
4107
1480
9790
389
2591
1610
9815
2788
4288
5119
5420
5230
1237
8929
6544
1373
2878
3335
5038
8286
6141
9497
1903
2060
4850
7494
7924
692
9157
159
3755
6859
3720
5810
192
1010
6459
539
7230
7078
6542
2880
3263
3613
5162
3486
2055
6740
9000
5176
6359
5646
9284
4453
4473
2149
6572
9677
7286
3391
4849
1707
4782
8680
5041
765
9354
6275
3411
5281
8493
209
8418
9034
6514
2664
9038
6673
8217
9084
3009
8929
8002
9344
9708
8573
4290
8817
6967
552
7763
5815
4574
7584
3786
6208
8600
1177
4184
2648
9403
9039
7205
9191
6372
5921
4061
2286
941
3056
9439
1662
3907
1844
164
1120
8206
3710
7376
1350
4610
1522
4227
6758
1018
417
6817
2857
1499
5782
8141
335
5931
8151
2731
5262
368
2043
4385
6032
8550
9663
5537
7239
6998
7401
8918
71
6961
4748
2462
3447
8106
8478
3771
3268
4047
6299
450
1584
9958
9788
9607
2283
8213
1893
807
1449
8746
9672
4954
5489
1906
9200
8644
628
2190
7077
2291
8778
1858
212
9635
2501
517
6805
5824
1634
9242
616
2919
9126
6752
6325
6951
4186
6027
9643
6775
5628
9775
1869
1129
1986
9451
3649
3465
8721
4434
6167
1375
4028
2554
5356
5707
8509
3996
8730
71
8177
2253
7778
2108
249
2731
751
4275
2696
3739
4518
625
3076
9581
156
2790
5871
7235
6406
3222
4194
6542
738
1418
2945
23
4733
8072
9618
3332
6538
6176
1692
321
3602
9109
3920
4290
8085
7030
7310
8735
9601
3574
6581
3604
9461
6820
5218
5072
3239
1031
3530
466
1800
4788
6385
6601
399
5809
3635
3938
7627
4487
3082
2289
1093
2368
8440
2858
9117
8817
3627
2218
9069
4390
2382
3924
2218
973
3164
3197
9174
140
2896
4103
2708
4467
8248
905
6997
5601
9334
6084
8024
1699
335
8379
2044
9992
7986
7662
7493
5966
7615
6315
1922
903
6835
8534
5958
4663
1515
130
8384
1174
1565
5510
4857
3040
4704
5194
4020
2230
7910
8324
3060
9586
690
4269
7798
7398
8607
5257
5472
3300
4424
4055
1665
9170
5178
152
1174
8497
8239
1028
7920
8248
9962
1621
1335
5442
1422
9759
3407
9730
4794
5090
5926
7124
8131
196
1640
4700
3562
7087
8069
1354
7689
5662
6463
9436
8985
133
7409
7057
2814
4083
2860
4170
4250
2215
410
2956
1232
5006
5339
263
537
9729
1314
8321
2833
3282
359
7851
9675
2729
3216
6353
732
8790
555
9148
7244
6686
2208
8320
1774
7913
8971
9261
7615
6309
8618
4638
8769
2649
9383
6756
8899
8616
3759
3957
8019
2294
6869
2698
2475
5915
297
1149
7741
834
7143
9675
878
5527
8868
2613
1053
9660
9451
8763
9689
1204
4178
566
2895
7259
7549
175
1915
9631
8991
7444
3512
9290
4159
131
8742
8899
1034
4666
3688
3094
8890
9018
1953
3814
1226
1928
2763
4078
6517
4362
2157
7053
7361
8780
2423
1113
7896
9468
5832
2221
491
