9020
1649
7730
1005
1453
3761
6618
410
8796
7830
6321
9013
4436
3047
8143
8648
8835
9079
5751
5525
4563
9509
7039
5361
5420
4366
6805
450
5809
3962
8039
6474
4071
9235
5206
5857
223
4500
7578
9870
2036
2196
6299
4393
9028
2931
1346
3101
7867
4190
9389
7547
6270
3806
9587
7967
9143
4373
403
143
4353
1236
3062
6630
3647
2487
5513
1830
1693
7606
1215
1008
7148
4499
7930
3048
3617
8536
6983
6685
9251
3110
364
7566
8553
1991
4118
9465
1160
724
2711
6861
6965
1316
4790
8557
5329
8709
5012
9230
4247
8061
6744
8157
6497
6548
4240
5626
5895
3390
5558
1586
9520
8121
7504
9456
1878
9737
651
3241
6261
2991
9992
6864
4181
969
679
8945
3149
6349
4427
3262
1573
9012
6036
272
5632
5103
7852
6096
3422
357
6435
8659
2243
4288
4179
9570
6026
1928
584
7281
294
4967
1756
4199
7739
3172
4261
683
383
2527
31
5786
7512
7478
5960
1806
6082
5971
2900
547
6675
4787
5899
9560
9677
5411
2323
3486
3135
4007
1568
9782
8494
334
6218
1028
9512
1663
2688
8335
3956
7328
9727
9057
5838
8683
9156
7168
7361
7466
3687
6310
8263
7240
4906
8683
1223
9256
1848
338
745
1823
2289
9710
3992
5978
8638
7572
9613
2839
5923
7493
2395
3583
2781
4834
6802
8676
8804
7879
6353
3498
4486
3227
7530
308
1002
1407
2595
2873
331
4031
5668
183
8963
5229
1438
2650
7543
5188
7667
1612
1593
3999
8545
8715
5999
213
8539
6662
231
625
2753
3369
6587
546
3914
9186
7844
5827
220
1932
2257
2050
550
1988
1752
1314
236
2806
3827
9618
9021
1945
6738
711
1598
1508
8839
4654
3161
8777
3348
2766
1870
8049
2818
6467
5700
3191
7815
5550
3697
150
6445
9553
2301
8734
6046
9415
301
5238
6159
3651
4628
8184
1497
484
3380
2527
4459
6
6686
2087
3511
5586
6155
4221
1405
3330
181
6833
8562
3303
6134
1159
7784
4234
8995
6854
9434
2634
2667
3721
5086
1034
6427
7413
6577
9842
787
533
9106
9618
9933
4774
7967
3409
1437
51
9954
3347
4982
4439
1053
924
4643
5709
3984
6470
729
5924
6196
2949
1057
7759
1300
4526
6924
5748
6
6225
4057
6224
4368
3130
4323
8633
7542
9945
5545
2419
5621
9414
8691
5413
5231
6441
3451
7141
3977
7069
7413
5373
641
3954
3534
960
8914
2563
6338
913
6088
8565
1190
1966
5602
1345
3892
1498
4431
5760
3789
7451
9573
4955
4243
9870
6165
3855
8758
7954
1905
306
3646
3063
5323
4066
9366
5237
327
7961
282
4022
6301
6701
9795
2522
2714
7857
135
3483
8965
6647
4689
8322
5036
6685
29
3332
4072
7921
1465
3055
1682
9301
8414
9699
4421
5244
1743
5819
766
6826
4514
8708
6573
967
5585
2852
3455
3947
3561
2663
2415
6291
6791
5802
9648
2735
1095
1791
4323
5312
58
8344
5561
1950
4547
7780
8330
88
8843
6251
2330
6327
4387
9961
8075
5346
2538
6904
4823
5963
2822
7222
920
6154
2566
2399
1900
3188
223
593
821
9191
7695
8592
2769
2348
2417
8469
9174
5462
3435
527
8296
1097
4030
6647
231
2395
6541
822
3312
7061
5309
1210
714
6491
2329
1908
3456
8583
1696
513
6695
7006
9462
3292
6317
6439
2890
4071
186
3486
3924
8396
5258
3247
2321
572
2992
2238
1726
5056
4842
4601
2659
1519
8141
9846
4222
5650
1901
3483
7598
1326
3124
675
5901
4970
4130
5834
2443
1028
1266
9048
2409
959
8200
4674
2260
7642
6077
1237
8748
7216
1458
3975
1966
1643
5719
2007
1558
1019
7782
3247
5731
5228
8635
6265
1459
4913
8348
1589
9609
2769
6834
4127
3113
6766
9231
898
9283
7161
2736
7899
3115
2754
5554
4936
9247
5063
4573
5938
7818
394
4166
638
4804
9840
3870
8723
2380
1919
4700
4074
4100
9910
3005
3930
8325
7715
5503
9275
5577
1116
2054
7391
2794
1137
1435
5439
6534
664
8169
5837
584
4949
9981
880
2828
1068
4242
1342
1102
3712
5879
4396
6238
5555
5485
9294
552
3870
291
1919
6491
8953
6855
2774
1180
6177
8070
4807
5952
8867
5587
1010
4704
980
1130
6542
8036
5530
139
8196
2681
1895
8660
2398
9584
2697
8382
3553
2668
9641
3268
884
8210
3934
5918
3262
8788
2862
4446
3342
1601
7133
6086
7196
2829
56
8556
2466
5665
6021
8687
4990
9878
5381
274
7302
5957
8309
4231
8818
1127
7326
1840
2256
8601
9709
8105
9724
9789
2082
857
241
6353
9334
1636
5136
8833
1689
9326
5764
3528
6545
7318
210
784
8379
4840
4926
4211
39
2344
6182
9823
4097
598
417
6149
7980
4476
1436
4103
9192
5946
8979
9093
5582
2317
8659
4433
6152
7839
8523
8764
7203
1473
6326
5094
7438
5403
3300
847
9073
8877
629
9102
2155
3931
9109
5743
5802
4989
68
5918
4156
3376
3652
4732
3268
8102
5283
1295
8743
44
7671
9146
7078
9928
9171
9771
8782
5453
2771
2288
380
8903
9309
2259
1275
5227
36
8880
1888
6839
1211
9364
2911
1071
4357
2061
1716
6680
7400
8989
6858
949
6468
5555
3309
6380
7853
3355
1562
1859
1910
8481
6941
1268
3511
5092
7674
5504
2990
1228
3632
6316
3188
1107
6080
4330
6147
1730
9640
1326
3316
3692
7425
4074
567
93
1826
5450
9744
215
8788
3631
9432
6016
3530
7535
6580
3463
2103
8631
8283
3580
8890
8120
743
9073
8414
5695
7580
8392
1459
5883
1543
4813
9812
5261
2533
6374
3765
6036
199
5494
9948
3106
1405
3132
6570
8484
1875
229
592
1801
1204
9619
4816
8202
6528
5965
8159
9761
3353
4042
655
3985
5441
6625
8029
5254
3026
4450
7731
4353
4165
6890
4470
2450
8714
9500
9851
7840
6159
9676
9674
3092
6672
8143
6692
8234
9617
4721
5634
3160
1780
7052
4595
6454
5866
3065
471
9826
6762
9991
3556
8473
5189
6608
8437
5747
5579
9988
7361
2479
5626
4435
2688
7964
2785
498
3327
9420
8086
4010
9592
6830
2182
2452
2720
9263
4167
4368
9031
7582
8819
1770
5574
9470
499
611
592
1668
3574
4768
9362
7799
8439
6787
6868
9173
9286
9334
7692
48
4439
7775
9625
7192
8134
5762
2515
706
6856
554
2031
4802
5209
2402
7910
1402
870
2844
3152
4883
2525
822
8758
7966
3066
1383
8366
8259
690
2061
7797
5520
8773
624
1663
4294
6948
2312
4625
3351
125
7308
168
2714
7460
7319
3006
6814
758
5172
347
4887
3749
9730
3297
2909
3627
9183
6480
5161
8575
6613
5969
3723
9539
939
7363
4682
2420
111
7895
2047
2870
6568
8446
2818
9899
7057
12
3243
5874
5396
3339
6745
2762
3749
724
1773
9470
9140
9465
5210
6440
4095
9447
220
5708
4018
8193
5997
3752
9209
8237
3559
1651
8995
56
9960
425
5126
8006
9411
1527
9463
2871
2905
3312
5508
9765
3639
744
6363
1726
5841
2082
1067
3557
9332
6528
8249
2876
973
6731
8357
1663
147
8400
2228
4633
9710
9736
8114
4894
2428
1569
3844
3551
8018
4563
2848
9326
1020
7613
7503
430
2772
7854
2376
5693
3994
3781
236
1625
55
1066
8655
9053
2128
7401
957
8484
907
5144
6695
1638
7330
1286
4697
2190
3752
1178
9925
344
108
240
487
1912
636
4782
8954
8724
5150
5785
3461
3245
3937
3664
2917
1372
7039
8194
4431
9193
4592
1249
6712
4266
8144
7718
4101
944
1350
6548
7635
8513
3254
5555
9936
5999
9933
9232
7676
6775
1001
8154
1737
6351
3132
8070
5701
4005
9875
1980
7873
6414
202
8859
7497
5451
1797
8668
5163
8683
8929
9444
878
191
4002
2718
2707
5303
1594
9265
5675
8861
1061
3638
6691
9786
9548
6166
6456
4715
3084
2309
9167
1751
295
8708
6598
9619
7267
3329
459
1416
7045
9621
9809
2819
1192
9539
1195
9836
6268
8799
962
152
1625
1371
6362
3492
924
2867
2260
8065
7632
920
1106
7471
8301
5490
6985
5038
3360
3737
5741
4084
5311
4192
5369
7524
4040
752
1003
2934
5989
2533
3771
5315
2899
9394
9927
4331
8843
8333
7340
8198
2271
1527
8343
6967
5313
7762
5936
5193
5386
8364
6413
2445
954
9282
349
3593
6292
4660
6888
5092
7900
2848
4770
6848
9116
7146
6708
3442
4306
6354
1183
8096
3846
5021
7820
1901
4134
276
4292
1897
1544
5450
2940
5310
4257
5624
2085
7186
1854
7895
4137
1763
1429
644
1354
229
6646
5402
4464
6961
9026
6560
9681
5099
5814
1113
2303
581
5540
5825
7400
6100
8199
9047
2755
7363
3785
6769
7040
2510
6383
9627
3984
7493
686
2390
782
6136
845
3018
3548
6692
1110
6482
5447
3407
7310
300
4232
9365
5467
5353
5363
429
6964
566
7377
7092
4313
2313
3312
1411
3488
8631
2370
9267
4495
543
5653
5330
5144
3286
2448
9409
6473
9540
3248
6520
9832
3861
2192
2633
171
3343
9193
7342
5419
3026
8679
3724
9791
3744
3964
1748
1609
8732
5910
7777
9059
4416
7241
1089
976
3347
754
8746
9896
6594
6696
7232
1897
9439
3434
8433
6038
5693
9958
4780
5957
314
7195
9763
5858
556
4626
2605
1334
1343
120
9482
324
9672
9065
4821
1500
4293
8278
8329
7055
6540
2723
3310
1307
4639
103
6382
4224
7068
671
77
5619
2808
9589
1536
5292
5815
3480
5120
6006
7400
2262
2915
4248
8269
991
2975
933
1171
7919
1734
2023
1542
7303
4409
4817
7286
1516
1747
7780
8633
4320
8208
4050
6424
4492
1090
5104
3078
6028
9651
7494
2212
5882
3132
4686
185
6658
3375
6591
9994
941
5255
6254
5537
6311
3659
8646
2642
3817
7076
7330
8440
6243
398
3017
6462
8496
6097
8144
4842
6494
7474
3176
8115
9449
8823
4417
9274
5181
8683
7618
3586
9742
8535
9873
8913
9201
990
7903
431
2521
3142
1345
9024
5796
1791
8725
7514
9528
3782
2694
765
6089
5153
8591
7399
7773
8130
1702
7239
8264
9808
97
3924
8285
8562
9199
188
3139
53
4769
8821
1410
70
4955
4488
8123
576
8363
8686
5116
8597
7061
8502
9995
5023
9720
8852
118
4473
8918
3810
2089
2744
5168
4894
8940
2026
8136
4356
5154
9033
9832
1400
601
7277
198
6386
6307
1925
4188
3814
7958
5519
81
3737
208
8854
5181
8247
7409
6838
1464
7690
3610
9041
7213
5733
4901
5807
9494
1923
8975
4496
8454
3168
8362
5131
4808
8583
3106
3381
6015
9129
8059
8160
290
8139
6525
7118
3797
9285
7745
5396
7151
2660
7380
9209
294
3853
3763
3156
9663
3591
4133
1765
6104
7455
2605
5456
1926
8761
9339
1407
3910
1186
9488
4591
4167
707
800
4599
3680
6902
979
5763
6956
4426
1535
235
3640
8871
346
6989
3714
6637
7586
6765
7140
1856
6128
1120
7283
5804
9268
2528
7700
5327
4218
3238
973
700
4591
7374
6178
519
1609
3323
8848
5291
7964
7636
3246
6027
1185
9395
3861
1696
3954
6493
982
3995
4192
1300
3634
4839
9455
894
1946
7145
4319
5971
7640
9267
9508
4042
1828
9652
6004
2536
887
3752
2739
9532
9919
788
3576
7167
1013
733
6177
2008
8561
3735
5286
8990
7908
7648
8291
7787
5636
7577
5920
2864
6114
1040
517
1488
4349
3664
4258
4155
562
6654
7547
5758
9199
7597
7308
8866
8601
2749
1621
3729
4591
9386
1621
5775
371
1253
81
2859
7852
3077
8929
3569
2822
4455
1863
6482
9814
8090
3212
7483
1818
2619
5054
3742
7218
9818
7789
2604
3171
8603
2280
9269
1173
9846
3316
423
4906
1349
8710
3064
8161
1082
602
7258
1659
1497
7553
9153
5938
3534
8854
9978
8327
6431
3701
3094
3177
1156
4508
2745
4655
3565
5170
7223
9320
2330
8657
5248
6572
2337
3800
1753
378
5224
3302
9691
4878
6159
274
1786
2868
6401
5658
6641
3370
6792
6982
5955
4038
2507
6147
9429
7079
9472
8407
5652
248
7039
1709
2129
4520
5883
99
5460
5735
5853
4007
3028
656
9728
612
5832
7273
97
4271
3080
6522
9787
3698
7570
5892
7138
9456
7013
7883
466
5882
4379
9298
7488
7577
5716
24
5556
4107
4009
8421
7693
4847
9665
4378
8978
4228
5249
5266
2247
9814
4120
2723
2038
6914
3186
3295
6540
9507
70
7154
5660
2892
3547
169
5616
1365
8439
7284
3668
2370
978
4193
6992
648
9824
4962
9077
9831
3880
2864
4538
2719
3493
6570
8492
4968
2015
7374
2512
2648
1985
1810
5389
9842
8666
9163
8883
3696
8485
7765
1036
8577
7410
3432
2148
7494
6335
9710
5176
3008
9160
540
4335
3900
1163
4797
1496
7465
1199
6148
5693
8748
2696
1785
3887
9007
3993
8665
3739
4172
7977
6226
5266
6002
9632
3120
3805
9382
6333
3626
2451
4022
8783
5818
9425
1396
2230
8177
1891
7547
4738
8861
9312
4047
3772
8511
2374
4105
2408
9583
9487
7162
5200
7681
3547
1406
8723
6915
3697
3237
4904
5683
2158
2492
4785
4197
3020
1340
886
3689
4499
9156
1355
4622
8300
641
2629
5459
9085
6596
5211
8306
112
267
710
3923
9215
8458
1436
3068
4030
9917
7718
6959
3482
5019
4237
208
2900
4069
8034
4080
9886
8992
1557
883
4130
4987
4603
7235
789
4299
6821
8405
6996
3028
7475
1527
1248
2123
5434
1531
2956
4108
7713
8318
9887
1263
5793
8384
1321
3561
2876
4983
9988
7125
980
400
3503
2549
5235
7080
4904
1979
9411
5768
186
4076
165
4670
694
8877
9643
8383
5331
6010
7662
1540
5945
5585
2335
7529
1214
1427
1908
6817
7876
4970
7675
691
2696
3029
7741
4500
2608
6336
7174
3797
3130
4339
7963
8884
4780
7337
508
4144
1145
847
9884
1076
4984
9783
6799
3818
3653
2150
6057
8495
5617
4008
6757
9312
2
670
6535
8133
6729
381
4209
1467
5964
4455
4938
2828
6879
8446
8605
6799
3988
3841
2928
7668
3047
2982
8365
6186
8457
9208
480
5854
7862
2362
3669
2718
6986
8316
1181
6663
105
4801
456
9352
4944
7740
784
6751
2060
5499
2254
3470
4526
5662
8551
5186
1520
3114
9154
1569
7640
4533
5159
7195
5623
7446
6969
7762
8349
9197
8987
7051
8235
8207
3895
3282
7746
2602
8032
18
6921
1139
5144
6223
346
4930
6189
6741
7134
7149
1290
8746
5148
8846
1833
2484
507
2736
6571
2050
5350
3473
6525
7656
8659
5957
9738
3281
2838
8941
1799
2193
8171
6268
4626
7082
8710
6945
5624
8755
656
7150
287
3125
4713
6922
6468
9656
5985
8513
7258
3251
2582
7264
9211
9752
8363
1518
1128
1225
6807
5071
1244
8447
5998
6455
3529
2456
8293
556
7142
8996
8186
9249
4577
4301
326
56
1747
2494
5454
9910
5063
4096
404
8594
4556
758
3669
4841
2646
5880
8413
1207
2997
7464
936
2394
7878
9341
4389
1242
6738
9468
650
1624
6608
880
6891
3953
5080
2945
995
8923
1003
6346
5963
2574
8235
6376
6574
5926
5841
879
7939
9313
5294
5225
6587
4124
6061
7852
432
1279
7208
9020
4823
130
4311
9674
3018
3845
2976
1349
5756
552
4522
434
2040
9337
9072
5533
9395
4314
2830
1105
6436
4769
8813
2388
8442
6716
8069
8116
6675
1920
7469
819
8865
5039
2570
568
4494
4505
6190
4274
1287
5006
2200
7249
3912
5960
3176
9456
1625
2198
1394
3597
1339
144
6082
9631
8057
6554
5675
6663
2582
4755
3014
7442
7827
8075
3981
5749
3049
5905
2797
1828
4244
7777
8252
6102
2445
6381
1163
5153
6664
2949
6572
5335
9820
4530
8140
3424
6987
3252
5352
1928
5297
350
1995
2938
7315
1066
7529
3047
3724
3214
2063
9934
2797
7285
6628
5393
4206
561
3526
1440
7110
3775
9011
7576
9098
7080
3457
831
7153
653
3644
8159
1830
3958
2390
7237
6126
3316
216
8378
3286
4078
4648
4741
5576
2544
3323
991
5143
4809
7508
7791
8838
3283
9802
4480
1302
1852
7768
3677
7810
6565
7430
618
3651
2199
8518
5952
9640
5339
5592
9114
5163
4422
5189
5658
5569
8913
3946
6294
4948
2425
1543
488
1037
6835
9987
9353
1057
1100
4081
8080
8376
1075
1893
676
8668
9453
7066
9377
7429
9733
9943
3419
166
447
9638
2111
9728
2794
1012
1591
815
186
195
1570
812
501
7067
9871
7125
9880
438
2252
1084
2576
7054
6454
4034
9408
8217
1604
2193
6315
1692
8405
5817
4477
6556
5258
351
6047
4894
2442
7642
471
6665
369
2146
3357
2495
1489
7837
4350
7832
3409
2092
2828
3084
4448
7410
4744
8951
431
5002
5419
7431
23
1480
4851
7908
7600
93
6136
5013
8429
7127
2904
2639
4660
8935
4647
4599
3497
1596
2963
9073
807
2930
1375
1528
7682
7987
7272
3543
1061
4465
2864
3799
5503
9990
9142
1171
8114
2933
1815
5765
6200
6460
4220
3023
8636
2370
1964
6160
6943
2237
8198
6708
2623
965
5822
3211
1201
9122
6166
7290
3749
4350
9911
6471
5376
4022
3019
8831
1559
6170
2951
1093
1272
5342
1388
5446
7851
7644
9018
1655
7850
4727
9094
883
6871
710
5659
7319
8829
2322
4040
4800
3665
3552
3821
1889
2800
8446
9270
7123
8606
3624
2738
2733
5729
4766
303
4645
2563
8695
8623
4918
1226
4132
3236
442
6681
3085
4593
8232
935
2831
9538
9406
9442
8689
7634
297
3533
1092
2461
4750
1172
5628
8278
2922
6265
7778
4062
1040
5956
3335
1079
2795
3539
7579
2214
7128
5934
9245
4848
9286
2963
4999
6704
2400
9204
8541
7393
2013
8976
7417
5338
1909
6475
3969
3491
4450
1271
8847
8894
4265
8108
7993
6697
800
2308
5250
7037
7775
840
3379
6808
628
7561
7661
5087
4977
8444
608
9096
1910
944
2506
6131
9316
7875
3039
5712
5684
358
3624
6511
3980
7493
1783
1647
8431
9921
5950
7021
6426
803
3235
2215
5572
3299
4039
8730
1067
7454
2100
2574
3397
3163
3299
5498
7527
3377
174
9363
335
1355
2065
9431
3562
3483
1760
1595
7574
395
9620
9700
6031
6304
9112
2703
4729
1732
91
2224
7571
4863
9395
6694
5352
4503
4481
1210
1509
1464
2722
3249
9542
5558
1940
1078
54
52
1739
268
9476
5601
9677
5234
2157
4487
6350
3471
2869
2572
4194
1388
7629
1232
4571
7245
6475
3698
7204
4570
3926
9295
5871
3399
289
9876
2538
3089
100
6814
6484
2123
1656
1797
2297
822
3688
3844
5250
712
1409
7267
8461
8433
4967
7164
5082
3546
1004
9445
8860
3554
3178
3548
6699
59
4034
6231
1929
6896
8464
4431
2626
3616
3941
4598
3944
1700
8130
4019
9190
9433
7366
5943
1386
2266
9686
9897
2684
9824
5521
6758
953
794
8563
9879
4751
9137
5860
3602
4922
367
8360
1013
4436
3839
7047
6333
9014
7403
7066
7815
750
4528
8954
7434
5773
4839
8313
1818
738
5334
3969
1856
6938
2011
9114
4033
9907
1540
5996
8906
6737
2948
8546
6057
515
7982
5535
3959
4128
9353
8876
2039
4427
9068
7132
5909
3847
5816
4195
6880
2861
7647
9562
9069
3994
4541
5897
5229
7287
9557
6013
4778
470
5371
2218
645
9570
4357
5453
8822
964
6875
8953
5816
1554
1107
6961
3177
233
7463
9572
5280
3117
6261
5427
526
8413
8918
2219
6956
8941
6383
4252
8768
6094
2549
6921
6239
2368
3723
2638
3324
3656
1377
7181
6659
3960
6119
684
7584
2101
9496
8505
2373
9135
2564
7387
7834
1777
5858
399
1700
9407
109
153
1018
4847
5264
434
7083
1192
94
8344
8859
3652
5795
9239
5089
7672
3773
6417
6517
935
5675
6723
4753
6266
6937
8640
7083
2330
2050
3853
9841
3316
2918
5159
771
901
6126
3994
4372
5466
6955
3455
9650
2299
5364
8835
3840
2772
1355
3836
2820
4557
6681
3410
6405
4090
632
9245
565
1878
6622
4166
4642
1597
22
5189
5534
8988
5340
4669
5094
8566
3432
3116
3104
7215
6820
8010
874
3798
9430
7551
5904
7111
7402
413
1462
9790
7958
3754
1813
9982
9061
306
3490
6579
6962
7011
1161
338
2321
5569
5245
4529
4795
16
231
1657
9433
6218
4884
2633
3662
5390
6777
5120
9931
1304
6000
9136
3240
9487
8960
9997
1477
9153
5740
6771
8224
9361
1485
4039
1357
1029
8782
7464
3425
7521
2676
4491
8712
8553
6198
7185
1957
5960
4584
7764
9957
1534
6960
1160
4920
4028
1406
3998
7066
2359
549
8367
554
7455
8302
1989
5217
646
5703
356
4685
955
6056
7914
862
5414
2765
7817
997
3192
9172
653
5707
6855
5362
4674
7595
5382
8465
47
8687
3491
2309
7015
186
4836
2496
1916
3306
5695
8459
814
2680
299
6241
7369
3591
7571
516
2219
9122
8088
7815
7472
2875
5500
2452
26
8036
2500
2409
4684
7874
2034
9253
3145
9005
769
3412
8158
3586
1736
6986
4062
3584
8394
3534
1283
2982
5341
4082
3278
681
2700
6387
6718
1087
2797
4337
1157
2310
9471
9257
7763
8701
2914
6495
154
1463
2824
1465
7372
5884
5176
1560
8695
432
9557
9781
4081
2979
4740
8705
5916
3620
4471
3614
6303
7941
9038
9041
4988
36
3760
1350
8828
1522
8705
8043
1464
420
9237
6917
8875
6310
8700
7943
1763
8083
4683
4977
7959
2519
9326
932
6402
3239
3325
2431
3749
4013
9799
5717
1621
1843
3928
3437
16
7381
8382
9034
6200
2169
3305
8713
6191
4131
3238
1375
3458
3380
4193
8880
2666
9524
3203
8914
6964
264
9677
9680
1668
2831
1579
7857
5029
806
7162
2136
8418
5976
2979
6930
5830
8798
2804
8409
74
1341
9865
1324
1700
9647
1642
1615
8785
4626
277
486
5472
3485
1467
6581
2496
3407
9389
8164
5639
2882
2115
6809
7623
2192
4637
7670
4733
6059
9355
4742
1708
9940
5104
4011
2592
9559
1488
4544
2720
164
5179
3938
1503
9895
4764
3356
9019
1923
6511
3180
5492
5012
5717
7484
8146
9866
8327
9229
6423
673
1744
9038
1064
332
1392
2534
9194
5517
189
3290
3575
4172
2543
6071
4302
4639
2895
8814
8903
6528
8282
4307
7382
7986
5318
2110
199
4635
3854
6439
31
2626
9744
7597
8030
3746
3604
3175
7801
3637
7730
7861
8078
5468
82
8773
6623
2130
7497
8838
6087
9145
7035
8097
2398
4367
6934
1855
7513
4568
9949
7398
9838
2673
3430
3840
5591
4716
9685
5642
6156
3159
8293
177
8981
9481
1550
707
1485
7553
2902
6153
1939
6210
8922
3943
366
9599
3518
6330
6596
399
6581
5391
1338
2225
3550
4832
1540
4987
4158
4243
3414
1568
6610
1360
5679
6765
7242
3865
2199
3716
9782
7922
8033
9587
4542
15
3446
5527
4085
3672
1784
2470
9851
3972
9843
8954
2643
8087
4336
3223
1567
3999
6262
5126
8215
5354
7291
8587
4871
9475
5827
3528
9481
4128
3427
4266
6200
7112
3133
2906
3420
6317
9466
4672
9345
1741
372
6878
7223
3243
6478
4582
138
3515
1497
1441
7463
218
6380
5198
3245
3454
3081
494
5004
3768
7226
8381
1580
9185
2559
5253
1002
5881
4881
8773
3328
2936
580
7975
7539
7753
2528
322
5377
4381
8981
2713
7349
2570
6153
3262
2650
3352
3220
4835
6358
764
5659
8435
5102
2835
1637
8537
2666
7394
3903
994
6887
9306
7629
5115
8402
6884
5152
3028
8637
6240
9481
4172
9200
233
4108
5970
2780
8536
3815
1294
988
8765
6021
9440
2039
1339
7502
5926
1475
8968
6890
5299
5348
8298
7034
3873
3915
895
6397
4536
4030
3145
2890
6865
7325
2263
7089
1309
7879
7616
9189
4655
8539
7245
6199
7664
3982
6135
457
6731
3920
1335
130
4195
6888
2032
5437
6725
6942
6007
7984
496
1886
326
2900
1973
1440
8751
7462
2941
6262
7584
4790
7520
5481
3835
7329
385
5989
678
7296
6242
2750
7557
8825
6239
7317
1500
3275
9292
5646
9403
4747
4513
2160
5910
5743
2623
4568
9038
2853
2969
7620
3305
8654
9974
884
7439
9447
9834
2496
1249
9638
9245
374
521
2942
2129
6665
4216
3463
6308
1604
5354
8175
3630
134
3070
6964
4591
3969
8679
3840
9418
7807
8209
4578
6257
2562
9177
3441
8900
5399
3298
9055
2276
4140
6874
921
1682
9509
2355
2633
9133
2895
1189
4614
4453
1044
3430
4909
3987
1776
8489
9388
4005
7233
3258
6101
6489
4947
7774
6987
8348
5666
7344
1457
638
6948
380
9922
5729
1859
4828
7812
2994
1366
9659
464
6948
688
7752
3264
3821
5502
4442
9230
3046
3069
766
44
9064
6248
5944
546
1629
2361
5717
7769
8394
9728
1157
7110
2062
8615
8845
1481
4170
184
1141
5716
3065
7045
6807
6646
5985
4013
7040
4484
6565
6060
5431
8785
1281
6259
9638
5185
6974
8365
1448
4876
7809
2926
5913
609
1537
3915
3271
2075
5853
5000
7479
6574
8845
2109
7991
9476
528
2357
2552
6804
5798
2246
7632
1565
9037
869
3033
1522
8147
5093
9596
767
8091
9351
8816
2028
7735
9390
8851
205
9260
6978
7260
4822
5037
7328
5745
7333
8754
7818
7974
7358
7812
2444
7079
3465
4272
4047
4799
1587
9312
5994
3374
9941
4157
9699
4930
6569
6218
4816
253
7723
8091
8424
639
2111
4860
6679
3036
6345
9957
2744
1518
1167
8585
7135
8688
8672
5645
207
9042
3323
2233
124
556
3039
9372
2605
6386
3109
2637
8243
5980
8276
920
4964
9251
4657
3443
2257
6640
2461
394
8591
2076
1270
9988
207
8859
393
4862
2463
1756
4896
3926
3428
514
4615
7824
5779
617
5032
6207
6940
667
5441
77
6145
2534
5458
1814
7492
9750
6605
9550
5162
1622
7743
7864
7012
3984
7650
1004
9168
1946
570
5053
9586
1025
4581
6883
107
4982
9964
2552
3588
512
5516
9489
6256
2283
9065
2506
3985
3203
2888
1835
1573
4443
3897
3514
4458
877
1908
4164
7941
5619
65
3518
6989
7229
5205
6645
4822
305
8176
368
5420
1584
1567
9072
1487
9949
9133
283
1707
3953
3255
1874
1391
8789
4151
8370
8056
7913
8473
8666
8467
5512
5305
2470
5780
9344
8090
9158
1968
5037
9365
5332
3890
771
41
2752
4637
1110
7450
6055
9147
4841
8302
7328
5271
9594
4407
5749
443
1763
2986
854
2797
515
6406
5606
3685
4110
6658
6109
361
2510
7546
4657
5114
4849
3884
4641
4085
567
3149
3773
6842
3187
8767
1649
2507
5150
7206
527
4775
590
9524
9108
5496
9260
1375
2193
2421
8664
8676
6800
1429
6725
8566
6284
4070
8526
5064
982
9803
8305
2822
8989
8744
664
4772
1684
72
5403
2539
8557
657
1839
5372
5786
4954
6577
5061
5652
801
9732
6373
4589
4621
9651
4137
7667
5851
4279
8348
8092
1979
5576
8233
2994
6413
8851
7825
4219
2675
2629
5601
293
5467
5405
3743
4557
8225
929
233
5034
5247
2083
2357
4186
4117
7065
8998
759
6995
1157
4475
840
9401
2335
190
1778
38
6567
8489
3129
2455
5824
3299
4695
5549
2982
2079
9134
9680
3144
1067
4289
7512
7037
6862
8933
3532
5883
431
8178
195
8548
6177
5009
8820
6392
495
2154
2265
9771
8901
7040
1206
2210
8773
7867
8114
5944
9385
1602
3700
5631
855
3358
4057
253
8643
3186
4570
58
2978
2420
6430
4173
7259
4387
7229
1831
7487
2715
8307
4778
5697
268
2811
881
4175
7235
1943
9420
2819
8456
4344
1799
33
3895
4198
6392
1438
2576
518
2693
4444
2562
6310
9682
2950
5479
2013
9641
5424
354
4164
6692
7790
523
299
6729
4046
4669
6130
2243
132
7320
7475
7543
10
3132
4108
6235
6159
8822
5774
4078
7679
4533
9329
4675
3874
6362
4473
9206
9006
3210
5297
7486
4563
6801
9943
3344
4868
2517
1367
8388
4042
5550
3031
5606
9412
290
4329
5921
6585
1407
210
5432
971
8371
6015
9896
1237
9506
8110
8334
6519
7596
1341
3477
485
309
7897
9353
3125
4905
288
583
6632
5840
9741
4594
6123
5821
8950
3387
4434
4292
6982
6473
4224
4285
646
4674
4623
5059
2379
973
1278
4510
6508
5096
3813
2955
696
2671
2129
355
3500
3294
6743
6895
510
4023
2811
8512
6161
6938
1607
7933
4605
8131
88
966
2110
9302
994
2276
4350
3980
3757
6973
1294
6069
1734
4161
9890
5582
3190
8095
8935
5801
2662
12
9218
1444
8764
664
4700
4681
2398
7412
379
1747
2947
6948
3758
81
5237
401
2698
8982
3630
8523
437
2230
2229
2569
6311
2989
2371
7273
7892
2002
9376
2884
9219
5013
5215
6893
6428
5580
7039
4776
1247
9741
5523
1557
6138
372
4565
8200
6422
634
9322
959
3702
808
6060
8202
6924
2514
7354
1439
5469
8197
5877
842
7988
9724
134
8431
7903
6635
2049
2761
8101
8527
1188
483
7654
1656
6553
6111
2222
6283
3286
8495
3491
5691
8073
2149
4435
7820
464
2764
4533
4461
1202
5880
7702
1254
6503
3623
4971
8520
9831
8033
7009
9230
9204
4114
2339
8016
4199
2801
1865
4133
557
1732
526
5758
7105
3004
8976
1642
3886
9954
2494
1888
7926
9955
3010
3384
8500
4493
6363
501
9823
5755
5461
3801
1440
8914
4482
8462
5121
8075
4527
7567
5122
9553
1608
2342
9380
5590
2033
8352
4715
5394
6359
2859
2825
3412
7871
8868
1141
6865
8153
2230
9395
7904
4978
2622
418
7881
6700
1676
8350
4380
1228
609
3307
9835
1789
333
8930
617
8210
2582
3784
6478
9013
4091
9155
6667
5419
220
2578
8625
6214
2741
6307
7667
9318
3831
9928
1397
4860
9096
1018
9390
556
4239
9139
3336
7540
3105
7839
8761
3995
7878
8550
4604
9030
3708
1920
7533
7906
8093
8808
539
6367
8407
7242
6512
5863
968
2729
3487
118
4105
3149
7200
1747
6507
5156
3211
144
574
334
8292
4346
6153
3961
2594
1715
4267
21
2304
6000
7517
3663
7282
6198
3342
6311
6825
9442
9182
3464
6380
4133
4860
7663
2682
2222
7741
3105
4070
2187
559
4624
1857
5780
2437
5776
778
1071
878
1392
6710
822
3305
4892
3131
899
8267
3315
6154
6176
2927
9185
7830
1410
1592
7911
1857
7718
2647
8495
7149
2690
4308
9594
3139
9883
6237
7696
4173
2949
9453
5008
5402
16
4881
9211
4194
4447
8661
1461
1254
1348
112
6158
3048
8475
6527
9916
1197
9550
4908
8724
4509
3751
9553
6652
4771
2806
7632
8300
8328
4430
7971
2727
5976
5552
812
828
3199
2728
9275
93
5828
8347
8778
35
9406
8098
5115
5820
4505
219
5530
6122
951
5828
6153
3260
6121
9934
4725
1775
6762
6475
4192
4323
5252
3981
3818
6282
6597
395
4202
8971
5414
2679
790
3390
9438
5604
9887
6776
1912
4565
501
1914
705
3529
4518
5296
7075
7048
6898
9536
9727
162
2145
2864
8533
3661
4416
6449
3712
192
8636
6546
7612
9690
3797
1875
2403
218
856
1805
9604
8266
6943
1435
8166
8383
8204
2184
6439
1406
6263
4567
3497
6235
1403
9108
8955
1288
4534
2237
1876
8675
1422
5540
4141
5774
4978
9314
6762
1680
8562
1847
3753
6049
3854
6589
9238
9533
2455
5010
7353
896
688
1898
5715
1870
4619
7251
1453
6467
1341
4802
9934
3318
321
7781
5064
149
6217
9838
2806
8720
7897
853
9934
4082
6061
6906
7716
4073
8997
8504
7899
5204
9237
3956
9698
7633
3610
3930
4682
4512
8395
7381
4582
8660
4962
5331
174
3250
3139
2132
5157
4388
7171
500
1993
7903
1704
4157
9124
477
9452
7580
7636
9286
787
9913
4290
3756
1615
2258
5968
2035
4911
3705
6646
4365
1940
5039
5641
5722
8237
701
3296
3240
4277
5096
2224
296
1919
8748
8591
6502
3912
9824
5661
3040
2386
6214
8416
7103
9350
7529
7943
7083
7094
6463
2288
9152
4997
4143
3636
6103
7310
5037
8280
2216
8104
9046
7262
2605
4545
8091
6664
9612
4470
8887
6691
1187
3457
3774
2793
4859
1991
9025
1313
1515
1270
1342
8394
6121
5214
6126
8813
1754
8447
1102
5399
9710
225
7661
1118
2834
7388
412
1261
1354
6001
2229
246
5682
7086
7882
565
3102
8360
1351
1965
6385
7489
8944
3393
2381
3676
8698
352
5342
9015
9628
5111
1996
7063
6359
5492
2445
9740
541
222
2682
9809
6606
3674
2520
1377
9566
7688
4729
7890
1922
5805
9010
6522
8625
2258
62
7315
7795
5103
308
1530
7778
1499
4171
3931
5801
6675
8915
1368
6965
6832
3748
7689
9495
1394
3718
4753
5941
3336
2796
4531
1092
1588
6211
6812
9699
5355
5818
8255
26
4205
2463
3343
9232
9008
553
2710
3835
1379
6945
3929
8209
3283
2036
6195
1428
3783
3695
740
3604
1610
1619
1590
6345
6224
8712
8995
324
976
8605
2130
9051
7072
9499
1486
1833
1451
4338
3487
9203
6978
2312
5128
9390
7670
7553
817
2667
8623
9760
8339
3656
9045
2271
6128
8106
9682
663
8301
3245
8540
6962
3594
3019
6253
1873
2394
2587
6631
3041
9332
9390
706
3301
9014
6587
9450
7457
8784
9222
7954
8066
7654
7128
4506
8954
3265
6392
9688
3466
2420
807
9668
901
3968
5400
1245
594
7880
8680
2223
4206
7114
3410
5909
5299
1623
4494
513
7721
8617
1630
3800
2090
8436
1527
9594
4001
43
4402
5012
1063
5106
8904
5241
4875
6071
4801
7363
5822
5408
2141
1456
2219
9371
1886
7761
8264
8015
7699
4202
7918
4621
9383
7734
254
6040
8271
7239
3241
8627
286
7485
1618
2144
1792
9754
2710
3287
284
961
5529
2523
3670
3208
1662
5897
4170
4463
3636
5222
505
3128
3042
7060
1812
4063
9234
4484
2348
6604
6268
1224
6928
9432
5393
4060
3738
5905
2081
8456
6146
5465
2370
6670
6445
6656
9160
3207
662
7377
451
9193
5629
3845
7934
3105
6194
2091
2740
9561
196
356
813
7995
8833
7746
2710
4366
7296
8556
7729
7529
6455
1175
8476
1757
5428
332
3876
7964
5323
3501
5637
801
2522
5066
6102
7623
7057
8851
2818
3249
7700
9329
3010
7211
8614
216
4418
8791
7419
5777
1640
6202
9047
5304
9528
4343
9235
9410
1735
889
9169
2631
3522
9023
3484
5406
3785
4242
4804
1995
9219
9236
1194
9549
9699
9463
1650
3237
368
6302
7934
1917
1939
1306
9785
3690
9916
3924
5431
8989
7292
7271
3433
2174
4770
3184
8900
6178
8928
7839
276
3632
4519
828
4302
2421
6115
4117
2944
2797
3491
8524
2291
5084
8768
3607
7862
8575
850
9160
4704
6661
856
3229
5297
4506
6115
2364
6034
618
3825
4649
3384
7521
8820
1990
462
2569
9766
8762
6400
8486
8781
3041
7737
3010
7294
6434
5603
1162
6393
7705
3720
3688
3806
6987
133
1468
1107
3868
5914
5502
62
9610
279
875
9706
1913
9710
5137
7643
5121
3126
3881
1561
6164
7447
140
3447
399
325
9215
362
2980
3704
8124
5514
2231
6302
901
6899
9382
1139
5523
8656
263
6730
5316
4427
1645
1639
1800
8019
62
4238
6281
9556
3761
6073
7847
5283
7670
2284
1538
5886
8794
7686
201
8385
3816
9640
3424
1553
6001
1764
2152
9404
4212
3723
8241
442
8916
8958
6229
3992
6730
3786
5485
6935
9467
3250
2735
1249
774
6825
9069
3693
4590
9814
1256
6150
9804
1001
8149
1051
3356
8434
5251
1162
1559
7118
6479
3511
9850
6715
3541
7959
8197
9837
6094
1071
7285
518
8037
4578
3534
7303
6023
5196
102
6993
8081
4457
4264
6138
726
496
1892
447
5000
1349
4568
5904
3523
1491
4624
4720
3935
1499
5405
2517
8338
7079
2578
954
9950
412
774
8540
9740
1147
2225
5258
2399
9965
2158
746
7659
845
471
1042
7582
9045
3378
9210
1154
7247
524
5115
8728
6188
5522
2872
2952
863
2762
5890
1825
9050
170
6872
4815
2434
6562
1572
9937
2315
6077
999
1960
5582
9293
2890
7520
5155
9461
6655
2032
4116
1603
1575
3753
6148
3037
4446
385
5165
5837
9590
8007
7694
1276
2256
6955
5940
9084
5668
5197
9266
9805
6079
8727
7679
4241
8717
5347
5149
1444
8533
6126
6311
4158
5227
2491
3626
8088
3590
9821
9453
2845
3
9740
7799
5628
2274
5352
8869
6132
8910
7908
3720
7395
957
7822
9660
9193
3701
5093
2544
8686
8764
9168
9715
8807
3793
5553
7876
3856
9321
2547
9080
2348
8478
6537
5676
9837
1878
1624
7564
2966
1544
4112
9150
5917
6409
3884
788
3442
8770
781
8132
6144
6666
3372
8701
4139
1112
7244
3415
3285
1917
7768
1433
1492
3492
4848
3956
8185
2375
2513
3791
8552
6521
9486
5844
3723
9293
8181
2093
6562
1502
5898
450
7551
8337
1766
2823
707
1471
3721
6825
2781
547
4867
2443
5417
3314
2724
5223
2387
5125
246
7082
2581
9570
6228
2965
1865
7965
4080
1134
4150
2
7135
8321
4584
4191
1613
2654
3931
4322
8805
1347
8907
660
214
2166
4777
2685
2340
2336
8251
3925
9234
5568
7131
2674
4273
333
4708
48
6985
1494
7346
4386
591
2563
8068
8758
9869
8703
2596
9618
3990
3191
9963
6222
3058
2311
7995
2126
3197
2501
4779
5832
3096
7102
1645
8026
5053
6044
5282
2175
2162
4592
7966
4416
659
765
2506
5077
898
2595
4179
323
4513
2469
7911
142
5977
1251
4731
2312
585
3787
3810
110
2762
7299
5142
664
600
4875
328
1579
1700
6248
7926
1557
7149
1807
1081
5000
4124
5560
4178
8750
9120
9012
7836
5293
8594
9404
3570
6343
9471
5402
6866
3518
9090
7863
7569
5228
7855
3538
4321
9659
5184
1881
5352
1952
7745
798
3459
8846
4962
6021
5440
1104
9058
4389
9852
4294
7990
14
2524
746
9929
2555
458
54
6054
7080
3647
9836
6742
9384
1618
1566
7928
4879
7075
2731
5016
2159
2999
4137
8344
9758
416
7423
6520
898
117
1984
6570
5534
574
2283
128
2929
2753
4393
3177
5348
7925
6232
773
5447
4916
3081
3418
445
6225
8233
6120
7379
6255
8918
3431
1813
9743
3969
3395
6257
3780
2407
9788
7851
1519
339
1371
912
1880
6087
4315
1289
5011
5390
5167
5201
1324
8198
723
5769
5701
570
3896
338
2388
6274
5605
1989
6415
7289
4720
4191
6486
2230
6069
4105
3559
1427
5454
4501
4581
2228
6747
6067
1505
6816
6932
4737
6336
9834
5545
5687
8834
4844
4876
6289
9113
2394
8130
6332
5696
9693
2440
8115
8374
2844
7105
4754
1244
6622
4570
4154
1185
4535
8210
378
3106
2787
4034
5730
6999
1221
2075
3073
2762
1383
7111
506
5904
3187
525
3791
5391
99
200
4904
5548
2066
7739
8333
3658
5866
7768
4877
3578
3316
7901
5960
4505
2559
3934
1579
8739
941
5294
1557
1651
1538
5937
4252
560
7609
6088
9360
6088
9442
8950
7000
7215
9265
8828
4200
5983
7850
8895
1273
5839
2197
2261
9792
3371
4169
7484
2763
4036
4986
4607
2479
4720
2591
1697
9908
8848
1628
7732
2411
5929
5127
9908
3094
299
2192
2863
1474
5793
7784
1088
5832
5708
8129
7394
2813
7126
2533
1181
9601
6347
7695
2168
7825
6202
468
3814
5012
9616
4718
305
985
115
1627
6760
3916
3383
9872
8880
9634
49
241
2231
9161
2457
7425
2016
4979
3302
4066
22
4747
7967
801
8274
7913
674
4725
1528
5953
5054
9087
3360
6539
9667
4873
2049
8749
7124
8227
8562
5314
4175
4622
7490
3965
7687
8656
8118
1199
8454
3925
1318
6744
7880
1855
7294
3546
1336
773
4187
584
4332
7196
6705
3077
7031
1206
3873
4400
7094
7586
1629
6570
5575
3061
4385
1985
3028
7897
581
8336
3305
5024
2342
731
1962
7606
4837
8095
6833
3353
9226
6310
8734
2064
9042
8799
7254
3788
9382
2794
3654
8159
2912
8031
9731
424
1256
3163
5009
2938
257
8853
6451
1263
2028
2803
18
7830
3361
6207
512
2518
2867
9694
4338
3719
4127
5894
6000
3081
1228
2617
7938
592
1398
3027
9665
9911
8788
8272
8917
7738
1326
9763
1643
430
9670
2589
6247
4609
3778
9280
6629
2945
3242
4695
3587
8439
2625
2270
3661
1605
9229
2182
8543
3384
4099
5568
7473
3373
4430
2695
9830
4780
9965
7150
4700
7084
3507
7914
2295
6825
1252
1232
1609
9988
3594
8753
8593
5210
2058
6679
2116
4858
258
4806
1718
6474
8168
2420
8730
6186
8272
9493
4216
7160
5205
738
833
3021
466
9759
1645
92
4402
7359
5976
3259
5294
683
6502
8636
5040
5853
3350
9180
1235
1694
8533
8529
3164
1351
3133
3697
2834
9388
8707
5408
584
8778
3188
2460
550
5639
9769
325
4455
5590
3424
8000
3035
579
5567
671
8250
8629
8629
7863
9282
3657
1383
1970
3634
2131
1176
7981
9135
2685
2614
5632
5845
6662
7052
81
7133
1183
2956
1163
7293
6643
8411
2422
5081
2609
6386
4031
3386
5831
7958
2618
6064
6661
7449
127
7113
8966
4988
5154
1345
3356
9689
6060
1594
5841
3185
2693
817
7486
8712
1358
5972
4425
6776
6493
5708
9824
4932
2360
8836
802
2181
2783
9771
3056
5177
1058
4021
9850
8863
1927
7720
1915
1549
2818
2900
9644
8907
1163
270
3490
5368
4944
4033
4333
3748
9354
5351
5013
8656
2065
4929
951
4347
1989
806
1877
882
8806
6128
9509
792
7965
7527
8869
4017
5685
4291
9401
1476
7558
3469
8375
3233
4029
4029
2288
6038
793
5026
2503
1715
6659
6727
1033
9485
9386
5613
4835
8359
755
102
8190
3179
1728
3685
8022
4615
2023
3185
9551
9217
8819
7507
7403
4968
1202
9452
102
5582
5556
7397
751
9607
7034
9893
4771
2568
7830
2123
4036
3889
5588
3790
7707
6142
532
7207
876
5581
5404
6796
8879
6534
9373
7720
1949
5425
8736
2945
5809
1534
166
2675
3788
2946
5802
6196
1383
6523
5044
8587
2725
5305
5254
9731
5488
4691
1948
1043
7710
8588
8763
4322
6500
9823
9204
8042
8802
2775
4321
4238
8185
8654
8321
87
2388
3784
1248
5750
1534
1541
3826
7194
6186
6976
6460
5593
7396
118
7898
2556
4011
7090
9085
5257
5549
9875
7197
3845
3661
4369
4584
8045
470
5538
959
4693
1993
8428
5858
9978
5519
9176
8406
4757
9899
7273
8835
4984
9122
5776
9010
8553
9329
4543
264
1915
1120
5749
2020
2273
3324
1290
9894
7454
4596
9233
9072
5076
4031
3884
5025
4467
9305
1988
9336
6078
8871
3008
4709
1541
23
4433
3758
3714
9395
8735
5434
8072
7986
5117
6196
8282
3719
8650
134
2578
4067
6539
9105
7404
3495
7109
2419
6731
8618
5305
291
4398
8464
6878
801
5471
2360
4226
7361
8391
7511
4588
1136
4488
2585
2378
9807
4455
6065
5655
654
3623
3163
4851
31
865
918
7342
6549
8098
6644
6634
2883
1856
6388
3466
2617
4942
7745
6707
5467
5580
4441
1477
5692
3134
6354
114
2125
9671
5705
9825
8196
2908
4782
9696
4067
2702
2762
8630
1966
7346
9786
9337
248
6023
5132
6653
4425
3109
2137
2993
6003
4159
3412
6942
1012
954
6501
4082
784
4215
8051
4668
4350
6033
5124
7060
5425
7727
1465
2275
5
8972
3361
1283
7046
2211
6624
5085
6676
1561
2224
7244
6329
3889
943
1755
5436
7594
3385
3139
5160
1589
3479
7316
1045
6739
4927
8735
535
7430
8065
1569
8921
2696
8509
6715
4563
3429
9417
9563
7935
3071
4606
1933
5958
3516
6465
9786
3678
9501
5313
2188
5761
5246
8313
5891
5738
7772
1211
2466
2118
977
7149
9605
9388
2345
7977
3140
9574
8779
4439
64
6911
2364
5851
1506
1916
8048
2008
2400
5727
4315
1552
7907
2005
8294
3183
5821
5991
9093
3480
7193
3168
8386
9130
5210
5147
6489
1026
1371
4124
8929
102
3105
587
919
3707
4671
7590
6981
9090
4478
748
36
652
5978
4424
6025
1649
4294
2648
3177
8860
4185
1609
9853
8508
6630
2180
5285
868
3251
4333
2682
2807
3486
7124
5049
4498
5600
6300
7507
7771
9722
7793
2929
9584
3703
6842
4588
3594
9429
1398
1322
620
9016
9600
9328
8393
1244
4621
144
2321
4123
5869
116
7889
2703
1263
4348
4851
9556
6775
1858
7650
8100
509
186
7694
6196
5639
9311
9407
3409
1355
3889
8267
3675
373
3164
3156
3613
7614
6447
9334
4548
2691
3087
8557
2749
765
9163
7449
1632
2336
9047
4700
5210
5475
9742
4105
3288
4739
2352
504
8744
6206
9463
1053
6358
1783
3093
3110
7901
8475
1180
631
4112
8786
6543
2666
2927
6928
2694
3773
5728
6681
9741
2702
4306
6632
8023
1475
4178
9272
482
8548
2675
6609
3189
1960
3484
8479
5787
480
7629
9563
1514
8384
322
7354
8784
9574
2608
8808
2095
1949
3982
9188
780
7353
1828
6517
3258
6934
6476
8133
8028
6781
5278
8828
878
6176
7296
5541
4654
7400
8205
463
3059
4463
1658
7737
9368
106
1682
5688
1558
1008
4866
5238
1234
5995
1912
8316
9885
9371
2483
6782
4145
7959
6216
4124
8097
5314
7781
6478
5621
456
3627
8767
3246
9755
9394
2958
7542
7652
6973
5908
231
9754
2285
1314
3392
6898
4920
6318
3791
8590
4595
5781
4703
716
4118
5380
6563
2938
4419
4295
8775
8323
5975
1203
5446
5241
7317
4998
7246
9725
6392
9200
7852
3623
8050
3532
4750
1517
1275
2947
1789
9286
1645
9583
5369
8310
1491
321
824
6925
7994
7979
3535
1223
7478
6501
1393
5067
3803
695
1635
3318
7917
7478
9986
4560
4829
454
1774
3147
9309
8427
7188
7407
8014
4211
881
8448
125
8282
9084
468
8588
7319
4365
3957
1703
6531
4839
5112
3452
3792
3086
4371
7967
3359
2048
3648
1972
4568
8348
116
3685
2291
5951
8174
3182
3603
3919
4415
6767
3520
8500
3078
455
2073
6355
1848
9410
9689
6692
7728
8
4442
6404
6320
8769
5567
7095
9341
7575
153
5475
8045
986
9087
5745
1731
9306
8533
3355
1522
4043
8457
431
8143
4652
8432
4505
3429
1442
451
4543
6711
9325
4862
4915
2225
8290
4662
5594
9020
1329
9298
7753
7662
619
2781
5601
6271
7140
8431
5758
9039
5308
8152
3838
2576
6494
5622
1288
5449
1527
1693
6831
8457
4207
9851
259
2822
8652
4640
8426
2989
3604
7471
7442
8000
1828
8518
3217
4572
7333
3111
7857
6944
1080
1047
7061
7757
6496
6116
7923
4715
2959
2678
5590
8597
8713
8143
4002
250
3384
8523
2382
5968
7411
7755
7389
9397
7083
5158
1779
1159
7975
5831
1761
2892
6240
5153
4065
8334
890
4395
4438
1665
1516
5049
1234
4316
3834
8107
8766
3517
3211
8243
3650
6859
7675
4618
4198
8151
3673
7839
2351
3944
7522
3661
58
1856
1980
2066
2732
9213
6715
3005
8741
2866
673
6068
2756
2645
8962
5372
7516
657
1697
1682
2201
2833
1798
7448
7611
6789
4832
8144
8936
2780
2386
1775
5253
6054
9017
129
2380
9836
9074
1393
6021
3737
3056
9883
5723
776
493
2132
7029
1610
4686
7669
9425
8529
4879
7783
3284
5996
2244
4812
1202
6212
8324
9794
3836
142
5053
7009
5411
1904
4039
4135
8225
1194
9436
9696
3102
3938
969
8377
3777
5141
3315
7636
6158
9577
472
3713
4953
9505
8586
9947
3040
8812
8076
486
6260
1933
6667
6126
7678
2860
3713
7191
1769
4941
8729
612
700
2621
9589
7971
3489
3312
7103
8899
3953
9648
4404
3742
4731
9624
7262
9460
5118
5641
5957
1578
5738
5804
8043
6203
2983
9606
9047
6715
5838
5029
261
3905
5954
1613
2701
9820
8869
561
6942
8263
2512
4487
3062
4149
1727
8322
4784
6402
7448
6791
798
5687
6680
2643
4711
1519
5216
125
5878
2228
2090
4871
2806
1972
7664
3638
3555
5466
1008
6608
2393
7827
9855
2065
5820
7391
5624
6873
6662
7958
3343
3791
8490
6538
2960
6698
1449
7366
5703
2660
810
7591
3360
6868
3306
9434
9068
1638
8388
697
1602
1875
5161
2129
6551
7631
3509
6089
3899
2630
5438
99
5484
3443
8647
5942
5319
4254
6790
4637
288
3902
320
3188
2181
8749
4943
6517
6612
1987
2266
6751
1464
4635
5861
7482
3200
8047
8378
7559
3946
9610
9579
6941
215
9850
5612
6508
176
4446
9605
680
1107
6816
1292
9056
3061
3015
9144
4335
983
3692
743
6612
8829
5949
9044
8483
8806
1523
8003
755
3064
969
6085
387
7101
3365
8319
9346
7017
1390
2792
4536
193
4295
9518
9244
7739
7673
2181
9863
8593
678
3891
4559
1291
9984
9939
4045
5584
2459
180
2171
9694
8936
3451
5023
3058
5578
4525
7507
5151
551
5871
5299
933
6711
1717
8691
9956
7421
7799
1233
4810
9484
3031
2910
9621
6873
4200
5856
5712
5873
9613
1004
5111
6159
8855
5898
2243
219
704
4919
8987
1171
3684
4837
3449
1048
1846
2909
5861
6623
8687
2132
8649
1642
6106
8344
3706
8870
951
3783
8696
98
1426
1176
3760
4997
449
6318
8929
8511
6833
551
2688
6601
5008
5222
8401
257
6187
4380
5514
6466
6051
3445
8214
8846
504
3325
6627
54
7757
4185
7030
3795
2772
4702
9821
1382
7541
6413
3560
4618
7415
1754
2316
7024
2016
8445
4133
4200
7480
7060
4208
9675
6451
4496
9673
2259
6661
9703
7694
1483
1560
2521
867
9170
7545
9845
1914
8235
2207
5915
6460
9278
3138
9149
4704
1673
7571
8170
2257
6064
3067
4946
3869
4663
5172
5702
5911
7256
1168
6404
1034
5657
3622
2615
5728
7346
9769
9020
5586
9764
3549
9845
5304
9790
7192
2785
5411
3927
7540
2190
7138
9857
7350
6082
1617
6719
7914
6160
2459
7557
4364
5057
8371
1688
5174
707
2412
4170
6908
410
2900
4744
7555
7858
3900
7187
4894
6166
1803
8581
4672
4334
8511
2303
1992
2793
1573
5483
1118
9975
2520
9555
5353
4448
6306
3497
5508
5083
7766
1356
7617
415
7700
2834
7013
9647
6833
1836
2137
4726
8392
7747
2184
7580
139
2142
8777
1023
3314
1039
5865
8031
7191
4938
7782
6095
3595
3425
7595
9997
4567
139
9991
6138
6384
1976
4363
1414
8080
6741
4545
3182
470
1574
3153
3962
7365
164
9213
1657
3016
1529
1475
2241
1107
3018
438
9138
3938
5182
9314
3084
2770
5018
6341
6555
707
4067
7772
7836
5976
3010
9647
4215
2077
2868
1198
4658
7554
7658
8369
8358
8640
5743
4780
4662
5872
4509
697
2178
7772
4875
3793
5964
7200
6845
8966
4279
8664
4888
4900
3007
83
858
4495
8650
692
8618
4304
565
6818
1421
4886
7386
9390
2468
5929
7012
6327
7105
7534
1776
4813
1881
2194
6787
1951
5999
5626
2856
6411
7049
9875
6867
3321
9110
4205
6958
2080
4405
5761
9873
5393
334
8452
1774
228
4804
8850
8208
1435
9342
4242
7900
8194
9883
4025
3872
9043
8076
8158
421
6666
2446
56
8529
8668
8170
1712
4895
778
6723
7178
6132
4052
2689
4968
4394
8065
4421
1350
6481
2174
5748
9097
7614
9424
8840
9395
6515
8557
6495
7571
6270
4418
7731
2843
6105
7954
8802
7433
1499
1253
6112
1761
1232
4422
9834
3925
5886
1435
9196
437
8000
6212
3443
3665
9952
1213
264
6141
6929
2523
788
2845
5897
774
7717
9164
7656
975
7045
1159
1792
8934
6605
4423
4622
9829
7955
2461
392
754
2364
7794
4758
3253
2635
6397
3723
2683
2366
5207
5657
2351
219
4629
5776
8276
3378
6961
3411
4125
5462
171
5998
5082
2322
9504
1710
2134
7197
7895
400
7895
8728
2056
3705
2921
1210
1258
3899
3033
4847
2502
208
3205
9928
9995
1358
9617
7263
2918
8521
9333
2089
7514
9815
8874
5631
9551
5307
675
2607
4849
9394
525
3461
4386
9388
4399
3214
9504
9362
5429
1963
5833
5596
2418
320
1068
1139
2065
7707
2679
828
3028
2047
159
5947
3332
2964
6970
5194
8796
7710
6671
955
2081
5303
4553
8857
9680
6193
3898
8154
9346
5232
6739
748
668
6298
2046
8122
1042
5185
7662
3334
9082
533
2566
2431
2696
4858
403
3389
894
5682
1385
3573
9172
1844
1366
2722
9579
1847
9225
6225
5294
6015
8472
999
2449
4005
116
6848
5241
3793
7767
4865
5514
6890
1737
6491
4151
1554
312
4362
1789
3659
8841
2995
9304
7624
6206
3738
6531
2937
1527
6806
5836
2974
4633
7526
5067
7917
7917
7807
1914
6466
4351
175
9346
7961
5058
428
3099
4353
9288
970
7129
6784
9732
4964
6598
7990
9915
6295
2804
6686
4203
5929
6909
487
2393
2876
2756
1755
4634
3761
1592
4741
5926
5067
5734
4618
4324
9861
5428
7838
4730
8987
2451
4841
9480
2898
9913
6838
107
766
4415
3356
5987
9640
8599
9284
6917
2355
890
3428
7579
6040
8812
9160
1542
9399
8978
733
3626
8776
8072
3111
3580
6871
8010
9684
9304
708
562
7460
1844
6163
3642
4466
3648
1553
3559
8041
6143
995
1085
640
1889
3825
6968
3145
9985
5088
3568
1660
9745
8484
7597
7646
8937
944
9619
8935
2107
4728
2414
3608
6144
3426
7734
7789
291
498
7028
1430
7271
2727
4306
2671
5959
1305
8634
1178
7234
9904
3950
4080
3763
7578
3395
6744
6642
4733
9493
4712
9768
3457
3687
1570
3368
6496
3109
8818
4153
1179
5521
9627
1004
9304
4355
2753
5010
429
4282
3625
8143
5212
647
6937
6244
9532
4719
510
1566
9061
8854
2806
6843
5319
8537
9800
1838
7705
4122
5335
6158
4926
3438
4808
1178
3003
5632
4037
9868
9443
9557
3771
2149
1064
9853
72
8888
220
8108
6108
2880
961
8470
8975
5678
2158
7669
7993
7672
2529
3131
5289
1127
4460
3592
8061
2145
9651
6589
4568
3308
4928
3104
9915
4285
7897
8312
5517
3435
8830
9143
8212
9017
2836
437
502
1586
8654
8747
6354
4032
4975
1468
6196
3003
7748
6743
5388
8371
3294
4809
1101
7449
127
6619
2279
4952
8199
3241
7012
2851
5617
6741
3125
4216
8362
4155
4794
1032
3754
7410
2738
2648
8114
9551
4686
1653
2708
1886
6219
4964
5913
3023
4581
3445
3609
9122
282
7097
2666
1776
6921
7112
1955
5469
1619
5320
1237
2551
4843
9368
6995
1258
8916
2107
2636
6386
5470
2592
6248
9711
7327
1984
6700
9407
748
9571
3733
1383
8817
8980
5825
6495
9777
6533
2987
1392
3356
2760
8054
902
4379
7346
1594
6011
4700
7410
4723
2897
5723
1458
1000
565
4015
4947
6908
9337
1371
8450
260
9788
6472
5932
5600
9942
5901
7082
3
2843
6854
7609
4550
3242
5135
5077
8705
3578
8598
2045
6206
8872
2044
4070
7458
8173
9867
3868
3729
9317
2193
68
1771
8307
9073
3517
6561
6806
4745
8496
6969
500
5787
4914
9137
375
5390
6352
7420
3368
6845
1331
9784
3756
1247
3821
647
5768
6872
5304
3423
9722
5699
9690
9173
2476
437
708
8700
7199
5207
3833
4653
782
4503
5189
1892
6469
9548
7268
5937
2336
4725
2518
9182
9974
2664
9414
4793
7997
4169
6122
321
7118
4820
7913
313
462
3695
1302
419
249
4596
7114
2115
3309
9869
7997
9817
6749
77
2023
5819
6708
8398
845
8056
4339
7999
1002
1005
3633
5584
5525
9818
4811
9876
4012
8519
1421
2483
9070
1756
7704
5070
7670
7320
4852
1835
4221
3836
1696
8372
934
3244
2436
4804
7662
662
4082
5300
2420
303
6163
487
8784
5153
1983
3810
5099
5442
9840
6379
9015
3436
4704
2461
8337
4618
1010
9246
1980
7870
6504
9532
2474
677
481
1557
8194
9181
6223
475
5012
6983
2593
7154
320
2353
4712
4889
7580
5714
8257
5119
1836
7737
7956
5684
6176
7660
4368
7540
2835
2815
1810
9267
9604
7129
9260
8575
3953
8078
5803
9256
5442
1596
618
4716
4237
8455
6093
6119
5926
1158
5964
9225
7676
7248
8412
9085
7550
9689
3570
6432
6893
5714
4411
2560
2791
6743
7176
6558
5359
8262
6378
9885
349
8986
1364
4947
2132
9495
2480
4223
647
9998
2919
8836
8847
1796
8211
7475
465
357
7275
3164
6098
6534
5591
9225
2570
2800
208
9838
2696
8789
9374
3566
5505
3299
8975
3207
2022
4344
2498
60
7755
9278
6484
28
1314
90
6845
935
9700
914
6932
7326
8523
5343
4123
711
881
3721
3264
8684
8842
4207
455
399
3970
2792
450
9748
2446
3126
7436
8625
601
7025
3373
5663
7811
5864
1096
3879
2357
1250
2309
725
2427
241
8514
1126
4614
6084
4510
3388
2436
2016
1584
7325
3424
8442
8655
2748
9286
9855
737
489
9518
7629
7072
1583
9171
9246
5209
240
6700
3155
5881
8262
3960
1023
3371
7435
1594
2285
9216
8294
5972
4771
6428
5725
8313
5035
1418
1779
1930
4388
3607
7551
4360
3804
987
1566
437
8950
7487
9728
9335
4915
7838
1266
2506
8271
1828
2806
8773
4138
2402
6050
5411
8054
8801
3117
1201
8622
8467
3516
7975
4409
3907
6011
8001
9667
5984
1866
1503
9693
1877
3894
8849
1638
3108
4991
729
4508
9011
1260
9701
43
4661
9694
2067
6766
5516
2983
9407
7547
281
7301
4115
2511
8577
9462
2216
9334
4224
2880
475
8861
5405
9581
4607
3167
1650
3264
1751
5527
1491
8083
2116
1831
8893
2319
6002
2595
2285
6558
3528
6681
4790
9853
7649
2791
5081
2878
5561
9788
6322
4125
5724
6818
4335
619
9358
6715
4959
2098
6806
2203
4094
3631
1642
7269
7611
383
9612
820
1365
9572
5422
5215
1230
8756
5258
6714
7473
7231
1014
345
6375
1593
7493
6451
7193
8477
7585
7094
3743
8811
3180
9311
4876
5036
9288
9571
2153
5108
7974
8300
1246
3108
723
831
275
3503
813
659
5160
7152
877
2154
1899
7346
1933
1112
5498
1157
8145
8995
3383
7525
5798
6418
7372
8145
6123
5236
5152
4376
9382
5538
5420
3587
3996
7940
7641
6914
3048
5309
3111
3405
1951
7456
3723
2059
7285
7057
2372
4723
3169
7944
581
4902
668
8934
8415
8891
2254
5732
3317
3762
7395
8339
8444
554
9430
4956
820
2519
9172
1488
3755
3642
2205
3628
6620
6061
9341
606
5189
976
9741
1733
5128
4868
7238
6493
1662
2854
2992
9075
7140
5417
411
1473
8496
9395
1575
9297
2936
222
931
5738
8679
646
6643
5392
8810
742
107
8710
5599
4612
9852
7856
1843
1480
9444
4669
1925
5274
3554
523
8829
8759
158
9261
4557
3958
29
9856
5569
8450
8184
8115
5748
2524
7331
1822
4298
8439
9418
591
922
8090
6872
6751
8144
8691
8320
842
9969
2935
5130
1067
841
9507
5062
1334
8515
5677
1527
2445
4460
6156
9697
797
7609
9872
458
8347
3062
6887
1365
9105
2414
2833
6623
7298
8622
353
6973
9733
5456
5469
6326
3958
2632
521
942
4810
9805
4187
4957
3271
4172
6050
1442
7315
8211
4326
2878
391
7754
4795
5213
2104
8587
6552
2822
6041
6832
778
6056
443
8822
2722
9701
8537
9091
7319
5560
7399
6538
211
9531
4828
5139
6112
513
6296
3370
9907
4620
2567
5594
6729
9579
8269
2224
6399
8197
6588
6738
4536
5829
2126
1256
3119
8365
8929
1373
6988
6783
9595
1780
9976
1150
9815
9661
5999
7084
5298
4595
506
2956
9456
1007
6476
4771
6105
1937
3487
7891
1639
5563
4656
1892
3774
1514
746
7166
35
8891
7526
4088
6702
8461
1869
2483
3297
6057
9640
2541
9664
1717
2743
1927
2514
