999
8869
6392
125
8102
8649
5200
7954
9364
2398
3798
4929
542
3081
1582
96
590
2875
2907
7769
5513
8644
6226
330
7412
1006
872
5848
5132
6646
1602
7925
3181
4407
8652
1375
193
1043
4531
398
1215
988
9820
6661
1482
1742
6950
2748
6742
7997
2265
5374
5671
8120
223
5506
9897
9692
366
6824
3604
5992
2919
8753
7944
2029
3683
3726
5819
5614
451
8629
9420
4653
6613
673
7002
7395
1953
4697
1418
8457
7807
3298
8125
8413
978
1864
3808
5613
2977
2643
6290
1885
6329
8942
8507
6004
7608
2496
3388
4485
8578
3089
7977
4118
9347
1429
8600
86
5943
2745
5974
7368
866
5099
2087
8161
8493
621
3721
2853
6154
3938
1551
9643
3008
5015
2312
1576
1292
1664
9223
1748
9942
5431
5757
2555
3981
4595
9920
8265
7941
3757
2962
2370
1110
806
3372
5212
6317
5470
2420
496
4493
7975
3258
6732
3231
5610
4981
7647
8770
437
935
6352
1742
4530
4941
8108
1265
5287
1455
2555
8741
5243
3691
3717
2276
9328
621
2581
2440
8922
135
5739
9607
6134
6044
4333
9784
6302
4860
9690
3660
2011
5622
3205
7527
425
1276
8079
2172
7369
2388
4035
5824
3818
8833
7120
8966
6096
4120
6272
1060
7471
2792
3831
4943
2858
4465
7543
1414
5300
1477
5111
2820
2089
3715
9164
2334
6451
32
7656
1739
8827
7214
462
9175
8598
2857
1623
4723
4543
6965
6710
4965
6934
5901
9749
1006
1567
8865
9684
7572
5035
5598
6157
138
2766
7659
6231
4624
1403
6376
2954
9074
7632
575
1250
8903
5130
2014
3243
9592
5979
5152
5207
2509
9280
4792
5134
8715
7284
7752
9417
3217
6219
2195
9541
7509
5655
6232
3811
28
9362
7280
685
8435
4743
7878
4565
34
6353
9829
6312
5297
3825
2085
9856
5666
5900
9412
4358
6336
9389
5871
4625
1799
1455
3924
947
6506
4054
3697
8178
2401
77
3087
3728
2736
4437
3635
6853
3323
6689
2471
9502
1978
7302
9944
4823
9562
6089
1300
5283
1864
4763
859
5948
9817
813
5939
6803
407
5940
363
8915
7745
8582
3774
9660
6608
3372
5073
4537
6437
7970
4786
5881
7296
4739
8629
5957
8344
4070
366
4984
3239
8960
2446
7070
643
5375
5458
901
7928
2835
4873
5722
4387
6447
8555
936
2908
3795
7641
9676
2151
7926
8306
304
7110
4758
8887
6633
1448
6987
2273
652
855
8292
1823
3087
8332
8512
8417
1998
3139
5829
2069
4799
5497
3281
180
2274
8772
2335
3704
953
643
7345
4669
6035
2174
8145
4116
932
5195
9919
1954
5470
1551
2584
5127
4041
3867
438
2468
1521
4422
7477
3105
2998
6287
940
5220
3368
3032
7169
3122
774
4580
6125
7840
3519
7486
7036
6846
9202
7383
4959
3482
3922
6492
934
7098
9694
1385
6764
221
1185
8599
5028
4859
2056
7236
7478
69
383
9
8123
2288
9220
4621
7998
1246
3612
1343
7441
6557
1468
5110
1561
5573
6738
6869
8665
5188
7395
2089
9824
5164
8111
8282
1678
2616
2184
1466
1661
343
8027
6254
1979
6112
1520
5052
477
6300
2926
7539
3836
7427
41
4014
955
4529
9014
1880
2580
6424
2183
4993
3497
8333
5621
2815
2833
8369
6809
1824
4622
4905
5155
8930
1785
1065
7613
7243
9219
91
8433
2587
2345
1594
7907
3913
2331
642
6896
6641
2088
7392
7901
1157
3391
1331
4695
3504
4568
8725
2940
5792
7329
4887
447
1869
2968
8569
5246
8498
2383
7614
4681
2356
8068
6083
8406
1115
1003
8378
5852
3963
2898
4887
9538
8930
1599
5408
7435
9277
9247
2615
7996
9088
458
3650
3132
3274
6038
1545
8324
6061
3631
4183
789
3728
8929
8915
5412
285
8337
9018
2264
3443
3407
9104
3345
5875
8912
3165
9613
8736
9102
9662
3281
1266
3228
676
5435
4783
6663
4968
6130
3919
1379
9800
3206
2573
8403
9907
9570
1404
8421
1745
6589
2285
7312
1749
1917
4330
5841
6311
2565
526
1714
4706
1830
1584
990
9054
7413
6910
3343
3825
9957
3698
4119
8940
4589
5087
3689
9110
9218
6288
5915
6690
8275
8180
4762
346
3892
1509
8432
6619
8399
3269
6624
1903
5555
3226
3850
8984
7683
6926
6705
7173
1619
9917
1980
725
8444
4956
7514
5717
4
8616
1212
4341
4332
6574
9153
6972
4364
9070
6569
5528
6152
2757
9101
3387
6705
3022
888
8047
9772
7804
1145
4839
4118
7266
5363
8181
8798
1282
125
3531
7103
1425
3629
4241
4966
7331
8287
2114
7321
8800
2386
106
170
3431
1866
2272
772
1104
1230
1149
9053
7005
1181
4989
8945
9574
5146
8455
8305
179
7003
5380
835
8617
7150
7969
4901
5786
4846
6095
5640
8268
9004
6080
7853
295
7142
6534
6879
4489
155
5155
3701
9496
8642
5391
3953
294
8888
6792
8217
1883
1513
5610
8590
8696
5781
1411
4990
4280
2809
397
3601
2597
9395
6723
209
8284
904
7741
2211
3762
4706
3199
9979
9536
1912
3410
4680
9934
9090
8881
7285
1026
3269
4183
9090
6177
5134
6556
6857
8572
8441
206
8550
5705
1386
2473
9603
2571
3719
2252
6581
3677
7498
4183
6238
1431
7578
3939
3112
9758
3303
9059
2034
6093
6697
5188
2960
9454
6278
1016
9908
5
5137
27
6157
2912
113
3750
8234
4737
1694
3578
9459
8949
548
7770
5465
644
994
4468
954
6094
8361
6867
704
7294
3224
2712
1950
3707
9488
9711
5629
8358
2837
523
3232
1436
9815
6160
8558
967
8256
6152
812
3468
7285
7174
3396
7553
3970
1261
8750
5653
4892
547
4324
4699
8907
5363
8167
7086
8686
3224
7910
2547
7049
9992
3573
5921
4640
8826
1770
7692
730
6588
3889
6269
5678
3767
5684
1051
9298
3179
5293
9895
698
8328
5705
5293
955
2335
1930
2504
5771
6716
9082
2521
8274
9173
3526
7684
7197
8272
7229
259
6217
4248
2336
5119
5286
2137
4358
3199
3933
5026
9193
8806
2818
5636
1308
5039
3920
2361
7551
7401
389
1850
8812
1655
1041
4923
2156
4241
1401
9164
4121
1205
131
9815
7157
5837
4925
7983
4860
2667
3801
3857
8150
1638
68
594
531
9862
7390
6298
3516
1767
108
9287
2947
1932
5929
6143
555
3569
5700
46
5634
4157
4031
3684
3269
9733
595
5953
1364
5551
5125
8415
1398
4399
1581
194
9467
5321
1251
516
4807
2041
8681
9422
986
6955
1775
2260
3175
2381
9532
1176
1711
5248
8257
1330
5893
3630
8697
5566
2663
7625
6869
8435
5102
9060
1153
8441
5734
3090
5102
2832
8065
5883
6806
35
3497
4084
6121
6093
8805
714
1742
4764
9060
6474
4888
8509
1285
7486
7992
9740
5780
8156
4948
5995
4665
7419
5432
9906
4107
7731
1527
844
3058
7557
974
4263
2397
9145
6862
3463
6222
2055
8548
2566
9172
5508
2330
2871
2569
3020
1032
5587
7040
406
4393
5152
4669
350
7921
5249
2157
2366
1418
7038
5975
3167
7974
8669
3775
8680
612
4019
5246
5094
5578
3218
1004
616
6043
9620
8317
5704
4327
2548
2951
2684
7526
7870
9967
3801
550
572
2506
3036
8973
2065
4294
8034
9590
6353
1496
3704
6442
5136
2486
2600
2600
1170
4819
2019
8256
9944
2563
1991
5399
7550
7985
9753
1105
2915
740
6002
2576
3493
9268
1475
6098
6367
7125
6589
343
7010
4411
8392
1602
3364
9872
8183
3910
611
6473
6282
8561
9236
2812
4653
6918
5926
3807
5301
40
7934
4960
5089
1313
8808
3768
8144
3819
9972
5564
5469
6435
8871
9044
7625
12
2606
2072
5502
1427
998
7599
1324
2973
4417
9492
5967
6201
7757
6418
4756
1092
2362
6994
28
171
9853
9690
1026
3667
138
2754
1727
2509
9157
4868
7889
8493
5629
3522
609
7096
5982
7807
1848
3832
5803
1312
3236
3898
6831
1
9739
6320
2485
4097
6698
8528
1552
1188
3091
2916
9243
4461
7419
2248
1179
5051
2840
4197
2346
1745
1424
671
3957
3871
9581
4548
8566
4647
5827
3787
1348
2413
718
3905
4685
2214
8360
9426
8085
4654
2424
5038
4218
3030
8791
2550
2027
8726
7991
840
9284
4471
8324
2558
9898
8772
3431
9364
3505
7825
1395
8656
9319
2065
9199
1316
2425
1269
8619
3331
2816
7636
2554
6102
435
2937
5517
3138
4822
8221
69
1392
7418
9361
1282
1532
6178
3563
2351
5314
2142
1534
3102
8824
8386
5942
6539
2695
2981
7082
5605
226
173
902
8587
7473
7665
8133
4530
7644
5238
6228
3397
9573
2255
9126
8639
4360
7832
5911
9646
4504
54
9370
4450
7303
2417
5340
7048
732
9511
205
9728
9359
5050
9227
968
775
7331
3074
3913
7476
8891
1601
3039
3061
2785
6075
9320
283
1036
1975
1648
6440
7201
7685
5611
9697
4603
7991
9288
5863
786
279
9489
2058
6822
606
9208
8584
2381
1870
8215
7726
5107
4593
4463
240
2698
2069
2948
5827
5480
5528
5141
4930
6983
5057
535
9159
8423
8419
1100
8943
928
5244
2446
1127
870
9407
4328
6384
8403
5869
6488
3713
1558
9649
2053
7086
6789
4730
7635
9225
9430
4590
1275
8686
715
8407
6629
9246
6685
8925
1296
8075
8964
8161
9984
3886
7319
9057
3853
9166
6357
8293
1169
7478
1083
281
5725
3936
1208
4882
3036
5166
5025
8990
878
8092
5068
8747
2562
259
2091
8791
7184
3098
1572
7279
6250
4894
1537
8657
4512
5623
6532
8872
1848
2817
3569
6762
4812
6037
8331
9684
2132
8073
3598
9150
5172
7258
696
6217
4970
8210
4322
8305
9760
4288
8203
7981
7709
8127
9741
1711
1173
9072
6216
9780
7215
782
5268
3254
3211
6089
5544
1733
9858
5206
9153
5247
3722
7991
8573
8936
114
9382
6545
6819
554
7075
4173
6890
7882
5175
4225
6215
8711
5474
6508
2595
3986
6881
3740
9885
6544
6382
1237
1258
6250
4624
1859
7591
1957
2283
4344
6970
1279
7506
8941
6137
7227
1548
4028
9940
2773
1823
6348
1588
4883
9759
4919
7610
9322
8750
2824
8455
1100
6601
6797
2152
9056
1900
4945
1110
9097
1909
1466
5871
5369
9186
9581
9011
1829
6379
7622
3178
6153
5896
8635
67
2958
7096
1875
1028
3325
2352
1152
7829
3198
1224
2724
4250
7723
1681
7961
7832
1976
7615
6547
8496
1002
9295
3889
1893
1483
8562
1169
4869
3460
4569
9333
1852
101
952
4584
7660
9270
8138
5947
7702
6153
4670
6994
3171
6848
9596
8681
4043
4524
2821
6128
2219
5789
4605
5641
2793
3367
4469
3133
4015
9775
6104
1381
5211
2353
8173
59
8341
7088
7846
3522
4668
8685
297
7553
1600
4670
8509
9785
1759
4726
6850
9326
7523
3044
5309
8703
1303
6818
5630
9869
739
1115
3646
4350
5592
3780
3476
7083
4949
332
165
8227
3528
5163
7639
6052
7131
3687
5599
8941
9571
8830
7991
3518
4148
6082
1610
2894
569
8148
3193
7602
2503
5617
850
6557
7610
5381
8338
3673
695
2211
1842
8609
3520
9382
6664
3043
1039
8398
2227
6824
3627
8278
3432
7454
7526
3531
3453
1665
3001
5227
1331
4216
6957
8041
79
214
1283
5004
2473
812
3791
2476
6543
1512
3452
8596
7113
6510
8283
2016
7796
7460
7462
720
7430
2678
4366
6423
1656
4417
3701
6376
7250
1575
3273
9418
8756
1425
1157
3347
5473
1182
1636
8091
6033
218
741
3740
9594
849
9028
3456
6382
2839
6171
4325
7452
8692
4853
5262
2179
6956
1359
6369
4829
2395
7440
1593
8800
9552
8091
4636
5771
7329
6291
9518
4360
541
9867
5666
186
4941
5058
9637
8439
7758
7825
2445
2204
8525
2917
475
2308
4496
5783
9897
8581
4475
2895
6922
8951
9352
8174
7066
855
586
6797
6041
137
1461
9983
2322
5208
3844
1378
6473
8382
5208
5059
3147
2883
2291
5783
3843
1041
5911
1838
3227
7025
7903
4101
4445
2846
1390
2141
68
5801
505
134
5113
800
2695
5104
1933
9505
5893
5369
4596
980
3629
1254
2838
6337
2148
8921
2810
9816
591
7407
9079
1115
5448
136
8040
7839
7878
8256
2344
5735
1376
6921
2332
7059
5739
1364
1880
1734
9194
8472
7011
7284
2553
8452
7862
7253
6341
9777
6851
2694
5470
6700
7613
6819
2184
1799
1061
634
2580
4694
3574
9770
7109
9444
5437
905
1841
2107
8838
553
930
1762
9332
7797
137
6223
8101
9593
7800
581
2469
3706
5170
8648
628
122
2546
9243
7700
5247
2438
3219
5876
9369
5341
5999
3684
1147
286
7384
3019
7779
1292
3522
3521
2012
4877
2748
5947
2835
3910
7833
260
9496
4971
9571
8704
6720
6619
1542
9257
9369
2771
5532
6272
5032
8843
209
6484
4672
6775
8700
3678
9330
4433
3836
6866
8343
8155
6353
7216
2254
5581
1384
1681
3301
8983
6202
6324
7254
9109
7840
800
1987
3633
1993
1009
6387
6150
9272
2686
4145
4773
8146
1388
3633
8268
8069
5490
8358
6220
2940
4848
7116
9592
8103
6807
4213
3812
5107
7251
6228
7547
6223
2215
2042
1882
1937
6188
48
2141
1925
7030
1938
6375
3812
7840
8340
2366
7863
3654
7148
7736
2270
865
2923
4466
5646
8122
3614
6846
5079
6888
2778
7922
2069
1760
5205
7012
5858
1779
8772
2533
8488
5661
4747
903
152
1395
3490
7809
4706
191
2744
8187
4402
47
3700
4862
3466
5300
2657
5868
2760
5406
6658
1133
950
7159
607
604
6526
923
9468
8897
5391
7229
6022
7248
6709
165
7157
5698
5247
1811
6428
5020
2818
7118
4614
2110
760
8105
3740
122
211
9928
4560
2625
5779
2358
9912
2705
3049
9459
4029
2326
2275
6217
3253
8128
1802
8186
706
6557
1788
8786
2089
6558
1949
9887
970
5411
4261
6107
8857
1112
409
1732
8981
7084
8489
5501
4786
3918
7031
6505
2226
3895
412
3950
2566
4417
1406
7044
7613
7872
7170
4349
3299
6903
6134
1159
7013
9175
8273
4369
2455
3294
8419
6173
5847
4743
4891
7322
365
7580
1113
2142
8459
9602
4277
8145
9255
4549
2990
570
4491
7786
102
9121
9949
5102
2414
3928
7961
457
320
6506
6406
4487
7838
2891
1020
7986
6721
2321
3952
2395
4918
9271
8979
8419
9115
1742
3470
1349
7208
3416
8330
4271
9612
5023
4761
8231
8487
9095
6014
1510
2185
8984
8989
7247
1325
3468
802
1155
3701
873
806
5670
7557
5234
869
4262
7484
8681
2911
1331
313
623
4371
2099
469
7366
1936
8735
3424
5891
6987
4545
6586
128
9663
6238
5903
2040
7664
649
4875
3617
5139
6498
708
758
3090
54
3377
5804
5435
352
7580
2069
691
2061
7204
2774
5701
2517
891
1136
4112
4757
7648
1432
2581
3463
1273
1709
4145
1398
7369
9938
2393
4791
2999
9174
2959
2547
6328
8531
2337
6480
2205
2151
9250
2228
5944
5269
6806
2871
6770
7559
5036
9226
8592
8350
2738
2080
3968
808
5699
7300
7022
8163
970
5512
7057
7210
5187
3413
6841
5322
4699
1309
5717
3843
9414
9373
107
7117
9922
6750
2401
3030
5482
6754
3223
714
7705
9666
5030
4970
1159
1182
4847
5158
6812
6176
4187
5475
8003
3242
2304
9590
2516
4806
8104
1091
4252
9774
213
4172
8500
8957
627
5684
7701
2493
9378
7374
3062
2730
5112
8477
4802
3489
7526
1319
4787
5802
1709
6344
188
5988
6301
2481
7953
8114
8384
6149
9323
178
7587
5465
521
4498
4359
7371
8744
346
1950
3145
756
3245
4174
8816
8114
4160
6333
4391
5577
2961
3194
8381
1527
4238
4767
4179
8227
9314
6464
3678
5822
7635
7415
1478
1703
1454
1061
8756
7702
4403
8923
9896
5910
4371
2781
3682
3164
3236
6912
5582
1462
8946
2939
8147
6323
4923
1849
9757
7864
8205
8609
283
8293
4763
7270
9305
4866
1506
2393
1661
1754
8654
6486
6338
9732
4512
4329
7458
1490
7810
154
3425
9186
7953
1232
3803
3936
3193
9442
9881
2162
8803
9460
7141
7779
700
1333
7031
9910
988
5039
3127
3272
5731
272
5065
9274
2642
6781
5451
9287
9304
2847
6769
6476
4466
9633
9271
4026
3645
3795
6559
1619
4531
8729
8082
3223
3818
4251
3391
6280
6414
6697
9318
7822
2358
972
3035
8549
5660
6344
2866
2350
751
8921
277
9300
2908
4962
6511
6167
9633
1591
1660
7057
3211
7045
3912
3541
9064
1263
5638
4961
3708
5895
61
634
9637
6595
3037
7587
5979
9138
2536
2056
9147
4143
9035
5946
1908
6451
2535
7838
5767
6778
8893
1983
55
2293
9526
615
2870
6893
3720
6139
7160
3252
6955
3382
9994
8024
5879
5427
8498
1576
2722
3192
7825
2968
9356
270
4999
8443
5107
2602
76
51
2236
3029
415
5611
3105
3465
3196
6737
4233
2722
6822
3962
4734
1599
4269
8108
8375
5301
1477
4053
4168
9661
5966
8864
6594
4911
692
4684
4194
9255
4601
1144
2048
3983
4755
9476
7015
4918
5572
2564
8597
3177
5649
1726
4092
3417
7041
5583
4135
8492
2610
3856
6144
8367
7134
5205
7572
2107
7389
6566
3180
670
5669
128
242
2076
6049
6507
3947
9456
4264
5771
3101
3410
7149
4409
9340
5253
6804
9921
660
6657
1104
1380
1252
4134
5957
9118
31
9725
7169
6134
5821
1508
9423
7843
4213
7833
916
8202
4270
6733
7350
3142
2658
3212
5450
647
3307
8336
6505
9437
7158
8134
202
5564
3445
4888
5409
5345
8769
1223
8082
9369
5067
5059
8106
7921
8235
9868
586
238
8041
6262
3764
883
4852
9656
9539
5508
9202
6342
7358
4494
3922
8476
6778
2632
7920
2639
6487
5202
6722
2401
7915
8423
2363
6363
7368
2189
6795
1652
3520
4014
4061
8279
6321
9958
8713
7153
3590
4521
748
3365
3539
863
1906
6555
317
389
2138
6800
5829
7645
636
4186
9696
8358
6726
9699
8562
4504
9553
7386
3612
4192
2002
5282
4643
9711
2252
6031
4130
5676
1923
4587
140
9200
9631
5963
5285
1576
9271
5966
7301
5938
6368
5365
9667
6507
1650
4453
993
7961
8826
8859
2145
6727
1570
4475
2474
8018
7321
7280
622
6626
5488
7784
9416
1519
4542
1422
2889
8607
7485
8868
4697
666
436
7673
3852
6354
3362
2759
2311
4208
782
322
3793
2885
518
3497
6465
8160
3246
3157
2393
2529
5871
7025
8146
1163
3760
1044
3062
4703
4791
1125
8410
8862
4282
9762
3410
8771
4826
4946
2032
8788
9650
5924
5825
4269
4998
2871
3048
646
3597
5534
2135
3251
5575
4042
1185
8718
2975
960
579
9060
3477
8582
3211
4224
2197
1435
6999
8280
7924
9417
8451
2765
3075
8346
8182
6478
9776
157
4664
730
4831
9603
3601
3885
1705
3374
5628
3515
3717
540
3496
2614
6885
6951
8416
6605
4047
9925
6682
2499
6647
5085
1847
6211
6214
9979
9410
9039
2375
9756
2512
2410
1813
7421
4358
4622
1849
7276
99
3203
1349
8392
5207
3635
3159
6449
1256
8358
8494
618
9256
1294
1618
7658
4243
8465
6496
3727
1896
9723
6566
2321
2321
2357
7291
8378
78
2861
2160
735
3058
1531
6209
8965
4080
4440
2431
5910
1615
4199
5268
382
6879
7598
1960
3818
5971
7106
6038
23
288
7289
305
2980
5057
8235
6675
7933
2795
9425
6368
8888
7314
9440
8621
3081
5125
6358
4067
6642
480
9492
3678
7942
8945
5283
2679
8664
5116
1092
4214
7711
5050
7033
5662
2847
4392
7966
5184
6442
1294
6502
684
2922
7226
9685
8639
4335
9247
5284
4762
2589
5525
6247
3348
9531
2761
4441
6786
2126
6928
7293
5803
5320
2877
1021
7891
4095
5875
3956
293
7824
4375
1784
2269
5273
4197
4702
175
5754
6112
7600
8273
742
4127
1772
2777
3649
643
2216
6607
1820
6629
198
9214
440
4309
8544
8134
390
3440
4022
7627
1997
7824
6417
8860
3298
678
154
6176
9656
4081
9838
9679
5777
5618
8700
4866
1115
2220
2054
1926
5865
3246
1829
3532
3160
2476
3912
4693
1969
4444
5705
7920
318
7953
3399
9308
1680
2979
2236
859
5183
4786
7124
9690
6011
6724
2440
9190
8469
4170
8498
5225
7481
8945
6923
4544
1288
9530
729
9523
2928
4141
1522
3744
3207
8318
5031
4248
4382
5751
659
6592
6368
4263
3786
5065
3009
5224
6813
7067
8181
406
8324
5338
3715
9390
9409
2207
702
7379
5091
5949
3642
1339
3352
7299
1852
7765
7651
9774
2746
5770
5379
555
7879
6627
2241
6995
3598
8888
799
5963
7526
3438
4040
8202
4354
4332
4646
2396
1151
6105
5845
5780
1726
2410
7272
3234
4694
4247
5434
6506
1483
3232
604
2314
5545
8492
8214
7682
7104
2634
6126
9859
1101
872
2157
6531
6068
824
4538
594
1943
1933
1102
5562
9220
5986
4355
5189
4321
6295
3042
3236
9803
6009
447
8011
3975
7012
5322
3303
7095
9382
4377
1107
934
979
5405
4496
3557
4002
1587
6721
1997
5560
737
3810
896
3353
4000
4700
220
6088
6842
8622
3601
8766
1291
6046
3207
8655
2308
6743
9410
5462
9130
6596
1819
6077
9716
4489
4850
4733
3723
8722
2447
2608
5718
2624
1952
593
9060
9085
1360
6435
4407
3238
3792
350
3212
4035
9291
6862
7494
4635
460
209
1847
9663
5318
4413
411
991
4701
78
9088
9949
3610
7107
9172
5042
4241
3269
2417
7007
3637
2023
8397
8066
2602
2302
8096
4686
730
434
6465
1506
9225
3292
5962
539
9494
5659
4214
8100
3700
5876
9511
4245
262
7101
620
2025
4987
6028
607
4541
807
7737
3990
1270
694
1983
5757
1367
3599
9219
9032
7723
3695
2052
6814
9310
3635
7025
2583
492
9165
64
6592
7969
3936
9040
5103
6761
8273
6821
9466
3153
3949
1753
2261
9319
6487
5800
3066
4669
4618
4779
2619
2970
4164
8083
5023
7500
804
4553
9270
4874
1747
1775
7486
2895
6698
8033
9663
3350
3255
7630
4680
8181
763
2027
7119
7410
3151
2238
5831
3416
7143
937
8587
8762
5224
1236
5205
4233
3806
9773
7617
3810
2222
7509
5966
9725
7697
4737
2120
4891
3510
7732
3835
4498
1799
2820
1873
7399
4618
8215
1040
8251
9286
9309
8145
6508
4036
7606
4467
8360
9531
8893
4743
9004
8254
425
11
3544
7529
9172
5606
3867
3673
8707
3377
565
8105
5695
1984
5595
361
6274
6073
6508
2862
3717
4373
5677
9951
9127
919
9426
2994
6324
9131
9059
5516
2524
6761
2491
3283
9602
5924
2442
377
5669
247
7018
4239
1545
74
5928
1775
329
3552
1233
7628
3740
2231
6438
423
6641
7279
4585
7660
1763
9301
5616
354
3625
5088
2611
3485
6757
1492
9791
6235
6055
8915
3149
5842
4519
2929
6129
8398
2315
492
1496
5285
834
4697
827
7177
896
9761
1693
5460
9014
1175
2947
3150
8488
7093
4339
3737
4695
9828
429
9208
4067
1017
6322
9930
645
9173
8787
4168
1020
2073
6860
1421
2577
565
7867
6098
1204
4635
7857
2594
7794
5463
6453
1645
7058
4577
2003
2243
181
9752
2158
7101
5336
8791
4038
7159
5172
7868
3830
9825
7618
3400
9966
2464
4723
1007
9323
9949
1525
2227
8906
2364
4684
9007
3518
4954
9687
6019
210
9191
6040
9600
5022
5354
9892
2718
4694
6789
4124
941
1641
1132
1313
9534
1185
4263
2412
1994
472
7478
8950
9109
4814
7459
222
6126
8596
9637
2323
9091
2738
6040
438
6981
7288
6800
7384
8198
484
6736
3991
786
6591
9551
9011
9856
5060
6743
6073
2883
2521
3772
3788
2966
6048
9341
1425
6582
3254
5446
903
8370
8332
5479
7470
4497
4507
8389
6997
112
5322
1137
5689
4290
3301
5085
1445
5948
4081
5948
5920
8191
5875
2751
1037
3571
7462
3857
9428
5645
8851
6225
8316
4914
1581
9714
8432
4391
2955
7788
3294
6478
3837
837
4529
9933
3807
5233
3325
8553
6887
1150
6960
7135
3457
3077
811
4858
5765
6595
4129
2861
516
5812
582
5269
9178
4189
5981
249
8813
1690
1428
3602
6964
9308
4427
2903
8040
9271
3605
4388
646
5103
1525
5840
2226
365
4891
5188
3962
8724
9213
7156
6921
8009
9305
4948
7547
2775
1055
2305
1726
8187
3102
9822
4937
3082
3959
9043
7812
9177
4534
8297
8879
7788
5979
9913
5313
4396
7487
6114
2032
7255
3107
6411
5020
487
9637
825
584
495
6941
7209
5676
8755
1327
1302
2138
8099
844
5294
7252
95
8720
8987
6686
7526
5018
1840
8122
6877
8447
8781
9834
6859
4550
9191
591
2811
1341
89
4586
6141
1856
6656
3168
2220
2748
610
7760
4831
7743
491
4687
2703
2335
8531
6095
1356
3750
3426
299
3627
2264
1472
996
7185
7257
9864
5321
5180
7505
3945
1158
8743
4992
8880
4635
413
7778
3100
7825
3492
1758
6886
1469
7226
3157
6458
399
9108
3188
8375
640
5221
548
6369
5861
4332
4967
4304
1277
8698
8465
460
8367
267
7922
2187
7484
1073
883
6147
4019
5418
3656
3625
1737
5665
6908
8185
9191
1996
9352
4101
8904
9986
5097
3242
5932
8887
8735
8464
5083
1087
4381
2159
4627
7912
2134
6608
9803
349
253
7186
7622
7147
8708
3527
9645
1994
6287
5381
2320
7554
973
2078
8465
9103
2796
9728
5849
224
8862
9634
6832
9709
6750
6502
8176
2664
9757
242
9010
2538
3457
3037
4438
1733
4089
1888
2253
3189
4613
1736
3016
6440
7695
3258
2181
2492
7434
645
2053
3678
76
6894
1354
6357
5418
1050
8772
1661
6253
9979
929
4687
1909
3841
1648
4339
3641
116
3057
1946
1661
4851
7796
4011
6893
9879
1220
2061
9177
9147
6393
7154
5585
6329
9470
925
7121
8909
3409
5237
2618
9083
2226
3175
2397
892
6230
4000
7697
5611
8532
1245
6711
9355
6623
7985
1997
4478
761
3127
9889
6398
5914
3216
4905
206
1621
25
6923
4124
4236
4067
2659
4397
1191
1988
5832
6985
4742
7569
6524
6496
5875
4272
6439
8227
2983
1906
6822
1062
1300
7397
6607
5196
5429
5902
541
898
3037
4981
8031
8929
4176
7854
5097
904
789
9818
1492
657
9409
8247
405
3087
6350
4167
1609
6925
6326
5255
359
5067
8432
5689
8268
6837
8934
4058
7436
3522
8135
7940
1336
7783
2669
9398
9156
3844
9050
8351
7965
7689
330
4216
3913
37
1431
1664
9109
4149
4427
3546
5456
1809
822
126
7435
5111
8556
7799
6478
2254
8045
1602
1738
8013
2259
7541
1251
8176
8006
4618
7445
2274
7143
6028
9933
9407
8775
2607
9119
5398
2838
8228
2716
4215
4054
9748
7859
9294
1266
2065
2396
6923
8925
3314
4220
5651
2660
4974
8381
2426
5771
8215
8879
9674
9408
7265
8437
731
2011
202
6045
2664
2696
7654
6135
1715
7929
7181
9200
97
9450
5899
4647
2289
5002
9144
6183
9981
412
1776
484
3044
8756
8923
8127
3799
1779
4521
9181
8332
6178
6583
1409
4763
8781
4119
6109
8922
1735
5543
9673
1433
6093
5654
51
9106
2907
6032
8454
9088
3925
135
4736
8420
5963
3926
7497
8364
459
3756
3407
2987
5906
3915
1594
703
8011
2020
7850
3882
2439
5916
9510
4083
5391
9746
5289
3699
8646
3852
4150
8304
6203
6886
8880
1299
6566
7530
6515
371
6560
8631
1544
1916
835
1576
8551
7869
1368
3116
841
9281
9293
8726
1861
6250
4304
6258
7431
8817
5360
3484
5688
9144
7699
405
4858
4527
4316
8899
2587
2936
7636
6806
6759
9940
6416
8711
4351
6911
9406
9731
6358
4303
8188
6184
8169
9167
5311
3671
9076
7679
8395
5855
5431
9562
8943
6886
957
8884
6829
194
6061
435
3457
3457
7165
7911
2984
2364
5526
2023
4373
4553
8632
448
824
7633
7820
5365
8000
7617
5742
5130
8579
9089
806
4696
9629
3082
5345
6384
2189
1152
6760
4069
974
5925
1208
6029
9692
4062
2280
6841
6406
1543
1478
4334
4730
3294
6516
1485
9784
7593
491
8304
9137
3456
5696
2595
2224
2660
5457
8764
6771
4575
5422
5510
8836
852
1719
700
1474
982
8054
3090
3186
8690
5898
7125
685
5660
9414
6907
2788
6522
5531
1756
4977
7589
9433
9941
7788
6360
349
2020
3548
9340
2431
6795
1117
339
5813
8937
4531
1896
7118
1734
7398
6065
2664
8779
6800
7718
5096
9026
6188
4529
2136
2084
1957
5683
2620
8004
2148
3682
8402
6628
2111
4306
5131
2464
1578
4270
2368
6315
103
1866
7218
3140
742
8929
7947
7914
527
4065
5365
7501
8405
6571
142
3364
8519
5944
3709
8582
1618
463
6922
9071
8678
1835
1355
5870
6651
1670
6923
7707
9426
3317
7126
9253
6844
6089
5514
167
2058
6755
9039
5140
2650
609
8403
6811
8888
3696
282
1765
6987
4321
3914
3295
1489
5385
1026
4059
5292
4537
7337
8410
4311
592
8186
4266
3868
715
3048
9005
5661
5643
3677
9364
5486
207
3266
5435
8628
2580
1640
523
3895
9138
5493
3958
4590
3545
3465
996
2793
9644
2119
725
8405
380
8102
5149
2866
8486
2881
3449
1337
3949
4944
7131
4513
8115
3742
7162
8609
969
9762
270
3041
1600
8568
8052
6010
3958
6961
2022
3562
5480
7415
1413
7235
9814
8782
9671
9499
9789
9004
9319
8126
1489
4498
3594
5393
4344
1603
8204
4495
4333
2093
6846
468
3669
3918
3052
1094
7873
8783
6656
3683
814
7193
3044
6788
433
1106
7943
4168
2401
4254
7904
5603
7872
4952
4230
7486
5219
4451
5406
3057
3895
8004
3144
336
3882
5095
266
3954
6672
7454
1551
9785
2079
9981
5699
3018
4052
3750
5124
746
1896
4844
4991
1761
8621
9664
5962
928
4778
30
4142
2426
4901
5448
7309
6683
3071
5577
2639
7253
7500
3381
1293
9274
6628
897
9908
9899
6593
2679
5057
1075
2038
835
9969
6995
6007
8607
4900
1229
7721
6166
8307
752
5933
8687
7504
855
6247
4922
3508
9529
5568
9093
4096
4786
3719
1308
7869
4156
5909
9366
4501
8639
8652
6609
8971
9731
8047
6344
7832
9055
8365
9807
600
8296
5749
2540
847
1077
4153
9476
9305
9841
1873
1002
9517
8922
4541
2703
2212
8036
3392
6015
6197
5333
4052
4124
8592
6568
2234
8796
9259
1714
9576
9098
3880
4204
5842
305
1558
8200
8392
8435
6379
464
1831
4989
2150
4289
8389
4533
389
4018
3744
585
2032
576
2790
1414
7885
5649
4253
7885
6417
5059
7710
8212
8585
8849
9018
9271
9620
2592
2498
5462
2269
5321
2449
2976
7330
4320
8958
9923
3461
3886
1203
9321
3949
1937
7462
1785
2525
2967
2007
5974
8765
6105
9100
6814
152
7700
9445
8333
1241
5028
5549
8313
7424
710
4125
2798
9658
7318
4634
8015
4231
6571
2347
7518
3387
8110
6915
4024
1919
5057
2978
8251
9138
3395
981
9109
4625
8105
5554
4762
1400
5066
6991
7198
8223
9604
6237
2223
3538
1787
7880
1526
2871
5624
2681
7772
4788
9726
5507
5445
1721
9376
9049
668
4680
8576
8701
690
6386
248
8660
3595
3531
2422
840
8479
6748
7249
1554
8377
9689
4466
8634
2517
6145
6521
2477
3879
2379
6187
2698
6965
5060
2081
1506
6320
8861
9478
1053
3382
1400
3119
3859
8842
1222
2071
9502
9761
9214
2410
8158
791
8936
8087
7808
4455
7294
7782
4811
2159
6789
4001
1596
5765
6496
895
2406
6391
3294
1734
5040
1060
3143
2565
5636
5725
4949
783
8569
3998
6976
8335
8043
1951
5129
3916
6950
6666
6846
6160
4428
7414
2843
8559
3591
6309
5273
5377
3554
8444
5370
3986
8771
8711
2992
9604
4163
8904
6663
4277
3873
6571
5108
968
2208
1479
6927
6671
98
4565
7257
898
6146
5808
3525
6328
1449
2615
8639
2785
1260
6111
3603
1139
5886
884
112
7660
4157
3903
5672
5245
7375
3472
1986
1593
2925
8876
2390
6829
718
3867
2731
2059
6761
2306
4041
2564
6898
479
2371
7669
2442
8800
4559
4356
7076
7630
7395
3227
2917
1856
9782
2496
6393
1442
9091
2010
4614
2502
8749
2706
9826
5827
7024
7918
1225
1941
473
1615
5099
7768
6621
3894
4362
4882
6986
5941
2081
9263
2725
193
8245
5865
2992
7864
7981
1816
753
7799
9276
9770
6577
9925
6534
4880
6448
6941
8583
9319
5926
2161
8865
5756
7389
5141
9941
6985
1203
1466
2950
9680
966
2854
818
1766
5267
11
8743
7896
5682
9939
2625
3581
8056
105
6101
2052
3510
7806
687
6124
7044
2954
8745
7451
3315
8346
8806
3423
426
9442
4674
6413
5527
7840
2766
6258
8882
8064
5051
286
35
6610
8456
7317
732
1150
928
2356
6247
7682
6409
3742
6418
337
9125
2210
4418
9852
8651
4904
527
3502
759
3422
3812
9474
2273
7355
4755
6405
1353
5167
3851
684
6875
6639
5349
2601
8548
1633
8216
9570
7563
179
1702
497
3363
9503
4591
266
7085
9963
2234
3690
7177
2204
1166
6704
5988
8529
4255
1373
979
6368
7427
9553
8167
2442
4946
7787
7296
7373
7330
3219
8810
6323
621
4518
8667
6820
1277
9926
1639
8333
8093
7105
8669
9881
9785
4986
35
2520
7352
7022
3455
7221
1082
1162
8876
3770
182
3159
6835
3732
5351
1920
5523
3339
6355
8163
7860
3043
5745
4678
1907
3035
3963
4498
1338
9267
5054
3474
988
8826
7815
8576
3796
9856
1676
2871
5688
8237
8498
3943
6418
5270
9903
9165
3568
5164
1481
6602
6145
5457
1627
2752
859
2507
4250
3612
2266
1688
1077
3998
7545
1452
1
5997
2499
7473
446
2347
1515
809
2715
3742
9531
2234
6641
8079
2283
3783
8031
3312
5315
6416
880
4605
1954
939
2696
6329
2840
753
4648
7946
5827
5000
4276
2080
4915
367
1264
227
5144
3762
9751
518
2091
6138
3923
5950
3615
7963
2461
3911
315
3127
8525
4384
7584
5480
1652
7314
9099
2565
9000
3407
8035
4190
5617
8593
1827
5435
7035
4274
8914
9760
5639
4943
6510
4299
4995
4147
7058
586
8303
8414
4829
5003
9048
4341
2747
6908
70
5445
9454
3708
155
6488
7332
3888
4006
9524
7823
7364
7611
1092
2042
2434
9078
9807
7690
934
590
3706
236
6275
8985
511
7636
3573
499
373
9533
336
9980
4589
1014
8837
7799
4482
8736
5132
3753
5034
5623
3794
9502
5141
8809
2663
1268
3958
3349
8280
5357
3631
8444
7620
9417
504
4321
1029
253
2591
8443
958
102
1913
6452
9723
8266
3769
5737
5358
453
8845
5041
8479
782
4240
3989
2944
4301
8870
4688
3784
1556
1203
2453
3291
5576
8455
8162
3987
2718
2279
9429
1424
4773
6616
6318
8135
3053
580
2857
4117
8444
7863
5803
9530
8862
7114
7367
53
5824
8675
846
9900
3908
6589
8982
8394
8191
4148
8991
578
8132
6535
3498
9501
7935
3544
1878
5939
8414
6503
9251
4052
5330
6359
7603
8738
8719
2178
4937
8443
3333
1240
1078
1543
1217
8370
5202
983
3344
1993
2856
147
701
2971
9244
7359
4517
376
9736
6943
6277
3181
9840
3645
2828
7584
1420
3375
2407
9381
7099
5622
2586
8522
7560
9880
3383
1294
9081
8648
9256
6943
668
6288
8342
7347
9994
2739
1618
9196
2752
1220
8872
6483
2157
7882
4171
2608
8064
1756
591
8596
8279
1920
8317
8998
4350
2139
8287
4432
8999
1837
5822
6426
9757
6665
191
9182
7975
9637
8680
7406
8542
1168
451
395
6045
1762
948
812
5842
8036
6971
8417
8809
5981
6967
431
119
3572
1477
997
5547
2496
1331
4857
225
8317
5195
300
100
1905
4801
6168
4805
7960
634
3531
1171
4817
7053
5982
767
6092
3137
3589
5055
7753
7480
9460
5971
182
2554
9637
5743
6789
4092
2602
2610
7096
2153
8676
8763
5342
7182
9271
6966
8662
2748
2209
1042
7474
2083
941
2712
1048
9969
8669
2889
349
447
2558
1288
7790
8034
6885
8379
557
8595
4846
2464
9414
9246
1068
4693
1118
6148
3210
7894
6392
9565
7228
9085
3178
4437
9869
3553
8815
6896
3989
1498
3144
2149
5943
1473
844
1993
518
2845
7751
239
5497
9393
6050
5029
933
6955
3962
6053
3434
6284
6912
8768
4532
9089
6516
2845
6012
1820
1196
7119
4685
9456
3191
3278
1043
2660
1747
6840
6720
8004
50
7249
1496
1421
5092
9980
4549
8190
4907
3330
7129
9182
4583
4239
9591
8257
8705
9698
8646
4584
9487
4932
7286
9618
9948
4138
5245
976
4677
7146
9752
894
6839
4847
5824
1740
6931
3690
1438
6432
6648
2441
7930
4768
1092
1312
9406
1477
8057
5964
7014
5859
1074
4268
8351
958
5213
3956
1359
5604
9419
1508
2254
4953
2648
4514
426
6030
9994
8938
7710
2718
4529
5879
7671
3521
2460
8871
5500
8699
7237
6830
365
4332
6601
3005
6425
7133
8985
1985
4460
1655
2283
9033
1712
5927
7607
8091
3073
2682
8509
4571
3160
8965
2237
8401
8546
7486
8310
6984
4085
3534
7088
3176
9699
3927
5892
4329
9720
6763
4193
7974
603
3160
8108
2812
7074
6298
105
2816
473
6226
3106
8444
5523
3722
4704
6821
2252
9007
6268
7205
9830
9199
1486
2185
4043
31
8693
2770
4517
5664
6340
3868
829
4304
432
2735
8359
1048
6648
9599
1080
8436
2942
1741
3720
6089
6795
4613
3771
5464
9112
5763
459
7766
843
9549
3675
5900
5236
6229
3464
7635
938
3337
9641
1274
9514
9545
6398
5623
1320
2748
9973
7310
3830
3940
3030
3858
5467
5236
53
6072
4467
9407
5518
952
5579
6638
2634
8962
4733
1155
2008
8294
1114
3559
6180
8176
7014
4509
4008
1064
2957
4006
8693
2201
5231
8082
9240
826
6193
1284
1187
5769
6181
481
3837
8997
8805
6087
6598
8315
1086
4722
4157
4790
4080
8008
5113
8822
3261
4551
4125
753
1917
3292
9229
2599
6409
8258
486
4143
7040
8173
7036
4325
6647
5149
7806
6302
4726
4450
3201
9523
4951
3838
7436
3313
1446
4134
736
9923
7949
6174
2020
1739
2985
4266
9296
9890
8865
8989
7050
2436
681
3667
6879
8294
1893
5095
7924
2538
7843
9591
4562
2702
6694
6963
6686
404
1565
9898
3445
4394
6671
5865
1834
2933
5778
7155
4927
171
7867
6826
9371
6542
5131
847
4500
4020
215
8136
3101
8427
8961
9894
7509
1063
6767
1185
3305
7810
6219
4205
6764
6063
3442
4595
344
6802
9716
3756
4357
1560
821
2252
7166
5269
7175
4842
2625
7148
974
217
7551
6952
8254
803
248
1169
2739
2609
3913
2219
6749
6682
4150
1844
3834
2975
5053
6931
5410
203
6559
2631
2657
9063
427
94
269
4590
3309
5281
3777
3152
2935
5609
5185
5327
903
8897
4825
8840
4967
2212
289
4518
5264
7959
7256
2106
7427
3244
1680
7220
6901
7935
9574
1464
1040
4306
3046
2017
838
2971
2002
3752
9692
1942
6521
2397
8842
6609
6488
6938
1539
3257
5428
243
962
3629
1929
8238
7791
2596
9012
7585
7958
4647
8792
8052
8359
2192
9143
2587
8486
8767
4108
6618
9943
127
4864
6514
7361
6533
2463
4460
460
1506
3817
3390
8317
2993
6927
9957
6964
2281
7560
9481
605
1044
9816
1449
5408
2134
3943
5353
4630
1446
4536
894
2249
6654
8997
4245
3827
9592
2412
5989
9725
2466
5881
6781
1184
5063
576
5519
8523
5743
566
9215
3439
9270
5380
1139
6428
3928
9482
2295
3729
946
2411
1272
5782
3328
7365
422
4420
6720
1457
5924
4925
5311
3039
4095
4986
2423
3834
3205
7762
2276
3343
6100
4563
8368
7588
4041
3421
7943
6788
1898
8303
3746
8240
299
3763
3101
4936
5368
4186
9345
559
7810
7170
1558
874
2556
2862
1612
7371
2910
5006
1012
4016
3016
6451
8917
4796
8304
6189
2162
604
8290
2051
294
2083
8597
8399
7394
4784
2914
8511
6043
9035
7283
6485
8312
4057
4263
8125
4932
7870
1265
2955
8915
4051
4971
4753
2185
8949
7973
4533
551
6811
1524
5035
5843
7130
1710
6665
5762
4640
8912
8898
940
5864
9971
1935
8533
4318
4783
4415
4442
1697
4807
6305
9880
484
6439
184
9314
496
2486
8118
902
7491
740
12
7036
508
4793
3917
9115
2899
5245
4347
5193
6833
7761
9878
4795
7566
9307
5818
5277
1467
7271
653
2085
3258
8845
9600
5012
4831
5447
6417
3435
5007
8493
8162
2399
6329
1341
9363
3712
8536
1221
4941
2821
4669
6350
7889
8476
9315
2910
3115
1671
1051
2771
3663
7465
4253
7341
1755
1784
8914
1903
1073
4179
8979
1124
4967
6471
3374
6085
3104
7699
3629
1476
7883
4344
270
3238
1539
1450
3438
7865
2652
7043
1897
9427
8697
2091
869
6137
5393
8157
3658
4394
406
3299
5453
277
9652
1039
2357
5032
3948
3100
9283
7599
9400
6366
9560
692
12
6287
1371
3985
7087
3129
3556
6809
1219
8676
266
9461
2026
9050
9647
4334
6366
2952
5788
4154
7435
1577
4663
8146
7213
6175
1523
4168
6500
4217
5135
4969
8770
2700
5160
3932
6686
2087
6086
4312
8199
8906
3428
6326
4726
618
4905
9007
3109
7988
4066
9399
4272
1793
5420
4940
6984
8485
56
5853
3529
3704
8261
1020
4782
6682
6210
6300
7739
2397
5588
6524
9763
3722
8808
2501
2669
1992
1303
3901
108
2453
6325
6384
2308
7133
7520
7453
8920
6325
9101
2093
7501
7502
6181
6603
6127
9044
1035
1511
1528
9330
6872
2694
5403
9186
9524
3134
5876
9425
8267
131
2144
586
9874
6721
9928
6894
5751
9808
1687
4023
9015
6009
8803
3818
2940
5566
7853
7725
4296
2386
4651
779
1915
5273
6666
5049
6400
3648
4687
3072
895
6139
6486
1462
3939
7331
3581
2622
5036
6745
8951
6124
2047
8801
2752
5457
2912
5282
1703
3680
5171
8038
6174
1332
9116
5213
9684
6810
5638
5470
2035
7254
2760
6072
634
9708
4564
4080
4708
6777
6690
6121
7912
7672
2068
4644
3361
2236
7796
9565
2079
33
9938
9777
372
1712
5186
3689
6748
4147
9178
4778
1525
5460
7321
7160
4066
4113
5089
7293
31
2884
2975
1926
4143
2303
2675
6379
6394
6960
5294
6275
2724
1640
1053
6159
9459
7536
4662
570
3054
4929
7589
1904
6727
5143
1421
627
6892
8063
2964
8357
4854
3329
3389
2330
8290
1599
6034
645
2521
8427
9672
8797
1222
1092
2429
5306
846
782
4209
9886
8255
356
4574
1603
9956
8845
3132
6342
1441
1041
8973
4014
7069
3404
7114
8816
5360
5419
8578
5879
6601
9568
2430
1714
9465
1950
4398
7947
3860
57
7657
410
8432
4645
5591
8726
8584
9302
1711
1514
8135
3531
8633
1748
503
342
3526
3958
5848
335
2702
332
2332
7872
4848
7183
5106
6846
6446
8238
4678
4093
559
6939
6609
550
9166
2169
7670
4595
9302
9447
3250
9315
6998
8123
3711
8085
8348
7175
4775
4280
8977
3962
6173
7275
4312
9181
50
4397
8538
9549
2309
5628
9225
1979
2033
1006
9660
3638
9638
1468
4173
769
6201
104
8302
9788
4957
7557
8384
4387
2511
1972
4373
346
9816
246
6765
6369
7784
8891
4486
106
4347
4326
6057
7036
5415
5575
9056
7875
1268
5525
2031
5781
2950
9129
1103
4266
1555
2157
7143
1411
901
2313
989
6207
3501
9189
5523
6485
3575
9307
5973
5697
133
9517
3078
8547
9263
5643
2294
5104
8802
8589
2037
2397
1552
6585
9835
6078
2802
8751
4863
1823
9604
9204
287
4056
5221
2277
2041
7275
3485
3179
3886
7556
4680
8313
2272
7099
9925
3885
9021
1183
9888
5523
8815
2097
1205
6102
6115
6826
9372
4416
1522
4317
6657
9614
9931
8780
279
4927
3549
1042
6778
5112
6122
7234
578
1441
971
2857
1066
9326
3084
9491
6207
9796
5422
3551
3964
1490
2714
9019
4711
4983
1585
7705
5064
802
9795
5249
1466
9892
2650
476
1897
8004
5294
2475
8018
4969
8274
4803
7259
350
6839
4759
9266
4853
1293
36
1534
9269
6776
9186
1303
4088
5474
1736
4128
4862
4808
1467
100
2496
4847
3355
8970
2077
9255
4831
9110
9751
4364
1998
2193
4365
9028
1725
9558
4218
9069
8231
9976
4626
5209
9413
6861
1378
2207
2891
8395
5536
5904
71
858
6041
5890
117
665
843
9413
876
8743
6248
3017
7069
5398
9102
6405
9474
8798
7406
4761
3426
5828
3670
2977
9742
2230
5444
4571
252
1325
4990
979
8542
629
7638
5531
2947
8982
5909
2381
7303
1827
2327
7506
9568
425
559
9427
4790
347
325
3671
2420
8044
9108
7239
4827
1279
1682
5988
5266
3417
1281
3421
5173
1662
9453
7363
4015
968
1372
1004
646
7647
3779
8634
6884
7874
487
187
7504
562
5217
2829
4421
6040
9632
7568
7203
3601
9118
5161
6322
6149
9466
106
5258
6149
7772
1401
5792
2471
709
295
4033
3708
3134
9880
266
3550
4717
5908
1190
3079
7703
716
1732
448
2153
6749
4312
6039
5833
1390
3558
7694
6054
4359
3620
7694
8509
5397
6274
798
1185
2751
4400
411
2197
5697
7326
1467
3674
5784
8458
1931
8087
384
6333
8905
2484
3980
2648
7513
3853
5527
9498
9209
6020
5208
7351
538
6858
1502
8951
168
6514
6999
4583
7822
6561
4833
5994
1461
8980
8114
5323
7028
4529
1956
7850
3478
9967
4940
396
84
8468
2683
2069
4483
4750
6877
2238
428
2876
1148
8179
3415
4438
8981
101
1192
5488
3634
1266
2182
165
1277
8019
6964
4143
9031
7911
8429
7876
3235
3533
661
690
1633
6028
151
8876
6135
4143
3753
5390
8949
7723
721
9892
6475
2413
9628
2117
1221
9166
5509
3225
6101
8386
6765
5961
3462
6971
5895
7253
283
6175
8952
2544
4337
5780
7697
2553
6731
3567
7798
1335
7484
2109
4592
4689
6653
4197
1888
3779
447
9343
587
7198
984
6446
8227
3415
8201
6455
1397
2293
3937
5462
5542
5508
6977
4445
1263
522
4339
4092
2951
8148
8440
5817
4477
9108
1223
7440
6959
3226
3345
5360
9806
8916
9985
2058
7857
9740
8533
6521
8328
8140
6619
7020
390
1794
5265
2214
1490
9797
673
7165
772
8954
3048
2710
1858
6838
6696
8290
7019
974
5508
8886
8066
9951
4762
1676
5811
770
865
3392
5396
7580
9012
8060
450
339
7050
8378
6186
3896
5468
3938
9262
796
3126
8541
1304
248
9070
3141
3032
8543
1297
574
1378
9145
8382
9437
4527
1708
9893
3315
3596
4889
5373
7957
9798
1980
830
5741
2844
423
6603
3938
2431
4636
1924
5278
9359
2670
7880
5151
4867
2331
4811
2673
1363
3089
2988
4942
9942
9208
3854
4511
882
2243
2302
4878
6220
358
988
4522
3232
204
4933
8212
6527
5765
7657
3773
6224
20
4092
8320
6153
460
101
9418
8576
1686
5679
601
3482
4281
6551
9483
8983
1206
5460
7742
7708
977
5787
3904
3519
2870
7766
1900
4263
8564
7417
4561
7908
7257
1612
7254
6816
2904
320
2311
8557
77
3477
8346
3961
1497
8042
3164
9482
8354
1850
4800
3847
2834
6311
6230
4376
3480
3382
7592
4118
6484
9523
2270
9618
4757
2629
7658
349
5626
2941
8
4624
6154
2850
4836
1854
2767
8371
7752
1033
157
5779
4376
4441
5555
3931
5685
5026
6672
4196
1297
9200
5805
8345
3413
5375
2128
255
5675
6112
7477
7085
8871
9145
5522
5667
2846
9804
4255
2615
6549
8434
5729
8880
5906
4109
6494
1377
4369
9367
777
2541
7611
2794
6712
1306
6766
7834
8251
4990
8456
6935
9005
586
5024
7897
6782
2358
5404
3915
8870
4231
8162
9681
6685
2748
6302
5707
7518
749
199
3449
3132
5611
2743
3446
3469
938
8155
3284
1953
4814
3084
5916
8222
8645
4397
2384
2121
1505
3451
6530
2470
4462
9193
5442
7533
9786
8184
8636
6004
7736
9610
6023
1184
8833
3068
1994
1318
9130
990
8409
8881
9109
6716
8032
5683
7499
8473
9418
1950
9245
5737
9804
893
8461
4643
5934
3154
7261
1875
2310
2855
6505
2588
9954
8455
7333
1547
7643
4081
4339
7522
663
5852
3543
9259
6191
9100
4922
4913
8165
2200
7249
9588
260
7536
4821
2621
6565
8922
3230
7667
9252
2638
4966
6170
9868
1557
1084
181
8054
9562
7811
9547
6729
8246
3032
7839
8926
6789
2054
9638
1278
4077
4177
4985
6202
7022
299
5690
2047
5822
2508
1855
5452
3917
209
4015
7993
5229
3964
8227
2158
890
1214
889
8259
2779
2497
9050
2039
2213
3670
2218
9826
3875
8312
1088
2980
7312
6297
8616
7117
5028
7678
5698
8248
4292
2741
1217
5230
8424
7012
4381
7550
3009
3254
6661
5712
5411
945
342
2375
4196
5015
5872
9661
5199
3738
3422
5841
4747
2700
3312
7895
4336
5391
4416
1980
952
6644
7332
6686
7923
9258
7300
6377
5689
6129
2759
2111
5704
8102
1845
1889
5086
5500
279
5809
6551
3949
6171
5376
3873
5550
3862
7179
378
876
3357
9592
3784
690
3074
9335
2410
6990
9594
1051
5351
3639
6339
9592
6834
6456
4171
5425
894
547
6837
7227
1327
3759
5624
2651
9107
5750
2917
377
7928
392
5265
5734
6653
2711
465
1981
8324
4271
1746
7943
9160
1700
210
9620
5710
8504
5069
4534
9396
9782
8893
1176
7866
2883
6651
8508
7522
5849
5573
3296
1349
5002
4674
7335
8075
4939
6671
523
4602
2399
3149
5669
604
8953
8729
8060
6156
3086
5215
4008
9137
738
1763
7435
1973
4079
3500
7310
305
8355
1466
4235
447
8104
3444
5164
5313
5759
4451
7666
5502
9598
1010
2348
6829
8259
1833
761
9047
594
6535
3367
630
8880
9292
5819
3660
5120
1460
1676
1664
2139
8002
6354
9550
3777
9196
7615
8939
2427
6782
1555
1770
3842
1609
3285
5312
8215
9506
4002
4919
8339
5993
2642
2127
5816
9724
5622
1630
1079
5006
587
1671
8775
6569
670
5754
8315
6983
5477
8168
7044
3944
483
8864
7478
4677
2378
3364
8717
3881
191
8860
8474
319
7872
6015
1173
2263
7846
4122
5197
4720
3809
3369
6471
9877
7749
8220
6824
5993
4181
4564
9819
24
2288
3525
810
2800
1787
4871
299
5438
6849
9973
2898
7792
9808
2940
7385
4027
957
9018
3231
2716
2277
4905
9189
3855
5287
3555
8252
5258
706
1767
9270
1302
3509
1580
8500
4430
2740
2486
7436
2096
7668
7276
1791
1475
8154
1806
8174
7706
4664
884
8462
70
6873
1694
7024
2777
5961
1661
5479
8079
3273
1514
6529
8880
2196
6747
4922
7187
4597
2857
4616
9808
4784
7085
2824
566
1616
5419
8344
3271
8817
935
2849
4337
5333
9912
1774
8430
4331
8751
3853
8090
9312
9347
840
6292
9412
5433
2910
598
8724
9402
6382
8641
8872
5763
4479
6377
889
426
6760
1971
5577
9206
8277
599
1721
6377
1167
7773
7183
7676
1612
890
4694
3450
3344
837
4905
5113
2465
8030
7458
8132
2728
8271
9955
4955
5876
9024
1636
7067
1664
3871
6193
3872
843
4734
1931
6583
2472
4624
8681
6982
2991
2564
8063
7914
6277
6231
4114
2948
2858
8075
543
4167
5875
1050
5525
2255
5970
4560
9889
128
3407
6617
1574
7452
3085
4980
5449
4870
8427
1434
6363
2546
9484
4841
5888
3890
6236
13
8849
7987
520
8295
7158
6559
3991
7154
393
8538
4503
3329
3778
9137
1102
4568
6941
8660
4002
1981
8381
1756
3118
1916
872
1101
7531
8173
7908
7248
757
2807
828
9367
1332
5245
3849
152
3617
8875
177
723
740
6678
2357
4507
4044
6548
801
5314
9664
7689
8051
229
4353
96
1276
2674
8528
411
7478
9385
538
9186
2602
7077
1367
4772
4362
980
7461
1687
6017
5947
5038
3310
9249
2412
2857
6579
9562
9713
5803
1185
5660
6539
746
3884
6213
9086
8424
3925
234
8270
3412
1423
5030
2908
447
7517
6968
294
3065
6594
1858
9590
3462
9231
2315
8205
2760
7976
5981
909
7313
7508
2647
1035
1612
8235
4867
7185
7570
6745
1306
9402
784
8548
5810
9778
6239
9444
9462
5299
3078
8764
6099
8381
979
4196
7046
5989
8148
6241
5336
459
1315
3994
370
8238
7334
2835
2689
1819
7477
1621
5623
759
4236
7237
4035
2274
7502
2306
624
5849
2750
8956
9005
11
3020
2810
2901
7216
7192
509
5424
7720
5560
2209
3998
7987
460
9866
8533
3535
2078
9620
8333
9216
7262
3256
1078
8204
2607
4400
9867
5265
8526
3880
1307
6748
5058
3712
128
2279
4590
187
6384
217
379
8462
7129
6379
6750
54
9705
9695
1653
3234
8814
5667
9763
7383
4332
6126
9311
1263
5444
3938
4362
7278
6977
8741
39
4440
99
3799
4853
1166
9651
890
7565
4679
46
8282
9566
5042
6840
6142
2338
5589
4314
74
1909
5581
2025
4906
3469
8738
6648
8083
2300
9931
1954
9216
8574
7015
8792
1830
9558
4043
1431
5162
4890
2513
839
1755
5280
2803
6690
8030
1967
5502
7168
9395
2851
7293
5630
9803
4307
8135
8250
3418
7607
8240
3858
1963
6428
300
2650
2324
2479
921
1617
2297
1788
4733
1209
3001
7270
3622
3170
4380
1494
9150
5320
6549
389
5911
9120
7947
7007
4775
4195
6078
9766
8617
843
6544
5325
916
5548
9111
1849
477
5161
1249
9601
8265
3023
9003
4112
8530
7883
6549
2247
6000
9584
4811
7061
542
5313
328
3991
212
5096
6888
4339
6224
349
1036
2636
434
7078
3894
6823
9008
2542
8721
3003
7606
4300
3858
7937
7319
8909
8832
1351
7682
5791
7506
4034
5688
626
2672
8765
7329
2912
772
5944
1107
7557
2506
3818
2195
2444
6562
1600
5017
4271
2802
5453
3124
4883
2777
5909
4749
5403
6659
400
611
516
7887
9321
8056
3777
1260
5825
6462
1511
526
5783
8156
6360
265
9557
5421
3149
2480
3209
257
9758
7709
4771
2319
9448
1385
6103
2673
3051
3240
1205
7824
6429
566
1142
3375
4469
8635
5254
8626
4411
3153
6604
738
10
3181
8828
1609
2492
4316
9065
1733
2867
2556
7493
4394
4947
1101
1760
1943
2738
3822
6384
8811
3332
26
6686
3496
1269
7986
5984
7117
8417
5293
2214
1379
6953
6618
9244
8723
6007
4008
5022
7520
1254
2285
8078
451
7971
4553
6784
722
3749
5220
8107
6460
6709
6452
2861
5596
4222
4259
6917
5717
7083
7479
758
6059
23
6591
9154
3503
5704
3462
2169
8256
7724
4715
7415
4829
2396
7592
6449
3164
7016
868
4267
3009
1973
1814
4529
7995
3499
3373
6201
5765
9501
9653
6726
4543
4465
8794
7034
4143
1352
3279
5151
9302
4805
3435
9339
2138
5342
7665
8828
9182
9225
5330
7562
5790
8318
8502
537
5980
9105
8228
4122
9339
8418
9169
9387
9570
5673
8026
6797
4274
2889
1817
810
6999
6063
2619
4364
3290
2347
8782
3033
5647
3804
3818
7822
379
1428
4559
4601
6847
1870
5925
3643
1302
1587
7397
8362
1015
8912
2471
960
9461
8370
3849
6264
8238
3315
2953
3507
7218
8267
4438
7601
9757
8025
669
8258
8786
5285
4629
5554
7599
757
6005
4574
8459
9781
975
2966
7888
4000
6806
3922
5439
6141
7977
7300
9897
8428
3661
6170
4252
6808
787
2581
8025
6490
1748
6544
2986
8593
3253
8769
3453
9372
6235
7463
7657
4378
2157
7178
2649
7240
163
9418
8935
2029
4158
1464
6334
6325
1457
2861
7268
4781
4102
4377
9010
5966
7899
4056
307
5052
9714
5887
8
8779
7273
6940
423
8446
7997
5152
8109
4636
6070
2836
8646
8689
2628
9878
8325
8844
3511
3039
835
2328
5331
9026
7989
1872
6569
7287
9916
895
5731
1531
1542
3191
682
2639
8116
8465
2355
9748
7150
5019
4101
5041
9815
8888
1368
8515
3738
9303
2030
5658
9132
2615
5766
9821
133
7185
7636
2170
9665
2557
4697
8828
5065
3548
3749
6971
3128
7408
3575
1107
4023
2803
1910
3736
1115
5675
7055
6597
3883
3738
3413
2740
8771
3832
9305
207
6629
8758
8428
2659
3439
586
4849
866
1497
1894
5498
7319
1090
7436
4422
1351
4220
1232
5302
8411
9301
4929
5625
1295
531
9617
2699
4634
6155
4832
9493
5754
9874
8717
349
8041
4128
8932
6582
6237
7933
2550
3748
8742
5464
7129
6672
1471
8012
7913
2368
2315
2515
3200
5249
9057
689
2880
6260
8247
3396
4146
1581
3511
8966
4846
8366
3443
9265
4163
3175
9971
3868
413
6524
7441
6813
1424
2712
8018
2633
3933
7233
9046
9764
8999
2087
2151
2619
5035
4027
5941
7766
4239
9363
4672
9001
7076
5782
5887
9610
7962
5161
6475
4767
9235
8699
8405
2361
7725
8050
3557
4890
16
4199
9882
5380
406
4786
8161
5373
7016
8874
2653
5981
9123
6519
4039
2257
355
7677
3043
916
6384
5962
9412
8077
5937
391
3299
7068
8926
9839
7433
8251
9997
8838
8332
1748
5099
8579
9961
4314
2073
3971
3692
2575
2980
6917
8637
5275
460
2244
2787
1295
822
6982
5705
7097
1229
1093
3056
2346
7832
9460
2962
8267
7606
8984
178
682
4060
4980
1807
6995
8522
6778
3921
5194
7959
3665
1540
7314
4618
6610
3862
9689
468
5556
9127
4631
1023
7147
8615
1597
1155
2136
184
1897
8975
4249
1803
6811
7691
6322
2220
1853
3697
1515
6525
6085
6154
3947
97
8376
8217
4732
3690
1450
4911
1271
2197
6639
4147
8115
29
730
177
3267
3455
6253
2201
4361
1868
7452
8264
3301
8769
7833
9825
9351
9008
9476
7022
1543
952
9686
2097
9265
9364
6658
5565
3065
3471
3537
5029
6992
8977
8110
971
8120
1448
2323
4144
273
5515
7658
2129
8375
2294
8349
1634
9154
6105
6170
5871
6212
6305
1582
4915
1844
8953
5012
9385
1529
5248
468
6924
1979
1802
1120
8641
2428
9890
9118
8017
7758
9820
2831
2997
6405
3520
7252
6433
4894
6253
363
6720
8651
4876
2850
1343
9924
4417
1341
1929
1980
337
8896
8015
8941
2211
6330
3271
4236
8298
7545
2400
1131
1216
5440
8660
3249
8630
1780
8533
3653
8146
3157
6739
5444
940
5896
4265
4697
5901
7693
3199
2247
3457
9780
2756
2757
7666
3632
5132
1419
2049
4210
2597
3168
8392
5628
3021
5258
893
123
9307
1823
3444
911
2455
8046
8576
3853
2302
5569
1817
9734
3918
9056
658
8109
9806
8345
2855
9290
7888
9367
2174
7021
9272
2505
7179
5923
8898
8884
8066
3886
9486
2983
6457
6092
8050
5947
9816
3029
7658
7793
1895
775
3002
1298
9677
4793
978
7922
7845
3466
1107
7000
9926
731
7270
4085
1407
1920
896
624
6953
5151
2362
1870
9419
5061
2270
3872
85
9380
316
4590
3416
9043
710
7136
6745
422
6262
1103
4406
2415
9691
5039
1725
5855
4355
227
5237
249
7462
7057
5818
2117
2891
1043
4748
3616
62
8968
5958
6647
8372
822
9854
3669
2491
600
3250
9035
5123
1232
5946
9401
7885
9431
455
9117
6988
6328
6737
8324
4592
2650
7619
3580
7205
9470
5020
5278
7020
3572
5480
8522
1559
1677
608
9659
7435
496
4159
2176
7548
889
8255
1368
3350
3383
9745
2522
772
5112
4498
812
5562
4981
1675
3001
4848
2224
6726
3113
6463
4838
5025
7727
4572
309
1043
5836
587
8227
2584
1368
5594
964
714
2660
1068
6115
6745
5027
4
4934
5496
3131
1793
9813
5573
8821
9845
9430
1802
7446
7230
8885
7132
4380
6246
9403
6242
3847
7759
1117
2416
2982
2039
3654
391
8251
6314
3890
6809
3860
6659
2449
6003
4902
7097
5760
1855
4870
6076
3750
7109
8701
3542
1806
2752
263
1140
6961
870
6977
9989
7777
