5593
5691
1081
9099
4013
6161
6675
9933
3906
3138
5862
7427
1933
5577
8010
4009
4912
3292
9424
6477
4064
1132
5632
6537
3624
2736
1112
9692
7675
8104
1527
5436
9957
1390
5668
3213
9465
572
4179
752
4863
7049
3535
1627
969
8015
4049
3921
7524
5105
5763
3116
739
9156
348
8429
8387
7065
7891
5385
478
1044
4759
6557
9803
8108
1427
1817
7300
9221
3054
7462
6409
8826
3056
7031
60
1513
943
3440
2637
1744
4054
5564
7874
2483
3366
6259
8570
9758
9710
1067
6104
2982
791
4745
4710
2678
8441
5641
3995
2506
8005
9425
384
7165
1307
3169
8355
6356
5389
9576
2880
7649
7909
5236
9045
1152
6205
2438
521
7916
2194
4247
2056
5583
6990
7731
7628
9544
8422
585
9800
8440
8712
2087
7506
1896
8063
3357
3907
6002
7242
3816
943
5129
7172
7670
5254
933
4498
8949
924
7944
5978
4897
1481
7271
2242
6172
1427
1086
8830
1329
8369
2028
8942
3193
3144
8818
7335
7911
959
5789
9967
6571
225
2653
8832
4090
5311
4241
417
1760
720
9956
749
2129
7348
7096
5019
5009
1777
2240
8195
9744
4887
2400
3494
5885
1673
9353
6901
7837
137
5624
4975
7952
6441
1579
1661
4494
5106
7604
680
4100
2780
1535
2069
8049
8868
5656
2534
7230
5544
6091
219
2041
9336
5284
9078
9959
3442
6823
9483
5669
3413
7991
2119
6624
9339
1586
546
8288
9762
8052
3620
1458
4636
1773
4455
3877
9959
125
724
8836
8684
2244
2232
8116
1942
1665
3538
8990
9821
3379
1612
9959
5200
9417
4575
4971
9588
1366
6074
8039
7335
2395
3430
8612
8154
9940
4655
4879
4704
8415
7905
7290
4390
5581
7182
2242
7419
2348
8497
5062
292
1467
8862
6356
813
7269
7309
8171
1549
4351
2289
9175
7486
164
8204
5213
7411
1771
3254
3840
7444
3786
851
593
5995
1492
8899
692
7227
7637
7696
5683
5015
4296
9303
6046
3657
2092
8828
1110
4390
2871
195
8065
3289
6786
9340
1814
8773
4097
1738
8092
5190
671
5606
1492
4879
3114
8802
7043
5866
5001
8751
967
6283
2489
4901
4463
7755
1608
2856
8175
1728
3094
9959
1875
9589
6757
8979
784
7597
6552
9471
8246
8839
5695
2826
9087
5216
249
9561
1760
5703
6095
4330
2434
4374
8661
1113
4718
529
1845
1714
5645
5885
5813
6255
6222
817
4941
1965
6093
292
5849
9298
5229
7214
1503
3093
8237
8470
6108
4430
519
8997
699
3534
7895
4945
8684
9208
267
5655
6749
8548
7975
1246
3773
6478
2018
4798
5226
533
3224
9342
2885
961
7941
1557
1015
6255
6910
6320
5227
7723
1572
1113
6335
8516
8464
9248
1453
3609
4891
8835
192
7089
2490
2730
9584
1605
5870
9742
2052
9904
7959
3114
6676
4155
5564
2784
6085
2332
221
3326
5476
954
1279
8271
4810
5540
1149
4810
3179
8778
4589
3085
2782
1827
3237
1278
2846
8339
7577
2997
870
2874
9538
776
31
491
5219
3941
4506
608
5626
3283
7059
4361
2916
3333
9677
9633
9324
4751
2854
9055
5191
9066
4241
5161
72
1798
2526
7568
685
6131
1478
567
8958
420
1546
8241
40
4404
7162
2956
8476
6895
7201
7770
9987
8770
8544
585
7782
8081
3818
8545
6058
2301
1095
787
1664
2868
5966
3604
4807
6540
288
4328
7451
150
4598
4422
6845
1876
1444
100
1336
7889
3390
5766
8568
9760
478
1454
6662
8635
1743
8687
7991
7504
9405
5635
558
1560
7889
4988
1591
7477
2306
6384
3289
4518
3171
8579
4719
6131
9561
2609
7365
444
8585
1686
7316
802
1980
3677
1046
6561
2405
639
1907
1955
181
1721
2158
7865
204
4496
7697
2496
3620
9549
6099
3932
5240
6565
5860
3721
8881
1664
4842
3979
3465
5427
6009
8199
9088
3679
1011
6870
1687
7426
4375
1746
381
8131
522
6397
3396
3872
2996
5675
6772
2531
7417
3580
329
7609
3090
5499
6139
4055
5736
5598
4291
5837
2256
8753
9615
7598
3104
1616
4296
9316
9189
7575
2872
8171
8576
1869
7707
9346
6294
9995
310
6376
5589
4825
1468
5554
9632
9287
6278
3785
3825
2548
3595
2158
8316
9038
8923
4410
7600
146
1546
1628
5790
1903
3060
9301
6218
3432
80
2389
2606
1419
5959
7089
8485
7706
4491
9202
8221
5364
6240
7902
6377
4917
5460
9053
7684
3493
7358
1348
269
2477
3680
7840
1627
8742
8695
5592
4933
7029
1381
9151
2197
3277
4731
5138
6907
5897
4389
3671
4545
7656
7049
2609
627
9945
6211
9606
183
2598
8116
2469
1014
8656
683
4076
3477
1156
6311
6119
6620
2880
6308
1484
1102
1625
7999
3233
8389
9612
5259
6109
3202
7698
4018
7842
9558
4478
793
322
6318
9352
4115
9515
3343
8581
1880
2615
6360
8778
1394
3790
9444
4707
4585
2393
3992
1403
6984
4722
9098
3062
4728
839
8502
8020
6819
7893
2565
2193
7703
8844
1179
15
7377
5918
9132
4143
4026
7777
7243
1413
5187
3786
4228
4603
1660
9407
96
9380
4062
4937
4556
6747
3553
5186
418
401
9779
6822
8514
4737
3804
7351
1813
1559
7993
1517
6813
5497
5513
4027
3
5874
8903
4525
2608
8564
8113
3967
390
8930
893
2161
1044
9499
695
4740
9070
8798
7854
9909
1590
2383
5094
8159
2567
8719
1365
2008
7002
2307
4904
2254
5685
6749
1400
6147
9410
3490
5908
8711
5760
2154
6278
2033
4819
7510
4157
7720
4359
5051
3840
6748
2206
2829
7850
8669
3919
9264
1848
3847
8400
9635
832
1375
8275
3577
3759
7341
2041
100
4926
9220
106
4842
9772
2
441
7849
2542
2438
7287
6105
761
9856
5380
538
1002
5366
1353
5186
8920
2811
7388
2475
3562
3945
7839
4602
4164
8057
5166
7306
3185
3653
9154
4618
4510
9874
8983
8911
2872
196
5363
839
7073
2281
9500
8965
7850
9812
4053
2690
8685
2760
1129
5482
2170
4996
762
9540
3356
9540
6092
6198
6836
5248
8963
2418
6294
1429
9035
166
3890
6031
3421
9990
7052
5460
9882
5980
1618
4712
3139
8040
6305
2803
1700
2386
6543
642
7360
3161
9877
3420
3838
8121
3846
5893
7486
3988
1397
8355
9743
4589
1941
6990
3212
6775
818
7663
6395
9523
7181
955
9150
9608
4845
4663
7913
3750
2335
8327
5008
3637
6401
3875
6822
1290
3207
5721
3729
546
5875
2096
2391
907
752
5068
6320
3693
4806
4275
8035
8545
7199
5233
1726
522
3981
539
7159
5487
2328
1093
4965
2285
5338
1514
4756
6767
4173
9530
6807
2051
3591
6029
2954
4341
2731
7184
8503
3256
4542
231
7828
7911
3860
2315
8536
8530
4608
2747
178
1491
7087
2402
5225
668
9212
8750
5476
9860
5260
6644
2089
5965
5756
9204
88
7678
475
6660
9964
2760
6769
8484
4175
4346
6093
8456
6414
5460
3813
1770
2192
9672
8341
8142
3397
2756
3469
5820
1233
7658
9028
2839
7738
6543
7593
8341
6682
9259
5627
4890
4949
2971
1798
2772
7271
3191
5570
2573
149
9647
498
1337
4814
9463
1080
785
4021
4516
9297
946
3087
2563
7144
8309
447
3783
6018
960
2107
5522
7887
275
7279
6679
5722
5329
5642
936
9184
9121
3986
2197
1376
7166
9635
625
4216
4378
7503
1659
488
7977
9508
5621
8109
934
2122
5561
195
7285
5428
4650
3510
12
5208
3765
2344
4165
9334
150
5626
3990
1369
3560
9189
657
9922
1447
9959
1198
316
7979
4530
3443
423
4275
9458
5511
4689
1021
2611
8028
3490
6361
2381
219
638
371
8128
4783
3225
1774
6296
8933
3131
5522
1300
4644
2416
4509
9089
1318
6822
4515
847
5817
4954
9412
9962
7790
2698
9728
6689
4096
7883
5451
1925
4110
9230
1924
1553
8287
8563
7141
6131
4279
7615
1427
4180
9372
1484
5568
2350
167
1858
9802
682
2611
950
6252
4778
8710
4028
4247
7583
2196
8353
5658
7499
4891
3304
5022
8711
3939
1472
4782
7186
1241
9806
7055
3022
5785
6473
8939
8249
4264
4363
4112
8861
1271
2879
9853
3204
6539
1061
4226
524
2863
2450
6776
7531
9302
7207
4238
9084
1771
2842
2195
7893
9347
9727
1320
7240
2749
6222
4409
660
3348
5514
6879
2977
3151
3159
224
4628
1371
7300
7077
8158
3876
3755
8418
900
9557
3891
379
9634
2312
2020
5000
4561
5571
5115
6552
9009
7882
3553
1723
3883
1773
492
3932
768
6038
2873
8882
1331
1196
4452
3339
9133
9264
5788
3296
5394
8079
5546
6833
3826
5286
8228
6389
9634
6467
4425
749
5544
727
9068
789
7523
5715
5832
3665
6501
8166
5907
6090
1562
5580
9696
2278
4075
9465
7660
875
3157
3731
3849
1621
4795
1758
7855
1277
7952
2032
1459
8832
6561
7992
8601
8940
7761
3393
2499
7773
7146
5535
403
8475
1057
5663
8176
1696
7553
9724
5963
4234
1388
4577
7444
4858
8112
7339
9481
9181
1858
2556
897
3802
2328
4779
2064
248
2658
6851
7703
8837
6460
6479
452
5227
3250
186
6176
48
9547
3318
5189
9372
8511
9486
4292
7186
4543
3082
4271
6553
1195
7712
1712
1631
9475
1585
1761
2900
1205
6758
5611
306
4693
102
6691
9425
4752
6251
7938
9604
295
6188
8112
383
3952
9933
1240
1026
792
4771
9354
7823
6848
1298
4147
9722
7979
965
1037
7624
2746
6678
7301
8662
9881
9815
7658
5805
2192
4034
4243
7751
6152
1143
4712
9677
7627
9629
9537
122
2350
9908
8664
9581
5000
291
7746
7551
4823
9983
7633
4684
8554
866
5436
3234
2093
9735
9524
539
3242
6720
1463
3501
5747
4484
6801
7801
4116
1692
1771
1926
8567
5758
3082
9800
5422
7476
1866
5582
6739
5481
8459
327
1687
9448
9199
6033
9835
1427
2923
55
7428
1232
9729
3740
9235
7513
7542
2987
5971
3643
9467
1433
3991
829
2795
1765
2068
7317
6730
4810
149
7724
2242
4472
4761
9211
9761
4557
3088
2935
755
6623
2198
3179
549
5748
5178
3062
4569
9286
2796
3116
4778
7851
3020
595
552
5140
5625
137
7487
9321
1746
6928
7752
5700
9177
6023
9687
9876
2672
898
2580
2463
2952
432
4041
3129
6349
1646
83
8113
1034
8225
692
5896
9744
2982
6539
9663
8865
2196
9365
6812
5787
7614
7837
8045
9658
5444
6544
1858
1558
637
4734
6896
7315
5169
886
6947
6845
5813
9823
450
1615
8129
9052
5161
3249
9668
6325
9636
7114
7198
4186
3212
946
2654
6932
8762
6502
9735
4685
239
3535
1472
5949
5742
9141
2965
8638
830
9699
7782
3233
9867
9402
4026
8123
9375
9623
2912
5678
7371
8362
5836
1721
6842
3360
2559
141
3154
2659
4124
169
3358
1713
9518
9780
5854
8329
7684
9073
206
5793
6347
3015
8813
7819
8255
9534
4813
5265
4523
7357
2694
4315
6758
3976
4021
9762
222
3704
3528
1666
9963
3841
9557
4397
5646
4627
1904
6706
5582
5159
4440
5370
6509
2725
5203
35
2237
5348
5420
4788
4607
3791
9817
5772
6596
596
6860
6794
2484
1787
5227
5166
7168
7059
6246
6051
9392
8976
383
4980
9882
7981
4742
6665
6857
8487
684
9564
441
9189
764
3336
5043
1141
6602
4760
8819
2499
6187
7804
8225
5159
3112
5463
368
6075
7461
5112
3801
6897
3769
7330
8302
2284
8579
2897
4350
6668
7639
2121
529
8574
7036
5143
1148
331
8019
7326
66
8736
1397
2114
7461
7772
9283
3978
8572
2229
5356
2670
9382
7679
9828
5496
9980
6138
2019
9541
6348
8272
1028
9532
1112
2885
6130
5929
234
7383
2003
945
7385
2080
9102
9155
6456
8402
7101
2664
1166
7638
2838
650
2164
9401
3667
5244
2689
6634
154
9456
9542
1936
2617
4400
6760
7789
8833
3126
1450
1720
6341
1557
7709
486
8719
4002
5424
3349
8519
1319
6891
4607
1211
6107
1364
8789
5996
2842
9510
7551
1726
5637
5553
5243
9560
9427
6373
3227
7127
2593
2015
1692
4286
2059
8234
974
6337
9365
4340
6292
2456
452
2337
531
8913
5035
3813
7596
2570
3403
8907
7278
3478
9727
7171
3563
4294
6980
7804
6760
6418
7349
3713
2307
3285
2528
9026
954
9196
3216
7660
5525
8588
2705
9170
7536
2150
3859
1679
3701
5085
7660
2167
3476
2878
3420
7531
3525
9838
4895
528
5234
3698
5442
5722
4877
351
2959
3384
8800
5292
3881
7155
446
80
5650
1440
4514
1872
5704
2181
9793
2752
1109
5301
2161
9498
5612
5741
7188
108
4608
8791
6559
9328
8763
367
9423
3715
5080
8323
9798
3579
5519
7325
8076
152
2010
2643
8061
6833
7507
5364
8873
5822
8988
4104
4603
6920
8772
209
6105
9287
1875
3896
8210
4233
8915
1526
9515
2128
3016
6497
4997
8797
8985
6840
7766
1261
3960
3933
2657
6729
6649
187
5245
2965
6230
2062
5486
5378
9490
3093
4494
6784
9788
7972
6357
8060
8763
4390
8288
6267
4103
1910
2270
8992
8315
977
7506
9197
1136
5771
7146
4001
531
753
4411
3765
5898
8834
2039
692
320
9354
214
5934
2823
8463
9628
160
5218
2047
7957
963
6396
1300
6623
6064
9441
2167
4749
7129
4301
7035
9894
2563
402
7701
2140
5054
3106
8934
9692
2927
8969
4276
3270
5689
1589
5181
2994
4118
4044
5563
3116
34
571
4580
5865
6932
4031
9461
7271
8803
3782
4414
7653
7345
1812
9234
7745
9722
9003
4642
7120
1336
5124
328
7879
2893
7026
6488
5710
1453
124
1410
4933
7184
1688
3028
4446
1399
6551
9264
5874
9044
9344
2932
8855
192
1969
9379
6475
6761
4486
6522
5711
6886
3018
6171
4726
9625
6390
3813
8887
6758
762
8142
9642
1683
9517
7607
581
620
7038
8656
7693
3407
9064
7327
6944
2900
2654
3811
6682
2199
3401
5525
18
4799
6900
1845
7855
2214
4439
4278
5022
2523
9204
8899
7931
3190
6142
2389
9951
9115
5510
3657
5535
4103
3816
2915
4472
1361
27
1837
1359
710
4969
4271
5226
1500
7507
1405
6433
7398
5898
9000
7655
6992
2266
4171
1775
8768
2622
759
2693
4799
9923
2734
2560
9781
8169
4197
6153
2610
7911
8581
8627
6591
7292
7819
8257
1028
7243
8518
3808
1749
8380
2671
3009
1685
760
1970
9020
4309
2933
6721
5382
1965
4265
5255
9319
1065
2655
3472
7429
5121
3227
5443
1414
4840
5318
7816
5392
4331
5299
3759
2518
1401
5011
5135
6483
9873
8288
1440
161
6553
1725
4752
7885
8628
2776
2526
1913
2603
8768
5604
3576
1443
3300
5991
9669
7929
976
5097
1367
605
1472
7502
9690
294
8576
8434
7968
7320
4922
3857
9684
5850
6180
4241
6797
9997
5895
4848
9888
3480
8518
4378
2733
5153
601
5960
7615
9018
7196
3019
3981
9951
3089
9212
6882
6641
9551
6412
2027
2958
2397
5495
9624
3696
6948
8810
8987
6277
8664
7995
1028
456
7202
263
1069
1747
3070
9195
1435
9785
4673
832
2274
730
9061
1319
4477
8410
1482
3957
44
3909
4210
9464
1348
3166
5837
5989
6485
9790
6108
2551
2211
4830
8648
3999
5531
6427
8657
9778
6164
1011
6181
4098
708
317
1775
4735
5779
7032
2835
1982
5667
966
8806
9411
8536
9871
3092
2831
8310
600
7395
566
5573
1117
524
4199
5060
5895
2856
8019
4126
9383
9388
5671
2242
7395
3450
7380
3079
4362
8864
1528
4315
7395
9760
610
7838
2661
5094
5053
5225
5680
5911
5594
5492
4029
3679
3424
2560
8569
3088
5281
7785
718
969
3207
513
5568
4597
2772
744
3627
6277
2534
200
8705
6955
6079
7033
7495
5383
8392
1427
2939
4434
1628
9795
6767
3148
8777
7414
9863
4471
5781
4171
7306
4960
7735
5146
2164
5347
4775
289
7304
4169
4890
4261
4665
9504
2189
8789
6320
7629
5123
2330
9779
6222
9644
6032
1859
5281
472
8761
3826
9307
953
5296
6938
7175
3025
929
8367
4632
2422
1960
9038
9925
2575
2210
1270
9103
352
4017
6464
6154
3802
5050
4437
5957
5658
9310
9565
2849
5419
395
1911
8473
1289
3303
6556
5944
3837
9528
5633
8073
4575
4067
849
311
9572
5637
217
442
3466
2393
337
7900
5759
287
2930
7094
3212
3111
1503
5773
3540
593
7037
1787
8099
2120
6069
3659
7129
7235
7579
555
8883
9895
709
3853
3054
6897
921
6212
8956
6163
344
8220
1149
1602
2956
2244
9527
1662
3408
2944
175
1488
6944
9753
4375
1747
6726
5718
5825
5756
2923
4837
6343
5532
5976
5248
5736
2311
97
2358
5542
1677
8346
3933
3829
8747
6579
7865
8690
4219
3116
6552
4310
6028
3321
1148
2356
7481
7570
6043
9703
5867
1810
7013
6496
4710
8213
6316
1267
9149
6994
2660
5529
8880
3488
8109
8465
9971
931
7754
4824
8313
8200
9593
5062
4408
749
5630
2353
181
688
8406
1017
445
1599
2193
5052
3039
5951
6894
1956
9350
435
9310
4506
9630
849
8395
5890
2052
6620
1916
4385
5403
8309
3239
9228
4994
5668
8526
7192
9380
8711
6989
4044
7191
1798
2260
2152
7103
2568
7525
9020
5998
9911
9744
804
5032
3264
4466
4416
5623
5749
1071
9527
7587
835
4775
2353
6803
7228
2234
7920
8460
7459
100
7242
7578
1115
4445
4139
7701
5788
9992
2526
8065
7429
9382
8113
1026
3408
7438
426
5591
9221
6540
7420
4129
3936
2249
1925
3323
1335
294
9369
1655
7655
513
6224
4971
8412
4566
1720
2183
6982
3842
8578
3735
7128
9615
3692
9340
2711
497
1245
561
3646
7353
9551
1124
5500
3863
5115
4708
5001
3906
4831
9950
6528
5249
1414
2647
1530
1067
4804
359
1633
3398
2546
5145
8759
6963
8654
2507
7940
2561
9938
8871
3871
4822
9155
1490
7361
3053
2885
9232
3896
5298
6411
2997
3752
3047
2300
6249
9504
9571
8481
595
1138
5510
3205
649
7929
4309
7520
8413
3556
3669
7086
1063
7705
6984
8040
762
8616
5160
8625
4708
8606
6694
6587
5224
2014
7092
100
7210
4244
3975
928
9467
5256
5652
1836
7979
2273
8046
5167
1023
6454
3403
3469
8426
5258
7875
3125
3200
1042
7124
9
6491
430
1962
4935
3735
1916
8547
3278
6360
1358
4896
7192
8440
7480
8477
729
5445
8086
979
1389
2771
3338
2109
9716
6352
4135
7732
2953
7379
6773
4594
3789
9697
7975
8544
8151
7749
7269
7999
2053
4340
9423
7325
175
7274
3149
8822
9734
5097
3443
5378
3430
5221
7306
4075
2650
5911
6597
3277
3335
7347
7005
6239
654
1684
9616
9474
496
6713
1619
2442
1523
9032
3670
4040
2228
2867
7872
7664
4886
9189
1205
8052
4548
7156
6051
6679
9645
9719
4727
7356
9813
660
4032
4458
2507
818
3591
5677
8601
5721
8261
2277
90
3971
9105
5579
9196
1669
4977
9610
5066
2278
4845
7721
9470
1503
9222
1489
7607
5479
4898
5499
9823
6174
9052
9056
1398
9755
786
7268
6712
3283
8900
5432
8104
8010
3380
202
3509
2269
9086
6920
1254
6100
7333
6503
125
7027
7963
8165
6238
2215
254
8149
592
3460
9080
5735
1889
1852
9919
1484
5211
634
9465
7813
2311
717
2759
2508
3941
9978
8717
7147
1218
6943
2828
5791
8764
7283
5187
4563
4884
4752
9320
895
5665
6710
9617
3370
884
5738
8572
4342
4317
7064
1402
6651
3161
7953
6764
2045
3863
3173
258
4156
6219
2612
9850
3639
9788
1743
638
2231
3698
9820
2133
8739
9329
2370
6994
5537
7243
3036
1866
7362
8986
8884
4366
4413
8444
8431
670
54
5651
6869
4647
6983
570
1898
942
9142
8451
3600
4087
9680
7295
4069
2486
2086
3829
4421
4334
3480
5110
7410
7498
604
1075
8640
9078
7187
7701
2606
4568
8815
3079
1238
1254
5764
3706
4717
1701
4654
8772
4508
143
2145
5886
1612
3457
1520
6057
8130
5090
2822
2341
6242
2161
824
2703
5319
3726
6237
1864
8812
7134
6533
7216
2095
4951
5999
3530
512
1070
2903
6246
5489
8553
7517
8400
333
3300
6900
6554
3553
1784
3238
6830
4656
3746
2236
8458
9031
7365
6684
6347
5982
8053
6901
301
3672
8826
962
1767
7319
8325
7714
6585
6857
1933
6113
5178
5622
9863
1574
3720
5398
2320
2442
1102
1667
4933
1865
393
4040
8963
9352
8295
431
9886
6300
4706
9184
3241
4029
4258
6507
6070
2283
1358
644
4239
6123
9484
7050
5381
4065
6165
3161
8342
7876
2710
5002
3132
9088
8685
3091
3433
1330
6762
1324
4922
995
9376
9439
4197
4914
1688
9198
6269
4724
734
7804
5598
4460
9665
8303
9773
8053
2876
8698
1165
5321
7069
8555
9654
7120
6686
659
2801
206
2307
6031
408
8735
6607
5573
209
1648
6825
4676
1193
6430
6281
3742
8446
1713
2729
555
2761
5587
8908
2988
7645
6268
1936
1679
6326
2415
9532
5354
4886
4919
6351
8334
9827
929
2050
4568
5248
4874
5369
6823
8490
8779
5059
7033
9461
7754
7546
7516
801
1239
7838
9822
986
3808
7979
9519
4992
3859
4998
9145
6593
8714
4712
6024
4657
2369
892
1001
773
3658
1727
1457
3264
2653
1669
7479
7034
4622
1577
2921
8601
4250
9724
3952
9389
4620
7838
8367
7617
7797
71
6824
481
7123
891
9760
578
7307
7259
6300
152
3093
5221
8024
9008
475
1092
597
2956
6370
2458
9613
4448
4205
3748
1405
5963
5296
4439
5209
8795
9678
9749
3292
8601
4375
3523
6582
2081
996
5045
7923
18
9763
8083
8533
2394
563
501
9778
6997
3549
1030
8477
609
2613
6872
1659
4333
5280
5701
6466
9848
7357
6268
9012
8036
9021
7277
2583
9951
5974
7211
5524
1433
4253
4426
3430
3749
6654
4010
7555
1508
979
1321
55
6480
5924
3503
6689
2399
8876
7946
9931
9581
7290
5342
2770
7371
6971
7400
3918
9223
7003
4434
9127
58
8843
4115
7371
4043
2339
5833
4026
1005
6480
6711
5929
2124
4965
9586
2422
5983
9139
3091
2724
299
1877
4359
6769
4359
7410
4538
6970
1104
6003
5383
7477
4056
1257
5533
1438
6495
9088
4281
8558
6532
4990
9384
1286
821
8973
9294
741
7452
6079
6122
6615
5220
2345
8670
8545
5540
8220
8467
1592
4275
370
7361
6275
8341
8836
637
6767
4681
8171
2087
4990
2351
2048
1716
2999
1493
7625
1402
9149
1637
8899
2131
6786
6415
5387
9321
3624
7109
618
521
1932
8088
4969
3889
6045
789
6113
9930
9935
8431
8769
6496
3270
3207
9002
447
7307
1229
9762
8240
5744
9320
8819
3105
8460
4135
1671
3062
4989
2427
115
3901
8745
6723
2270
9990
5705
5313
1802
4981
1849
6228
3138
8844
6681
3952
2835
1211
5676
3945
5927
2269
247
7518
2261
5872
4872
6155
8087
115
1732
5517
4116
7377
9809
4145
6143
1775
8924
6900
1768
6162
2061
141
4299
3898
8163
7582
4037
7431
7595
1806
7030
3632
5097
6255
4101
3475
6789
1110
306
1071
6077
2297
4190
1115
8704
2698
5379
3772
5118
6673
930
5794
9252
6177
9195
9762
1148
5680
1191
1655
1557
2267
4230
4258
4706
1115
5480
7688
1787
9252
6969
2616
8010
6709
5541
7460
4812
4588
2970
3674
6385
2074
4289
2840
6060
353
8048
2242
6319
3562
6774
3913
2466
6807
1785
9275
1084
8046
4332
9211
1404
6116
7870
4468
9872
2496
7492
9631
2755
8575
1432
5901
7005
3917
2150
6162
6403
2822
9179
3490
297
472
8075
3033
7226
5797
8448
2881
9718
3946
6783
6855
6465
5191
2692
4072
129
8802
2173
5922
1464
1142
7059
5735
4629
9066
4978
1424
7659
1904
5850
7204
4425
4481
7253
3394
7783
8776
4507
6780
4500
7409
1235
7061
2383
4580
5880
4659
2359
4084
2136
4406
4280
7617
2312
4378
8779
552
8262
787
9578
7758
6423
207
8642
2956
1756
5698
810
5053
7358
3585
1806
4180
3362
2409
3694
2096
2585
8406
3431
2765
924
9497
8671
1955
1869
7727
3193
2737
8606
3603
3307
197
3945
9544
1788
7203
1228
3705
9535
3383
2719
692
3633
7006
2212
3626
6993
4912
6498
9793
9543
2851
4146
5324
669
3869
5245
6088
4338
5008
6085
1482
9229
3484
6384
7001
5916
7947
3767
8141
9634
5701
6989
3868
5725
7538
330
1095
3615
3408
4072
5133
2469
5226
6100
1473
6309
3555
4653
5511
7006
3677
3149
5934
9669
5773
4212
703
6539
9741
3910
1827
9333
9367
8969
6571
9418
8968
6625
9856
194
1153
7976
1229
9995
3906
9060
5548
7741
1670
6259
2654
6567
1322
297
3555
8326
7193
216
8371
6370
8280
5237
9883
7249
8209
4817
2649
9057
3867
2694
5187
4240
3329
5866
6531
7642
7459
3860
4424
7987
3741
3022
8687
4080
9101
3556
5362
7156
2492
7161
4520
8604
4569
1534
2749
5027
5243
7617
9007
3631
6944
4537
6928
2333
7047
2112
9844
8247
3481
9478
739
4535
3505
3003
2471
8115
4413
1380
4191
565
8667
5602
5553
4837
5666
477
33
8710
9446
1779
5836
7152
1994
1419
8062
8578
5358
4279
3107
7007
5815
2343
8068
8430
5413
2434
5443
9374
7277
7536
9396
2803
2977
6369
2039
3535
192
9054
6665
4913
5286
3614
4728
3251
3761
2198
3617
4114
7393
2062
140
6537
7988
8289
5027
104
5570
581
9440
7849
1566
2911
7530
9502
8528
7959
3063
6817
9328
7260
7803
8388
3633
6750
3830
2179
7097
7781
8059
6361
2205
5711
7893
5803
1497
8498
5954
9123
761
3541
4659
2765
8125
1704
5580
6165
3415
686
6677
8353
505
4598
1789
1228
5442
6900
7163
6277
5843
6828
872
9836
4495
1095
2081
84
2941
3841
7354
677
7993
8830
2124
4003
78
2888
2263
715
2174
2063
914
5841
1320
4870
8195
2381
1056
6696
7878
3610
8436
3893
8014
6707
3532
1661
9536
635
4950
1104
4104
9646
4293
982
4712
2119
7931
1814
2970
5658
7130
4204
3995
8841
322
7437
9174
5143
6443
3570
5098
1639
7991
4487
3660
6818
3965
5948
4404
5376
2798
7635
3489
2501
2765
6866
6936
1933
1616
6562
2752
3815
1481
8781
6183
5936
2273
1507
6971
2867
9816
6681
7869
1732
7517
5754
4655
4306
9820
5175
548
2952
6939
3124
3756
7277
7321
1011
6374
3640
5998
7617
8725
2580
4925
4510
2407
9843
772
3740
9992
1056
4679
1062
3271
1048
5940
8803
6328
5758
1977
7950
2519
9402
2771
1370
1576
6124
8431
7978
9681
8059
6993
6465
2669
154
2124
6424
4947
2931
9603
5209
3967
3966
9006
817
9981
6835
4521
3498
4688
4463
7746
8735
6439
4531
5301
5522
8700
2784
702
7914
4496
6241
5397
4402
4050
6655
6282
1867
5322
5432
4043
6923
2731
793
8763
2195
6573
9699
2999
146
5235
6204
6600
7673
2592
6647
6293
3829
8105
8950
5142
5476
4276
7899
6565
1793
9571
5619
3987
6176
4639
4560
7214
8382
3605
2142
5988
4642
3686
5603
6187
8396
2896
1653
6414
8336
3184
9656
3150
413
7738
825
1687
7691
8021
7422
8323
3371
6317
8772
5742
9832
1064
7919
5897
5772
2331
6594
8033
5393
9853
8923
7073
3051
4909
1376
7935
1598
4986
3284
1857
6066
1096
6640
9055
7868
836
2892
5798
5552
9833
2804
5598
1068
3100
974
818
3186
4246
3360
5621
7367
189
1090
7780
8643
594
5858
2447
8491
1884
5065
91
6164
1232
3364
631
6838
5632
4769
9728
7145
2639
9397
5978
8909
1058
8809
1708
4000
775
8713
8320
5277
8158
2924
188
3027
6722
5499
240
5464
2817
2878
7034
5420
2103
1716
9257
2339
4686
9733
6453
4734
9264
931
6343
5879
7495
7212
9441
6848
5828
6932
1496
9797
8130
3069
3343
7655
6612
9836
9677
3935
7537
4498
1212
6097
172
7192
2299
3654
730
6796
5045
8282
8037
3686
9143
7446
5286
7527
4518
2835
3347
266
3337
512
8915
8547
2115
8441
5333
8347
9177
1162
4597
6112
9267
4643
9683
8913
6628
5968
5241
5392
1371
3510
6747
4055
4355
6390
5228
9766
5789
9430
8931
814
1204
2109
170
2473
548
5397
1290
4655
3439
2261
3985
9438
4349
704
2949
8134
4947
5733
525
4732
3034
8725
4547
690
3392
6581
8105
2656
285
9278
8427
2452
7559
6261
9797
9657
4874
4439
2331
6532
6834
6693
8322
3048
2270
8799
7964
6163
5219
3162
1060
7740
9604
7356
9316
3873
1097
2166
2062
1422
6949
8346
6368
4153
8364
8325
2634
7278
3320
4306
3496
4589
9973
1158
3971
8127
6194
4475
3130
5118
4006
9400
8651
4153
4297
189
184
4514
7106
5106
8157
9869
5145
6320
6123
201
4741
2835
8027
1360
1896
2469
2958
3577
8170
5940
7007
3131
9686
1519
1966
6493
8245
4505
6343
5038
924
2294
6588
4541
7385
3433
7501
3357
6055
3758
6213
1791
1847
5963
9219
6155
3812
1410
5421
1872
4679
2348
8054
1839
7187
6830
1762
6250
8782
2744
299
8063
8076
8581
923
7482
9881
2032
6060
7640
9871
4077
8857
3436
2597
3108
9535
8332
8053
233
8969
9343
4739
7842
9885
1911
3370
4771
2217
5618
1833
9723
1535
2096
2814
2973
9794
2033
3513
2565
2122
8119
8533
5466
1012
9692
2264
8129
7201
5648
4737
5042
5134
9211
7057
5938
5459
9429
2084
238
1696
3678
6941
7417
4034
8815
2075
6764
6786
5240
3367
2246
5613
7541
6343
8705
2883
6675
6347
8283
2227
1427
8550
1503
9815
8808
853
4862
5570
6595
5174
9072
4543
3566
7055
6256
5866
554
6273
2700
2254
2911
3973
7008
70
7267
7714
677
6856
4985
1983
6052
1412
2528
5305
7748
2671
4827
6588
5156
2186
8585
3555
9845
1769
9381
5666
9307
4051
4075
3202
2418
1454
8058
8796
1447
9115
9158
7543
8010
4400
1086
6284
7185
7508
5202
4486
2627
4198
5954
1262
7130
9304
7222
2342
2476
1797
3054
6563
9335
323
5837
6776
1240
6038
4481
966
5227
2437
4624
3968
3777
6551
3765
7154
9879
9661
6516
7509
5887
9708
6264
2134
1996
9498
656
7214
815
7163
316
8004
7960
4880
9524
2930
2610
4389
6227
7046
6270
439
2774
6909
5891
8703
8546
3685
3826
9597
8994
9369
1040
4143
1244
4438
7529
75
3008
6931
9980
1278
8232
8483
2934
4147
3473
5599
8291
6396
1188
992
5164
7385
2564
2680
9635
1064
4012
2191
7250
2760
9181
4938
9652
1705
1477
3354
652
1242
1110
6006
825
8048
1830
3750
1199
7587
1950
9347
7199
9155
8977
3282
7922
8474
6646
3864
3992
1839
7661
757
5393
6265
9985
225
979
8923
8393
6801
3969
7066
639
7252
8063
416
5947
9097
1140
4357
8423
5759
5749
2373
1885
9154
5728
647
3457
4184
4171
7152
5772
2583
3308
9149
2202
4609
9792
5194
6093
907
803
2608
414
9193
1368
8651
7273
9739
2186
6855
8500
6468
5266
6837
5921
9385
3601
5752
2576
6052
2199
4208
7032
1009
2196
513
5063
8562
8041
6755
1058
4714
3679
7574
5590
9152
2218
2321
3688
2783
9389
5699
9030
8371
8810
4118
5953
3880
3387
5359
3588
2531
2115
1184
2773
3334
3223
2043
7056
3400
6278
8630
7370
2319
242
7176
26
9622
2626
6687
6955
9946
4825
3743
3217
233
5073
8315
8347
5161
2508
9505
7141
5152
2152
9854
5218
4737
1702
6853
9935
5447
3604
2685
1971
7909
7352
1083
7034
5584
1775
3344
6389
3395
7143
7794
1885
1461
3772
2712
4523
4669
6024
1267
9567
1457
4696
9139
741
4658
6670
6938
5659
3835
4796
983
2763
6143
7374
140
900
8249
5552
556
8537
6564
1617
953
9177
9119
1283
8477
6201
2624
4386
1088
8051
3575
5877
8770
8480
691
7680
2706
3363
6928
7514
9491
2011
692
4732
1130
5194
1856
6648
6240
3589
756
1492
6381
8650
5533
7268
3012
2130
9698
9821
2189
2024
5531
1873
8064
1387
5948
5890
1131
7674
3406
8294
9692
8912
1786
6227
5120
7104
5868
1217
9064
8875
9314
5103
55
7399
7273
458
7698
3844
7998
5249
2572
3015
4740
3256
5898
1530
1846
6619
7050
3900
9894
9622
4776
6964
4583
7969
5434
9643
5987
8196
3780
9105
2326
3779
756
3309
6343
2269
2688
818
7530
5997
1260
3322
4829
9221
528
7845
689
6206
3597
4036
9564
7943
2157
4672
3380
6565
785
1959
7917
2093
7832
4697
5736
6011
3306
8186
9569
9069
5269
1487
2556
6710
5883
5298
1637
4608
3719
4477
6277
7663
7355
4919
6214
3270
9499
2636
8730
7998
6965
1191
9997
8351
5873
6904
482
842
4219
7681
4930
3864
1110
4165
7594
8977
7101
5709
1045
8872
6357
9963
8047
1719
8974
9289
4066
8130
4473
1394
3571
9691
31
5097
7512
1688
3471
7319
4450
8082
7490
6080
3445
1876
79
1240
9648
3574
4938
8129
6821
1043
7300
7541
4232
5068
5862
8474
1465
2869
606
1898
4917
5011
9612
9885
2137
6511
9216
6816
229
9263
1231
5230
9078
7636
762
2185
9009
9753
8779
903
4538
4529
7893
3687
3323
7686
2982
6411
1359
3964
3203
990
9248
944
3726
3571
6292
5546
3949
2542
9910
1247
1779
9915
5267
5472
7994
3014
8423
8140
7145
9471
6512
5750
6606
371
6121
5259
4145
8454
8283
9757
2437
7929
8770
2972
5296
6621
1557
5800
6793
1193
4111
8979
8146
534
7822
7821
83
2973
1863
6939
4346
9533
2315
9528
6693
1888
841
4350
7185
3613
8461
3394
2258
4346
8724
9952
4355
1292
2484
4832
5144
9315
9622
915
7614
639
1366
5874
5435
6095
3231
8078
3178
6138
8216
7224
9731
4885
5634
9006
7013
9984
4307
7407
4900
8392
2397
373
8847
6173
2406
2837
3058
1421
3877
6740
1159
205
7374
4883
9339
6311
7333
2995
9249
8363
6372
5814
9070
1890
1516
6947
4141
7859
4141
2348
7032
6509
9839
7091
2129
3583
9883
9711
8834
7263
4943
8779
530
5329
4693
1280
2286
9519
6548
6770
6097
8851
5611
8182
6511
4878
1693
4019
7357
6536
9473
5984
5671
7876
1631
9211
7489
3265
4551
7947
9993
619
7762
8930
6748
3669
5900
4472
7936
7122
7665
5580
3515
10
885
126
1494
3413
4959
1399
2442
4053
9586
9211
5241
4310
5840
6113
9934
8419
8291
2648
5296
9305
5415
7643
9743
1059
8731
8860
1000
6523
2847
8822
1918
8732
8549
9077
3059
8074
2349
4235
9772
3794
6341
4105
9655
1280
542
4953
8095
7977
5295
477
4155
2526
5036
7403
8332
9617
3922
2625
6896
7264
756
1401
2018
7789
6088
8519
1101
8468
3086
3532
5816
6677
9956
7603
8689
9675
2695
5060
6055
9687
122
8393
5247
5222
2447
5101
8179
1284
200
9894
6075
3110
225
9099
1101
489
2402
1473
1981
1773
8042
8974
9352
5970
1850
2098
3064
5470
5231
2633
7965
3114
7219
2385
1936
9736
7240
4669
5921
2831
1462
5510
5887
5032
5670
2021
7207
3580
3606
1249
311
2190
4591
8156
3145
7689
4771
60
4892
5454
6269
2853
7254
2381
6375
5425
1655
325
6024
3910
1774
3665
81
4187
8691
3805
3474
4792
1498
9194
2014
9186
8219
4110
4202
929
6111
5211
5263
1391
7336
5035
7043
6530
7619
8311
1200
174
3169
3884
3524
1034
394
3005
9232
3843
8585
6669
3268
3253
2764
6107
6937
7005
3943
8261
7772
8061
3094
8955
9738
6343
8054
1609
2017
9414
701
7155
5626
3559
7223
9303
9178
3292
9211
7754
8697
4412
3302
9934
8600
6322
2721
9519
3427
4041
3726
6829
5286
2936
2981
5539
8638
6978
7672
9988
5567
6553
7116
6615
1366
1359
7745
4671
2675
3740
2364
5527
3922
9746
6310
7737
9351
176
1354
6438
9664
3849
1966
8959
3705
2808
6003
6180
3199
6851
9901
5501
852
6719
5761
1064
6536
8834
5909
9363
5486
3260
4177
9936
1717
6072
1992
1994
1430
8612
4625
138
713
6208
6753
2585
8687
5186
7862
6717
9227
3927
5663
5473
4733
9219
8560
4632
2585
5611
5773
8753
6086
2805
8826
6860
739
2466
1527
7499
3989
5734
4332
9146
4081
6890
1078
8208
9284
8523
8232
2138
321
2786
3034
5206
144
9200
5637
4484
8717
7682
5947
112
1173
8805
56
8738
1834
6299
6605
807
1327
127
6141
71
68
3919
3081
2174
7477
5948
3997
64
7573
6399
7031
7099
6096
9569
9540
3061
956
8345
8654
1648
8989
3554
4402
1928
3666
4439
2269
5836
4381
8127
3956
4925
754
3683
2488
3991
185
2224
3763
9815
5584
2444
967
2677
1961
846
4696
9988
7616
7342
2162
3813
1813
9759
6648
5821
818
7769
2314
4353
9017
6006
875
5984
6932
6694
5588
544
8769
74
7550
446
8614
4439
7140
1436
9392
9776
3264
4479
5752
6831
5858
5829
5796
4321
9277
793
5636
2545
4341
2089
8139
9130
7049
9379
5282
1628
4798
620
6776
9742
1491
9592
9362
2175
9104
5757
3271
8480
7228
1136
8760
828
6617
1325
9973
2604
3074
1570
5664
7221
531
7636
1101
7903
5154
5648
3470
9001
9947
8482
8838
8426
6124
6052
1076
2206
7437
2136
3455
270
4872
4656
3878
396
4132
3427
8958
2939
9150
2093
2230
8135
2299
5927
1688
6508
2750
6428
2330
1557
6237
353
8384
3506
3377
8429
1188
3468
5578
7397
6563
7571
8162
5296
2426
4966
6463
4727
3214
2711
2610
5802
3015
5986
8529
5552
8657
6835
4920
3363
2811
7443
1821
2588
2275
8756
1874
5921
9369
806
5426
8064
721
3882
8193
9549
9433
9411
8226
8278
6685
7827
803
3169
3149
6414
349
5407
8008
5219
5887
3146
2664
3268
2580
6453
4239
4922
7781
7839
2373
4697
6175
2126
837
3133
2113
1087
6013
904
1143
7716
2013
2196
3222
7315
4511
9800
7893
6708
7808
1711
901
5292
5230
7295
4420
2998
3149
1687
3977
2598
1686
8894
8732
6535
2104
1439
190
7415
2127
3129
6157
7834
2596
9510
8084
44
1967
2004
8866
2298
1085
4292
7109
281
7974
8324
7514
4021
2190
9779
7907
3870
7990
7417
2801
7128
3521
1577
8042
4140
9508
1858
8429
8521
2233
6113
9529
6963
6756
2218
1757
9179
2279
9816
7869
4094
7358
2070
2252
8899
2865
8702
9374
451
3188
3142
2203
6409
8054
3524
5331
3427
9721
1038
7046
1254
1054
6173
6191
8346
4713
2285
1850
3589
765
9893
8122
3139
9218
2706
1355
5420
2544
1434
1171
9031
7625
4156
2872
8441
3332
1899
8032
5827
3393
2329
8183
8431
5921
7936
9377
1672
9551
7870
6144
6697
3166
2976
4284
3971
7067
4006
4222
5971
1042
8423
9707
5445
3318
2787
1176
6363
6880
1611
338
485
400
9908
2426
8941
6039
4384
5783
6742
3580
9004
5810
1784
8000
3505
3624
6571
3809
5649
5356
322
3897
1739
6855
405
4465
8153
9643
1237
6651
4086
648
8753
154
3477
772
246
1974
6541
1336
9886
2975
1922
3816
8361
709
1982
3919
5586
5050
4933
5003
3764
5746
7981
9174
23
4527
890
3040
4035
3430
2207
8261
1975
2335
2272
6965
9342
8852
5440
4377
4405
3646
827
9088
5114
2588
5781
8409
9302
2661
1515
1223
5590
7759
7115
1528
3440
1600
1383
9738
1046
8014
9002
997
8418
2982
1540
9517
3927
325
2483
2575
1123
8497
3051
579
2453
4852
8802
6291
7153
9423
5462
3673
7603
1486
6408
675
6308
368
8609
2885
334
8713
9274
8762
8112
1022
11
6384
9267
4610
6887
6009
5238
535
5727
3630
5457
3945
7102
6928
7048
3932
9414
1474
2452
438
1857
2232
7697
4496
7736
7425
4268
443
6001
2804
7349
4908
4006
5670
1600
4980
1021
319
5881
5273
6348
4669
5360
6223
4971
2761
151
7593
6641
4301
2012
741
9974
9715
8627
7114
1483
7428
959
5711
2334
6157
9492
2295
1543
4732
5662
2327
1234
758
5632
4255
5923
4016
7756
9643
2220
8023
6060
8772
4288
8147
5587
30
4984
7442
5100
743
1834
9272
9676
3555
8865
7683
5469
9878
8820
9565
8741
8493
7094
3672
9657
3117
765
2276
6179
7483
1419
7237
1199
62
5696
5877
2901
7500
38
1344
4844
7384
3418
8294
9920
4524
2839
989
4225
2544
6207
6257
960
5365
8769
8362
9984
8164
1056
7436
317
7481
8435
22
1269
5852
2069
1880
9503
4352
5931
5221
9631
6485
3512
8140
2887
7861
8944
8502
5017
4260
6603
6384
3137
6297
6488
7959
3140
6934
1213
7711
3268
1937
6075
3580
2234
432
4299
15
9123
7996
6003
8008
5486
970
602
6732
5011
4735
9909
442
9108
2520
9069
8727
896
8065
6565
6445
4499
8343
2836
4011
1853
2722
1040
5186
3217
3161
2055
321
2101
6638
5859
1296
7963
9555
3750
1788
7575
7333
3986
7354
8545
7126
3811
8602
5276
8805
1089
2087
5431
3652
6812
1308
4384
8834
7649
7091
9511
2661
7195
3262
6533
290
3464
5701
3224
6085
520
6104
4210
9267
9585
2291
2816
8343
4518
4007
7488
8066
7332
688
4573
182
95
1230
4150
4118
9119
6679
159
3324
6036
1165
8154
6342
5712
7504
6780
4610
6783
7660
7065
4489
8387
4976
9373
1479
4161
2044
1773
4444
6090
508
8710
5853
616
2470
9280
2776
6115
9043
4567
1854
3345
9265
9252
7377
1621
4701
7529
2575
9256
7392
6689
5947
2425
6112
5767
7680
7115
8999
7640
3728
4472
168
3061
6971
4216
1399
6745
7705
6531
5891
5277
3026
6200
9782
2092
2469
1493
4837
9454
6539
2078
2285
3178
85
1235
9509
9306
2729
2590
7535
6554
7803
1302
1376
657
9505
8133
6269
7476
307
5199
1048
4518
8072
9580
5029
6106
9145
2716
2830
3365
2371
7633
2479
8429
8994
5638
6432
2521
8382
8638
7525
5334
9323
4887
9907
3708
8857
746
8445
380
9941
6918
195
5332
3870
808
6203
4357
1495
5194
4251
483
8999
3565
3685
8605
7911
1022
9866
6206
4885
5883
3508
9818
8710
7056
6139
3070
9965
3622
6219
7968
6446
5738
8790
146
4245
1470
7548
589
6273
2909
6994
1884
5065
878
8867
852
4538
8315
9984
2951
3868
7070
9962
5768
1678
7988
9097
4943
9060
8264
9829
886
5461
4401
2648
1835
1007
7133
373
7637
9904
7196
8423
6627
1775
3981
9985
4972
8448
6058
8962
916
2992
1094
2689
6847
4334
8389
1645
8256
5752
969
4313
8297
5237
542
1942
3820
7097
3015
5604
3851
5066
7750
2483
7826
2836
9229
583
1968
4988
3840
1239
172
2555
2845
2757
7265
5644
9800
2341
9362
5200
2883
2557
6596
4674
457
5790
8402
8457
24
3600
9776
6580
80
5444
3732
6425
9076
7362
5999
2359
4729
3122
5627
8024
8043
2325
7754
636
163
529
518
3760
275
1935
1386
4407
1711
5514
8378
9524
4125
8767
4953
6895
9103
5296
9932
1562
9980
6847
7898
3253
6419
5186
4089
2451
4959
7268
7281
2038
5930
7594
1483
1564
1072
7469
8276
727
5406
6888
6895
1695
7709
932
3958
7706
8136
1352
8646
2864
2246
4696
3189
691
5614
340
8429
4289
7453
5338
9180
516
1532
3034
1755
8571
34
2267
5390
7785
9954
8986
4257
1235
3709
5750
9897
659
2992
2241
3878
4949
455
3779
3229
1571
1123
5756
5371
7702
6428
4816
7189
741
9623
7699
4843
7552
1775
9206
4160
2644
6588
9355
8220
6927
5400
4977
7155
4698
5653
7791
3670
4717
5843
7564
4533
2335
8037
6244
2468
6185
4238
1342
2746
4474
774
9264
8491
3712
1339
1491
257
1260
2707
6864
9155
7739
9516
19
9499
7757
5726
2466
6637
6946
839
4358
2809
8105
7529
6225
9786
8160
6439
5247
4334
2084
7611
1198
2133
1239
5289
6542
6997
8330
9056
2458
1354
4974
2396
7995
6361
8823
8792
7427
4015
4604
2375
8430
4656
8177
8228
4728
9701
75
9084
3329
7532
9548
5810
218
3520
172
8769
1414
6276
737
2652
1766
7553
7038
6263
2609
3968
9020
5713
9926
9142
903
5293
415
6576
1819
2145
1082
4554
9374
3435
5932
8683
3336
3715
4660
5180
3357
414
5227
5142
8505
7202
9858
3350
4506
4887
9673
4661
7829
3081
8717
386
289
8184
4596
4312
7767
2749
9449
4015
3408
384
4739
6671
5509
7225
1332
6885
1622
9056
448
6173
5717
6117
9440
3242
6741
5695
7452
8398
5723
5623
2553
9345
3282
2984
8637
4234
3024
1761
1406
1887
9782
5970
9037
6177
1958
723
2201
2191
3235
5126
1775
5641
7331
2000
112
7063
6712
5441
9503
9840
9778
6088
7376
9891
6004
4926
6520
2907
2679
9690
7344
1026
4228
9263
2189
1693
8264
2174
9058
6736
8973
2762
9116
5472
6472
6575
7394
2802
5789
1830
7645
3396
5214
3409
5505
2499
8867
7322
1771
7191
627
2994
2268
1384
3591
1842
7073
4593
9714
7957
1191
8534
5661
9271
2351
5602
300
5008
9669
6133
2493
1847
9525
9665
971
8866
3519
3081
975
2972
4476
365
9219
8649
7243
8818
2666
2309
9654
9900
3680
1360
5198
3192
4805
567
748
2778
1575
8574
4371
3678
2870
9728
8398
7693
2731
6847
7961
8691
3170
4626
5415
365
5565
104
3652
7535
8244
4985
446
4012
7224
785
5226
8446
7609
2360
7849
6587
5657
5897
4169
7732
1595
6885
2244
2860
61
6764
9169
7739
5208
2090
7656
9366
4172
5880
7852
4874
9653
7889
2001
8443
8101
8478
4268
6308
5041
8912
6763
1438
7947
6775
2929
8946
8931
8868
4601
3233
8317
5345
8752
3401
2100
6803
6847
672
2004
4821
731
1320
8605
8560
7473
7144
9947
5799
9046
8179
643
9135
9906
6769
6751
1417
2226
2012
2677
8470
491
6764
5194
2733
944
4123
5134
6719
3717
4338
3037
8226
7158
2849
7630
7587
457
5641
6641
8495
2297
742
7843
8659
9168
5872
7102
2763
9719
6183
2719
7449
5643
6995
1014
532
7105
7915
9917
4989
8946
9615
3142
3879
5581
8501
5216
1060
9563
7427
8767
7453
4385
85
13
2915
9937
7695
7408
48
5428
9316
9065
5466
1890
4862
9420
5763
2016
8972
186
1615
3416
2386
1816
5898
2779
8709
43
149
102
595
6071
5786
8149
9756
1337
2023
6133
8263
1235
1204
4105
4098
4581
4980
2692
4779
1316
2017
1156
2264
1779
4093
8726
5232
6880
2797
8247
8850
8757
186
3092
8049
2030
4547
425
3391
3611
4028
9604
7240
3494
8087
8680
6751
3278
9693
593
7888
6531
7079
5598
9449
1323
5829
9366
4096
9722
2453
584
8305
2847
538
2458
3722
738
6883
4695
2263
1193
6773
3690
9856
758
6370
2394
4791
4387
4209
9051
2752
1407
8771
9483
3257
2477
9311
8383
1232
7159
5785
4000
6820
4870
9746
1136
2929
1666
3973
8853
4328
9776
5534
5900
3993
661
9268
985
3015
2495
3049
7783
2143
2518
8851
5607
9525
1566
727
3051
4751
8082
3106
2667
2714
3215
9934
4280
7663
988
9403
6173
6033
2828
7130
5770
8440
8591
3841
2499
5927
4539
2414
1396
5182
6823
7772
6746
9791
4527
8313
4615
2889
5667
825
5693
9972
2561
1164
2470
6530
4433
3248
372
8772
4946
5624
7154
4166
7207
2715
821
7344
1787
3457
7874
321
616
3276
8273
1546
5312
6847
4867
5921
671
5504
9925
1352
5501
6652
2518
1775
5135
7169
160
2364
1357
7670
3028
3093
4250
7306
553
4850
1840
9879
6680
1525
648
2499
8090
1688
6119
6441
5719
1733
2397
1443
6559
7278
9313
6411
9345
377
9338
5055
3699
8923
3263
4119
5238
7281
5276
8605
1893
7235
374
1208
9301
5359
8305
3662
8351
1829
4910
4294
8268
7468
1822
6171
7655
192
3392
602
729
154
3927
6763
4133
1671
2996
9763
5757
6637
8922
489
4770
2567
1308
8314
6819
2293
9633
784
4000
9452
3666
8111
1701
2731
2889
6252
8616
4672
2884
8221
2024
1006
2328
2146
6034
3065
4518
4590
4960
196
3424
3750
9302
6075
5648
951
3596
2061
5234
2713
8352
1432
7101
1967
3763
442
721
6308
8925
5675
5595
5504
1170
9013
8048
3437
9820
2103
4232
2603
8250
9086
8257
5820
4438
8151
9329
6444
1649
4841
2351
943
243
1816
3703
155
577
2932
6407
6769
7832
3060
6686
3822
5764
1510
3430
6341
4949
4620
4546
1143
6546
8329
8616
2795
5580
5337
3894
5148
3807
3314
7333
1245
293
4128
4054
4000
1184
6198
5557
5868
4633
3716
4031
6801
5664
7079
4963
3716
557
8015
5596
6189
9343
7723
4002
5568
2988
348
4601
3394
9644
30
2944
8830
1923
1545
4651
5074
2444
7864
7654
2496
6488
996
2385
3271
1907
9204
8558
8977
6470
1627
9212
8164
8996
6240
7498
6685
8151
1418
3519
538
5441
4592
4462
6756
972
3223
9011
4531
2396
4833
7032
656
8745
9147
1385
9922
6904
590
9294
1590
8500
2545
5291
1064
9147
5013
232
1305
4609
5930
3658
4576
4838
889
3228
6344
1065
9021
9512
3597
3407
4131
2063
7942
2806
3481
6583
3479
7803
9548
2702
9112
4094
6073
1926
3155
704
2809
6517
4142
9330
8112
2894
3955
1433
2554
4805
1856
8179
1385
2869
180
2773
7693
6460
359
9653
9194
6930
6316
3274
4484
5211
2412
2285
3705
92
8919
5639
5292
7866
9495
3368
5771
3107
5854
8331
6398
2493
854
8284
8845
8416
2396
8856
3436
5134
5338
935
9104
6856
2590
2875
6181
7775
17
825
2588
7346
2004
3086
511
7160
8268
1411
6846
2792
9589
8626
6659
1726
8877
9428
7694
2698
2449
3109
835
2156
6430
4619
2126
2213
1500
6198
9780
6008
8304
7115
919
6594
8379
3763
9740
8533
6503
1689
829
696
732
9671
4621
8808
8163
4325
536
5779
9014
6605
9637
5363
4028
6122
2800
4993
4790
6161
9305
9251
2918
3155
652
1268
9452
4088
3488
3185
5143
4281
2594
8690
848
6700
7482
9463
1758
6292
2503
2280
8903
314
5163
7825
4086
5090
4683
8739
2394
8918
5551
6215
9174
3207
8737
8163
635
1232
9684
6199
3391
2355
8499
8335
3218
5487
3598
2785
1158
2530
2761
8388
383
2541
9901
693
2388
7071
604
6985
5486
4247
2847
7406
6369
6558
8826
4611
2004
5770
4445
324
8050
6060
8574
5590
1570
7525
2289
8684
6697
5507
3687
6168
5284
5360
9607
6578
7808
350
5192
4453
1917
3052
9180
9373
2582
1422
9423
3302
5451
8425
774
7078
5385
4607
1480
804
2645
5321
7363
8082
4625
8001
5332
3356
107
2968
9376
1156
3272
2405
7955
6555
5320
1693
7294
2648
7119
5511
6177
1441
9166
1766
8254
9564
6870
3083
9794
7935
5517
9632
465
6647
6919
437
2811
6774
2228
2684
6293
4284
4639
5210
8117
1140
9261
1830
7044
3016
7129
1422
5368
2309
2343
4975
1259
2053
5378
111
3332
9549
2580
1065
7627
4387
5709
9275
5304
3830
8287
1053
3139
4028
6209
153
5760
116
4553
5006
2403
9136
268
1862
5705
5328
5069
6170
8071
9221
7842
251
8033
3136
9959
3613
7229
6706
5697
3468
1662
293
8174
2594
1845
6531
1556
4961
8468
2766
4207
3773
9226
4583
9954
6009
2968
5940
1606
7289
7525
5796
7859
9840
1306
2190
9589
1489
5335
2380
3765
9863
8689
4567
9100
6798
79
9356
2564
253
7377
5827
9459
1777
1330
7741
9848
9892
8149
4494
4675
3363
6554
5336
9509
6556
1933
4374
4377
8958
1434
848
5073
1432
6546
8250
5288
1464
8099
115
6387
3340
8217
4185
3441
3563
2577
1439
913
5320
591
1272
7302
5934
8920
6816
4787
6090
9523
3942
1367
5062
5226
6993
6850
2296
3668
1605
8232
4272
885
2229
111
6408
5992
4102
4335
684
2036
4119
7694
9650
9879
1045
4100
862
9611
8210
4344
9386
9103
1745
3252
8672
1146
8914
2846
4045
8275
5812
6831
3354
2620
2875
9654
365
428
8689
5664
176
4633
2824
865
6708
3234
1660
9083
5530
2501
531
2401
154
2595
9494
7873
7937
2927
6849
4468
9376
3098
5465
1760
7119
639
5925
3729
6226
303
1125
7096
8266
7472
7213
1642
709
650
5329
780
6767
4747
5695
742
2933
8589
607
2399
8479
7996
9840
7833
9610
7755
2530
212
2568
5454
1800
7855
4265
6458
5411
5025
1202
2724
7495
1390
1816
3373
9719
201
8173
6557
111
543
9867
4847
6815
3917
4392
7148
5138
4339
8517
2193
1611
2293
3931
2842
239
1278
5444
4768
8561
6832
6048
6187
1286
9933
3133
705
7549
3504
1824
9261
3163
689
6446
9015
350
8877
4322
3553
86
7146
3182
5187
8275
5134
6071
8342
2576
7684
8517
7213
4501
5438
9115
1341
6481
9626
5663
4322
6501
9049
5712
5081
8756
9181
8594
2643
1894
2678
7695
7556
6178
9603
2198
1816
7605
3389
2451
4886
5414
2992
435
9257
9455
2281
5438
6468
2551
7560
2032
5655
7647
8122
825
2554
9678
3623
5018
263
6693
8616
8687
3959
915
9078
1469
4356
6370
2704
7346
5944
6904
106
2982
1646
8998
575
6382
4625
8343
9857
846
7129
2092
1641
5538
3151
6588
8531
8297
6493
3346
2237
2416
4602
9171
4809
6762
6948
4869
9080
8905
3953
9171
234
5318
86
5563
1754
6726
9830
1487
9359
4561
128
9801
3117
5968
3537
8764
2236
9139
3990
1759
1870
475
7596
2367
8008
1283
3127
301
8036
2262
4259
6005
2197
156
6704
6047
6368
5688
9278
9044
4387
5828
6815
8743
5011
5740
2703
2131
1111
2485
4157
9027
1980
3423
1353
7142
3900
5250
7109
1378
8578
342
8526
361
433
8427
5707
8787
5570
28
3858
8685
7154
16
5018
9940
5019
8544
2652
9034
5539
4180
2938
3488
1628
1043
2101
5003
4411
5747
6948
6062
1224
2635
7890
5557
8853
7098
306
6966
2306
4254
4176
101
2758
442
5881
7526
4157
8021
3959
1073
6319
7416
6719
7182
7833
6893
941
3063
4904
8572
4537
5793
1335
2659
4005
8358
8714
204
3287
4555
3604
7154
1741
3205
4147
6048
7756
7361
6362
5177
7475
8409
4953
9156
5401
4921
5120
9611
9651
6245
1050
6694
6463
9667
5995
6061
335
1581
7007
5633
5740
1850
6814
6435
6148
818
8168
2876
7099
2244
1487
476
3060
4300
4877
2163
4567
7013
9963
3776
6023
4834
1316
9129
8560
6199
8294
575
832
2259
1540
8870
5698
883
2186
6014
9576
6043
3926
4798
8197
3026
6633
3462
2874
6040
3419
676
5324
1244
3014
3267
7943
6076
6948
6921
1806
7109
3560
275
4126
3001
9695
7162
9675
3594
5165
2504
1969
397
1144
4391
6231
6877
880
8132
1130
9029
2607
5360
3749
3787
1969
1596
3352
5372
7062
119
4578
1864
2502
3280
9823
9986
5965
7545
6790
4124
8766
5359
6189
5616
4571
1485
9170
901
6266
5836
7399
7831
4368
4072
3327
9855
3296
6824
6269
3101
1215
6539
8346
1083
9971
9008
8753
1487
7912
6819
4697
9617
4579
2036
8605
1474
9912
9187
8263
8711
7925
9688
1616
8709
2500
6559
1673
704
9365
3448
4532
3630
8679
8934
6053
7517
7468
8365
2667
9359
6159
697
4433
1989
9610
483
3316
8854
3204
8164
3162
9707
8391
6009
5813
8137
9532
1312
6579
1374
9676
2039
947
7362
4125
6026
2851
4905
6011
1904
1599
5313
3888
9072
1264
2437
5003
6650
5483
924
130
2562
6678
2895
2118
5681
8057
7536
7201
2186
8999
5870
7996
2683
7712
223
7905
1443
7445
5899
7495
6682
8042
1657
1367
2053
6576
2176
8923
6164
7795
4309
882
2609
492
2384
3616
3619
6279
3417
3960
9754
9539
996
4677
6177
3779
5105
3829
7034
5276
6862
6931
1665
4546
9480
2146
7928
9459
4840
2415
4184
9204
7863
7612
2592
3651
2123
544
6006
2218
7481
3953
5602
2965
3877
4885
9026
4385
2911
6225
9336
5420
4913
3163
3897
6589
7144
8465
1847
6663
7761
7332
8914
2547
5622
3188
8615
6784
1800
7818
6713
2093
1562
6198
6099
9874
5046
8835
9358
8278
3398
5062
7817
971
8084
9961
8994
4646
4045
8320
8068
160
3339
6156
4317
272
5247
2030
4897
1686
6732
6118
4142
6316
6758
4711
5944
4816
9900
7943
9808
286
1437
8769
6783
7821
2557
9275
7721
467
4187
9145
771
2577
1371
1810
717
6386
674
7510
7250
4028
7334
9303
5105
1755
2668
939
7524
7901
7874
8243
8660
3652
2013
7718
9576
9587
9772
3263
6308
1513
3444
7841
1098
9156
2554
3021
8280
9673
1822
9351
7201
9858
3084
2574
3367
6699
2896
5041
8966
4432
7321
5529
4285
9313
8540
7556
3827
5673
9611
4819
7100
3293
1886
6418
6430
6005
3448
9689
1553
5792
2178
1246
7452
6241
8723
2131
4149
7314
1242
6825
1168
6965
6532
7206
1004
9169
6755
3698
6346
4917
5031
5807
1874
3522
8778
7632
5892
4362
4199
3292
6856
6907
8190
7399
8565
996
3379
6145
3860
528
416
5024
1427
126
7867
6940
2996
5732
5593
9346
6987
6108
3777
8023
230
3668
7330
6254
5997
87
8796
3050
1276
3937
1288
3039
5406
3921
4508
6155
2058
9408
5679
7800
8148
3679
7961
2337
6970
3683
9474
1010
8972
9840
5300
5536
3810
4423
3190
1912
3545
228
9100
2964
8220
517
5884
1183
7395
3958
4828
5022
9715
6572
4691
2113
1643
5136
7940
9605
2880
7295
4909
5438
290
3575
2078
8689
9278
6970
606
9639
2386
5333
4064
362
7678
9569
7402
8619
681
8910
5594
7979
1302
7984
3348
2213
5420
670
4965
9162
9226
7111
6928
9832
534
120
4562
8456
273
3996
9676
7849
1107
6747
9058
66
969
582
3139
6073
1965
8443
3425
5488
9995
3204
2005
8585
2576
7655
7965
9291
3753
897
913
6638
6661
8816
5284
6138
8129
686
6001
3414
5603
6480
8235
6406
5993
4177
8891
4406
6399
719
7657
1276
8299
1290
2441
6533
581
6028
8935
176
8715
8099
3172
4250
6360
142
4989
751
7911
7038
4600
7919
3142
8905
9146
1347
6429
4791
2675
3426
4478
5979
742
86
8626
4719
9449
4687
4767
9183
12
5485
3135
9084
4830
180
9744
5611
9527
743
5798
8075
6227
5209
4972
5024
6159
9965
909
9575
4198
6225
1420
7437
5495
2207
5609
7387
1015
8423
8193
3684
6612
7490
5956
9454
1300
2259
6581
9585
7186
2332
7599
2720
3707
589
6764
6477
5624
9383
4561
4888
5096
3466
291
2854
1659
9794
7313
1705
5773
8457
7550
8511
4268
1323
9853
5991
1897
2827
2921
2633
3604
2162
8637
9546
1247
9825
6522
4206
8255
6118
3702
4277
4938
1619
6039
6515
4637
2624
825
2356
5391
3328
9624
6805
2025
1681
2780
4509
1373
8296
7438
7875
8213
1334
3678
8545
9013
3964
3990
24
9023
8479
6556
878
4299
3289
9595
9812
4038
9821
413
1828
6823
1749
9110
6629
9033
5013
6494
1481
6842
8585
339
5730
866
9007
4549
8690
6453
9709
9174
4426
6411
6303
1883
2379
4124
6190
8642
6467
9653
8937
3235
6263
5814
3082
2749
1061
9292
3644
4417
2269
1369
6131
3042
52
4207
3707
4146
8408
1949
2526
2307
978
8107
5731
2038
6170
4823
2117
2695
7363
1991
7322
8127
992
7686
2433
3230
989
6909
4798
8543
4702
3467
3670
4631
2157
7827
1030
3885
2868
5961
4212
4502
6428
4481
1907
8696
3380
8982
8794
5358
6356
235
9774
1419
6907
893
4877
5748
5136
3772
7399
7275
1409
4320
3764
6970
7266
9185
9572
7030
7341
1032
7389
3581
1592
6911
4548
1938
7839
3310
4837
5637
3603
6348
1649
9002
4919
3672
9623
5904
1209
6656
3764
4968
3771
6177
3930
2921
2569
8436
5909
8635
3706
1577
6102
3703
1681
