9441
9305
3995
3101
5924
4992
8167
2785
7548
7750
8076
9503
2139
3839
5727
8545
1316
56
2074
3376
202
78
3477
7750
2553
5871
1685
1865
2583
3946
9153
664
1036
4354
474
5150
1311
9436
5704
5632
2908
7379
8305
9511
9731
653
3044
670
1362
5959
2692
9466
6746
5879
6548
2347
7833
6695
6814
8319
3424
903
2149
4124
44
6698
5376
6740
9079
4283
7664
4021
8045
5325
9311
7644
7356
7953
4483
2858
3715
8984
7171
1860
1870
370
8793
6053
3771
4666
129
1122
5974
9110
8258
4447
9393
2515
7961
6726
9501
1381
9950
5447
2248
5067
1619
2773
9063
9553
7458
8451
2594
4840
606
6016
7149
8350
4530
2889
2245
7160
4858
5817
8437
8217
3195
2864
4105
8074
3555
827
4791
4306
6074
2215
9988
255
3292
8224
5034
5228
1593
218
2559
6970
4563
3
8646
406
4284
2937
1729
5598
820
9478
453
3993
6193
3411
5637
9316
5247
5128
33
5723
3231
5850
697
5413
4760
8626
7434
1333
7375
4656
5750
9953
1692
2331
2045
5545
5033
9767
9236
478
7534
2100
7706
4795
7133
8889
3243
9056
8452
1937
9092
9438
4272
8032
1500
5292
9888
2622
4572
6151
4573
9030
5415
9945
5706
6749
1064
3161
3030
3726
3000
6546
7132
5876
5850
2507
3302
5205
1461
5273
1789
9189
7310
9572
8934
5593
2150
5222
4081
219
9459
4836
4886
4533
6573
3901
2298
6784
2566
362
8408
7564
8775
3019
2052
7900
1264
389
5487
6469
8851
3358
823
2211
772
2833
5201
2029
261
9033
4390
5519
5095
3763
2781
3248
2967
2122
7507
7234
5442
2845
2943
9520
8973
5455
5680
7082
561
5456
6369
3236
2366
2042
1294
2209
5013
4
4685
7837
2963
4314
902
7744
2062
6126
5815
6009
5900
2809
1776
1231
1966
5351
3769
6661
1738
6415
968
8147
4851
7205
7733
924
3971
9103
1540
258
2394
5850
5976
6284
2547
8391
8547
2389
1263
7952
1564
5048
5697
6198
3044
523
5055
8287
9741
4586
4445
4610
7222
7769
4323
2451
7828
8269
2402
7596
4897
2784
491
1336
6251
8560
6945
7420
9105
4849
3153
5364
1942
1793
2889
3875
766
7657
8522
4455
600
5312
9225
178
141
1462
2342
2831
4956
5408
838
8682
2898
8807
1244
5839
357
647
8434
424
9966
9493
4253
1756
965
2621
5756
3996
3736
7201
3235
8275
5602
8355
3987
4265
7423
7847
4028
2101
8544
8304
281
3412
1598
3983
6943
173
9150
3800
7119
4866
6258
9060
676
3548
8327
259
8113
8526
8821
4628
1511
9852
8131
1571
7558
1
1796
1097
7019
5595
9113
3885
3540
4274
1860
3249
4314
4780
4815
8328
2697
9266
4461
8990
1018
3277
9585
3143
5523
4295
7183
1068
3752
985
9767
3611
5572
363
9626
1752
6213
8390
9391
7799
8078
8848
1713
2874
8609
4557
5437
6758
9928
5253
3582
8410
8918
7013
5818
3593
6005
2336
1399
9977
6481
9734
8245
9309
6298
9081
6434
5222
9032
383
9577
5023
1619
5328
558
8496
7377
3611
6545
4519
6062
8751
974
3399
1824
4365
1484
5021
4430
7935
637
2260
3127
2199
4315
7184
1399
7875
1665
240
3160
6407
1669
5178
1303
9629
201
7833
5822
305
8760
6857
3038
99
4697
68
3091
6550
4414
4217
1900
2647
5108
9126
2532
7022
5133
4108
9282
381
3526
8656
54
5861
4771
5958
9840
4883
5080
4635
256
7490
3985
113
3734
136
4718
6247
5043
1740
6593
8491
4649
4353
5955
8665
8633
8186
9224
2607
9145
4576
9923
8375
1430
7931
2629
6009
8888
4093
5649
3619
487
9364
865
3960
2992
5728
9552
1419
8519
1119
3404
4231
3688
4029
9166
657
9448
27
4241
2157
1855
7657
1043
779
9441
8422
9494
9078
1004
7833
5694
1928
8778
9836
5625
5357
7436
5506
244
5741
5481
5386
8408
8152
3459
6394
3865
4587
9318
1548
5779
2104
5175
6241
8019
4960
7166
9533
359
9717
1977
7715
6480
6297
5595
1697
604
6124
6398
8701
796
1579
6015
9326
1851
542
6490
9850
937
663
4699
5621
1653
94
2695
100
1690
8047
8108
4959
8946
6572
8597
9626
8002
5167
8750
1543
8155
3294
6314
9463
4351
3040
5221
7875
1526
3277
7058
7141
6549
4521
3717
7480
3496
1113
3408
3303
5331
3394
5433
5792
6423
7231
6782
2245
5476
5437
6750
1256
6486
6710
4712
2174
5325
1180
9767
5524
6861
5094
1932
4291
1833
7034
4526
188
1225
8371
255
486
72
2710
5476
6001
7340
4334
5142
7408
5028
7883
9208
5813
3972
4199
8183
666
4119
3552
9064
4054
626
1134
4800
7603
9529
4709
4829
4145
79
1065
2483
5262
4879
8222
1552
273
3633
7978
494
7342
5189
5084
3547
7078
2807
9757
2535
3692
6204
1504
2434
9421
5938
8134
1520
7363
8910
1440
6475
1999
521
9797
2216
4272
6542
6109
962
2455
624
976
7222
4254
1766
2742
346
1837
9045
7725
1730
627
2203
5496
9834
6415
5135
4424
4303
2752
1885
4034
205
5489
722
5207
9094
2874
4237
9960
9138
2189
2640
7241
8604
507
8518
5670
7643
3726
9823
7884
534
7090
8673
1900
6984
4041
2873
1891
387
9803
7892
4898
7046
3463
8739
3694
628
8547
3581
5017
8565
1624
5896
9355
5125
4275
4383
2876
5973
6745
2798
5474
5955
3964
395
4080
9871
5576
7414
649
8065
9496
9994
4777
6135
4489
5184
2173
2275
3865
2616
9769
4333
3433
7328
1861
1606
3179
1237
21
2851
5827
1184
3203
7696
7919
4434
1291
2585
4544
4566
9876
6704
2050
805
3213
4501
7464
4512
7825
4246
7166
8349
4156
8646
4731
3842
4297
8158
3398
1887
5161
660
5327
4674
263
507
2168
7799
4515
8199
2766
3470
5581
2524
7686
645
7982
5362
5751
6299
3665
1195
5400
2568
2980
6205
3368
5373
2058
4692
9365
7026
4465
2411
9814
9129
9677
8202
6636
8457
9541
4065
7487
9290
3458
7294
3594
1368
3844
471
6719
387
747
8129
6818
8780
8065
632
1644
6841
5412
5584
9502
1887
7590
7727
1201
3731
6319
8008
9381
1521
8066
3311
7935
3512
6596
9131
1540
811
6583
475
5307
6765
3007
1811
2677
4698
2982
1767
9302
2835
4756
3655
1465
2385
2983
5125
4509
8481
8001
8146
2736
4056
7106
3344
6766
5882
8272
2017
7499
265
3716
9316
1420
2996
9780
1015
9794
88
8087
340
9697
5368
7195
7475
2918
2537
7584
6104
481
4424
2504
2582
1715
9295
9536
7971
5122
291
100
8955
3523
1556
4723
7161
9256
7945
6768
2299
9024
156
7630
2433
5245
4435
4108
2222
2841
7702
2275
5016
3147
7377
3995
9525
316
8902
3512
194
2077
1218
1589
8079
8958
9745
6878
8435
968
4659
4668
4626
9263
6397
8189
313
792
1068
7380
6446
8929
2763
9079
193
8991
8058
3807
7149
4318
2555
7764
3866
7680
3615
6151
5054
3404
6517
6927
3649
7012
2695
5192
3661
6361
7724
4993
6149
1016
6347
9280
324
9189
6123
7766
6658
8422
6794
4276
1423
8247
4564
7291
782
5656
8610
7935
9960
5857
4426
8359
8417
2402
6435
5822
257
9660
3806
7990
2675
7837
8181
9920
9799
6983
4996
45
3269
6735
8292
4851
9069
6234
1428
1822
2952
2856
9476
1434
4196
2421
8681
8211
0
8078
4953
8786
2778
1846
3937
2641
6731
2361
3020
2609
2222
2411
6997
5233
8790
561
1005
1774
45
8628
8055
4686
7649
8367
2916
7754
8694
9706
7191
8946
975
9760
3677
2443
3621
4343
7044
963
5515
7396
9510
4134
3124
9741
941
1947
803
7469
3381
4267
8238
8265
689
718
9231
7803
7450
4668
4767
466
9663
7214
6251
3998
4950
2704
9062
202
9376
7864
8370
1360
2347
2922
2404
7508
783
7596
2538
9480
1050
7956
7021
7234
5334
9869
1131
5651
2884
6484
5239
165
8697
1921
5141
9629
8293
3145
643
9931
2251
5081
4950
3753
5464
53
5327
7821
8766
1225
8314
9220
5630
2156
7184
702
8712
4054
892
3883
3770
4040
3464
8956
8856
6019
7760
1172
1671
5712
7797
8498
2742
8817
8924
1008
9606
1315
4501
5677
1712
6833
2141
2073
739
8626
3396
4340
5730
7602
8033
4397
8633
6091
2639
8839
9322
1790
745
3386
350
8536
5184
3683
6005
6564
9134
759
8725
1534
9852
9647
6504
1627
7581
984
8110
511
1539
9891
8960
4109
8123
9287
4272
1324
3490
4062
4011
3568
966
7269
3606
8525
4923
4020
3200
790
7306
3813
9180
524
6394
409
1899
2073
6049
414
1418
5353
7650
149
7816
7913
5432
2857
3727
3358
190
6194
6291
3397
8558
1957
7445
2133
1959
8111
5229
6564
5863
3537
3017
2895
8421
6978
3195
8062
7939
2954
4387
3044
929
5181
3399
7280
9212
3052
349
9021
8867
8788
3824
1532
2692
9079
2004
5657
9079
4579
6821
1808
3890
3440
8786
2571
3083
6620
7963
9124
4781
8248
340
7323
8895
639
1461
7975
5897
3558
1344
5376
2717
2466
1165
1958
3490
3593
9200
5807
6635
7576
2763
959
533
4279
6464
4404
6707
7132
6236
2902
624
8759
4955
1152
4981
3620
6861
8542
2828
6895
2680
22
1845
8574
4573
100
1955
2311
831
2956
5595
9267
6556
2861
786
5173
3562
3096
7841
7050
672
7281
1222
3158
5722
3552
6760
5875
9240
7563
1578
2421
7142
9130
1294
2701
3010
9281
7106
6259
3751
8336
40
4199
7556
7321
7136
4741
6412
4457
5706
9813
5418
2696
8773
2815
9344
8716
3932
1922
3922
7353
1228
6346
7983
282
1165
1001
835
8303
1636
6558
6068
6584
1414
9558
1050
7463
9362
3094
1593
4549
4294
2683
3371
6480
5031
7002
5337
7112
9054
5062
6118
4896
7054
2474
9902
437
2803
4800
3517
4599
7939
4622
8275
9558
2221
9983
7873
6009
1254
6503
1995
2687
1368
4872
1057
4765
7813
7523
3338
3089
7005
7225
878
6063
7011
3884
3534
6616
2353
6932
7146
3768
2666
9060
8043
5014
6208
854
3822
3174
4983
268
1962
7638
9941
8348
8240
6977
5890
6222
8182
9724
4535
1979
6897
4971
2628
6917
3593
6410
9864
3759
7284
3670
8479
1641
9959
1791
610
3535
684
9512
1834
9000
8156
8186
6752
1508
5150
3641
3091
7750
5037
7528
8555
8766
3926
5036
282
7184
4705
4919
4690
3100
3193
5410
8576
5712
4687
376
3344
4373
9711
8280
8487
8285
9483
7400
9033
275
9185
5212
2875
2559
9115
5694
7680
1327
9859
5687
1134
467
6715
451
6439
8923
2987
1474
4686
7930
6804
3198
126
6126
5663
4329
9159
7414
3766
3414
877
2073
7647
8438
4210
6725
4962
3479
4079
3667
5098
265
1438
9883
1862
3489
9625
5617
4674
6066
5223
2444
1487
2831
6532
9490
1177
942
6968
9830
3536
5444
3717
7727
7303
7946
3744
9405
6571
5204
5422
6540
5008
5901
5689
8462
8835
8657
1717
9017
2867
7865
5352
2563
6212
4749
8963
8134
5382
7941
1658
9908
1679
4786
5330
482
9466
7999
3457
8649
6070
8544
3981
9910
4394
2444
9134
5875
7619
2546
2790
4936
9283
2312
9287
7031
9209
3222
6839
6421
6032
5087
9211
9012
3596
5227
6119
8189
4564
3667
2514
8573
9565
628
8467
1672
6914
3920
8881
9006
4387
7192
1761
196
6272
5810
2412
3222
8686
4378
2656
2229
2178
6230
1492
7895
4479
536
242
3139
1650
2733
6184
3813
7811
9561
1956
1337
4925
5890
7027
7190
2434
1519
538
6992
3617
4716
7723
7591
7806
2974
3803
8268
6130
1928
5680
9969
441
6674
8199
2958
5322
1189
8965
6924
4624
1120
3058
3661
9006
1097
9725
771
1074
6328
5768
7112
3616
4155
6345
4633
5110
5240
652
7435
7046
6492
2670
9316
8493
5773
101
7061
752
4218
8442
1479
7445
2944
4809
7738
7925
3149
7773
5918
4240
932
2749
7371
7859
5289
1793
7272
1261
3868
2728
325
631
1902
6836
9581
2978
9076
379
1528
5029
8676
4922
4435
5160
2887
5178
1854
1951
6363
6803
6432
3386
8590
6928
3345
7030
2416
8860
7919
6491
6984
6420
3113
8889
2486
2172
4444
7166
3222
7357
7926
7200
490
2898
9462
8053
3802
7945
2732
6602
9452
574
4973
5337
987
9661
7983
5570
107
8881
1960
9623
6084
8674
1835
9145
142
8152
6868
6573
1254
6935
4822
8799
4119
2459
3204
7613
7725
6773
8965
3990
624
6525
1275
6538
8856
1052
4842
3536
6998
673
1410
5706
3224
7986
8556
3124
1402
437
6790
9024
6471
4285
8986
9900
3781
5683
3067
2225
746
9658
3070
353
8622
7544
1877
5979
5322
4386
2533
9158
7550
2590
7337
978
1918
879
2925
5801
6043
3404
6485
9086
8911
170
1945
5160
4072
1982
7889
34
4599
1825
3486
3277
4164
6551
8992
783
6457
3476
7969
8577
4115
3391
7119
694
8859
7249
1944
3303
8113
4859
4954
8680
8851
5279
1994
8546
5015
8350
196
7701
5294
7415
5210
8330
8324
8882
2407
5222
2472
526
319
5212
6978
2167
8967
1111
7783
8044
8228
4753
2691
6806
4169
6822
850
8676
1039
6986
4915
728
758
2678
6875
3867
1435
7419
4491
1676
7924
8222
9224
8481
3750
7890
3132
184
4937
4334
4656
3390
3383
8419
2950
8408
7488
7678
1146
7934
1658
2689
4993
3933
9493
1852
9047
4511
9087
5530
9921
3706
2007
2137
5669
8652
9317
9684
2505
9717
6980
6257
817
5129
369
7130
7725
7090
7860
6110
9768
7053
1577
1800
5551
6376
1333
8470
3109
2850
4296
5535
6627
5388
5556
4246
3727
4905
374
5505
274
6364
975
1591
7457
2475
4656
4250
1978
1833
7110
7359
7078
3474
7358
1164
8606
4437
6258
6522
8067
3982
9150
3978
1358
8663
6550
9538
7755
6297
6040
5091
6124
439
6947
3569
1155
5753
706
6835
9889
4103
6600
550
5025
8631
9678
6159
6296
2104
8564
8059
4000
1364
2077
4406
6995
785
8142
3551
1189
8940
9299
6402
6429
9262
4128
3350
5550
79
397
6196
1900
4647
42
8923
5997
2858
3645
9299
2071
2949
5038
144
7169
4470
1583
4861
7802
74
9801
5480
7531
4142
477
8576
7038
9538
606
9906
8254
1876
2030
3535
2266
3173
8201
8128
565
5976
9616
7252
5526
2058
6525
3150
3458
9632
8366
4996
9242
1339
8658
783
3767
32
9069
8468
3237
115
979
4865
7577
2178
8118
1417
58
219
2588
9674
5478
93
5911
209
7414
1920
1083
1280
6165
4932
301
2098
5321
8579
3386
1450
210
6295
2501
6738
9238
8002
2280
9421
5551
3827
8509
6078
1703
9836
519
7677
6883
7574
4667
1243
8289
879
4197
1850
6352
2527
9431
8322
8922
9946
5627
1027
4930
9220
9033
9620
4841
8960
7388
8291
6042
4899
7020
4550
8024
2294
4431
6029
6386
5967
99
9617
4179
7638
2151
2035
5967
7616
6046
2086
736
1573
5038
6234
6136
2525
9195
811
4786
1896
8810
5229
2312
7100
763
4706
4427
6584
7822
8358
5001
704
3076
5653
3234
3634
382
1217
2453
9593
69
3836
8529
8400
3957
7564
2861
3166
1867
5295
24
9922
3108
5590
1755
3041
4056
8548
819
4542
6513
4732
5193
6897
1253
3213
3124
4566
7583
807
1947
9324
8435
1229
1336
2307
2533
3323
4120
4584
8372
5956
609
5752
436
2533
1171
1595
3437
6838
7845
1031
8621
2170
3968
6260
2871
5340
2012
8785
9030
730
9724
3870
5073
1343
3475
7222
7721
4735
40
9612
1754
6871
1584
7970
497
3446
9710
7440
1447
6446
6542
2626
1445
9812
9319
3125
3512
2254
3452
3766
2491
2820
7155
4678
7919
6481
3438
8371
4815
2404
7280
7143
3526
1984
986
7411
7845
3175
8690
2871
6317
6400
3780
4467
2317
4221
878
327
7033
2501
2759
1010
3356
9868
4309
9035
4302
173
8989
8018
3367
3832
7440
4291
9284
9445
5595
1822
2017
3794
1165
5367
2464
2981
7968
2951
9016
6178
7084
6270
4704
1711
9399
116
7614
2085
2241
3417
4451
2584
6566
1087
9877
9136
5581
8575
3394
7100
3556
9546
9103
7459
1029
6931
9027
1421
2645
3988
4657
6031
3912
1370
4352
9768
7690
8623
5624
6049
6189
2177
1772
8724
5308
3603
126
6244
5408
8255
4098
4713
5245
5176
2900
1108
3969
1279
2894
2412
1391
778
8977
1039
9092
7239
7132
8252
1424
9438
7972
1643
531
2882
9674
7644
8051
3691
8270
7440
4560
1103
7708
1008
2590
1619
7495
4753
3198
5941
1349
9968
4308
6070
2016
3427
2072
6277
1720
4688
1556
5107
6809
9830
8386
5408
8339
7596
4289
4807
9264
8562
4981
7660
6894
9539
7714
8314
2599
6882
4936
4331
783
7258
8994
2933
1016
6194
8967
6150
8213
6012
1993
4926
6683
8983
2413
847
615
90
4332
6278
2278
59
6565
5533
9125
6277
8958
3779
2401
1351
5529
6956
3966
5374
9895
511
6053
8548
8501
8342
9450
3594
6351
4157
2428
3643
3412
1006
9507
3589
4880
3485
3197
185
4302
5562
9715
1213
8310
9045
336
6639
4636
4672
3941
2160
5337
5126
1488
7590
3446
531
5216
5368
7565
3986
9146
744
8041
882
7911
5030
3182
4773
1291
6892
8689
5871
9768
5404
4701
6445
5282
9774
5808
3186
2744
305
9770
9538
1955
7460
3106
5676
4359
1626
3727
8836
4563
4613
4838
2238
991
6792
4202
2772
7617
3955
8070
3563
7154
8891
219
3013
7345
3114
5802
2252
8899
8664
5262
707
5770
7900
2832
206
1950
6328
3595
9690
8160
1007
8843
7560
2395
8337
8962
333
5447
4769
3729
6428
786
2969
111
3420
4001
6360
1278
9277
3927
8599
1383
5711
5462
2946
1410
5232
7456
1577
6257
7416
8496
3586
6631
9291
468
8545
5389
2972
1405
9820
1085
6488
5849
5983
1518
3851
6381
9301
1582
232
784
7787
6416
5101
7875
6868
8706
2622
619
9689
4133
4183
8899
2615
3102
4192
2019
2726
2990
2273
5468
1321
9980
3549
8097
5578
9098
673
4853
7677
1566
1274
2381
9053
4880
7066
2412
826
6380
6762
4662
3687
4874
3318
3938
7662
257
9307
777
6653
1047
9444
5869
6258
5307
1664
4907
798
9962
6364
3160
855
8907
5098
4648
845
3209
9028
9918
2017
6254
3269
4556
1216
3950
8824
6406
7276
2996
8825
6059
529
651
1432
3414
5540
2989
862
4334
1143
9156
1827
9761
2063
5146
4272
9161
4885
3324
562
9717
2464
173
4465
3697
2628
9854
4915
9281
1591
3226
1523
9295
6800
804
7185
4376
7883
5790
2291
2511
6552
1300
6973
5080
4667
9122
7188
6646
8057
8037
6899
7779
6120
8022
9138
6124
420
2607
6806
4516
8740
6238
3277
2845
4243
7810
4390
3317
2954
319
8121
3789
6442
2260
2997
184
2599
6228
517
5798
6222
675
8522
7288
1372
4651
5404
339
6495
5375
5185
5214
9519
6990
8088
6675
5898
6637
6856
7136
2928
6946
9604
7640
4400
8002
6611
300
5734
3219
3178
2481
1755
9700
4490
2943
6610
9119
7848
4982
5533
1036
3019
6234
8950
5480
997
8415
98
7144
791
7979
3305
6746
7248
5144
5618
4039
6969
2435
7349
2005
5255
1078
7194
8056
6032
6633
3849
9179
3024
8199
924
3375
214
8176
8759
9947
4756
5431
2199
1218
9646
27
54
4516
5459
9058
7893
8885
5122
8819
6524
9010
9487
9374
2104
3839
8130
4202
6433
6513
8724
2036
6245
7474
3273
6621
2011
7577
7400
9786
4136
5333
3098
8812
4930
1407
2475
892
5361
5470
7752
294
6290
7169
9796
861
4464
4113
1346
5154
2703
1935
3698
8929
9373
3654
9642
4764
7070
5625
1413
9966
7856
8204
7762
1764
6622
5799
21
985
3138
8124
2860
3936
6218
1915
3976
2138
26
8469
5832
5042
5328
6608
1140
4823
1553
97
5467
789
9544
5369
1692
4405
8660
5439
2047
3431
8489
9537
8246
1922
8942
8097
8722
9545
4427
374
8160
9330
5111
479
9316
796
3433
8485
5788
4369
9108
5360
8047
5980
2981
6981
8296
200
335
4036
1667
7183
2630
2410
3562
9704
2462
2498
58
6206
9286
7660
9637
1187
5295
4133
6695
8219
5142
8998
7965
2759
6450
8992
3273
742
3876
9319
7977
9454
695
7551
6693
2608
8459
9905
5414
6661
2193
8092
1127
3454
7935
5861
2001
9596
9115
9766
7851
8707
2917
2315
146
9636
6458
6293
7765
9259
192
5380
7328
1308
6836
9018
1358
8366
5524
1301
8624
2130
5865
3283
5542
2021
2353
9617
7585
5731
8165
4973
741
267
6647
6424
9956
4899
8995
1164
6001
2585
5757
592
1558
3685
2380
1381
9064
9168
9748
5766
3599
3289
8832
5434
5101
2853
1230
9646
3808
5740
3292
6573
3214
8273
622
9450
7300
7651
4659
1518
5806
3518
1851
8849
5956
4973
174
5668
8067
298
4429
395
7342
5853
8143
3788
65
5198
5150
1796
6800
9421
2433
1258
686
3699
7737
4063
1573
7555
6205
3300
1497
4665
6760
9809
8744
5928
9150
8777
5513
2572
9978
8331
9753
2319
3567
2427
5303
7151
3901
5101
8948
7370
2979
9931
4610
2651
8597
6099
8252
9338
8322
7632
2726
383
7838
7096
857
7831
9238
4826
1084
1704
4168
5152
9649
2168
49
2543
9474
6340
6589
5379
2141
7996
7347
6499
2574
726
2614
6030
4578
2851
6655
5989
474
6640
9378
925
6029
6132
3585
1861
6906
9671
3217
8517
6070
8537
5045
5259
4806
975
6990
4667
9663
7711
4671
8266
3439
4499
1890
904
2450
1038
9415
6414
5583
1612
4576
6890
9406
7180
1999
8469
8654
7326
9201
6572
4566
5844
6205
1113
8838
477
4925
7769
2227
3632
6211
9186
8844
4667
5526
6542
6232
2381
9262
4109
4939
2086
7549
7600
9110
4674
4875
8920
256
2175
3562
2792
3001
2793
9751
8563
6266
2295
9136
6747
3151
2627
5852
9480
262
9986
7232
8628
1456
2332
6756
3552
765
1122
8361
6791
7340
3386
2010
1867
5601
3726
7433
642
7605
4758
4974
3846
9575
1963
9363
1496
5077
8635
1683
5443
7665
2876
2835
5627
3679
9719
9836
8162
157
9937
4951
1547
766
5763
1888
6001
9135
5032
4409
5708
9540
7884
5748
2510
6614
6187
5731
7700
4769
570
3157
6698
1675
5307
6349
7946
892
3737
6457
9912
2485
8447
5966
6490
1521
8468
617
347
7104
3934
4367
3456
4947
967
4498
4386
6452
6578
1522
5627
6273
582
3073
5218
5212
5275
9122
1583
6605
132
5908
5972
5448
6303
3666
768
9589
4382
8168
2009
4016
6270
1246
3381
7034
2731
5776
8162
1099
1097
94
3697
1663
6069
7738
9138
1232
1479
690
1175
3305
4252
7466
2654
5323
9979
1923
7070
7876
4047
9009
3822
8179
1955
4033
6710
4294
9546
1274
7794
8674
8800
997
9150
2230
475
8769
4159
6295
6991
54
8554
9252
3867
5650
9546
9034
7209
3260
777
6574
5735
4217
8429
4544
7757
5380
2066
5511
2719
213
9031
1935
4964
2344
4587
5172
4145
8409
5495
4456
1652
6589
2854
7740
4587
4380
7279
6681
7963
3591
4816
1805
3881
3302
6445
8766
1881
8683
2032
335
457
2239
6774
839
1024
9195
4753
1235
6582
3251
8501
94
849
9272
8710
4943
1407
8249
9147
4372
5439
3402
5725
8307
889
8533
9467
1683
2655
3857
8750
6697
4664
7791
387
6299
8617
8205
8125
5757
910
2038
8756
4789
3531
2890
1849
9728
750
6945
6374
4854
941
2396
9098
8987
9949
2125
6667
2412
23
4178
2009
69
2920
4132
4084
8482
8967
9363
4571
9094
8643
1880
6655
2077
7123
5728
5353
5718
9644
4122
8295
537
4579
576
7809
9593
2266
9099
6223
5530
5396
809
2114
7466
1111
5685
5271
1030
6357
1329
3556
5692
8779
4306
7214
3068
9062
2151
5977
8485
1234
5749
4040
9626
8799
3358
6464
1328
6855
6168
844
8474
6394
8893
5822
1719
163
6377
4801
8250
4853
705
1605
8872
7748
8713
1220
5780
7337
2434
2727
3417
1084
6077
9700
9854
8230
3069
4956
3271
3750
9967
1299
2997
3099
8168
1248
3650
9761
4690
4100
9825
141
5472
9793
3195
3119
9832
3747
7931
6062
8544
1236
5036
1403
2007
2253
626
839
1870
6665
145
790
9726
8274
5276
9218
1480
7390
2934
3007
1231
6363
562
5177
3375
7836
4674
9243
2086
5028
8181
3219
8767
1500
1178
7646
9817
9473
5914
1679
563
1018
3052
1719
8783
93
3248
1581
4645
3733
36
4894
8508
3552
317
7789
3955
2960
6425
6657
1630
7114
4006
7108
367
6136
6019
6710
1381
7672
8705
1104
8759
691
9733
4725
4202
9827
4677
876
7393
211
5746
4890
1129
6371
1071
6266
4470
110
6918
7080
3206
5537
1188
6035
9511
7777
6891
2245
69
7525
9899
1903
7828
4246
2043
681
8913
1448
1431
4400
5642
6740
6044
1249
6059
632
7318
1136
537
2198
4731
8512
3595
8864
5189
1967
312
6471
6279
7885
7730
7210
5603
9327
2043
2340
8189
2915
9362
9029
6018
4783
2197
1550
5058
5179
4373
5506
8878
6519
2229
5363
1662
4344
9372
4828
6222
6344
4781
6216
6006
1796
1370
2566
9389
32
3523
3031
2705
4026
9847
1325
6487
7574
6194
2729
4938
3082
8895
6593
5430
6600
5418
84
5017
977
2855
7510
5205
5689
348
3607
7133
1776
4048
880
9275
3899
7520
5975
1754
8971
2380
6738
3578
8459
969
9660
1735
3396
4848
876
5616
2740
1733
9396
4005
4719
4943
8454
5996
6204
8273
1412
5765
4842
3405
4874
2832
5306
3599
1997
1922
2038
6954
1073
7252
1503
1673
8175
3957
6747
5378
7556
1497
4632
8500
1891
2713
1422
3045
975
3268
1830
2790
2131
6085
8396
9085
7653
7511
9920
816
1536
8017
1154
6213
6181
7630
122
5559
8760
9788
5976
593
9719
4448
3181
2564
9219
4532
5904
2171
9404
2479
2887
9565
8630
5131
3266
4680
2093
8618
8840
5136
623
4922
5018
3746
5060
9480
4895
5187
1647
9069
4213
2557
7122
1679
4253
2502
8883
4
6205
2188
1554
5424
2918
6470
2097
9546
6748
7505
6444
7731
8217
9266
2008
1055
5983
5195
3674
7445
4123
6374
5458
269
3893
5887
5633
4694
6246
5799
7863
1933
3447
1393
8244
6870
8203
3669
3906
8238
2788
9720
1209
5610
1535
7881
6459
9045
3669
6102
6568
7985
5388
9077
1734
2733
3271
9553
9880
6284
6439
3845
3622
9679
8616
3606
7577
3097
8133
8095
5883
6511
8982
459
9080
1388
2615
6849
4484
7507
1160
5789
9200
7312
9925
9343
6106
9740
6522
3778
7816
5798
2741
5621
4358
226
8116
5813
526
7284
7184
6767
1324
2445
5477
875
384
7750
4957
3619
2955
8959
6682
8994
9890
4459
4778
9441
7503
7850
8174
3395
6394
3951
7885
1815
7213
4159
6744
9840
4413
8384
4576
4462
8064
492
5430
1782
501
9307
8143
1098
2666
2004
5218
7207
4756
8244
8326
4323
7686
8128
6392
1051
1249
6987
624
3945
7241
9013
7360
9320
9814
6345
6112
5493
8651
5238
2620
9472
6477
7462
5809
6919
3466
2809
5077
3080
6507
8309
433
7340
4055
3164
1148
3700
5405
4622
5680
7078
6991
3289
5881
7520
1665
9724
5222
1438
6225
2389
1136
4113
4605
552
3860
2487
9222
7701
5987
5551
969
6371
9639
3865
7541
5902
1188
9452
8820
7281
2791
1234
2676
4658
8728
2063
2723
7578
5158
8204
163
8328
6439
6332
4511
7895
7089
2137
5128
6633
7412
134
1643
2620
2889
3606
602
2745
136
375
3795
844
4516
2706
6141
4672
7184
2073
223
3742
5160
1720
1620
1649
102
4294
7900
8545
3938
1074
2747
7756
1542
5226
9403
2276
4386
5066
6629
8467
4029
3548
7548
2776
7874
8247
5075
4999
2118
7474
7475
5883
2451
1880
6729
2183
5338
9467
2806
8188
186
9692
5241
1305
3339
937
1242
8937
8057
1352
3142
5343
2691
2763
5906
6275
7922
822
7927
1749
7195
7051
1831
8033
5091
6692
4454
1502
9951
7626
8232
739
9182
908
7244
2983
3689
8110
1555
3847
3338
5970
1630
8892
3105
4310
4161
2703
7235
8152
7590
4485
3476
5480
1822
6298
1182
1027
9437
910
3749
6968
1154
8598
3672
5958
7509
6164
5928
6755
7726
8771
5617
4731
5427
431
8699
3387
9042
3545
5755
9168
5603
166
6223
5972
6934
8558
6262
2889
5333
6160
9118
1465
1307
3937
7837
1135
4622
947
5478
6771
5609
1151
4766
8710
9497
6249
5908
9355
2610
5411
1296
9067
7205
8097
2026
5052
7138
8430
9212
120
8886
5998
5577
6574
2512
219
6184
6655
2890
6747
3360
2255
3019
2845
7256
5404
4004
3084
9285
2632
4084
8293
1477
128
3759
1908
6563
7682
289
5297
2103
5144
7660
3184
3309
7604
8129
4750
2644
6453
2309
1257
5474
2342
9399
3244
3182
7779
356
4391
8078
9412
442
5219
2583
1707
7592
2532
4244
5046
1883
6514
8550
8545
9596
6746
5346
6690
1451
396
7590
9616
8207
3951
3113
1955
4584
216
4283
9430
1552
7153
7174
1702
4949
2569
5686
8582
40
4037
6921
7407
1177
4104
5527
7017
1971
3554
6652
6671
5479
5724
5595
5334
8123
8611
7135
1689
3209
4340
7377
4470
8667
7917
6847
423
5528
3366
1267
9553
4999
1985
7132
4386
2245
9385
2584
5412
8518
8458
2936
8329
3476
81
9499
3729
4124
8316
6539
260
4497
6237
4564
8767
9557
1441
1638
3341
9997
3329
6853
9640
9937
8362
9847
7652
9815
4238
9278
4732
9117
4830
3700
790
4648
4996
3135
199
5010
5713
9634
6588
8262
4579
8883
2262
1604
4903
4340
6561
6385
3055
8992
4131
7150
5888
1406
3689
1136
6070
1602
549
6562
2085
9764
5343
2690
2114
5633
9317
303
7902
9096
8700
9950
2970
1435
7875
859
8403
8063
8752
7534
8215
5068
961
4556
4642
5366
8972
8361
9417
9780
8388
145
5181
1869
1361
7954
1628
5943
5919
1954
5533
1199
8014
5577
5403
3455
984
6824
2082
9723
2620
8113
127
6797
9127
3086
5483
8721
988
4381
734
5568
3266
6818
4788
4821
5063
320
4124
7877
6299
498
6515
1531
439
3106
1103
9847
6008
4692
4800
8443
689
2756
1679
6225
4427
6194
7876
5529
1155
4940
3491
9343
1953
768
4165
5317
433
938
7638
2261
9203
3174
5009
5463
5027
5241
5860
9250
4063
8477
8358
136
1495
2434
473
6565
1718
2860
5009
4073
4654
4174
3301
5682
2558
6878
3544
6385
6662
3
9182
1118
101
6420
4464
1925
6201
8724
2739
3980
7780
6864
5928
3820
3251
7712
9962
6560
6104
5315
5471
9344
30
702
4936
2906
6839
8372
7556
5508
5595
6495
7806
55
8399
7747
8098
7692
4097
7642
9283
7016
8730
4695
7616
7297
522
1825
1497
6572
7476
3420
6408
7482
1496
6051
7278
9532
6663
2595
7003
9359
4176
8186
7908
5328
9533
3053
9169
2405
80
69
6190
7851
3076
7170
3898
1896
8936
3793
1185
1303
8708
3764
6901
9704
6286
5718
2248
2605
4274
2536
5750
7470
1072
3626
8813
627
9994
9590
1859
8255
871
2460
384
9561
4573
3366
1449
3977
6588
6111
5579
62
5651
2259
8137
8768
9959
9978
6423
6605
890
4360
4627
2523
6725
2799
8844
2277
1411
707
5120
1484
9430
7316
5888
7389
1572
361
9497
3938
808
6151
1109
8418
2346
7269
8497
3848
6235
5746
5558
5311
1758
4399
4124
7476
3402
5021
5092
2582
6049
3631
3961
8558
9207
8088
3791
5903
7183
8276
9082
2977
5355
8966
236
6829
128
2509
1749
7937
1622
6030
2855
1578
4799
8995
928
1406
6509
5511
4007
502
9213
53
5279
2569
8298
7926
1642
4497
5533
6437
7582
6350
4007
142
7694
9631
3029
3126
4414
1589
8251
7338
9646
3245
4128
7980
2746
3763
3321
1849
8766
469
4652
7661
9552
4810
1151
8764
7705
1530
8011
3587
1400
8060
4559
45
4463
7850
3907
9469
1992
6508
6254
6769
1343
1694
7157
8405
7480
2093
1398
6457
8471
9629
5842
8140
8663
2915
4428
592
7247
1996
5120
8737
245
6781
1878
4960
7652
9715
7376
9811
8024
9734
5910
8060
3193
214
4490
4007
3852
3425
8571
8972
3119
3210
3394
881
2736
8413
7249
6868
1644
1752
389
1831
4827
562
6622
2786
6526
9234
863
9151
2600
6601
7774
555
5553
4512
2325
1752
9538
7543
1632
2543
893
2483
7310
2631
454
1854
7159
9560
1046
7414
9890
8191
6155
8578
6690
7703
8121
5636
5077
4392
2606
5855
7311
4977
486
364
9231
6771
9182
7086
238
3692
6493
367
9038
5465
2637
8937
2580
9828
5121
5926
1749
7036
2980
603
5912
3656
9001
5551
8921
4521
3522
9891
1691
7371
5787
4496
6505
6983
5165
2697
39
859
1282
2275
8382
7024
9289
3699
7316
9890
577
7705
8570
7953
4521
1928
4967
2549
4517
4550
3313
9254
363
5573
8496
418
2482
4694
1830
7168
9833
1841
8434
167
6548
9276
1784
2230
4089
4799
9446
8977
3533
8941
4120
3016
6086
1834
8466
7589
9449
1925
5203
1667
2751
7489
3422
267
4437
6301
1257
9061
3147
3168
8449
3039
2830
5504
2305
8853
8167
5186
1712
5717
6585
9583
3429
4780
5224
3273
9006
6108
6165
5326
1592
1882
1809
2382
401
7577
9870
4276
4996
8758
1216
5128
518
5789
207
7866
5721
8240
8170
6453
515
2501
1295
7300
8716
5178
8681
4514
8974
6433
9411
9729
1074
1081
8009
6516
8623
1978
278
5824
8945
5442
2914
2717
8199
3143
7309
9440
5151
4625
444
9164
9593
3139
5299
6621
1921
3946
1984
5163
2996
5315
4943
3088
6455
4477
6095
9971
1992
7578
2273
4398
3684
20
8956
4800
4397
3233
5536
2072
8640
6436
4750
5271
4393
6155
5925
1401
5129
628
8237
9973
6037
5179
1124
1059
6491
374
7290
9200
7045
3485
3692
2700
219
8253
9574
9577
5750
703
7178
9984
17
3040
3608
2835
1101
4030
7410
5120
7107
9263
5377
3296
2158
7238
8535
5766
6029
6097
674
7009
663
9032
511
9643
1693
8032
976
7455
9619
5524
7232
7864
619
9283
2742
4358
7976
3846
7734
9758
893
6595
5232
9227
3101
2786
475
8375
9518
4762
9747
6570
2064
3515
5937
8471
9170
5827
3557
3138
9241
3078
5957
6275
2147
8074
4498
2736
7667
4957
5380
924
5340
3026
9450
5571
1247
9338
3037
1527
8682
6244
8172
3422
8251
5889
2923
6172
1806
7853
1012
6133
7807
4140
2461
4712
946
2351
1861
2397
9153
9643
1530
9977
6210
8663
7819
6648
6603
1288
6089
5023
6212
6909
7531
2008
5336
4225
6748
1964
6350
4087
4338
1056
9643
9290
3778
5665
3929
4570
5442
2756
1773
1794
3209
5574
2221
8402
6034
8348
1314
1666
2249
4529
3628
9874
7932
7043
3813
3045
8942
7589
6853
2246
8329
5769
1373
5375
2888
1563
9087
5595
6321
4249
8857
3901
9762
5356
2223
4735
5860
6207
2948
2157
2003
7762
7759
8199
8551
4158
792
8827
3881
8250
1054
4116
6130
9895
7030
7914
643
1722
7648
6853
3435
6183
7635
9424
1881
7583
3165
5934
7404
6288
8991
1566
6328
6306
3533
9689
7341
8539
5676
3396
2524
1185
5381
7093
5198
6930
9992
3471
3973
4768
4488
4560
1569
2929
2478
2387
2360
5569
5451
7219
9543
9098
3264
9362
3866
9144
2736
3042
8024
1270
9567
9145
5682
1143
9296
6999
826
5126
2017
632
4342
2647
4432
8788
7575
5585
3839
9236
7831
9386
6482
7797
5625
5730
8806
5092
4529
7574
7495
4031
998
6252
8177
5320
4926
6172
7181
8256
4228
4153
1191
8281
8293
8018
6240
8782
1931
993
6374
7373
3823
5138
8434
3549
9970
6031
5351
3874
5570
4508
5551
9355
8358
4897
3722
2452
927
1875
9556
9526
9212
8872
1234
7238
6093
70
4633
21
5359
1970
4819
9113
7603
9401
4729
7171
8594
2669
595
8837
1991
1983
6530
1541
748
3996
6087
4695
4195
5974
8174
1446
1889
4710
1788
6025
7216
5810
5765
5872
7629
9638
6409
8636
3861
8581
3387
4976
1225
387
809
164
9920
3567
8981
8406
8323
6610
1957
7150
9010
8708
2041
9822
6806
1218
69
9993
6588
4019
9147
4736
9331
3312
4281
1715
3937
9770
9087
4880
8098
1666
2090
547
4849
5547
2090
3014
7725
374
5807
7918
7152
2506
4634
4613
6136
9829
8759
2495
8175
8346
7270
3870
5825
8225
8926
2167
531
4925
9953
8393
6996
228
5688
427
9721
2941
3408
2925
569
7747
6781
4647
7411
4833
1554
171
4271
8236
8425
4666
1410
3579
4262
2365
6256
3493
638
4186
1223
2888
4679
5885
5053
4622
3976
3830
2563
4360
9173
4188
3187
18
3753
1047
7571
8744
2533
2293
9642
6338
6738
4597
9220
6872
1231
9795
6328
8404
2156
5638
9564
8392
162
1171
5540
3323
7335
5041
313
9042
7484
7731
4745
8495
3618
6331
5838
848
4387
2359
1954
7755
1090
5680
468
2658
8504
7129
2471
6868
4897
395
2379
7839
3638
4053
6774
8896
99
4315
1160
1652
4054
2633
8174
2619
8845
9363
9474
4308
4653
7198
2962
8165
6494
8021
3420
2527
372
2286
8181
191
5391
7399
8814
538
6973
98
8158
5198
8995
9156
8286
2982
7660
5477
1064
5265
1928
7820
9737
4523
905
2371
7933
1856
3205
9531
7366
3521
6706
6379
3848
8506
6883
3010
3514
4558
142
9440
4597
3702
3305
3570
7425
6284
1349
1834
3049
6547
5930
6808
6096
404
3373
3267
8552
4032
2722
9577
1033
8236
6036
1443
5083
46
5370
8491
1540
6479
6353
7007
3880
7042
617
7622
3737
570
6478
3321
7383
3737
1432
1988
3654
7757
9046
5445
5431
6078
4086
9144
9131
3348
9730
4093
863
7458
8667
8117
6343
1563
1117
4930
4018
5349
4870
2883
4529
5861
9368
8874
1623
5503
7980
3168
1879
7776
9082
133
6818
8165
2238
5144
6792
1519
4964
3841
7514
4075
9399
1929
8469
8327
8702
9023
8228
2462
4749
7111
7680
1690
1297
3696
388
690
9281
320
3435
788
9789
7887
3239
1642
1906
6492
7379
1727
3562
8418
5679
9877
8923
177
9398
394
9963
4814
7854
6519
9035
9554
9592
9183
3235
9307
6733
842
8727
2712
9575
864
5339
2222
8839
8776
9390
2230
3945
6656
1189
4755
4202
4242
5692
7090
1883
2210
4882
4465
7609
4598
4469
7089
8259
1091
4967
7539
5043
1004
3909
5156
891
4689
6703
9757
246
5441
4056
1423
1489
7998
4010
1224
1171
4152
1382
2170
736
984
8059
9058
8759
9136
5824
3052
9606
1721
8930
5634
9913
7936
3562
7434
6198
1795
1240
5089
8455
1149
6130
7700
5997
7227
2534
7626
9784
1846
9373
5544
4797
1984
5270
7551
8875
8916
6906
4318
7876
636
5855
2687
249
282
4566
2352
5208
9546
6940
7981
1912
9381
6870
7724
568
3215
1333
2759
7719
582
8906
9774
1510
5300
8199
7417
8432
5503
7441
7346
6115
2535
7715
2963
9340
2465
1886
2806
5659
5332
3129
5807
4201
8996
1878
3216
5213
5893
4377
3406
5485
9785
3104
5728
3174
4393
3418
1945
5581
9543
8790
9865
4941
5130
8803
2129
5410
1063
2807
2211
6313
8244
8424
8810
7672
98
8862
1664
6338
3018
8897
4079
9361
8880
2742
5971
1569
7175
3212
2910
9334
894
1887
3114
850
5294
4130
3530
9217
725
3548
222
9177
4739
5162
1686
2187
6252
4890
4262
4647
7219
615
4495
8071
2080
1221
2736
7487
9901
3806
980
5678
7589
1851
2312
8627
5866
5936
8962
8962
3067
4398
6611
5997
8594
8469
2740
7701
3823
9655
5689
637
4065
681
8830
9792
1300
542
7083
6985
6238
1779
3567
7856
5478
3815
355
8040
8069
4368
6324
9594
8796
403
7220
7136
8522
9153
1444
8822
4475
330
9032
2692
5094
1880
4866
820
87
4308
6372
5210
3896
9959
425
6980
6690
7000
6058
7738
914
5760
8600
492
7037
4753
7061
9986
1086
6496
4089
6356
62
8763
403
3846
861
7054
6978
7722
3523
6407
3933
105
2204
9931
8273
498
2450
8935
8220
331
9886
5583
7639
8628
8403
1960
3889
6605
3426
4344
6810
4489
3843
3431
338
1148
5258
8375
7964
3258
7561
464
9140
2099
8311
6673
4752
5143
5800
7927
5321
6766
8949
4260
6093
1626
5269
565
7869
3529
7054
285
5130
8148
9343
7396
4826
3685
6134
5163
535
3671
3324
3380
3425
7366
8014
2407
4561
9408
7585
8834
5769
5557
9736
8209
7824
27
2115
895
701
4493
3035
700
311
3890
1354
7855
3702
2146
3009
9391
1297
1852
6589
4336
7183
8636
8367
6824
3853
3592
7102
9748
7981
2381
7171
3195
5970
6288
6746
2356
247
4251
2475
6317
6457
1985
848
2782
743
4434
5814
1827
2835
1370
3832
2689
6817
652
4921
1770
9989
5691
8661
2998
6819
1869
9169
9224
4721
7179
4744
9997
5715
5867
9411
481
8673
5764
9444
9649
4806
174
4940
6930
9862
5286
5022
6010
9559
8940
2329
4389
5357
5960
4340
7058
7205
6103
8013
5667
8767
3461
50
8481
7841
3288
8509
8406
5071
6343
6203
6011
8497
4427
8099
8389
8724
8509
1405
4942
9440
4311
4830
8978
7567
6231
1630
6514
5172
46
1586
2103
1198
8733
1434
7967
9542
7386
6731
1830
9320
6692
1310
5312
3630
3462
4274
9180
5207
681
9527
9255
5799
9584
109
2556
5299
4725
5187
6031
1340
4182
5759
8370
4825
5060
7698
570
4807
6271
7162
8821
1301
2724
1069
322
554
4994
2391
2823
3041
8933
1263
5420
4507
6796
928
6464
3179
3049
1333
7128
5508
5170
2970
4533
2543
6681
1423
825
2247
5337
541
1130
7721
518
2403
9206
9522
6803
1812
1761
4391
8593
5903
7532
3319
7712
658
693
2814
1270
4047
4278
6320
1055
2463
7946
8442
1582
9850
9887
542
7907
5213
6129
1915
4780
9720
8147
170
3493
6497
1693
16
4183
6661
9735
5199
8986
2904
4737
9699
3584
8978
5825
4144
3974
6716
7079
3213
9561
4839
5329
7529
8275
5862
2633
2022
8203
8128
2922
879
50
8883
7248
3507
3193
2923
1450
7347
648
1863
8003
8932
7396
9450
6392
5851
2678
4284
2448
6134
7093
1019
6740
2215
4265
3833
790
9929
9397
5847
5448
495
1453
1107
6734
7289
6980
1646
3074
4529
3448
8365
6258
5726
2919
6302
3597
7561
4137
1987
2198
8685
4500
9851
4349
1495
2184
5151
1616
2270
7538
6136
6643
4677
9074
7010
3538
9024
7542
6602
6072
2293
3223
6639
4955
4732
7260
4986
4604
8784
8119
854
3736
9493
8840
6646
2882
5051
9722
9633
1686
6926
5031
1597
9551
7197
5238
5691
9188
1361
9895
1011
4556
6633
1458
3603
2843
2070
8528
2251
7058
5533
4520
915
10
7741
5954
2908
9493
8129
9154
6113
6378
7916
7448
1636
2971
1692
2969
5313
2577
5253
5578
91
5489
6137
3430
2039
2976
3008
3342
9076
4035
9584
5259
4490
4482
1072
8787
6949
125
898
53
8746
9356
9975
1994
5488
598
8865
6567
6366
2415
2389
5951
9105
8290
2167
8314
9462
7151
6016
4370
25
1264
4116
3665
2501
9696
5115
2720
3519
8847
5700
4921
8369
9025
999
8498
3647
5416
3654
5791
7798
4774
8577
7678
7146
918
2592
8451
2965
4590
8797
4427
1443
478
3336
14
1939
1357
8029
1923
5863
8289
883
8575
5500
150
2095
1591
9091
2269
5168
7128
2080
193
439
9094
3745
9593
5648
4821
6069
7212
2282
5350
1390
9777
1151
313
4779
1827
9818
5375
5791
7231
931
5174
7314
6677
9686
1165
7942
9844
6096
1903
4728
5359
454
6597
7562
8157
2608
4775
3660
739
263
5530
1016
4860
9080
2317
8047
4908
903
3343
3015
8269
6352
1614
6779
243
6288
1938
980
853
4884
8814
8010
8538
7906
9834
1061
4
59
1295
4744
801
4907
5372
5582
4612
3206
6371
584
1614
1744
4084
6660
8404
9864
7547
9990
6201
5423
7627
7762
5849
9465
5910
693
4326
7686
1164
8274
5969
7836
5012
7461
6960
6837
8254
5849
227
8278
5062
7795
3548
4370
1524
9795
7613
7579
7532
8841
593
1543
8394
2112
9426
3269
2296
5139
1632
8139
3333
8621
3218
6561
9846
3515
7579
5324
4167
6506
9183
1876
3471
8929
8869
2872
5245
8722
4019
9664
2965
4486
1473
5677
3995
203
4812
6431
2967
7281
6753
969
2506
4828
4829
6090
4062
9080
3086
7231
5174
3908
3834
7867
875
2846
6875
6810
7271
8448
5456
743
2473
5628
8580
6585
180
2666
309
5627
9121
5520
9175
3907
7930
7401
4054
8310
4939
4577
3767
302
1396
845
3780
2018
3058
6812
8891
9414
88
9255
5039
5019
5767
5520
2061
5547
7645
8228
3079
3283
4258
6181
2460
6453
5373
1693
9268
4014
6211
8315
207
460
2564
614
1257
2666
8169
9617
3047
3951
6202
4695
7815
81
9110
9538
5334
6665
9498
8209
4772
7556
2093
4223
8362
3136
8771
9364
6766
7793
699
2680
7161
800
7431
6045
6150
426
4248
2968
7949
8552
5783
3847
1989
7564
2677
2549
1782
9215
3909
1526
7141
5368
1259
8405
8699
2996
7238
5601
7411
174
9433
3117
9583
3056
329
8330
2938
7652
7645
7708
6062
8706
576
3939
1732
1428
9509
7363
9747
7602
2628
494
7368
4053
4491
5898
7281
5014
7119
8643
1635
4601
5931
4963
1008
9124
339
810
9345
1183
4197
5722
3894
1881
1158
6202
9820
1501
4798
7721
9262
7598
2611
7213
3932
870
9344
2927
6937
9767
3074
5575
6201
6424
9604
7769
8821
5635
2859
5211
4341
6409
1789
9261
3414
2966
8889
6271
7685
9902
3085
8691
263
3863
5083
8083
9028
8976
7567
9098
4004
8603
3195
9916
906
3558
7485
8548
1402
5411
5364
704
9927
386
2005
3862
8760
8193
2272
2566
6298
3807
9458
534
944
7423
8719
4655
5719
9688
7086
8276
3
1131
4166
2311
4383
722
7181
1999
4731
900
824
5470
4368
2101
6334
6599
9925
7712
5345
5551
6617
4236
7090
9467
1267
8653
5078
9520
3762
7021
1066
8378
780
6060
9951
3533
2501
5370
9219
7501
1950
1894
7957
9438
1861
704
1967
531
3329
374
3667
735
2399
2227
9836
822
7693
2836
6511
5884
4363
7441
2742
4063
8080
2950
2102
1654
5865
2442
1130
5763
3971
6247
4916
6937
3646
386
6893
8709
2523
853
8649
9945
7879
2087
6950
3843
8827
3864
4231
9502
6780
1894
3092
1498
2839
2045
6195
1527
421
299
7739
8553
3542
2275
885
5268
6587
3725
6177
4895
1036
9477
9987
2112
9910
9947
760
4709
6517
2110
6261
8043
6998
3051
6428
9687
8234
4017
3117
5279
5075
5984
4303
1754
8279
7823
17
5790
8484
6435
7531
1756
3276
223
9103
8646
5471
8321
1208
4296
9967
4621
8646
167
1424
5907
9841
3890
2878
4566
4827
7200
7663
8012
7410
3599
7147
9946
1212
6739
6632
6900
8572
8918
4899
3998
6442
3090
1040
5961
7536
6810
6880
6872
5533
8840
7914
1442
8480
1909
8022
2652
1298
8630
4273
5301
9748
7302
2744
8664
4975
5402
9945
1297
3949
9525
222
8025
2948
7938
5195
3216
5817
2679
9196
3696
2508
9140
740
7364
7843
1410
9063
2015
7258
1420
580
3636
5300
2543
7035
6571
5040
9368
1725
1414
415
891
6965
1576
2795
6311
8383
6863
2552
4881
1121
9099
6657
283
6617
7683
9251
5931
563
497
5298
8218
6540
9871
4216
9252
1318
8288
5486
2952
7015
2295
9179
4728
687
390
239
6052
6935
7852
7790
628
8065
4760
4693
5294
2023
9367
2897
7677
2399
3222
9848
3502
7842
3648
3318
2345
2781
7925
6864
2692
599
431
8291
1416
8124
9050
3036
2848
578
3762
1723
1734
9980
6898
902
8600
497
2060
1930
9011
9443
5669
8094
6103
2299
5277
1585
7170
1638
2137
1494
632
3305
8102
9139
738
241
1018
493
6353
4192
9944
2878
6659
9834
2840
7906
2827
8120
9570
8357
2872
7107
4777
6455
9879
336
1134
1283
6988
617
9605
3518
2480
2079
7764
8805
1909
1509
9715
3330
5831
4649
2780
1886
8595
5906
7036
6742
5099
516
9746
1554
255
911
8424
8733
7985
3088
8385
5075
83
2920
8788
5033
397
9423
3094
4377
9510
1563
9441
7679
2481
1894
8449
6335
1036
9815
6772
5006
5723
6999
6617
2777
7689
5110
3959
2495
528
6166
5645
9353
2063
4141
1004
7989
2246
4515
3236
7366
5611
1510
4664
2981
7095
5615
4337
9621
9900
4108
7840
1150
8452
3087
8259
8110
769
6404
1931
2875
3232
2045
5048
2477
978
1058
4945
583
9133
9965
551
3246
8293
2600
2304
1917
175
396
7015
9302
8399
8746
461
2098
7885
5928
7516
1075
5519
2461
5775
9364
2087
5021
4495
7138
4445
9631
9711
2076
9422
313
2640
6841
5301
4813
5578
6341
16
132
4953
6276
7437
5071
1449
9163
23
6554
3680
6845
578
7115
7146
7932
586
7393
8155
1815
2758
6231
9760
2618
522
4018
2046
9188
9914
6225
6073
9997
5863
2501
4132
4546
3434
7592
4535
397
5217
1842
2788
2962
1946
6704
5674
5051
8758
5041
9733
5334
9260
8043
7875
7822
9240
3501
3394
4473
4026
4949
2126
894
4855
1636
3647
7573
684
7994
5914
3878
2196
5439
9967
2158
648
9409
1219
8643
7406
1628
9299
4201
8283
1967
4797
428
1501
9775
7197
4707
6613
9188
2278
3127
865
9828
2625
3119
7958
8548
3143
9033
6549
1564
6714
3322
4042
3587
6293
7256
8872
3225
3911
1957
3517
4279
7894
3054
618
2967
5795
3980
4671
6205
1867
8873
7644
4781
9784
7840
159
9337
6159
7311
7147
9296
5982
3445
5277
4917
9985
2999
4590
2629
2870
3960
3939
369
3893
9619
6510
81
7014
9940
7953
7815
2600
5081
9687
9050
5338
9308
2123
5379
6913
2461
1253
4545
1698
3013
4837
7302
6217
4793
7082
2015
8348
8946
3853
8401
5896
1522
1910
1318
6302
5360
1995
8466
2109
7729
9992
5044
3434
8839
9058
7058
8453
7517
4899
6683
2926
8713
2310
9913
9828
2788
1340
6799
3251
8606
2062
5135
3399
2480
9491
8328
767
3757
9121
919
150
8643
1357
629
2769
8601
7553
8879
5281
7210
1468
1790
2463
6365
6064
1158
7011
2015
1720
4737
8678
270
6227
7269
317
6058
4423
3659
7494
3028
4577
6093
5864
7279
3506
3444
2423
7941
6888
1529
4752
7077
1290
1126
3233
9125
1576
5122
6721
7719
2970
3066
4968
1847
2131
2836
5439
7101
2587
58
9044
3122
9628
4704
3770
316
6919
1094
614
6075
2500
1177
8662
5344
5259
6724
1211
6950
8670
190
1698
7328
952
6647
9668
894
1281
4965
4073
9515
1046
405
2137
655
2380
6212
3986
3053
8809
2697
3989
2998
5566
2654
9045
4675
4735
9045
4057
4985
9567
3802
8875
4097
4891
5221
9090
3842
4490
9879
8428
625
4192
2811
9335
1814
307
3305
4849
8619
1563
4162
5026
5663
4187
8810
6819
4093
2793
4915
6281
622
4770
9965
7323
8411
9847
1665
1550
6188
9569
5729
9194
2384
3717
5778
6026
4276
8417
5217
2424
568
9166
2226
2123
2899
3843
4237
5650
5456
2332
3862
3784
8414
8162
7592
6074
8159
691
7788
8916
2344
9738
9841
9539
3905
7936
101
379
7425
6479
4485
6083
6436
8166
2219
3050
4587
6848
9413
9742
1175
7627
3646
1259
6817
2622
4230
5810
5194
1563
41
1961
1692
7723
993
3455
7681
6010
4574
8101
7915
8188
6781
1481
1548
1879
3520
1597
69
7358
811
5271
9150
8485
5785
1063
9625
7433
5389
448
9777
7417
3339
9252
74
2166
8055
1271
7122
3613
2053
4862
4031
999
8871
669
3768
207
6646
4992
7658
2775
5584
7312
3638
11
2926
2854
9228
8867
8169
987
610
5715
54
8834
8046
8132
2034
6866
2534
6652
4615
5152
8563
7889
1804
5945
2162
6373
8025
1852
3388
5950
8052
7254
722
3891
3547
2613
7229
4655
8403
2932
6015
4454
1802
6060
6655
5188
804
7865
2082
8537
9093
2987
6812
9790
7464
1853
4033
9269
3258
4066
5094
1142
4439
4133
1316
2128
2187
2369
6312
9545
7352
8643
1204
5600
1213
5782
9979
5899
1474
6451
5942
1313
4306
1140
9936
7296
882
5145
30
1132
8043
4476
9909
7657
3060
1183
6113
3371
3901
9372
544
1579
9825
86
5120
9594
9079
4941
8871
3482
9631
9503
5443
7683
4464
9623
5522
430
7478
9749
9206
5580
5513
9556
5521
1938
8611
1573
5959
5863
5759
1217
4836
9961
6031
2272
3931
5275
1501
5772
4116
7228
9378
9852
5896
6911
7967
1623
2991
9281
307
4942
84
989
5409
9976
3821
6822
6067
8845
7357
400
5230
9849
7023
1062
676
4506
4037
1874
3986
3154
2878
1307
8160
1100
1818
4251
3944
5001
3062
3725
2739
4852
3735
6303
7067
7757
6166
5579
5013
3893
3892
8830
358
6845
3846
4916
5795
5996
2298
1242
290
1490
8240
2931
7636
898
1611
8950
5768
194
2055
3483
1653
8009
791
107
1601
2882
6858
8885
9924
2955
3865
978
9415
6488
5872
9881
1842
9268
8942
3681
307
2567
2599
3336
6686
4122
9372
595
4413
4741
245
6764
8728
6142
2558
3705
2614
8590
319
2383
6625
573
4354
9766
2927
8537
7919
940
4660
9522
7120
1896
4278
874
414
7100
522
6089
4591
7118
1429
537
6641
1356
3819
2440
2383
4812
2464
8794
3320
4534
5776
8320
9903
531
7246
8798
4167
6158
1225
9139
7798
8057
8711
378
2222
2697
3457
4591
3710
2743
695
828
9910
4780
8521
6470
1641
2659
9644
7837
5153
9802
2551
5319
6624
105
5760
968
5094
3643
9682
5027
798
1584
6461
9855
3769
6653
4104
4121
4825
4991
2947
3653
3119
2728
244
3319
7035
2618
696
9215
3357
6871
164
8198
7187
669
72
2604
3357
8214
1320
5804
3763
4263
7514
1774
2221
4176
6893
8859
2687
5794
5418
8199
2478
236
9129
3546
959
5929
6914
2970
7891
1113
1677
2344
3894
8568
8297
4461
2496
3340
5255
9727
3604
2938
1274
4449
4839
6055
3361
4748
3148
8014
6341
5453
7311
6386
9649
3708
5232
2677
6098
4131
6690
4766
1492
1001
9470
4784
6505
9211
9338
9616
1896
1956
2204
4782
2210
3032
6313
2540
7663
9243
3176
4479
6143
6000
9272
5995
6134
6106
8990
4553
163
9332
8084
3436
7194
7752
5934
8792
8284
7760
7139
7430
1767
5151
5092
4885
4347
6929
1229
315
2379
2255
8221
3998
1921
3704
8547
2674
2972
174
9388
3516
9370
2883
6688
3983
7929
4775
4353
8763
8537
204
1330
5160
8872
6818
7563
4847
3865
6045
3022
712
4856
8999
6165
5165
8103
4959
2539
7854
6083
8862
9658
5503
1367
8352
4571
887
7875
2368
7934
1544
1208
148
8681
483
7849
5747
6924
8934
6867
7136
232
3088
1756
7709
6024
1880
906
2737
6720
6455
8059
5070
3103
6366
6313
2289
5388
4999
1498
8950
2332
9978
6440
4231
4826
378
7796
6267
6919
5490
5772
4807
3420
8377
426
5588
7983
8229
8957
5198
9050
2175
329
5226
2860
2858
505
8181
6965
4467
6559
1317
6619
4209
6983
3933
3103
1080
1418
3690
6148
73
2449
6793
5709
6795
6928
9050
6036
3524
4066
4858
3961
8918
564
767
7656
5267
3991
5146
7854
3335
9927
112
7309
6697
1934
4175
1262
8307
6669
7567
2389
8605
4722
7059
7156
7790
5087
2776
6190
8766
1818
8643
6171
7619
6629
2025
6949
1505
7187
9529
4989
4927
634
9733
5133
5899
3344
5781
7329
3769
1628
378
913
7003
1210
1086
6419
7846
5859
7800
2029
1192
5472
2178
406
9750
4677
1647
9456
1194
7823
1229
78
4493
5211
1373
109
7355
6541
1574
1256
6122
3381
290
1810
9211
8448
7895
998
0
6712
3100
4758
6579
1296
2870
5178
2002
8532
1945
7405
5440
45
6597
9169
5036
2892
478
451
6644
9089
6322
7874
7202
8619
5186
4527
3831
9014
2191
1607
6473
8668
5197
5365
8540
2424
5643
3492
2896
1650
3367
3095
6619
8028
9235
2548
8752
9410
3686
6604
4942
7129
1407
5567
37
5090
5503
857
3386
2435
6379
3548
3029
1764
9686
1258
849
7327
9561
3936
3227
9852
4297
1177
5926
732
4203
4630
4807
3318
1199
4880
698
4591
5936
5750
6883
9431
2508
8298
7933
8675
8484
8532
1167
7686
7610
6587
4141
9988
9753
6608
3190
7653
4574
9577
6764
6426
5931
3687
8482
5589
4430
8363
229
5557
478
5970
7470
4355
143
2937
9234
8663
9428
3508
5733
1319
588
743
7752
5171
9153
9937
4843
8009
1412
4558
2166
7271
2672
3660
2987
7059
5442
3186
199
571
5161
4325
5676
4292
218
6889
2432
491
5698
7274
8784
2628
2386
1594
6433
4896
1874
7088
2915
3588
9041
6504
200
8
3623
4214
561
4915
1089
6818
101
8178
4573
1743
4326
2476
1171
6
4040
7956
813
8351
9934
5379
3476
7403
8011
6857
3235
5347
6699
2463
4939
5670
7087
7772
2590
9218
1486
7004
6836
139
5020
9913
1266
8683
7345
2824
673
370
4856
8978
3248
9048
1878
3527
3551
1926
4872
9282
4578
9328
3967
1655
7164
6011
5639
3783
1677
3458
4479
4708
9551
1531
6836
7859
8139
8174
4785
85
8648
8503
6521
2677
6331
6541
8738
9185
770
9234
7958
8818
6828
838
8120
6181
6712
7367
8812
9316
485
1457
2909
2547
980
7917
6210
400
1027
9032
3110
1119
1549
6686
5660
1053
9845
2311
6422
9858
8954
6995
4089
2204
6257
8317
458
9621
3066
5240
3838
6716
40
6097
7135
7927
8086
9908
1983
6363
1732
7007
2538
9693
691
4640
2686
3539
5182
5923
7372
1987
4618
6810
9964
8872
8415
6676
5183
5949
9507
4177
394
8788
4368
7272
8440
3458
4101
8128
7139
8885
6521
6102
9134
7664
7627
4507
5585
1957
9041
7687
9425
2688
6760
1994
8994
5763
3753
5630
6926
6605
8462
7157
6755
3789
6802
843
8566
4086
3258
3093
6920
5066
2986
7821
293
2336
7825
3776
464
6767
684
4636
9636
2560
3827
7672
9553
9898
6169
5260
8857
1455
1352
6506
7327
9902
1792
2365
7176
4194
480
6831
8240
8504
771
8504
717
704
4522
5412
7061
5814
379
629
4798
1420
4459
5659
4984
2665
2171
6919
6475
2876
5313
4979
8160
9561
8838
9551
9109
1118
3111
138
3864
4974
8019
5601
9713
6722
9825
678
531
2774
9266
302
9023
1941
713
9057
2945
9194
5612
1924
4653
5319
4426
2618
4919
7989
8271
4747
7458
6467
5565
2091
3189
3636
9081
2602
566
3363
7576
5432
776
773
7807
297
4912
1483
328
4230
5415
9458
8808
1861
2944
98
9396
2201
926
8936
1742
8796
9603
5505
2299
1018
7224
317
3201
4997
3299
7688
1363
4433
9134
7781
4073
5402
2801
4985
8814
1492
215
6611
5053
4591
4722
7215
3320
4127
1331
9387
2464
1771
9083
5356
3688
6641
8097
2644
3387
147
2196
2315
4801
6455
4195
7183
9543
6170
2012
3960
4815
5253
1018
8561
3264
1362
5592
3512
6410
3063
1589
4108
182
4509
2503
9676
2895
1596
5899
7262
7338
6595
5618
2472
9626
7414
8635
6958
4239
5671
2843
7055
4217
7061
2049
9453
8785
3792
3546
6770
7892
5605
2578
7027
628
3918
8599
5330
9308
6216
2163
7309
8554
4702
9002
28
236
3806
6268
5115
7782
8236
4231
8810
3869
