4858
4204
7379
4492
2131
7135
2361
7925
3469
2815
8442
7500
6804
1453
8549
9476
1491
3867
8209
5024
9592
3609
9554
8551
944
5845
1299
2226
9846
8980
3781
3474
6117
3791
1012
6330
395
7616
5810
3621
2476
4012
6549
2944
2119
4034
3324
5664
9883
6045
7198
5955
4704
8464
8146
1383
7744
9054
589
2653
7191
8618
3027
7354
3106
3002
6303
1257
3146
9050
2537
5546
4186
1487
5118
3553
4733
2721
5421
7696
7762
7718
5918
4795
86
7820
5864
9608
9043
6402
3446
3964
2809
1060
7004
1771
5173
5684
2957
7254
9306
1077
1750
9939
598
1468
5994
5631
5012
9724
8370
6716
7362
1894
2297
1990
3435
8605
3764
1952
1367
24
6981
1244
472
8720
329
5980
6736
3034
826
4106
3797
6987
2117
3026
4425
3150
4240
3940
8668
1097
7579
3133
4316
6424
5306
6340
4414
8626
5406
8386
9137
5983
8172
2581
3150
223
1228
4034
936
6696
9791
9630
9649
5804
6463
4319
7689
279
1436
7987
5839
3513
5100
7479
5093
4328
2742
5111
4821
6497
8341
6277
7912
1438
1482
1028
1524
2863
3738
9687
4177
5672
5160
1504
8480
8402
6024
7597
7738
3817
6746
7486
824
836
7835
1447
8856
385
7551
2742
9585
8617
5518
1874
2830
145
5164
5080
931
6868
9465
1411
9182
8344
889
1201
4874
3695
794
8682
6171
8646
8180
950
7468
7517
5725
2565
5602
604
8175
4701
4689
6085
3207
6449
1390
783
794
8982
137
5791
1346
3488
1597
7240
6180
7189
3305
8864
5189
5626
3610
6604
5278
7638
7870
5974
7551
9054
8771
8537
8448
6784
7542
6584
4615
1484
7768
6219
8822
1563
8039
3949
5375
7730
1932
2068
7319
255
554
6497
4057
961
8451
2978
2511
3214
6723
1867
9891
4086
1499
9725
3663
1132
7409
3032
8441
2150
9897
8241
5786
1733
2201
9478
5418
1278
7391
5497
780
3319
4901
8918
1332
24
8302
4656
1505
6082
2662
1765
1602
9204
9415
316
1957
2446
1443
3526
8923
1989
9642
7473
692
7251
5809
3375
8587
8171
3217
4052
9428
7632
7079
9439
9041
4007
5897
6994
8150
4281
4737
816
7204
1330
4490
3319
1866
9844
8161
4897
1351
7422
4170
8696
9897
675
7550
6289
4769
1774
3410
6484
7908
9228
6995
9219
3197
9593
2454
9674
4883
7298
6393
7037
4791
6838
5934
2202
1519
6825
9154
3316
648
9277
4096
8758
9087
1217
6744
9667
1474
3039
5212
2009
3773
6488
9042
1040
7377
4885
9747
773
4159
5772
4579
1367
3851
5549
2150
2620
2425
5291
2959
9074
7504
7293
3881
6225
5815
5886
315
476
7001
6465
9726
7046
6729
2715
2106
274
6876
8256
9050
1402
1287
2460
7440
5919
2354
5965
6575
7309
6484
9261
7169
4
8660
3748
1104
4616
9157
8124
846
7658
1597
9312
4795
2375
5723
3498
7144
4357
5840
3501
375
6981
9025
3169
9231
670
2750
8338
890
5388
8094
1063
2215
2173
3155
68
7479
6382
3089
457
1726
2134
5342
9505
837
2475
9949
662
7321
1533
9670
5752
7571
1177
971
1616
7476
2003
7159
8475
3719
3804
5808
2465
2795
6113
9555
7283
1343
4647
3302
7246
8632
6428
7692
9966
5215
4207
4536
2584
3113
9180
3579
5336
9491
4370
943
3175
6844
7028
7299
382
7191
1606
167
6201
9976
4003
5998
7911
6125
8331
345
1518
1264
6831
1677
3794
5962
6660
2259
9526
5207
1924
1712
6576
2246
1130
7992
466
1610
7181
9934
3889
5329
3700
5262
852
7782
6554
704
5338
6615
7155
2022
1831
9837
3047
6575
7888
3955
4521
3078
5328
7654
2486
4465
4544
8619
6390
1101
1502
2668
2833
5985
9539
5037
1684
144
2953
7777
6169
4210
451
650
4746
7366
9036
8161
1430
8923
7486
3956
2101
9710
8853
3540
1821
1684
8320
5408
1706
2133
9668
3706
4524
5163
8960
9427
7825
5595
881
9226
5563
8430
5214
4922
6891
6714
7831
1973
981
4659
8075
5182
7721
520
740
7749
1416
4042
7475
4750
3890
6342
5769
8766
3698
2172
6724
2175
7699
7536
3876
2002
4750
586
884
6781
7898
8097
9215
7018
1341
8521
9789
4902
2430
4201
2547
7001
3864
6077
7715
1796
55
1194
9241
9979
5242
2105
3475
10
6485
8448
3344
3980
894
9207
521
3255
3160
4983
6726
7154
948
4077
3933
6317
3310
8111
6463
2227
4529
6897
1820
614
9775
5332
2502
9913
1685
8999
3192
430
6066
6502
382
6440
8610
1863
7207
809
5605
5093
4083
5346
7135
5184
9842
1062
8470
8389
1087
1382
9391
956
1858
4283
8351
1628
238
2446
3939
3576
2223
724
2060
2139
1331
7688
3138
6524
243
2900
3094
5808
3452
2535
5371
239
1842
208
2949
2154
4085
8270
822
9663
2501
9044
8832
5169
7648
5670
8390
470
4041
3269
4305
1845
634
4118
9207
489
2290
9275
8110
8572
935
4721
3104
2019
3308
1928
1555
7804
4102
6057
47
3581
2960
4221
4565
8454
3618
3306
1110
5663
5259
3166
7286
8878
142
9489
5958
1294
3994
8327
4229
7226
527
3175
6355
1912
6661
5638
7375
6331
4796
949
6519
6520
6356
8786
10
4676
9120
3913
9977
8716
6302
7971
4511
5364
5717
7472
4939
8406
7974
5426
7983
4822
2712
5450
2565
6063
7293
3301
372
1805
4955
5320
5005
8642
867
2706
487
5612
5872
9185
4442
972
164
8182
237
9252
9213
3418
9359
3188
8704
5889
1738
9128
8354
8515
8268
9571
7094
6635
5834
4963
5494
5762
8557
8808
914
8575
704
2306
7034
7376
6872
631
3224
3993
6165
4227
6743
2054
1743
7526
2269
1281
9882
7622
2987
9524
8794
527
900
1554
1905
7559
5694
2150
8628
1749
8598
1716
2783
9323
270
1064
522
5967
8340
3374
1809
3401
1240
4408
1231
3414
7833
3500
1788
156
3301
9210
9680
4683
8813
9525
9043
4547
8408
553
3745
4996
9864
6896
911
7064
4938
4292
6426
6425
3154
3266
5648
8114
6561
6415
1401
2712
1082
122
4410
6368
3965
5577
3222
6879
935
7738
3823
716
7679
3500
3221
6956
1989
8255
3403
2902
5365
4553
6921
9758
165
9936
1488
3626
137
486
7723
3170
2524
2775
1658
4443
7212
4388
6227
4101
9035
2521
2579
8309
70
8838
9369
1587
5792
1609
4059
5114
2438
5727
9162
7056
3035
4099
7749
2050
1323
6605
3438
5141
9871
7271
1827
6193
1183
7365
7146
8960
3248
6816
3050
5430
2070
8025
2732
9465
4437
1032
1927
914
4944
7452
6285
650
8397
6207
2469
2695
4125
7475
8754
6137
3182
7358
3381
2980
3114
7688
2260
145
2022
5663
9048
8028
9642
7765
8908
3375
3273
9417
6699
6744
1391
692
2798
3070
6491
3349
2814
6996
4564
14
3713
6080
5664
5967
376
6887
8128
33
2306
9532
8166
2563
1027
8486
3336
1082
9474
7111
3100
5390
3596
3195
9409
824
7623
5713
4125
2137
8215
4075
7648
2486
4942
893
6170
93
9906
4315
7103
575
9760
532
6022
7525
9105
6217
9199
6985
9755
1978
6068
4197
6463
597
5140
4259
5041
1736
3375
541
5875
9237
6403
4323
9188
7361
6
4748
784
5898
3817
966
3387
3590
5275
5496
986
3780
3698
1160
3860
3847
249
4449
6698
5055
6524
8914
4859
1806
9383
5206
8360
4188
4172
2579
6548
8934
6686
3717
44
8281
1677
2328
3437
6081
4826
1203
7574
824
7582
7901
1306
3719
5252
930
8297
6179
2342
8213
5239
8273
8133
1902
6171
3344
3156
63
8900
4371
8095
962
6959
2784
8709
8421
7798
8873
4894
3823
7169
9321
595
4090
3500
7276
2346
6415
5565
3161
9909
5773
5244
5929
5975
7269
9230
278
5217
625
4878
6816
9412
7753
8061
6424
9991
2558
7771
8275
2330
8636
514
4535
1468
4414
5558
2112
1379
6401
2707
4134
2747
5216
2715
3773
5397
2115
751
7097
2578
2437
6360
7823
6203
4700
3376
9846
5736
5270
7395
3647
5745
9000
3910
8846
2421
3942
564
1353
9034
1253
3491
3874
9509
8558
5529
4953
5215
9684
2624
7122
2375
3684
8854
9707
606
9996
3106
6010
6825
5160
819
7749
1205
5313
3712
265
2115
6629
5491
212
6561
3927
9620
4792
4478
5498
3952
5631
6487
9143
1096
499
7944
1503
4471
5447
8429
5752
7631
8954
3844
7907
5876
5905
3546
7469
4628
9601
9947
4344
3251
4191
9326
2458
9691
9926
5628
7604
8011
7271
704
4617
5540
6770
2382
9153
370
4316
1112
2103
1677
9656
3626
3708
4132
2650
5096
2719
5796
8089
5129
4481
5377
8633
596
3261
1095
5567
9017
9730
650
7845
4776
6768
4361
3063
3573
5871
8723
9809
2820
8336
2300
2968
1897
4457
4463
869
1047
7007
2202
1583
7603
5433
3946
4155
309
9778
8264
9039
3341
2100
658
4895
6208
8867
831
4969
6250
2353
66
4827
6087
2374
5235
2227
1842
6197
7357
4748
8590
155
5430
6778
3252
148
3115
2364
2250
6114
7041
3462
8205
7007
7694
660
8747
717
793
7295
8117
1014
6575
7626
4177
6183
369
5442
1433
1311
1673
5730
9509
9254
2433
4532
6189
1217
6731
9536
3621
1270
1193
320
6254
6706
776
7488
8715
8065
5058
3270
8815
8715
1901
7120
8811
8471
1328
7580
4022
5977
6858
4919
4437
9573
7300
6264
3757
2462
4496
2740
1428
8936
4489
9014
2672
6423
9917
65
9731
6230
1004
3102
2967
5339
3021
9452
7797
7552
7371
7587
4019
6868
293
2688
9537
8436
9451
7967
6530
6802
6334
8594
8617
8893
1262
8412
9619
9109
7516
2084
9194
2862
9939
9418
1813
2168
6554
1831
9603
4661
4639
1510
2680
5705
24
554
6401
1851
108
8387
6774
5369
6
5048
9673
1889
428
4343
135
1103
1367
1907
8916
744
5768
8893
4751
4034
2347
799
3076
7943
4457
351
2135
2541
2691
8663
6501
5193
2562
8972
7734
8649
2757
2627
9642
2949
3761
4359
1717
2674
1586
3165
1188
5498
7322
3919
3143
8107
1527
4606
7272
5314
5744
865
4275
7989
9435
4989
9367
2409
3345
5408
311
9970
1459
8131
4199
2924
1861
4208
4623
2655
7602
1679
9551
155
5671
2041
2437
9607
9737
5266
8030
2736
4983
5835
8900
3607
167
8611
2164
4000
351
1428
5302
1001
1527
7873
1561
5295
1212
3710
6178
40
6957
9497
785
2044
6677
5959
6562
997
596
6293
8313
7695
6619
4116
451
4380
54
7301
2474
9870
2917
9452
3041
1679
6425
4362
3354
2801
6278
6943
8727
5487
9428
7829
7911
9130
8530
3935
9048
8101
6991
4878
6867
3861
4701
3335
1339
1520
4307
781
6157
6208
1489
4597
7013
8503
7531
2540
3079
6160
6931
9751
9417
6067
7704
5009
9672
9757
7697
7607
9084
9711
6285
4491
4908
3595
9684
2854
7549
472
3669
4608
6842
891
5033
742
6449
396
7245
2125
6197
1033
2496
4724
5709
8887
2311
8107
7869
255
6675
4395
8477
8844
3340
4510
8965
5318
4399
6804
4563
298
8701
8157
5226
8759
1722
9986
9739
3442
7136
5258
4650
9734
3717
7665
3234
7978
5753
6914
3813
3283
166
4196
9876
4340
3785
4525
2828
7148
4610
3140
2319
4607
3711
2152
4758
8009
7873
9411
8403
7953
6241
4498
3501
3782
8760
5286
2031
8965
2988
7903
3166
4623
9896
6445
5901
3037
7201
920
7229
133
7715
8008
2156
9619
3189
6102
6572
7516
2300
2302
6625
9147
155
5555
9418
2275
3963
8546
5127
8591
2184
5297
4627
9627
8927
8804
7945
7586
2123
1290
5474
4598
9728
8304
2216
6434
2588
3733
1357
5285
1527
4023
8182
7497
3943
9359
8621
4267
707
902
762
1522
2841
4221
7515
8614
3527
4684
5390
1128
2539
4810
4710
5584
2475
5292
9571
7266
5852
905
2069
5183
5662
8680
9443
1685
1170
2031
6667
7987
208
1186
5361
5667
5264
4118
2699
8827
1382
8683
2332
5512
960
6771
4157
7657
8056
3753
8735
6397
446
496
4591
5353
8867
6770
5589
2231
5091
7277
2455
9365
9174
6646
4905
4786
6884
573
2413
3693
7938
7173
1621
5868
5077
7482
1647
5708
9805
9104
8974
4585
4889
1888
8726
7513
9916
2530
6565
7227
4959
5196
7221
3174
8132
4796
3889
8025
7792
6329
265
9211
8503
1042
2172
9737
2560
593
1345
2477
1076
4218
4841
9263
6460
571
9800
5846
8939
3863
6766
1915
2908
9243
6687
3972
6874
6495
1084
9910
6847
719
5376
6064
1650
6689
932
1548
4201
3691
8143
477
9436
9465
5012
1306
5075
9177
25
3610
2156
9880
5028
7695
4366
4359
9270
6573
7901
8925
809
430
8017
4097
7792
943
7869
2916
2932
7396
7283
3581
6983
2218
7129
9864
2752
8646
2069
3902
8381
5668
2803
1518
9354
819
7470
8517
6374
4154
663
3964
6255
7660
5196
3289
4868
5176
40
4986
2753
1516
6795
2253
5668
8012
6428
9630
3613
2300
3586
8167
1348
9248
5302
7682
3542
9426
9675
175
2978
637
5864
4882
409
2073
8843
8376
4667
493
5469
2998
3591
7791
527
9104
3618
6811
6502
8578
9000
4991
6208
5851
1567
3784
2457
4475
7517
3435
775
7570
2396
7048
2164
1086
1683
6539
6350
8398
9335
5749
6583
8510
6707
3463
5189
1779
2101
2478
437
7509
2224
2687
5671
6508
1601
6894
3799
4119
5852
4357
8865
2323
8681
4234
2438
3280
2407
4348
6885
7832
741
2885
3199
4395
3673
9471
1665
9009
9261
1572
6932
198
2506
6147
7757
6482
7221
9957
638
3863
1056
6381
5901
2810
1673
2715
9255
3004
438
7103
6238
7296
8173
5993
5016
1369
9067
891
1280
8408
7193
2330
67
1701
973
2217
1264
942
6273
4564
4919
9274
9790
1062
4606
7597
7544
3647
4104
1505
3629
3286
3540
4465
9387
7468
7788
1987
1719
7678
3869
1008
4886
7247
7906
4344
7760
5636
5239
1288
8662
658
2628
1751
4384
2250
2872
6557
5150
592
9566
9324
7420
7207
1147
1868
6297
5176
8700
8660
9575
2354
1030
9165
1569
5836
8177
3709
5284
1671
9868
332
9842
9794
5248
3579
4088
7235
8463
5206
7380
814
5749
9963
1622
9700
5336
8572
6176
6201
9594
9137
4693
5891
678
8565
4417
8341
2213
5447
8446
1355
7965
8096
9077
7428
6841
8228
2203
4959
688
8314
8806
8460
6999
7923
816
7617
4900
325
9580
5793
3079
3913
7109
4229
8870
4152
7153
6451
3362
8436
3093
9119
1125
3295
9630
6644
2279
1929
3973
7848
9202
911
8340
9860
3450
845
5537
7667
7385
8327
6388
4461
5480
6361
3581
893
7681
5915
8265
2378
5772
6612
2994
968
204
2268
58
4090
3753
8329
8755
9643
311
7542
6101
9699
1776
7588
6573
2791
9572
3824
7041
2435
9500
6375
2042
2328
9832
8611
8037
5955
4457
8774
6655
779
9406
2020
1093
1525
4274
6591
364
8425
4111
1026
2122
6647
775
5164
7373
8630
9265
7123
2900
624
4733
1987
7254
4599
8810
5577
2533
90
5240
8605
2656
1399
3105
717
1559
137
4112
5156
5871
892
9079
9954
9776
8290
9330
5276
660
5704
6061
8209
6569
9499
6880
2400
9526
1786
9990
2746
8540
1134
6487
53
8475
9637
4676
2271
369
7826
2150
535
7329
6078
9667
6271
8446
4499
6027
1806
3650
1176
3439
7605
4488
2915
1658
7934
5692
5176
7225
8904
4913
4392
8625
9767
2610
8686
2831
6312
9133
827
6002
6012
3526
4499
3400
8933
6675
3191
5900
8476
655
9420
3497
9834
1580
4009
2651
5618
6324
9973
4128
8242
3278
8780
7544
2252
1247
7622
3125
4835
8781
3054
3299
1125
6249
9899
4169
1316
6137
5623
2506
2703
606
3837
7754
1387
9250
2951
3864
6942
973
1742
5560
1234
5201
1369
3685
7369
6074
3014
5368
4793
446
5035
1252
4226
1838
3837
282
2114
8752
1477
3457
1163
885
7959
3770
9678
4360
4620
970
3866
4377
1925
2233
2047
7596
1
8692
2087
9312
4506
7236
3150
6691
2150
8435
5824
8817
2798
5524
2581
4055
6562
4952
1088
333
7248
9905
5463
2629
6541
7241
3877
3370
2609
9187
3217
3057
1619
9333
6735
4619
6187
7015
9442
9617
2461
2211
9751
2416
314
821
8333
8685
1413
4508
7461
7975
8661
3827
6797
3516
3655
8702
5395
2090
9287
6367
8423
2108
8099
3724
6007
4151
855
1966
293
8275
3840
2033
1940
5153
1599
3077
9078
6643
7229
7442
1700
1514
8244
2815
2717
9532
4857
5030
1659
6302
9192
2509
441
7724
2031
1662
6554
7821
2716
7910
4045
4542
2280
7371
3868
1153
7365
7782
7094
91
7973
986
8389
3609
1756
9401
9554
9692
9553
6511
3433
5532
9713
4284
869
5499
2
6185
1486
5548
6663
1351
9485
4588
3167
468
9945
9686
5996
6709
4181
8817
8229
625
4012
21
2805
9882
9621
9985
6533
2007
712
4803
5045
3007
1875
3930
7922
4561
2467
6452
5990
648
452
2525
4812
2096
3231
4032
8545
3041
4727
2348
8790
6670
7391
4540
860
6014
378
649
5462
9296
5838
3680
3434
760
2870
3014
186
6760
7145
1040
1418
1310
9784
8062
5458
6921
5093
6390
7366
5273
8822
3880
9611
5145
4804
3607
8856
2238
2294
7296
2281
8018
5676
1764
5809
5164
7114
5046
7694
1276
1582
7675
3821
4593
1818
4206
4122
1865
5866
206
5472
1198
6226
1605
2049
544
465
1972
6502
4002
4611
2517
5637
740
3049
8823
272
5669
607
6894
4477
6338
5341
9453
5101
7546
1053
5850
9656
7720
457
9123
1103
9077
2480
9206
2147
3353
8514
3294
517
3701
1314
825
9875
872
3563
3530
9039
8471
4047
8711
5255
2652
3184
9022
3832
6373
6205
4178
8904
6962
6018
9100
1958
9404
2198
6393
1639
7920
3559
4951
8994
3470
7140
7750
7990
1875
4859
2597
1761
5609
5014
4073
4770
7354
4662
2731
2724
7559
7271
1952
4659
7453
7748
9242
960
8610
838
7037
2127
7185
2695
7780
1684
2499
5907
8610
7976
5909
4924
6932
9699
3716
5296
5529
5969
1576
6137
4887
1369
2321
7456
4112
1126
188
5678
1119
1172
3351
1492
7843
2178
3002
5588
3701
4327
8535
5704
8761
1792
6424
736
9272
4200
9596
1600
2657
454
7649
8051
763
2953
916
217
8183
271
4018
7484
8315
100
3067
726
5702
9753
4904
3892
1442
5819
4423
4310
9355
6648
4944
1222
925
4443
3876
9840
8639
4625
1503
5122
790
5683
8174
1166
9989
8772
2329
2309
5034
5304
8382
2613
4505
2294
6053
1363
3306
8344
1485
1987
6664
2077
2815
5810
6818
1564
8315
6463
6739
757
9438
1856
8749
2928
8893
9323
8676
4340
9280
5845
8609
6730
8281
4905
8039
3153
5533
5988
41
7170
7934
7155
2168
2485
2956
6786
7576
4734
2778
3930
558
7425
5359
4084
4330
2306
3386
7924
7035
7886
3831
1174
3151
1935
5778
1888
3359
8345
3590
3813
2006
9754
974
2047
4114
5489
1325
5655
6740
930
5866
5830
511
1708
3958
565
1248
9766
290
1971
8477
6083
3831
883
1350
4358
790
5132
6572
8062
1129
3204
1603
8171
4433
212
1425
7829
6235
5395
5005
1418
6784
6657
4609
2325
6445
1686
245
4764
3707
5342
7228
7175
1062
8591
7910
6583
9909
5668
5426
6920
5831
9797
2007
1931
7483
6615
8007
4968
4798
6228
2773
1432
6128
2859
3863
7700
9643
8736
318
4596
5521
1485
3582
847
3182
8088
1158
2969
8647
906
7978
8966
3596
7644
7159
9876
995
5398
7309
3526
8791
7769
233
7557
5820
1657
4648
4982
4960
286
3733
9333
8372
497
1868
7676
7691
307
7841
7775
2147
1379
4403
3014
5026
2617
3314
3553
1801
7575
2039
6891
8162
2610
8912
8897
6884
9046
959
6066
7569
7033
363
9591
4817
8212
9247
7894
152
1060
2446
5322
9443
3322
9054
7985
9835
5183
2922
3322
4601
2729
4626
1017
5534
9446
5003
8534
4276
7149
7285
7227
9701
5858
3138
8051
2972
5913
3543
1826
2831
5545
1791
2475
1969
8418
4650
6484
6863
699
5832
7526
6525
630
2850
8131
6776
3406
9913
5091
4313
749
9797
6273
3584
766
741
3307
9933
4642
318
5451
3437
6274
2554
2089
8746
9361
1974
5224
5681
1711
5483
7577
2495
2120
2548
5383
9975
3822
7848
2519
6493
4756
5558
4882
5379
9346
9322
585
7425
9636
2149
4994
35
6173
414
6688
3756
2095
615
2604
9073
4064
831
4500
591
990
5468
1907
5151
8695
4861
8894
4239
9791
9479
1624
6626
893
7724
4834
4725
7780
7157
4540
790
9299
2105
4186
2074
5452
7883
6876
7091
1900
7446
5071
9292
7712
9477
3484
5036
2387
8600
9778
1619
839
8790
5432
5102
7366
5467
6458
149
3590
3404
9521
6737
3625
9613
102
9763
60
2444
7724
4649
9063
4915
7329
3142
8417
3911
2969
1345
8389
4782
2671
577
7117
1
4489
72
2852
4735
1503
820
1389
8859
1650
462
862
4689
3966
9379
7298
7695
9515
6457
2569
5503
4100
2371
5717
2005
4624
9454
7491
7013
5520
4639
5603
3887
3987
6907
9608
8816
8217
9990
9688
8827
8120
3542
1520
6496
1154
5045
702
3039
2705
3900
7212
5946
5888
3601
3702
8495
4241
2803
2548
5940
1078
1044
9436
6129
2472
8750
5187
8766
5927
7898
2824
7878
3360
6252
1759
7505
2578
985
5823
148
4255
8259
7498
2105
1782
279
1112
1630
7902
1470
2868
5983
1573
2519
481
9145
4398
2288
6664
8616
8687
5933
2151
5045
3956
2863
3884
2015
7207
9133
6712
2371
7284
5292
3883
9894
1817
6838
5005
9327
2296
9962
6296
1400
9800
6397
7337
4821
5507
7917
8090
904
1325
4909
813
869
1388
8674
3388
8672
4541
8106
9865
3387
244
4078
1
9082
8432
2588
6280
8690
1579
9188
5595
2531
2110
6037
114
1602
1259
9841
305
6559
5434
324
9662
9300
90
7931
6974
8790
8828
7005
6350
5825
6387
386
8439
7044
7797
8773
6201
2813
5288
9717
8334
3526
5154
6934
3805
8817
1747
3156
3395
7211
8852
7470
6751
943
6418
2368
5038
240
651
6412
2417
6981
8031
1132
8523
111
8648
5417
3753
6207
1727
8725
1090
2331
9284
1460
17
4793
2331
8263
3680
3930
2487
954
1640
66
5104
3306
9878
5057
2337
6807
9377
7731
3195
3376
6881
6476
1507
2343
6100
9103
9224
3486
5566
2675
7284
9360
5207
5927
1772
6463
1755
2130
2136
5634
4859
9296
779
2804
3622
9966
2831
3675
9865
1136
3356
1235
8435
3528
1228
6825
381
3021
802
1697
5862
7809
1331
9998
4613
6895
8730
2363
3973
1262
6662
1408
4856
3339
3330
9923
7127
6946
5379
9523
708
3162
9919
3660
9103
6731
2018
4399
4420
7818
9852
5707
7658
9405
3722
5661
7446
249
524
2201
1337
1231
2731
8406
4266
9850
4643
4998
179
5122
8846
5697
6933
1581
7055
8554
9998
7687
2621
8891
7706
8
6583
9400
6461
298
4240
8699
937
9785
744
8435
226
1523
5334
2859
8407
1959
4940
69
6918
5877
6600
1161
3965
4836
6917
4588
9671
4250
1883
3537
2872
1536
3389
5299
5115
5544
4954
5504
2479
4333
7562
5553
2126
5405
1779
7053
1537
6911
6329
7336
5144
1381
9022
2097
3045
2239
4393
6191
2528
2480
8152
3385
2182
845
7296
2685
1440
5762
2233
5942
2207
5877
387
4739
6780
5315
5638
9955
4803
1618
128
5873
7688
8976
3591
3212
9080
468
3743
485
9033
6409
3816
9878
4521
5471
5534
2848
1972
1935
4032
4833
514
9109
865
7683
1165
167
1007
4588
5644
5351
2465
7915
2984
7925
166
7774
648
2989
510
6306
2081
2308
4170
8309
9490
5853
830
2174
7925
2492
5486
9449
740
6397
7507
6076
8734
6431
945
1823
972
2550
5246
7674
3966
3589
3853
7212
5577
9948
6402
7271
3003
6007
7245
6860
8321
171
5078
6030
4661
5544
9760
640
2065
507
3636
3407
3980
8547
424
2523
4445
5898
5908
7570
9335
297
8324
9490
8702
9965
6295
5916
5898
8401
5316
5947
312
5133
5906
505
5961
1293
9302
2575
2311
7427
5223
6132
9343
6770
7687
7163
9637
2662
2526
1219
7397
6902
1455
9662
2028
6081
8691
2374
2101
5087
7365
3886
6099
1985
6866
4933
4987
6427
5010
5095
3037
8592
9965
1882
614
2771
621
9570
3610
6616
3538
3847
3265
9446
8254
1281
6541
7276
7295
9390
6139
9418
5883
196
2769
4785
516
1769
1117
5544
1555
5197
372
2641
2068
198
4676
9010
7876
9211
1631
3685
7001
9971
2889
6508
2456
546
5382
2052
7068
9794
3413
3384
4058
5240
9973
3394
3042
7757
7131
4037
9622
7950
9147
1312
4529
3995
9418
3193
3915
9690
5980
58
9717
1154
7286
4314
7473
7082
1817
8088
4043
7128
3537
9806
9455
3822
2147
9250
3869
6119
2790
3773
8975
9214
688
6469
1386
6712
8644
2323
1475
3712
6464
8769
4367
5203
4097
3979
769
2202
6475
9785
6460
1897
3887
1861
5418
3537
3293
2683
8377
606
2996
1312
5845
5126
1801
8090
5866
8596
1230
2349
9531
6329
4449
8699
1708
7606
5162
1154
4425
2200
6739
9232
1753
8335
6663
3848
2644
3419
2052
8832
5619
0
7606
5750
9060
8138
4770
4462
595
269
5293
4249
9699
7834
3347
8922
9767
672
359
4638
2291
9144
1725
6631
9091
5771
4564
4601
5874
1506
2007
1388
2305
7137
9495
697
3607
8238
6471
2778
3200
2256
3441
8353
5535
1258
2116
3902
6012
9137
5874
576
168
9874
8903
2570
6703
4170
2137
2158
6021
9037
2259
5485
199
3638
5345
4275
1902
8636
560
4081
5555
2878
4105
2457
8689
2105
976
6638
8028
3497
9808
5600
8896
892
4174
9249
7915
3719
5171
6813
8417
9396
3239
5270
3466
4403
2031
5357
5669
2395
3036
1213
7347
4702
9710
4491
4804
4853
2791
1630
5657
8715
2723
6084
2578
6716
7806
4059
8300
3397
506
4939
3396
1521
8566
4794
8917
6810
8388
6810
2878
6172
5059
599
4860
5671
2012
7415
8348
616
3510
9972
576
4894
8684
5823
9689
5733
4911
6855
5726
6176
3891
8017
8768
7561
2696
5720
4620
6451
995
5988
1605
1762
1786
207
5162
3048
5849
1822
3013
3644
356
6943
996
171
1255
8238
415
2149
4889
9585
4163
2143
9332
7183
8285
6591
5116
9394
8248
5540
6345
1725
5786
5242
7396
3933
3921
3047
2657
1266
1556
82
5400
125
9628
9744
8395
8612
5787
8030
1228
1715
3561
4059
5916
5082
7323
7812
8774
9941
7470
7795
3945
3323
7407
9739
2461
5897
2816
1186
2970
6395
4882
8722
3229
2607
7784
6118
2313
2909
1475
7794
8184
9060
7156
7689
1955
7966
2906
6142
3452
8579
5890
241
3130
5472
1072
4736
2249
3761
1632
6746
9188
3378
1136
6095
9736
8388
3817
8630
4549
7718
6031
4353
8830
2105
6932
7733
8180
6705
9934
2552
4443
4720
8372
4644
2899
3650
3432
2153
4720
6698
9455
1124
4168
8982
3460
8824
2932
4368
2447
5732
1269
5714
2707
7716
4227
5634
9175
5856
2442
3277
181
8370
3539
421
3511
8459
2880
3293
1330
554
531
7141
1571
3952
9573
8431
936
2966
8039
2443
509
9774
4300
8544
7315
6825
6045
2020
8182
5406
6108
2502
2730
1167
8465
5822
8126
739
4645
8944
4791
4546
6391
7684
8107
5774
2135
421
4004
4284
3018
5607
7267
2389
9771
1581
5991
680
1906
8498
559
6652
8813
6104
358
9352
2545
5835
5182
5386
7324
7181
8745
2819
5191
2834
5222
2668
6511
670
5677
3936
480
4090
6965
5036
3005
7116
7920
7960
5233
1247
2433
2376
9650
929
5779
5200
1738
6231
4295
4127
6736
3178
6923
6673
6311
1174
6455
3744
3460
8461
380
9830
4758
4489
8033
3819
9439
1558
2206
3844
7260
6057
3583
8216
5625
1642
6979
8149
9809
1499
7754
2647
908
2131
5060
3472
2693
6048
5041
8516
7206
1703
8079
7069
3297
5263
8203
6310
2870
3673
7047
8475
9374
7958
3393
7558
7653
6507
2944
2877
6144
2658
3882
5877
8593
1658
5199
3745
3364
1402
7461
2901
4953
7076
8147
7237
2112
1489
8941
3699
7570
7906
7803
3154
2867
29
3741
4336
4307
6581
9536
8658
8001
4704
3243
4354
2617
6978
4550
5862
1692
4057
3717
6160
9328
8714
2161
3086
3480
8134
6291
5475
1469
4005
8949
8167
9018
4323
5853
9863
1020
8540
8933
893
2765
9822
4856
6061
5126
219
8112
3297
5371
1648
8842
1727
2406
1440
5430
1005
8209
7843
5778
1014
5291
5379
4918
7829
1845
9398
9287
1265
7043
3526
1813
2350
7296
3903
6831
5102
1906
3020
3193
2616
1632
8573
3289
3732
2652
6217
1653
5208
6469
2995
2157
8429
4855
5923
3253
845
5420
8303
8614
2340
8372
5451
1013
1821
5693
2505
2782
4843
3877
6425
5594
897
2082
7611
2906
6328
4537
2257
3117
6547
1111
9686
3200
2440
8807
8683
1899
7871
6452
66
3810
6033
9491
1077
2171
9332
994
5935
8466
8899
4469
398
9283
3364
5381
6391
9942
9789
7895
7145
7768
7787
3719
8075
3594
5816
8454
887
9880
2836
9352
3735
9360
925
6337
1132
6854
3520
529
9542
8394
9249
4186
7974
6663
965
1691
5335
8902
7831
463
7303
1772
3501
7911
6222
7119
6172
5181
6642
2625
4598
2880
8008
7642
7222
4938
5868
4262
3456
8398
4198
1650
7449
7377
6432
4969
8152
4385
6737
3919
6956
4404
8561
7905
5361
8022
3468
9946
9444
6223
3348
3836
7126
1877
6077
2042
6221
4415
2160
1222
2084
5827
6167
5017
9801
8287
451
6946
114
3038
4294
8397
8607
4935
1297
7888
3120
6045
4646
6453
5100
2784
3108
8338
7360
5897
4967
6481
2991
1993
3452
6529
6258
4905
1414
7411
5128
4061
9121
6071
9122
9995
5864
7187
3338
7692
8288
1034
5739
6617
1237
4578
9054
741
1592
7243
1077
9195
6444
4128
1455
1306
1265
3586
4135
4466
2458
5346
6998
8604
7596
3961
3503
9242
346
8420
5708
9769
1380
7914
3957
7102
3858
1044
2492
1038
2413
3570
4865
2345
822
423
41
4283
5867
2121
2353
2499
2258
725
1726
5492
7851
2836
3634
9416
8354
480
120
1594
5585
4026
6181
5716
6962
8258
6362
1080
4196
3346
4515
2629
8659
1615
5037
578
5340
1371
5300
1714
4890
2825
7154
4390
1433
3334
9477
1207
124
4459
4213
6711
1460
5298
8470
1581
9100
5776
1728
2159
6333
7687
9523
8658
7976
6539
3451
6842
3819
9185
7840
6960
6923
523
4545
2285
6615
544
1489
7830
6185
7005
3771
5005
2810
6260
8856
5986
4316
2421
2115
2611
2175
9841
8754
594
1989
1815
903
944
3369
1521
3301
9978
333
7633
9173
4555
3833
6966
3043
456
8447
5983
1452
1231
6906
7393
4746
4004
5951
9804
2781
2770
2993
6872
4309
1994
3455
3959
1183
9197
9791
8414
4906
4416
4536
6402
8769
341
3419
1048
5171
7215
8725
8690
1272
9574
556
8315
3574
6796
8978
5435
4594
1990
973
4744
8130
4620
4232
4410
1860
9554
9974
7699
2479
835
2051
2531
6427
8772
5857
8456
6544
2922
4579
5484
6909
6188
2838
6462
226
5295
2594
3039
644
6943
7206
5945
4729
8030
7242
7230
2616
5207
2601
452
1015
9331
5929
9934
8767
3741
4293
4181
3620
852
3101
5440
4691
915
2196
7372
5104
8812
7165
9815
9553
7758
1819
2605
7154
541
506
284
2808
3071
7809
3161
7669
6891
6078
5961
1156
6351
8019
1556
2357
4672
4101
7950
1475
6417
1194
2621
9474
6602
9852
5655
3109
8596
1251
1641
8569
4978
6744
5362
2765
2190
216
7904
4304
7103
1015
2163
840
4344
7161
2171
8012
842
1819
5831
5624
7073
5633
368
6706
6954
7178
869
7420
1880
2926
1162
6007
3716
3460
2862
8045
7002
8221
5064
7936
8277
6430
778
5556
7620
8832
557
2264
1732
5960
7539
4974
3684
7159
5132
5539
2968
1087
4300
6317
78
6001
1559
1312
7426
4348
9647
3191
9972
3018
7212
1994
760
7599
8863
2146
2310
3482
9748
4234
3906
5000
332
7390
5290
1235
8097
8745
3205
5554
8364
7193
8536
8477
1517
69
9433
6512
1405
21
9144
4947
6554
5989
3726
5432
4464
8553
7271
4796
5869
9859
4515
1974
6258
6718
1561
8101
8228
3243
5853
4097
9223
8583
9028
3002
1894
8754
9048
7922
3496
7009
811
8998
944
6562
6430
7967
7259
2662
4902
3979
7774
2051
6536
4051
8039
3430
3349
2275
1253
4590
6187
991
7554
193
8541
6943
6084
1447
8414
1190
8394
7943
6044
1895
8704
9540
9428
233
3910
6103
202
6058
9947
2307
2113
1501
6175
153
9590
782
3700
5016
9693
3897
7609
3573
4589
1141
8765
3734
7249
749
8959
3759
4481
8312
8869
6530
7669
1653
7321
6481
3059
1583
7805
9446
9494
2021
9112
7134
7117
502
6892
9518
15
8118
1635
9497
1023
2943
9048
4050
2183
84
5195
3653
4571
6043
3385
3601
7743
244
3256
1914
3556
356
5743
3527
2256
5974
9394
4198
6295
14
8082
8143
5210
7501
3078
9657
6128
6339
6740
6941
2413
7564
4696
7287
3736
9266
1564
7101
9637
4903
856
2977
8897
3207
1264
5746
7425
2309
1789
9443
9024
8958
3693
3165
5166
6970
6726
5558
6533
6363
1945
6420
5698
9721
6567
1525
3917
8111
4419
8962
12
4450
7367
2213
1785
1562
3429
6749
8489
3802
8975
782
9953
1410
5464
1382
3087
142
312
9141
9165
606
7780
187
2840
2624
4870
1412
8611
4741
177
3320
9460
2150
5180
482
6744
4551
5299
7764
4147
3490
9786
9469
6900
2005
793
2383
9204
9630
7209
5862
9523
8164
5412
3916
8254
2225
7622
3046
7960
7319
2823
3698
2888
1735
9401
2515
3144
7579
9635
4822
9342
3597
6531
6463
1322
832
1796
5094
6994
1359
5355
9995
1730
2521
3727
8012
2699
4446
5823
6507
1087
4730
2912
3087
1204
4682
1416
328
3014
4764
5407
9537
4637
5640
1192
6050
6405
3677
3829
9224
3692
6820
8331
3992
4338
7130
1891
756
4247
9990
9124
7509
6475
194
7167
4020
8784
6882
1398
5833
8709
8094
4973
6145
5783
6198
2861
1260
6790
7924
4813
8147
2810
2007
521
2702
8984
746
8130
2830
7178
6244
4683
8044
3852
5133
1926
4772
9112
3416
1050
6061
4872
8869
4168
6100
4787
2284
1899
2836
2244
84
6668
8273
9376
7437
3415
5332
1639
4888
4501
1416
1198
6048
9993
3142
9864
4026
4868
239
4576
3786
7889
748
1251
6937
5641
5271
3274
6036
585
1064
1893
3199
4904
9346
2429
5879
4405
4363
8787
47
4268
9906
9144
396
9990
810
6840
8999
7427
8936
9708
6272
4508
3026
898
6385
5169
2934
2086
3272
7384
9054
3475
4319
1396
5410
224
9084
919
5346
5194
5024
4706
1875
4469
7440
8638
2830
4838
1730
2828
5253
2831
3826
8867
8826
5544
8534
5405
5954
8432
7106
2399
8335
2087
773
2148
8283
613
8020
7587
4757
9202
4013
9348
9633
1419
7570
4269
1396
7289
8201
9040
8830
2147
5405
6924
2543
538
2959
1518
4771
5096
179
1175
1710
1846
3891
7165
4355
7813
1571
6114
9225
5929
7313
8311
8644
5012
5301
4675
1288
3098
2922
3697
2373
2895
4615
2603
3487
2781
9479
6421
1972
3461
6709
264
3164
8641
986
1138
7568
1174
3463
8179
8074
9597
293
8574
2793
7890
407
5946
1628
3901
725
189
2899
3700
8536
3270
3361
5565
2939
1566
1598
1255
5226
7918
9231
6308
89
1489
973
1413
5578
2104
9893
5835
1303
7084
3970
1197
5860
1056
5252
4640
7477
9964
5103
4999
6512
4651
1365
8001
1031
1498
9956
2017
635
7107
2151
1788
7614
902
1303
3029
4750
5156
2930
7362
938
5392
4627
8671
7108
623
5014
2442
9452
9173
7653
5654
6976
9150
5047
7158
732
4548
4578
8719
5882
4735
9216
8980
1460
5126
2691
1588
9603
3862
4263
6986
9239
9212
5644
7351
7641
9734
3021
8819
4755
3096
5768
5301
63
960
5642
4225
6722
6215
3094
9682
9275
8383
3935
7905
8100
2095
1263
9270
3554
9947
3301
3470
6
4253
7232
1504
9071
9044
4636
2273
1840
677
6228
2238
1416
3559
3895
8146
2072
1841
4431
727
1417
6151
4951
4132
3468
9993
3602
7392
8343
51
4624
481
5696
1716
9840
6892
3259
8260
3346
8438
9009
8420
2910
9197
6471
9759
2960
5921
5152
398
3671
127
2524
7168
2540
2958
7895
9299
3512
8247
6901
5304
6171
2643
6283
5327
2326
6119
5274
5994
382
7995
6826
1302
1529
8328
745
2562
277
886
7749
735
8649
4047
8296
4659
8690
6003
6931
9020
4163
7603
6756
1524
5192
1508
2878
1702
138
2726
9493
4656
9947
8439
9916
9803
8623
1909
1600
7544
4364
9753
471
4188
4970
33
7752
9163
3178
2556
9894
5837
4358
9184
9584
4521
1683
5467
3773
6479
4939
5355
695
2220
6049
3614
9538
6619
1346
3915
8124
9163
3757
8711
1438
2814
5415
4643
2266
5374
3725
2254
1130
4845
1264
800
7657
3931
2701
1162
4707
2725
1140
4846
4628
1128
2270
785
8777
4248
8832
4669
6716
5993
5099
4604
5956
7147
1948
4973
3920
1746
8484
7771
3241
3702
3518
8807
1678
9508
3145
2510
1529
6676
5390
2973
5160
954
543
6547
6343
7492
3873
3672
7940
9874
1234
7766
6865
99
28
5330
6633
35
4203
7833
6707
9961
3470
5291
7080
179
4250
8629
1337
8923
6711
5195
7733
6568
4458
777
6165
5273
9830
4517
1703
9254
7426
6273
48
8281
5507
4122
6107
2363
3527
736
5138
3906
6120
9331
1744
809
1144
395
3353
2934
3774
9231
4144
2211
5754
2583
336
5256
6271
1646
1085
3279
9684
9755
108
9474
4359
5395
8303
8211
1159
7123
6407
5128
1372
2075
2152
2242
8178
3801
8270
2175
7554
7129
2050
3153
6906
5890
9428
3557
4100
4447
1851
1652
8040
8297
9631
4355
3965
2676
6231
1028
4413
3838
5188
5623
897
4803
6222
4875
8014
1961
3678
5596
7468
4748
4731
8522
9063
2267
6679
1498
5156
1109
5353
1066
6677
896
711
8041
4578
4299
5269
3179
2620
5947
5096
5052
4633
1894
4081
4418
9544
5494
2682
1767
7065
8409
1389
5959
770
1303
5868
4273
9729
7151
3443
8929
3765
4268
6360
9631
8112
5776
463
6342
7256
6688
87
7833
7160
5702
2340
9623
9579
1545
9638
7647
8505
6868
6128
6858
9927
1900
9388
2437
5949
4789
5703
2643
3905
2289
5287
9912
6650
3665
277
6002
7761
7162
3371
7590
5789
5817
5244
8016
8622
3281
6482
759
8127
9374
7977
7186
6064
7941
1037
609
8101
6470
9759
4089
1349
1027
4402
6050
3479
9633
7568
873
8078
3446
7165
329
3277
1832
5136
3016
6738
9100
4577
3385
5034
5389
9590
8312
9998
7550
4301
6846
6820
7602
4932
1192
582
1250
5756
9196
2258
3364
5433
614
2557
3960
9961
2311
4919
9917
6638
150
7175
2828
4511
1704
5009
3556
9652
9735
9633
5632
3219
5063
5110
3509
9025
5248
1860
1781
7546
6927
5105
8326
1862
7453
2065
5828
6213
1408
1272
6135
9071
981
3250
1522
5654
4345
2643
2318
4466
4494
8923
1595
1395
2295
4586
4505
9976
92
8844
7730
5309
9165
848
9539
5589
8190
6306
1508
7716
8400
6329
5070
3665
5549
2992
5857
5743
2215
7273
8728
8498
5893
9285
3521
2003
8499
5468
3621
4884
2776
7030
8499
4587
7352
6421
2051
4432
3777
3180
724
5895
3341
9759
7866
2677
1532
4950
719
3399
5594
3962
3133
3092
1165
3676
5935
1713
9113
1028
5605
7059
7677
6857
9589
6375
6029
1602
6735
67
7197
3836
8445
3623
6104
6671
5581
2794
319
6450
7354
677
3061
2473
2561
411
1694
969
5602
7233
2742
9965
5411
3051
3193
777
7911
1961
7667
5314
2050
3210
5247
8957
9241
2694
8767
7259
4031
6212
7157
1491
2568
8529
2959
8685
8405
6617
8585
3562
6167
985
2684
2741
1132
9851
9198
8173
5073
6862
5730
512
960
6828
8044
223
5583
2422
8585
6592
6611
7063
870
6349
1570
2830
854
1354
8632
8197
7982
8959
7176
9952
2002
9492
4836
6242
6596
2660
5768
1506
6744
639
9144
3408
1431
913
1958
1792
624
3255
2279
5521
9725
1090
1030
2290
3274
3961
5289
6447
4871
6668
8754
8920
7684
5086
7845
7497
9711
8800
7288
4169
5345
7320
5198
8674
767
5874
847
5335
5743
7560
3601
6188
4801
7259
3695
5850
9527
9253
6040
5100
3988
8568
4341
560
9426
7330
5502
3711
8689
2794
7305
6483
8341
3819
7878
8880
1294
5374
8752
5219
6164
8118
2625
5229
6830
8828
8970
5650
8728
463
1005
863
3453
4590
6490
2042
101
5991
4795
409
1577
6266
8547
636
6997
2877
8007
9782
7300
2548
1931
1806
536
4303
2063
3365
7960
9320
2980
8958
8062
2604
7281
8681
9173
7124
3325
548
9829
4469
9891
1207
76
7173
9134
9119
7830
9818
9506
2854
4108
2595
6426
1440
2429
734
9551
4967
1160
6936
7246
7267
8413
6733
6700
3581
8812
7578
2799
6932
3841
2779
2108
5405
1307
8560
6653
5185
3721
2129
4575
2692
4697
3468
4633
6935
3581
6092
9889
9331
867
3206
5202
8014
9587
609
1249
397
4437
1144
7099
6704
8102
9527
4119
4975
9581
3369
3651
6340
8274
2707
1679
8492
729
2559
6170
8469
2643
780
9775
710
9211
8622
4224
1891
1878
8134
2240
3253
5239
2145
2727
5438
3540
6766
9114
4391
3104
2913
1105
7472
5753
7518
9772
387
1873
7474
535
846
3442
3143
2680
8378
9728
9139
5496
2264
8817
7797
6648
5015
4753
9680
2340
5223
6404
2774
7860
1436
7512
7159
145
8100
2685
7411
5892
2505
3213
5959
1970
8493
2974
1898
3555
9696
8294
1247
7244
2285
2538
9895
4015
5985
1263
8588
5384
7640
8289
8790
7603
5033
1760
1852
176
2407
4017
2255
3167
1411
3610
3093
2962
3745
437
7108
5261
42
2575
1065
7948
5685
9863
8580
533
6237
1166
5456
5243
3025
7042
2091
3572
3040
8181
5343
5248
5498
9309
2913
5872
9676
557
788
449
3861
9724
5278
7999
2563
3942
7267
6601
3675
7791
2110
2108
4042
2880
7298
4145
4171
2582
8271
3902
5478
4891
2779
8414
347
5624
3438
214
7490
8089
8227
5971
7663
9800
8261
2550
5900
8980
2779
8707
3450
7621
6919
6187
2162
5800
2676
868
0
6778
1455
6136
327
2371
1577
9582
5145
5192
3208
3165
419
7515
4616
5318
9330
9543
3103
7583
4306
8209
8710
6215
4880
6378
8819
5730
5995
7192
1251
5694
6813
5576
1619
1336
8992
8716
3740
849
1906
6061
855
3877
1018
4858
2360
7422
5470
5782
3622
7623
6808
6989
242
5798
8812
5299
3261
4029
1183
9901
525
6574
4284
7331
4022
3437
5919
659
5237
5838
5983
6488
1296
5799
6604
9047
8311
6426
6767
1580
6596
8751
8785
4720
3657
3151
6715
2451
137
8010
7800
2749
1015
3621
4774
4411
1575
8361
4720
5836
3286
8107
7354
4409
7735
1870
3471
6819
6527
3502
5496
9268
8098
9705
2574
971
7989
9362
1941
2926
249
5538
343
8061
195
573
48
486
1400
2558
529
5084
2793
3044
207
3320
2516
9920
6242
8856
5931
1333
5524
8490
5517
722
4158
8824
3081
5913
2329
8980
8961
8553
6898
7656
6454
3004
1326
6357
6418
9719
1532
5467
5448
4582
9560
1069
8764
6403
8938
8988
4732
9936
9755
1086
7069
9354
8395
5156
7490
1745
2848
921
7284
9700
2018
8621
755
7740
7224
7793
8032
9572
7236
8013
2713
3347
3528
6142
6154
6086
1679
7781
6076
8817
9002
8880
1744
7713
9240
2364
7058
16
4820
5779
9134
9531
1431
7539
2531
9539
7707
2411
603
9036
7486
3597
4068
8012
3681
5852
9530
135
167
2863
3631
8881
4108
5168
9900
4583
4831
1212
2764
5872
7855
980
196
6140
3060
1857
5388
8961
1673
6475
7589
9690
886
1940
4465
2840
7395
5625
9576
8014
824
9966
7319
4915
4750
2765
1137
7378
7076
4621
3469
1811
3618
7375
6121
5356
6204
773
8628
680
8469
745
7912
4440
1810
5593
3306
3688
2468
7584
1090
3034
9204
2800
8981
8841
8849
1572
8065
6330
3947
9402
9532
6136
9640
434
3421
4449
3860
3266
145
2982
2540
8333
1308
7840
2650
7047
2123
5456
52
7657
631
7014
8805
8378
4018
1460
9724
8476
8427
657
5259
4200
247
101
9215
4983
9115
4814
9534
905
1985
9790
8257
1093
2898
9855
3064
816
6434
5907
2512
6652
6540
6461
1075
4343
5044
2859
1761
8342
9961
4299
3244
6445
1629
5467
9745
7594
3638
9181
1949
955
454
6545
45
4862
2515
6443
4963
3390
7832
918
7454
1433
7816
4184
9985
5429
5704
250
6432
6831
7780
7323
5033
4445
132
5510
5599
2012
1438
9953
3669
2682
7296
5425
6356
6904
6401
3001
7167
5516
8720
9797
4585
5902
7956
2417
469
5064
8652
800
7904
8490
1402
9543
9428
6394
7775
7514
4670
6402
6407
7319
3436
800
673
1787
6287
6953
3669
5206
1050
9750
3042
5183
9306
7325
5063
7721
4580
4545
520
3966
4242
5660
3723
1895
2916
1362
5290
6556
4188
9986
6599
2173
5592
12
8289
2598
9021
6277
3037
6399
6352
3999
3336
915
4343
8225
5840
3147
952
5259
5234
9920
1372
8406
5969
9521
4719
5611
1944
4517
8660
9902
2176
387
2144
1962
7158
829
6426
3955
97
4435
5398
2936
4344
7093
253
9440
7438
1164
4128
1071
5399
2712
4222
8437
9340
8381
2173
9317
4441
9814
220
104
5816
312
8236
3277
2860
6018
65
2815
4345
7744
6400
7055
3961
8929
5545
8750
4763
4858
9282
1165
1518
4783
7966
1957
1553
8305
4569
1275
7767
3437
7942
5178
8454
2702
3933
2842
9667
5548
5021
6262
9909
6117
415
5855
7074
6452
9869
104
389
985
8901
6718
1875
972
1753
9096
1158
3818
9974
3431
3521
5193
9570
8360
6956
2791
494
8095
7013
4750
2390
8938
3388
1199
6387
1832
9899
6428
2629
53
7277
1280
9086
3287
3421
5444
903
2856
5166
5587
5267
2401
4941
6199
626
8124
5543
6379
6624
551
3649
8218
4330
5171
8027
4364
4516
1265
7204
9878
3584
4218
9912
7715
1505
8099
9145
8111
6902
376
6543
1724
4917
1313
8344
61
3840
2645
2840
8073
6058
4505
2896
473
4123
9616
7118
5892
8289
8394
548
5486
6806
3054
5599
261
7037
401
2714
4491
7952
1638
8181
8193
4045
5468
5497
7129
3311
2334
4243
8278
6693
9233
6102
5228
1952
2583
5304
5698
84
2226
8892
9674
5028
7706
496
2752
4574
1455
6997
6126
7826
4167
7801
93
7065
2576
1320
6889
1639
2334
7819
760
7390
2267
8259
2937
6189
8051
3853
8012
4361
8808
1812
3588
7848
6691
5810
9194
7829
7088
9872
1277
1100
3572
1941
4118
2202
3067
5185
5564
3876
7832
2370
9470
9993
7173
240
102
1493
6899
9099
2374
7094
2974
5582
8892
9331
3736
9243
6588
6746
2490
9664
6182
7194
7495
364
9311
496
5040
151
5518
4461
9333
4778
1766
9022
4008
3707
3192
6070
8623
8011
1166
4363
8728
8200
6243
7302
8026
3999
4498
1152
3789
5779
3418
7639
3259
2712
7421
1263
5565
8436
1988
452
6005
99
2975
2905
6409
2143
96
1006
8781
9020
4536
8195
3831
444
4155
7855
877
8791
8509
5329
311
1632
3997
3213
5237
6095
2027
4639
8193
4833
9498
8761
5307
4591
7863
1808
6063
2954
5655
6169
8107
7879
5025
5315
9871
6363
5281
1570
2706
4926
1500
9029
6200
617
9729
1136
8587
2829
2552
6899
555
2124
8781
5005
5957
429
2440
3342
1708
958
6336
6027
2580
374
4836
472
3375
6161
5185
9107
5367
1714
4038
7301
1212
3865
6661
7915
8469
9109
770
2874
1776
2915
2309
4206
8755
9169
1581
4356
9752
6110
5802
4694
3086
3731
9643
1099
5559
3228
7510
9085
5858
33
2616
3595
3458
5282
7768
9637
5620
2769
1620
1125
52
3411
3480
6268
8653
8991
5414
1620
969
2104
4884
2476
9711
2788
9796
6049
1547
7754
1
1101
2727
5808
1739
8023
6573
8317
901
4743
6911
6196
4944
981
8953
3101
258
7043
4117
5948
4690
9661
5673
5480
3532
6899
371
9041
8054
1414
6639
328
6970
4184
6515
564
9618
8888
1500
3736
7564
1097
681
3596
2098
3335
9148
7459
8722
9362
3560
6889
6487
3838
3918
6172
7658
3651
7727
8693
1553
6241
8377
504
6813
9900
8152
1387
6712
6706
9525
9131
4361
9204
9134
5512
2916
1786
3602
7065
2144
7058
6978
2741
7323
8402
7849
3312
2724
5175
8372
1491
5053
4268
5670
4313
5960
5066
9803
1628
9941
2582
5197
2038
9947
3962
2360
5079
5460
6972
4519
2906
4724
1614
4083
4459
8193
6698
6466
9251
9040
2336
805
3244
3676
5037
9460
1466
528
5429
2086
7353
5026
3820
474
9011
7314
1485
6305
971
2957
7572
2695
7013
9783
4900
5548
5673
2252
8951
8821
6803
3818
5833
6732
4963
6913
3632
6287
2579
8594
5298
6905
6107
9234
4905
1431
6741
7907
1296
7559
1582
3018
1350
186
3530
5272
7204
1838
6988
4432
6934
3353
3632
1261
8588
1692
423
5289
1942
8635
5028
8084
4979
2985
2447
4334
6279
5629
9630
8412
4168
6346
6974
4545
2343
9627
8280
5810
2420
6153
80
3203
9388
1423
9296
4662
6818
3732
6094
1469
2720
6602
4061
2113
9402
9618
4256
2127
3753
4681
8393
5716
3174
6881
3066
5346
5440
9980
1355
7314
4283
9203
9272
9506
1668
142
1586
212
9472
2998
5340
4518
9929
9510
5216
6259
2979
515
3693
9597
6719
2247
7720
6106
8296
4804
8337
6927
1862
8980
7691
9227
5030
8095
2905
8353
8289
7825
8677
7048
540
1469
7566
1781
8197
7771
4068
149
9891
4787
8402
8743
5479
2976
3374
9489
4252
455
5440
494
4671
4612
9102
6165
4086
2807
4780
7083
2297
5065
8436
6369
7635
3089
5875
3394
7493
512
2040
4629
4787
7532
7363
4498
1559
7953
7345
9426
1876
814
2657
1216
9879
5381
5365
7673
6511
1021
2300
2607
4371
3683
941
3103
7121
889
3354
3346
1654
281
4795
1165
2072
9648
3841
3092
2377
7940
3445
1854
3788
3038
267
1037
6572
4917
929
4811
1491
537
8852
6346
9320
1809
1310
6652
3418
8169
6271
6848
3719
4039
8265
2079
8263
4067
6130
9025
4740
1518
457
2290
3566
2992
4684
4493
4207
6397
698
9018
2154
7395
2900
3959
6494
5315
2034
6282
4856
6172
159
2729
6695
1217
2023
927
7123
7052
9079
8787
1603
2621
4139
5387
9258
634
1155
6245
1532
4461
5665
2561
7018
5815
1310
2767
2836
2157
5656
2976
1057
1060
5898
492
1635
5467
7619
2645
1013
1675
6066
5861
7659
9808
6790
5066
5655
3039
8985
3199
8487
107
9710
7581
4357
7508
2546
4479
5674
8886
7980
5386
2671
8972
9263
6637
6966
2918
8512
6985
7687
6351
7514
1397
1366
1248
2501
9652
3499
6388
5837
2014
6578
3588
9924
8819
1851
3321
447
2450
5497
4817
1626
8058
4746
7229
472
7237
4069
6765
6539
4392
4325
3469
6178
5088
8953
3023
3124
9676
1694
7668
7200
1193
4312
5614
746
8106
239
9570
2026
7974
1130
459
7511
4262
6114
5180
6103
6600
6181
5219
4662
9847
8070
3078
3728
5457
3803
4171
1526
7018
9614
6411
8614
3313
5343
4897
558
9361
1696
4554
8523
7366
2223
2015
9796
9514
2980
5953
2119
5360
4124
1036
9493
4472
8559
4009
7777
4521
466
352
7638
8789
9758
4579
1484
8678
616
9827
6845
6438
5932
6584
2579
8093
9414
9642
9308
7113
9538
9949
9745
413
4285
721
1103
5599
1136
4300
2285
276
9299
6842
4449
5736
6828
8049
3219
3842
6874
9663
8549
4061
3108
2769
8127
7834
7106
701
2018
2215
9641
2387
7206
6424
8665
2175
9431
1952
9454
9048
3726
2556
998
1250
2051
3287
1897
3604
4140
5238
9753
1936
1164
4288
239
2995
3269
2032
4930
1513
2264
8990
9208
8923
4324
1283
3527
8324
5404
2610
7703
1746
6901
8238
6490
7626
5798
2879
6686
1752
2376
2428
3733
5694
4349
7628
8140
7242
3202
7526
5502
439
1090
9499
4387
4257
4541
459
1669
1791
9660
8917
2211
5704
9679
8788
8316
8725
7848
676
6084
5052
276
8535
849
3061
8552
7033
8138
5512
8778
1010
5103
9972
8763
1394
6271
385
8241
3224
1738
9290
8632
9689
573
5289
8456
6660
5784
5482
8563
3971
4444
8041
1972
9798
8430
4535
473
6039
3041
1083
9876
7249
5396
3313
7145
7913
3456
5241
7154
6762
3248
9651
5083
931
3852
3001
6210
7647
6858
7736
4462
4924
1208
5312
6642
2311
5586
9439
1769
9779
2066
5305
4903
24
4339
6794
7326
889
5911
4103
1137
5746
4454
4739
1252
4102
4709
3201
1283
1633
159
661
2873
7792
9228
4356
9820
9957
4979
6956
7630
154
3695
1549
1951
9669
8697
9448
1794
7619
3504
8773
1290
8294
8540
3485
2778
2084
3348
8588
2423
313
533
6608
4710
7750
8744
2324
3500
7463
7094
1792
3342
9111
7795
1700
8729
693
5756
2607
5093
8666
2695
7951
713
4218
5311
6166
2066
2085
2562
6422
8800
8567
7893
9501
289
8383
1972
3883
6952
1980
1878
7782
8615
2937
5110
2886
9924
8125
4481
2959
3707
1606
3704
635
1074
7506
6453
8124
9277
7835
7932
5900
2035
3887
6467
4134
2182
5585
6443
4058
2665
7170
9700
5618
8330
5209
4419
9913
2828
8136
9099
8817
6004
6787
2101
2290
8917
7998
7884
5311
8578
2403
8212
5363
4272
7855
2570
1178
2194
9561
7445
4770
7171
1109
7615
8502
9974
8618
9741
3194
6706
8969
5246
9841
396
52
5121
8803
7784
9373
2505
4524
1947
4525
9271
587
5122
2525
7022
8113
4304
1647
4463
1105
6493
2424
689
4530
150
2292
3616
7629
6725
7204
6422
2049
6165
4861
7153
538
9559
8431
39
7055
9887
9749
5061
2382
3557
5695
5020
1697
2793
6136
2982
5518
8058
4504
7617
1814
8275
8037
4097
6478
5337
1690
4111
7877
2495
5068
8863
9997
564
9094
8354
1782
2302
4579
5315
8461
6071
7396
9069
2671
8432
7367
5105
2786
5646
7943
5593
260
7280
5199
9919
9855
1895
4385
9209
7354
1240
3920
7082
4853
8445
9859
1303
6912
7842
676
769
1451
1907
2123
5696
3025
8285
298
1805
6054
7649
4713
5790
6095
3067
2842
3108
9797
243
6785
9778
2159
1582
1622
4658
1905
155
657
7022
4853
8176
6822
2516
5897
2949
8599
3639
1832
6213
6842
3978
2620
5195
5340
1256
8360
5142
2716
2358
4706
4016
8499
6945
1871
2096
2807
7908
662
3876
7899
106
1551
5978
9360
9401
5104
7517
7885
7407
4711
4335
7286
4129
2334
7816
9881
678
6001
1850
3711
2268
2943
1510
9839
3448
7866
8929
4139
7705
9436
1477
7928
6886
1043
2585
889
8467
6972
9913
9591
2822
7628
3627
5879
7865
3138
4757
2986
4564
5343
6758
2349
4433
4301
1922
3397
2935
3568
1911
8666
816
1551
2318
3336
1938
1828
3049
8004
7170
2811
9110
1680
3740
2221
1285
3081
7606
5548
5401
1177
4126
3483
5415
9013
6467
6884
8001
701
6145
4496
2023
5053
5390
2494
3912
6670
9267
5341
347
8325
8081
1500
2129
7808
3370
8642
4565
3573
1932
2136
9570
1553
5230
417
7505
5459
7634
9765
2735
6281
7331
2525
1038
9886
8280
2999
6532
1190
7379
935
4331
9720
4855
795
5533
3072
4165
4099
5071
8268
9725
176
6388
2213
7152
1325
7781
1738
2924
7401
6097
6253
5924
9432
4611
7458
9674
4093
1006
3251
6384
5619
906
3049
7519
9801
8961
3550
8065
7894
8497
5814
7880
8794
7244
3590
6899
7087
4486
9150
9547
2407
9522
1195
3755
5730
2799
542
3231
5973
2035
6985
7382
3476
1207
6550
6932
5946
3619
4763
1664
7926
3744
7529
3796
3977
2582
7261
4153
9134
6560
4191
9228
656
3600
4058
5426
6635
345
4449
4602
6768
6286
4291
3401
4010
2583
6400
7495
7849
196
5064
4859
7933
2748
1324
1947
8629
8038
9353
3881
2021
4156
5362
6070
6843
7727
2879
1019
728
5985
2037
4387
5634
6012
3441
2593
9153
3255
3659
7449
8523
4345
3644
1796
370
6003
9051
7388
4183
8651
5141
1142
837
8944
4140
1810
1281
846
2756
5680
9421
3615
4139
9473
4148
9518
4584
8756
6562
1436
1563
4832
1254
7928
9299
5859
9518
6718
1780
2769
5657
8170
4010
5144
7428
4067
5642
1896
4565
6778
3145
4714
7537
3535
939
9878
5209
6668
9116
4684
9468
7044
3960
3610
6354
9392
5947
4788
3414
4839
4300
2280
1446
9605
9290
4422
8285
4951
5044
26
3996
661
5992
9718
7854
6077
1380
819
6562
1227
7532
5424
1748
2637
8330
6551
1704
5163
6199
5684
159
4449
2818
4929
3390
8795
7930
4999
1233
6037
8935
859
1016
478
5521
4480
3600
3727
4069
4457
3913
5585
2727
706
2203
3763
8863
2446
3573
8090
4906
5386
464
533
3975
3683
4730
6540
9797
4359
1137
2108
3500
9091
7240
260
947
9253
1243
9860
8825
2698
7087
8152
7024
441
9319
121
4642
645
8073
7417
6007
2826
1430
8044
4950
9183
8864
4847
2588
7885
6571
7606
2906
5126
9935
1489
5580
4287
4903
1741
2376
4409
5280
6786
4160
966
7326
2470
5274
3608
2958
3703
1953
5739
8620
5083
3325
8321
6555
3821
4260
5356
5996
7910
5009
7616
5573
3573
966
1738
1064
6461
4693
7869
5851
157
3911
127
1701
9261
2147
2534
6817
3690
3837
7208
970
1536
6432
3642
1778
2157
8990
3010
7495
745
5182
4749
6498
4102
3214
4169
6469
4810
3660
2392
3788
1472
8005
8923
2267
6939
3457
6826
2869
3808
2516
9211
1896
752
479
278
7100
7209
1678
3072
9675
555
3793
8670
9353
5524
138
435
2673
750
9365
6236
4213
137
7098
7247
1546
5219
2197
1887
9628
8354
944
7596
3748
7761
2313
1620
881
3411
8615
7264
1872
5682
722
4478
7694
1093
3748
225
2688
9317
8816
1055
2906
9450
2195
9859
5450
6029
2170
5498
4039
9475
664
9304
7957
8948
4636
1945
9734
5005
9874
945
8123
2177
9864
1273
7933
5651
6713
4923
7441
651
8690
2622
6189
138
9229
688
3917
8502
6951
9868
8866
1838
9004
6274
9026
1933
8097
6770
8657
7644
1545
8571
8935
7240
7511
5693
496
5693
9431
9793
3845
915
6931
751
417
8344
2324
8392
3939
239
1566
190
7817
6433
9361
1097
2134
6399
3103
7502
1667
2210
6502
4540
976
382
9123
2252
1706
9504
5309
7214
6831
4032
8713
8094
1331
8390
6475
4481
5146
5685
8250
6750
4926
3311
6925
9335
6666
899
5914
1734
3765
7496
8201
9590
4570
4712
9478
4007
4050
4501
9757
2255
417
3489
2827
5532
4098
8972
5826
9527
9348
9201
6451
923
8494
3451
4330
5704
9695
7998
2362
4660
8179
4044
4086
2018
1787
2280
1727
6938
4513
9896
2702
8297
3743
9176
2938
5375
6378
1464
5524
8783
7385
3669
2164
4694
4045
6902
5918
6895
6964
7498
7384
4564
6495
4238
3019
5523
164
5310
1397
7240
8125
4986
3741
3916
8803
72
2439
6401
3085
8507
9181
9050
