6334
5978
3786
3214
278
6756
4032
764
4713
5135
1119
8321
3835
8630
6259
4577
2276
8440
6532
4773
1682
1188
5620
9532
6904
5280
2836
7134
4546
8049
92
646
6543
4277
7625
4628
3737
6513
5391
1763
163
7782
9914
9818
4500
3417
889
182
1462
6264
4457
8319
940
872
8748
1917
4579
372
6747
2276
359
2274
8807
3949
6294
7773
9254
1167
6793
6712
2324
4584
1396
8805
3583
5239
781
2007
9408
8439
4357
3131
8124
4671
8414
8862
6211
3250
3714
6631
1392
9543
9870
5089
7097
9817
1725
6209
2498
3288
2811
2005
971
8923
6066
2647
5192
9099
3186
9989
2379
8559
1636
3172
109
4095
1925
1310
2511
8196
3981
8186
2171
5106
9362
9809
423
2261
5430
2590
2800
6538
7650
8305
3722
1818
4120
3638
5202
4388
9318
3868
8431
5985
3393
591
2257
8192
1068
727
1518
8386
1635
6156
7833
9842
9040
3558
7534
572
3980
2956
4838
6069
7885
6649
1535
5050
7135
9206
5217
6671
7099
5783
9511
5893
3932
9012
4321
7101
5118
4498
2094
2178
726
8276
6914
9008
4728
877
6492
1807
1777
987
7088
7521
3872
10
5154
8856
3147
4251
3600
2921
6211
6453
499
9887
1686
6084
2029
6654
5138
2595
4050
9638
2256
3190
4893
9653
8712
3823
182
9982
413
8862
4667
1412
19
7096
4954
3859
7740
4278
8049
603
4831
6593
3989
1805
885
3617
4897
1488
1562
550
8412
8717
7379
9717
2845
4469
2563
6742
6335
3732
5965
2950
203
7044
422
6522
260
9323
4260
9645
2125
4138
2990
3891
9955
6146
439
5655
6136
9701
6496
9488
2788
6062
1705
7635
1539
2374
7012
4864
2306
9114
6012
1511
7720
9923
6448
5288
1466
3301
2428
5978
4480
6877
1212
3723
4250
7273
1914
7839
1241
9785
8903
2998
4690
9030
487
765
4959
9718
648
5482
5923
8285
6115
5722
7162
7625
754
8710
559
7004
2904
2514
9466
5196
6875
9655
9384
9071
544
2095
5487
1182
3417
8455
8388
8169
169
4236
1860
6124
1424
9293
2678
6417
6093
4228
6667
7072
9021
8339
7659
1587
7613
304
5694
4939
8435
3457
420
123
9006
4711
8035
291
8889
5712
9219
6649
9229
7225
5733
7282
2300
1665
6351
8724
1502
5241
9715
6595
9701
2902
5912
8633
2912
4160
2788
5235
5284
4382
5282
7773
7401
1837
4940
6437
4797
7568
1914
6484
5959
5625
3315
6557
3879
1959
9685
5735
180
7443
2133
9915
6226
7239
3472
8322
533
7054
2953
4163
1800
9550
9117
4032
1244
7342
9272
9037
6307
9750
1142
8556
4959
1264
3587
6212
9587
8052
4267
3422
8230
3174
8135
1740
8815
9520
8573
1289
4605
4596
214
7033
7537
7781
8327
361
915
2793
5970
5804
4048
1621
6075
9427
7413
1058
1157
7437
5768
492
4630
496
5241
412
8381
7932
832
9101
2216
9744
6971
3534
1307
3356
4786
6660
6036
1648
9692
1935
7975
6894
2017
8466
5576
8264
9069
61
5369
505
6402
9748
9546
7394
1612
5979
3899
4146
2644
11
8674
7556
2734
3513
6336
9598
3831
7252
5101
3307
1097
2547
8687
2702
8617
1923
5832
9495
915
6585
4307
6894
2240
2046
5889
7758
8778
8610
6202
3198
1628
6663
5206
9066
9431
6519
3736
5362
7173
6789
3119
2809
2720
8565
7855
3405
1095
9327
8610
9820
2815
7498
5608
9458
9807
9855
4426
1530
3136
9574
689
3060
3845
3104
7999
549
9031
1164
5501
7451
7224
585
7568
4349
2533
6977
8967
1083
3088
7531
6193
3529
2507
9828
8992
2970
8504
4135
1927
7947
2852
2586
6727
2514
7683
8158
5740
7243
3560
3077
6731
3681
9836
7177
7188
4775
1682
245
5405
3089
3498
7730
3218
4847
6478
7284
870
1636
8645
5991
5641
5415
6799
2350
5774
4266
9180
5691
1006
7768
9366
4874
4936
3502
9168
3777
5585
2650
1851
5577
4928
4821
7396
2670
1509
4923
9364
945
6985
162
4425
7412
484
9687
9544
5061
3019
6793
2971
4444
4518
2532
7613
3833
2569
1030
1555
7539
1076
6494
5443
9238
7098
588
7745
6442
7133
8925
9980
170
3973
4433
6757
4086
9599
5262
6871
3792
3895
991
8592
1971
3057
7430
8163
1220
8824
8046
194
4537
3502
1409
1900
4535
1186
2284
1242
4009
4065
6276
1123
6609
5288
1011
6862
4132
6055
4000
2615
8490
5187
307
5079
4412
8080
4142
2843
9328
2007
8842
7770
330
6206
1717
3691
8502
2777
5662
4464
9133
9051
3086
4424
5775
8634
7243
6556
1510
5317
8038
8684
5628
6265
8327
5650
3027
3823
9949
3691
9662
5396
4018
6225
887
3969
1981
1595
9682
9284
8088
4665
5709
4676
8724
5304
8606
8335
7105
5053
3308
5123
8348
3748
1374
675
6117
8541
8156
9772
5739
9000
2499
5775
8208
786
7191
281
5125
5415
2458
5225
7550
4018
9592
5708
7829
3488
4781
1307
3403
3037
2164
6706
6510
5099
2323
8417
9673
2167
3602
1047
6126
6435
9187
5460
3104
5322
3872
5327
9936
2465
5114
1666
8977
3254
1733
1563
1134
7853
6519
8461
5705
589
9962
754
6368
1841
1851
5425
9786
8012
6346
4223
9897
1849
1070
150
1736
5132
5256
1723
9911
3009
9221
5931
4423
851
3398
9386
6479
2605
4710
7126
9398
9219
912
6305
998
180
5097
6323
6699
7856
9298
5243
9936
6762
5890
284
9126
3198
5378
2539
7819
7713
5339
4476
7947
1101
5857
663
6556
9361
7614
984
4128
1998
4243
2293
1128
1624
3236
1792
6673
806
6270
2264
7136
1544
7157
1887
540
5394
9141
4994
4700
2049
2179
5448
121
329
6338
8944
499
9562
2398
8361
7607
6707
6862
4114
2050
6447
3218
7626
9168
7832
9402
7421
4346
7753
416
5668
7614
5497
1627
7456
1490
6385
1535
8652
7239
8879
6356
4784
3797
7970
8738
1792
8241
8681
8799
7587
2481
5316
3137
3658
8524
5610
6744
9872
6921
4102
964
1938
5320
6548
6455
1083
7164
4097
6160
5206
7561
698
5294
2861
2057
2886
4747
8494
1039
9834
7517
32
6151
4091
5138
1208
9935
8874
4366
1412
9629
9988
1578
2705
5731
7779
206
2122
9
7970
1322
8776
8518
7090
6303
9970
9915
8474
8075
59
8148
9451
6609
9805
1117
7298
8204
3561
5234
2647
8117
8626
8573
7406
9080
4335
5208
1565
8998
6770
6493
7273
3479
7079
8354
729
5361
4726
1716
2729
3065
9879
2120
3847
9681
8225
4443
1107
1080
4469
817
316
3090
8704
4727
5676
6177
4225
8967
170
1190
6672
108
9452
552
7040
5577
5434
3218
696
2586
7604
5172
6622
3795
4600
726
2029
3545
4972
4554
8599
4880
1599
8473
7023
8311
6634
4226
9116
2233
4623
2739
5918
6214
3517
2482
2315
4920
7207
5190
3917
3372
4222
8275
6523
1900
8264
731
868
804
8041
1807
3686
2045
2683
6456
3658
540
3726
8670
7929
5026
8129
4452
8169
29
696
3880
3963
2710
6854
8073
180
216
1827
1907
5898
9870
8390
4978
2203
1680
7389
5956
2021
3621
7817
4429
5902
6205
6304
1177
6746
5706
18
7711
3194
2705
9950
1215
7150
2974
3875
8578
2951
6401
8649
6054
1465
7538
4267
2399
3297
4521
2596
3072
7332
5262
8864
3314
717
9974
5174
1264
462
1808
4740
507
4546
4791
1782
7848
5243
8715
4023
7312
4799
3018
2346
1213
3475
9545
2994
7687
1691
5449
2157
3975
4667
4436
5782
4456
9538
340
4914
8877
5507
6975
8818
5620
7726
1968
6939
9930
7783
7604
4462
8509
9966
6144
2841
9663
9832
9132
8845
9168
1706
9677
9907
8848
8816
7438
891
5301
7238
3621
627
3300
1335
3676
7008
7024
1073
9232
6536
1739
99
6566
6264
7904
3610
4425
3690
4097
8822
733
4374
8396
8922
8428
9603
8536
8931
9894
847
4138
9204
1391
2526
8747
8797
361
7490
4198
3962
7357
3402
5538
9946
3385
834
7949
1110
3674
6394
627
694
3256
7734
6521
9100
193
6358
246
6917
979
9798
8373
6250
5844
1228
3727
6209
3395
6280
5214
3003
8819
650
1959
9982
2447
6837
5404
6709
1366
7421
9151
2089
3208
3335
299
2411
4406
2562
3602
9926
1692
6086
290
1887
1258
8280
2832
3884
1855
1679
3516
5028
2396
916
5413
4664
6498
5233
6773
637
3909
6095
768
4573
6902
4523
1703
4279
4742
4325
4274
1905
529
42
8423
3745
2827
7397
2859
4777
9182
6419
7131
3330
3987
2320
17
3481
8300
2225
4542
9226
2805
2017
7199
9183
8833
3781
8262
7282
2218
6078
7449
1304
2125
4329
7001
7296
4756
6691
4482
7840
4026
4034
56
7541
5616
6660
2136
7041
8293
802
8095
1440
2502
4946
2608
8743
2320
1786
4339
6499
1016
3105
5135
4181
3869
3813
424
2220
3127
3756
4055
6916
7952
3426
9682
6233
3315
9592
2943
8979
74
215
9666
473
7643
5787
16
7784
9466
9810
6794
6991
4691
7982
7054
9298
4919
3708
547
3139
9037
6449
4140
3416
2340
6132
1718
7354
2598
3052
1757
2809
5545
6698
735
3342
500
5293
6433
2885
8080
1492
6922
5244
3513
8125
7450
1696
4259
999
97
5099
2843
8654
4682
4536
1065
4911
7979
369
1828
2299
480
6682
2642
6810
9784
3470
887
5461
8925
49
7969
7932
2532
2230
9529
6729
9159
7765
4333
1489
3060
4494
3423
679
802
518
4522
4495
4274
1988
513
9903
9327
1576
4803
5745
511
1757
7851
8638
3567
8330
3119
2182
463
9353
8592
5830
8337
3042
4213
5870
7018
8403
2214
1468
7007
8519
3615
6840
6469
8356
8638
6507
9463
4159
2513
3523
8218
6982
9167
399
2741
995
8502
206
4576
2355
9036
169
4369
921
3105
8328
8230
7793
3849
4947
1758
4956
8752
5387
6087
2414
8868
6935
1123
8911
6602
1918
4581
6775
946
6396
2657
7678
684
8077
6264
5999
5716
3677
4601
5165
4960
1501
3400
3875
1573
5011
4703
8192
9389
3799
5161
9286
3942
7262
8629
2827
4619
5074
3189
8996
2458
3554
3977
415
401
5656
4106
4579
3379
3099
6925
4930
5515
6064
8936
9912
5582
1478
8524
3880
4322
2140
3773
5782
8015
4637
9887
1969
7445
7703
8779
7360
7413
497
8978
84
1079
4392
9205
3768
5887
7904
851
4082
4685
5668
3744
8274
1908
8368
3448
5392
2534
7027
9459
2159
6377
2242
2209
108
4738
639
5091
9549
1962
4388
9168
8887
7179
8964
1259
6702
6360
502
8008
2519
300
9590
2657
7684
6875
8458
2119
3737
5873
1812
1952
1662
1180
4407
7346
6035
9546
8716
5904
1733
3955
4934
1018
8496
3237
3054
5054
4016
1593
9068
9061
7049
7198
805
2333
7293
2111
97
6134
2066
4878
4975
9276
6012
5559
8954
2365
2462
3908
6016
4706
1834
1541
3216
1132
6816
8540
9504
6616
8671
5796
122
6305
7435
3997
9112
4131
7787
2469
2952
1867
1749
9083
8554
7040
6062
5344
7037
233
939
949
3427
7528
274
5096
4000
5814
5746
5095
7729
2957
6828
2871
2179
2743
8825
7298
9115
509
9319
1909
5522
9518
9877
2064
547
6484
9415
8651
777
4649
9925
1138
8825
2851
2648
4314
9155
7974
3314
2824
4491
962
5597
9004
5423
4190
6187
4653
2815
7328
7554
9626
1002
3058
9410
3046
6323
7800
1130
5660
3649
2519
8396
8716
9075
3071
1947
728
4613
4
2061
4373
4014
384
7912
4881
6703
5197
3045
3896
148
1786
9629
985
2315
3382
4927
1672
2951
9063
7712
8940
4430
2243
4674
5446
5140
7800
628
125
5770
5079
6032
1900
6726
9140
2702
1888
5794
5409
2218
2796
983
3643
6723
7678
5508
4451
3176
1994
9358
3082
8373
3952
6547
8571
795
8766
6935
5564
9575
4075
8517
705
6121
7647
4736
7982
2181
2675
657
4988
4526
4591
378
9420
7036
5292
3323
1640
7073
1708
8902
8780
6975
5857
989
6449
6858
9867
3381
5730
1156
2932
9804
6491
4009
4407
5371
2191
8616
465
8200
477
4759
4346
6806
6233
4300
4844
2949
5646
3997
2709
7778
5253
6496
7081
6203
7745
6156
4600
2189
6770
733
1106
9071
4184
1289
7688
9357
2155
8277
57
8229
4987
4597
1175
2643
3326
4122
3297
3446
5463
5441
9532
1593
5611
8371
8520
478
5394
290
2199
3838
503
8548
2234
3957
5596
5116
8274
6569
7245
1126
2323
280
400
5387
802
9702
2685
3181
4902
2042
2218
5136
5968
2016
9810
4906
9919
6060
8839
4553
6343
3648
5324
5387
6624
7398
9118
5860
9649
3741
9125
858
6732
4673
3385
4201
6571
8610
1087
5758
7830
9585
3595
6448
7970
3185
961
1829
4969
5249
8977
5904
8209
1769
5418
3847
172
5323
6225
8122
9492
2926
459
3342
5783
5942
9195
8169
2946
4827
4884
8883
5307
2277
3368
1414
3157
781
8522
9169
6083
8730
1812
7030
7107
9676
9473
3911
805
3643
4465
5341
3944
1920
3047
7996
6384
1552
8779
5263
3222
583
417
634
3625
3569
1513
9033
3445
4582
8644
7527
9149
7467
2611
8240
5270
5619
3281
5702
6406
8449
7289
9346
2268
1755
7697
3403
7393
841
8911
3341
4979
9280
6144
3886
4651
9188
4688
5728
1672
9965
1414
3738
112
5261
4609
5971
5980
5031
761
4448
1336
1822
356
6661
3728
8244
6114
7931
7767
8748
393
7748
5569
1589
398
2144
9964
8141
2035
9795
7631
3456
8383
353
6198
9601
7135
6521
4266
3008
2610
4216
4936
3503
3095
259
2254
603
8255
1443
4542
9269
6103
6661
4272
5568
6617
315
3155
511
1858
5931
744
2978
3866
6607
3746
1612
4600
3738
7268
7570
8060
6455
3896
5539
8337
2818
157
5194
7467
9915
8830
2598
3959
8661
9228
6405
8959
9138
3754
4917
1031
5849
6886
8478
2832
2687
5978
1117
6511
1933
2430
8152
5337
6285
2926
6441
8770
8596
8568
4199
6341
3241
1083
5174
7642
7549
4712
5435
6461
8240
2499
5921
1035
8966
9210
434
3067
5996
2566
9224
4099
5410
6937
2729
6800
7277
8772
7305
1474
8386
7490
7893
9342
5430
7022
8679
7471
8309
9514
7181
4915
7589
1379
601
6730
7596
1022
4471
283
5471
3389
271
1697
2658
9723
8645
4881
4475
8321
6383
1366
5172
3583
9692
2417
8492
7580
3003
2729
7148
8826
4118
2049
1239
3947
5562
8086
1706
2644
1287
7474
1057
6731
5453
1013
4546
5243
6268
5369
3320
5287
9279
5380
1290
5471
1139
9936
1909
8951
7076
8369
94
2992
8923
3580
553
3074
9964
6226
7112
1940
4766
5651
9643
2700
2667
5965
5614
878
2
8816
4164
3137
1834
6074
8949
6801
7562
2309
5249
7216
16
5261
9337
7170
4972
1505
8646
2637
2155
2937
1137
2985
5399
5649
4593
2651
8596
8831
1962
3454
1121
5636
8998
9203
9140
9117
9096
2057
7866
5092
4242
6739
135
1660
728
6789
7490
9079
633
5065
4952
9241
5386
5293
3483
9227
3811
1244
5933
1149
703
472
3728
2481
5872
9772
3588
218
4639
5948
807
4091
5305
5240
1092
2955
9585
740
2934
6956
1918
7567
7156
6933
9147
5384
8119
3342
4058
1854
1776
9641
708
5691
5684
9649
1859
4786
6368
9100
2086
256
7479
879
6124
5298
5914
1061
6075
6192
7456
7601
728
4730
6864
8593
3076
982
5001
8443
147
1947
649
5841
2827
9441
2668
5606
6865
1930
5415
6580
5399
3223
314
6400
7853
6183
8154
5257
4670
5325
8349
2450
2919
5610
499
2732
8756
3381
4152
9949
1895
1873
2939
9655
2471
3279
1961
4610
1247
2994
7319
281
1418
4822
1431
6070
4439
4227
5670
6333
7409
4754
1401
499
5703
9292
4161
1585
6959
6112
1213
9002
9694
9898
5809
8767
5854
9365
4605
5131
2689
2223
925
8186
4899
1921
9593
2947
6166
4088
1537
5350
6496
5792
1233
8570
5818
5449
3857
7199
8115
4948
6594
1146
7837
6978
2690
9852
6504
8954
2550
7197
3719
9586
9141
7682
5074
6715
766
8170
6145
1140
4926
8880
5953
2169
9638
415
3934
4433
2788
9673
3063
6287
4440
2698
5383
933
2641
6182
3850
1346
3653
7874
2734
3384
6619
9262
8718
3991
4608
8457
9950
1599
4939
7266
2102
8062
7472
4822
1436
3967
6443
4180
7020
8463
1096
9795
6368
7197
6160
4390
5244
4104
1677
5668
4580
3598
1965
2046
5239
76
9328
6119
8195
2761
9658
3039
3608
9352
2391
4671
3437
9023
1094
6990
736
4098
4405
2485
3882
3730
1929
1295
5319
7921
4651
980
6229
5080
6895
7642
7202
5356
877
306
6497
9902
5499
268
8267
4688
5962
5039
9920
1479
2733
1353
9040
9546
2519
2544
8228
2999
1068
5201
5608
4835
2968
7060
7259
5164
4116
2155
5031
1659
2092
8180
4144
5376
8668
5639
1441
3437
8720
607
530
9783
2528
4466
4993
136
5103
7936
6811
7609
2290
7201
4157
1156
2178
6451
4928
4836
2128
6522
9741
3187
2516
8914
8569
7026
8461
3081
5980
1870
5093
8464
4306
1573
8539
9043
5666
5160
6722
1517
7085
8274
1446
5935
7495
3676
6019
1661
4053
1113
9843
7599
1422
4928
747
1770
8017
7227
5304
8582
1712
3638
9500
3932
3596
4718
1862
2813
4542
3347
471
1103
5982
3841
1970
9187
6265
1675
487
9733
1982
8295
6547
9231
8415
6760
1715
1762
1598
4903
3298
6412
7423
3162
4352
4883
3979
6056
3210
7870
6628
8647
8018
5378
3412
3154
1241
2610
7453
8529
8634
7335
1543
5672
2165
7149
6426
1863
8068
9979
4879
1337
621
5532
6652
2300
1880
3842
4115
9073
1838
5355
1754
4923
4652
1173
3314
9477
2650
3204
7618
9631
5400
5039
8577
4612
9210
1784
7815
3433
6989
2997
9196
546
1822
7974
4392
443
3686
8070
610
4006
1740
4677
5848
6711
1744
3402
7205
3595
4599
3592
7468
4653
7350
545
3210
18
1379
5975
9237
3096
4295
8025
5994
3442
1150
2113
1275
7880
8302
2675
4886
7981
4929
215
6729
7870
6365
9548
8444
7375
5201
7373
2184
4533
2950
7372
3609
1171
1652
6862
4729
2889
8698
3483
639
1817
354
5281
4996
6834
139
3296
9249
6999
8836
3064
8883
493
9345
3645
4236
2344
3412
8948
3598
1242
975
7794
8237
6931
7119
1148
9786
2092
5458
8976
1267
9274
9686
3390
5544
455
3850
5484
1854
2700
4452
2357
2816
8015
3126
1623
8359
4485
4785
2842
9193
7001
4142
8086
7938
9258
7491
2403
335
3398
2838
699
1348
6732
7552
6720
2366
8460
6926
9986
5049
6294
6000
5358
1247
3347
4903
5158
6390
885
4729
150
1882
9453
6134
2190
4410
1653
830
8064
1665
1335
7385
4662
952
8544
3345
8537
3802
2332
293
1561
1036
9302
5531
236
1461
4871
1654
9987
5297
7914
3734
4998
1350
2552
2816
353
3273
1677
377
6381
7517
5273
2597
84
2236
4775
8443
4065
8977
2906
9284
18
8819
3604
7459
1848
7150
4292
4683
116
1881
4362
2762
4954
931
9784
8952
6180
9285
5238
2274
3573
6481
5205
1650
617
9959
4090
5639
3851
9302
680
1566
3727
6891
3050
5426
3374
3769
6602
8147
4915
2414
345
2692
4614
4973
7818
7525
3923
8805
9190
4378
2512
687
3170
7695
4146
9401
6478
5137
6997
1405
5939
2247
6421
2452
2230
4875
5130
9692
1323
2359
7884
6377
6415
5507
1065
7549
5628
9807
8910
2817
1452
9638
3195
1244
4299
374
938
4032
5570
2162
6119
8612
4178
8608
6974
7957
2115
3196
8223
4572
3266
4225
3608
9312
8462
2705
9851
5841
5122
2275
1903
9296
8937
6394
9494
8631
3500
7236
925
4772
6545
7968
1661
7018
5009
7785
7216
525
2295
6153
5894
9314
2994
8282
7382
4511
4377
9124
3900
8034
8277
8455
2918
5639
4594
1077
6619
6673
8594
6129
7187
8504
2571
7706
2692
104
112
1966
2221
9173
9576
2903
4950
1102
9395
7987
4636
1674
6511
319
286
1707
1071
7108
7380
4089
4838
6828
2764
5129
7522
4577
7565
2917
3718
684
1230
9524
427
6551
1740
8092
9509
8860
7550
1112
7268
243
4597
6553
661
601
2619
4580
3366
3758
2272
5648
6673
8192
7803
6954
4647
1202
1385
1102
2259
5329
4634
1798
6055
1086
5741
4066
28
6163
7250
6775
6455
1263
3238
4408
5008
4127
9697
2089
8751
6976
8325
9653
8876
8550
4016
6259
3222
979
1152
4064
4685
7626
5254
4880
6484
2639
2109
5179
5939
6655
2810
9332
7061
6688
986
8613
1412
9252
8684
4716
2992
1180
5321
7586
9697
9963
7592
2518
2713
3034
3606
916
614
5838
2835
6412
3515
7713
40
8940
7106
1960
2018
5407
3057
950
4958
2071
1918
8577
5642
8423
3452
7859
4509
2555
5468
6272
4257
8645
771
8100
1493
2213
8414
9199
5762
9200
8185
9278
1923
4848
1144
7163
1191
2314
1965
5626
8621
4284
7608
3850
4263
2745
2947
1219
3622
8826
3634
8090
6189
2162
7900
1112
4191
4656
1955
7144
879
8414
406
5980
6166
2694
7727
8909
1529
533
2939
3890
6487
2811
4256
3397
1447
9895
1406
4342
30
2794
5115
6301
5704
215
9944
2441
1159
5266
347
5102
2656
2299
3653
1234
96
8990
1080
7120
9553
8851
914
2872
5713
387
830
4912
5246
470
2468
4526
2309
831
7915
9048
3909
1368
2259
8454
550
1669
6214
8217
6185
9347
4976
6586
2213
719
8825
4286
5488
9332
7567
1092
6931
4835
4291
5021
7072
5964
5799
707
8363
1234
1655
8796
4039
3405
49
5460
9065
776
116
7419
7437
8480
1145
9698
862
7192
2685
4707
3564
6519
8368
7496
4633
987
407
2617
2029
1011
9093
8476
7729
4642
8605
3399
5516
5729
2549
4039
5410
4650
6091
2892
4175
6189
4839
2935
2750
2916
289
1821
2420
9077
663
2887
3111
7468
6113
6310
9825
6150
4718
4037
3087
3223
1455
1475
7434
4633
4956
8301
8134
6862
7604
9900
4139
5108
4343
5487
1053
2803
7248
5475
1106
8324
943
7202
1389
5505
9978
8312
3319
7161
786
7315
697
1559
7021
7046
5437
52
6790
1914
2333
9696
9863
9362
7042
629
1178
9276
6532
5729
6673
5194
4088
3939
5828
7613
6365
2082
545
7690
9161
8602
3204
4020
5807
5743
3026
7410
8520
8289
6995
5306
9156
5585
6204
9752
7518
6278
4910
3141
9821
6772
1037
7065
4536
1819
6463
4558
9697
7205
5432
4797
7708
7574
6329
4771
3325
7328
5042
4505
1313
8897
9656
2833
6835
8820
1419
7946
5037
6635
5404
9208
395
7785
1995
8206
8181
1710
2381
1241
1813
3950
9331
3990
3958
9100
3579
5766
9765
3402
690
1614
5782
5922
5940
9016
3432
3077
3841
9290
7939
5849
9072
8069
6706
5587
1035
8009
2802
7049
879
6837
4415
8927
7508
5453
6687
657
5583
3924
7824
5694
843
3038
3162
1741
8237
496
9533
8707
5444
1878
2862
7363
7829
5118
9336
9049
9079
9057
3025
3496
5349
9497
4867
3962
7682
8462
4434
3573
8285
8817
4885
9536
232
4882
5815
3682
2615
6061
2163
4775
1774
2702
8777
6652
8879
6708
5315
9566
4279
2730
1830
9118
1788
7791
6401
275
1604
3747
5430
2561
8583
4845
6222
4969
9741
9878
4562
7971
9802
1307
9134
8765
6156
9027
5422
9836
1444
3808
4370
5671
7231
2897
6305
6488
3679
7210
6036
9694
2412
8320
3377
1560
7839
5506
2167
8251
7596
3827
6524
9635
6582
5044
9378
7363
1156
9559
2093
5894
7996
9701
7431
6848
1729
7974
3758
4275
9806
5112
408
980
3766
3141
6598
4022
6586
7346
6269
792
4905
323
2605
3908
9938
4572
5289
1183
5880
1899
4503
1576
8204
6722
7064
5186
5029
8979
2659
7094
1526
4392
1395
9492
2112
3228
947
4274
6044
2337
7947
1061
9516
6015
7575
3083
8963
6381
7881
2706
9460
3965
8911
8836
2680
759
3819
5130
9973
7527
8118
4839
8710
1419
5482
9385
7615
3719
8749
4897
9301
6247
7207
324
64
7831
3536
7528
7940
9383
800
8181
8805
3307
7401
813
2035
41
2937
5319
2969
8754
9021
269
1497
3205
1842
4334
9247
8453
4601
5687
7154
2804
2760
3385
906
6047
1729
3166
3004
7817
1383
6904
1507
4610
6771
9727
4180
9051
9626
3787
643
513
5532
9249
7024
4091
8901
6097
621
8655
2520
217
5715
6495
3304
545
1004
7666
4579
6269
4154
9274
1590
784
4034
4007
1230
5498
1153
5696
2040
5232
8123
2231
7172
1343
909
4837
9623
3210
41
488
2036
8218
5553
6406
1121
7240
4698
9400
9242
5809
2426
8219
2312
790
9835
8947
4461
9945
6273
948
5980
3245
6571
2146
2849
6203
8449
3880
8951
90
5996
7952
2985
5005
4711
807
6741
3241
8001
1448
7710
2038
9831
8310
3371
524
2213
1246
8664
1139
1351
164
8392
6691
2831
2107
1463
8236
2151
426
9454
2105
8441
3078
8225
6194
7939
5417
2769
8020
7371
6132
8420
4201
7543
716
1580
7678
9696
6139
866
8144
35
4782
5677
543
6753
9669
6048
744
5824
3956
1230
9982
9764
7282
5558
5299
8267
2420
7192
4599
9180
3164
8604
5569
9510
3377
7156
2677
2028
6674
6718
597
9628
2035
858
7698
3813
8843
8485
409
1317
815
7917
4920
2048
3122
9160
7071
4815
1016
5338
4813
6987
768
804
7028
154
5704
2941
3070
2302
5685
4737
260
70
8128
4492
8422
5385
223
4589
2353
7597
4053
5889
9363
7686
9357
8637
4840
3941
355
2338
5728
2663
6104
8026
8553
8994
8969
8803
1422
9722
4115
8022
3226
8260
7927
8615
9698
9571
6089
7675
7109
1445
3008
635
585
542
3259
1258
4618
4543
6614
6379
1642
4756
9958
5671
9749
6777
1616
6201
8453
3768
658
7998
3039
591
194
2912
3266
771
3324
9848
255
999
5562
3151
2015
7288
3561
3962
6879
3034
9286
9816
3051
7043
2825
9996
8786
8524
3940
6902
4363
3215
347
5641
9698
3967
8759
4920
3582
5547
6541
8100
3963
9852
7559
8784
9517
1893
3306
6396
2508
872
9523
6317
1734
6461
1582
4953
8875
3839
6620
2377
1793
9162
2371
1562
5920
9271
8811
2479
4972
3580
3778
7606
9129
6141
1722
828
6442
5590
1775
8473
589
8616
6109
8529
8031
2750
7053
5552
9919
4721
2341
1021
6909
3990
6833
3569
5609
8023
7464
9694
1360
9144
7660
8779
1501
1100
5818
8646
1526
513
9960
5284
3034
6203
8236
8612
4816
2225
1602
6429
3522
9540
2280
3450
8453
7486
4412
7842
3767
446
1029
8819
2526
2870
8617
5182
9956
6303
8244
9558
5571
4578
6719
1790
9981
9233
8507
9804
8354
5405
5511
5371
4243
1375
7283
4558
9161
6755
2879
751
6013
1482
3967
7239
864
7260
2498
4176
6715
9851
8107
4670
3064
8997
6373
6447
8339
6239
138
3506
8500
7137
803
4689
7323
5655
1292
2559
4569
6517
3353
5280
6881
1330
8229
5615
6246
9313
1308
9458
7027
1245
4304
9538
9972
3897
2241
6197
2703
2969
2815
9488
2122
5880
5366
5406
6387
3767
2570
117
7924
1046
1820
8695
2482
2396
20
3802
3469
8434
4113
3727
291
2545
7014
2465
2756
7065
2135
4060
9915
6637
7997
8461
1617
7575
8767
8281
9697
2286
4587
8217
5591
4909
3568
6889
353
6526
4354
6
2561
3088
3720
8994
7485
375
2369
7616
8859
291
2439
4414
8661
869
6548
3575
7729
4448
6274
6056
8480
3924
7860
9471
7546
8004
9717
8382
5263
8667
2309
3477
6416
8508
8774
209
2119
3645
2690
6337
6278
9348
7312
2473
1127
5853
8469
51
4812
2117
3487
8307
8045
448
8799
5799
8363
9912
6657
4506
5365
5034
1304
8928
216
4726
53
9159
1228
1597
2066
5327
429
7400
5915
370
688
784
1799
2163
946
2141
6023
3340
6731
2050
5839
7073
5887
9611
757
8666
4805
6068
4412
5492
4496
1982
90
9554
1407
6005
598
9904
9007
1457
6901
89
7002
7834
4123
3094
3098
228
9300
3193
3474
3943
2570
6793
2549
7107
5973
3947
6179
290
1623
2156
6343
9055
1174
1368
7556
2106
8721
454
490
4927
6195
6685
9211
505
5901
3215
8740
5691
8625
437
538
9411
8164
7143
1711
4671
406
8713
4705
7126
7537
6154
1577
1130
2496
3689
2981
6340
4446
2331
3780
4308
3048
1513
9132
3001
1663
5423
8814
2899
5710
6491
1704
8501
7963
4748
6656
5239
5249
552
5391
9551
1531
9421
9794
4749
922
9515
2712
1190
8014
3753
430
8719
4680
9409
4214
2909
6692
478
7160
3917
1257
3328
9867
2658
272
3217
9350
2001
4767
6127
7184
1523
4845
9579
8330
8643
6178
6381
9773
6372
2635
245
9077
3651
9730
5386
5169
1228
1073
2566
4971
8450
9785
1941
8505
2354
7570
7404
7100
3576
3420
5138
3285
2072
4392
4246
6412
4812
8071
6839
7824
8653
2646
4478
9798
1226
7113
5779
6525
5704
6056
1192
8034
1310
2630
2619
3569
6980
2857
9195
5317
4042
9273
2838
6838
5770
6651
7779
6140
4386
7109
1618
6750
9096
2487
6344
1251
2019
3685
492
6099
5191
4628
131
5838
8702
6840
9397
9812
7742
6719
9764
3433
5959
7710
333
9142
7188
874
7114
6830
6423
1841
2634
8305
2086
2033
5244
320
2374
8902
3930
4737
4710
5981
8471
7130
9445
2820
5733
4384
1225
7975
6517
3751
7677
7759
9772
566
4396
293
3761
360
3566
3839
3417
5770
7554
2233
526
9820
2711
3038
6469
9706
7815
8925
7701
9497
9754
4141
2272
613
5963
3450
5432
2942
2623
4492
990
6636
4866
2128
4834
8863
3791
6236
5161
1013
5559
8685
4658
9261
7148
7636
939
3627
723
2888
4559
3750
5037
8753
7432
9628
6023
4486
2832
5405
8632
5108
9865
3689
8836
6113
3983
5519
2699
6739
2332
3470
1891
6030
4026
4170
4126
7949
9128
211
4829
1007
6761
9227
6855
2371
2160
3190
8081
6266
469
8763
7685
7919
802
8588
3503
7066
9759
2935
7711
3182
9662
4945
8199
3440
1400
7411
4094
9193
8575
1863
420
7647
4498
1250
555
8497
9643
8580
3937
4937
9461
2810
6245
1863
8267
2267
4660
8633
7000
959
5414
2422
3964
2672
5751
8835
1847
6469
6113
7948
8284
4609
3004
1187
2717
3164
720
8548
5993
8390
3930
6483
9200
15
690
6827
7187
7334
2343
3176
8359
2093
3963
7658
9970
3938
8428
7881
6065
66
2606
4217
7396
3299
6107
2791
8090
4265
9394
5958
9602
7622
5217
4967
5041
7963
2336
8172
327
6838
9165
4404
4050
3155
2875
3775
7845
2140
7295
5370
5600
8647
1933
203
7533
1532
6668
8889
4694
5411
2116
1448
1468
1493
3617
444
3615
9120
3310
8901
7107
6597
576
2998
5974
1390
3652
6365
3642
6564
1735
8786
2867
1054
6469
3428
5940
6553
8492
6475
1198
1605
1471
704
8379
1582
2402
1490
1683
1448
1511
5518
3662
5518
8317
2883
1649
9484
4617
5675
5665
357
3227
2120
401
3462
2235
6059
2876
7859
3565
7343
5186
4908
552
5304
9726
2171
2565
4240
1532
1660
7999
3627
2741
4231
544
7317
3017
3950
822
4164
3789
9630
962
9250
8597
9267
2445
8568
6627
7602
2476
8907
5321
9015
3420
7131
7166
8088
8455
6047
986
6672
7656
1964
6936
6960
9887
2997
9304
9254
1846
3225
8850
251
3755
4430
6912
1746
7301
8529
6454
2047
2161
5462
4309
8402
7569
9702
3163
4833
5397
5131
8884
3466
6001
9334
8098
8554
5539
6106
5772
1137
5168
6693
9245
2031
8038
4420
7215
304
1433
1668
9987
5400
1218
7101
9699
7042
1812
8241
4492
6537
3744
6951
4669
7692
1876
5745
1645
4240
4343
5318
244
8262
6414
4013
4426
8004
2669
4044
2197
3190
7577
9617
8051
2036
1972
6999
1829
9038
1980
2490
3074
3045
183
8647
8689
5448
6285
4346
2321
6628
2733
411
4967
990
9362
2853
5608
7950
5056
1834
9596
625
8929
8354
1854
6340
6962
3677
3260
7242
4653
2434
143
6402
211
2359
9787
569
9769
1816
8009
7023
9282
5742
990
7952
730
7140
218
659
8349
6990
976
2303
1457
8593
7531
446
7984
9554
5368
1702
279
8361
5654
3313
9949
9212
7270
8315
6431
8986
249
1894
3342
9344
7367
9189
6803
7709
6701
4685
8876
5862
6819
9490
4322
3177
8386
2755
4821
2908
4339
9255
142
8068
6843
5409
727
7435
4899
1416
4911
4651
9136
7828
5868
6874
6554
6589
4356
1024
4668
7296
961
8743
5679
6816
1343
119
7637
3278
8609
1351
1644
7141
8996
7824
9371
4483
2469
3290
4024
5593
776
7526
3349
2730
1092
4854
6717
372
1815
6274
5898
4543
2498
7756
4891
9664
5301
3699
5130
9751
1226
8227
5013
6730
536
7894
4455
5473
8805
5565
7659
5948
9008
5074
1380
236
2467
1424
6056
8136
5223
6880
6504
5856
5831
7655
3759
1265
4315
142
384
4819
9313
2616
9136
7036
8508
5497
167
223
974
3966
5277
154
6837
474
1072
4555
3692
2157
2964
9375
8698
5619
468
3959
2541
8791
9896
4879
4783
8190
9094
1335
9574
9072
5279
4684
123
9145
2956
8499
4507
6311
5955
417
6167
9612
2450
5942
292
3368
5038
1049
8603
488
3251
364
368
2992
4858
7769
569
3234
5397
307
9782
5236
116
3652
7247
7263
7527
793
6825
6467
89
2766
7923
6233
9409
9176
6827
2646
6078
3858
8545
4192
3687
3029
1403
4779
8766
9760
5603
8941
9175
3293
8402
9675
4501
1470
3552
5593
2180
1029
2851
3742
8948
359
178
7609
9401
88
6252
4730
8708
9023
8597
4878
3784
8019
2970
9157
5742
4085
1705
2442
2858
6366
1511
1264
435
445
4718
9879
6246
9993
5771
8784
1227
9423
1926
4191
4623
9261
9590
1445
7141
7911
7999
1560
3146
3322
8704
8420
3640
2830
2413
2831
9530
2766
9401
9874
1641
6928
7751
2110
2422
4492
5259
7268
584
3909
73
1874
4376
6448
7806
7540
304
9505
2085
2886
6050
2992
3902
7683
5101
7824
1540
5827
3704
1302
2583
194
7596
1435
3349
7837
5939
6142
2986
3241
8603
2265
4724
1907
2594
573
9772
7939
1381
8638
6866
5347
2066
8714
7903
5687
6585
2464
6653
6498
4463
7680
9542
1021
5914
5147
4220
7002
1801
5902
6103
3932
5597
8178
2950
4500
8121
3044
6091
895
9868
3648
500
1146
5155
5368
7083
2249
6112
1058
9939
9205
1787
1
9730
3513
6595
5763
9119
9580
7266
1397
5365
4232
4711
6106
1351
579
8590
3556
1670
961
8969
7394
830
4941
2067
1905
3279
6807
6843
2786
9245
9802
6829
5025
1982
4919
970
8654
3831
6292
2408
8398
8103
5284
8061
6515
3998
5142
4946
1792
4164
5793
242
3520
2979
7667
7133
9405
4921
6711
8353
3752
1759
4550
6953
5011
1822
3850
6680
2608
7373
2004
7496
6686
8949
2168
6755
2249
2277
8779
5329
4782
6913
8014
5179
2403
1938
7635
25
9705
9426
9264
4251
3072
2112
3364
6306
3163
2134
8444
1594
3552
1485
1588
3711
1646
2827
8372
1854
7770
6434
1292
2280
1746
8836
4578
6632
6526
9441
5547
9405
1698
9307
7750
1160
1811
9377
4025
1154
3315
1118
4489
6919
8617
5824
4801
2261
5495
4095
930
9724
5292
8528
9793
9288
6167
5149
5439
8811
3960
1609
5212
48
5609
6941
9575
7779
1772
9066
9645
9670
4063
7281
105
269
6088
4878
8315
9491
9505
3720
759
3659
675
9158
3678
8006
9030
4455
231
1812
8665
8772
9757
2177
1797
7239
29
6835
1819
9268
2351
2321
3957
1227
7222
6914
2034
77
494
1916
8007
3178
7346
4564
4568
352
2981
7468
5619
5663
2664
6303
9420
830
3541
9539
8525
4798
6007
2918
3041
7050
1293
3526
7982
4454
702
1492
6992
2034
150
8881
6480
7394
209
2151
733
1155
7844
9229
8215
1278
4513
151
9229
6863
1139
1268
6420
9451
6449
6384
5122
2157
8460
2847
7187
9153
2657
7899
7251
8500
655
6173
7260
234
2612
2038
672
6788
7150
6088
3379
8351
5243
7785
2860
8700
456
8804
314
1570
4301
5746
1549
6226
6167
5370
8584
8737
8598
718
5675
7186
2272
416
4585
2701
7328
8608
5387
7842
2989
3562
951
9548
3306
7845
6944
1917
1323
5553
8780
9983
9367
8262
1276
3548
7075
6344
9216
374
943
9511
8144
633
9320
7579
8827
2613
3056
4854
8757
9874
9049
3378
2384
302
8329
398
2444
1843
2977
1071
1646
5431
1187
1619
1892
8344
6981
7119
4736
1438
1674
6300
2195
4362
259
5950
6918
7559
1304
3731
8545
5200
1681
2355
3387
8661
9218
3505
3874
6448
682
5337
5673
7695
7973
1727
6587
3094
5895
8496
4234
2183
788
8502
9179
4426
3168
2197
5107
5085
266
9160
5867
5019
6455
5909
6978
5476
2078
5135
873
2149
9149
1297
5072
6681
4068
24
7358
8123
5039
3798
3254
1779
4968
5551
1739
888
7813
8671
4250
2491
2827
9049
4950
7980
9492
1192
853
4112
7207
9165
3941
2303
5621
8997
4425
4536
793
1637
6769
2745
8478
935
8374
9554
6227
3142
6938
3862
5215
3870
6867
9117
6314
4293
2357
4903
5362
3764
1986
499
4328
4631
5126
1734
7639
3823
7437
5938
8985
393
4875
5576
7498
4184
9911
3770
5009
4822
4720
1257
2766
4637
7291
1404
6374
1361
7074
9874
3416
244
7141
7458
1646
8002
9200
9773
7325
2656
3944
6271
8608
5765
2609
8494
3294
4975
434
361
1680
3801
2524
5399
3129
446
8838
8850
4680
8222
1088
1736
3865
9231
4292
3543
6801
1867
8206
7233
8771
3556
3231
4796
9522
9837
3494
2934
8730
2380
1391
8690
8245
1097
6803
5603
846
8417
7746
7500
1846
1261
3458
1450
4375
2387
5746
389
9575
9803
2820
4998
5092
5530
5623
8882
9340
1960
5496
6154
4736
6282
8721
6203
5846
5481
2299
1134
6882
7755
465
4836
7845
9686
3322
5613
2228
8022
9549
9334
6987
9249
9168
6619
8595
4408
3044
1648
1884
1330
6455
6680
9961
6080
8667
3256
3005
777
2953
3858
5647
4917
2955
8522
6048
3624
8475
2176
8016
6435
9423
9146
3310
2638
897
1954
5866
5138
8850
4326
680
5181
2305
5473
6133
6234
984
1
2802
2355
4243
4960
6271
2952
4941
1309
2675
3344
7118
7561
9140
3508
9299
7244
3556
9701
7745
2712
716
6523
881
9457
8260
3820
5716
8431
6678
5269
5005
7134
3969
6239
7172
3428
8444
3151
9318
1868
1958
601
4624
737
3263
2384
5891
9385
1313
4374
3061
2225
6789
6038
4287
9813
8412
8108
8036
6704
6296
5289
5207
270
6684
2669
9991
2848
4106
4542
4941
1795
8304
610
5602
8692
5739
9229
6877
248
9032
6525
9907
6036
638
3932
7075
7634
6377
6450
7975
4095
3803
2858
6457
7666
9670
1749
5260
4144
2105
2022
9819
6961
4165
3964
8346
2028
5483
7010
5024
1392
8428
5136
8756
959
1849
5318
3840
2776
3524
1055
6751
6018
3831
7226
7174
518
422
9330
4637
2964
6614
2840
5605
847
1232
2437
4571
9288
9495
8672
7419
641
4415
8955
5374
9126
7315
3639
7973
6921
7884
2635
8406
2881
2310
1513
2747
1334
9337
2384
3754
7239
5371
1214
4573
4826
2596
9397
6271
912
580
8835
4829
980
7553
2784
1292
9509
5727
6869
2639
4105
1818
5459
3419
8688
2386
1728
5220
5392
4373
350
1654
7243
9002
1295
4224
436
7161
946
3134
6661
2697
1737
5640
6632
7393
9145
297
8592
6706
8248
4392
7817
6039
5575
2729
5159
446
3001
6975
854
6441
7576
8732
8995
7571
5105
4387
9664
7167
3310
3401
8430
4200
4010
6780
1832
5399
6662
674
8515
1243
1851
5059
5994
4464
411
2473
1054
4677
5736
9085
7701
7422
9136
5577
723
5065
906
2438
4064
6887
2993
7367
2366
8198
7388
5547
2012
6678
8506
2390
1793
3604
9008
6267
1011
4890
7363
3311
9103
7968
4223
9946
7439
9998
9248
5550
518
1595
9200
3685
5554
3371
2158
2243
5274
294
7315
497
4027
7050
3367
1610
1334
1897
6408
2740
3883
2087
7439
3622
2909
8026
4167
1795
9018
3762
5229
374
3391
6707
755
1960
7626
7343
6264
1743
351
790
4082
6921
1951
7341
5997
9657
8116
1742
8717
7728
7662
5656
4214
2038
3009
823
5769
1687
2353
9987
7721
8431
4258
8318
8000
1699
7741
5068
5297
4948
6692
5856
4101
1950
2421
5680
8121
5050
3666
619
5020
888
343
1358
9921
4357
9757
4427
6303
2461
6991
7431
6965
5006
3991
9594
4795
737
630
6700
6800
5153
1794
4241
5299
6331
8716
9100
1581
1071
6444
5910
2904
4622
6392
2469
36
7201
3798
3509
7161
4471
1545
9948
2738
5739
7743
3545
5891
9342
8036
9278
4024
4813
8341
279
9984
6849
5966
4732
3420
9573
2030
9936
9003
4438
6226
6195
8152
8643
8080
8962
3056
4720
4085
396
5599
9426
4748
3469
1595
6296
6776
6204
9040
9972
6134
2449
1833
5988
1425
5043
5302
4499
4054
9693
3525
8801
9608
2197
9853
5578
9060
1382
3032
9872
4323
3187
1235
9290
2478
6376
5807
4870
576
7678
8382
2887
4073
9301
4084
150
3214
15
4362
9539
1007
9421
5404
8306
5351
409
7960
7055
8375
3322
2058
1401
6750
1046
1419
5680
8616
8585
5583
1114
8637
6062
7817
8870
6193
3030
3371
5046
4133
1277
2049
5008
6461
6788
7267
6437
5520
1483
5184
8529
6347
4895
5492
6764
2963
2500
9660
5160
5294
4292
2495
1536
1168
7434
8072
3424
9408
1987
4261
1806
1346
1088
1252
7778
4595
6655
6797
2249
6437
6525
8666
5748
1223
7095
974
582
3884
3065
1819
3108
6894
3661
7084
1503
9526
6495
9187
3081
6829
7681
499
1836
8470
2201
2491
428
783
4785
2122
1517
7352
7365
4583
120
3912
1609
3188
3404
6407
9256
9380
6948
3298
4968
8803
1960
2266
325
5811
8120
4359
7051
9559
4983
8800
987
5724
9784
8996
2804
4129
9256
3831
7133
1975
9479
1117
5757
1804
3147
1536
1553
5553
7073
929
9426
1695
4276
5800
4411
3218
3173
8195
2892
8143
3872
5683
946
723
8346
5862
2031
2805
6529
1401
8267
4554
1925
1305
9132
6038
1468
2753
749
4021
6306
3926
7400
9737
3920
6777
7535
9023
3936
284
7462
3073
5201
3512
4724
1475
8270
10
2290
2066
2787
4987
3426
8066
9787
8567
661
9723
9124
5325
1107
3177
216
8433
3129
9015
5921
603
2085
5609
3361
1008
4760
8374
2466
4808
188
2831
2976
1680
3776
1797
3588
1782
2246
9810
7188
7736
5276
8252
1027
584
6396
5098
4902
2772
6604
1122
1834
152
4818
3497
9709
1417
724
5178
1988
3164
5571
671
8662
9777
9152
1539
2270
398
500
3197
1963
7893
9391
7108
9704
8537
2733
6842
9875
5986
7114
4409
2143
2716
3042
8104
9907
4266
3671
5143
351
1266
8628
4816
6106
7607
4012
3974
659
2954
8771
1310
3262
2962
1275
7527
114
156
4304
1230
4157
4427
3437
6534
183
4987
8083
4784
5276
9349
9521
8777
7238
4215
7005
7054
6029
6552
5935
9054
3229
7120
8272
4996
4028
4865
3902
7409
5951
7474
5884
1529
6972
9804
6206
5861
3079
4256
7854
4074
2551
3399
5151
7870
759
5319
2603
7718
3175
1601
4561
3182
2395
4753
3020
5719
4971
1686
1140
8856
2070
4443
1926
6134
3252
4267
6929
6252
2617
7578
2515
5810
3616
3768
5962
152
6581
1369
8197
5237
6614
2737
4504
7946
1993
1077
5988
6107
6582
9459
7981
4136
2120
4524
8252
4552
1062
7458
2341
2860
3133
5067
4492
8130
5784
8269
6915
6476
5332
9876
186
5820
6597
3422
293
1331
1901
3040
6359
7914
7332
492
7774
7683
2745
5867
9750
5978
9660
6925
8566
8653
2501
8564
7363
4326
2355
2468
6681
4997
9604
551
4099
1427
3472
8611
8891
4229
4515
1378
3927
3448
8897
3790
6177
276
6232
4308
4922
5502
8418
4180
7474
8790
5396
9623
1743
1426
7409
2619
523
6266
6081
9738
9914
9395
7880
9365
7428
7341
7110
279
3518
7566
5476
6199
9440
9751
3884
1295
6420
6078
9525
7275
4906
3620
8062
2931
7947
796
3532
4979
1038
8493
5685
2837
9627
1424
4046
9074
72
3389
2390
1828
7631
7890
7981
7234
485
4400
1022
2281
4213
8121
7886
619
598
7954
1193
2719
6680
9467
4275
777
7629
580
2506
2283
6202
7381
159
1025
2208
8615
3845
8558
9114
9261
9737
5680
5080
1891
5866
6897
45
2205
8983
8124
4735
4226
566
1952
4404
7149
1142
3369
8592
2124
256
9815
3710
2141
265
2335
1680
8613
4042
6037
6221
5896
9133
5664
8467
8211
8976
8505
7621
9959
9752
8365
5107
5080
46
330
9388
5547
8457
8399
846
4384
9083
9085
5175
1989
9015
6565
5742
7605
6144
4632
6697
6722
9029
7660
5250
566
8719
5022
3604
5414
7422
3565
903
4600
8665
3984
3970
3876
8031
9818
189
4535
2507
1458
4766
9311
76
2197
332
5209
4695
6564
6337
1571
539
3695
9158
9769
8814
5463
1709
2955
5549
3241
5020
6298
7919
7166
7545
6179
4866
1555
7625
1387
8440
6891
6127
6345
3150
9776
9800
7747
125
5311
8150
5296
9312
3830
9814
8703
5647
3510
728
473
9086
621
3012
3992
3706
8783
3121
2738
9484
6641
9382
5986
9780
4365
8708
6135
3080
7032
8966
9623
8865
805
2835
4339
4619
3116
5137
1834
4991
9456
5159
712
1396
8448
7889
9951
2157
9343
1939
6401
2390
7745
6656
8417
8053
5782
4992
973
2315
2138
874
1904
7181
3297
3526
6969
4093
5119
9160
7129
1671
3358
3979
3063
804
738
548
677
8534
1176
6972
1487
9319
1482
5894
4748
9234
3601
2049
5444
4943
8618
4790
4647
9028
2518
347
8632
7095
8025
1311
7967
6548
5541
1465
5132
5425
9160
8646
9939
8424
7469
5513
4930
3375
6794
7791
3332
7369
4104
4494
5888
1945
3164
3583
9586
1298
8109
1242
8896
5272
7825
5282
92
2700
412
2492
1090
9626
8546
7440
9972
5170
4080
5375
3695
5856
9708
7835
1265
4604
3304
7023
216
3826
1902
6579
2902
5740
8503
6356
3428
9121
1969
2532
1161
579
3383
4114
3974
9824
699
8557
8908
8018
1178
6513
245
9230
5323
2401
5439
5295
3756
7337
7879
7642
9592
3959
7773
3546
8475
3954
794
6511
6447
118
5907
212
2740
6306
9007
850
2057
6488
7365
9668
9803
6775
30
5637
5659
3290
1674
5495
1401
5994
3874
7166
5698
3412
7586
5513
4587
6712
8483
6631
2270
1581
2822
7121
4568
9558
4036
9565
2842
6187
2379
4532
7193
7811
8120
7530
6842
9343
2108
7043
7998
3478
4975
1673
8109
6802
7345
3860
8792
5881
9002
9629
3772
581
8532
4784
528
6886
5163
3786
3221
4713
4139
3742
690
6688
9945
1765
566
7573
5923
3356
5758
8945
1591
8896
597
6435
9911
6979
1512
1584
7838
7448
6895
7579
7441
3408
2928
3198
5831
3143
8793
2400
7986
9860
7815
4515
4838
6326
5946
2948
489
3484
2789
936
9762
3496
2661
9753
3109
7404
3379
1554
3595
339
2403
6112
2160
2647
6834
1737
2173
8477
8418
1739
2884
417
4373
2347
7423
6837
9850
7694
5755
4721
8106
3428
2455
2280
3611
1552
7980
5891
4368
1766
1583
9326
5395
20
5028
9559
7378
6805
734
5768
5029
8950
1984
3239
6104
927
1258
963
271
6099
8078
2450
3284
3863
9401
8630
629
5118
8932
2384
7918
8672
6404
7517
6653
5011
8839
2092
6189
7802
6137
687
6135
9605
2333
1694
8886
7217
3454
8908
3423
7237
7281
4816
2565
6513
4161
7911
6875
1975
4513
7325
3457
169
657
6276
5480
2712
5495
8873
7784
6886
6947
2990
3140
9019
2429
8550
4077
3681
1571
7088
729
2689
5234
7298
5971
981
1818
5236
4610
6305
2744
2463
2906
7655
3653
1326
9109
9102
5446
812
4560
3204
8303
4653
2419
6692
5239
6586
8708
1191
2564
9963
598
9531
839
5260
860
2368
5465
3671
1506
6965
3350
9894
7671
5756
7322
5809
5266
2277
1888
5890
5934
9731
5351
2078
6806
1855
3825
4152
6602
5
4499
8778
1101
6235
3366
5337
4893
6017
8091
9019
3052
3615
1947
5367
1711
4208
6875
8013
3313
4025
507
3108
2407
1937
8753
455
5678
6736
7681
9567
6990
2722
6097
6337
9606
3829
6442
9538
1135
1323
78
7703
7084
9921
3219
1903
9320
9493
6004
6057
2789
2885
5552
3806
3778
5314
6772
619
6518
4094
3763
468
4055
9556
7008
240
9058
8378
9815
4522
5632
6941
5771
8008
730
1968
7628
838
7415
738
7914
9332
8453
5198
3546
3271
194
6394
4675
4392
6090
4051
2475
4649
6062
3485
7946
7986
9633
844
4429
418
797
5080
6746
6563
4731
3158
5035
1608
6716
3825
1394
7480
1638
3451
4906
3835
3106
9965
3365
3435
501
3613
2016
6366
6998
1898
8956
3143
8125
383
2104
2164
1262
860
2557
6104
8596
5400
6021
5278
4825
6551
633
4467
7595
5225
9537
8321
649
7102
9016
8723
1704
7582
4523
9376
5711
9210
2294
2861
4789
1309
1708
7796
3462
8660
5524
7903
5798
5209
1203
5746
5043
9408
78
8683
8093
8921
1912
246
3495
4737
3511
386
236
4809
63
7035
1223
1214
6021
8045
7915
8239
6760
7671
283
1953
7246
4972
7139
2417
8245
5753
4429
2147
3542
5486
6323
9582
7459
5356
6646
5463
4301
7587
3381
5838
8180
6526
2386
3556
9632
2217
609
9138
1608
4820
8411
9053
2317
3092
4152
9560
2121
5838
9736
6973
1013
4175
216
6177
4789
6848
7529
5201
7154
923
3748
8490
5215
7991
1623
4060
4061
427
553
2311
1195
8885
9690
7671
8445
6296
180
4950
6235
3339
7291
4950
7047
8488
1756
4304
5536
833
4771
9024
3651
4867
6435
8572
237
4143
5098
1819
8966
5788
6725
778
5668
9115
5165
6891
685
4927
3565
7998
6789
2256
1305
603
9533
9388
6275
6108
6872
2819
2708
9013
9911
581
850
9534
1441
4249
6456
3806
9159
4485
1192
3216
8070
361
1053
3788
482
3387
5359
5579
3273
1580
9803
7567
2124
3008
914
5621
3747
5032
317
1349
9066
2493
2131
1999
3321
5948
7514
346
3041
7883
4165
7572
3199
781
1072
5882
1929
6803
4968
1714
4848
1315
9503
3036
2286
817
3052
2394
5364
3650
4790
1762
8119
509
5132
9653
7953
7775
7261
2341
5948
3629
7322
7018
8469
5739
691
6644
4493
5805
6065
1455
5454
636
952
4812
2019
782
14
1045
372
6891
1638
6487
7983
1752
8018
4938
7585
1091
9390
9455
9752
3345
2479
9075
7031
7567
6163
6854
282
716
5710
5440
2722
7477
9453
8170
3608
5491
6640
7539
4145
7766
6825
5319
4813
578
9993
6925
8730
9550
3397
47
7362
6651
8499
825
8641
5248
1804
7408
3040
4931
5874
1809
6680
6527
3105
5914
1219
7535
7299
7699
3197
1343
2782
6984
9184
6556
8645
74
159
4831
4202
2054
6078
1283
6243
9877
7030
9419
5213
1155
6437
7720
4439
3026
123
7057
9767
9235
6510
5078
4699
4025
5413
1428
8037
9231
5566
7038
3514
4599
1900
7800
3264
386
1668
4270
4342
3004
285
2026
186
9856
2493
3048
4433
1084
7751
1325
6407
3925
4775
6209
6292
2104
5269
3348
5464
219
145
8715
1933
5637
2875
9600
1878
518
6042
3404
9322
5287
9801
786
8125
4406
8792
9896
4820
7106
9070
140
8957
6829
7755
7728
6979
7970
2774
2977
989
3536
7351
8003
3185
344
3724
6107
1215
2253
8257
833
9237
8502
181
5660
3980
5934
19
9698
9530
2489
62
9518
5616
3968
149
2701
4663
6649
5822
785
4073
5613
5823
3573
175
5879
4093
9636
5636
3436
180
6947
4237
536
5592
4363
1199
182
7764
1594
5956
211
7015
327
111
1565
4883
1379
7854
2658
2598
3783
9168
930
3580
6643
3666
8502
7188
350
7985
3764
3893
1650
3795
5104
1264
2477
2274
2240
8337
7895
2190
5081
739
4249
5784
6596
5243
1461
6697
8585
9474
6103
1602
2276
7876
2907
4546
374
386
4412
3422
5949
2203
9067
387
7758
1442
522
8819
9816
4659
7444
8480
7827
3988
3272
8084
9223
4177
3235
2890
6655
5808
9611
4940
390
93
1137
5472
3800
3107
2850
9974
6988
4036
2834
8746
618
1462
6700
6720
8458
342
3353
1105
1790
3963
1305
7293
2094
1544
4121
4030
6775
39
6837
7530
8081
1073
6101
8472
8445
7573
4575
9210
4117
6604
6885
1051
222
8880
9192
8170
2124
9945
3892
6270
1374
1764
9819
1308
1021
9547
9113
7424
8136
5289
773
5268
6964
6239
1814
348
4394
4756
2196
8890
6195
1966
6829
4540
2013
309
5205
3013
9389
1477
8326
2200
6777
2153
2473
8094
6202
4018
625
8331
5153
8927
9639
6136
7020
9062
4350
7684
4521
5282
7240
482
8130
857
1078
3977
4278
6793
3243
2223
8739
9748
5335
8083
5217
7632
1650
8185
4813
1798
8463
1837
3285
3714
7959
1537
928
76
825
9172
4788
3444
837
7071
1290
4076
1969
5530
4982
3826
2127
4878
2590
9894
9542
7027
1599
732
2414
9524
2050
2389
1811
7077
5520
4498
9997
9909
5401
8985
7363
9622
1766
3521
7975
1391
3805
7479
5650
7592
2301
7816
5899
491
1472
169
6452
3224
6197
8526
2046
6518
898
1468
829
1427
8745
9657
4766
7642
3622
1823
4314
4452
6507
1848
4627
5831
2105
6610
876
3518
9122
8763
3325
4764
3279
6467
8088
4692
4937
9030
1227
4090
1417
6569
261
3862
6537
4926
8643
7581
2085
118
6776
5868
4556
9617
5804
6800
8674
4941
3389
9219
3840
1999
5426
5467
1598
2478
7043
1314
7763
331
7083
4375
9261
7301
4253
7220
9242
5136
4315
9529
8981
6686
4971
9518
6554
367
1206
2084
4713
6498
5056
8494
8285
1437
1791
2293
3849
5727
219
7877
625
4261
8440
8911
7958
1897
5252
7041
5735
6755
7315
4659
222
1365
492
7593
4988
9250
8647
4145
601
8931
6426
8408
1439
7657
1248
3101
8512
322
401
9820
5040
2802
7687
9802
6177
8305
451
6637
6640
3592
5736
2494
3835
691
1833
4982
5709
8597
8243
9062
6009
2555
4604
7723
7625
1173
4481
5230
6905
1927
694
2398
2355
1121
4785
2708
7178
2698
2315
335
6131
8053
9119
5406
3020
8607
1619
8784
4569
7341
5949
5096
4659
1404
6658
1707
5238
2666
1509
20
6141
2030
2613
1463
3424
4919
6366
7729
658
4591
328
5601
7785
8728
2088
4167
3390
9539
6781
302
4608
3559
9956
5309
9227
3945
3577
9929
2597
9944
6931
5570
5056
2353
6468
5599
7233
3906
652
6874
5693
9389
9474
2772
9027
3519
7173
1518
8876
2988
7275
8809
7841
5136
3834
5054
1465
2127
1347
1014
5351
5595
6311
1128
2386
4371
8056
3032
6526
6929
4802
4149
8173
2305
5700
7905
9105
3282
2375
9955
5491
8411
8814
9953
4426
7204
4058
4609
9819
82
2076
9855
2608
1858
887
3382
4
8919
6070
6704
4452
6393
5486
9586
8829
6507
7605
1657
4588
1589
6839
1217
3754
1131
9909
6940
116
8214
9600
343
4343
1681
2743
1236
1997
9879
4998
3378
9996
9895
6323
3078
9806
5410
3973
140
5237
7923
1947
8111
6315
1823
1844
9973
8977
3190
833
30
3739
3856
4317
2608
6515
3554
831
7486
7644
3578
9702
15
5211
1205
7250
1250
4881
9997
6535
9756
5432
2177
3795
8057
9100
9829
5658
300
4446
8973
5308
4130
310
6448
7666
587
5278
4313
1819
3108
250
7331
8088
8405
6805
5154
8504
9951
6645
7179
5193
6835
1829
9741
2087
5383
2403
3976
6877
5277
1902
3137
2035
5709
5248
6928
5129
2281
1152
818
909
9721
3227
933
3603
7989
6857
5160
1896
139
5788
2868
4281
3511
9919
2189
1405
2655
6336
8598
3211
5701
8075
9611
4701
6233
6305
1226
9037
4613
8134
8556
8185
4290
7801
9939
5349
7594
3727
5664
1751
9191
5933
5661
4186
2332
5186
6114
737
7172
4462
4353
833
847
7515
2920
3408
3899
6607
7155
2783
3431
4198
2746
7510
8243
7316
3808
2709
4993
7807
3771
4975
5380
716
7251
7237
521
2631
5009
561
435
8773
386
8176
8910
7728
9497
407
3416
4904
5691
3858
2537
8557
371
4607
3488
7338
4168
9034
5499
9447
3339
3175
1862
2101
5583
7100
9027
5107
4066
8477
7009
8790
231
9724
8933
4858
3983
6174
987
1100
6430
1333
8949
6958
9280
5207
6215
8147
5627
9412
7726
5683
6563
1831
6761
7076
2541
9753
8102
6344
8735
5840
6821
5003
7436
7399
1906
94
3923
3470
6252
1653
8517
2185
8783
4819
8223
6632
7595
9842
3546
9073
7295
1303
6992
4697
4308
4002
6463
117
7650
8030
8832
266
2652
5856
3853
941
4924
5535
6291
6481
8366
3427
9421
7813
3017
1555
771
952
111
9842
3274
5874
8783
1298
4215
9493
1037
2081
8690
7603
6763
7411
4801
5974
2087
1740
7134
2154
6621
1373
9253
3767
5926
1586
4436
8906
4967
1680
7019
567
4518
4588
3763
5519
9814
6588
7390
8251
4626
487
5441
5749
7475
5214
1680
4265
7828
7774
7743
6050
1479
1935
3658
976
4144
7008
5607
8905
240
3421
7087
5365
1379
6794
7880
349
6030
4353
7780
21
6735
2196
50
4998
5090
7819
9403
5481
6695
3602
1999
6933
1669
2552
1861
8440
5360
3007
4050
3728
5794
5692
814
4399
7944
3745
6043
4527
9792
3152
3807
1415
7961
3237
4210
583
7984
2355
9731
6870
2761
391
9375
7142
9934
1628
1023
8041
3126
2646
9025
614
9902
4161
1336
1784
8553
6395
2364
724
8693
573
7257
2095
7306
8789
2735
9380
7664
3949
4831
8836
7578
2751
2691
3906
5761
6104
5328
7537
9635
1114
410
6881
646
4603
5947
6557
6206
7411
8290
5268
7282
6740
6191
3411
94
5217
9987
3953
4617
9064
6661
6514
8794
6799
5696
427
2073
1129
7918
5240
4063
3448
2679
2053
2218
4836
2922
997
8137
3711
7758
62
7536
5032
2674
9328
6719
4705
4510
3982
7584
1514
8008
6068
3192
9457
8807
9834
8897
8880
6504
581
7411
5730
693
9897
5517
7115
5623
9217
2592
2672
2419
8276
9938
8720
3023
4691
2454
2725
9563
9636
4387
4028
3822
9474
2868
5477
7001
199
5976
9501
7612
6595
7262
7455
5410
2755
4956
9610
8897
10
2747
6011
9965
8835
3820
587
6049
7407
7064
4375
9781
3911
2003
3026
6291
4540
9001
957
4258
2915
6573
8026
3497
7233
3715
8892
7745
7368
9068
3087
8016
3101
257
3093
9952
7905
8805
5796
5342
8983
9660
9374
1064
573
8185
15
2304
2384
4517
7753
5420
3232
6503
6579
3451
2402
9463
8605
4437
2492
9412
8253
1486
4410
7535
4563
2123
188
8186
9900
8014
2670
2859
9600
5017
2663
1770
3523
8381
8513
8077
1220
5682
478
6509
7828
7772
6756
1074
3876
2053
3251
4853
1991
4807
7899
3319
161
3317
6717
3397
607
1163
8919
6916
8940
7709
1350
6678
8752
9020
9340
6396
6735
4832
6696
7195
3700
5632
9396
1732
9643
928
2543
5732
2155
8125
2164
9637
7864
3728
6122
5666
3090
6890
5809
7862
6781
9791
2170
1434
6168
9332
5389
4209
5342
7041
1874
8902
3260
6104
8384
2596
8320
903
7093
1822
1249
4819
3123
982
9887
145
3981
1944
658
6618
6781
2002
2222
4618
6879
6566
8319
3240
1531
483
