6275
8054
9485
357
2314
43
3427
4413
5225
5032
4400
511
7706
282
7261
1098
8831
4023
5731
1548
2830
9638
2820
9395
6354
6318
4603
3265
6256
50
3246
5232
3633
5180
5264
9388
2218
4027
8119
5660
6285
7630
9023
9284
8365
3349
8679
6118
3270
7091
8207
2871
7729
9391
7575
5872
5112
2788
2731
9507
4441
1834
5559
7197
5825
3713
6782
5532
2106
3441
8574
5366
9001
5416
5490
7606
3910
6878
7404
9187
8565
6511
6439
5297
43
118
117
4154
564
755
1251
9975
5333
8095
2091
7957
2778
8476
8549
3665
3364
4343
7570
4271
6782
1225
9072
6471
9162
5185
6249
7087
7859
1427
1495
6867
1283
885
1174
6930
8981
1354
4391
8050
4374
4973
5520
8444
2001
4336
9256
6302
8691
9813
5068
1712
8814
6119
4357
2792
1668
5600
9217
2995
7275
273
7226
9510
2255
846
8601
7727
7129
732
5923
9398
2607
504
9239
4824
6250
7836
9373
5049
4932
829
2678
7196
4155
9239
6412
3559
2423
2816
422
4028
2408
4956
4551
3365
3672
1697
7412
61
801
7692
9742
5534
5052
8395
5594
4406
6957
3299
8588
3536
4858
1309
1494
4477
7587
3675
2523
8243
4196
440
4442
8605
4674
4053
3270
908
6718
3666
6640
7422
1862
2426
3977
6070
4999
1017
8559
2812
9989
5185
2799
8945
7232
2320
8266
9963
1675
1138
3121
2895
2516
8506
6302
699
6185
95
6538
2649
7523
5756
284
4811
8706
5529
34
8258
8178
2390
7494
8956
347
4423
4616
8699
3247
3603
3854
6804
8483
2673
3847
4059
1658
870
4955
4965
753
8525
2870
3151
504
3753
3488
529
7305
271
1493
8382
6023
5715
3751
3380
2864
2070
262
9402
9074
2675
4260
5396
682
8160
4151
1738
9567
1147
3235
9279
7657
9681
8135
7588
9789
8248
3323
5349
6230
395
39
7284
4060
4003
9933
5468
1341
3206
2629
7284
2713
4928
4456
6395
9632
3432
2281
4826
6768
7519
4489
1828
4208
8251
7755
3887
6425
429
8536
9856
8042
1677
2312
9316
2549
1569
7276
8766
7338
8733
2832
7725
8524
2884
4787
2818
3948
6188
2633
2422
7875
5024
4079
6663
7320
3110
9394
1173
9410
6868
659
682
980
100
4803
5433
675
9194
923
7782
9509
9494
1586
1028
5556
7530
4908
5148
7129
7944
8406
7622
5513
1946
2318
160
9725
8301
5341
4866
924
6764
6252
1798
675
5858
5504
4954
2993
8519
9141
7125
9987
6716
3319
2532
8254
884
5561
8701
9899
9522
6629
6110
8422
7941
2778
2194
2021
4964
7470
5997
3315
5590
6836
3144
2176
7160
427
972
9417
3830
6205
2123
4984
9512
620
551
3091
9574
4213
7656
4223
8337
6396
4630
1965
6773
4697
4043
8279
1751
1912
2936
6032
3274
6216
5819
6244
6180
5291
6510
3796
1990
7119
703
2952
2393
9826
3909
7598
1802
613
5595
8348
4534
8400
2677
2827
778
1264
5256
9652
8270
5775
497
4877
3543
9735
2576
8540
3732
2103
9074
3374
8206
2851
6257
1704
2485
6465
9952
4744
5818
9388
1633
1442
3614
9259
3506
2952
4679
8826
6103
963
6022
4093
4629
137
4633
4098
7489
6256
9265
6132
1215
4743
2585
4235
3850
8918
3023
735
7928
3442
7549
462
8304
3426
7401
9288
3670
8742
6403
7814
8548
3200
9687
408
6060
9119
9572
8027
8259
293
2737
2027
1048
3863
3020
1135
6386
7864
3457
756
2326
8589
3467
9104
2450
3401
9409
8679
9210
2091
7231
337
4894
6915
9079
7570
7944
8649
1005
9328
6680
9061
1811
1351
6720
4641
979
5030
407
2854
1583
5878
1591
9895
8365
9636
447
5858
2218
7686
4061
9341
5281
9497
9633
4128
8290
6936
9305
3545
327
5381
3319
5744
4097
1899
6579
7915
4176
1021
5004
4136
9129
6661
7804
7572
6806
5597
7525
8138
9760
6301
7255
2078
5170
6461
2197
604
3398
3019
891
7139
7127
4776
4546
7173
8897
4777
9611
2681
3159
9098
928
8289
444
5490
6555
9985
3705
5644
6678
7767
4274
7873
180
6343
8338
6573
3923
9313
7886
9709
6319
7802
2440
6630
8521
7755
1396
9525
4262
7191
2705
1660
5411
1227
5136
1715
4045
832
2769
3845
3232
9461
9746
9112
7394
7930
6460
4317
9094
5789
1368
8787
9313
8558
4941
2048
6184
3935
3183
4402
5352
1245
1857
7630
5600
6681
3324
6914
9622
7696
8814
4112
2695
6246
5788
2960
157
7124
1778
2567
186
6804
3929
3672
7808
8475
9326
9602
634
1119
5743
2628
5716
6250
7710
1826
5625
480
9003
4176
9809
5966
1110
7439
6911
5999
5393
4683
2927
1654
3689
8028
5087
948
3216
6028
6226
8234
2956
4038
5247
6882
6092
62
6505
1728
496
8247
2264
7136
3431
1684
919
2539
6919
1711
4011
535
3648
8750
7908
1699
1243
7871
7483
6706
4537
217
7292
9541
1497
5242
1198
9810
3226
4652
2149
5927
6575
1797
4756
2225
3470
1391
4159
647
3925
9054
8242
7506
9247
1009
7255
7851
9742
8306
9192
6683
5296
9009
2016
1895
6510
7354
3719
7287
8872
3648
8219
4964
8577
5503
7457
3911
2535
9349
3592
301
3422
4183
6757
2711
3849
1147
7540
9043
4830
8532
6730
9824
5036
9802
221
6361
2048
739
6746
5167
9560
441
6611
3982
3943
9832
8723
6088
8656
108
4992
1430
7126
280
9963
9445
5256
9378
3483
6025
9672
3529
1939
5607
7216
5784
8233
372
3181
2499
5737
5393
8249
4986
3570
5760
5348
1759
6311
8515
401
6938
7540
3656
1544
6381
6736
3003
6859
4483
9696
120
3804
2727
8416
5666
1855
9669
1868
605
4612
2019
6788
2337
5176
8596
342
4010
7973
1676
1663
8055
4083
7723
8529
9327
3916
9712
5282
8505
3555
8170
2266
2223
1906
6440
7262
2131
3574
8219
8081
6325
5411
8654
5504
7581
1945
6503
7180
7779
2306
1646
2799
7996
6240
2493
1976
540
9906
6343
8354
9182
1268
9205
4099
9732
1650
5589
6536
2385
2099
3004
413
2948
4894
837
6909
6089
655
1110
3148
8968
8031
990
7683
4728
7397
9716
5484
5737
3377
1491
4638
8485
2454
4933
8527
5299
2485
4943
6869
9967
9223
6115
6761
8163
6721
9921
7717
1320
3037
7249
4516
5699
7649
3725
930
7829
5270
6397
7864
7136
3714
6117
804
7917
3612
4667
7764
350
1407
7562
786
3482
5582
615
5122
7200
7312
2799
5456
9641
1024
4420
548
2467
3815
9655
9907
8518
1926
2188
9746
7732
506
7853
4985
8179
865
4134
8525
2520
7577
2760
5016
9553
217
6942
659
9641
3537
7727
6785
4202
1514
7334
9462
7221
1672
1000
2116
1003
6702
9380
3367
5459
9448
9798
9358
6544
2307
4443
2007
5259
2852
8936
4433
5380
5193
5633
4392
5883
9422
7844
2679
2838
1482
4019
4943
4662
7000
7411
1435
9035
2518
4837
5348
2691
3501
5802
1525
710
7908
2119
6278
8695
4832
9430
7897
5834
6190
2339
66
5649
9028
8925
6462
3354
6270
8502
8082
4942
6751
4949
327
8533
3761
4629
7067
296
522
8814
2862
5208
1941
6243
9865
9499
4297
3739
2060
165
4459
1236
1052
5149
9351
8549
5048
7021
1910
5793
3544
8012
9583
6612
8332
9067
5988
7455
2774
2796
6167
9441
7263
4804
7713
5656
4082
1000
5103
8090
1820
651
7352
227
8082
8361
478
7927
3022
3683
613
9361
145
226
1946
3660
6004
9334
9296
1842
7374
2832
9594
9166
7396
8352
4828
8517
219
5398
6381
3478
3988
283
2376
1384
2783
646
1009
7733
6766
4005
7633
2997
5085
7129
8403
578
1398
5169
2993
1037
9882
7798
4925
1103
5543
6495
6655
5595
4978
6806
9846
2026
9705
5563
7657
510
3620
4893
9163
4007
9350
2823
3462
3078
3679
9541
5359
9821
1498
3114
2351
3290
1791
6803
3433
3840
2464
5054
840
7497
6518
3217
5172
7083
1133
997
4929
2508
8719
2153
3894
148
8042
3314
3140
5735
2724
6901
6928
7552
443
1281
8761
6137
4265
6127
8330
1814
6152
3853
525
3545
6156
2967
6802
1150
1641
2368
1007
7978
4770
1074
6935
553
6828
2260
5655
3906
9382
4384
1617
9649
8945
6282
1972
3416
8690
2916
7105
4510
4378
5480
1842
1425
6438
6972
7253
7020
8132
5369
717
9782
1730
1812
2773
363
7897
4042
4136
8216
5780
6809
2665
7194
6340
8520
6276
8445
9697
7374
8041
7460
6047
3649
5724
5817
3284
1276
5013
932
7424
1455
3630
899
1014
4072
8472
6835
2300
6238
5607
413
3873
4721
8188
5340
2247
4058
5073
4610
5792
7366
5376
3152
3240
6761
225
5217
5069
4291
9434
3183
1594
1179
8511
8523
4738
2723
6182
6836
7982
2374
8390
5863
7098
3012
4986
7980
9773
2756
952
6356
1382
4188
9636
551
6762
8463
2984
2982
3627
4867
4468
1755
9485
6286
2656
4196
2126
2283
8649
1212
9161
2093
2734
4386
1727
218
1568
1622
2075
5083
4713
9174
9569
5474
9283
6125
5024
246
2551
8657
109
8782
6729
1894
1921
5110
512
1259
124
60
8991
9512
9336
1070
8578
8609
833
1862
8079
1322
7233
6775
7771
494
6354
5048
7533
7164
9594
5217
2013
1443
4335
3397
7163
3379
3066
9884
7708
4086
8016
8166
837
8943
8293
3107
3901
6941
3196
5552
8555
76
1800
3240
2981
644
841
7824
7821
8163
9854
3409
4637
5518
7427
9667
3354
8495
7094
8379
8606
9406
502
6778
8532
4175
4335
8286
7588
3550
96
8036
6397
1851
2653
9154
7266
8908
9519
4801
3439
5843
1716
5661
2837
8020
7932
8138
4368
8766
4671
1178
265
8886
2094
2092
8226
4606
1516
149
3405
1382
3358
4517
6404
8568
8543
6223
5833
212
5477
3115
7896
4072
9629
5811
1811
3619
4390
3873
992
7649
4223
7467
2085
4810
501
2361
9022
9254
3741
4178
3740
7443
1292
5179
3149
8652
7358
8798
6608
4234
1684
8786
6803
4252
2145
3617
4914
6494
5068
9542
3234
5662
5130
4368
2879
4440
5062
3884
8174
8606
6984
63
6031
6932
4301
9798
1218
4778
6735
1314
9931
2005
2368
9833
7877
7191
761
7563
5296
7334
7292
1702
3748
8300
7275
6871
4698
4295
1500
4570
2675
8317
7853
2097
43
2243
2051
8489
5464
4766
403
4098
6381
1253
7961
7839
894
2026
7582
1001
9264
2983
5545
8882
6421
1714
7262
9229
9332
8883
5405
4793
9064
897
1856
9680
1495
5556
8230
8944
7301
3259
4700
5244
9853
5555
2826
8311
9930
9792
1009
7147
4841
7941
728
6044
6131
1097
6254
5372
3156
9907
4696
3731
5975
319
8023
9648
3882
9471
3189
7734
1
1294
327
2437
4039
8008
1855
556
6134
2969
7077
3194
6284
2766
281
7677
6848
6342
7634
1274
4645
4112
1314
4585
9113
8278
3222
8676
8802
8062
2024
8602
6865
7666
9514
263
2558
3446
5110
3704
3282
9164
5663
4342
7473
80
4225
7263
5637
1484
5219
5339
235
2678
2967
533
8424
8135
1759
2274
231
3879
2687
7471
8909
7183
8937
8051
3567
4672
777
1736
1207
779
241
2194
7593
6963
6793
8551
9188
321
273
4924
6021
9758
6713
2721
5605
491
6816
7528
7302
5888
1637
4956
3328
700
3875
5294
6964
4577
7784
8324
8922
5642
935
2005
1432
8646
9248
29
5752
4250
1173
2446
1976
7321
9987
4257
119
6453
5033
1926
7376
3356
3185
4011
8309
9387
5444
748
6055
188
4598
3856
9778
2042
1629
8024
4642
8567
6702
5952
9074
526
6048
799
486
5449
7143
977
6074
9888
324
6424
4434
6989
614
9826
6553
5541
7004
5956
4470
7851
6102
671
8414
7898
6184
1875
5202
3969
2956
5829
6676
574
6546
6269
2090
4710
9201
8212
2350
1083
3432
7772
2512
1294
3594
6432
6129
7105
5206
4548
8566
3517
7212
6820
8724
5910
6069
7425
4008
9402
2007
7295
3805
4548
7176
8099
6618
321
3916
5927
2000
1991
8132
341
7063
7335
1614
2403
9040
4497
7560
4935
900
2566
7177
5386
9384
4930
5502
1888
5912
2647
9657
6928
9123
2281
7864
3967
9947
7864
2660
7176
9650
7637
8418
6173
5087
5141
5796
3262
7129
9061
7313
877
6013
6326
3782
4966
5134
3139
2259
1309
4639
5878
7049
1306
257
5156
5816
7935
6150
9734
3450
2358
7106
7532
3348
826
6855
9677
3053
2980
6695
155
83
2789
7809
4975
8230
6238
5625
2137
6491
4363
742
4019
621
6499
570
2854
1614
82
3687
9962
5534
2030
8022
1648
4525
5333
2680
8542
5462
5352
9443
8540
968
1158
1888
1860
3100
7599
4763
8141
8881
2653
9764
5155
8747
2049
7388
8867
2523
8086
8575
846
7469
4447
2361
3809
2253
1875
7659
4827
916
6547
1065
6392
3941
699
5234
9470
971
3712
8131
7775
1056
1444
2940
3390
560
7048
1944
388
6869
7846
6339
6383
2575
1158
2519
8022
1153
6076
905
2766
9548
8610
8815
3542
5940
5540
3022
1578
4548
5219
2486
397
5830
9502
8601
9597
9349
4388
3936
6454
2471
7118
6703
9596
3637
478
9807
7513
7116
4083
7998
2224
6696
4658
9318
6662
3744
984
9032
2270
1137
8776
4407
8244
1306
1476
2451
5613
7659
1339
4156
6733
3533
2941
6051
8244
8162
4293
1521
7213
4231
5704
76
6478
2649
2919
9598
4194
2398
3626
2686
7991
4415
2422
8370
9385
7952
2575
5894
8989
4294
7221
3798
721
4703
1516
5226
746
7620
6392
9940
3707
944
1314
6081
6753
4749
4565
2018
6295
4329
4889
6009
3890
4750
2849
294
3237
6388
1010
7465
6443
6684
2677
1338
2824
1002
848
3004
498
8815
8380
5101
3882
3551
7981
6973
9542
5791
1981
9278
6860
4754
1903
7727
2596
1558
2257
5764
6789
4975
6963
738
1028
4170
6575
5020
463
2814
1102
5984
913
8183
4461
1579
6288
9993
7220
6755
6436
4181
296
5982
6321
3540
2813
465
5212
534
6029
69
5497
7601
8803
2670
3249
297
3976
6077
1780
6696
6141
7262
9925
9283
8542
1684
186
7306
6198
1229
3581
6740
8290
6021
2346
1776
514
1384
1076
5013
5749
1320
3293
8126
3695
2670
7494
6538
9624
7053
1629
1315
6451
3659
5722
8467
6550
8453
8827
5649
55
8889
5794
1173
2571
6010
4984
3273
2886
3279
7070
6952
7851
7479
5173
9180
2847
3685
7152
1372
5665
5029
6604
9694
4308
3323
8267
3754
8397
9284
8906
4965
7117
2633
8151
8010
9021
6649
1299
4390
4642
5448
5199
7292
9131
5962
7332
7693
7992
8690
7124
5514
157
4202
3654
5531
8770
6572
2059
3453
3075
9871
2
8234
9468
1031
5406
7484
5935
3286
2857
9359
5155
2921
2874
3850
4221
8727
1949
1041
9343
4012
1366
4606
8202
5450
1420
6381
1828
8751
6769
4831
6569
2451
2272
1016
79
393
9441
9536
8112
3902
7959
3926
8914
2804
5646
692
7830
2036
5855
9923
6365
7483
4654
1217
228
5252
4070
7178
3361
511
6510
8864
8646
8090
1555
6006
5279
6921
2907
4077
5791
5229
9392
251
6204
5319
8477
5019
1047
6947
5442
4021
6851
264
2546
2216
9700
7924
2618
1202
1945
7433
4843
7113
3050
9553
4805
5471
3316
7562
3055
7479
1374
9950
2679
5455
4826
8795
4695
5046
2401
1894
3860
7465
3571
2486
9232
4890
4833
6129
9804
295
9778
322
9484
9429
9151
2946
4520
8181
3987
8277
5416
407
9988
9445
917
1358
7298
8836
5590
4302
4059
8071
2877
2917
7634
1992
1500
8994
6063
8949
2972
8859
2383
6346
2250
6960
4920
2603
844
1568
9112
7927
844
6613
4609
2868
2217
9994
2264
4048
5096
3254
8553
5842
9114
3892
7846
7973
4258
2811
2765
7154
5753
9195
9761
5600
9703
3317
1356
2099
3226
1547
6746
9506
7657
2002
1910
7529
1638
854
8210
1759
6118
5788
7469
9772
5522
7766
9943
9287
3750
5639
8900
6031
415
2196
3989
1180
8545
5285
5077
1662
5019
729
7233
8063
816
4158
7933
4603
7803
3889
2977
5555
9873
2987
722
6771
4567
8103
1820
9756
8666
3789
8411
6489
6359
6785
5017
3584
9615
113
7108
6456
221
5869
7755
1794
3601
4221
7086
5055
7183
5318
8243
6480
3192
202
8252
7609
8738
9759
7559
8152
9445
9848
8542
9479
4017
9920
1903
234
804
8108
334
8613
8979
7388
2962
1342
6839
1889
7850
9319
7806
220
2892
8703
4086
1416
7623
2052
5443
9638
1699
2565
5476
5445
5491
9771
5988
130
9100
4050
4916
797
7400
9120
8408
8128
5104
2846
625
3782
1251
3013
9562
7400
347
6202
5794
4811
6109
8436
7627
5979
5460
2557
3142
447
2743
5131
7736
4209
246
6078
4356
8560
3031
4461
4249
6833
2906
1279
2512
2338
3945
2669
6585
566
6371
233
8580
2971
1870
546
5617
2282
4228
4695
699
7753
8058
2766
2380
1143
1253
4579
9682
8088
2620
7364
4683
298
5206
2273
5109
152
914
3334
6743
5929
8179
4658
1087
2192
9607
7338
3118
3440
6486
4276
9246
851
3654
3261
1930
7642
1416
7080
1312
8227
4667
719
4992
815
6990
9501
7985
1693
2261
9338
4786
2454
1410
8390
5705
8024
9488
4214
9163
7013
5082
2521
6347
116
1363
1787
2556
1370
3814
6249
5100
2474
3731
5025
6518
9626
9189
8964
7395
6281
5372
7953
8922
6452
7850
4107
1414
7256
9026
1828
7906
7786
2543
9974
4675
2401
9406
1027
4223
4250
7396
5109
1579
3612
5139
2246
6407
4096
8721
8312
4055
9959
7522
1531
1072
9822
512
9845
8039
8274
2409
6995
686
1140
8202
8018
3304
7274
4149
2400
6496
8720
2103
9688
1717
4921
4894
4197
9562
3538
6534
2006
3422
5531
3323
1964
3126
1636
7364
598
8998
7310
6458
7994
7508
2866
7816
2347
1935
8625
5041
8497
5492
6168
350
508
7932
7769
8745
1018
378
2947
9559
1015
345
5155
2056
6795
5871
8606
7684
3803
3879
7801
1942
4041
2912
967
3396
2482
6697
4011
6638
3801
2825
4622
1045
2064
5797
532
2785
0
8186
1211
2255
7264
8887
8456
7250
5047
3938
9426
5979
4335
8992
9880
7853
3909
9648
7566
268
3243
6798
4611
6462
3468
3605
3892
1549
2681
5744
2809
4220
5000
7816
6145
8388
2115
2277
7426
4564
7807
9151
4316
9601
216
2519
9244
8381
306
986
1219
6460
9592
9566
3437
2033
5136
3780
4709
9002
6587
4454
2053
6335
9385
8038
4010
6583
2764
9599
8936
9249
3843
992
7916
775
7825
8128
6722
7592
4978
1354
8833
4049
344
6362
5224
575
5627
1270
6891
7510
6366
5673
4411
2035
7965
5109
3760
6676
8435
2135
8781
7746
9411
3880
1584
1807
2594
2113
7734
7878
1655
9262
8494
4415
6758
6370
9319
7383
678
115
440
451
800
2292
4316
5
5631
46
9449
7685
2398
5344
171
6202
7333
9979
620
5726
3360
646
857
2393
4474
2811
8225
7043
1084
682
6855
3706
4817
4245
9899
9717
7253
2605
1450
6292
8652
416
7368
8742
8523
1576
6921
9447
2352
7250
9874
1176
686
3654
4195
233
2661
7975
5657
7996
9477
1678
1992
3792
8518
20
2155
3762
6869
2580
8541
6402
4260
3766
2917
5812
8926
4192
4764
64
2088
6180
553
3812
8787
398
1371
4016
184
4740
7304
4077
5367
7940
3771
5695
1247
9971
655
5216
1131
9133
2879
6495
8712
6660
124
4542
4560
5063
3678
1576
7943
8603
3313
317
5660
2228
1647
3897
7424
8166
3490
7680
9296
9728
7803
4907
3372
66
3074
8340
5413
8355
7568
3515
6743
4262
335
6804
6896
325
8346
3323
1610
1524
5224
6880
7884
4907
6495
5548
5730
1970
1307
6829
1865
2638
4894
2268
6632
4998
2237
8707
2387
547
241
5490
577
2870
4103
2303
4138
4
3306
3119
2595
8281
4026
1829
5158
6020
6638
4571
9241
1802
7963
641
7890
6000
1081
8
4476
4923
8394
7951
7090
3887
6200
4952
7722
3077
5936
1778
3269
8057
7290
585
3951
3652
5741
6957
4821
5101
9201
2805
5925
3184
4257
9415
3104
2631
3033
3593
9944
2818
5264
5519
8188
170
6922
6761
4608
8458
2745
524
3471
9394
6455
4028
3267
6339
9593
8250
9774
448
7426
480
4302
7496
4768
3888
1057
724
1193
4360
9184
674
6915
3896
1967
8653
4068
1135
2154
6984
968
6679
4297
3116
1028
4826
5521
3772
4691
3747
8488
4398
4232
8752
6220
31
6590
9600
6224
4944
2450
4281
4093
5251
7351
1331
8281
2490
4617
6340
9846
3775
9491
9821
9455
4330
4513
106
1210
5355
5601
269
9975
9544
3022
5938
3731
5590
8454
7278
7832
5990
8472
5190
1663
3740
422
2294
315
9600
7838
3999
5418
260
3331
1177
8518
9531
7903
9259
1077
5438
9695
1478
1939
6573
9738
2029
6766
6085
2636
9916
8864
7271
4141
2226
1386
6327
7683
5927
5211
7707
8631
9812
1451
3091
5770
5713
2087
9529
9617
7677
8208
9930
7046
5873
2298
881
4256
6916
9660
7326
3007
5858
6298
2143
2079
1241
4103
3407
6602
3308
1183
5907
5372
2142
9670
1049
2838
9006
1772
6968
4612
5391
1482
5850
1588
9279
158
892
8274
2153
9488
414
9037
1246
5453
6165
5774
9900
4166
6036
3023
2135
4408
3558
6716
6597
2737
4861
8840
9676
7819
6128
6121
5029
9530
3964
97
4617
218
2994
9950
2231
8566
9141
3861
9988
2967
5680
8790
5869
960
9956
7649
7632
3993
2039
3983
6316
7902
5515
4805
4492
6804
1575
2840
9923
8165
9098
2425
8822
7128
6592
6055
4096
9774
4168
5113
8410
718
4072
8835
828
7398
8679
8893
7207
4125
9078
5669
2497
8159
3415
3733
1143
7526
3251
9809
533
6217
6201
1129
9140
7472
1100
7185
6738
9211
6298
7185
4253
4136
2765
6406
3158
6210
6404
8710
6002
1063
4883
4876
7453
3178
757
8762
8424
6418
7263
4748
434
89
3508
6035
4978
162
4564
9996
2697
2754
7599
5231
9285
449
5150
5627
4320
2688
5319
6891
8873
4221
6143
5202
3182
2978
2099
2391
4092
644
3680
162
1706
6729
950
9274
220
3900
8475
6679
6475
8859
7968
1104
9434
242
6840
4917
4452
2055
3750
5694
9069
8917
9684
5871
4031
2976
4487
9103
3796
2289
4190
1989
6734
6900
418
500
11
9897
2623
2514
1189
3694
4779
6291
6430
2116
2017
4605
6922
9063
9757
1910
2774
2149
1928
7420
2787
7024
7342
9569
345
2339
461
9281
9383
5285
8093
6248
5922
9046
1385
9103
1066
425
3240
7858
639
5910
6100
5948
521
8034
4010
9772
358
6352
1137
5046
1386
8144
332
5657
6140
8394
2914
8817
8935
5626
735
5814
2936
8023
1148
9347
4824
3993
2991
6648
5419
101
5021
1845
5855
8291
5445
9732
4554
7779
4406
3571
5022
421
4165
9094
4860
1616
9126
7603
7570
7970
5106
1272
613
371
6503
6001
3325
4229
8574
3735
8991
8273
5057
3137
4140
4203
4683
5974
2188
1278
3268
5839
5133
5940
6714
3046
1636
1134
3162
6637
8012
9358
9764
4000
8181
1232
9145
8827
8607
5527
2991
2301
2009
5019
8196
839
6502
127
8585
8726
2831
9675
2949
2225
3632
4463
9461
7895
3486
9778
3506
5713
6816
9778
8933
3778
6980
6572
6630
5310
8783
9610
5114
7266
1621
8314
1222
3954
6207
3122
2062
4807
1511
3250
3420
8315
5506
1870
9780
4641
1408
8290
2447
2
9395
4737
4548
2807
8897
1308
7511
5237
135
2192
6530
9767
3341
7080
6664
7407
9806
1072
4755
6639
7336
8046
933
8394
65
6545
5131
6220
5890
9324
4562
9253
1195
6761
2471
5457
5334
4504
5245
9905
4501
7473
6415
8372
6236
3140
7970
9286
7533
6477
164
8986
2443
6358
7668
5061
493
5099
9912
624
4091
451
4047
5110
8011
3520
7394
1367
6405
3556
2726
4123
4948
9204
1647
7242
9074
4113
1295
7636
7380
9340
5458
1503
9004
8146
7135
4602
7882
9181
569
8785
2008
4280
6423
7867
4556
7532
5645
9005
8512
3283
1922
2333
9888
5847
1805
5769
8230
9695
9922
6052
5748
6796
8500
2174
5491
8871
843
4824
4637
7410
1768
9567
5665
8670
1159
8181
2660
1927
2939
1520
6394
5586
8814
8028
8080
9687
1486
2507
8122
2552
62
1993
4956
6000
7627
9222
7828
5600
5972
7620
713
3126
2920
9458
7854
8805
7090
9819
5129
8867
4276
2541
384
7754
847
471
7389
71
8581
1647
6563
3089
9769
4405
9974
6434
6553
9665
4041
3759
5908
9195
2458
5173
6844
2034
8072
6685
7753
6835
1843
1932
2465
4260
233
1782
7593
1013
3868
3176
7219
8544
4750
9927
5584
383
7777
2299
7801
3179
3232
1096
8098
8243
52
2939
2450
6867
2765
3577
3678
1226
483
6926
1945
7566
1548
804
1776
1982
9341
4392
2484
3542
1646
1092
8618
2729
1179
4830
5493
6845
2284
9123
8444
7555
8046
8576
2726
5040
5088
6707
8273
5581
8938
2977
8077
5525
7717
4972
919
2013
381
331
3984
5916
349
886
5691
8641
595
5272
8752
8374
1643
2840
1437
7237
1913
2486
3586
9363
9158
7840
2829
3556
6585
2058
4897
1010
3376
6533
1425
5511
3128
7686
7520
9804
9928
8001
3102
5631
6561
8787
2373
154
3004
4768
1566
2448
9778
9646
6435
8025
1225
5084
7694
3247
5654
7217
1494
4505
7087
1182
1720
4901
1099
1737
6681
1824
828
1474
4919
3304
3345
5356
3372
3405
821
7282
8900
9570
8587
9206
2665
1937
8993
7087
2578
3647
3559
5561
9455
7139
1335
4944
5219
9092
3573
9021
8811
3845
4667
8860
1266
6559
9122
6856
551
5262
4711
6585
1192
3742
3871
3853
6058
8107
5230
4142
5684
837
6406
8867
5841
9149
143
8926
712
6311
6966
240
1459
9033
2346
5449
7445
2056
3526
129
1589
6470
9293
3955
4387
9575
6592
4580
8185
6712
4822
4324
896
5166
2367
3701
8217
7236
330
1164
9475
1064
463
9917
6883
7228
2884
8852
4644
5013
748
5655
4669
6742
6553
5493
3844
53
4626
5755
138
5262
8708
5473
3786
5010
7315
7069
9980
6851
398
8430
6637
1226
9372
4207
2294
8900
1073
7780
9890
2456
8419
7461
8713
3902
9327
148
2373
3882
5545
3426
921
3817
8118
1700
5177
1510
9264
2091
6166
3880
9892
7244
278
7171
664
7035
4467
7878
2181
3061
6014
9943
7817
295
7636
3863
1491
1547
4296
5266
9292
5068
90
9950
8322
9402
5619
8310
1379
6030
2688
2328
64
4878
6936
2105
4067
3310
6938
5827
7059
156
4533
12
7751
6373
7895
3295
8235
5460
4695
7877
582
5668
5475
6852
6374
6235
4239
7538
3792
5759
7666
3501
3985
7432
3783
701
7505
1556
1575
2884
1648
4000
9099
4087
5596
4154
2215
6309
415
6319
8904
7593
9097
505
1972
2762
6779
650
8018
6596
4009
3430
9849
4345
5825
9996
8774
4764
7022
8342
5881
6329
7444
5277
6570
6116
6707
411
8183
6489
6876
440
8276
1010
3601
4841
2264
374
5890
1741
7521
6948
9266
3813
2287
952
5400
6017
639
5622
7363
3168
9935
1734
2640
77
7618
3916
7288
9016
2462
7100
7700
6726
883
3220
9645
7647
9686
743
7918
8080
4121
3738
1661
3435
6268
9137
8709
6104
7345
3535
7559
9372
9076
7962
6370
3669
220
6911
9891
1448
2517
8245
9098
9830
3783
8786
8052
3815
3529
5071
7574
4257
6291
8465
5802
5549
8916
4936
9517
4463
8662
7509
5082
7077
5694
423
981
3908
24
2678
2886
892
6622
8016
8202
9786
9682
9813
4325
3578
1218
6752
4822
3752
36
1419
8161
7484
3152
4760
5396
5831
7687
8451
9743
2679
5703
8668
4235
3003
2589
7269
4629
1188
4494
19
7365
9347
9385
9376
6232
4090
9782
6045
4192
4765
8387
1916
525
9581
2380
4959
6333
5810
4886
7482
2431
6687
2546
9150
8527
3665
1429
4298
2693
436
2014
4388
3093
3562
7056
6221
4419
1368
4204
2918
7775
6626
304
8294
8304
9674
5961
8972
8879
9608
9027
7019
6814
3369
8520
1748
3142
9370
9494
6777
9378
9436
1329
1511
6652
2877
206
9566
6439
727
4526
8277
6961
4912
7047
470
8213
3904
8339
5962
7094
7345
4283
3913
8491
6657
7321
1456
2500
6928
9642
4553
8036
4814
2383
6572
4484
53
1972
1515
6474
8090
9292
9194
3170
3477
5871
3244
2376
5169
4771
2290
2148
1436
2142
1116
6026
1526
5993
6504
9038
7899
3791
1342
3084
2213
7740
9983
7198
6375
8131
5315
9481
2949
8315
1445
5172
6269
4861
7499
1803
5814
2798
7643
2943
8954
505
1907
6817
1634
746
6885
4669
9660
8967
2095
2922
5755
5671
4450
5725
4840
1147
7062
6359
105
7016
2867
167
2321
6667
1077
1047
4798
3994
1913
150
3997
2904
4809
1209
7191
5862
9826
4278
1150
6225
5223
7041
3406
9697
1020
6031
1619
6798
2173
6624
4092
4278
7774
7246
4765
3391
8033
4318
2765
4116
5143
8099
1844
663
9978
1360
8002
3304
413
8310
851
5439
1993
1870
5364
4816
2353
6822
770
3164
39
2685
2934
7188
4225
899
9365
8781
6580
7522
4255
5618
2406
589
6804
439
1539
6826
7309
4897
3391
8973
3691
3479
5011
9211
12
688
8627
7337
1970
7441
3464
3719
5092
3473
3974
5890
7567
7912
9570
8591
9911
1726
7569
9298
2934
8941
1397
7010
7083
5722
1149
1861
5442
5088
2809
9193
223
3657
2770
270
5733
7709
6279
4814
9425
812
7370
9509
2731
3093
6836
4814
2653
8136
5161
1936
520
3547
6399
2396
6759
3255
9194
6440
6535
6647
4029
1626
9323
8337
462
3202
9002
3095
987
1531
5737
3852
8292
9951
5140
3084
7993
7896
1761
2607
2133
9262
2280
1662
3238
2147
1347
7202
9392
898
7112
1554
6180
9210
6408
4852
2575
5675
9796
9404
7751
2328
4099
9185
1426
1557
5438
7982
746
259
6184
582
3545
6598
1144
5985
2525
7842
825
1354
711
3244
6177
9570
7106
1824
5469
3052
5050
6353
649
1561
2917
9073
4761
8510
5336
4032
3669
3222
6010
5380
8923
3961
9731
9516
1934
8525
5862
466
9475
1442
9293
9931
4645
5133
5761
3147
3884
6573
686
6896
607
1001
1458
2245
1586
5030
548
2265
5172
2420
7958
1995
7464
3825
6313
4465
4623
3677
7335
8717
3860
5529
1309
2276
9316
7025
4695
8385
7388
183
7806
4855
3358
4067
8459
6307
813
685
5499
5878
9994
8763
7776
3401
552
5223
7277
7311
2570
3721
2249
2743
7045
2496
5113
2013
761
8027
8105
3812
6484
8562
5083
110
1823
9586
7690
857
2273
7126
5933
6214
5983
2642
6022
4284
9988
6985
386
9470
751
1292
6543
9178
4644
4118
2525
8846
1611
8594
1092
9495
7748
9956
6392
6150
5209
4287
1292
1942
8595
702
5319
463
2741
9417
8119
584
3471
2031
9330
818
6303
9538
357
5787
6041
2092
4674
5550
2947
7343
9230
5947
5002
7017
4426
2246
8803
4237
1310
4909
9450
4322
3455
7396
4588
6021
2195
6859
9845
3191
6635
8162
153
2906
6445
1156
5323
231
6946
4549
1097
9231
1435
6098
4874
8343
171
7290
4694
2532
763
1668
4868
5449
1366
8162
6965
9842
5295
4043
658
7450
4886
2593
943
8272
9580
8655
7409
8945
91
7311
6245
4799
1044
2205
2724
7200
7951
3523
4666
7764
4462
6313
6250
8874
4878
2352
7108
627
2460
5780
963
2030
8704
8644
3722
5129
3468
2874
7556
3885
7269
2056
6158
6012
9131
2836
6126
1457
3200
9771
6695
309
373
3588
1138
9277
8229
9124
2404
6243
8919
6720
1164
4644
1379
8737
2015
5041
9148
2402
295
8952
6752
1105
6456
6851
8694
1121
1891
699
1042
908
7272
5158
4979
4120
6749
4915
2616
9434
9838
9377
9892
9911
8123
8765
2752
4115
5651
6474
7246
4576
2762
5567
4727
7115
8660
2650
9981
414
7459
5627
1826
4223
7325
9478
8685
4076
2025
9506
2690
9578
496
1761
349
2484
2550
2560
7012
2642
9395
482
3793
3925
8539
547
6423
3657
2131
2024
3042
210
4270
5149
1171
1953
7150
8218
8306
4765
6860
2589
659
85
5693
903
787
6745
2493
6500
3896
8921
8911
6520
6220
5739
633
7571
4188
7305
5363
5462
7733
4161
3916
5751
4280
9203
8602
8687
8595
324
3504
3382
6168
2248
3932
5956
1399
592
2105
7808
2388
3860
8539
1198
4522
1248
715
6763
700
2509
9079
752
387
6824
502
9637
597
7464
8948
7943
5611
8511
6740
4143
6455
7865
3170
7652
6985
9154
7516
7761
9918
7641
655
6079
3083
1590
171
8357
5465
9563
2359
1839
6911
8775
6817
4583
9571
1425
4585
3312
8534
5921
4145
5444
8612
2435
6046
9973
270
2087
9568
2722
968
5812
3158
1659
333
4988
4246
7145
141
596
7391
7741
2562
8366
4617
4705
6762
7709
6981
1541
7581
2065
379
3601
1048
4712
7771
7540
6466
3599
9983
9043
2167
8768
7982
1898
8001
4788
6910
3096
8699
1827
2020
668
2324
2926
1881
289
3135
2679
3173
21
5112
522
471
8944
9141
1826
7483
994
5230
6629
5974
6446
482
2282
5146
3356
4520
9693
7819
1674
9597
7015
4074
9437
618
7610
2596
5371
4198
1134
3800
9283
166
7385
9300
8901
5411
9174
8085
9688
3297
1845
1968
6853
8466
6667
8314
3368
6444
7473
502
7236
8038
4514
1900
1600
31
9530
8781
197
9166
8769
9864
175
7782
956
2666
7682
9648
2200
1641
6606
3991
4439
4506
3788
1521
7497
8565
9578
855
4011
6300
3973
1813
9241
4034
6105
963
6865
9769
5608
5211
7685
8624
1793
2827
7193
9284
3943
884
2947
7994
26
3763
7361
1105
6209
2727
9211
693
9100
8443
8999
5886
9421
5160
1372
4055
7844
3967
1158
3738
8642
1240
2480
2441
7265
9106
7453
723
6120
3073
7425
5792
7966
8182
746
702
3930
4994
1834
359
7447
7007
3311
6011
7610
368
2595
5087
6413
9835
9349
8077
8480
2009
5160
1448
3456
1404
2475
6430
9927
8373
1997
7224
9908
3946
6763
9648
638
2319
6868
8528
1264
5121
350
8005
4271
8481
7007
7897
3063
2953
4762
9353
5178
185
3297
8166
1107
715
7128
4107
934
5706
8980
2072
1791
857
3778
3529
3240
4168
7941
6194
6145
448
659
9940
3263
2491
6915
3398
305
3403
4140
1094
5082
5579
6988
5931
6825
828
865
2012
1878
4839
7046
2253
7260
6645
5412
6046
3559
3721
3214
112
4527
837
7917
2689
7665
2226
4850
3984
8115
6025
6295
1666
3209
1820
2749
9777
4482
7023
2067
3944
2999
9922
6648
9390
9559
8091
6
2714
6862
1835
9891
4580
6573
2151
1301
7488
9476
5967
5243
4033
2795
5112
4667
3663
215
5447
950
4301
9988
8776
8117
5666
256
2786
2329
4989
4400
6578
727
6372
5907
3854
6890
8985
8534
5759
5042
6901
824
6930
2314
7658
4005
3905
2563
6033
5826
7709
180
1889
9710
7744
2529
1900
3401
4113
3243
2039
1892
445
7667
6934
230
6318
1117
8232
4045
119
3856
5706
2203
5898
4448
2446
4465
2905
1799
9804
7365
6685
5668
524
690
3931
5696
7368
362
8036
534
3972
9972
9681
6421
8272
2543
1266
8743
5248
7132
3037
3413
3587
5882
879
3216
3628
9412
5629
3458
9718
8405
7363
2039
2520
7664
1889
8988
6319
9884
9371
9772
2399
6948
9017
6477
2443
6699
4674
2255
6897
5570
1231
3003
921
7937
6577
5204
7395
9216
2621
7869
4718
3600
8372
9039
178
3979
919
1445
5586
4746
7930
1843
7508
5984
2264
5599
4773
3270
8759
5074
9879
6381
3180
7490
4793
4426
4569
8483
5149
4429
3467
6704
5408
3645
2439
5280
3961
7216
7898
9803
314
6312
3387
451
8761
4018
7706
3518
3640
6692
2657
3042
8440
9664
4530
383
6521
880
6451
7655
1645
2392
5998
5308
1396
8493
6143
2350
746
798
5695
7977
1123
4982
395
6508
7245
4200
1602
1033
1106
6359
5376
818
507
8749
3102
3026
4147
2274
2943
9359
6734
470
8756
7206
6165
7041
1822
7448
9843
8218
536
373
5531
5662
6842
731
8821
624
1635
580
7738
865
8716
4625
5616
7595
9631
6496
1700
2117
8126
7939
7259
2988
3287
3540
758
3482
8776
3740
5439
3256
8119
974
2899
3288
1353
8348
3683
1879
5890
6387
2468
1941
6138
1503
8109
9832
9698
695
1842
6721
1143
7319
5204
3718
6543
2581
6573
5382
1874
6118
465
1733
4461
6846
7867
1866
6009
9950
8287
2661
2287
2427
2453
546
1584
3824
4785
2903
3968
3475
1618
2322
2536
7805
9172
2067
2042
6830
3803
7919
6288
7289
4794
8750
4954
6267
4672
3501
7245
9695
2623
7376
3536
9955
63
9990
6913
6143
1987
3335
1781
5402
8412
6292
699
158
3694
72
5369
1722
6904
3516
7047
7684
2227
2220
6089
4499
9938
1504
2028
6488
8840
7043
7806
8094
9878
2781
5060
1490
5062
275
400
8778
605
3307
3982
3517
7614
4175
2105
5137
2537
4470
8890
2019
6029
7622
7980
4698
1109
1915
566
8853
7806
5602
7571
1923
2812
7680
4950
9481
8837
2249
2351
5967
8931
9840
2407
2185
8239
3049
3774
4790
6631
473
930
9680
3765
6984
7455
8556
9673
108
2204
8029
8611
7370
1007
445
227
479
67
2305
2564
6929
3671
6166
1535
2026
2941
4675
883
5467
449
2748
9744
2793
1126
4931
5434
5405
9879
7899
8961
7463
8429
9503
1822
7067
4158
5728
6273
6570
9276
927
6940
2544
3413
5217
2320
5520
5397
7948
998
5287
314
5735
972
1771
7646
1944
6163
9146
7281
3866
3574
1479
2166
1187
9857
6298
2556
9841
6485
2993
1301
765
7696
706
395
7526
6146
826
2972
2331
3813
2251
5365
8341
716
7308
3205
9725
3773
764
6304
779
770
8092
9981
3701
2700
7805
7787
2958
6732
7586
4118
4420
1272
8804
5375
5205
7
2763
6058
3719
1293
9386
5088
4659
4112
6330
1036
8138
3555
6304
7714
6516
9267
6369
1119
2053
223
8323
7178
7669
8951
5479
2168
8610
1777
9577
3136
3053
459
4327
9060
2272
4511
3062
6843
9665
5388
4834
1183
129
4206
5375
4135
8091
3157
5407
4167
7326
5608
2879
8999
4987
5653
2170
4834
8170
66
802
3154
1774
7614
6783
7381
4666
7535
2802
4223
7960
7623
3239
1088
4553
2038
5873
4100
5877
3228
9424
52
7113
2792
4524
1807
9202
690
3941
7474
4762
4597
8441
4353
6529
2725
3637
2658
6579
7281
6926
9972
4396
6114
5239
6999
7814
8997
1073
1171
2466
4990
6581
6854
705
2333
5008
371
9176
9816
3295
7382
6890
5469
2575
1116
560
7575
4518
3935
7643
2737
5803
9024
9913
9727
9457
7582
1906
4733
9794
7771
4927
7280
4981
9356
3015
8149
8229
4163
6344
1260
4872
5484
3543
5514
7846
4940
471
8054
4016
821
5054
1228
2556
8198
8765
601
1445
8367
195
6136
519
8852
5943
4892
8721
2568
1183
90
2536
8188
8137
234
2162
6624
737
2975
8218
4715
2349
3693
5678
8840
5983
7216
7155
5999
437
9753
3712
4147
9107
8333
3832
3437
4095
2372
6895
993
9340
6793
550
4862
6537
9808
11
6661
5912
731
9986
2124
5365
6646
5137
3113
727
9729
562
678
797
5213
4040
2776
5972
3667
1976
3825
1447
8099
9474
306
6625
211
3595
4485
9377
982
2091
4999
8344
2873
4348
412
8291
7714
2139
6365
2572
3324
219
2051
6951
9786
7070
4274
5357
3696
9901
5931
3451
2193
3546
7408
3348
4084
1580
6781
9454
7505
6270
1256
7970
995
6641
5634
1932
6552
7455
2045
2071
1422
790
1077
231
7624
7328
1329
1629
9197
2350
1951
378
524
5353
4993
6691
7757
6954
1590
6372
4169
9171
1622
1808
3644
4078
7588
7626
3102
3450
6020
5943
3687
3655
8457
8707
1489
9209
3006
6274
1601
3002
5234
510
2993
6366
9239
9865
6611
3562
1632
8289
8758
216
9346
1403
1762
7541
6394
1666
2697
4268
6020
7728
1533
1651
7808
5712
409
6308
372
6188
9256
4340
9082
3280
4317
5727
5675
7634
3075
6973
7612
3238
7976
6949
168
2089
6279
5542
2425
529
2399
3859
4363
5724
4063
6739
8949
7346
124
9789
8487
2548
9384
660
8751
5804
3248
6144
6602
4729
7930
4966
1702
905
7607
3523
2384
1702
3776
5932
6643
4630
4672
9449
5310
6346
1000
9826
6777
7092
6571
5605
9803
2168
3771
777
9033
1398
4303
924
9335
4366
6948
3156
8623
1850
5574
4697
4012
6368
7968
3997
1115
5040
1789
6519
1978
9520
5040
8195
809
2008
9511
7592
8114
6349
661
7488
6051
7303
5845
3929
1260
4907
2562
7101
1958
3497
7646
8247
8770
7314
6676
7737
1508
7628
4399
807
8957
6839
5434
2486
7666
7082
5513
8323
1814
9546
963
471
5143
5479
6424
2776
9885
795
4535
9564
692
6232
9214
4481
5982
9504
878
6952
2944
7033
2925
230
2395
9153
932
8633
8982
8033
9504
6932
2459
2360
1158
7510
6686
2031
3294
6537
284
3796
4097
9495
1509
5702
8129
9916
5122
229
7717
6327
1499
1207
4204
691
5214
5854
2936
5688
644
2250
2517
7850
9986
3842
5777
3348
9035
3938
8124
5092
9611
1099
4976
7251
8667
6291
9935
7056
50
5336
298
7582
634
3700
6192
6017
3534
5173
1190
1756
9561
1852
2237
3348
7463
8643
2904
4259
466
4941
2788
4580
7432
55
9989
4130
1250
5554
4682
3581
7378
9593
2493
2471
9616
8613
1601
1225
6074
2496
5434
9481
8680
7554
7591
2755
7755
6120
9248
7593
3484
9792
4429
2908
1041
4524
9284
2380
1111
1912
864
1303
6615
2604
2129
9062
4207
5377
3831
9410
2162
3882
4336
2836
4690
1484
1974
796
7065
6880
1928
7053
4990
1336
3786
7691
9181
4700
5707
7944
7691
1716
950
4541
6023
8346
4444
3066
5152
3599
2342
6210
3240
2908
4636
7098
9806
9722
8914
2041
7793
7113
9298
8741
8289
1206
698
7925
6584
619
9170
2609
6697
7491
874
6171
6581
4956
8652
346
1045
6663
8742
6238
4545
4228
3834
722
7333
8548
6900
9213
8273
5618
583
5559
3049
1274
7035
6502
6899
7063
311
3112
1397
9225
2186
1514
82
8695
8469
9220
9490
159
7059
7146
292
2627
489
7168
7051
7820
2466
1852
1256
7524
9307
777
7101
5540
7909
9627
5374
1654
4136
1762
1517
8406
3932
7235
2677
8165
3645
1300
8459
2707
9981
6192
5366
870
4901
7101
9638
4307
1851
8267
3002
9711
2364
3697
7779
2776
5033
1826
2590
588
6144
8755
8945
1442
5604
8658
3123
3216
5967
15
2790
7965
8779
7003
9440
3542
7914
1055
5158
3754
1516
7339
8469
1848
2875
6011
3008
8029
9380
9932
5275
3393
7923
6504
6276
4752
1972
3102
9068
2513
8935
7689
1375
7443
2863
5753
756
1857
9083
9298
584
8216
7720
2032
269
7529
1856
2901
7687
4375
3415
1100
7677
6914
7301
5174
4820
826
8425
2700
2797
1628
9236
3463
7417
4487
1942
8043
9740
704
6065
5348
2398
2052
215
658
3713
2636
3684
2743
901
4541
4175
5603
5265
1982
9571
214
9131
8605
9770
6421
2403
3957
3482
5519
2528
5925
9986
5705
7489
5657
8691
8747
7219
7427
2903
364
901
3274
8769
490
8932
183
8542
3101
5311
2478
1680
3192
999
598
7444
7323
4465
6919
984
3153
1237
6455
9119
5884
967
4823
6357
3662
667
74
5456
2046
3534
6697
8965
3325
7017
6288
7272
1600
325
3922
2235
2539
7862
2224
5449
5334
116
978
5969
2066
8846
187
3724
2196
7822
4878
589
2998
515
9797
1908
1211
534
6563
7085
8970
1643
67
7026
5693
3096
6036
4986
6008
1714
3148
9446
7930
6782
1847
4257
1080
2851
7526
7662
9688
9449
3544
429
1506
3914
1247
1761
6529
3898
2236
6990
9954
4183
4968
9023
4287
9351
3246
3952
5137
2984
4012
6653
5776
3850
1289
8348
502
9791
8699
1703
2954
7394
5668
2998
1813
9978
1014
6511
9101
1433
1866
4634
3113
7738
2346
431
7657
937
8655
930
2499
8587
5142
6816
494
4539
5845
9585
3490
8845
5796
8796
7528
6418
6316
2127
450
4281
8156
8677
9963
2468
5335
1827
3540
5315
8260
6619
4499
7683
3297
8337
7786
3883
5925
6079
7388
7482
1559
1885
5391
9268
6692
80
2301
1926
7479
5332
3135
5048
3148
4663
3504
6787
9386
6707
6876
9620
4755
7170
7231
5068
5191
7090
5117
4605
2480
8248
9757
6101
1813
5701
5012
7729
667
5054
3690
7786
4372
437
1133
7086
4988
6459
9186
3883
3143
9034
8186
6287
9434
5409
9449
5799
2096
8226
4408
3225
9158
8954
4524
9243
1240
3573
191
6339
7981
6156
5508
2184
8012
5796
3137
3670
3074
843
4938
3329
5290
6421
4947
4543
4772
6932
1568
8274
7727
7989
8728
29
944
2476
7814
4391
7992
5888
6879
5318
5899
166
1671
6456
561
3335
5623
1991
4574
4258
5689
2320
73
3806
8199
226
6800
4833
5002
2634
3838
5576
5216
7042
249
6191
9782
5785
3089
6653
6199
24
2918
2937
9342
4123
9019
3592
3483
4979
1309
7848
4127
5906
3375
702
2046
1502
7699
6017
2897
2618
443
1755
4557
7172
1946
2948
8350
5123
290
7910
8175
7373
2526
953
2273
6564
4867
9923
8556
7194
45
260
3396
5986
6020
3777
2851
1166
7267
2115
5213
8743
5057
2232
373
8356
7551
7400
8978
1929
6704
5726
9770
3451
1011
4124
7216
9394
460
8885
594
8166
8056
4269
2066
6656
4004
6697
8411
5318
8286
3065
8781
6211
3837
308
5065
2357
9218
5509
8662
4897
2862
2740
8521
7356
7948
5918
2641
6573
2954
7170
8710
5059
7920
3835
8382
9393
7020
6383
6268
2300
7100
5816
6971
8317
3234
2704
9257
6471
3394
6424
2801
5017
7750
4892
5220
2051
2831
2636
2102
2035
3422
4734
4770
9620
3344
5488
5213
3531
2327
6463
8318
2739
5937
3602
3813
9902
1470
5744
9766
9890
8522
702
5208
2316
6984
2108
6949
5624
5965
5279
3064
5896
8223
2322
5678
2357
551
4885
2185
1302
9512
9293
4570
938
1012
7163
7168
6812
9512
478
7001
2969
1340
4064
8908
2799
9121
2081
2829
6407
7088
6892
897
2931
2411
7338
7594
7841
191
4032
9522
8176
1168
8341
1612
3640
2373
9718
1167
5910
1810
2897
1402
2732
3542
5912
3250
1617
343
1185
1704
7468
5085
1420
5725
4034
9062
2526
649
6173
7913
8361
733
4614
6540
3305
6547
707
5291
9134
9712
2170
2345
503
6129
214
9132
729
2292
151
4124
4814
956
5989
4919
2782
215
5212
143
8757
9751
7703
7114
9276
89
4172
7945
5098
4589
6838
4467
5418
2996
7900
9943
4414
6214
6182
4804
3208
2687
9835
3522
605
5167
3094
4596
4966
7042
4311
1702
3290
7548
1778
1349
2826
6867
5626
8053
7239
9
465
6614
6996
8740
9567
1502
8952
5467
6552
9917
1542
3912
7246
8939
6910
3257
6971
6167
8086
4707
8427
4285
3714
9734
4570
507
7005
7558
5698
7283
2928
752
8421
9029
3908
6455
8320
6038
4625
3580
5670
7943
7023
8997
8066
6932
1506
8120
127
503
8125
8791
5899
8750
1548
9355
1419
2983
7848
1650
9454
9482
6372
4831
969
8621
3437
9591
777
924
173
7831
2451
3316
8702
3442
1250
2919
5034
8417
9413
9206
8400
1557
7898
9886
7340
4036
3025
8443
3575
147
1319
3464
887
4056
9929
3264
8999
4883
7686
4677
662
739
9649
5507
126
8281
7319
4414
8351
6530
9130
3467
2623
3324
6763
7600
2258
3198
7721
6587
1266
1334
8495
4416
7051
2192
4575
3603
1472
9643
9192
8275
4073
8139
1229
6935
1624
5026
4764
1843
6198
4496
1128
5362
762
5347
9684
73
4860
6134
8110
1758
9434
9257
272
7497
4931
5710
1145
4020
2688
7777
7961
3035
9768
8469
270
2336
6845
2154
5830
9876
4767
8701
2157
6040
5922
234
4384
4494
3840
4802
4858
6207
5794
4216
4974
2891
5406
7899
9028
1964
374
3240
5238
3837
3864
1390
4405
1396
9010
6063
5157
9514
355
9955
9315
7431
3532
8100
5978
7675
1714
3243
8513
225
915
7545
5461
5123
3904
9799
7487
3786
9424
1700
542
2086
1729
8196
6553
6578
1411
5166
7803
9611
5562
8095
4307
3486
9954
2362
3167
4228
309
707
4828
1486
747
2077
7533
7519
1173
2921
5297
519
7784
8575
2187
9268
4236
7321
2150
9975
3456
5847
634
9719
1848
3538
3143
8057
6069
9676
8777
6727
864
831
7014
187
4535
8487
7376
3080
5939
2453
3594
9146
9743
2114
939
6073
3797
39
7948
4282
8807
5742
998
4972
8613
7608
5731
7620
8126
5342
2792
5013
1178
3509
4167
244
5766
4142
7744
4657
2454
675
6895
1670
6433
248
2353
2040
3062
3928
3658
4429
8556
9380
1935
5446
9642
9255
3001
9554
6232
698
4993
8554
3708
163
3962
4183
4337
5242
5781
3149
8407
1936
995
2826
4819
1917
5971
9252
1828
709
9880
8031
736
9640
1516
3896
2426
4768
1321
8939
3263
2313
6414
3711
4381
1702
2597
7764
8588
6152
3812
6570
7166
9926
4844
4588
3881
3258
8964
8653
861
6079
483
6495
7966
4150
7620
3218
7977
5983
7543
9904
343
2157
2496
1969
6600
7282
4267
6208
9067
6262
191
5553
6700
3351
8248
4008
4555
4576
311
7740
9672
4434
8091
2335
431
2763
5853
9122
8807
4138
1922
8082
3822
1085
2966
8327
8552
8872
7870
2252
1652
7206
5216
4480
6504
4964
3543
4164
26
3200
4725
8289
1213
1911
4537
8180
5395
6309
6556
2032
550
7984
6904
6031
5655
2290
5508
5407
5715
2421
6421
7382
5557
6528
259
7460
8626
4778
7825
2186
8189
2946
1813
5970
6348
7985
242
4633
9408
2746
9137
9432
1731
2800
5891
8750
5790
1735
7735
9290
1987
8008
9452
6484
6478
4370
6707
443
9267
2449
6011
7160
9221
4714
6056
1563
6264
8567
5385
2984
7613
9833
9243
7970
5632
2131
523
7931
2187
6981
5617
3168
2778
273
3442
8833
936
3949
3376
2419
829
2761
2856
9348
2659
5281
434
4076
2560
9220
8948
1475
5163
5726
3731
6564
8700
3549
8439
3127
6529
895
2800
5896
7299
1483
4659
909
8413
8218
571
1178
4530
5542
7392
8785
5408
5633
873
8627
3184
1470
7443
8048
9993
8744
9008
7101
7380
5548
1157
2737
4397
2682
2710
3089
1228
2291
6355
4494
5722
9809
6859
2319
3469
9244
4237
7782
4511
1175
9095
9890
8657
9736
3102
3993
8205
1889
1417
8827
416
6934
7153
5583
5877
1714
7886
8383
4339
7734
9970
3988
218
833
5086
5491
4676
6809
4654
2301
6608
976
454
5060
8375
2436
4908
6168
5558
6545
4631
5056
5408
7299
333
718
5893
767
7849
8824
2233
1991
7514
4770
509
1214
7421
3376
4771
7850
9243
8815
9056
2040
2324
793
2454
8957
4863
8032
7885
9854
7544
7741
5014
1059
3699
2567
7622
1034
19
421
7724
5210
5869
6595
2344
45
9161
7317
7781
9963
379
6889
9262
6808
4836
1258
6810
6064
9744
830
6561
1839
2322
7046
3723
489
1565
4309
5072
9662
2848
3067
8477
6451
4870
9054
4078
1812
4148
2045
5991
19
9431
900
6233
3084
8980
1742
5889
2828
4932
2000
1300
8279
4519
7178
6940
8083
5395
261
6143
1722
7255
5137
5305
8756
1034
1571
7317
4554
4754
2850
4602
3568
2175
3304
5604
1361
3394
2278
1780
7572
3731
589
9080
2790
7053
7732
586
5817
8183
9654
3777
2087
5015
4283
7805
5011
4504
6517
8218
2387
4009
8128
428
502
7379
4397
8973
8822
8519
4251
472
5524
5592
9872
3577
9447
6223
2376
1480
5327
7712
8929
5505
6962
7036
6819
8564
9105
1133
9984
4478
8392
3874
7034
6499
8317
2012
2027
9869
9671
4695
2775
269
3136
3005
4899
3804
5625
5836
3041
8744
4982
4178
9584
4238
7459
3847
724
964
2633
9357
988
9802
7112
7219
8821
2851
1126
9622
459
5109
8446
277
3632
8405
3692
3605
6165
9667
4315
2806
3549
9667
3638
2958
9287
6897
7565
7553
6147
9793
4801
9060
7242
5152
5823
7553
8326
3722
6777
6418
6540
1709
2843
3122
3388
340
97
3552
7705
9831
5136
5097
1901
2918
6602
9145
9627
6432
5183
745
1122
6546
7303
2051
9377
7972
6508
5617
2106
5123
4983
4694
9762
9695
8447
4762
5591
5152
5780
371
4989
1239
2666
2732
2014
2541
6121
2493
4469
5353
6538
8972
7941
117
1398
7691
1722
1352
8682
6308
8066
4124
1462
1862
2785
2114
9299
5849
9131
2042
1770
7052
5640
8343
6633
565
8852
1901
3579
7268
4941
9482
6266
1242
3160
7431
5198
9652
9440
9095
9753
9897
3670
604
3084
5265
2692
9286
1948
3728
2685
8182
8652
9291
5802
3435
8933
9438
6687
9491
7801
6209
6107
4811
1933
5090
5097
7960
2095
2486
7999
148
7321
3561
6030
3314
622
7322
1133
6607
8503
8674
243
4001
4769
5574
828
1428
4579
9617
5496
2596
316
9379
2365
9814
8981
1839
8126
8103
6790
9385
59
1075
1595
876
4266
557
4590
1725
3611
2398
5784
9605
125
1912
9802
1974
1684
8893
7900
4685
2580
8569
3057
5032
1346
3543
1134
2183
9213
534
8229
2376
3110
1
326
5313
80
5173
271
459
309
2978
348
5872
9777
3543
9855
4546
6704
7053
3752
1963
4973
3983
365
5898
2895
8090
197
3535
8587
7647
2803
3677
5052
9096
4366
5921
7417
2002
3743
8784
1831
8809
9047
2689
7770
921
7917
619
623
5292
9733
9156
2834
9294
6078
115
3372
5255
9746
8793
5315
8337
7031
4243
1077
2766
9409
9106
9852
3878
3930
979
6480
4
7065
4732
5256
9324
5313
5074
37
775
8164
3846
4709
2455
4941
8611
8195
8660
9229
1033
676
8928
9523
3488
6342
1231
9938
4179
1234
5932
6152
1432
3518
2907
2541
8195
1978
5673
2218
782
5082
2251
139
281
6933
1659
2757
7704
9723
563
2505
4364
8024
6362
2908
3010
9451
8718
6763
4995
1956
6788
4372
8101
3225
5472
759
6201
3882
5413
9660
6120
695
7314
3521
8451
8012
4991
4531
2313
5447
8876
8899
8639
5714
9215
8718
4668
4882
1304
6199
9049
1667
7032
1764
5486
6612
9033
9688
576
9965
1276
1152
2969
5666
4413
935
8374
8275
3407
1936
2304
7862
8882
8706
7151
9160
461
6493
7413
1474
1439
5992
46
4438
4600
2068
7372
6670
8292
842
4388
2885
6292
1575
8123
1294
8825
8516
7735
2868
7944
9774
1043
6233
4078
9095
5523
3297
153
1077
4729
4610
3712
7130
7365
1944
1097
1937
8016
5613
1948
2045
3450
6131
9246
7274
4099
7809
2304
2582
3662
6342
5079
9677
7577
1612
5441
5491
7324
1029
7759
6223
7221
3397
2052
4998
93
1194
2942
2977
1012
2573
6795
6037
5410
2885
6981
6568
1787
929
8843
1242
3111
6411
5180
5955
3683
5846
4529
766
7147
4212
9681
7991
2081
1009
5496
5907
6336
8193
798
1120
7106
2041
1386
990
8382
1948
7057
9892
5145
6734
8292
4478
8467
7148
5994
2880
1882
2260
9218
1985
9906
5323
2744
262
1376
9534
1230
2969
1871
2482
3315
943
771
4340
6895
7354
9765
6927
7256
7187
1416
857
6087
3368
163
8755
9241
9421
9407
6135
4873
2879
1826
9055
3882
2631
5686
2682
3530
1019
9836
3352
3901
3639
7811
6845
8563
4031
1427
9907
9117
2832
1803
9675
6656
7762
9771
952
85
8013
5224
4216
2326
5960
760
1950
9537
2028
9672
3538
6308
7212
3985
3286
735
8368
8564
5652
4343
874
5649
1476
4139
3079
4497
1113
6038
8926
119
8759
5023
6028
9323
2437
5021
5620
2443
6699
3348
4601
9323
3871
4729
2247
1405
9905
9812
9332
6384
4824
8362
452
8457
2634
8690
7868
2924
6892
6665
77
9032
7160
3174
5524
8743
2155
2409
1431
2403
8721
4032
8173
6950
3727
4086
9351
4567
7790
3881
4150
9045
9267
515
8864
31
1493
5327
1474
5824
2806
783
859
8526
8651
3310
7280
7456
3538
1981
3962
5884
8941
2660
8132
4128
3660
1437
3903
4989
9833
3338
9543
8605
9912
9286
8915
2503
3936
4914
1195
400
4680
7109
743
789
6004
9608
2528
880
5371
7569
2939
277
9390
3789
8061
5050
6174
3476
3463
3555
4284
8273
5145
5770
2531
5456
761
8007
6971
5640
9628
4709
4447
2970
593
8020
7420
4168
1140
1601
6751
9954
9506
7136
1861
3886
5957
7313
9283
4510
3694
2975
4987
4621
5133
9547
6717
614
5485
7779
4480
7095
4992
9959
331
1757
3152
8009
5812
8234
4840
4478
7810
6391
2355
4618
9384
968
4117
6219
5062
4346
7298
5883
7836
890
6978
4569
1717
8131
3995
4676
5644
1745
5022
970
1878
6442
2221
5696
978
4435
8460
5604
6567
8209
4337
9505
7587
7344
9866
1830
6120
6840
4657
3488
2566
4255
8515
36
3439
6305
9926
9905
7870
9362
1012
5518
1199
3087
3900
3076
4397
3488
7293
8501
4793
3654
2380
9083
9382
4597
1024
3201
5490
7803
140
7714
1758
4129
4217
7337
9903
5010
1021
5277
299
4140
6500
2367
1714
982
9700
6675
3177
8236
1925
5249
527
5136
1563
4759
6440
644
5883
5883
206
3052
1650
9208
1539
2938
4041
3537
9447
9283
3449
9141
2873
3654
2939
7099
449
8540
1212
2853
9786
587
8146
1177
9090
2733
6222
7097
257
2709
6354
2923
9361
8986
1649
7769
1059
4383
8809
3029
4203
7432
5679
1530
700
2675
2100
4036
4155
3737
8152
2775
434
7353
8017
1832
7593
578
976
470
4749
3402
8779
7051
7444
651
4589
1797
500
6304
2411
8155
2158
6635
8960
2982
6617
4088
1274
2802
3745
1880
3295
6781
4485
5830
6518
6166
4770
4189
6128
1262
9525
7496
2653
544
570
6559
4749
3839
1032
2050
7874
6990
9172
5163
5765
7316
119
909
9398
8303
5132
8428
777
8442
4618
7780
3589
926
5885
8591
9880
3033
4112
4422
2784
5759
8493
9434
8385
8329
1711
4355
7100
75
5401
1010
9600
3348
2354
744
7557
1193
543
233
5463
2743
2250
5738
182
6004
9311
5295
5944
9986
6586
2475
5183
9688
2184
4713
6286
1743
6756
2474
8194
1160
1669
9300
7525
8964
6457
1336
972
3831
3576
2314
437
9715
5801
384
200
2579
7093
7405
2703
552
7348
1950
2146
8605
5594
6603
7481
1776
1334
9166
1148
7414
7088
7121
8205
2058
7631
2734
3721
3557
9982
987
5038
2781
1056
6566
6451
7473
5085
6249
942
5039
2044
5771
8469
2040
1912
3448
191
9463
891
3588
4286
6282
5052
9781
3758
9070
5898
6875
8693
9383
1193
3021
1034
8286
691
6663
8315
8203
8675
3475
1541
8729
6459
1125
9464
1043
6669
3286
4994
9804
2678
4042
8041
4978
464
1846
5045
398
2334
122
2353
5999
8227
6968
345
9756
5912
7907
9182
6340
7002
5742
6993
2125
6899
8081
4842
7853
590
8207
5762
68
3970
9227
8934
2394
1667
9083
5437
7070
5328
1630
1568
8522
526
6300
9887
2836
9333
7547
4021
3147
6983
144
4472
881
954
7635
7051
8336
6115
7274
4375
9212
4064
9919
7206
5226
7301
8355
6504
8544
9233
434
3168
7236
403
6786
1655
2281
9460
907
9376
6688
3200
7461
6950
7648
1090
9911
6512
2098
19
947
1630
7133
