8327
9125
2225
5229
4819
2602
6512
2267
4302
1920
3321
6075
9367
5397
4120
4616
4112
4214
1579
6706
9946
2222
6877
611
3914
1803
2604
154
8654
6944
2533
4569
7527
7748
4814
4483
5392
4256
3403
6806
5690
927
3097
6662
2191
2362
2757
171
1112
3299
5521
7942
3180
4984
6744
7372
9
9989
6054
6200
2911
574
1981
9961
5081
5410
1163
4163
2141
2552
2607
1707
2585
2923
3198
4270
5929
1998
418
4549
5139
1452
3597
7273
9313
1641
6513
4937
7796
5099
4721
1071
4516
7538
6503
795
4799
6717
1435
9751
2932
6527
2009
8136
9650
6251
9381
3483
5719
5511
3812
9605
7116
1727
9360
3526
2739
3440
4480
5671
4567
1147
8891
1856
7466
6413
1441
602
9049
9909
3080
7627
7525
3180
4060
8695
7667
5705
189
5558
7646
4704
3710
6939
6702
1241
1134
2135
2215
389
4708
9535
4812
1314
9674
1814
3581
893
7480
3845
2311
296
6694
9106
9403
8054
106
6832
3524
5815
3732
433
9549
6029
557
1709
7841
6594
8728
8375
1061
2918
1602
3737
4653
550
2034
9189
7275
3785
2422
5490
7848
6570
3822
1788
9276
6844
5408
7744
6148
1628
8200
7536
3145
8686
8348
3656
9939
4175
3038
9347
5192
3346
2443
2140
2640
6109
5075
2556
9428
4460
7382
4438
7276
803
5886
5767
5223
1381
4101
9389
3954
1571
5815
9314
5098
2361
225
275
9142
3430
291
3327
5585
5318
3376
469
1918
7351
8793
7192
2197
8388
5649
7423
9008
4974
8727
819
3438
886
7494
5987
5056
3065
4676
6161
8900
9063
7062
6631
3148
6099
3409
3131
4860
965
9689
9106
4520
3989
2827
7479
9184
3298
165
9433
9092
4866
5680
1102
7195
771
5977
3780
5846
7048
6204
9367
4116
9299
7786
4719
8213
4171
4866
5261
8843
6036
4293
2774
2799
7841
1157
1353
9227
2688
2630
355
7251
1569
3594
1351
5912
6639
9531
8219
7079
7914
6761
1242
8520
8159
4776
6315
9703
5384
3994
3060
2767
8503
9410
5704
1456
9858
6163
1840
276
2281
4922
7625
1586
3504
558
8493
1353
7483
6072
7074
9899
4954
1175
6924
1851
6249
2063
9538
9062
4864
1613
1982
866
2051
5958
9460
2467
1175
205
2238
3151
157
8965
3540
3789
7087
1319
3676
5514
4580
4173
7620
9892
1870
1013
770
9790
2117
5451
1066
599
8979
1190
7286
3263
2456
4575
4169
9536
7334
7626
5726
5470
9263
7329
6977
3534
3717
4912
6054
6730
6428
9943
8179
7401
4628
3131
8601
1142
7436
4364
2555
516
5900
2588
5941
436
5694
7989
7636
9183
4961
60
6014
4373
9433
7026
9773
2303
5411
4727
148
1630
2545
6696
1073
2188
7389
1941
7200
3158
4196
9855
4813
2084
4149
9738
7270
3389
4253
1374
8964
3942
6354
3220
4517
2002
4931
1953
5949
5366
4110
277
213
1650
9062
7199
1005
138
3603
3542
1745
6881
7799
1165
416
2490
7339
5077
9399
6712
6691
368
557
8529
7034
7507
3821
5106
7270
4798
1899
8463
195
841
2934
146
4829
2955
8019
6952
9929
9336
7325
2739
2180
5292
7740
67
6902
1593
6535
467
4893
4933
6705
6546
9119
6430
9254
9487
1487
1318
9942
6806
9360
6634
9215
4052
835
7576
4822
2816
9009
484
6322
4062
5570
5108
8702
3201
9932
8520
6281
2850
8811
1457
7980
5395
8163
5159
4665
5912
9240
4598
3926
6195
6102
6587
9036
3487
8041
2514
6575
6705
4537
6028
9852
848
7211
8901
4237
129
4517
2497
1957
8027
6765
2247
7453
5972
1649
3176
1555
9848
3806
8505
255
8036
3473
6761
6997
151
1715
8967
1896
600
8858
279
3504
3035
4209
4798
1900
4648
3338
5540
4460
5248
5864
1146
4805
1085
9862
8696
6088
8434
3474
4301
6246
5899
9389
7020
9338
8916
4153
7398
9500
1245
1292
4422
9226
4534
911
6600
8046
8476
17
58
5963
8941
2748
8682
692
9147
517
3452
3704
762
503
1186
1311
8132
4527
4095
4820
3467
2336
2720
9709
3905
3726
1586
7835
8344
8942
3440
6380
7444
5830
1757
1567
7964
3884
8586
1145
2428
4735
7154
4188
7479
3238
5260
9630
4107
2017
4990
4415
3036
9229
2853
6359
1
7437
8206
7168
2998
2921
7176
4167
9074
231
9025
702
6884
9903
2775
5327
569
458
7071
183
8462
5359
4504
1998
8602
3978
5775
682
37
1077
7195
9890
6726
917
7837
3450
3193
4744
3092
3819
3427
1737
6023
5409
4338
8430
7193
2827
2839
2981
6211
5073
4540
5131
9578
4401
8814
9862
8569
2791
5623
8859
6878
1867
4241
7283
6521
6218
9665
7230
7267
8464
5393
7895
7504
7871
2347
7778
9290
5372
8320
8723
848
9056
1477
3364
2738
3685
4188
1122
2886
157
7724
489
693
9651
5896
8523
4774
5955
2744
8411
4089
5483
6528
5606
4188
6900
4285
726
6853
9098
7981
876
7677
9343
2248
1378
8315
6795
6265
282
3601
4374
3339
2420
7041
930
3387
386
3290
3129
8810
2596
6253
365
1494
7347
931
1588
8560
1814
6391
7069
456
6136
5631
4293
1564
9262
8225
7598
6124
7421
1125
6600
2228
5165
7894
7831
9691
5124
1012
2091
5702
1002
2753
4851
9849
3596
131
4430
4616
5742
8130
4422
5526
7563
2000
5925
782
6222
1634
6276
5996
5290
6671
2168
1197
2968
3456
2527
4841
4894
92
6881
511
5991
8351
2752
5072
2158
2747
1097
2544
7188
8979
3783
7065
4838
7452
4779
1400
7551
3312
475
1644
7023
5503
9622
4522
1055
4651
2379
9979
1981
4795
830
8409
705
9452
7440
5235
6856
2401
8097
3963
2809
8428
6461
3190
9575
8537
2084
9436
4772
1475
5350
9991
9403
6854
7506
7057
717
7399
7123
1095
7028
465
6536
2300
5399
8804
2793
923
540
2337
4431
9158
929
838
752
9028
6461
1675
2176
2638
5493
8990
2217
9607
3961
3395
7652
314
2536
8892
2444
6865
6181
8512
2748
9305
9239
1342
1055
7968
5287
7624
6451
7564
3979
9081
2346
6126
2094
2024
8559
657
8598
3569
6077
3272
8872
9482
466
3887
8460
6160
8179
349
476
6219
9531
9095
4559
9936
1045
1098
6436
9651
6658
4526
718
6671
773
4542
5412
688
5978
4896
7565
7641
2843
9725
5041
6353
7213
1944
2015
6706
9812
9536
9391
984
6664
6975
3924
9634
4817
3980
6968
9014
7843
7721
5935
8633
7445
9418
5327
8882
368
7654
8033
4569
9607
4343
8726
1851
9060
1885
6354
860
5611
9660
2984
9372
4002
384
4969
4964
2563
6506
9386
8115
6423
5627
5713
9786
9736
4996
9927
3602
2163
6186
3511
7206
9355
3725
5755
9200
1529
729
1464
1450
3373
1709
2860
1701
2967
8571
8544
2055
3885
3745
4286
3161
51
7794
9149
2299
7168
1010
8660
1323
2224
3977
4318
117
6648
2902
4379
1949
950
6275
9202
4186
1252
5856
1801
4511
9445
4108
5660
9590
7308
5776
8495
4288
3402
6595
6143
7522
4695
2291
1401
1059
9039
4276
4090
9978
1394
110
2878
7896
586
5472
6478
7959
9759
600
9055
5486
4711
9156
7794
1980
3511
3452
9413
4081
834
287
5322
4963
7040
4992
3078
9189
9057
8754
5856
664
7284
7918
4727
780
9753
5476
2534
5332
6268
3643
7391
8344
5090
6732
1756
281
6790
805
9419
6807
5125
691
5424
3954
690
4429
8882
6225
5109
3164
3585
9146
9392
9786
4335
6250
3701
1355
3355
7703
696
2660
4296
3845
3325
8824
6843
5348
8724
9692
5971
3960
1517
6379
1010
1436
8454
3738
841
1683
9059
7053
5900
844
6417
4546
863
7137
1223
1782
9104
6936
3176
6802
8594
772
1347
2664
1869
3478
3683
596
2289
515
4154
7381
4787
9794
7518
9953
6547
8808
4120
6810
7420
6793
4195
5294
4176
7239
8790
826
5523
3285
764
1753
6996
932
2078
4929
2333
7436
2353
3503
5300
6417
6756
8479
7433
4473
7960
5659
1871
8422
9236
2757
1686
9253
2280
6160
477
2811
5089
7717
8924
9234
8281
7099
288
8898
5302
5113
8528
4169
8190
7091
9996
2523
8855
5114
363
4300
7361
7491
3728
1595
3718
7991
4385
9650
4427
5127
6901
9433
2564
3279
8250
1213
7117
936
5778
3600
4663
3157
9061
3719
4988
2179
2581
4870
5748
7374
3318
7
6966
4453
4732
1955
1837
2871
9741
3354
4253
2568
2113
2892
8867
107
6553
9877
9747
8356
4086
8895
302
6811
41
6396
4268
1380
6909
801
2953
7601
6510
9131
4424
4659
1592
8414
6041
6489
1373
6303
6888
589
6392
5946
7416
9901
9532
869
8547
3010
1164
5500
2628
3712
3356
598
7969
9362
3904
3424
7530
1904
5487
7540
5496
9236
5379
1192
7026
6449
3727
7387
7937
7579
355
190
4165
392
336
9950
2913
4057
5729
9226
3310
7991
6956
2610
5704
5577
7437
8939
2342
7380
536
9977
6520
2067
9220
5652
4506
5066
4815
2159
3142
913
2613
1140
5585
978
5084
4399
9155
8342
2388
5837
1072
524
2632
5983
476
6064
6341
7615
3489
8492
918
9331
4262
8762
2096
6798
3271
2856
2121
4398
9574
2762
4544
9494
9186
8981
4156
9835
7060
9558
2887
1708
5788
1058
9471
9724
6302
3494
1303
1296
2274
6568
3639
5439
2338
5669
8984
3661
3101
536
8294
2182
9119
7738
3421
871
6828
3613
8945
147
9788
7292
898
5837
2629
6129
2727
5558
3300
6287
1057
2418
9781
5784
6540
9997
791
8162
290
1748
4476
6731
1021
6529
4001
6305
9506
3293
4249
7369
5382
8107
2031
1564
4930
3443
5016
1453
9941
2930
422
2802
9225
4873
1288
7537
1171
9955
8565
5237
763
5895
2382
526
2684
3496
912
1025
3639
9996
1791
911
5595
166
924
4575
4281
8805
1870
4843
9830
4151
1984
5676
5762
1120
637
9206
5245
4907
4387
6049
1387
4342
9579
7051
2117
1498
1951
5986
5062
1570
5591
5939
1079
6104
2118
6375
3613
2857
5757
9950
2656
957
277
4910
2148
4750
7603
2880
9630
317
1618
8003
2343
1630
4812
8506
9809
2582
1494
2735
3986
6568
8893
4156
2927
5521
4890
4064
5309
3709
8488
5770
5445
9625
877
3188
8606
5704
2072
69
3321
5827
4113
465
3673
7972
2057
7628
6287
5266
3041
8314
8049
8306
1169
5288
6739
6029
5051
5412
5214
3489
6039
2222
7135
5426
946
516
3473
6186
2770
2128
6124
2546
7132
9001
7031
6951
6291
2928
3374
4991
6237
3539
9865
8542
576
9614
915
5103
1640
8693
1907
9702
919
4674
4361
1376
1240
2110
6681
9171
3896
7753
9327
9604
8731
9939
8807
8092
3474
7465
6031
9309
9627
4383
535
8915
8922
8492
1715
8398
5603
9003
2016
6073
7531
5599
8703
2157
40
4009
1734
8747
4668
4092
7741
9195
2492
7592
4333
3528
7545
5130
247
7012
3588
455
7418
5611
6802
1518
8039
6966
6503
4471
2237
5246
7145
7787
6733
9180
844
2523
5453
7730
7891
5937
6571
1944
8129
2318
1371
1701
2715
5218
9345
2498
5321
1892
1046
7534
212
6391
3479
7267
1704
7945
8396
9959
5778
7843
4669
1311
8249
5573
465
5538
7716
2788
223
7026
3944
4919
9940
2482
6444
7680
5344
924
9276
8018
9938
5120
9437
2809
7576
7434
1499
8004
214
254
9108
1810
3690
8317
2354
3117
3306
8653
8513
6072
117
1622
6139
2942
9846
6176
1388
1919
8715
5991
1221
6025
5662
5243
8352
7475
5938
5306
8824
9673
5192
733
6623
1026
8844
9488
3985
49
9000
1786
6661
567
6538
8770
9915
3320
7709
1853
7015
996
549
4283
8807
5127
9963
9427
1794
7334
73
6898
2805
8141
9792
1265
641
5914
5450
9712
9481
4437
7018
9589
795
7566
45
9813
9594
4265
5366
6388
4361
3066
8943
651
479
7526
7953
6568
8609
2381
6071
8227
2144
9026
6576
9261
5146
1602
6431
9081
8949
4069
541
8532
8646
4838
1098
4754
8924
4571
2016
1268
8886
6138
381
1226
6697
166
5979
7877
6459
8226
7257
4967
7603
5871
4947
9123
1
9879
9302
9513
9325
5162
8177
883
1832
2062
7168
851
4596
3749
5074
6412
7539
2140
6421
9570
3736
123
7692
5333
7023
9316
6191
5405
146
3624
1547
5355
9714
6664
6677
2746
7246
4638
2670
6763
1979
403
4886
3880
517
3252
6863
704
759
644
1701
8874
9751
8644
4231
1781
6141
6136
4805
4964
2350
8333
4243
4938
8095
2138
3267
7440
2481
895
8369
5671
7392
5980
2844
4992
5792
3770
6913
597
2352
8733
6679
8365
9226
2049
5257
3527
8020
4598
303
2437
5478
8591
5264
773
6963
7964
8550
2467
8577
8639
1463
3467
6895
3802
4692
7619
304
9456
9525
3856
9058
2114
2268
3101
2860
7533
7790
342
9122
4729
9122
3546
4071
9516
2110
3814
2314
4525
6949
9741
2998
6476
6381
9840
7865
9265
1300
2073
9253
8717
8525
2395
6414
9194
1287
7983
2676
7428
7465
1118
7705
7290
1400
2044
6687
3233
6584
3675
8220
4219
513
647
2885
7459
3872
8645
6703
8030
2713
7036
613
2439
2032
8200
3785
6414
5476
5722
976
7358
3914
6435
385
2878
6162
9150
4179
5561
5794
20
1864
2131
2831
8338
2964
7156
2099
4488
9327
8721
4419
3481
4640
9359
1251
3567
5133
9210
5677
5790
8197
5931
1181
9379
174
2112
5949
4261
7782
4458
9681
9253
3696
5919
5408
8885
6435
8358
9967
78
8264
9250
8667
741
2641
3042
353
7063
6367
478
3875
4224
7276
8914
4404
5410
5204
5133
6908
4497
561
4161
5837
3085
821
8330
7408
4061
1160
6446
3422
9837
9779
2293
6434
1336
5698
743
6651
6973
6831
5248
7351
6513
3731
1779
452
1498
2103
6954
3563
6547
9175
1083
6041
6557
4442
8425
1533
6692
1995
5652
859
6369
251
7555
9677
6371
6320
3384
4011
7311
6308
6542
9445
6581
2775
4061
1667
2735
7392
2610
2231
7408
4264
9076
3816
3768
6342
3849
6941
261
6847
5414
4115
7416
7840
5285
581
4937
7966
3674
6557
2888
3562
1095
9246
2025
1647
1598
3563
5106
6187
7659
3859
4762
6960
4879
547
5167
6263
7573
6221
8973
5707
7617
4894
4604
9171
1312
1591
4087
95
5906
1882
9044
9829
8916
2659
5440
2113
3733
5123
4094
2097
2161
9173
3591
295
3994
9946
9358
1998
6252
4643
2088
9730
4500
1518
2673
284
8593
348
2313
6900
5493
8288
3091
8097
6916
3972
1501
7637
6818
9887
5261
3347
3161
6922
7744
8887
7255
5339
4397
8792
1974
2967
9203
145
1625
44
5252
2597
6616
165
5678
1577
2771
6777
2501
5725
9005
888
3229
2369
4782
3308
2250
1678
2239
3421
5598
7187
1001
8955
433
5704
878
1963
5639
2441
1514
5188
7945
2589
7300
4826
5874
4783
2356
751
7979
9713
267
7975
8826
9460
3893
9317
941
3799
6815
9371
153
8103
7929
7204
3926
194
4665
4214
6119
6729
3932
7722
4289
5465
6107
9506
8844
6535
4119
5199
8537
6887
8117
2497
799
4395
1433
7402
9507
2456
4435
7970
6393
1750
6814
1639
625
4922
3714
6564
6450
8126
3163
9067
6374
9368
208
2841
9506
1230
2375
7280
6189
5140
2270
1321
8294
8196
8562
6231
7731
1636
8152
6124
5174
2003
5561
637
5871
701
2529
8762
9269
2737
8767
2298
4150
7267
7630
4046
3939
3503
6678
7458
2652
9605
6451
217
163
2422
264
9373
6951
6635
1215
6386
692
9427
8881
1526
2080
2718
2612
6494
4683
561
5425
5666
3578
4124
293
9094
3938
7721
7109
5697
922
1457
996
1563
4891
947
7885
3895
8279
8266
3928
3073
2909
3093
4059
3929
9380
4436
2411
6366
6498
5012
7333
955
4543
4903
2257
9860
2199
397
4390
1896
5185
6393
1944
2358
5506
1938
5611
6304
9283
1426
5585
7513
5645
3511
6076
1972
2855
5339
5707
5277
9157
5693
614
3772
7606
6789
3958
1745
947
7315
7085
7194
2442
1507
5773
2228
3946
2889
1109
5044
3686
9881
5408
3816
2284
1798
835
1954
338
4254
2906
8582
5534
9355
7681
2412
9452
1732
6905
6928
113
5167
5725
537
9294
6078
4796
146
9887
2744
8512
6155
2191
5430
2788
2693
8727
1039
3496
4126
2083
1726
6016
3712
166
7799
631
7593
9827
6373
5444
7186
4780
1559
4579
1925
6779
6007
2442
1156
634
7594
9838
5996
3670
4846
214
2628
1811
3875
3902
957
9901
9093
1271
1003
7021
6603
1339
9161
4002
6474
4733
1753
6866
4789
7695
6188
367
9004
784
225
707
794
4990
9215
9056
9629
759
8098
7126
2798
789
4812
828
2888
6467
5754
1131
4984
4821
1594
8832
9290
8453
9500
1896
9404
1006
3942
6929
8168
3707
6097
5663
1970
2862
8029
7173
8285
7739
5643
9128
6669
8833
5797
3423
4356
2837
143
563
4389
8727
5391
3823
1469
5893
408
9497
6201
1868
8891
9528
4741
4988
697
5615
1468
8942
5164
1199
5070
7860
4327
8003
2100
9825
4777
8037
8537
5805
7945
6956
2964
8764
5177
4208
7543
8191
2354
9
6495
9414
2828
6012
2921
428
2769
5066
8437
3438
7029
1227
6026
7607
1456
6219
988
2412
2370
3447
7398
293
1213
126
7687
8667
6855
5875
788
9788
8278
9551
8679
9173
135
7519
8084
3815
6507
6688
9605
8061
6889
8544
9893
3633
9522
7599
323
6482
3130
6364
7258
1237
4501
8566
6611
8179
3559
723
9928
610
1832
713
8546
586
8914
8196
4421
5937
9158
345
5922
673
7749
6013
6308
9555
4170
9240
4986
6703
8294
4168
281
730
9466
2460
1369
4584
4332
5443
7699
1875
9152
5356
1898
5127
2186
4252
7554
1602
7857
6047
8830
3843
6258
2242
7304
3074
271
7032
9648
9606
1124
9993
5507
1461
3856
5216
2440
8498
6915
3395
5763
9990
8627
3555
4587
8402
6216
6884
6065
2865
2785
7981
8077
7090
8991
2949
6095
1599
8970
9783
1578
5083
7138
5226
5540
5708
1933
131
4695
1137
9536
6166
1484
5129
6265
5226
676
3845
7845
2966
2185
3428
7965
5575
1295
383
4485
6624
8650
1346
3421
8522
9891
5676
3715
9665
5416
6945
6642
9814
6194
4818
9960
4058
3714
4235
81
3633
2708
8318
21
4846
370
2423
6303
4615
9805
6058
7081
2117
1993
1790
2295
2329
5201
9195
7814
3780
1826
2265
7969
7565
9920
4885
4628
4664
6198
7636
4830
24
662
2475
4237
4248
7652
7768
7515
159
3614
2014
1853
8948
5849
8336
935
9325
2037
7553
9898
8127
6671
2159
3017
2028
2958
7017
7138
8797
3152
76
9993
1202
4605
9855
3777
536
8194
4682
5045
5756
1535
146
7090
1136
6281
7172
1351
6301
7931
2091
7501
2771
2548
4277
8618
8034
7578
1710
6821
2932
3534
104
2295
5577
5460
9165
3357
6236
690
1167
6379
8200
1587
805
8371
569
3171
1507
8263
3492
9019
940
9800
4374
925
5058
3015
1235
5540
2073
8240
8979
6933
7058
3045
3229
8454
37
1151
5350
993
7064
8674
9102
4945
9341
7099
8643
2860
6832
7174
5895
9125
1232
4430
4867
1798
2165
9544
494
7455
5106
2357
5345
1867
5318
4265
9696
8355
8800
4563
8920
3918
607
5697
400
6414
8660
1630
2716
4128
2821
9481
9756
6381
7083
3721
1471
8648
8528
4669
7248
6954
8899
3888
8972
5133
4059
2228
9042
5815
6168
3699
5480
2921
9588
1098
3535
9615
7036
8128
3958
6161
3230
6525
1340
5491
9258
9506
436
3790
306
2750
9450
3085
7556
3487
265
9905
9041
4529
8548
232
9666
1678
4064
4719
8977
8800
8390
7038
5607
8246
1629
5628
5546
3284
9855
6442
1110
7356
1577
4334
669
409
7234
9592
951
9281
5310
9121
5643
5643
1101
5813
3229
5304
465
205
6305
4996
8478
2712
9036
6530
7672
4723
7625
7310
4769
6777
5698
1468
8608
3240
5946
2399
501
8767
9620
69
3083
5455
9757
5450
6049
5248
9975
4175
1874
4536
4567
5666
648
7664
1109
420
5124
5660
5652
4168
4603
7655
9695
1636
5076
6795
4925
9136
7219
2172
5513
8380
1530
9248
4112
9979
3010
743
3205
2220
4256
873
7090
8866
2108
8509
1917
7876
4202
4054
8527
8107
5439
9800
5865
2973
4464
5603
7405
2076
7822
9606
4186
7346
1786
1444
1941
7708
3118
3228
4255
334
1212
8026
6234
3055
8246
5136
6303
7100
3773
8742
5726
5557
1925
2735
4929
9805
9045
921
5348
8664
5055
2865
3940
6867
6545
4469
5580
2841
1083
3127
5923
8799
2473
3338
3548
9166
4660
456
1241
6470
8425
9420
2090
4381
9559
6500
4429
9711
6646
3494
5360
2975
2595
4566
5839
9915
4461
3385
8676
4133
2604
9285
150
2377
1231
9986
3196
9748
7316
2998
8197
7658
9840
8636
9253
5433
8985
892
2785
2241
9262
346
2265
3333
7465
8611
8066
6044
3954
1313
725
3859
5242
3699
1269
4668
9510
5336
2668
6575
5855
3067
7545
7368
95
7918
6097
7216
5223
7690
7200
2537
9071
7209
258
2457
9195
7298
6419
7129
5145
6700
473
2330
919
8585
2440
413
7124
7391
9911
9575
7175
5995
9028
679
9259
1935
6907
257
8916
9913
9353
2229
7888
3166
3074
9332
7468
1136
9648
2402
2268
635
73
3062
2442
3996
7650
2820
8675
8045
352
2090
1086
8449
3767
3010
3357
466
647
1910
9354
2977
2330
8952
8762
8775
8064
7782
1247
3162
6759
4694
4208
6560
7597
9310
7422
5692
2725
7300
5719
1852
4569
93
1486
6515
9663
5264
6611
4726
7944
4560
576
7615
3776
9986
4681
3816
7129
7848
9056
3378
9660
9654
2355
4217
6050
690
7287
5640
4494
9671
2740
7906
1121
7745
7536
3740
8346
6031
7211
7835
7099
9575
5019
4223
2371
781
3098
2184
4794
8616
179
4509
4614
8774
251
9158
3918
6481
2101
9608
5303
6026
7265
7193
3184
5327
2434
1960
1843
5360
2634
140
3053
905
1321
3125
6852
4495
8635
6406
7825
2766
8063
3136
107
9106
50
7556
1711
6861
9411
6884
8843
788
3798
9946
4012
3509
8006
8414
3954
1941
5310
7107
7469
6025
8083
4174
5195
6944
1607
7727
8307
484
2579
8491
5611
8888
9188
6016
2120
323
6819
2336
6578
5874
6573
8466
9379
5251
9508
3560
8699
5522
3672
4727
2865
5519
717
704
6345
6214
8401
7398
1441
1945
1815
7124
3603
377
707
8839
9340
2178
6470
5854
1815
2796
4609
3055
8331
1951
4652
7770
4546
4309
9301
1657
1000
1006
3227
5963
17
8766
7672
8278
5210
5975
4298
7891
384
9639
2191
6048
427
1339
9040
5210
6469
598
4512
8222
355
5639
9731
4545
7790
7614
4718
4706
7920
128
4106
5501
4799
5470
1557
9729
7930
6788
5529
8571
1738
8322
4698
7273
1059
6097
5977
8388
3891
3581
3988
8272
6670
4349
6765
7868
8051
6643
6255
5234
4339
5205
9812
948
673
6202
5866
5995
3441
5823
3330
222
4736
7056
7143
655
2846
5520
4383
6165
8613
3284
4690
9485
7957
4100
5135
2910
4502
8952
4909
9970
2156
8883
2362
4491
9306
5455
7395
7862
7895
9567
5930
5742
7032
2472
5918
4938
1873
8832
3838
5237
1100
242
2617
6437
6699
9819
7396
6130
3141
9960
704
4323
8914
6105
7103
9001
6117
9681
4951
7814
5220
9322
3630
5677
5983
47
9463
1331
2447
7756
616
5275
6240
9496
8909
159
7032
6544
3780
879
9033
1880
1355
4291
3148
7821
6246
9854
4862
1402
2241
4789
7332
5360
3688
6651
8417
9476
163
9069
3170
2097
654
7022
7930
1655
3969
2019
3400
6964
9835
3908
5358
2286
8118
1435
7149
6286
9347
5566
9235
6630
7082
8199
5678
4615
6707
5445
7068
4361
9102
4471
8721
2513
4684
6481
6321
2429
9883
6280
8864
2929
8537
3216
5337
2195
7013
2206
6394
499
8537
1211
4921
4887
7782
1038
142
675
7823
2051
9236
9096
3918
1545
2381
1798
5784
1150
3797
7229
4584
1551
3229
3788
8695
1546
451
684
4574
5089
2211
73
3873
5896
3383
6199
3693
8585
2419
1482
9901
4115
2117
1164
5316
6096
8490
689
2244
8673
6240
8416
5906
2476
5568
1357
8894
2225
7823
8443
8978
6844
6855
325
7597
7200
3968
1706
2425
8793
4176
4087
2613
936
1937
2196
364
8788
3020
7992
1280
9143
419
1840
5783
8760
9226
5393
349
9646
6030
2629
6270
5484
6597
1044
1200
4987
3574
6563
732
2506
9113
7672
7181
6696
6595
1793
8125
7454
4056
5260
5977
6628
7157
4968
2779
1257
9074
4106
22
2607
7417
7467
3476
8685
3520
155
3455
2682
2530
3797
3577
9040
7706
8826
3855
7488
2113
680
6301
9957
5146
1529
3577
9101
9069
9044
7900
1709
8635
3102
6896
7020
3603
2497
1063
5264
2683
2636
7602
2110
3808
5199
1673
7918
5861
5654
4541
9159
2075
790
9138
2624
3313
2100
3833
9708
5133
3911
4015
6921
3143
1438
2708
3585
7474
1320
8613
9426
2243
3834
9503
9525
5283
9
5056
8057
6252
5213
8662
1038
3484
3114
4765
9732
5683
2141
1378
4320
7174
1553
9621
5547
9303
7694
2136
4321
5209
563
5608
4404
2599
3280
3353
8873
1145
7478
5132
6279
9899
2893
2099
7317
6675
8287
1710
9653
8699
9571
4975
434
6361
1285
8812
6660
3648
4751
1137
9301
2713
8859
1747
3623
7430
3415
8874
8840
8445
6713
7000
3263
1431
3022
7765
6969
4814
713
3252
5712
5433
122
6561
4452
6345
2076
8261
4112
3349
7736
1069
9111
2570
8696
1871
184
5899
9884
315
9289
6475
5644
7585
1994
3588
5159
6614
6580
1123
1743
7803
8957
8091
5395
7731
1886
6427
1782
6720
6326
4040
9600
8861
3814
8584
4539
3028
3350
2511
1493
5340
6734
760
9369
8802
4166
664
8383
2430
7471
4104
8492
7118
6734
8099
8877
8103
8600
6606
6671
9392
1389
679
4112
4003
6058
9256
6488
877
6530
1816
9582
6230
4960
5146
291
6523
4884
1173
7090
1215
5803
5244
5947
8949
3660
1387
1780
6898
2317
1080
6274
9060
739
3255
147
2627
9124
8336
4960
7225
3283
2911
797
5729
502
4838
6023
1406
2679
9978
2696
5966
8486
7881
466
8607
6320
8087
9482
6945
8841
9963
2203
6830
7573
3451
7063
18
7529
6399
1403
8426
9034
9800
9771
8356
113
4856
6455
291
3075
9135
7867
2368
6820
5888
7645
2313
4041
3769
3584
1923
2273
9446
6534
3307
762
897
2458
8629
5719
4756
6364
7563
1916
3140
8895
4791
8336
7361
2816
3114
9609
6095
9308
5111
8090
4599
5262
9452
1793
3996
1936
2287
2534
681
7828
3054
2902
4052
3087
6604
911
6718
4110
6989
2414
7324
9066
8549
8651
2321
9562
4630
6263
8493
1499
8314
8003
3133
4245
9276
252
8337
2152
9741
7396
2932
4060
2140
218
5427
9753
4469
4541
5936
8820
419
4274
1066
7510
2070
3144
2793
9861
2675
505
3686
2147
8656
560
7886
6861
2273
6917
5624
7338
914
1883
8054
8495
9481
1341
1933
1692
7586
503
1021
1020
114
4743
6460
9203
4016
5238
8290
722
7553
5152
4873
2777
2092
9847
5332
6059
5467
7547
8073
6359
1657
5268
8721
7170
2852
6349
5394
5418
7282
5669
3567
7668
5205
9732
6298
4336
5472
1468
1201
9636
9052
1860
6161
1602
3290
290
4406
997
9231
3399
6161
1530
1124
6534
5895
6715
5017
6790
3960
7834
3557
7205
7207
399
3531
8878
4053
4132
530
3134
5513
8213
340
8165
4763
2026
745
3557
1364
2649
1708
4547
6600
7233
4319
5838
9475
7453
8205
2277
6831
6951
6984
8998
7409
2165
7773
8127
9497
9474
7853
6507
1191
6812
551
919
2652
8698
4603
4499
7897
1938
5797
1156
3662
8560
3916
2855
2433
3686
288
4403
4129
4216
2176
1213
1797
5697
359
636
682
4288
3472
2908
9286
5664
1621
8514
2700
268
4404
14
4886
2688
3765
6596
8857
7701
3719
2214
1290
5569
7710
2994
1603
5024
5199
2120
1211
9306
1083
4689
6793
2227
876
1001
8511
3767
1707
4258
2746
5444
5301
5349
9406
8109
1772
2181
6113
3026
8217
2065
4251
8694
1724
9162
4205
3431
4644
4068
6556
2966
1409
3096
3706
5971
8671
2649
4636
9071
9175
3789
411
4757
2614
3911
8960
5844
3583
9564
1066
8514
2212
310
7847
5828
2940
707
2939
9799
876
3881
9548
4846
8322
6942
401
1479
4471
4706
9775
127
3710
5215
9009
1371
9093
1854
8957
9145
7942
8443
9522
1177
9694
7141
2235
9450
3932
7984
6313
5802
1540
4235
6076
6044
3277
3994
3345
589
6326
9052
2907
517
4798
146
8457
9691
7869
1416
1095
8183
8236
7165
4283
362
6470
6751
5003
9114
2765
1617
9319
786
1584
7302
9796
8413
7535
4108
1738
7525
8322
1236
1866
5908
5256
1674
3023
1511
6019
8547
9733
4902
5808
4965
7955
867
1524
8579
2635
690
5642
4345
7532
2322
3761
3115
3606
8445
515
1892
196
1148
546
8928
6064
8574
5303
1104
8825
6204
2741
855
7080
7433
9304
794
6232
5844
8967
5074
4647
9838
4715
8386
8713
6032
6762
4940
1339
4817
5024
4283
1248
2681
39
6334
4862
6096
3754
4288
5017
8473
2388
4014
7381
4382
269
1673
8739
9788
2409
3168
2221
50
8120
2762
5371
110
9144
9315
2585
7751
6595
8537
6841
5461
896
8986
4579
3894
5022
6202
9453
9119
5781
7497
8913
260
15
6061
1415
293
3051
9170
3748
156
1002
8216
5840
9104
5060
3665
5158
8370
4945
1978
7566
8641
5836
3919
7484
330
639
9810
2796
1218
58
9266
7069
3949
5405
4099
1717
5143
8139
3129
5382
4305
7167
4200
9477
2986
8953
8056
106
9867
48
2150
4576
5517
1156
6558
2019
401
3929
5329
4445
8813
6277
6617
496
5154
2752
3422
6382
8195
2053
5022
85
5622
6999
4517
8285
2237
1542
2405
5434
7079
2996
2412
2879
7375
10
7235
5567
3018
4454
7442
8489
2095
3999
7068
7819
716
4285
6032
490
7404
4077
3597
83
9698
5483
8190
7907
5628
8954
5723
815
9467
9880
2161
6321
3055
70
5425
4228
2176
9854
8171
4138
7682
4114
2739
4769
499
2244
7077
1150
3230
7240
8611
4170
3878
3826
23
9803
9853
5811
308
3078
9338
8890
9848
6547
6620
7996
6769
8289
656
4292
865
6682
3813
6045
5851
7705
7882
7620
6258
1954
782
2247
4137
2077
6879
2290
2188
1715
8607
6697
8477
6426
8204
2509
6958
3631
9731
2473
5746
6289
8103
8470
4585
9774
2796
7402
6646
4383
6668
8106
3235
513
7070
5634
8441
8940
9513
8683
8681
8803
8848
14
4258
212
3654
5590
3185
8099
4730
7710
4279
9526
2731
5245
8545
9306
949
1150
1913
2136
1003
3862
6745
2520
6195
1452
2265
8995
5697
1239
8148
9918
8590
3384
6026
1992
5938
7461
2581
7227
3485
4512
7011
5665
5302
5224
4842
7532
9486
6304
7515
2279
1718
7740
8218
488
7033
5582
2662
9303
8280
1901
5891
7701
805
1428
6761
1332
8225
2562
7735
4301
5383
7568
8335
1206
2997
558
742
3543
6623
8760
8878
9845
7274
4407
7018
1091
948
5155
5753
1688
2517
4496
5849
3816
7328
354
1020
7789
4998
860
9675
1643
7911
1888
9263
2036
7728
9283
3953
3981
1632
3031
1795
7894
4278
8087
683
6183
8847
5366
5541
6290
2760
8070
3838
5358
7240
2828
2670
8074
4621
6308
539
280
7963
1789
8638
699
3252
6791
4838
1685
3793
8296
7521
5637
9437
3974
4713
9746
911
5551
2203
676
2636
9851
1835
643
4234
3331
7280
52
620
6661
2980
4960
9415
2702
1591
4397
5148
7837
4790
4577
4950
6456
6623
6386
4776
901
5769
3779
3513
3244
635
6887
7867
3880
369
4061
537
2207
4179
8002
8148
5497
2929
5806
3568
5534
2852
4969
6994
5177
5222
4577
5309
9727
4435
6662
2183
3442
4414
1186
2561
1161
47
379
6808
7183
4037
8683
4581
8116
7907
9980
2324
930
4326
8989
4221
1746
5722
6436
9363
6086
4793
6241
9159
3419
9512
3035
5964
5288
6526
6025
4525
4754
4889
5817
8891
6872
3038
8001
6806
4432
5692
9087
7578
2787
2968
5117
6180
3087
8552
340
8735
8657
6254
2268
4423
5088
5805
6458
8926
4689
583
2854
4385
6440
2585
1102
9200
7940
7837
650
8126
2459
6387
5771
1982
2293
2910
3477
3143
2046
4232
4925
7648
3917
9367
1894
3643
8869
5716
3255
2270
6944
3608
6586
7108
5639
8926
9828
5706
7238
6678
5293
7613
175
2271
365
7890
2326
894
6082
3704
6953
8763
9516
2115
1368
2432
3498
1456
933
551
5182
2687
3708
1929
943
8121
8085
8194
2475
3125
7649
1484
9065
9678
960
228
8742
6492
8578
7003
7068
8883
8873
6008
4310
9766
3522
3562
7501
4573
4293
3954
384
6938
407
1154
4759
2565
1525
359
1856
2104
7364
4000
8252
2052
3109
8950
9290
780
2375
759
3978
6201
498
9945
3224
6845
1213
9485
7140
9268
6397
4883
1280
6304
8330
7225
1636
7788
2766
6743
3065
1872
7771
9775
5695
6930
2484
9700
1412
2967
1737
2354
3892
8939
5243
5750
2222
3270
31
9422
53
2450
4409
4578
9150
7428
3822
8857
7439
8803
4795
8534
9261
2383
3342
282
2533
9252
1211
495
9523
8198
431
4586
5120
371
9421
6745
115
5526
1728
3246
8806
3898
4354
9399
2507
9362
8970
2049
5895
8051
1057
588
4603
6822
9000
3944
4561
6565
2683
7522
5995
6942
6850
9431
2151
1596
9873
1813
3272
8656
6747
4792
7491
8430
2710
7666
5826
7013
6746
7062
9374
8640
3989
5477
5620
3050
4800
3176
1367
2841
3674
7328
9576
8912
2964
3721
9334
161
1514
773
9694
1889
4367
5208
3590
2391
8687
6026
1555
4455
3466
3804
5176
6128
7045
5445
2394
6979
5997
4040
8482
227
7456
1549
3274
7283
2595
1044
4656
6465
324
2820
2195
3873
4997
8288
9573
9495
540
8817
1414
974
6205
2781
1181
9543
2548
922
3429
2294
367
8193
2323
4739
7747
3418
6135
4408
3433
1686
4894
2542
1016
1396
2012
1561
651
2182
3460
7903
1490
4814
6787
1729
3867
7674
1747
4113
9881
6939
330
8375
9394
6437
4976
2487
2596
8411
5557
8351
9967
3533
3470
4942
8567
5230
521
8176
160
7820
8076
3984
5510
6449
5758
3733
6868
7671
5636
1138
2666
876
4589
8804
2477
4554
6011
8322
2768
2997
3503
4659
8058
9998
8106
3664
4412
3221
5555
4273
2076
5818
8707
7821
1130
8008
1316
694
488
1927
2031
8504
4690
5419
510
1237
8155
7017
5169
4444
6959
9094
4251
8865
3024
8855
8063
7858
3345
2321
3167
7935
2298
9015
5288
4392
9278
3137
3103
7927
7901
8014
4402
4159
1666
5534
745
3617
1529
3046
8378
4601
6714
5570
9795
6408
8864
7074
5874
3834
3499
9763
7731
4337
1479
5136
3474
8576
1818
6058
8194
7136
2646
7255
6137
4909
9653
9057
5881
1253
785
3132
8909
4573
3982
4940
4117
6942
491
4989
7075
1988
1280
4123
9574
6025
9820
8194
1845
3189
432
4206
6992
7085
7092
5058
357
1917
1392
1802
6645
1817
4653
2659
4951
3506
9455
7099
6676
8145
6015
648
6587
1296
1967
6472
4627
8386
570
6334
4313
4559
4054
887
800
7810
8765
785
1990
5193
9299
8955
3815
4876
5319
9158
6054
6273
9314
7186
4797
1336
5717
1963
2521
1654
6848
372
4758
9
4068
8431
7590
6911
6722
6191
292
5484
590
9463
367
8452
7462
5159
2347
425
2750
827
9679
7191
7998
1049
6845
6012
1644
6902
7709
8010
5016
4112
4879
2980
3664
6616
4934
3211
7070
2694
8306
2889
7903
7784
5654
4556
6047
1452
6370
4544
2909
4006
2363
4263
5210
4268
5869
2020
147
3062
756
1279
2709
3308
9149
1244
9019
8062
5459
8029
2985
3057
2464
5293
981
5602
6320
6052
5780
5066
7878
5133
42
6101
6302
8441
5781
8278
9309
1155
2465
4766
1134
8960
2560
3652
2882
473
4436
6372
2387
2077
1649
2437
6855
6695
644
141
3091
7897
610
9268
6244
9521
1764
2711
6836
6586
6363
54
9155
2718
8238
64
642
9366
2552
9844
2526
4928
8254
9626
7873
9321
4671
2279
6711
8804
7818
5207
9192
5776
1000
785
4649
7908
8235
4436
9568
5774
5553
5713
2923
92
4912
9489
3651
817
6965
5699
5535
3740
3598
5383
5762
7858
6525
9424
2662
9370
1417
3605
6017
1349
8009
942
3088
7670
451
1571
6820
8634
4517
5614
9824
7024
3314
7319
5805
7092
8042
9910
7804
8928
5443
5495
8253
3368
7059
5026
3796
7945
1750
886
4044
2595
5913
734
1978
2932
5793
3733
4222
49
1039
700
7189
2347
8537
9325
7838
3620
1801
8262
7829
8094
8530
9460
8417
5826
413
1426
6060
3139
8599
9143
8128
2090
7185
3266
239
2906
5289
533
879
692
6165
9829
1074
4894
5928
7280
4675
6246
1388
7817
8936
941
7357
2854
5039
1389
3827
3031
7888
4142
2160
558
4869
3044
204
6451
1894
8163
9210
8255
7015
2446
605
8373
7102
6868
8772
6223
8071
7067
3529
1219
8803
8378
4927
2191
9056
4929
2868
6215
1734
3181
4463
7311
165
6433
9383
3094
6574
8265
198
3860
1525
9579
3210
6696
6023
5313
7851
9038
4035
194
6739
1396
4406
6530
6739
8546
3992
8271
3884
1648
4348
5455
1012
3343
383
4820
1130
6977
4364
488
3079
8714
162
2372
6557
7320
9486
955
618
7474
9543
9314
6806
7460
7913
4843
7213
9197
4743
5904
271
9309
5128
9949
7647
7224
89
3592
134
3743
6132
7823
1210
6989
4139
6999
1451
2486
28
3069
6476
6226
9853
3114
1458
4665
667
9168
7677
9591
6178
5877
8075
3849
3698
3561
9202
6876
4923
478
4648
947
7632
6487
2663
634
8879
5221
8015
896
3372
8541
1116
3533
4559
6147
9625
7651
1786
1536
974
3847
4858
2935
9064
6305
7150
7667
8648
6979
7362
7725
3690
7581
2329
50
282
6403
6821
5636
2035
169
8098
3800
9093
4767
6375
9668
8316
7251
6436
146
4522
904
7889
6766
9469
907
8109
5355
9603
321
1863
5731
60
4933
3164
3635
2665
7321
389
2081
7323
8419
4470
2009
8580
3613
7603
572
1492
2163
3473
4549
9425
5970
4403
8886
9359
6661
4534
3759
8835
6582
3912
9330
7378
3734
8376
7348
1099
8857
5349
9364
7573
2116
6941
3644
4922
3652
2991
281
2808
6262
8499
3066
9635
6607
7835
8804
2937
4016
4585
721
6298
6140
6369
9197
7173
9493
8353
4512
9007
5859
8002
3033
2650
4640
2674
6001
9528
4301
7676
685
944
5541
4224
5952
6633
3610
3998
916
2637
3154
580
6563
4650
738
2873
3330
3661
7789
5454
5458
5257
6797
9080
657
7543
565
4241
5075
7008
7726
2545
3177
4549
3845
467
3473
3100
8038
4697
9675
4648
2098
5912
4924
6325
235
124
1482
1741
8811
5431
2972
485
3520
8826
3979
3095
9617
4153
3704
3452
4866
8901
4240
4517
320
9302
1245
4770
5197
9230
1753
4059
3287
4738
9224
2157
7827
8253
7588
6862
293
7588
3788
450
4132
3029
6829
8872
4780
1994
8931
6635
8178
5824
4131
5384
7253
7785
1551
3349
1608
9853
196
356
4717
958
4011
3380
9757
123
9386
1835
8608
3377
9150
825
314
7061
9654
5748
8989
2810
9868
537
1416
3650
8381
3477
7522
545
4587
1294
2592
4610
2934
958
1628
3627
2943
7791
323
8139
8623
6021
921
2705
8768
595
3519
2972
9315
8457
3899
6589
4204
8099
2955
156
875
3168
4536
5207
3033
8734
9181
2559
8538
4604
679
6414
2736
1933
6127
5260
3706
7236
2335
2868
9079
3219
7774
906
5997
15
3566
7
5788
9316
7739
778
1833
1986
4940
876
4957
3831
2470
3704
5298
4861
1498
8745
6911
4783
9301
8826
1422
2916
928
7282
8651
3745
8183
3577
9633
5043
2790
9259
2945
1819
7529
5194
3131
652
2237
3089
6377
2626
7806
8719
666
1391
2813
3648
4426
1714
7881
6433
1049
1854
9371
572
9408
1600
1792
5074
2367
3372
3041
8898
6791
1513
3928
4791
9099
1469
4755
9754
9003
236
1738
725
9335
7107
3359
9873
2353
5197
5653
3051
8598
1530
9690
798
3982
7750
6826
2715
5774
8871
6196
2203
9266
8324
3458
7556
410
2149
2945
8817
3955
6279
8225
3188
608
7328
1542
5476
2864
6298
237
747
4523
2329
7261
6463
6228
2285
9532
6905
3120
6986
56
6024
94
2564
6427
9622
9774
4315
1027
8477
6417
2171
9706
1454
3312
3237
964
8321
6419
8732
5890
2257
6254
1042
41
4331
5274
2123
2565
3542
5797
2757
2224
1918
9783
7409
7846
8481
9157
1124
2712
739
521
7377
648
6164
8507
3094
5198
2226
9774
7880
6642
323
4258
1238
704
4164
3749
8136
6223
2837
9044
3853
9950
4854
5741
8338
4280
176
8785
7453
3363
1162
1991
5964
2722
4035
9662
9910
23
6365
2269
3462
2057
7201
7603
7671
343
3715
5862
8162
5980
1188
7100
9367
6764
4030
3409
2912
2693
2928
4515
1321
977
5120
1527
2110
8295
9957
8027
9477
5966
3473
2759
5567
1226
5710
5712
1237
1409
2215
753
2580
9704
555
2886
3617
5622
2346
8925
3791
1052
4226
6492
8934
3607
9761
1778
650
2379
696
2322
8004
8822
8133
2175
1188
6751
2591
9618
9531
7455
9940
5111
8445
4334
7713
3460
6768
8286
8991
7837
9492
5664
1694
5089
5146
352
1381
799
266
4469
2504
443
1201
993
2301
1480
4109
7463
4417
7827
4309
1054
456
60
6133
5912
7846
6827
3084
4390
9106
2221
2054
9203
7416
9721
8622
9797
3760
2278
4863
8851
909
243
8728
2935
6158
8395
5298
4333
3737
5358
5026
1180
508
9398
2494
3826
9596
4022
725
4630
3465
8547
7697
3381
799
9173
7162
4180
4582
1732
9180
5304
1755
2831
1668
4373
6760
3218
4568
6666
3018
2125
7209
8760
514
7354
8053
3148
793
8807
1838
8904
3576
2936
7049
4388
1208
1080
7157
9412
4389
1562
1507
8829
7577
9185
8026
6119
8303
3398
6911
7807
6727
332
5330
3270
2708
7197
8633
1697
1389
1130
1546
8585
9472
9246
457
7737
8066
5060
102
274
6205
7335
8040
798
6822
9793
4919
7473
4911
5113
7512
4288
8056
6398
5743
3258
882
9862
499
9934
9737
2371
7210
6890
8736
8228
3365
3784
747
2356
9518
441
8785
7159
6442
9127
7318
7608
2979
4748
5620
8868
8782
4496
1123
366
980
5834
9433
2934
4123
5597
4495
9599
7686
7066
4986
5331
7354
5236
5388
2793
9156
2934
26
3302
6283
438
4742
4024
2752
3282
3404
8919
9223
5521
6293
5104
3084
4321
8701
8053
4122
9568
3530
7453
5437
7086
2916
8498
1752
6432
9943
6716
1621
7000
9749
2723
3436
7503
9522
4506
2245
1080
7465
9888
3817
2132
2508
335
906
1133
2755
4445
3062
6488
1629
9519
6044
1148
1211
1453
1408
7762
1914
2619
8776
9063
9499
1435
6609
1350
3987
7234
5381
7527
657
8786
7256
2905
635
2270
1685
6227
2475
3024
3026
1364
9952
7349
4255
7119
9369
6464
4538
2364
127
7646
5744
1711
7523
5627
489
5477
9017
2416
6928
3227
7493
2644
1352
3740
8064
1749
3487
1288
4183
9210
8386
6145
7960
4223
4763
7613
3460
1024
3059
7458
4455
5948
6169
9393
9689
8255
1522
3141
5699
1512
9855
6991
4139
5224
3204
625
98
6910
8716
2645
2545
7407
4823
2325
7084
2375
3264
5494
6298
6090
3498
6887
1166
8260
1585
3178
8765
2341
2405
6265
9080
1303
1305
7634
3233
5158
1713
6103
989
1770
9034
1516
5871
6268
2650
5080
6365
3884
4829
2950
7644
2988
2488
4618
1465
415
7307
8552
4364
5552
5031
5252
9573
1043
1507
8747
2760
8929
3289
5001
6529
9324
6110
8224
6182
7217
2708
8677
9266
5542
8898
6077
7222
8211
6564
7349
919
2056
2989
4919
2277
4157
4234
8903
143
6028
9728
8765
280
3701
1707
5435
7364
8422
8462
6400
8007
4826
6069
2931
7777
7950
8417
6188
362
2124
2814
697
4228
7393
2804
3921
9785
3446
8406
7843
9042
9510
6326
5605
189
3963
4006
2747
1693
469
7862
9020
3032
9880
9976
921
3436
9099
4005
8216
201
2915
1235
8717
8724
7245
2453
4707
4026
6010
402
4880
2017
516
1828
3442
5257
5892
4713
3473
1367
8820
7080
3404
2893
8547
6008
5598
4070
4274
9689
4770
3009
5020
8454
3834
6385
6266
1548
165
2608
8571
9507
3108
8463
7354
8455
2464
1203
269
8758
2239
3699
115
9286
1716
8907
7380
1314
9317
2208
6251
3596
445
2166
8045
5241
3785
2482
5144
735
7962
8920
5093
3177
8300
3389
8105
8109
6581
7125
3667
639
7102
844
8841
380
3601
3118
4951
9483
7999
779
9176
2356
3938
7914
5918
3860
5303
9581
9060
5780
5204
1794
4767
9328
6945
8583
2053
6519
8305
5805
9735
8531
7824
2800
6452
2453
6413
8353
2983
7592
3983
7329
2729
8890
870
2607
788
5996
4808
1349
548
2146
4730
855
8878
6263
6988
1167
9672
9617
1578
943
8242
8389
4172
5904
8468
5450
9150
2770
1001
5022
8834
9191
5785
2842
1301
9068
3982
7923
2671
9035
9177
5526
5540
5215
3119
8958
6317
6609
4081
7161
8092
27
3186
335
308
2280
7693
8884
5065
6574
2014
2131
590
9320
8223
7029
4276
1857
1715
985
1329
3609
902
4954
8596
7874
857
4570
9766
4941
24
2749
3156
2047
7039
6608
6563
7944
5426
7563
8487
68
2785
4377
5714
1447
3305
5479
185
8474
4684
6666
1212
2638
1565
796
8269
3945
5537
3237
8045
2459
3240
583
294
836
3041
6573
8367
6619
4044
1048
321
9117
1466
4196
9158
1204
843
3814
9123
2403
2421
8566
9440
6497
7477
5885
9721
9345
5110
2830
9932
9779
1558
1280
2225
98
3619
5356
8886
9033
7071
3959
6171
6193
7153
2008
9136
7081
2479
9627
3911
5582
7863
5277
3678
1487
5913
7305
4038
152
842
2182
5884
1211
5912
4367
8500
4062
5280
5870
8254
6347
5866
6343
2644
1426
9473
6047
8978
5772
5153
8388
7526
9547
348
3334
1986
2196
5333
1314
7707
1907
8659
6670
2256
9902
6705
3562
1092
7730
3303
4483
756
652
4309
3306
6774
306
9019
3922
8403
3672
4577
4578
8357
9176
3570
8420
7764
6107
6035
4725
4592
8516
3873
2277
6430
6978
8000
3986
815
5352
6064
8478
3344
4335
5931
5206
2048
4570
5714
4073
9767
8534
9514
9939
5138
1929
4055
4548
3361
3198
3696
2557
7507
2684
5760
8853
6733
8025
7630
2169
7531
2223
5489
839
7864
8614
2703
8195
4960
2324
8540
6868
3225
1008
805
6965
8102
8110
4089
3072
8754
9365
1761
4272
1777
170
793
3429
6991
7733
3487
6905
9604
4139
9232
7891
5700
4099
8369
73
6008
3501
2180
6618
5798
2602
3844
1078
7739
1386
1999
6522
2591
9096
8297
3116
2585
5526
6290
7474
1638
4062
5794
7142
796
8095
3730
9530
5048
7349
9258
648
9144
5569
1297
4295
427
9354
6833
4876
5027
5563
2146
7526
4107
1890
8037
2994
626
6478
7399
7884
7546
9972
3414
9140
6426
8545
5808
3888
3258
8970
5391
596
3563
7241
7534
2754
1527
4013
1977
7413
7676
9529
7007
5194
509
1153
4636
7917
535
9191
1910
6659
151
518
2450
2755
3302
1162
3587
6668
3401
2950
2242
9059
2873
4007
1006
7922
6346
754
3513
2886
4182
8983
8980
3946
3725
7865
778
8996
4400
3778
3639
6396
2557
9581
9977
151
5736
6985
5443
1259
2170
9613
7028
1822
9272
9516
5002
4060
1254
5826
8640
157
2818
6308
4274
6132
3622
8299
2176
2929
198
2281
8916
7133
8437
7233
2660
5220
2181
4005
8754
1414
7304
7742
7176
4001
7691
433
7338
3413
5910
163
5347
3800
2670
8309
1767
3419
6921
4416
4662
1768
2147
3207
1130
9514
4236
5717
3140
1769
2694
8609
3555
8896
38
312
221
7034
4440
4988
6447
6268
3959
7400
8368
8058
6955
2619
1875
1398
7333
5661
4166
5703
2821
5384
451
7720
8838
9152
6587
4993
3851
2399
6538
1607
739
964
7951
2791
6893
4501
9414
647
9498
710
6748
4477
4718
3530
4052
3534
312
4516
2375
4526
5600
967
1629
9800
6222
7201
262
7554
9243
944
8314
1404
7473
6198
936
9881
5535
676
5792
2917
5341
2951
1172
2385
6382
6505
5882
2011
5350
3440
8955
2111
467
982
4880
6693
6642
3440
5891
5775
1097
6327
7936
2931
1950
4623
9941
3424
2859
6954
4413
7018
9138
881
234
1527
8194
2115
3969
4738
822
6084
9522
6918
8039
9460
5345
229
2890
5619
5586
5685
5878
6381
5908
6881
6860
5087
6141
4853
3043
894
9147
8292
3947
3200
6996
1740
6341
6557
88
2435
2110
9386
6934
4508
1134
5364
7220
6151
7739
125
5801
3940
3693
7699
7074
590
5294
9216
5071
7342
5829
4777
277
1669
6664
3725
5046
4761
8884
7373
5468
8703
3870
2022
2578
8662
1978
7839
7541
6121
5909
7753
9087
2261
2181
5359
977
2497
3125
8654
1450
196
8581
3639
2187
291
3496
3147
2690
997
7883
2065
5584
173
6653
1648
3649
2431
9536
5091
3565
3664
4606
7926
7559
1490
9439
8491
4167
842
4036
883
1486
9915
4630
6718
1950
8495
3872
4839
2471
3679
7799
6667
9410
726
6087
5348
3511
6207
3564
7599
3465
2258
2255
1057
4657
3912
959
3643
6340
1987
8543
5568
3893
6013
5054
8981
2642
7314
1891
6088
8829
3238
8783
2463
1276
3122
2171
4115
199
2058
5104
8116
6458
7944
2656
941
1287
453
2405
7666
5741
3470
7229
3163
5232
328
7825
9238
9623
5922
6213
6032
506
6968
7827
5821
1921
6798
7455
8443
8521
7162
6312
756
3076
4011
6812
3714
1829
8224
7999
1550
7900
2013
5888
1372
861
7980
9309
8329
7399
344
7493
7434
4321
5239
113
6690
581
9964
4334
1642
8720
5603
1467
3697
8535
4440
7527
506
7129
866
1593
2202
8389
9357
6973
1278
6472
9689
6304
9151
7845
200
4250
7262
5219
6106
247
1287
4685
8888
1148
568
8213
3000
1545
5725
1517
7337
2756
2484
4758
7135
8574
2016
6234
5207
4027
4495
1574
9393
8330
3608
6863
626
7350
1099
343
6529
2180
5014
3240
1479
3221
6189
4080
6830
8913
6901
7105
6553
3806
3764
3091
8058
3143
2708
4531
3754
8176
6256
5128
5386
983
5617
6142
5390
4464
2681
9373
9325
5845
6927
2514
2800
634
7885
9203
3775
9252
8883
3054
5452
1788
6722
6320
244
4823
2198
2786
7316
5524
6925
9984
4095
4268
2068
4929
7785
9509
8858
2572
409
1907
759
5972
1721
7182
4413
159
8067
1508
7226
1742
7780
3100
8904
4882
3006
1368
2083
631
7803
2928
7352
5794
2633
4098
8824
2
8536
6762
8610
4580
2838
8550
2228
9685
574
9808
1778
8253
8956
6151
3902
6007
1195
2139
683
3135
1652
1466
755
9092
7874
5693
7343
2798
8236
3010
5176
2556
1477
9949
128
6428
9566
5307
8171
9825
5379
9733
1437
5485
1260
2989
3893
8588
1631
1977
5596
6126
7235
3834
5594
9000
7852
1059
4873
5184
3802
2956
688
8545
5185
8162
7212
4380
5090
4173
5120
4631
4899
887
1749
9411
2940
2593
4093
137
9749
7510
2003
6781
6660
8722
7067
1683
228
3590
6254
1075
8239
2087
8963
4861
8699
6190
1092
9580
8961
410
203
546
5002
40
4484
326
2612
5699
2091
6649
6145
827
2608
5836
816
3192
6650
4722
940
2137
6547
5244
1838
426
6415
3708
7943
8494
8429
3522
7700
3251
7318
2319
8128
573
4023
7867
910
9328
3042
3383
213
7956
5872
1705
7317
9325
7731
8921
2488
8177
5165
5876
3853
6366
8453
7569
4656
6601
4203
6404
5902
6853
9815
9879
8636
1101
3768
9937
4432
3601
5901
6045
1438
2591
3204
3079
705
955
6097
3494
6980
2070
3240
3476
5624
1066
4407
2373
8617
639
9182
1830
2085
2163
6349
3403
1658
7169
7329
9463
6153
7292
7749
2699
2273
8031
2725
7224
4647
8563
2898
8790
5190
4858
8841
3829
71
5169
886
6486
7701
7965
4938
3366
2138
106
2738
6741
1514
6283
3756
6119
2651
8324
1658
863
7096
7670
7796
9995
2123
9049
4027
9340
1376
2225
9779
8932
3126
834
4944
4762
4894
5432
3449
3202
7519
436
99
1640
476
2283
709
84
9884
410
6379
1583
2246
1630
542
2561
2334
8912
7229
2854
1452
6102
3691
7227
4651
836
9360
6316
7315
2410
9995
9015
1055
8183
7469
9302
1322
2537
8518
3918
8955
8230
5339
7690
1587
9770
3803
8836
2448
9131
9872
8510
6407
6823
5704
5985
6530
7154
4554
7361
8026
615
6997
8178
9060
5814
6464
8001
1252
2394
3254
1219
8839
7252
5864
622
5285
6179
2833
8551
6071
7708
7033
6413
9089
4026
4479
391
2405
4550
8432
4601
3516
9442
5352
168
9488
7165
7248
8533
7006
3474
3274
1310
5932
5752
3548
9259
958
3696
7514
7858
8123
4923
6585
2719
8309
1769
7387
1624
1932
8356
5484
8936
1885
7030
3005
8980
6399
3938
3953
5218
3434
8190
2705
1720
4812
6724
5192
8986
627
6183
142
8225
6451
7321
7255
3773
9486
9723
1420
6886
8258
9369
8542
6071
4042
1573
6834
7934
2038
3452
7682
4752
6924
216
1046
9864
5242
5166
6447
5861
7450
401
6317
8649
1426
5996
1522
674
7361
749
4825
8429
5275
857
9282
579
1938
4690
3346
7626
8902
1044
3197
1098
8125
6419
4403
6246
4629
8922
4306
510
8263
7126
2490
2470
7528
7282
7319
761
7332
1882
5026
2435
4418
2
7155
7381
6136
3980
6873
7863
500
1648
9506
8797
8437
9502
4990
6795
1979
722
9531
8196
1648
6646
6608
5410
2920
2481
6667
3692
3100
3277
5634
7409
5991
967
3387
1438
6175
1860
814
3837
5761
1266
3592
2274
2636
3687
4345
4139
2056
7948
1352
1221
2893
1391
9588
319
8914
5255
2588
8699
3954
580
3477
5587
5804
1879
9740
9592
2938
4602
3212
2016
8980
2872
5424
7278
1600
2676
3752
1674
9959
2036
1018
657
6064
6610
6809
475
4267
4386
1892
1686
6274
6828
9969
8602
8981
9709
2841
5883
2220
6656
6966
7118
6575
1709
4536
8322
9070
2770
2094
3408
5398
7735
5530
3062
3474
2954
1415
3326
5131
6283
9403
5067
5754
7774
8264
5089
9594
4892
8025
1099
9227
4080
6456
1474
2537
1845
5234
4533
6379
2993
3519
850
8965
9855
5995
7056
6495
3913
820
4886
8304
772
4388
1154
1683
425
8475
1537
3798
668
4003
35
5367
6927
6723
5454
708
8963
2348
9968
3345
5119
9370
2994
1783
9887
387
6947
7957
427
285
3478
3248
3470
8924
4580
5682
9226
1278
9764
5118
89
3359
8253
9109
817
9058
798
3079
4410
3469
4440
9231
6475
4165
1791
5566
658
6191
6794
9052
3511
7078
6804
3725
8274
1133
6705
9849
1237
2746
6627
4251
8756
7050
3382
4911
7893
8074
3430
2329
3384
2297
8234
387
1629
4260
7032
2382
305
7460
952
6803
1464
5899
5195
8782
2768
2958
9063
8280
3690
9149
3513
514
9455
5747
5910
7295
7539
2586
3411
7216
4901
564
4235
598
5777
1582
1462
6410
4278
163
873
5986
3441
8052
1854
3287
4241
5446
8769
1725
2118
6152
2754
2049
7277
5738
7686
1394
1233
65
4887
3225
4306
1568
7616
8120
9102
2182
2658
5908
8821
8778
5739
3761
6594
5041
7195
2042
1292
7005
2999
7708
883
6385
9144
7096
4481
100
9921
2329
7653
2247
1592
9794
221
9699
7114
7523
4990
1961
8292
6674
3482
5435
5677
5597
5918
8006
174
6122
9712
7583
5399
7984
5833
5096
6789
367
5906
7019
4144
550
5102
8040
7087
1226
9295
8913
4438
8204
8645
4048
825
6210
5611
4462
3540
6498
5499
2155
547
2725
7632
8978
5261
1999
9887
501
8912
6798
5651
9220
7400
4418
7846
1779
5819
440
1160
3517
5769
7206
9050
8085
1340
2051
3963
9486
6627
2007
4624
6958
1797
9390
9679
8419
2861
9780
3390
5375
6720
6184
116
522
1999
6099
4010
338
2071
1716
4900
9998
6646
3973
9754
3276
2805
8137
3706
4936
9629
5517
4225
3512
4483
8065
3061
4103
1220
6108
1076
690
4905
8910
8643
5594
3166
8941
6314
8772
4477
8388
5175
7000
3692
8314
4581
7560
6723
1670
7367
1096
2753
617
5009
4485
3412
5056
2107
2410
1396
416
637
6312
6710
8825
9955
5283
2828
8156
1208
3240
8950
1600
7769
4168
3965
890
5836
6325
3384
8021
9858
1985
3168
322
170
3325
8916
4560
2630
9683
1588
9566
7388
2675
8280
5151
5686
9347
7633
3495
3496
8764
8738
8252
4271
6560
9503
5828
5348
1985
242
7705
4677
5784
2710
3919
792
2383
869
1255
4239
993
5020
6875
1053
2665
3098
999
775
6862
8359
8392
1449
46
814
7366
8791
7925
4813
6357
9590
4169
8658
5075
5771
3839
2068
5454
1665
5540
5796
7974
6658
6057
6901
5062
3380
4496
442
1946
1469
8222
8802
5857
5834
9771
3062
3541
4882
3720
7967
3156
229
5472
7183
668
7933
9037
3821
4580
3466
7682
5145
934
1907
581
1746
7553
7891
3214
7092
3377
699
3279
2391
818
5749
8396
7803
9334
9747
7240
1992
3048
4068
9952
1606
9501
1833
3860
9367
9545
9007
9160
2408
6873
6808
560
6089
44
5710
5829
6739
3632
8457
6841
3024
8152
8889
3504
7698
3725
8139
5486
7770
7257
6281
367
6815
4557
2835
3042
5212
3630
6433
5026
9312
7180
7126
2511
3666
906
4593
1372
1052
2764
5313
9240
976
9826
9686
6968
6395
7345
4574
1815
2489
9500
8844
9669
8585
4685
7051
2748
1554
5806
7999
4502
4032
1335
4686
7182
5975
1356
8227
4051
3190
6597
3593
7982
941
7706
5559
8029
4731
135
4212
8321
5423
472
2769
2890
9825
3451
4919
9111
1317
1169
1627
8387
47
3663
8207
4999
1639
6052
4552
3493
896
9550
8526
1809
3552
9677
2619
6761
6937
7894
7311
8183
3954
5834
7123
5871
6199
9251
4090
107
5153
2947
690
3543
5946
432
294
3420
7983
9210
4840
6439
6210
8534
2821
3197
634
3573
3148
6112
296
3308
8107
7725
7490
3274
8181
5973
5684
606
5610
9968
7387
96
8102
8976
2215
4991
1296
202
9831
5387
8655
3434
7922
3510
3862
6991
2339
8588
5198
667
3724
4846
994
26
3709
387
4281
9129
5424
2146
9987
605
3758
138
6040
2738
3706
9080
8252
7555
6850
7868
2224
7541
3302
8625
5413
2727
4858
4512
9214
1829
9318
7531
5317
3507
7950
4801
3464
4621
1953
2680
207
6629
5365
2856
6296
3521
4344
6365
8113
5892
2277
4391
6344
1149
5172
6280
9789
2525
2670
4258
4124
296
8070
6284
9047
3641
9184
7794
5762
4121
5597
7062
8316
6327
1739
5547
2532
5737
5944
8972
7052
7375
7615
5148
9809
2726
5662
3913
9286
6407
7634
5233
7847
8624
6951
6375
7897
1229
1720
6400
1419
6371
4531
2788
8955
6223
9112
4385
5313
7705
6089
3654
6715
6475
8710
1864
8690
5890
4220
8970
3895
8939
6351
3496
4116
4756
1263
8107
2311
2208
6135
8009
1671
300
914
6728
2784
8991
4653
5259
5885
3318
9110
8298
8151
