2334
3890
7899
9407
1293
5593
1993
662
4310
7283
3264
8371
4345
5593
2909
669
2078
7006
9178
9518
9790
9
5043
2931
2652
7113
2259
5296
9476
272
2542
8702
9144
7398
2170
3534
4512
5134
1091
8682
1087
2984
9250
4078
1515
8792
3171
5956
2776
8754
8807
7045
1502
2102
5090
8541
947
9240
4021
5496
3828
8900
7956
5874
3536
3493
1493
3653
4381
9646
8966
7081
4047
9683
8418
7145
1527
6596
8012
5406
3650
8935
9427
4042
6369
9085
904
6812
5323
9214
9416
5217
3782
7738
3528
3960
2739
750
5084
341
1344
7810
1927
2681
2845
7312
5873
1072
2670
872
6752
5112
2529
1916
6162
1580
9461
5904
3581
6784
3672
8919
259
6174
5190
3743
4627
1117
4865
6535
8735
5819
2656
2439
6759
7487
8567
4072
7651
6727
4021
3651
4461
2974
4274
7001
6148
3889
931
24
6849
1860
5913
2142
8814
3932
266
3301
3769
5186
8109
6738
725
9075
8789
3414
7634
8059
710
1666
1960
945
1882
4725
4282
6150
9951
7262
3576
5275
1928
9340
2990
5156
3975
8322
6676
2731
6035
7374
7856
2099
8020
1528
1448
3472
6918
7387
2851
2611
868
9587
4303
9098
5148
4273
6091
352
5025
8939
8815
7273
8533
4612
2703
7713
1996
7322
9005
498
7286
3139
9023
7061
7828
2570
676
5474
253
6552
6456
8659
8095
6620
7335
4562
8196
7672
9727
7013
5698
5381
6668
4198
9798
5576
4967
9256
5989
8648
1220
7935
176
5613
1998
3471
7353
6216
6442
2194
9689
3613
7058
6836
6746
892
915
1087
4290
4894
9300
3388
2179
8904
1870
5205
7476
7351
331
2309
60
8029
6813
440
1910
5773
7142
3539
8693
9783
2628
1641
1829
6384
3657
6814
3888
2383
9487
3632
3897
4168
1510
5772
8023
7188
3141
8982
7206
519
6778
2030
2588
34
6095
9362
8
9179
3195
8293
9423
6411
7606
7541
6716
2270
2846
7308
2874
6093
1257
536
1890
1252
7186
902
566
5500
8231
9709
1451
2568
630
981
4222
6447
6000
1347
5555
5320
6748
1877
6244
9333
2667
9523
9278
6037
3038
7128
9652
3475
2080
473
4970
6692
4194
3648
9013
7131
2765
2979
6986
1946
9502
6460
72
4370
8225
9663
8121
4804
1944
4154
5634
1566
993
5788
495
6965
4300
295
8392
6613
6911
2833
6393
2880
1965
9719
7869
1245
2668
898
9969
8216
299
9087
4229
1155
1600
4650
499
8862
5831
8177
8624
8681
5838
5823
680
6124
4640
6446
5113
5934
2815
805
5096
5418
1633
2572
6943
7343
9386
832
4483
6404
1353
6044
58
9558
9051
3530
9277
4606
7664
8061
487
4397
1929
6172
1489
3534
6142
9498
9030
649
2178
1543
7946
4287
1991
2162
1943
5070
8691
5977
6565
1126
8021
7156
9144
6067
447
6189
1566
9425
9637
123
5050
8182
6058
3091
4708
2864
9141
7913
2994
138
7993
4305
5321
2486
2614
6329
642
6389
6449
3754
3305
9133
3506
3531
1790
4697
7875
2419
4396
1661
8383
8101
262
928
6158
7173
860
1762
3585
3219
4236
665
2519
980
9294
4981
3383
4525
5894
7329
631
2364
1593
9508
6786
7972
7217
3961
1561
8272
9755
6224
3734
644
2047
3712
4312
3852
913
2898
9511
8568
8450
5120
8000
8191
8835
8288
6367
1574
6879
2625
1877
6236
425
9663
2630
600
3243
384
6121
7060
8071
7010
2934
5451
8901
1971
5080
5309
3560
6454
3132
286
5760
8152
9187
2375
9191
8279
5746
9035
6698
1497
6061
654
1215
4248
8199
8844
1936
6203
2714
9452
5227
2672
591
5692
4794
7004
2516
4074
6695
8527
952
4708
7867
604
4243
658
8278
5459
2686
8692
4451
7407
4392
4766
642
1452
7501
5308
550
6275
8869
8228
9110
765
5096
5747
643
8142
6668
8538
2860
4192
3231
6429
7160
7740
6371
3575
7260
7379
1424
9959
5826
9967
4435
5358
3091
7453
6667
7904
3198
2327
3193
4214
1214
3175
5526
4459
8906
9583
4089
6496
8889
8576
7009
8177
9588
2619
7006
1574
2886
2781
9801
9931
5516
8734
5516
7423
4559
9859
2329
9393
3563
5343
930
3201
1497
5158
9758
9807
8277
8467
7263
4263
52
3609
7444
5755
4754
8500
5536
5429
9771
9697
7265
1087
6554
1808
1374
5500
2479
4031
1343
831
998
5294
5905
3541
8303
9849
417
4262
4147
218
9115
1731
9439
9672
5560
2527
1920
566
6854
1465
3423
4210
2130
6307
7308
8923
351
8640
5420
8906
999
7016
1338
9571
7072
4158
2555
4860
9429
9459
2335
9348
1697
6683
1866
7114
1144
6318
4755
430
9691
9679
550
8990
4666
6308
9564
924
3343
7727
298
9952
4766
5851
1619
283
9849
646
7564
8522
9348
8397
7507
6477
5196
8707
9856
5813
2048
6930
2567
2543
6442
341
3288
4587
2107
1781
4273
1127
7204
4336
9459
8959
2763
9186
4805
6075
7311
3851
3632
8729
4857
632
5952
9212
3791
6103
6217
4621
7059
4483
268
2882
104
8234
9125
2073
550
4221
2628
9346
9573
865
2110
952
350
3348
9451
4407
6183
3404
5105
5160
1036
1815
7206
8235
3915
5492
6112
8852
4671
6800
5843
4787
2706
7467
1068
528
1886
8868
3725
460
3909
632
7198
612
5700
1713
3042
7261
4763
4793
125
8265
249
6813
6942
5107
943
243
9897
6060
2762
4451
5543
3926
5028
7099
7176
134
1360
2
9648
3542
9105
3482
8555
9997
5482
4817
824
7884
6231
6641
8086
70
5264
9761
8646
3178
7221
5270
211
7784
505
6414
3408
4635
3138
482
4021
2179
146
3605
9284
3398
3497
1862
2503
8417
1614
3585
8835
9321
6467
7298
8210
4896
6767
6103
7123
8139
2247
654
2465
3245
9093
8155
603
9569
8794
9099
3237
4675
4831
8712
5323
4811
8759
9243
5127
8869
6130
98
6098
872
431
8515
5323
6134
5017
9498
7628
5846
1530
9533
2710
7937
2553
5571
7007
7070
6680
8038
5093
3315
5649
7710
6825
6528
6051
5341
2011
8718
1863
4640
7323
1599
959
7883
2499
800
3797
2288
7835
5612
1788
3754
2634
2660
7934
4510
4698
7073
4998
9617
6251
2780
6867
6893
9719
7970
2044
5268
3396
2756
7570
5541
7958
7512
3461
8341
413
4872
4792
6070
8672
2861
1725
8533
8757
5787
5587
1424
1592
572
9718
4976
5605
8637
6431
5416
783
9906
2513
5984
2889
9428
1470
2643
252
7965
956
8605
6715
662
1142
1104
5823
2504
8057
9622
2954
6544
8256
9585
8567
8633
5874
4342
8992
4345
8845
2983
8470
968
2093
1431
9997
1034
3459
3615
2725
3566
2904
9023
4716
2304
7189
6897
3777
4335
3964
2
4563
9957
5569
7513
2516
2874
5667
8409
4141
419
6234
6424
2482
5015
9989
4457
4638
7074
998
1749
9594
1217
3818
497
5820
8029
1078
5277
2704
9650
1203
6975
7503
1722
8358
8735
267
7075
9948
7891
8162
6057
3704
6036
3910
4856
7699
1604
7058
9495
3676
3441
6263
8077
1495
2504
8616
9479
7270
1499
5203
3059
9399
5644
7395
2651
1032
1648
5776
8674
7018
6279
531
3998
1320
2450
8815
491
3182
5758
8145
6852
4609
6133
3675
5749
3436
4192
3809
1533
5021
491
9557
2347
1654
9598
3683
3054
4290
9150
2959
6652
7457
9186
1768
7831
875
9530
8712
3695
8623
5332
1982
6667
9440
4867
4000
8132
8151
4565
3203
5454
9431
3721
7105
6700
4097
9078
4932
6690
3797
2048
4928
8782
5714
5317
9200
2556
4030
8879
1871
4550
6240
4486
9863
4645
9575
8228
3661
3248
6228
996
1878
5195
3204
3877
2944
4568
3412
2112
9121
1485
6039
1195
8886
3706
6700
356
3176
9668
6322
8780
3070
3734
4501
4613
7080
5747
3533
8211
2881
6568
3112
9493
739
3865
4643
6988
4935
9870
8807
7860
9209
1410
639
8111
1604
8114
5984
5637
8188
243
3551
2107
6310
3088
2396
9466
7983
4203
1454
2075
5230
3566
7494
2216
3846
7023
8458
6035
6609
6786
6132
2443
7927
6699
8842
161
4276
9337
3919
247
2950
3628
5109
5546
1221
3026
8864
5284
1732
6467
1452
201
1099
2771
6080
416
8714
6703
1786
6250
3624
1864
8091
5884
5187
5240
558
7352
8480
5631
9185
6324
9041
398
4444
5654
1368
7640
7113
3479
9489
4690
3308
4434
5854
125
1369
8356
8283
3787
3526
9232
1465
7308
3378
3134
6302
7543
8071
4730
8848
7690
448
448
1612
1482
641
6226
8902
4065
2506
5671
8061
5731
7170
8684
8247
9093
4241
3678
1621
93
1499
1935
9357
9509
4048
7784
3902
804
9889
117
5835
6793
6920
8733
6628
6808
6112
6718
7951
1618
6922
1845
2385
7582
6429
1590
4594
5252
6384
8737
3138
8814
9299
4452
5423
8226
8655
3022
4833
5469
3419
1615
8859
6249
215
8009
1190
7474
9600
4099
4345
3112
6703
7693
5468
4442
345
4109
1603
2948
5949
6304
3700
3599
4074
4270
3297
4127
6226
2123
1826
5128
4040
7313
1640
2713
7176
7044
2482
1149
8447
990
6173
8548
1789
7688
4604
8174
346
6506
6003
621
3045
1484
237
2307
4000
898
5244
3877
6048
3009
1734
9423
4587
8471
561
8079
846
9093
8774
8858
8828
3565
3351
9953
8967
7885
264
3684
6022
8188
228
8762
6367
2746
6759
5730
2510
5373
7815
7254
9822
259
9557
5533
5477
8011
2574
9725
8231
8173
9578
4510
9436
8915
3245
9108
7898
4984
2289
9594
6422
6923
8052
715
186
1271
1213
8348
1136
2248
834
743
7038
4858
5929
82
4166
411
8783
5002
3545
901
1511
5775
9460
2664
8991
4851
5474
8782
8328
8665
4726
1424
3632
7696
8783
474
2142
363
687
684
4176
7888
7961
9816
9310
3796
2081
9544
8076
7748
1920
464
1225
6143
3179
7639
213
7496
3980
9871
3165
4024
2903
2805
6825
2478
3341
9603
705
8097
9465
1695
7881
7215
1933
3015
4248
3434
8293
2122
6442
6959
3910
2440
3547
6248
9346
7035
9569
5932
758
3331
8205
3036
4547
2567
1920
3559
7365
183
4069
1447
7724
6595
4809
4255
685
4852
7566
3342
97
3807
7404
9572
3578
5966
9786
8949
3026
8057
2232
8743
9064
814
2436
7509
3476
5222
6310
648
6634
1773
1499
5499
8084
4249
1366
5868
1149
2608
2141
9488
9818
5682
2324
1231
3681
925
6561
4772
3231
7974
7516
8509
3034
4976
9797
3114
3086
5344
8401
3819
4528
5838
1325
1813
8527
1610
4951
7099
8024
3281
2843
2109
4864
7076
6053
2671
5024
7837
6876
7424
5653
6471
8179
7468
3836
705
2778
9879
3113
1933
8061
5537
6118
6
2183
9686
6099
2567
7401
336
9008
6809
6909
8734
9753
6634
1388
4169
6014
5415
3827
8601
2803
8766
2897
8513
6263
7612
339
6662
9765
3459
4209
4222
8147
2509
4056
2336
2100
9498
7799
1737
8197
3085
6479
526
2474
8683
3613
9780
2705
751
9202
7612
4983
1929
4880
4899
2850
8327
3626
2441
8497
9718
6534
740
8277
712
7832
5152
7995
6878
2288
472
569
9294
3968
2711
6484
2587
1761
9631
3282
9827
2047
8709
9246
4043
8356
524
1008
3802
217
7913
9649
5450
8024
9018
7626
8791
3588
9947
3384
1250
8014
6310
9893
3698
2783
4099
3373
1629
976
1507
387
2250
6379
8500
7045
7087
684
3166
1935
7582
3535
8680
5158
1259
1116
9614
7832
3680
5292
4945
9363
1105
8811
5271
3546
7653
866
3352
6422
3248
5829
1503
7879
4715
6201
8456
5665
64
1827
5651
7798
1846
9731
8714
9706
1563
5159
6870
327
7009
4755
3927
8701
1111
8178
5713
8089
4586
6930
8507
3232
452
1074
9284
3348
5535
5991
8525
9953
1595
8892
4698
7526
1320
1329
2759
282
9841
671
7962
5960
620
3063
6378
5142
9334
4505
8309
8591
9294
6419
2761
4012
1907
9607
6589
2399
1066
6917
590
8841
2779
5430
5620
1944
3212
9382
6430
9172
1484
9651
9782
7342
3270
4930
1535
1545
8820
8338
634
3463
7927
4831
1398
8923
559
3203
8761
1355
23
5355
9342
4301
3750
2634
4139
1697
277
3441
2584
5877
195
4777
5543
1538
4642
8962
1849
5629
4315
1906
6713
4103
6151
8696
2845
4761
7837
1454
5845
3318
6035
9789
1447
9284
6251
5813
6193
854
8811
8999
6960
6109
5169
980
9802
1800
2127
7151
350
2983
3281
9079
2777
4248
4318
3403
9853
8599
2641
4558
5139
481
3341
1045
2609
9173
4671
3835
5376
7534
4034
3763
1179
2387
6072
4323
42
164
2758
9221
7431
5517
2631
7607
5810
4122
5058
9688
1637
6030
8572
7488
3308
3543
4378
5119
2423
9040
3083
2261
2036
6475
8806
1982
772
5389
2954
110
3998
2259
8495
6770
4695
9329
2915
1287
4701
113
7822
7551
9815
3204
4372
597
3112
7377
9518
4613
1891
3346
748
6794
4244
8124
5496
1768
8469
3721
5047
1441
4635
367
1907
5355
5561
6452
7654
6982
5718
1849
4314
6170
8469
6110
4686
7426
3374
59
8131
8017
9712
439
6793
9405
7769
3911
1763
481
4619
6042
2927
5418
5615
7059
3618
5371
3509
4914
5955
9508
5320
4298
1392
8077
8013
7849
5116
7366
8813
6633
8101
6576
244
6829
5437
3700
1089
4308
8391
2084
8683
4248
6886
2981
6994
6073
6998
2460
8090
1106
5521
5599
6791
5674
6941
5164
1085
4222
8104
9202
5269
4095
9345
7364
7067
4690
9879
2960
8885
7309
3157
8842
3623
6873
7659
3205
2507
93
6194
4544
1239
7880
5271
8834
1044
374
5876
1534
3258
4127
5755
2661
2637
2170
5216
9256
3977
1780
7250
585
7939
4957
8873
4481
1357
9369
713
2826
1813
3613
894
5299
5017
7028
4121
9487
3335
2975
9622
4010
23
5132
7680
7689
7948
3237
5306
5117
4244
356
8559
1641
3080
9777
3743
8001
9030
1432
4456
2313
8006
9611
8617
4766
6498
3252
6778
8482
486
6755
7305
2090
8081
177
519
4388
5648
4308
3480
3140
5205
9589
2852
8377
1860
5019
6978
1069
9519
9629
3103
4569
6928
2317
71
3726
1493
1510
3030
6276
337
3778
5171
9785
1265
8363
8300
6438
8527
299
5216
1310
8977
9061
6882
6858
880
4807
6194
6043
2166
2332
1294
7526
3312
7451
4668
2630
6919
6354
4053
6872
4302
2665
7706
5339
2404
2714
7598
435
5852
6703
8602
4685
2737
5748
581
1229
1331
7086
1108
2332
8327
1012
3947
6202
6648
222
5402
3218
8930
977
3293
2570
9565
7433
674
1746
336
4101
5665
4025
59
3056
8305
5234
9878
3172
2264
5428
9356
655
75
7057
8739
686
4700
6562
7566
7551
2865
4183
3854
1917
4872
6507
8044
5024
4252
6215
5463
4226
3864
3071
2737
7880
596
4553
1743
9810
7502
7284
3553
4984
6603
3534
1955
9324
6920
422
2331
3883
2280
3191
9636
311
6562
9043
8672
4977
753
461
7330
2692
931
5001
2337
6002
4460
152
9208
9141
1963
560
3035
4137
9784
7747
9915
6465
2809
5838
7869
2809
6529
9784
3268
3043
3451
1428
7522
8872
6119
2005
9696
1036
9430
1702
4336
2116
7492
7786
4865
4219
1070
9379
6880
4546
9946
4710
1938
216
8224
8525
1245
6449
8513
2561
3960
4620
2509
4377
6495
8183
6501
5798
8122
8182
3629
8608
5214
1948
1547
5267
4475
2299
995
106
9407
8969
7160
1822
9000
5056
868
1932
6483
9134
1605
7729
2311
1606
8855
2876
8782
2969
1270
5798
7707
2877
6326
5974
2055
6517
513
6498
3250
1899
9619
6099
493
4826
4453
9443
6443
4354
9428
3090
6365
1938
500
7770
3632
3022
335
9043
8209
8475
7950
1592
5442
3855
6589
8945
3865
5070
3670
5974
920
8334
8325
3089
3298
9272
4954
2144
3804
5252
5592
6048
8970
4680
7508
5652
9926
664
3788
1218
1610
1504
425
807
5356
8581
7528
7729
9027
3200
1171
7684
7370
7445
3751
2184
4452
4417
1593
4571
2563
2467
5425
2659
9693
2519
1909
730
1792
694
6977
4788
4585
4680
637
8086
7716
8140
9650
1306
1311
4892
2444
8715
3911
6787
6648
829
3163
2947
7061
1665
3613
5010
5705
5191
3267
1522
490
2860
5798
7742
1702
3475
3454
2075
5145
929
18
8029
4836
1743
9411
5576
1468
9863
2518
7099
774
387
1759
793
8486
2414
1633
2334
2806
2053
9169
8325
2233
795
3954
7123
6240
9710
1095
7477
5185
1074
2512
947
1136
1550
7646
121
2881
6762
3294
4907
3041
2682
3590
3310
5956
5868
2852
8654
4421
3760
3869
4601
7358
7777
4909
6962
1633
8626
8470
4520
2087
5859
3961
8627
5027
3722
3354
7652
214
1682
7826
9650
8465
4250
7607
76
2676
8613
5479
9357
9112
4677
1206
7116
3096
2425
8319
4203
6216
2208
6882
3703
5176
3037
3003
3528
9754
7987
184
1831
7042
4280
755
9276
4788
1122
1885
8516
2636
8161
426
6592
2359
3921
8530
22
1223
1068
952
2100
7683
1759
4328
7023
803
9790
3910
136
612
1328
1256
7941
1350
6180
401
6694
5562
5497
654
843
8834
9897
948
9096
6756
8370
2059
635
6008
9028
1201
1596
2369
2670
997
2670
2267
4656
3793
1367
2636
9954
1888
6519
4381
9744
9703
1532
8736
5103
9773
1391
1173
4690
506
6977
8729
1669
3238
6876
751
7038
3263
6844
6233
9084
5206
5238
1950
3131
1535
9853
1523
5053
5859
7974
5303
1769
7789
4327
9466
4948
3063
1516
9574
4295
613
2299
6220
5341
4320
7716
1055
1916
3384
4044
2580
299
2148
6512
3263
4093
1335
7483
1183
5741
5481
1659
932
2373
6601
7617
1586
9102
2877
6977
4198
5273
3167
7795
803
7482
8122
1581
7207
4389
2608
5492
5136
2881
7813
1266
7462
4091
5894
6652
8756
6871
8881
2254
8603
2545
9741
4702
9628
3863
987
8128
4532
1778
9676
8222
8113
390
661
8281
9112
9682
1089
6448
7863
4526
9403
967
2873
8777
9464
4533
6221
7213
9503
7956
8863
4745
6882
4806
1614
942
2692
3678
7171
4765
5967
908
629
2104
9550
3657
6090
2073
5739
3485
1212
465
422
5159
4809
3280
1049
9042
14
8235
2824
2305
4452
3219
5138
1677
2365
6725
8568
7758
5641
4761
3801
3630
3494
563
3199
7736
9233
7960
9953
4625
4529
5278
5902
2842
4732
734
8530
7831
8831
8021
8457
963
3298
5290
5491
1235
3427
1620
7366
2154
7821
2695
5371
8595
44
9569
4171
2445
9700
5587
7226
7815
7075
6757
7591
7852
4282
2409
4549
4740
462
3186
6303
5833
4709
222
4038
6329
5032
5972
9710
3410
4918
5298
8887
8986
9874
9979
4371
4415
8494
1673
9957
6430
9360
3599
8755
1587
5452
5999
6968
4573
8940
9019
2830
441
5819
8024
3598
552
6811
1840
9214
8273
1198
6997
5455
7883
3437
101
9708
8927
1665
6791
2718
4695
7834
7216
509
5546
1389
4430
2673
1114
8088
307
5071
1574
5996
2680
5905
7065
2146
8734
9204
5590
7359
7442
8118
1407
7596
6048
3922
2116
679
7159
2282
8562
7819
55
5136
1224
682
7067
2800
805
2200
1440
3189
8021
4164
2656
6250
9079
2270
6806
4706
718
9912
2867
627
6810
5633
6020
6633
3231
5040
8328
6811
5996
5547
113
5658
1340
4426
1953
7616
4463
2097
5047
6555
4490
1411
9565
2443
7505
8257
3430
6876
9049
1612
8910
7271
4814
294
6660
5818
1494
9571
3139
5024
1639
7931
7219
6644
9544
7286
5187
4424
5111
4619
5757
6251
2619
1275
378
7228
2837
1173
4624
1695
1547
8397
7784
3535
6371
4949
5436
1334
4082
6042
5310
2366
7712
9870
8169
9117
911
2913
9756
2447
2329
8539
6133
5337
8246
2152
4116
8199
7388
1697
1474
8424
400
3151
4233
6223
4182
9966
6688
3946
8141
5777
2547
8758
9880
7696
5707
9351
5070
198
6761
6573
3221
3405
2497
278
6788
8949
6341
9067
5995
8415
8719
7598
3019
6022
5905
8080
234
1863
529
2246
3425
1873
4202
742
8774
8569
1628
3365
3362
5961
7163
5415
408
9501
5010
9565
2280
1619
709
5772
9663
5077
9415
9851
909
7832
8787
9803
4396
3497
8574
8736
5275
3969
2704
6718
9638
8687
1122
8954
9639
8554
4856
1390
5635
801
7139
7749
8187
6603
7820
8194
4519
1774
2281
7936
3700
4806
212
7037
9569
7041
7278
2232
339
2639
5295
5070
5558
3698
7509
5023
346
3079
6591
9367
6152
6875
9885
2983
5566
6749
3228
4041
9022
9829
6179
4348
8071
5862
6417
599
7376
8507
2273
8402
5773
9991
9025
6396
7214
6914
7203
8446
905
175
3222
8845
3035
5712
3302
486
8807
8875
7481
6253
4336
9030
4641
7376
3409
6995
6613
9019
7231
8205
7709
9745
6450
5729
807
6533
3070
8154
315
2967
3464
672
1471
15
4385
7076
4374
1620
2902
7145
7986
9417
2946
9077
3335
2770
6024
9299
7416
1668
4891
9087
8715
9519
8813
9913
4904
5266
9750
9303
412
2481
8871
3235
1765
5441
1533
6766
3183
3108
9887
1512
6005
2866
7854
4447
1759
6984
1191
4074
56
2149
8113
9452
410
1432
9057
112
6557
1596
8664
6326
8908
15
5762
1047
4511
9304
8535
1939
755
3454
9461
7715
1302
8030
9445
9803
4211
7639
4240
3660
6941
647
8058
2445
3715
2722
3216
5833
4623
11
178
2181
7531
9000
2863
8876
8190
8587
2033
1555
7290
3692
867
271
4569
4075
8751
6678
9721
6058
7898
7786
7829
9718
7293
5750
8814
408
8916
7830
4024
1162
7187
4089
9086
1832
7837
209
5897
3400
5459
4730
2572
6400
2618
5423
5867
9353
7317
6511
203
8086
6082
1460
2201
1674
1454
3836
641
9333
9614
3634
369
9865
7824
4877
8958
1225
3594
4752
2682
4510
8368
5232
6758
3790
8246
9180
6166
1154
8203
6548
6526
5420
8625
452
6471
1495
4852
7797
4106
7569
4155
4847
9650
8593
7568
756
173
9925
5879
6580
772
1590
9040
8673
3930
2997
9375
4305
8553
2851
9928
4184
5935
9386
4611
2518
6918
9773
1316
5597
7193
5762
7752
5344
1180
7721
8894
1092
765
5324
4598
2091
1923
255
2196
5805
2282
7273
5331
230
2556
8258
466
499
9533
5300
9235
6774
7443
7510
57
2564
2703
9590
2524
5991
6105
2328
1926
8281
8382
3989
4899
8576
5561
6644
9484
6408
9726
6535
2153
6170
1802
3975
2597
1157
9524
2366
3512
387
8801
7758
7276
6534
3118
6177
9957
7675
9170
6846
7870
9615
363
2693
8258
6873
1398
7134
342
8777
6146
1654
5563
2419
6371
6768
8312
739
4374
491
9595
2858
8497
4394
6470
5267
9947
9429
9261
8687
801
7268
1365
5583
8954
7776
2310
1455
490
1351
2453
5066
6814
1280
7003
4833
4311
4773
3996
1280
3786
3726
7370
3441
558
4056
5035
4906
3531
9272
9225
4671
9272
7531
4034
8575
9358
5753
4857
7186
4955
4034
8906
2720
4616
6643
4126
9083
5693
7405
987
4739
5787
9530
7728
6155
3316
3633
2176
9628
5229
1453
1725
267
9525
1368
7456
124
813
7498
9284
4104
369
6492
726
1270
9200
6225
3857
8107
63
4344
7998
6005
3615
7828
6547
6847
2902
2493
9952
3358
9003
6995
1398
9130
7831
5681
8414
1695
513
7353
9403
2524
8401
7969
9817
6796
9676
5248
4659
7729
8537
625
5183
6169
1555
7482
3834
5269
2077
5524
7767
643
8039
2739
3295
9330
7338
7300
7241
8271
8982
3227
4627
9847
3151
9762
3060
7002
6330
6109
1868
2325
866
237
3789
2086
3237
7807
5088
4952
2688
2496
9437
1617
7591
2097
7707
4458
1560
2838
6345
1748
7210
8941
9889
1934
1444
9770
5729
3961
6961
469
4319
9729
9797
588
9546
2024
9390
3824
3657
1770
1887
1394
5276
6701
7052
7905
5632
3850
5076
5593
760
4513
548
1252
2168
4019
6264
6114
9802
642
2241
7538
2532
3534
5100
1281
3744
6538
9638
4978
1639
8784
5638
6499
4173
5381
9888
6066
2999
3208
7424
8732
2041
9696
6970
9680
8070
5190
8399
2776
528
352
9867
5599
9699
9370
8613
1608
5936
2259
3750
9685
8041
1295
3397
2012
6949
2076
5897
9125
2872
4900
2623
260
6841
2098
4193
6784
7521
821
9624
1137
5199
1542
5144
4469
2152
3323
9471
6608
1179
8303
5351
7582
7639
9241
1592
2522
3948
6644
6084
5394
3817
5491
6635
3180
9856
8435
1708
4907
606
653
3020
8796
3945
3452
7196
6462
8441
8012
4016
254
9974
9795
4587
6529
762
1407
5183
8509
5480
9833
9353
6995
3591
5555
4126
629
7756
1962
616
5515
7344
1678
7504
5361
3226
7614
3698
8285
2587
5553
129
864
2178
2416
2675
7312
4286
3797
1694
3948
8600
4446
5484
7627
7414
961
4250
3592
8582
6387
6781
1287
6956
4063
3157
6020
5518
193
4393
7759
1771
257
6759
8404
3099
3043
3881
2601
4123
1402
4324
2098
9903
9858
1504
2921
5797
7500
6226
6696
9469
5752
9700
6608
5303
9222
761
8425
5442
192
1052
7236
8180
7715
3122
2430
9388
4034
921
2521
3601
4146
4440
1822
3059
172
8027
3176
4300
3269
5533
830
9824
2036
461
4488
8153
8276
8462
2603
5750
4320
6722
9256
8985
8889
5752
8239
8649
5674
8344
2397
3908
6207
494
8937
1868
1480
1641
3947
4429
3884
6724
160
2331
286
2799
7139
9466
623
3162
2594
8685
2405
9825
6230
5204
8972
483
7849
7807
3913
3014
2368
4102
3204
1565
8072
5401
674
924
2164
1209
6516
6352
7001
9917
9901
2189
1962
741
3353
3764
2200
355
3703
7057
3434
786
771
9105
9751
469
2538
1494
3908
8938
6982
2078
646
7073
1782
5866
1692
7142
4627
2528
59
8456
5032
9611
5878
8553
6588
737
1382
7890
5341
4282
1806
3254
5458
9388
9255
7778
5884
3524
321
4749
4045
9055
690
4782
5434
4643
3855
4436
6820
8746
7867
7520
9533
6509
896
1077
749
4383
8345
9044
8498
927
3539
8223
3648
6098
6023
2444
1809
4488
461
2571
1062
2641
6798
7585
7438
2720
9043
1522
4251
5439
5105
39
4206
9682
102
8540
747
4146
7027
9327
1962
844
7470
3904
7534
621
8008
5248
2036
7637
9594
9317
7694
6490
4577
5027
7826
8242
7460
436
4815
3697
6178
6324
5437
8444
9133
3746
25
7144
8688
2653
2917
7180
4112
4731
4918
9519
6780
9982
8014
8480
2419
957
8090
1501
971
9319
2740
7147
1465
1153
4303
2477
1695
7523
1366
7985
2257
4950
1531
8819
9406
538
5628
7389
6801
7637
2722
9019
825
6626
989
6824
4281
3221
7600
4093
3849
8601
4646
8241
2867
8364
9594
1154
1698
3432
5281
3474
3918
6142
8008
4899
7506
3794
2092
5410
6673
2704
817
3179
9718
1930
7072
1508
9822
8499
2343
5739
1375
3052
3294
1669
247
8878
3558
5042
5450
2384
715
9293
2308
1834
257
4960
3724
124
8488
321
7483
6963
70
9063
1544
8758
1785
684
5073
264
5059
3376
7143
2583
9747
8416
1726
3049
8835
8349
1666
2859
3777
1611
7837
5010
4197
3073
7062
2115
1468
573
2107
8405
7553
6617
6427
2835
6432
6882
8041
4245
6992
8399
349
6373
3259
8476
4093
3659
8071
2192
1607
3992
3000
2977
3107
4847
9058
4797
2878
6386
5538
5721
6789
8886
5966
2953
1224
1410
284
7637
1688
3416
8146
9217
9128
3418
4367
3699
4223
9909
5115
5868
3707
8375
3767
2350
9378
1826
4386
7070
6155
6819
1303
8539
9740
1996
1801
5499
9253
9327
9831
367
6458
7624
5134
9707
7870
3905
5598
5640
3167
4626
587
3188
7339
8442
5511
4492
4543
7865
6585
5467
4356
6326
5884
9309
6912
9318
888
5398
3850
9109
8599
6501
4135
6533
5840
7062
2937
7358
2053
1270
7800
9222
3662
3076
5494
2547
896
5865
4412
2783
8451
2774
3860
1642
8932
7338
16
8994
5280
8693
8525
9510
6135
8282
9661
9302
8001
4475
263
1623
2763
8916
1974
2397
9802
6305
5034
9887
8776
3060
9194
6846
9895
5487
5487
3485
5513
5222
1235
4255
4415
2497
5646
4930
3867
6385
9599
8078
1425
5284
2966
9172
4025
8919
4714
9742
7878
2329
6361
369
3396
6656
693
7561
7921
1075
447
1323
8304
9252
7513
7424
3376
4209
1786
8541
3306
1802
2171
883
4132
4117
7658
1038
7738
5582
3688
1837
5315
6924
154
9642
1021
5525
439
402
951
7906
9035
6161
1432
7829
8368
229
5934
470
5250
6284
6884
5376
6080
4642
7395
5258
4437
6538
5401
9597
4708
2180
4217
4684
5101
5925
8064
9720
8558
8016
3485
8590
2416
8956
8287
7596
8599
67
2100
735
9722
4067
122
7937
2511
3378
9446
8007
1911
4809
6021
9692
7504
6254
8180
1306
44
1984
2485
7995
4652
6541
7710
3337
2911
2876
6809
241
2882
6273
5704
5840
3808
6336
5347
1746
4815
1786
2820
6102
3820
3214
3433
1063
8623
5699
7416
1737
3446
2075
9252
4481
9899
9316
4426
1974
3708
8512
336
2776
9486
6068
6995
2781
370
9437
427
960
2969
4543
875
9956
1697
6465
622
5627
589
5693
2982
1293
9932
9298
8592
5742
4352
7197
6672
1813
6564
7705
7492
6907
3804
6760
3181
1296
5436
4258
8025
9749
3633
9936
9542
292
9690
2641
7186
6477
1859
6935
4076
5789
5165
2651
3546
6999
7546
1519
7427
3094
8361
4552
1835
2448
8332
7148
3476
7763
6900
9422
9317
1006
4969
2885
9319
3528
9622
2062
4833
7817
964
5596
7598
7807
7276
8168
3474
7717
3278
7343
4760
5021
1480
3379
3188
6084
7218
3071
6784
5068
3868
3254
5626
41
9663
4942
8248
3362
9768
8240
8654
2766
8771
8866
2361
8813
329
4512
50
4705
294
1495
1548
6222
3022
2383
5061
2105
932
1585
6025
4021
9460
7883
3435
1542
6447
1035
6728
6138
9706
7024
6445
7732
5510
9053
9735
9504
8549
5814
2850
9908
7155
5564
7401
2626
8363
9488
7939
1642
6061
9877
1943
1259
1619
5786
5757
9936
3988
7419
9131
4556
1488
8306
6394
3575
5348
5870
4781
244
1530
1044
7446
7805
2001
41
3067
8752
8298
4892
9733
8622
8352
6462
904
1856
4258
4797
4270
5097
2773
2139
6685
2002
8445
684
9719
9657
3640
4672
3810
8642
5959
6971
7840
5896
2739
804
8044
3201
3681
9543
7350
1573
5095
4453
6399
4758
4261
810
9333
9367
8300
6187
5071
5737
9830
8677
1103
2608
1229
1812
8181
5148
6287
1329
9816
7975
4808
3018
1256
9183
2070
832
2263
50
2345
9282
8226
5506
2005
8950
6083
5186
165
850
9612
3351
6751
7075
1977
2144
836
8034
367
9453
288
5878
5471
6255
7782
1628
2273
3440
7131
7878
9853
3756
9911
4247
2203
2363
5626
4025
507
354
356
5238
2021
171
7104
3168
41
1611
1085
4306
3074
8067
8290
9694
4991
1071
9540
2922
7172
205
8464
360
3269
1028
6428
5756
7049
8650
399
9428
8420
2830
3729
8931
5235
6261
7064
267
3200
4569
5205
359
3244
5877
5229
7606
1698
1482
9287
7444
9700
1455
3156
3265
6304
6842
5861
8560
3900
5324
7622
8501
9684
8993
1419
9553
9310
1723
1564
704
8152
6589
6356
8339
9160
3049
6355
8841
7501
4512
4965
3979
2319
9559
7208
5694
281
2294
1008
2200
9815
2422
9686
1190
4820
2440
2180
208
6987
5824
3993
4868
3409
7294
227
7585
8703
4399
5767
5587
7953
5863
4271
5389
465
3614
7106
6101
3628
5731
3102
6416
8159
8083
6232
5220
3178
486
6172
9187
814
1262
4313
6546
8531
6586
9000
1333
7045
7207
1208
7007
1382
791
5316
9760
6135
5511
3402
3208
8129
8470
8421
6209
1906
1197
2258
5257
4540
1216
3500
5367
5773
2765
637
1144
4643
1111
5260
6153
3396
989
145
2663
9707
686
5636
5498
4739
4962
3878
4901
5709
2738
9987
7945
2235
4781
4203
8151
172
7158
5709
3213
9722
1907
7641
3375
4328
3850
3519
6471
2963
8378
9979
7150
3917
1405
2429
8560
7537
71
8730
9113
9281
9947
2018
3013
3205
6660
4764
1923
2057
2150
4693
2962
1499
4665
3690
5741
2794
1851
672
226
2184
9478
9028
477
5393
4145
8478
9972
6856
522
5889
5862
2573
703
4735
4628
8058
5624
1001
8754
1586
9025
9809
9352
2085
5714
1131
3819
6847
3916
2507
3302
8114
7387
6376
2812
7151
8565
391
731
39
6841
6211
4434
4513
9877
911
97
5275
8049
4838
1722
4839
9470
3993
8173
784
4946
549
5505
1962
4863
2799
6165
8989
1378
5104
6565
4677
9026
421
8063
3524
3341
5150
3307
2075
4945
5361
3059
9917
5760
1043
270
6253
9956
6486
1878
3949
5475
3446
238
9826
6055
2130
8193
2610
4912
3368
177
9761
8841
6879
4847
8315
5547
2196
1486
2954
521
9342
8025
8973
1757
828
3105
1541
4016
2995
3012
6628
6466
1539
3746
3410
6185
9867
2131
2246
3466
7783
5053
4509
1309
8705
7204
9245
1326
462
550
9861
838
8973
9646
914
9273
6529
6672
5315
95
2457
949
5698
105
6572
6458
8325
3074
48
6228
7178
8206
9402
7896
2523
912
696
8997
3554
6988
6144
1219
6728
2107
4321
5856
3995
2371
4063
8950
4242
4728
5981
2707
6410
4972
6743
2183
6469
2553
4083
5438
4448
9470
5675
1937
9761
726
4492
5519
3748
9754
5525
2204
3947
6547
1998
1501
3520
7269
4882
7256
3374
2818
9237
9219
490
7230
6815
2025
3795
5206
2692
9282
9475
343
9231
5192
5724
7912
8640
7744
3465
6784
9184
9412
1781
8893
8938
1166
8860
3063
3049
6612
2692
7978
184
1454
9174
6643
6925
5920
7777
6520
5672
1362
3646
7373
5250
9163
5329
8580
4408
9512
4513
8399
6929
4766
1797
9316
5510
8754
6329
8990
3955
5300
2663
546
9158
3557
8874
8298
7741
4724
9008
4889
4555
6625
263
6143
1985
5630
2765
4400
5417
9453
8422
6375
4674
636
1728
8824
2384
1007
1257
9513
8102
7303
5243
8268
6980
1682
4934
9177
7983
3015
2981
4613
2101
9199
5877
7138
939
3877
5974
1758
381
7933
260
2167
4639
9711
7270
9500
4670
9919
2236
8037
3425
2935
748
3060
2246
2936
3278
6189
7218
369
3928
9354
6762
630
3670
5381
1212
4439
2598
7909
3391
2467
8026
3882
9134
4153
7893
5122
4552
1141
9318
2674
3178
8522
4395
5188
5039
2166
6986
3287
4756
3912
5682
4311
6072
5533
8525
3045
7747
9611
9213
2340
7239
7595
7426
594
6023
4363
9005
2383
1686
9743
8060
5343
4462
7945
1821
1442
6696
950
252
45
6406
4538
3005
7774
9242
4991
2582
6330
7415
1491
3048
5623
8030
9551
9108
7988
3600
5513
2371
1988
1599
5130
2254
9803
9709
7399
6431
8067
716
2842
2513
2993
7344
1302
6262
8242
6034
6343
5635
6386
572
5255
4383
322
3334
3295
3367
4027
8718
4708
9734
6680
781
100
1440
6696
5082
5754
7284
4021
2885
832
488
3672
750
6820
253
1992
1163
8067
6528
5015
2046
7827
4043
971
8458
8531
1505
1175
96
1159
3598
156
4510
5433
6089
119
5558
735
3008
8980
8322
5795
942
8421
7798
4014
4789
8799
6556
7386
476
6505
4435
4945
1053
7183
7347
744
9958
748
7026
2305
8625
8728
4040
5983
4911
6512
5857
8601
992
3767
8298
4002
5534
4324
8178
3345
7344
8693
5985
6635
9442
1141
9249
6270
3303
6338
7352
2787
3690
4392
1117
4472
2291
2305
9111
6457
6664
1368
1730
2819
3674
9771
4990
2446
4828
7960
4059
7668
2713
7866
2798
5515
6394
2698
1430
4659
974
1482
1288
7274
3914
2361
7663
2131
9807
3361
5080
7189
2008
4051
4478
3570
2209
6035
5500
2723
8601
7153
892
6563
4726
8275
2690
8440
8345
4449
9067
8226
8785
9380
5451
585
6174
9500
59
8018
980
481
2267
2202
3010
6775
5284
5752
899
4264
6978
6916
2681
7105
6933
4609
4990
9569
1664
5110
3849
9717
6494
8151
2032
4802
8088
828
8520
8537
8020
793
5500
5721
7771
7758
8469
66
8585
976
6906
9407
3104
2597
3647
7943
4346
6986
3671
4136
6365
8836
1891
3540
8394
4020
6744
9185
2248
4784
9511
6323
6244
6708
7575
717
7425
3268
9548
5574
2094
141
5482
6083
3240
840
2725
6657
593
8516
477
5037
4417
183
6791
6795
6724
7505
7822
9718
2233
9864
4748
4788
8465
1994
5837
1352
2287
5787
1214
9074
6373
1598
6246
2654
9282
1268
8560
3609
3508
4269
9766
747
2322
5192
1932
8268
8133
8904
221
7045
8125
3471
71
4290
2968
6082
8847
7003
1613
3204
8171
233
3709
6213
7623
72
2523
1191
3924
7108
9824
9875
5351
9607
4443
3177
4162
9185
3704
8275
2904
1792
3396
7882
1692
1156
6141
7124
699
3540
4612
3667
1921
3126
7052
3777
6014
3698
7201
8039
7126
7301
541
9229
7845
5831
7461
4838
7605
7264
196
2093
1058
1827
4255
6779
4084
2369
6991
3106
1629
947
7025
9973
161
376
6162
5305
9447
900
6651
8543
3122
1298
8159
7140
9046
476
7993
6292
7070
4819
6266
7663
2142
9903
5768
7799
2134
2867
5966
4680
329
3129
222
8682
6797
4858
660
8776
142
1617
7731
3871
6161
9695
2352
975
6269
7134
5187
1844
856
4798
7034
8820
1269
8375
5524
6735
4216
1000
2130
6824
2334
3361
8803
5188
7471
293
2367
3349
3707
8949
9997
7778
31
2759
9585
4069
2132
4182
5911
1073
4242
2965
2035
2040
937
9041
6165
7258
9036
9821
6243
6898
6372
4562
710
371
9365
4145
5639
1833
3010
8482
6759
3375
1438
8564
3824
8133
3723
2229
3898
2588
4973
3834
6268
3834
3759
1584
5973
6453
7563
9648
9531
4695
5280
6804
5840
5855
6521
8904
8554
3150
5513
789
4632
6062
1487
2328
6961
5347
6205
5554
9908
5766
5240
8510
9891
9071
2200
5102
4139
8545
9807
5943
4688
6804
3793
6482
4015
2424
1025
8277
4701
6224
4272
8989
9696
8763
2952
347
2986
6774
5301
2912
4771
8078
9331
5777
2586
3739
9734
6094
6182
2856
6686
1624
7309
1378
8257
9550
9350
2817
9189
8068
7968
4425
249
6348
7929
3329
6153
4621
1866
3139
5727
3904
7681
7297
9874
1922
1813
8125
3186
9538
2462
5198
8834
8381
3244
7216
9030
5916
4502
832
4627
3072
8443
870
9356
9417
658
2640
5878
9433
9777
9257
2756
5800
4720
7147
7141
7483
2
1788
8634
2742
3176
8249
9983
8745
4780
3765
3218
3659
7627
2221
7393
8074
5493
5861
9250
8615
8510
8390
5901
1770
3287
6657
7630
6427
7377
2578
5881
5391
9794
19
5858
713
1701
7457
9377
824
2250
3336
9033
5482
6067
2905
7920
5427
3586
1518
2420
135
9343
3239
7136
3699
943
861
8206
684
6045
4812
463
3376
4547
2597
7913
627
1255
8578
3511
6959
6556
569
6310
4991
9075
7402
9630
5667
6323
4867
609
3176
9382
5468
9716
7013
3522
7930
274
3612
7179
6521
3870
8838
60
877
7677
7250
6235
1251
6896
3485
5535
4629
4393
7292
6176
5139
5827
8380
3712
720
7638
6939
8354
2762
5551
7737
4332
5183
5686
2420
5437
9431
4511
6919
3649
9313
9015
1189
35
1043
571
5465
738
8646
4103
7325
924
4819
16
5086
1381
5673
3548
3446
1509
3748
1129
4986
1333
8999
675
6589
4232
9403
1050
523
780
3179
670
5434
8046
4939
4894
7211
6962
6627
7074
7783
5011
9350
6257
8131
8796
1895
4540
5933
1942
6569
9216
8110
7743
9470
9883
7991
1256
8690
8214
3533
2204
7539
2697
1069
3981
3149
2736
4700
5382
2869
4416
7912
8304
397
7192
8452
7847
2538
3686
8349
2994
2048
4486
849
9704
6886
9007
7010
9763
1994
6964
3333
2323
911
352
1770
358
7007
4295
1098
3656
8342
5920
327
7135
2920
8940
6730
6745
4847
5337
2492
4611
4393
1190
1617
7692
3976
5819
7600
8569
5458
4048
9176
8574
3285
9462
5389
6489
4786
229
7850
2739
6914
7002
5542
3759
2579
4167
4443
2721
1231
3466
6253
6611
742
7928
4531
7137
6334
8712
1513
5640
2125
2756
8272
7351
8813
328
7494
635
7270
77
1050
1244
1701
5687
7682
2508
6222
1525
6213
6875
7453
8960
6924
6998
3491
4479
7087
9049
5419
8383
4616
6728
326
8313
4563
3541
8197
428
6157
2305
4398
3741
6453
4925
2341
8335
5817
1847
6306
4844
3136
4139
943
2441
5019
4523
5135
9375
7487
943
7657
8617
9225
8692
5869
5041
6795
3438
8827
6757
865
1342
98
3017
2438
1047
9744
1247
9068
4702
5245
9200
502
7495
3554
1274
1077
8940
646
7460
6029
4590
3463
9130
5367
444
2998
9676
6122
3925
960
2213
3681
8213
5015
7183
1115
539
3339
3084
12
9953
8436
6234
4969
466
1303
9512
901
778
5519
1870
1403
4074
1852
3338
9116
1232
4898
7032
6162
2379
637
9510
7200
4246
8509
2378
9954
3451
530
1085
3416
7454
9303
6839
7165
3348
9104
8313
9526
7717
9782
3891
3129
7010
6552
276
385
3403
7210
3901
5748
7079
8563
180
6830
2010
5392
2383
9494
2704
1844
3357
631
26
7764
2613
50
5575
5592
3501
9959
9479
4502
9854
2074
8141
8729
8275
6195
4582
1614
6877
6232
7268
3152
8488
6705
1962
1349
22
4728
2215
4030
3877
3549
4
7041
6246
3786
813
7183
461
3809
5079
9507
1208
6604
2945
1268
704
9737
147
4491
1601
4640
2135
7425
7282
7339
3985
4748
2629
6230
148
3085
5722
4724
6996
1240
108
7899
2914
6966
6170
3519
4909
1020
4229
5734
1025
2253
5552
8075
4056
977
6413
7705
7351
9515
834
2655
954
1330
3886
9722
220
494
4358
8646
7028
7600
2255
8419
6140
1772
3309
6501
5205
3094
1333
2664
2095
3699
7082
9810
5216
1955
95
3847
2123
6522
5439
2442
3011
4185
6069
6958
6037
6232
1240
5495
8149
7939
1644
5979
7891
7207
7266
4034
2579
3708
6254
2145
178
2118
8731
7219
6448
9585
9782
7612
5885
1457
6456
3164
5967
1936
8146
2386
5071
9727
9618
8148
9012
2663
3937
8333
9865
7225
2628
5725
8853
5742
6594
9819
962
1178
1170
5188
1078
5280
7200
3643
9174
7722
2576
3126
4074
3230
5301
6950
4590
1245
8521
6410
5502
9743
5995
3893
3819
3738
3078
8742
6470
8875
1311
3299
9961
1458
5868
9870
7380
6714
8744
9931
7878
4590
4450
1242
9072
4167
3807
2931
5136
5490
1
2916
6651
8920
3575
7021
4247
2340
7600
5273
3690
1684
4494
7805
3847
1781
1720
2557
3311
5201
9134
8530
4267
216
7385
8068
5147
6797
3648
9592
5962
3473
4562
1502
4378
6109
8268
8526
9266
1251
2769
2088
878
5166
428
967
480
6566
8185
4349
6423
4189
6829
9213
8233
8811
2580
6784
4380
1057
1749
4611
9602
8738
5113
9920
422
8307
8663
3225
6894
9529
1832
6747
4483
5392
1252
2678
4210
9512
7323
8128
7240
6530
8263
8998
1638
2708
5074
7428
9191
8846
3453
9481
481
4459
7003
778
1837
1857
4994
3217
1625
5847
394
8579
2113
1822
3255
2527
957
4882
6006
265
2065
3462
8597
3060
780
1221
9738
6915
1547
6802
4109
7535
567
4390
5514
6295
5780
3863
3256
318
5323
4441
4215
5220
2642
1578
7360
6532
3798
6689
2275
8085
9165
3860
1790
5726
2482
5991
9744
7568
8145
8554
8397
1194
7489
7843
7339
1317
6030
4826
1737
3689
1081
1127
7777
5502
7976
9390
4051
4552
948
754
1382
4942
9211
7867
9843
8634
1965
8896
3062
6677
9701
2576
6028
9740
4956
7451
2688
4303
1944
3917
754
5049
5048
7500
226
5828
7203
5595
1928
1808
5876
1491
2798
9458
617
3462
301
552
5412
672
7774
4063
7295
3690
2587
1586
369
8863
7137
3470
4921
1291
1064
5922
2310
6278
5234
8648
2903
2444
1776
9432
7674
2639
6909
8182
4944
3652
9234
7512
7501
1024
2253
1179
3322
5936
3587
213
3165
5318
8350
3519
9457
9815
1303
5627
178
6404
4082
234
5157
8981
4274
6542
3563
9559
6357
6618
382
4025
914
4632
949
3696
7314
880
5827
738
3666
9864
8267
4720
956
5913
614
735
7778
4968
6080
2966
5239
1079
7153
8992
8452
8171
3787
1239
223
9469
8388
8267
2963
4561
527
5626
1662
8152
624
2690
5833
1254
1271
3109
5214
4507
6604
8753
8534
4922
8632
1629
833
5587
3230
7495
6971
1559
2271
6012
5517
3447
9548
9848
1360
5458
2766
2125
4550
504
7796
8562
1106
3839
1404
3291
6521
9467
5184
478
5597
5192
1225
6297
8112
7555
6428
2413
556
6213
1306
5908
5691
8778
944
9033
3516
5676
3285
6152
4901
7725
9722
2344
7182
4958
2541
8851
3931
1789
2511
9690
9336
2510
8782
1290
2473
3360
7416
7438
3998
6507
4082
2065
4876
1698
7489
7627
7597
5807
4561
7282
7151
5498
2406
6664
8528
7115
5673
3777
4773
8201
8968
8070
8423
6713
7549
1994
221
932
9243
3745
9748
7036
2268
7248
4956
903
2189
5387
1952
5360
249
4258
4549
4192
6742
8670
1819
8455
5189
9096
6217
5656
111
9065
1893
8663
5452
2698
6072
9610
7133
9740
8810
1013
6240
2024
8881
7630
1366
1507
5011
8376
4179
7744
5002
9923
2599
4377
2791
5061
7169
1969
1330
8793
9274
389
7816
2773
4921
241
9880
1041
8354
5984
8227
5097
301
6971
492
9143
5143
5169
1128
8921
6921
9837
1224
9735
670
6454
48
6432
9927
6479
4176
167
2694
5921
7824
860
524
6424
3853
933
6055
1820
623
9922
3718
3859
3228
7992
2900
4843
5236
1862
6015
5351
2349
1690
5618
6756
8679
5957
2317
3267
8907
6089
1044
6312
8728
7464
7475
480
2678
9790
5256
3504
1834
9140
8887
8622
5863
2013
308
9247
3520
4010
9008
8269
8830
5918
4348
4436
836
6660
6933
7134
6307
7842
4498
3157
516
1727
228
6563
2612
7097
3384
882
8020
8914
9509
1729
5041
5363
260
5540
8655
55
7519
4744
2989
1096
6067
2983
9288
9335
1607
6646
1167
9585
4774
1866
4090
5482
6660
5550
9749
9775
7137
816
3524
4349
3227
6655
77
7705
1719
178
9985
5692
8337
1746
7587
6105
129
6012
1609
6976
2104
4876
3942
5289
3304
9202
3808
6338
4454
1347
7247
6712
224
234
7619
6869
1165
9443
6655
7012
2452
1762
6758
7126
7639
176
3221
7640
4092
4625
5752
6336
2615
3727
2749
3450
4294
517
9761
6967
2560
9354
4397
9642
2680
8023
6775
5943
4544
5856
1789
17
8106
8124
5718
6694
4905
5217
2155
7743
7975
2966
3670
8443
2150
7819
4880
3429
1819
7466
9029
7793
93
3688
9898
6990
7398
6541
8969
685
1352
8525
5003
6285
5165
3826
8598
682
9370
6908
6229
2524
818
7998
5753
7261
9266
7198
3920
3802
4406
2276
1996
5391
5078
214
2236
340
1391
3550
8260
4208
3249
6460
6036
3607
247
5056
2961
6936
2013
5355
702
2413
835
7474
9629
1536
7975
690
4293
9173
7896
7731
8142
5299
9544
7846
7424
1779
3699
8521
1917
8942
9371
7709
9852
1752
8039
8615
2359
1506
6902
4577
5831
1500
8899
558
879
4804
8812
5424
8235
2680
1039
8464
2671
9521
2379
9324
690
1777
190
6707
4131
8881
3534
2792
9740
9125
6075
3046
2506
1404
178
2027
8071
5738
9860
8205
7521
9585
7403
3320
8637
6440
6205
3222
3156
8956
4856
9176
9756
7369
4995
1818
5971
7016
419
3381
1905
3050
6052
682
1523
5320
2626
5709
3240
6582
2428
5129
7000
3475
3975
8499
4295
8204
7584
4757
2803
3676
1276
6481
9927
7773
8275
8553
2982
4978
986
4417
2390
7684
415
4507
2448
3126
5651
6980
1396
6641
8994
4188
2696
3098
9333
8997
2609
8613
9747
9120
3225
222
7022
7913
5003
9742
6438
5327
4790
8356
9465
6709
5489
827
9158
7447
5145
6988
3496
8291
5266
4442
1431
3926
6093
459
716
3643
6293
5666
3187
8332
656
2574
3305
7746
9990
1934
1854
7
3429
6382
4312
5074
252
8355
4547
8118
5729
2859
6203
9270
7217
2791
984
5888
7982
324
5688
3749
5936
362
9150
2521
5358
7479
913
7056
3336
8000
5530
1609
5259
391
1828
8032
7453
1791
6554
4769
9562
5158
5155
3505
9783
4154
5735
912
1071
7912
4338
5210
3407
3735
3036
8539
5538
8705
7484
1968
7262
3382
7702
325
4195
4046
4248
5125
2020
3437
3062
9349
6014
3927
5681
1066
1060
652
4833
6196
1116
9197
9521
9159
7447
6140
9728
9638
1807
6221
2204
3270
8144
1896
4038
6092
9096
5526
2582
8453
9068
7863
278
9265
6790
1495
1173
662
2070
4803
7604
5598
6310
9366
6460
2967
3781
4758
5357
5343
378
67
5597
4488
807
5518
8686
758
2982
5627
4489
2852
149
1991
6315
7680
2857
7947
9003
2790
5844
2229
5784
704
8859
2371
1425
8774
5825
9120
1562
8650
485
1233
3088
3983
2293
8145
2935
3025
1143
500
1088
9769
453
6765
8677
1504
194
6618
6384
4657
553
8769
5879
375
5374
2815
5581
6054
7314
3335
8260
8191
7886
3061
5738
6031
133
7292
211
656
3682
9225
5633
9286
456
1160
8060
3173
2044
2051
7511
4463
1750
652
3056
7909
5728
5768
8432
120
3390
4165
2604
7697
7896
6483
1584
2242
574
2423
7192
5467
7010
3426
119
6851
5362
4049
9224
1205
6841
6969
3246
4351
775
634
9412
8262
5478
1575
1174
7312
1508
8993
2260
9426
3932
9449
5230
378
3404
5912
2850
3997
6038
7480
9498
2389
7914
3150
5028
7135
9460
647
3167
59
7507
9297
4785
284
7316
2257
2797
7157
3972
4379
2717
3253
1927
4946
4877
5103
992
5952
6762
4126
8489
7602
9091
4130
6403
6065
7517
3884
7636
6280
6473
7653
4026
7578
7759
7364
9178
1334
3462
5944
1874
7650
1082
5526
6581
6876
6540
4546
4410
1003
1683
4204
4151
517
3854
2158
8636
1008
607
8415
7476
6600
9448
8048
4212
1835
9724
3680
893
2071
1688
4676
2740
1203
1239
6266
820
5605
3086
4035
8521
6711
4824
4466
7248
8847
7655
7750
3776
4360
4557
8933
3626
3234
8098
2782
6336
5922
2803
5167
6970
3383
392
7881
9088
9816
8652
9217
8169
6609
9401
5162
5742
6520
9207
9877
6428
8750
191
855
1705
3742
8881
3270
6443
626
6843
4971
1086
3716
6140
2361
8441
3601
2007
9952
8029
7013
4975
3980
3590
9316
7632
5675
851
5747
6896
3172
6280
5858
2879
1775
9700
7851
213
2308
8505
5811
9731
7300
7327
732
749
117
838
7709
4528
6587
1264
1269
3854
2013
8812
3276
4366
4695
801
447
5969
4072
8550
5543
9746
995
6694
8709
2268
1943
3451
3250
7698
9928
6405
7768
4301
9703
9630
5620
4049
9520
7212
4422
8141
2115
4542
9776
9982
1945
4000
238
1458
4464
7556
7829
2044
3217
7948
4859
3946
6980
7809
2911
5758
8591
4242
4729
5046
4619
9738
8598
2401
4778
310
8882
3558
8702
4010
9721
2037
3867
6176
9082
1109
3991
4213
7127
5742
4273
6297
9618
1094
9833
9360
5003
4088
4205
893
5395
9840
1930
4063
8363
2358
6873
905
1252
1654
9568
2887
678
8717
4265
4121
2688
1434
523
5852
4021
9047
6437
2732
6064
1159
4327
2204
4231
5374
6846
1584
2364
4992
8418
8688
5359
7949
1779
2337
6842
9755
7514
4203
6462
9503
8170
9702
8035
6434
4214
7301
6058
8107
7179
5138
4960
5691
117
4116
4424
8706
4968
3107
6118
7029
4852
6614
1288
4925
3190
2788
621
3351
886
6475
5379
4314
4966
7569
6371
4022
9098
5605
7422
6402
1570
9027
7337
1546
1141
2217
3188
7078
3165
116
7418
9956
5052
7127
7132
6904
1290
4309
2193
3384
142
5
8917
8784
1582
8882
7305
3524
9274
3420
7683
8086
721
2689
7873
5189
6782
4063
5366
6692
2009
8367
5909
9265
5236
2063
2283
92
2661
366
8806
3331
2251
5874
4855
3849
3869
3496
5309
4558
2636
7623
8275
843
4452
1746
5067
9389
9713
741
7589
8847
5427
1532
8387
7191
2851
3537
7568
6274
2187
5232
2907
9084
9534
7291
3985
1966
2284
2897
976
1749
4509
7611
1796
1105
3660
4961
1135
7232
1711
6461
9475
985
1160
8107
6445
5224
1500
1723
975
1788
2429
9821
4029
219
9501
5216
5495
7643
8913
7369
5762
9218
3516
3059
2198
873
2169
4194
3452
1128
4057
3809
8087
3984
6673
3497
6365
6847
7440
4605
433
23
757
5688
6322
2977
9133
6902
145
939
6664
8147
6757
9336
8925
2433
1980
1654
1445
9791
9393
7054
5346
7599
4280
9686
8150
93
8969
136
609
3609
3470
5142
1867
2817
3519
460
1746
8659
507
8932
3527
3792
4913
6003
7638
4078
6085
6826
7957
1199
2203
3279
2871
5464
9649
7843
1772
369
6969
575
8279
4301
5577
7262
2792
4563
6423
1885
6706
3683
4834
4913
4755
6819
3312
9018
3675
9125
146
623
1825
9331
7606
8500
4562
194
6455
626
1242
8562
1184
1150
5337
9866
5376
9345
6978
4229
5191
5376
8579
9357
3757
7636
8040
1886
484
6653
9949
2800
1769
6043
1778
3103
9368
2376
9207
6166
1302
2892
2349
606
3770
2079
4038
8578
3250
302
6107
4621
7807
5070
702
137
8504
947
3436
1127
2167
5134
4637
150
6160
970
7732
4538
5084
5471
4119
3863
3879
3181
1118
3157
3478
5730
5111
9305
8920
7719
2055
6070
7078
8088
9251
7796
4053
2399
3108
2065
8125
3674
7741
6998
4795
3215
9681
5446
1925
6847
1576
39
3143
5714
6901
6700
2086
687
3097
8914
4018
4138
3432
6358
2178
1078
6456
3608
4873
5410
2164
2669
7408
3244
4341
7986
6840
3762
4200
8451
5788
3733
1656
2823
5446
1547
646
352
5029
9900
3550
6129
4668
4541
1192
1267
7703
9780
1172
5222
9273
1986
1404
3227
247
1463
6459
6668
2045
8442
5681
7988
7804
8254
4397
7224
8462
8628
3359
6543
5792
8516
4460
4129
3306
8460
6220
4872
3609
3427
9105
8632
5269
7402
636
1130
5229
1177
5845
4790
1127
396
5192
8319
7
5248
4117
6072
9728
6277
6067
7923
7663
4262
618
9589
9944
646
6498
1539
5239
2156
7774
1185
1943
1788
6008
2464
7862
453
1141
4693
9717
2042
7727
8853
3608
3961
6225
849
3627
5393
492
980
3491
6930
1132
8388
2675
1095
4664
9249
3742
3502
8489
6494
1763
1003
7395
6012
1245
8364
5456
7737
7207
1006
2902
2826
7526
5013
4608
1129
9257
9413
2288
7684
7488
2529
6206
3503
9760
6804
8315
1967
1833
8170
9916
2509
2066
2334
2394
5646
4960
4281
923
6358
6996
6051
6136
4852
9510
8650
6253
8083
7323
8356
3921
1221
5609
6576
5497
2235
8819
9727
9131
5487
9425
5453
7598
5710
5975
4225
7786
6134
3997
4014
2138
8467
9559
8558
2206
8678
9599
5101
6450
6088
3651
7327
4865
1810
3219
3588
2563
7209
2351
8028
2636
1754
3549
5276
4530
3714
7165
1338
4439
9502
9559
1566
2849
6567
7988
336
3518
9069
9351
8300
1739
4728
9654
7556
4080
8773
3441
455
9308
7710
2991
8796
967
9830
6037
4627
5618
6614
8816
480
1764
3728
3063
7225
4699
3388
5278
6973
753
3376
6574
5968
6080
9400
7843
5058
2926
41
5437
8165
764
3787
7731
4064
8945
9578
749
6947
6295
8360
2740
4014
7197
7236
5701
8608
1358
6979
9341
4881
326
4075
2658
2488
5298
3907
4265
9732
2505
9974
2298
517
5618
681
6598
2513
1562
905
6995
8504
3492
1564
4271
404
4728
8400
7016
2791
6741
3912
840
9678
2628
9418
3817
3945
2644
3229
6005
9436
1943
2053
3617
7504
5510
1800
4533
8671
18
6230
3566
6710
1273
3421
9426
8569
3708
6082
8467
2466
8689
1933
3489
5114
9749
1880
2865
9151
1552
3025
6130
6636
5845
5627
831
9936
1139
3080
1927
962
3940
9098
1548
4344
9339
312
4670
8866
2458
2025
7080
528
5136
3889
1876
5929
6065
9454
2225
5415
3772
8252
7405
1562
1115
8612
4594
4490
2391
7980
2008
7236
7387
9674
6746
8885
5693
6677
4754
481
9064
9531
8847
2361
2007
42
218
6565
5138
4770
1719
6112
6778
4829
1314
8505
8197
7917
5479
1574
3710
9697
3794
7077
5789
7393
5067
9334
5318
5747
5264
7588
6403
8239
2713
283
7352
4296
1233
2746
4238
1785
9681
3521
5464
5165
5860
5458
8009
6324
895
8373
311
8182
9743
6837
5093
565
2249
3405
1959
1880
587
2951
671
5686
5879
1959
359
4075
3866
2563
7262
6062
9359
1369
1611
416
7643
4238
5396
4003
5332
3131
9127
1217
549
1954
8672
8887
6050
5350
6993
2155
5550
8187
2575
3386
1301
5217
3382
6207
7959
8358
5843
7376
786
6302
742
1848
8483
1346
7243
9573
3153
9852
1122
2438
5711
4654
1197
8677
8543
5759
3484
6932
9345
1473
5190
9196
7559
2079
5241
3853
6196
4942
9867
3305
3694
7499
4651
6337
4739
8255
8651
2136
1036
8492
7815
9699
1764
2613
8680
6323
7205
403
7325
9652
4120
342
6052
6790
5617
4445
4874
5206
9318
3351
8271
9830
5925
6274
3991
406
5922
8755
4330
1828
3978
3419
8099
1448
7851
4076
2322
217
842
1035
4648
5101
4329
5077
6430
5150
6938
3250
6772
6406
2290
7780
900
1916
4435
4332
5949
7890
9162
966
8045
2883
3615
3169
7189
6596
3708
3361
4856
7235
4826
8935
7335
3750
3372
877
5909
9337
1646
8687
1009
6218
3731
1729
3730
8437
4967
7270
4653
5639
9809
90
1481
2610
3257
4818
2689
4516
1835
7067
4375
8210
7509
3056
8518
1903
966
5354
7825
4971
2241
2891
7133
6504
9465
8392
8336
1833
2755
2551
5082
2269
8396
4828
126
4454
5752
9586
5962
98
4154
9085
3807
2693
4343
9321
880
3743
9399
9556
8
4540
6830
5788
1084
2383
2503
772
7374
6851
7124
8483
8114
9197
1136
5032
5921
1169
5974
9437
5867
5255
1855
7898
1046
5357
6348
5553
2337
7603
8433
3246
7953
4768
2678
237
2287
4439
803
3947
7966
7698
1882
8745
5424
6314
454
5608
5358
7880
5068
7507
966
9184
3892
9502
2078
7982
6809
6532
7695
3059
1163
6869
8061
1065
6601
5076
5364
5936
9890
7066
3214
7440
5935
3684
8100
7264
6398
3314
3311
5264
3556
8466
7260
5053
8677
4726
2155
7295
214
1017
786
4902
6953
4109
643
7275
3600
2723
4619
4177
9592
3254
6341
1055
3870
8223
9351
5203
7071
7657
8597
9964
4615
6435
3323
196
3917
9568
8898
7898
5755
5165
5797
6866
4831
7957
8800
3016
3920
8921
6865
7364
5616
6644
7214
7079
6255
2885
2025
2335
442
7836
4763
9864
8815
7005
457
6408
3311
7277
8191
4152
5670
7399
6441
139
9698
549
4440
6818
5180
1714
9121
3522
8912
4168
7759
1316
6237
848
8549
995
2018
4876
7336
6092
4856
1570
3405
3246
4565
1352
5677
9297
799
7087
1645
1626
3249
9102
1734
5339
1349
3144
7243
4417
7813
4971
5573
7549
1615
3934
2598
108
4977
7138
3149
3556
1757
2595
6596
5601
1101
4470
5787
3534
9401
932
4903
681
1384
9353
356
3061
8368
1758
3159
9382
6865
6168
3269
5586
1118
1482
5263
7359
333
5776
4546
8716
7039
9103
955
3258
3494
2077
2705
346
6865
9498
5416
324
3155
4025
5617
9643
