9784
1976
6864
1827
9874
7608
6376
2873
7135
9186
6433
3251
9145
41
7758
5498
2679
9994
2448
2777
8804
4708
655
678
5595
8156
14
5861
1134
8073
4212
1633
7346
1611
2026
8840
671
7981
7003
6569
2543
3565
1133
8873
4570
4145
8258
3439
7914
8613
6728
7933
9737
3430
9
97
6645
5684
6028
3127
6403
1549
5965
2859
9383
6909
4798
9596
6257
89
3307
564
5134
2287
9996
1939
1888
9168
8995
7029
3321
8341
2735
4287
973
2815
6902
8728
5886
7536
3026
3866
5435
708
9607
5193
8169
9837
9272
8825
3538
7715
9910
2752
9128
8030
324
2390
6245
349
3688
8540
3162
8102
7181
529
2516
29
5883
3184
6861
3089
7691
1798
9894
5544
9255
9473
3656
6974
4120
1329
9408
5174
8364
6522
2667
9976
2043
4180
2580
8189
6569
8995
6519
684
1435
1513
1511
9378
7262
6087
5113
5689
6246
5571
4688
4657
8139
1649
8424
2963
6651
5195
991
2908
1842
2053
6617
9421
8358
9551
9146
9842
8733
2265
1790
3424
7710
5843
1049
8928
5935
2848
9555
3853
4655
8707
5109
7057
3895
8328
7701
9368
3960
5273
2659
803
5648
1599
313
8632
2063
1977
9570
4957
2094
4663
9837
415
4824
4151
4544
4675
3288
7990
7968
2389
3348
2812
3495
4645
327
290
1612
7056
5074
9849
6963
1069
2822
8420
7015
3662
8308
6404
9010
8937
6998
8617
3420
4994
5870
4103
9691
7823
1392
5601
5823
8986
6677
3778
6128
3526
7929
4218
7253
4486
8561
9743
3360
8824
3975
8123
2074
914
4133
6604
9922
7511
6957
4505
532
3756
208
2430
2740
192
8694
4079
2397
5428
6897
2284
3326
5987
8277
827
3524
7936
2771
5282
6658
3270
9554
480
4553
5069
2862
1402
7696
3949
8092
1307
1436
9267
4207
8939
8112
6391
9080
7107
719
1095
2366
8347
6093
2905
4523
6975
4738
7654
4140
9935
5365
3449
87
8901
2552
8113
6836
9065
5379
8677
4636
8027
6430
3800
9466
7033
8335
963
2930
5234
6903
82
2870
4920
1223
8895
4179
3647
3274
175
1288
4999
1330
5118
1436
7804
9913
2877
3953
8452
5122
8884
2815
1332
8325
8026
1371
8309
5140
2291
5216
7364
1791
4787
8662
4473
2958
2646
7500
5840
3671
5982
6676
6690
4026
7960
1208
232
6633
4520
6768
4130
3443
8427
5018
6546
4647
2891
376
4177
8213
6738
7763
8681
1907
1026
8199
942
1520
1062
7074
7256
7331
2857
326
3284
1906
2891
168
9683
7475
6028
9080
9816
2145
7737
2369
8609
2959
117
8891
6854
7212
113
7960
8401
5397
2769
9606
3081
7690
121
8835
2143
3929
9297
1149
5677
4206
4966
2716
5369
627
3725
331
4749
4131
6107
158
5816
6423
2713
9868
9991
8323
7206
9554
5623
3601
1017
2917
4769
7931
1177
2139
7749
8173
4131
4531
5897
5076
3212
1306
3764
3488
486
5396
6264
3284
8224
7506
5097
5137
8872
6750
3931
354
3421
6738
757
4951
9695
7118
3550
813
9740
1822
6042
2197
2538
6446
5372
6581
8148
3074
3079
1154
1110
3785
8979
9756
426
1480
1167
303
9543
4053
3235
6949
3953
3470
8721
5584
8851
1652
7705
7140
5466
1414
8115
9122
5098
7549
6398
9284
6810
8332
867
2534
1657
3144
4437
1976
1197
6441
2461
1577
7297
7788
7279
4162
7154
4012
3548
8028
4306
6377
3157
9306
1003
7264
514
1187
1156
4318
5454
2771
4883
5451
3468
5496
444
5331
6764
1406
4051
3167
7768
2509
960
7526
6786
6754
9125
3379
7344
8770
7255
3404
8888
1677
5669
5964
2674
2198
6227
5927
797
1098
8992
6583
7581
4909
910
1048
4634
4596
419
8964
1249
6500
4703
6722
5004
9325
3051
647
6489
153
2999
1567
9038
1283
2223
33
3621
6131
4292
1909
8730
9261
2958
3960
2594
9696
7163
2789
6066
1085
4397
8062
1303
3002
7648
1015
6405
7770
786
8444
2687
3812
1128
7503
1931
1637
4789
2146
7182
3741
2546
2883
2578
1427
9443
6526
1876
709
3538
31
8459
2830
9610
9895
5168
3666
22
9524
3195
2904
757
3214
4426
1614
2247
8884
6846
13
5134
3961
6968
7959
7303
5745
7162
8588
5063
2394
2747
9692
7847
135
445
8988
5843
5516
2688
1393
9308
6223
1436
4977
5529
5896
8550
8633
8813
5250
5081
1016
2189
1397
5125
3069
2424
6170
3902
1669
6650
1641
6984
5915
1317
9906
4739
1656
6184
314
483
7749
8724
9554
4466
9801
7203
150
3304
1544
6125
487
3492
2549
7825
7100
3506
8999
4652
7655
1418
1958
1552
9669
8930
3379
7452
3892
7559
1192
4473
175
7963
5374
6757
7943
9611
5247
956
1071
7252
6393
3803
5586
5487
2304
3801
7287
708
4141
6725
2632
2502
9645
8504
6164
7307
9360
1265
2306
5871
3011
7486
5477
8992
5076
5354
9318
603
7264
9011
1944
9167
777
8448
4042
9762
3474
1212
3
9943
5366
3226
619
9271
4892
7300
6198
8864
1455
6414
2541
4371
8207
6345
4854
8549
1094
3872
4437
9623
5717
4334
1489
8544
5898
5209
9114
6483
6772
8019
7692
5941
9741
3633
26
2595
1791
9593
5345
9922
6443
7406
9229
9787
4563
584
8932
9800
6298
1729
1060
7147
7135
2666
1246
9667
5130
9503
1141
4370
7477
104
9680
4268
1864
5514
7571
7533
7475
5265
8532
9741
9766
259
3705
6442
6640
9854
2207
7178
800
2574
8754
4060
7281
1118
2932
8967
3521
763
888
9983
3537
8283
4717
8091
9201
8592
6036
5732
2533
8929
809
6530
42
321
2533
2350
7337
5632
2297
6761
3173
4510
2471
7340
1144
5616
3852
683
644
6889
6626
2091
220
2048
1844
8948
5170
5799
9625
3320
796
4642
1276
6366
953
654
2264
762
115
9541
485
523
7166
314
1995
7512
7998
5979
6969
9979
5984
4414
2557
2469
2214
8170
2408
3884
3368
8346
4565
424
4622
2782
4771
7338
9774
6540
1178
1173
6857
8530
6999
7363
4693
1547
1753
161
7628
6169
8016
7041
1324
3041
8810
200
3797
3939
7740
7157
1118
9382
414
3108
5889
1535
4611
6614
170
4743
4084
4251
3809
828
8644
1178
146
9006
168
1885
4208
8451
427
7027
5164
6956
2290
1341
7521
8447
7470
9332
6278
1667
1356
9524
4048
2622
7779
3795
2628
3629
2015
7742
3653
9832
105
3056
8320
226
443
3979
7107
1711
7812
3095
3076
4204
2763
9485
2060
3742
8762
434
750
7483
860
1638
1478
2657
1744
7199
9678
4893
2839
5297
4087
6701
1830
1077
3672
8564
1406
5804
492
3674
6358
4790
7991
2828
7703
7456
3235
9288
4603
3652
1434
5764
5249
3827
6408
6152
4221
107
6167
5627
5738
3610
6776
6615
5264
2093
5833
937
4518
6969
1879
7802
5324
4740
2754
6658
9219
6220
6368
4215
921
8865
6305
9336
3804
1750
8963
5722
4063
5179
2707
5658
2950
3553
9072
1668
433
9012
3808
1872
5703
1792
8979
410
7975
5466
461
6279
3405
1768
3905
8109
6430
9376
2172
3066
7770
3398
7369
2879
4020
8340
3126
7339
8459
3298
8260
2681
9331
5899
8013
8305
1182
4723
4477
9289
2707
272
7630
8065
7593
3971
4862
7518
6565
8466
4903
2631
2736
9334
3611
3925
4626
3998
9328
9573
866
2262
7495
5552
7950
94
4152
3861
2929
3808
3780
7324
7251
3223
3582
9474
6308
7066
1698
3085
1205
7572
2404
8417
3082
1959
3494
3276
8938
3895
7494
3736
8957
9708
2686
7038
8847
5872
8113
7032
4424
5119
7047
9679
2011
8455
5234
4997
8843
28
1605
4476
3324
1639
7408
71
6131
7125
2423
3461
6765
9967
1691
8068
9870
3597
3725
5073
9760
2481
4776
5693
9675
9962
8417
3890
5966
9599
3431
1029
7634
663
3648
8104
3534
3485
9356
6647
2542
1110
6658
972
6642
7160
6228
5541
4209
7817
846
7498
5870
3704
1013
5499
9440
9894
1603
1963
119
3841
7284
1395
2433
1173
4556
8390
1869
3765
2402
2188
3809
441
9784
4048
966
4927
4861
1220
7915
3862
67
6860
7591
6049
7345
1462
8573
4011
6871
617
4025
2933
3715
4394
593
6928
9286
7082
6541
4131
8271
3725
4937
243
5671
6874
6217
2434
9800
2075
9017
2457
3264
9435
2590
7894
9053
6067
8475
1889
6529
8280
5686
5114
1902
2143
498
896
3414
7185
8298
4965
7919
1026
9469
7023
879
7235
588
7685
1260
3129
7964
4374
4671
3487
4849
1494
2764
6329
9095
951
3900
3907
3957
2458
9206
2950
9511
3928
3949
3373
6553
6827
4858
8789
257
8394
3568
1652
5112
5622
4702
8143
9162
8050
9911
5425
9027
9617
408
7386
1281
7908
9206
5204
6459
4883
8330
3907
3508
2796
981
669
8462
1720
9381
9494
2017
5148
2863
9810
4284
5384
7050
6135
9777
1123
9881
5190
3458
9793
7082
9271
6082
5634
8956
7597
7363
4855
2271
759
8813
2003
8763
9619
796
735
7114
1354
4384
8111
4773
7480
1771
789
9527
2932
4986
4029
842
6384
8436
1605
3615
7574
5428
1515
5395
1033
9090
2481
6274
2660
7318
7001
2867
811
9549
3598
547
3762
2560
2675
8006
3971
1435
7319
8941
8059
4726
2775
7260
5113
6313
8930
3603
430
1335
9660
3126
172
3373
6481
3415
4781
2934
1200
8427
3214
211
4597
1736
8360
1570
1771
6346
3402
4958
230
358
8752
7423
4845
2453
414
7887
5306
4080
4155
720
6677
561
6605
1995
2459
4003
1068
2786
7528
8067
1377
1022
415
7477
241
3931
9116
8820
8359
8525
6012
3459
2463
6780
7956
8812
3902
669
5737
2749
971
4514
2368
6429
269
5881
3878
9114
92
840
642
9902
5355
2700
7495
5648
4775
428
4651
8022
8944
6100
8640
9224
9654
5545
5106
1
6821
6040
3228
7825
5936
292
9766
3725
8648
8047
9767
1135
9470
8350
3164
9964
2163
9595
2915
6615
344
8981
7564
5147
4783
3280
8156
7703
350
6024
6143
5974
492
8785
7074
1792
1735
6033
9586
5041
3101
1216
5207
7901
2882
407
6749
975
3625
3054
2120
6379
927
359
1535
2673
3938
5727
7152
5023
4130
3382
1963
4643
6826
4517
7388
3015
5829
5817
4005
6414
2960
7719
6376
5956
9309
1463
1942
7185
9420
4128
4400
1629
6683
4568
714
2176
9032
9173
4899
9409
7551
7783
5224
6370
7490
6290
7213
5514
7057
9818
8020
4644
2004
909
4716
4231
6473
6895
239
8666
3933
2744
6828
703
724
8339
7917
3461
6599
1361
3549
112
4516
8248
5776
2506
5215
8053
7700
261
1430
6233
5918
3631
3796
3080
1992
6335
3318
2529
9653
5903
6139
9300
8523
5444
708
6965
5163
3067
4148
8775
5153
3755
2470
4837
6850
2519
8007
5193
2975
6724
8949
7506
9538
6852
398
9084
3383
6950
5107
3369
3548
8588
2298
8562
4453
7897
3463
6137
3731
1931
8881
3670
8663
1513
489
5204
6974
6759
759
330
713
3351
4385
3740
8488
430
4185
4884
9385
3655
6571
4464
4042
2568
6924
5475
9051
9468
9184
1894
1904
4592
2031
8542
1929
8953
4255
5756
3218
963
1835
954
9241
9297
5892
5155
4255
9681
7795
767
9422
3948
7585
9966
6543
8388
3909
4786
3565
2850
5490
3144
3754
9626
8520
1978
4233
5133
4511
1419
7507
9564
4984
1243
869
1430
8100
1734
488
5765
1351
8945
79
6607
7475
9012
9925
2751
156
2659
4785
6911
1049
5476
4576
2136
6994
8211
3274
5941
2917
9996
7942
9676
7808
3630
9635
9985
2043
1906
1375
8952
2558
8471
9728
9837
270
8273
8911
2064
959
3106
3331
2763
5397
4378
4220
133
426
5457
83
3016
6118
4078
6910
4944
2887
4037
1627
1020
7387
13
2000
941
1490
2946
6785
6421
7515
7093
3104
9413
2071
1157
9596
3878
3594
5559
742
9799
7087
3217
5722
2678
390
3354
8891
5329
4453
6807
730
161
2080
6979
976
5365
6599
2894
4332
8235
4678
9798
7729
5786
9326
8755
5058
6303
7549
8862
3518
4654
3186
6767
9096
3094
9739
8142
6137
9928
1912
8109
5925
5825
6390
6670
7715
3168
2316
4670
7806
4111
8791
1166
7856
8877
7054
1578
5998
831
9609
1374
4608
4097
8442
126
2861
8292
9342
2267
1945
7811
8389
1634
7700
8416
4869
1214
4065
8779
3118
289
721
1809
9690
4818
9071
9334
8786
4393
5186
6858
4907
7339
3251
6934
6004
4038
960
4070
1353
4534
4411
9806
1378
1684
9672
2717
107
2507
5330
1136
1794
4861
2857
1746
2481
2697
1640
2477
429
6276
8628
2376
1204
4062
5425
3780
552
7761
79
3425
1867
8486
7267
6713
6841
8625
7236
3607
5424
1690
7237
1345
3165
4456
8587
6933
6774
4800
38
3219
8896
689
2370
1467
5435
2511
9733
5952
737
1632
7409
2798
775
7101
9103
8481
8574
9582
8263
7068
1519
551
1215
7780
402
6247
4576
2575
5568
7399
216
7556
9530
5408
8603
7935
2977
2895
6246
2237
1403
1846
9741
6248
2760
999
697
3471
7346
9898
2403
1409
3045
394
1434
7314
2581
1239
8608
5040
4563
3618
4317
5653
3167
1004
2841
5369
5209
1223
7429
3726
6962
259
3605
1532
7521
6855
6541
8180
1065
7764
856
8457
742
8095
7511
5566
648
7691
1481
1006
3781
9823
6300
8338
4131
7070
8306
2834
9802
5572
8371
3360
4059
582
4081
2517
5319
1486
1320
8635
9469
9104
6337
2894
4060
3297
8974
3795
8285
2887
8490
9136
130
2866
262
2044
991
9093
8794
3821
9288
9164
1738
8797
1143
1184
7838
7686
8633
4473
1091
3261
7249
1893
4007
1542
9275
8596
1197
4292
8039
6672
770
352
3854
4645
9155
6634
5134
985
9193
9254
793
5739
1976
1572
3659
95
7993
3964
2259
8626
5230
6399
3213
9712
4746
7134
5505
1394
7288
6104
7081
8596
8362
6452
5930
189
3566
1684
9439
1923
4031
8505
5610
3334
4299
2739
897
9228
3194
7127
3751
7406
433
4889
532
1586
7251
2547
2537
825
3042
832
6650
6311
3651
2020
5670
4129
7195
9827
3705
8354
3122
4955
3124
4586
8688
4812
8455
2381
5373
725
7553
5928
8639
1066
7286
9972
7224
2661
2329
577
9395
6658
1145
4915
8117
5751
8201
5380
6644
2784
9150
4484
8389
2233
6653
8040
1831
3354
6539
1437
135
1560
7397
6346
1764
1967
7511
9269
2776
4610
730
2063
5881
9817
6125
3895
7356
9303
5322
4450
1528
801
8099
8992
2540
261
8378
227
6173
9027
4447
4706
6888
8942
4466
7322
4014
7627
962
4581
8450
3513
281
298
6838
9023
3386
4992
2019
8680
462
22
6844
7860
6909
4992
1012
887
9378
4490
4310
6718
1398
361
537
2099
1176
6288
7859
9761
279
7308
6034
9802
8999
4887
1205
2089
1205
1357
1256
3691
3294
6038
9865
3541
6744
8810
2095
9157
5571
95
4664
1947
374
7270
6593
2404
8691
540
8152
2187
6807
8355
815
1992
8656
5814
9884
761
9558
3439
5248
3630
9019
9113
9781
6902
7587
2580
7155
9422
4015
4408
4091
9595
7810
3519
3157
7962
3676
5874
6161
556
8062
2397
6718
3683
4858
649
8214
6162
6358
8764
2833
7863
9897
1198
2438
1770
5357
8242
6954
5500
1451
3200
4426
6780
6802
1310
5750
6181
6673
6658
4932
163
5423
1847
7973
3929
7641
4483
2331
7198
6488
4785
882
7371
8850
3084
7265
5133
2260
6445
2246
2517
1623
928
8555
7519
2479
6395
2694
6083
3975
832
8791
975
7147
1896
8577
9693
6528
9132
4880
6398
6100
341
5094
4886
5824
9485
8274
1101
4992
5268
9957
9634
6412
1731
6247
9956
1412
4390
7069
139
3206
3191
4691
5413
3202
1568
1444
6968
6597
5630
9319
6642
1815
5468
400
1795
6733
5471
6176
5388
4602
5926
3148
6606
4179
7244
6854
4326
2179
4275
3395
4828
9734
5690
852
8678
5404
1106
8023
5009
91
2826
7279
4752
6745
5071
8082
8327
467
5038
5074
6371
7862
6216
724
7487
7163
7271
1269
7694
7800
6127
4064
9131
4212
2345
6179
1826
3622
637
8616
299
4292
290
3451
9693
7763
2003
5121
9500
4754
7301
4016
4580
1387
5688
931
9752
4008
382
2839
4705
6740
2360
7323
1754
2508
6425
2806
5233
2487
1475
9482
473
7034
7378
3535
6572
3268
9272
1825
9077
9586
5910
5201
3006
3014
9574
8849
4817
9758
4773
9109
5606
4713
4278
1342
3624
6216
3309
3061
5895
8960
3469
1721
8474
9547
4467
1299
3663
2177
8500
4341
7661
4236
2400
6484
530
6503
5009
8170
7629
3072
5891
6778
4519
5043
6815
8246
4945
4540
9807
7994
932
4085
9162
9539
7236
5356
6658
8689
8392
6600
7491
4395
1509
7593
5362
2679
399
1353
9674
6969
8170
401
7982
5320
3410
5651
4417
7911
9099
418
1814
8747
5935
1868
4557
8216
8777
182
2830
1892
4770
4154
8803
3886
8579
4773
974
2750
9739
6993
87
6184
6274
541
7157
153
7310
874
6179
9624
5798
8026
6835
2641
7951
7655
877
2514
9072
9490
2415
9942
6104
9198
5859
5147
2157
8599
7742
1557
393
5280
4458
4
434
8759
4711
296
5316
5722
5233
352
2724
4534
7450
5269
5957
473
2931
7381
9496
1786
674
9787
8096
6385
6881
292
671
9462
2049
3815
4505
6280
4622
1040
6773
3945
9301
6580
9084
4971
7953
2452
2174
3217
2871
4153
4384
9043
2722
5958
5050
2703
8548
5482
6705
467
2705
406
4025
3726
1643
1035
3540
6596
9948
2170
7824
1656
962
691
5029
5202
1088
3244
9876
9253
1365
8904
3073
3913
3824
6750
7574
620
7328
6998
3736
3161
1335
8573
2973
9481
9929
3325
6222
9916
6080
6825
895
5956
2956
7910
7187
9582
3964
7197
1462
3209
289
349
5016
1107
500
4375
6318
2558
1569
8425
9348
7862
618
4328
4471
1373
9737
449
8378
3257
8815
5441
8901
328
6995
5955
7433
4018
1267
9963
25
6119
2788
1422
1602
7717
4433
4236
1351
4768
5245
3693
4888
5077
8171
357
599
1685
4259
3560
7474
3850
3901
4034
2894
8420
6865
3848
4298
9715
6666
1368
7681
4929
5727
6449
2992
9023
6186
5503
645
5686
5648
2194
1053
8366
6264
6959
9788
1073
6909
9361
4807
6482
2469
4185
9686
6492
5916
7377
2796
2933
6495
9158
2962
3191
5424
5426
7590
5386
4283
112
2668
3076
2608
3000
4288
9930
8186
7688
3195
4480
6772
5450
9292
9883
4467
4137
4859
3091
9288
4097
2850
2161
7959
147
2690
5798
872
7695
1382
7061
9014
1151
3659
9298
2291
1579
117
3545
8497
5895
9143
1954
8791
1248
4663
8817
412
5991
5044
9333
5274
8575
7160
404
559
1079
4973
51
1614
9045
1619
3490
8614
2515
9903
3427
3724
7252
9928
4541
24
1965
4859
970
5811
5364
3523
3148
7441
8248
5642
6455
5064
355
314
5954
5203
7913
8816
6007
498
9789
3544
8912
7499
1622
9441
8322
6178
8912
4716
6558
548
3542
2041
3151
2260
2799
7466
3105
3132
2361
2511
3422
5371
2164
4684
7717
1793
6424
4283
7922
1603
5746
3042
3532
1122
1299
9281
2973
3499
3578
696
8016
5179
113
8137
1938
9119
4330
2974
7851
4691
4069
156
2842
2546
6082
5992
94
7660
3852
4023
7556
5120
722
4415
4175
6560
9993
2048
1381
2466
6424
5021
3767
3665
3239
9372
967
8442
2067
9704
5003
9078
8233
8642
7002
5891
9459
5149
8735
9732
2397
1680
2311
3240
3478
3583
6256
4968
5905
7621
374
3869
937
9722
4879
2367
7979
6310
2385
2323
4030
1406
9211
5333
9526
1185
3711
6715
9291
5011
52
7544
2173
2171
5741
1915
930
1659
6321
4006
6260
2646
3467
1840
5860
3083
8865
9032
5226
4841
2161
336
6472
2380
1179
3087
3971
4706
8616
5501
1101
1838
5817
1062
5500
9920
1819
6785
4770
5531
9555
6311
8937
2352
6813
1162
7009
2396
9118
8055
3636
3949
3218
4094
9982
9723
501
9619
1583
6312
1548
1656
3103
3244
6791
9849
6420
2640
7396
4995
6983
2495
9458
9529
5566
9748
5881
6506
5307
2077
6867
2197
390
983
1907
5522
2246
6902
1022
4663
4100
7495
6690
4535
1213
4013
5102
3894
9454
6728
3668
1159
7185
2962
5149
9786
5897
1884
5868
4391
3933
5244
7602
4790
9971
2642
9643
9087
414
2581
6848
4273
9079
6847
1528
6547
4582
5255
6724
516
4665
9299
7925
5548
7794
894
763
906
4719
8720
195
3392
108
3817
4270
6844
2276
4031
7366
9326
9557
274
8798
1938
9575
5810
114
4870
1988
5079
1644
839
9808
243
8557
616
5776
727
4123
2314
5304
9584
62
2336
5987
502
3846
9357
6136
2348
9922
7070
8141
4284
1497
5582
6014
7124
7784
3669
3997
23
3608
3379
6191
3004
840
806
1186
5193
6443
6938
1728
4891
5822
7249
3129
2459
3843
8952
3206
2321
608
4654
7999
7523
4581
5490
7822
8392
193
2329
8638
9014
5986
4581
2134
8057
1221
5454
665
6461
3889
4622
311
7028
3608
8950
8206
6859
2211
7148
8327
3675
7212
8225
5492
3536
894
774
1502
9989
1121
6777
6532
2832
9295
1730
1711
6106
3487
7062
1960
6085
228
7619
2596
5436
596
6227
147
5463
7161
1359
8669
6117
887
117
9342
6671
2437
8854
7373
123
2533
6840
1605
5085
1170
6486
5846
1380
251
6323
6055
8785
5527
7942
3270
7176
1347
9658
9600
74
382
1120
9363
1093
3856
1996
3813
3861
9654
3487
7513
7958
1319
7238
9178
7044
8002
8704
8692
9413
7894
4692
2932
5030
1189
8370
1648
3278
3303
4698
4573
2268
7017
8694
9480
7886
9944
158
1728
7716
5314
2629
5533
743
2445
7723
9135
4567
2185
2967
29
4855
4190
6793
8090
6944
4199
5813
4988
2664
3857
6475
983
2928
113
3270
1850
2843
5031
1096
7593
151
1705
5938
9630
6329
5136
2687
2728
455
1525
6470
6612
654
5195
4616
9044
8279
1946
5740
1716
1346
1894
9109
9957
2373
9169
4333
6959
1335
3993
3961
549
5228
864
4193
6978
5014
4953
3059
1865
6243
602
138
8039
8857
6905
1049
4656
2955
7277
8401
9572
782
4015
2497
4231
8210
3154
8070
121
1780
9652
7470
1100
4632
4443
2019
8735
5138
3079
7120
8376
7339
7458
2668
9905
3809
9352
3037
5522
9246
8866
4020
2657
2517
1046
3689
3930
9545
8705
6116
9048
4556
9301
44
4509
3945
8694
3107
2209
6975
4159
8920
4101
6007
2732
971
4132
6440
216
6748
4540
8875
1312
5602
1815
5719
4488
3576
7233
3144
3297
9980
9452
7651
62
4950
6960
7365
677
3416
7815
6727
5021
4523
2099
2447
5204
1962
2931
8877
7125
5524
3281
162
2638
5400
9167
3088
1670
3421
1488
4881
4672
9343
1541
4614
1815
707
2556
6336
2237
2700
7443
9812
7206
7960
3370
7903
8717
2321
433
4324
2721
3505
1190
8167
8354
1650
6000
6995
333
434
9198
7898
3089
837
8793
821
7397
237
5175
347
9905
5591
1277
8496
9356
9246
9948
2759
4989
3281
7958
9909
9414
461
2115
6812
7679
7382
4271
8249
4517
5792
3403
7617
3559
1709
4978
3060
7194
6336
9649
8992
3124
9936
4943
915
9689
1019
5656
9767
1481
9713
4860
3236
6898
210
7405
76
1056
5840
7242
5086
5699
5372
8482
2391
1418
4487
7101
7995
3656
1101
9319
3037
8393
2604
8866
757
9405
2003
568
4926
8321
7409
1428
814
5697
751
7910
9404
1924
8469
6905
1608
3646
6650
3466
6326
4716
246
3511
9720
5974
1723
7142
5721
7514
6207
7366
2024
5666
5418
5236
8229
1863
6739
1548
6018
7131
7467
3566
9131
9786
4770
4757
6976
8292
2513
1340
6102
4690
7057
5786
7248
9432
2335
4768
7759
2822
7549
1037
7607
4941
1549
2861
4662
2555
1348
1147
2603
8818
1726
6118
4936
2276
6878
5132
8283
5563
8562
7679
3690
6723
7051
5759
6356
1235
1154
9345
3152
6515
7986
4134
843
177
8436
8049
8811
7858
9052
5321
6665
9180
963
3111
6649
105
5433
7148
4166
4216
2142
4217
1993
3626
1308
7418
8205
9941
9485
8858
7607
9064
5010
3653
334
9894
7796
7203
3891
8975
3532
6505
3153
4392
6814
1338
8844
1509
3345
8184
3132
5568
3222
7552
3226
5178
9118
6032
7057
9292
8121
456
6201
1213
3669
2909
8306
53
4820
8652
1217
9462
1389
7654
8154
5844
2599
9971
1021
9082
336
4897
9512
6892
1233
6973
783
9970
8253
6882
3685
2471
7185
9898
6301
304
1784
2569
5911
4163
1121
4419
3591
6567
7906
4880
8912
4300
7817
2088
1337
1351
7470
4703
3564
2945
604
4829
3780
3018
2758
8076
3201
5505
8612
9825
1813
3882
6096
8842
5723
9322
9969
9635
727
8701
3943
6682
5942
4053
2003
1686
5257
8317
4048
106
5522
98
2247
5444
8822
2499
8074
9791
4852
4776
6836
213
4795
1850
625
4380
4356
5779
1521
7775
659
2474
4179
1060
8622
45
8202
5935
6665
174
2896
4506
3300
9168
70
2407
3372
5940
1054
256
4640
5251
3688
6006
7871
9570
9109
3166
8603
3967
2983
6200
9529
6351
8591
4461
3987
9229
3194
8691
4400
1554
9610
855
406
8190
4453
4389
6330
5026
4110
9182
5228
1238
4659
9104
8766
3210
1764
1279
1693
347
6625
4336
6286
4974
4771
9694
5809
2802
1011
3466
3916
8961
6526
4448
4400
9142
9237
8279
9730
348
1173
5335
194
8939
1987
3829
4567
758
7695
69
4082
4953
8552
7443
9990
8507
7644
932
4803
6851
1628
2412
2785
8484
1136
9077
4501
2018
1938
5589
6557
2699
6139
8392
1389
5714
4914
3025
1264
8450
5865
1530
9677
332
5317
7747
2041
3154
4283
5007
132
5471
6107
7370
6574
9280
9248
8892
1810
2287
2212
2496
8095
2726
8935
5947
3811
7454
1520
3475
4608
8142
6410
1339
3953
8528
8138
5910
2021
4106
4531
391
6270
9687
3750
3252
8567
7912
499
2043
8192
6265
9384
1583
4817
9211
7256
3292
6178
2167
325
5088
988
4814
9493
3023
4305
534
1784
8797
5865
9092
8813
4536
7507
8272
5707
6135
6190
3711
689
3199
6182
9308
7657
1389
9384
5211
82
2514
3253
1116
2956
6762
1711
3443
6082
7189
3396
8465
2654
7572
812
8608
8086
9408
8808
7554
1664
7888
1781
757
2812
9434
7547
6155
5115
9813
4777
4396
7441
4374
5454
3048
9756
3933
8895
6528
451
5048
3662
3432
7844
2667
3692
8316
6222
6474
5407
7344
2423
246
1151
1445
3319
8653
2883
5669
3076
7414
7197
5765
4558
2665
9138
5921
121
4360
3178
3629
2512
3274
4291
7655
3928
3755
3409
3893
4033
3018
3487
6362
8218
1735
156
847
2331
6129
3530
7172
5003
1900
6688
8559
3308
9769
2089
3878
5767
872
5687
6308
2955
5804
9883
1772
1460
9772
5166
5951
1491
3698
6943
9039
4000
9829
4306
7415
2246
6753
7186
1233
3672
7839
8356
1366
1736
6277
9666
131
6670
5510
4434
1350
2385
1230
3155
7464
3939
7671
1484
8497
7398
2913
4732
4987
8802
3347
9049
3970
5049
2734
7923
1475
3143
3829
3395
2443
2466
3386
6675
6102
1998
2711
1296
8370
3263
9708
5147
4699
1434
7482
7121
52
7773
5569
4294
9323
2153
2164
7276
9199
105
1254
1989
850
2163
9617
9124
3720
7077
3033
460
6548
6875
8132
6072
8878
1690
9143
7337
124
6562
2960
1290
6208
2189
4430
7651
1439
8234
4517
145
5783
646
4399
5424
4740
9207
1268
8849
4445
8812
5554
7569
873
1004
191
5818
5475
9312
3042
9157
8486
5138
5417
2184
1706
4137
8006
3077
2524
9674
106
9879
8516
1823
3241
1131
4801
2113
7788
1788
8500
4977
1411
6402
984
4670
9333
248
8830
3498
4972
6908
7299
2849
4678
391
261
365
4465
1530
4702
2836
5466
2165
1657
9543
1075
5098
3368
2511
8464
1750
2951
8185
3026
9223
5861
6115
7927
3977
6398
3967
3125
680
4530
9250
7450
3041
745
7399
826
3401
6268
5318
9883
1061
504
4542
8154
9483
682
6948
7982
9571
8681
9381
4943
5944
5823
473
9464
2193
8895
9263
3054
70
8519
397
7561
4738
3222
5466
3993
3195
1186
2870
7824
1953
5880
3559
9772
6944
2118
4393
2764
101
7512
9197
2503
932
5087
1637
5227
6331
6935
3366
5263
0
869
4600
4638
4996
7140
7496
186
1863
4697
1694
9246
7519
4426
6841
2722
3398
6209
414
5100
4528
9318
1098
2512
8989
7701
4702
5516
2657
3850
2133
7813
577
2119
5754
2044
6693
6735
5540
9932
1311
8942
5903
105
9645
8627
2170
869
7298
5771
1996
4809
1962
7217
9681
3515
9621
9681
2337
2581
1371
3414
6210
7453
8643
6728
4538
101
4706
166
1694
8804
1814
7358
9364
2877
1193
575
4709
7520
2081
9815
8462
5539
3240
8508
783
2228
4644
5029
4887
2292
3368
9002
7459
1572
6027
787
3505
3816
9231
9025
6492
3716
5276
3830
38
8305
5290
4372
1295
4825
4611
5979
4609
8594
6064
9503
3562
2235
4651
2184
4434
9092
4351
7654
6577
6542
6814
7495
7402
5905
3524
7922
4418
7620
890
3213
8696
3994
1333
1773
7882
464
6752
6337
8928
9825
6570
9792
5462
7265
2493
3294
3638
268
3434
5073
4247
9039
2916
7482
535
2220
6836
5435
6870
785
7146
2434
9646
1112
3228
6475
6180
2449
898
4797
8233
5619
5434
7226
1261
3567
7712
6004
9048
1847
1758
9691
7157
5818
232
5302
5686
6650
1771
7298
5420
4706
7324
8730
3160
7898
9616
5809
1865
3315
3317
8394
534
376
8763
7078
3894
2116
9050
1794
6548
9134
4522
5600
2280
2248
9949
2851
4837
9011
5248
8304
5681
6271
3413
5856
9398
5515
7920
4816
1475
2406
4628
9657
9555
7826
3037
349
9450
9416
6843
4180
2901
7804
6192
7194
7612
1446
9933
1629
9289
2901
6547
6940
5145
4557
5102
6362
5648
7527
6688
8239
8221
2300
2313
9709
8600
3849
4306
6247
3874
9716
2990
6058
2541
9619
5958
7362
8019
1092
3326
340
2151
718
1564
384
4802
5795
7205
7098
9204
6483
7539
7496
4904
7013
8226
9279
2880
5709
5123
2229
3324
4739
2377
1725
6791
1877
1116
8477
690
7685
421
1840
5480
7142
5210
596
9453
8305
8979
8179
4148
7796
1217
7198
6309
661
286
442
3275
2862
985
4540
8903
6412
4479
4299
4651
8322
2281
2747
7784
9551
5080
6499
1886
8693
8448
257
754
5101
4539
8299
5860
3883
2167
2929
6560
4729
1754
1020
155
2038
7660
6835
7645
5024
8571
993
1274
3276
3870
4798
9785
6213
8160
3837
8190
7505
305
2465
6849
3288
9350
6711
8343
7195
7234
1736
3862
565
4196
2879
4444
5461
2793
868
5776
3542
9615
5365
5912
8239
1728
3622
4445
9685
1240
3225
8223
7013
6102
9705
6322
6393
4141
4672
1955
5590
272
2852
3364
7806
6449
734
6602
4434
2050
9502
6647
1541
1433
581
6997
7546
5960
9409
2189
8457
4191
3384
5094
3432
7504
3987
829
7728
1220
3048
7091
9250
2404
2671
1091
7530
7262
6486
2333
6553
9035
9654
7287
3194
8462
4408
4086
6481
3568
9750
6127
5483
9386
2512
2084
8072
3020
2012
9951
9273
2397
5698
1977
7294
5603
5763
2311
2411
3951
8258
7293
6214
773
6524
6949
9623
1643
6231
3262
543
2116
4894
2681
5706
6582
3546
2954
1776
8166
5745
3159
2676
1451
1635
6892
7002
1404
143
7816
1541
5230
5466
6378
2917
4352
3529
2200
5326
9204
1624
2016
7167
9464
1873
5798
4988
5510
5818
4605
8607
3501
118
2909
1023
6062
9846
8339
4822
4460
1746
4646
3903
7464
5981
6235
5010
3894
9856
7166
4705
6841
8939
7568
9671
7699
5600
1239
2748
2248
2399
9156
6419
2815
9790
7010
5893
5358
2840
3319
1
8142
2087
6282
5933
351
9851
2374
3838
196
4790
2412
1661
1718
8710
6824
6265
2111
9329
2340
6015
8118
4866
9391
7165
3943
5715
1557
6757
4833
6570
5114
7894
3888
8280
2565
2490
3357
8273
2654
2817
755
2757
8460
6643
6422
1907
4459
245
6973
2096
3765
8260
5452
82
5764
8842
2902
7588
2615
4592
7908
4865
2875
4833
3104
7325
3816
6140
4766
5949
4798
2169
1409
7304
3715
4668
7264
492
3707
2620
3203
3932
7251
2235
6963
5468
2542
8258
4816
9778
8476
498
4343
4975
5354
6909
1314
8511
6263
1390
6785
5030
5617
8575
3596
8954
4430
1298
1442
8928
34
5920
222
7562
3743
2911
1993
5725
8672
1693
8750
6303
4350
6944
1620
3941
1042
2909
8448
6417
3773
5695
8449
6126
3165
3666
9564
6680
1665
7501
3868
4818
4848
9913
8624
9959
5444
2273
1610
5450
7276
6949
1415
2449
5523
6113
8445
8694
8277
2243
8287
449
3520
6440
7251
7717
4282
5844
3710
6988
6121
4062
714
7896
9497
4275
3889
1961
2675
8959
82
3710
9294
6976
8441
9115
2950
5610
4880
9118
7010
1775
6136
2878
3746
4188
5974
6885
2483
932
4011
1877
2051
2201
5782
9166
8752
3736
5634
911
4314
7662
9371
9260
7916
6967
6122
6447
999
4441
7754
2191
2631
1820
7739
2354
1779
3473
8181
4206
649
3004
5861
1748
2714
4321
7833
6312
5630
6451
7414
1875
2538
5475
578
4547
6089
8847
3379
4384
6038
3201
9047
4331
939
3696
3830
4320
8878
2477
2646
7865
1478
1953
9163
4588
729
8823
3334
823
3625
7500
3077
2951
8492
1154
9418
1943
51
5006
9950
4072
8250
9764
1132
4328
5177
3292
5350
2735
9024
7126
3778
5616
84
3313
3642
3786
5738
7686
9652
3488
7628
5098
6819
5981
4920
4492
4980
8768
5451
5742
4805
6759
6380
8693
5987
6062
1058
6177
8552
1296
6112
5103
4158
2282
9092
9584
6341
1137
6460
2867
5269
2686
2242
5052
1961
6630
6546
2289
2007
4541
9484
5957
8188
1408
8875
2979
1856
3884
4340
7152
7599
1779
3499
595
2560
1939
6964
7476
9433
4306
8971
8076
7762
6283
3536
3234
1259
7765
1101
2839
5378
7013
9289
3969
1740
5044
49
1592
5959
7787
8556
9754
7048
6065
8296
2629
1929
8808
3502
7721
777
6317
5205
6768
967
4756
4531
8392
2784
5870
8098
8090
8129
8855
9522
8004
1728
3462
2122
8856
4647
7581
6315
6536
3923
40
1689
2069
3419
8086
736
1330
4220
6844
5024
7584
6174
4755
1457
1393
1068
9187
2490
4843
7986
4711
3034
2719
5118
6188
5462
9635
9614
6847
8645
7721
7074
3813
814
93
385
2307
7822
8399
5314
2922
87
9698
8327
1802
5329
6896
1655
6801
3414
1514
2699
2059
8625
734
4002
4974
8879
10
1549
7979
4766
2710
7141
1175
928
6860
6281
1894
5507
4454
8346
397
2869
7764
9928
265
1702
5697
5677
3120
6242
9703
7047
4537
2423
8444
9691
9194
763
6928
3009
1767
3060
7881
4877
622
6472
139
6253
8585
5167
1924
5052
7954
8559
6694
6775
7724
8832
9499
5750
6462
6055
2417
5493
2244
4241
7348
9936
6861
288
4944
825
7546
886
7245
75
1429
6087
3048
7880
4628
1085
3399
8956
3471
8379
5034
5652
9266
3029
8956
8716
3050
2819
4983
9661
5564
4390
1742
5789
9393
9969
5587
7221
5747
7177
1481
2529
7067
1849
7011
9798
2753
3064
21
7083
9779
4750
2910
4863
5604
7644
9962
4969
7181
9584
2063
9881
5414
7578
7242
17
3068
941
8063
7299
8414
722
4057
9928
6317
3469
6483
3206
9270
2848
2668
7867
4334
6319
8011
2542
114
7676
3208
4628
1061
2895
1605
6816
9669
7809
6695
425
6818
8496
6762
5743
2115
1219
6255
1451
9070
7217
7814
5418
5849
2970
6752
4343
9880
2163
6707
3558
9692
9601
2502
9773
2899
2031
131
8229
2332
6653
3749
8950
4128
8282
1684
7297
7756
9189
8195
951
6157
8292
9886
3149
748
8320
823
8222
5856
4841
2122
6873
9221
2062
6349
4060
9908
972
9722
1093
3062
6751
4881
1437
9684
9586
4656
6973
3860
8661
5656
8446
191
5764
6795
5248
1330
731
7204
9310
9213
8896
4188
8310
6241
4449
7282
5208
5919
7618
1593
9326
5784
268
7511
1596
4812
9768
8407
7691
417
284
3924
7523
1454
7290
9146
2499
5005
5182
679
2078
3888
5099
9310
5871
750
515
722
700
5458
4148
9763
7975
5564
5184
246
3055
390
2707
8330
8732
9365
2984
4262
2112
6945
7986
2646
3712
7231
9549
9704
8644
9681
1148
5676
9963
7872
6205
9493
6871
866
8861
6095
1420
5063
266
3944
2931
2148
6724
4437
5300
902
8206
1649
9697
3401
7491
49
9959
9514
1792
5689
7340
2395
9704
1855
6170
399
444
8957
1698
9555
3356
5410
6446
7684
5206
6502
8742
7699
3945
9687
6800
1161
6866
3558
2821
1893
1187
1993
8762
8706
3830
1627
4513
775
2380
7367
8689
5205
630
7216
5229
2220
2757
5632
936
4535
6300
5302
6350
2278
712
7487
3564
5728
3625
2604
2328
9554
9607
6437
3272
487
738
1445
1400
9456
9964
1291
6890
6954
3185
6514
2130
8006
7107
5946
7916
2269
3605
201
1226
8792
6772
8153
218
4526
231
7632
9923
1322
6753
2242
2467
5723
2430
9233
17
4995
1286
1764
3038
5676
4132
8633
2375
651
6829
6803
2639
3143
2051
523
6006
4014
1349
2469
9063
4618
8756
5503
4060
6698
2355
1915
3688
7339
3829
4427
436
30
8801
1431
2063
8962
8886
6732
6714
4739
4085
4778
3941
1285
2464
1006
2960
4320
3740
1034
5367
8621
1314
8166
4618
712
2029
7944
948
3227
4878
7948
6568
1055
8082
2210
6238
5963
7857
5430
9214
5017
6121
5604
2307
2694
1284
8587
2737
6492
301
7032
2654
8390
6501
2014
1432
9401
304
8288
1887
5435
1683
2718
683
4321
6689
1247
9741
2324
1312
9414
6146
5322
8188
2569
8031
6186
5443
6061
4866
9157
5945
2149
9405
9047
7583
6177
2682
558
9959
2852
1023
4886
9594
2479
4850
3253
6932
5696
7623
1095
9480
7130
4610
7395
6862
7320
9765
1825
1191
3903
5613
5603
6215
3294
9944
4615
1072
7359
9727
5264
8986
4893
3236
8694
9000
3963
5361
1338
3788
3933
7311
5666
9844
1418
111
6666
841
1805
3655
7056
3916
6887
8092
6674
768
6658
6211
8178
6021
955
1301
525
5433
3403
3023
370
1472
1552
2986
6537
3030
4516
1306
1835
3328
4210
4934
3221
2665
518
2362
9322
7659
456
1824
4021
8436
8914
6893
9460
7913
1849
9959
2675
6710
1503
1340
4195
1788
1615
3058
3311
8757
577
2466
821
4005
2865
9150
5513
2648
721
2595
1118
7211
1875
5121
3945
551
483
2697
610
9577
7854
6263
3979
462
9982
6126
3561
3479
5664
8796
4021
8979
8786
483
914
9293
3222
5583
6596
3737
6147
3532
967
4652
3232
2681
4755
9562
8039
4238
976
376
8586
8932
3178
4123
9520
5670
2409
2339
7364
713
4780
4844
3182
2474
2151
2580
614
3731
8418
8582
241
3240
573
1631
3970
2327
1558
5871
667
5549
2190
1913
1196
6412
5536
6561
6460
395
2206
6613
5770
8252
9666
3176
8891
70
5955
9006
1781
3419
1225
7536
7074
9155
478
3438
3171
5884
891
7356
8418
5470
3308
2012
3141
6505
7366
9978
6189
7489
1524
6746
8172
9612
3059
2656
1218
5377
7815
4180
1079
6894
2615
5693
5527
4986
6648
9892
300
5035
8035
7102
7682
3076
3092
7813
9668
4801
9535
2315
7490
2895
5332
1799
247
2199
7670
6472
8293
6534
7002
7121
8654
2233
9106
5611
66
8498
315
9595
4119
8643
7848
687
6302
5725
9195
874
6797
2209
2787
9918
3404
1944
1125
2260
7907
758
3370
708
8594
1124
1984
7159
8675
8862
8875
659
5297
4150
3994
3603
2723
2962
5684
8475
9743
3245
2896
7138
1616
3933
6296
3374
8331
2613
5277
1123
1204
7173
4863
5020
5688
7091
1815
368
4284
5980
4411
4539
6106
4518
3923
4615
3824
4908
6002
2236
5936
548
1814
7345
8084
9633
6955
3024
5879
7938
980
4504
9919
1652
2756
3736
2591
1469
6380
2551
2594
7827
7915
6196
5745
7078
8678
6088
9835
811
7394
6759
7488
4239
776
8117
6480
6123
5059
3978
6615
8953
7983
7367
8567
9763
4046
4561
191
9816
4192
3863
4835
1868
8726
5644
2672
9274
3141
2116
2194
1948
5309
6303
5751
1903
8060
2910
4669
6994
223
5061
7082
4699
762
7216
9973
869
3345
2956
5289
6073
3793
8444
9198
7997
4550
5173
7995
5773
1291
1983
9900
9752
8023
5040
1171
6949
3463
4742
2458
7953
7861
3002
1371
5354
3729
9206
6112
5053
353
3557
4282
6794
1640
5137
1928
2803
4142
1987
9015
9770
5422
5489
482
8872
1889
8065
3401
9817
5930
348
5172
9652
3826
2150
3954
1928
7542
9749
5943
5636
3895
6248
8040
6366
6749
8462
4848
110
5964
2550
5464
4959
9395
854
7306
8820
9326
1686
9295
3158
6226
1368
8741
3003
8017
6262
7167
9079
8215
6267
9494
9672
4298
4029
2948
2371
9739
1241
7978
9178
7201
9943
3978
9404
3613
1237
7679
330
7112
83
4323
4443
691
132
1344
9389
4058
1642
9958
9242
6808
3359
1536
4029
4921
2876
7363
7177
3892
8506
9082
5011
1921
8190
5784
78
1939
5998
7871
8759
53
173
5025
6739
6368
6146
2379
6021
6878
8108
767
5632
8263
4044
9406
4714
5257
227
7925
7090
9020
9374
3054
9457
3274
4328
9973
9860
5038
1077
7330
4243
6552
7599
1236
7976
9879
3000
8517
876
9518
4993
2179
801
7075
7407
7282
3350
7867
9711
4943
6644
4198
6537
9821
4958
4320
9033
5790
5151
6729
8855
4010
1045
3235
9338
1931
3133
3420
9073
6563
2268
7847
277
7635
917
1102
4498
9326
4828
8475
6587
5544
9393
8036
4223
8921
5914
2892
3932
8935
1260
4671
6069
1039
5223
1450
4266
8242
5929
2926
7143
4404
7502
2406
1018
412
1349
5368
3279
2966
6270
5205
7830
2745
3891
2569
1692
4176
6924
9275
8516
560
2073
7726
3855
3421
5693
7591
8250
113
7671
3933
5144
7771
1407
5510
96
7811
3278
2939
3351
2624
8254
1424
6117
7019
9275
8368
7286
2950
9169
8490
2180
263
3260
2918
2685
2915
2582
5292
6138
7951
354
4287
3153
7169
9713
8649
59
1886
5811
2622
6630
1493
2092
6213
6863
4308
798
8503
1180
1270
500
2723
9529
9702
7169
5398
1527
7698
3158
358
7751
9582
1094
373
8439
5358
2887
7789
7470
41
1204
1135
3556
2689
3547
8436
2313
751
6025
3236
3424
3524
1567
3115
5551
713
6506
9579
1385
5455
4544
8152
783
1626
3481
3857
9333
5523
6883
3158
9103
4319
6141
6287
2
1606
8431
7873
5542
4887
7818
393
705
8594
2503
8537
398
1936
9705
2210
9897
5489
9260
6306
2952
2998
5501
5125
7149
4735
6450
103
7049
3178
8239
7798
8131
7660
396
7351
6747
6065
3750
6464
2562
8413
2490
8465
8191
6812
2429
9263
5068
8446
721
8302
6313
260
1228
7225
8523
2341
4857
9162
2008
4587
2767
3863
4790
1468
3266
7198
5272
9303
6539
8655
5312
873
6183
8095
6537
2166
2906
3202
1060
310
1549
1373
3485
5588
5409
5431
3705
3579
6154
8812
7578
3210
9905
6935
1260
1349
2397
5442
6525
6815
8832
3967
3855
9895
3043
9137
4793
7128
2326
4551
8444
4061
7108
7856
9701
8679
1814
5797
5782
286
5452
1084
9064
3080
9577
5782
5724
2167
1086
7665
6211
6038
7359
826
5349
8786
2438
7606
8808
3686
9579
3341
7021
820
8180
5631
456
5520
9743
2932
4264
8398
5906
3016
110
8607
475
8326
1913
5586
7080
6855
1597
1168
7824
8253
5026
4991
7982
3042
2332
3884
1621
6952
8846
6041
2524
1998
784
6342
1126
7342
7012
9893
1125
7835
5935
7909
909
3413
9385
1585
7309
248
6879
5368
189
3899
3864
5468
314
5297
8053
9727
9186
7317
9152
6778
3496
1384
4325
5697
6854
9901
4378
4694
2701
8279
6570
2887
9606
2298
7326
1947
2134
7241
9318
2319
5193
4374
2071
9800
8522
1686
2154
9182
9226
9786
70
6093
9644
172
7184
1717
5799
3739
8007
8077
511
4905
6101
6889
4157
2732
5809
6038
8393
9560
4710
3683
9751
3367
1269
9180
2687
7447
2150
7520
1091
9762
9076
8020
4526
5347
5811
5409
9387
7491
4523
2233
8703
8136
3505
4933
8330
4909
2662
9631
8814
9322
2565
5911
3018
8385
9886
2618
3482
6643
6171
9509
4689
7836
2399
3864
2236
8187
5946
9128
7792
2818
2790
1238
722
3695
2160
2536
9135
6281
957
9681
711
7268
1194
8230
8153
32
6690
1112
3384
3708
267
4303
7159
3760
7828
9613
517
2271
4570
6098
8003
8012
1311
3339
2679
3365
9854
6587
8059
6158
5277
1648
2126
4650
339
4705
9017
7248
3846
637
793
3282
2911
7490
8338
1025
5142
7286
5396
1275
8177
7599
1425
6395
287
1907
5255
9141
655
4840
9898
8141
2781
6940
4611
9022
7963
7483
6224
4582
2355
9918
6240
5506
5452
5852
1067
7102
5947
6884
3905
6342
7720
632
2289
3968
638
5285
1797
1118
416
5856
525
2803
5184
327
2937
6794
8247
7289
3372
7009
4889
1772
9941
5364
2915
4020
9224
5363
9539
5442
5164
4326
9374
7982
3997
8162
9782
8975
3923
1938
7835
3896
8560
4587
4486
7958
9350
8661
1660
8762
8971
446
3638
3981
6178
4818
4428
2773
1682
8426
8182
6118
3797
7681
9312
6691
8943
9542
1779
7798
2266
3396
7063
6870
2832
6286
103
9036
1036
3895
6743
9878
1716
9819
3978
9495
7435
7988
7163
3977
7642
2168
3671
6024
2716
486
1703
6261
6777
920
2065
8801
9460
4856
3187
6624
8982
8270
5061
1824
9522
7513
3969
7302
5623
7575
6326
8831
6969
4376
8317
1909
6324
7432
1209
7201
895
2445
6486
3172
2974
2013
822
4656
6677
1728
6679
2299
6610
1088
6710
75
6458
2639
3973
2647
9080
1322
7475
7034
1616
4053
6938
1230
7526
1382
2993
7405
3685
2186
5111
6726
89
6845
5664
9387
5586
1017
6488
8610
314
3341
9148
7550
5521
3068
2027
9924
9538
840
3793
2854
2029
1976
1133
1843
5456
1805
5956
8788
2282
5371
2891
6447
338
860
3970
8819
9102
101
9998
7776
7020
1353
1747
4514
4916
6860
4810
736
6844
3719
7635
9320
4170
586
6198
6729
1355
9995
7621
2151
3157
5776
396
2400
9837
2357
370
2287
736
7829
5297
5292
4629
421
966
1767
6529
9066
5004
4891
635
6691
1883
4430
6135
974
8131
9840
4636
8732
9286
6487
8715
9089
5635
5472
9938
6808
2278
7986
7970
8845
5072
6180
9530
4214
5629
8798
6749
7053
8168
4539
9550
3442
7196
76
2569
1821
5403
633
9660
8256
3652
1457
16
6521
6364
8999
221
9168
4267
6494
3745
6058
2801
7754
9680
422
6548
3660
2849
6544
9547
3205
4498
7096
8969
3177
8590
1142
355
4984
5257
5274
5528
3556
6533
7458
3171
6178
2308
6473
3646
8929
7216
4695
8999
1774
3388
6706
4354
124
9474
5013
4733
3598
5819
771
2250
6132
8702
8405
2020
1691
5649
6787
6493
7872
6908
853
8442
6662
2628
3109
1712
8542
9958
6141
1342
6287
5745
7656
1116
3954
4926
6299
7659
4002
5599
5403
2703
6298
2571
4703
3259
1156
5706
9599
4199
7222
4662
7243
3030
5284
7133
9031
447
7517
6778
7544
6925
23
8679
9879
2318
1168
8042
7313
315
4002
5952
3040
6034
6886
8942
199
4628
169
7088
8837
7724
531
3801
3741
1876
9445
4395
4894
5907
2956
2957
9620
5811
5391
2327
9193
3127
139
3314
5975
2930
3475
7205
7908
1371
2708
4337
1144
9395
7293
6063
5308
7075
4924
2064
9088
5251
3896
4324
3238
218
3334
9289
9719
4564
6196
5844
5426
3429
7847
8168
4401
6470
6742
8891
2959
6268
4675
8819
3668
4223
4349
4877
6617
4475
8657
1393
3829
6377
9425
3753
7648
4500
1543
1457
8343
1635
3380
1056
3507
340
4662
3236
160
3956
1569
637
513
4598
2827
9696
1379
4158
6415
3720
1876
1965
4580
7119
6818
9323
7363
4417
3810
7746
2577
2949
1437
1659
3892
5616
79
6302
1170
6875
6449
2557
662
2194
5210
7647
3424
7046
7571
9615
4753
2564
5917
8648
6017
2801
2666
2788
2240
2030
1630
9791
2557
8155
8271
5283
8173
3178
7967
9409
9872
591
3000
286
5932
2291
9492
3915
2420
2425
7596
9253
1926
2031
6605
564
5290
9528
5525
490
4418
8842
1902
1815
310
9503
2957
6880
6514
3573
8282
4576
9442
2381
6408
8718
8421
9785
6632
8387
4573
983
3230
5855
4595
2543
1653
7604
2046
7772
4309
4273
397
9890
6722
1449
6039
6348
1047
3561
2444
79
4603
85
6492
4143
7516
4545
1491
2625
2118
1089
1607
3609
306
8167
8503
1986
2194
6182
8403
5237
2176
2236
8324
9042
9106
5982
476
7915
9249
5238
6586
6622
7387
8157
2505
175
1904
9242
3920
4308
3607
2439
3347
1959
7335
7258
9546
2688
112
1
8666
3068
7435
8512
2774
8754
611
1179
9016
2734
1764
1234
3867
4733
1552
3498
7773
7067
7424
7584
8866
1878
1882
1061
7397
5607
2644
4661
3373
9555
1556
4488
9006
9639
815
1797
6308
1195
6066
9789
7360
2633
6105
9025
9608
6761
9525
5909
9986
5276
4335
9507
5384
6167
1964
6306
2305
4184
4593
5036
3158
5435
32
4597
3802
7968
3642
9697
7139
7825
7318
3068
4799
7979
248
6363
9478
6181
8543
3995
4013
9925
9324
6656
4231
1423
6240
5817
5584
2186
4540
9540
5901
242
9350
6765
7779
2782
9215
1852
5166
2955
8341
5086
5322
6966
4004
2863
9411
4177
6013
848
9486
5944
9466
1705
5153
3005
3066
477
6825
4539
3406
9537
3231
5205
9316
5317
2649
5456
355
6762
5686
6302
3005
5372
559
5571
1200
3975
4628
9113
5459
3472
5919
351
7978
1349
9025
4465
3136
3878
4069
1679
7814
8359
2821
2476
1274
9867
117
5447
6459
1577
9900
6888
5813
8527
5281
2148
5025
1755
3881
2812
21
2045
4042
8305
2576
6250
2487
9535
2921
3871
4190
2780
902
4994
6966
9855
8484
7167
6728
3255
2006
915
1514
4357
8460
5324
1081
13
5761
8012
5466
7048
8615
1902
3082
2634
1380
4138
5347
4003
4281
2870
7125
6343
7969
2145
7543
870
2693
3940
5099
8314
5626
9635
3291
2178
1435
277
5754
7836
9592
2180
535
9003
4925
4284
9520
4522
6677
3045
475
1481
5898
1309
8279
4774
5723
3058
1283
8900
6589
2594
9623
1058
8477
9918
4959
9812
7784
3294
304
1205
8206
6805
3438
2706
2200
2972
6544
8703
485
7113
4884
7989
888
4549
9521
3142
5335
1141
920
5650
7153
1075
5914
419
6917
4433
8987
4670
9834
3623
5385
7219
3665
6193
5692
4161
8285
9172
2878
1386
1617
7350
8049
2527
3050
3499
1533
7177
9613
9925
8757
4168
3884
9274
1565
772
7075
6412
2950
8335
2748
9966
4281
278
6214
7398
1727
4067
4836
8565
6488
2181
4572
1735
1926
8591
6156
2350
5243
7051
2400
9495
2928
9874
9481
657
8037
3281
6388
7400
6617
3042
3193
1306
7425
1972
3119
8055
4013
3131
7311
1918
5591
850
6760
9752
6102
9553
9775
5297
3605
5124
496
2246
2409
4065
4858
7769
1217
6125
3853
9817
5622
2474
9603
3389
7175
3176
5185
1305
4211
8708
742
6773
2430
1221
5442
6862
4667
9215
4967
8270
8732
9476
5738
8210
6311
161
5074
901
8350
2302
1441
871
2511
151
641
4855
404
4488
641
9127
4215
5571
5208
4809
2207
1505
1956
4910
1876
8299
1775
3324
443
7185
4840
290
7175
9773
618
5358
7887
537
1116
4944
137
7399
8986
100
6092
7282
7718
3293
1113
2227
1827
9251
3275
7031
3556
1958
5855
4559
6081
9627
6497
2348
9391
5872
5387
9435
3286
2905
9373
4284
5607
1078
2431
9481
5426
4360
4977
3628
5151
8953
7311
4030
4786
2134
3487
7814
2028
7567
9538
3050
8762
1851
1076
5949
462
4138
5491
7138
2715
2394
6761
7509
9540
446
3342
1239
6680
4545
8373
2631
8726
3191
5075
3366
1227
6359
1476
4342
3031
1160
6458
5775
2117
8828
3884
8905
4429
7140
8895
4792
3276
8224
6006
1204
9575
1575
9419
958
6689
692
6971
9825
8409
4121
8379
7192
6667
9193
4163
6055
2772
4756
8530
3091
9110
2784
5396
3767
759
246
1638
3660
5808
8509
4501
4044
8059
9803
1131
3186
1648
1011
4055
4064
2535
208
8110
6908
8277
2140
9128
2293
6994
7784
3941
6054
9377
7241
7478
2265
2599
7939
108
2039
9765
3717
552
4845
3602
8096
6243
4513
2167
4476
3445
7961
6808
131
1914
2418
5776
2755
7954
2758
4650
8352
3352
3194
8036
5510
6991
8863
8804
7908
6026
6423
4378
8693
6850
9163
4100
65
5049
6213
8669
5908
281
6914
1953
2361
3217
8008
4427
7082
3425
7281
198
264
9889
2909
7034
1014
1596
3317
5616
7903
1532
8588
2330
8331
3414
3454
1417
3780
8778
8778
7595
5443
6522
6929
3521
7880
6476
5029
6667
2951
3452
1440
5342
4400
5861
9274
9867
9766
8551
2391
7121
9783
5599
3048
1429
1867
849
7610
5346
4119
4543
2806
834
3664
2970
3113
3001
14
2115
619
8491
5482
9367
6729
9908
2692
4333
3477
4586
8894
5708
593
1184
7942
9494
378
4549
7154
2581
1911
9245
1152
5573
3865
3876
2695
8658
8047
1591
4750
7676
4810
4474
2942
1511
5002
8476
8041
7944
4416
1765
7851
3406
8490
9404
8074
981
1986
2321
5657
1077
7580
6019
8653
9608
8465
4545
1381
7272
6082
4769
7672
8162
2620
4372
572
8102
628
6157
5232
4161
2341
248
2521
657
5284
7814
5569
6469
6566
7252
3743
5119
9683
4691
9722
950
5587
8344
8006
4104
671
36
5038
3102
9250
3123
9510
9836
1668
2218
976
6187
5827
5201
1451
2230
5299
9502
2166
3502
1105
1106
6280
569
7301
7844
1963
3319
1401
1229
2354
8450
1303
1777
8310
5959
1870
8178
6345
2507
2940
8669
193
8228
6036
7109
5028
8448
314
6902
7994
2774
6231
4786
7048
3769
1287
8124
7175
9034
4292
8487
56
8130
8224
7724
7087
6603
6081
4473
7191
6926
265
881
1423
8496
4817
4144
1478
8531
1062
5511
9277
8898
2445
5145
4101
5765
6719
294
9530
2108
5743
6802
3108
9450
6749
9364
9638
303
5797
8315
5059
7393
7601
1066
4807
4987
87
4411
8453
840
1406
2004
1926
8621
4360
2725
7704
8161
7106
8683
6175
6630
3035
7169
9018
6113
943
8696
2937
7176
7822
6248
3329
5362
3279
2220
2871
1658
2968
5238
7780
2987
2760
6386
9216
6706
7919
5909
5889
2393
6451
2846
6304
5919
9945
492
8203
3081
7410
519
2376
260
2989
2328
1436
6401
2293
1756
8615
9968
4300
1325
6814
3600
8526
8030
5361
6098
1435
3350
997
6951
7819
3296
4767
3798
2454
8210
4755
5133
9525
8407
2564
2453
4097
5635
9324
6540
1349
6671
3255
5073
4480
7281
2431
2884
4600
6825
1072
4756
3286
2299
1173
7533
3433
2352
2557
4537
5532
8263
728
8289
184
3632
5726
2075
6735
2522
6205
7725
1570
9432
4938
2617
9008
2185
1135
634
9325
4481
1847
5678
7612
7307
268
2982
6015
2395
2392
5943
6578
6589
6943
9104
3919
6676
6416
3634
7981
4341
8068
8424
3945
7525
7664
9110
3132
5369
9141
4085
594
4672
7181
2521
8305
5902
6862
7882
3251
6081
626
3269
7299
6616
6818
3641
9699
8543
9614
5616
1087
5180
4261
5481
349
7919
5889
8235
9583
5809
3316
7445
5044
4357
8321
5824
5693
5136
4353
8304
1905
3964
4240
9932
7979
4809
6141
1170
7769
6812
447
7678
5439
2980
9649
2654
4652
3608
5140
8558
7515
5904
515
8095
678
6590
615
1657
7834
6696
163
9441
2404
6720
6824
3237
3938
7867
107
9124
1408
6669
6205
3329
436
3816
5838
7802
2567
879
6732
359
6623
8859
1447
4476
9490
1346
8072
9792
9266
2888
193
5388
6810
2140
3314
9057
3296
3381
6300
5944
4319
2008
5761
6699
7210
6918
9575
3084
2646
7592
3757
8092
5107
7293
6672
9564
7753
1509
5185
6973
1194
5927
8224
1824
8267
1460
5293
6774
2186
6323
8615
2010
282
1502
5010
9051
5863
7593
3870
6905
8629
611
2752
8238
6509
706
227
6614
5740
9527
3044
3365
5960
6523
7388
5585
1756
8884
5568
4187
2346
1659
3450
46
8995
512
1793
6198
6375
384
2115
522
7180
5806
6635
8104
3546
6824
1707
7817
7763
1839
4799
4100
6137
1018
1844
5061
9481
5695
5957
3251
1913
123
2083
6789
5203
4284
1030
7762
767
3792
7536
580
3790
390
8077
5764
9230
3903
8645
3649
1664
2934
7580
8769
7383
6239
2109
6386
3331
6540
4351
8950
4435
2781
3750
3041
7174
3321
1484
1578
8951
5754
5633
9969
1436
2575
4642
6215
8669
569
6268
6725
9104
2961
4763
4915
5346
3991
6925
9960
9369
4996
2337
6849
3155
848
4398
6062
7952
5296
6409
442
8496
8596
5675
4115
1127
891
5436
6070
7639
4023
7532
4244
4818
1295
3114
6881
8998
80
2445
9602
1493
7130
1587
1176
3521
7955
8220
7185
1227
9639
1581
4008
9081
549
5142
1909
1474
831
1619
5478
3415
1559
5314
199
3492
3648
2437
4422
9603
4001
7954
4117
2371
1176
2383
6848
4644
8248
1713
3358
5216
829
950
6192
9855
3523
7447
7838
716
1731
8422
2829
9729
2003
1695
348
4025
394
9531
8259
2941
6388
2595
7319
3048
452
7751
3610
1637
9531
8417
4410
4333
2193
9111
7727
418
2761
7357
6668
5619
8825
4198
350
1894
6811
2564
188
9841
7930
9896
1717
8748
3384
760
6225
5079
3475
3404
938
6892
650
9345
65
3623
6336
890
1053
9946
2757
203
1410
3404
3439
4132
2486
3947
4763
1420
8789
811
186
5904
2975
3932
4033
7933
875
4997
3088
5941
3489
101
2918
9867
23
4647
7149
895
3533
7360
1299
3527
9659
2626
6781
1495
3596
8581
7878
7966
8788
7499
7893
6390
1323
394
4652
5195
4974
308
5420
535
8383
8852
3628
7009
5373
5713
6287
2293
1418
6966
9859
9363
8992
7601
6620
1476
3176
8583
5692
9081
3323
2848
1194
3726
4529
2389
6162
8411
4436
5649
6792
8964
380
7403
4680
7460
4154
5151
3392
5551
5296
1977
7867
2118
5464
3935
7564
969
5145
8948
7583
9266
2797
9339
9996
9708
6537
1667
3154
3437
8892
8412
6795
6121
458
7612
4878
176
9247
7339
4950
9039
9971
4591
2236
8660
2754
3852
1554
935
2502
4711
5549
9847
1757
9356
6588
7355
3126
1632
4888
3905
3189
5584
8795
9455
3377
9115
2594
2840
2576
1782
4815
2220
8986
4449
2948
9271
4930
5295
9376
8395
9786
8926
857
3940
1348
528
251
6263
4719
7138
626
3965
788
2653
2879
8474
4401
2688
5269
6099
6326
8099
3360
171
6737
1563
1219
9221
410
831
9730
497
7745
4791
5317
155
2457
2676
7788
8046
4566
205
8488
4168
9287
7978
8886
3011
1321
3408
6117
6908
4198
7743
8801
5455
5233
2873
5308
3860
564
315
386
8197
3140
6331
7517
1556
1266
4500
2911
86
348
1862
1804
8567
5717
8142
7711
5719
3566
2265
7663
716
1774
9534
6146
8667
5798
