3374
8453
4814
7337
375
3093
5504
8615
5957
6833
5860
1190
1909
147
4613
9913
5882
2301
6069
7557
4460
8358
7745
1800
275
7540
1845
4383
8300
1785
3595
9180
3527
249
9252
3531
2793
8449
3866
7128
7091
8799
6296
3764
7769
7961
7502
8570
822
1825
4133
1165
2202
3139
3569
2495
3672
5968
1981
3074
2338
1870
5086
8332
5236
3591
8900
295
8258
6886
8561
4075
7887
6487
4213
8849
9555
6042
4506
6055
4985
2793
105
3043
3384
2909
976
4629
5393
9609
6863
1911
6430
7655
9713
3757
8235
1780
5413
6237
629
7412
3911
5377
6190
8400
7662
8453
4238
3967
2626
8656
7154
2241
3052
6293
3179
5721
8121
4768
502
7863
6958
2244
4573
3752
5790
368
1615
2582
4896
2203
2197
2967
804
42
2195
9654
6479
7145
6185
2109
8141
2451
7877
385
7940
4232
7040
847
9266
452
2001
9117
9352
187
5318
7890
868
3482
9404
8241
5018
4256
7523
9108
366
6227
7974
4820
3562
8345
4668
8775
4619
7876
4857
2073
3423
305
3078
8286
4557
9206
5776
5530
4470
55
9185
7735
4917
858
722
1479
1040
6276
8230
8970
8423
4767
5895
9331
2553
653
7227
6646
3495
8076
1734
9405
990
6452
3160
9599
2025
9670
4334
6817
3342
7751
9264
9015
111
4052
6844
8319
4626
9786
9037
8361
7918
2013
8403
7657
8015
6083
9232
4095
5940
4851
7838
7295
2085
7497
1942
5124
7923
6081
9629
7422
6166
3789
7808
4152
3903
8950
7011
8988
7332
1810
2099
5549
7870
125
2526
7884
2580
2594
2472
5801
2047
4139
261
2284
1331
6065
7796
9918
8264
3795
7864
5340
1919
7331
3859
9025
5052
6135
4321
6142
9023
6789
5742
6448
312
6689
6755
3068
261
600
9370
7182
8135
8660
1123
127
1889
2520
9016
1856
6037
9757
2356
6422
1353
942
4274
3412
9760
1996
5100
671
5149
3383
6265
7138
9572
3361
5307
62
5161
7457
4710
9184
6638
7373
850
2386
2758
9605
9825
1607
4371
4010
9379
5585
8451
7885
1037
6390
1842
755
8371
1158
8952
5881
6218
2302
3721
3834
6344
4047
6341
3338
5577
6894
423
2649
5053
4959
1880
14
1657
7931
3793
878
520
2994
4191
2272
8803
177
4020
5094
5629
5086
8859
3602
5227
2575
7855
6097
6492
1619
9663
7661
902
603
2869
2185
5833
5118
4850
6007
2662
2780
701
6459
5387
7148
2428
185
5063
5747
4326
1927
9125
3202
6055
5989
6246
973
8462
4006
4079
6898
7383
1169
2957
8592
1299
4901
6192
2560
511
9360
2494
6381
2569
1051
5015
8197
7085
5730
2623
8483
9955
6267
9966
7200
8319
6762
8581
1910
2296
8967
8152
8879
1549
637
7373
4471
2497
555
941
4221
8987
207
57
2711
137
2110
7223
251
7227
2821
7870
860
1988
9673
5729
9501
5065
6366
2095
365
3155
7210
1979
5464
5145
9736
876
4146
3165
8595
2317
9446
5028
8784
5458
4443
7412
1077
5302
4475
3421
8721
6109
1467
3896
1541
33
5324
9701
8209
6616
9400
3682
1408
8652
2397
7053
2606
8101
4169
4041
736
2084
2077
4287
8250
2841
6629
735
5987
6014
2214
9911
4902
6341
7938
8820
5537
561
7872
9538
1127
7836
8906
2477
9462
9607
1556
9498
330
9813
4976
7890
8024
2018
6556
3897
896
580
2022
7243
102
9332
6289
1744
2825
9451
936
7985
8817
7460
3727
1939
7714
3098
7946
4071
4993
4730
7808
2981
1210
3868
2913
645
7949
3024
5715
9663
9094
4446
5118
5062
9419
1736
8594
7704
5449
1601
9391
7876
629
187
9260
1172
469
503
9915
3200
9214
9546
5229
8442
9774
8644
3922
4324
4477
2576
4663
1725
9162
2887
1523
5991
8872
5419
4861
2958
2098
3171
1053
4380
4766
4213
6694
6769
130
68
1296
5625
9784
1928
290
2174
8998
1838
2401
9379
4945
8202
5834
5811
1513
3687
4447
6808
5313
2133
2034
2748
4287
7092
9521
9862
856
6699
1733
8409
9165
287
1645
72
3125
9038
7585
1123
6014
7022
1163
7805
9892
5606
8581
2980
4244
7492
6024
8844
192
8198
2770
5297
1246
1151
8703
1961
557
7283
9276
1222
6965
2496
5598
9884
6364
629
2530
5679
2105
1840
9727
8826
7668
694
3584
9127
3017
5315
3095
9328
8025
9401
2602
2032
1154
3911
2729
5313
2595
6807
5387
8132
6998
4899
2434
4224
3273
7829
257
215
1954
3458
6880
3215
4042
5219
3380
879
3348
2955
5729
2593
6630
9715
9985
5484
5732
7207
6386
8158
9546
2187
3721
1613
5175
2796
4489
3720
1392
6200
4151
9007
344
1986
3653
5496
9776
3171
5638
5501
722
2514
4960
6714
8920
3577
9016
6613
5806
8089
6338
302
6627
1871
7647
8227
8034
6897
6802
4595
5815
4281
2669
6247
756
6911
1133
5788
40
9706
4630
5051
3679
7152
5850
4256
8103
4085
6096
6067
3393
2580
8623
8035
5893
1623
2088
5247
1107
4684
8274
1483
432
6902
6302
350
5607
5739
5477
620
175
8224
8609
9272
1565
338
1925
9462
9128
9495
3456
2840
4246
6221
1679
4664
6687
3044
3708
8986
7110
6171
4557
9218
63
329
1813
3938
9970
6163
9398
4954
5992
5748
5403
1732
4171
9858
2271
3795
3540
1457
1372
6296
9014
7528
7225
6908
939
9754
9229
3620
3244
4814
9295
4919
7968
6907
5538
7623
9588
8334
8190
7366
9331
6453
4397
6222
289
1653
520
1588
9559
4646
8311
1353
8538
873
5609
8498
7354
5257
5781
5962
1481
722
2926
9020
8432
5221
3966
5216
1292
6444
4317
2266
8142
895
7315
8546
235
2569
3387
7204
8175
8722
8703
3420
1989
8545
3239
724
9962
5335
946
6492
5870
4270
2413
4525
2613
6583
8126
2225
7710
6210
6042
2089
266
1246
2738
2249
8870
2946
4200
3915
3948
2178
8627
4858
6492
163
1320
1180
3393
8410
6428
5830
9671
446
9626
6221
6321
4942
8928
533
733
8518
7780
6543
9629
3304
8321
7068
9440
5536
3391
3180
757
6926
719
2261
5923
9159
1929
548
429
1521
6172
7969
6842
4655
2745
8670
2652
1555
7380
544
2904
7893
9740
3915
9324
7664
8928
3483
8967
5244
7638
6735
4912
5867
4900
3172
1191
300
5391
5487
526
5819
1758
1614
9178
1866
4205
6270
6013
1485
6776
582
5502
2940
1382
8919
8097
5016
4538
7325
229
8393
6492
2252
3209
8528
419
6225
8101
2685
5007
8987
6366
9793
5929
4031
7811
8287
8521
5745
7295
8529
5589
5337
3480
7388
5236
4701
6381
6427
8243
7330
45
3871
4539
722
9367
9176
4216
1282
9881
8541
972
7406
5054
2012
803
9343
9276
7966
1897
1791
1008
3065
7068
8402
4974
9421
4549
5611
3665
8247
929
7481
469
4306
9406
8995
9139
1932
2753
840
7791
5906
6913
722
6329
5817
4716
1994
7526
8756
6455
4075
5117
3565
5815
4367
6123
1108
9700
6749
9566
2007
8628
5473
3124
2812
5882
377
5891
2591
7514
432
9046
2352
9294
5800
7514
7733
5839
906
3173
5293
9428
8462
7052
1029
7964
5564
439
5550
5781
9010
8908
2106
3407
5962
122
8728
4787
371
5367
7956
801
5549
8085
8944
2588
2884
2814
2565
8669
1487
4429
7160
2218
1691
8737
2355
7775
979
6648
6796
7943
3559
3093
2154
7483
447
2864
7867
625
4158
8833
301
9940
141
5660
5236
8398
1924
9925
6953
7805
9907
6359
4577
2831
1848
2521
7684
7308
9801
8446
3788
3161
7571
9207
6517
7145
5094
2180
3842
1337
9227
1730
407
3386
1712
8667
8156
6117
1630
9930
1719
9332
8382
6007
4525
1351
3877
6150
5621
7271
878
3270
1254
7097
7824
2779
3615
6231
9432
6847
8135
1568
2385
8052
9917
3638
9004
5146
6690
7522
9376
1314
2150
1084
6905
6397
7049
7201
5649
5479
8748
8293
415
845
4140
3214
9787
8763
3405
8400
2440
8204
6517
1201
4518
6566
6507
8886
1527
1606
3624
3478
8064
6773
4421
9435
231
3760
929
7364
4804
1455
5441
4441
901
3406
8975
4325
3485
6749
2957
5231
2135
4213
6276
7921
7653
2748
5198
6236
2248
3424
8828
6107
4921
4668
1035
9209
4474
2050
7434
8976
4074
9606
392
6080
3528
8345
7197
632
9613
1742
9309
6266
2573
9550
4051
867
7679
2566
9840
5223
6812
3335
4931
2546
5601
2728
5554
9044
6803
8592
5544
282
1626
3295
3014
2394
7087
7739
8573
715
4515
7578
2569
9135
4853
5224
4974
894
1948
3565
8133
262
9651
7235
2373
6330
2387
97
8957
2526
1646
700
3146
6483
2974
3640
4562
4259
3532
5594
2348
1087
6484
669
6290
8963
6605
2622
9254
4598
5214
4628
3660
7620
811
4908
3690
5553
4015
3206
6359
8964
8915
1325
6551
7107
8490
4802
9450
4681
4755
9902
2214
4529
926
7955
3861
5764
7573
3861
4318
7042
3610
6713
7211
9751
1236
8570
5660
7640
9027
3654
3258
6266
4518
1441
2819
1426
2993
8585
4730
9090
215
5521
25
5414
6279
2028
1666
3216
6843
883
8555
4554
5875
9668
7788
3064
6185
4260
2194
393
256
5746
4757
6099
1345
5709
6722
1160
919
8079
9074
9459
1598
9242
8078
2725
441
3621
1403
3831
7753
5520
5380
6238
9476
7369
9218
8880
7049
2617
6165
7995
7558
3369
129
588
1986
116
9456
3389
4667
2701
8844
3597
1498
2549
9633
4806
4219
197
9703
2919
6032
3567
8385
1330
7699
8933
5883
2014
8688
928
408
6529
8546
3376
9270
806
1932
8149
962
1755
9532
1773
2591
1934
2224
9709
596
6572
3196
9312
4815
4700
7699
1978
5736
5809
9481
1419
1465
8854
9414
8231
808
1786
1217
2536
7675
9948
8729
6870
1849
8949
7622
9503
7954
2083
6609
8815
3669
528
8203
5417
5824
9302
8620
2656
8824
8544
5478
8602
2052
7321
6449
2772
155
3927
4075
9923
1209
9886
5804
9927
6346
1161
3638
588
1682
6715
7299
8668
2107
6060
9462
4587
541
2482
5974
7796
8577
2455
5342
5984
9114
9418
8246
3010
3009
8187
3423
4449
1986
6587
4899
6227
6924
5393
8039
1959
9446
5530
2278
7085
6428
8824
7246
5867
9082
1975
2891
798
2359
2596
7508
4477
8400
1486
8113
983
6068
6588
6541
4168
3049
3151
3683
9292
6789
6656
498
3075
7710
3146
461
9743
7058
4215
3551
7390
1368
1333
825
9746
3771
6112
3353
4045
1880
1797
6742
6635
2214
9375
5215
8064
3067
8039
6726
9606
6708
618
7062
8111
1718
2161
4030
8849
9431
9346
4526
9081
3488
384
5101
3312
5149
1196
7020
208
9277
4776
3993
4429
4237
4362
1982
9107
1418
8775
1641
2902
714
6695
1284
1437
8695
540
8245
2930
1291
7547
7584
6995
8476
8428
8706
7678
3519
4241
4376
3664
8979
8897
5352
3073
5407
2262
7796
9282
4875
2986
7005
934
6715
9215
638
4489
9781
6277
9506
6948
9342
2932
4529
5313
3372
3558
1900
5831
257
7587
1299
4356
117
1698
1831
7540
7620
9927
1857
2155
4678
7503
7041
281
3330
8498
3228
1691
892
2200
7797
2466
2277
8003
4102
463
5934
5216
589
5805
3709
5970
4258
7075
1362
4304
4585
9960
6916
5407
5499
8482
6787
5891
4910
3122
8450
8426
3969
8849
9657
6964
2641
7624
6833
5570
3719
2915
5495
7620
2095
765
7609
4624
739
6249
3552
5160
836
8617
9724
5071
915
3611
9866
8783
5920
9722
6693
2358
3207
9512
9720
9874
7594
5079
3949
8945
9037
1103
6698
6438
4440
4879
8779
4523
9358
5952
5877
103
9256
10
1232
9972
3872
4175
184
8896
4103
6557
2262
1853
567
6466
4262
9299
2514
7106
2645
6973
60
915
9953
6316
8274
8385
1692
9774
341
670
5885
59
1399
3248
8148
2129
1823
7657
1579
4184
2882
1964
2769
7927
1755
8028
6889
6989
1190
234
4560
9984
4048
2574
3726
6918
2321
2681
2276
6897
4595
7616
5133
1412
9433
2774
5179
4260
779
2339
4950
9334
6508
7951
5883
2519
9067
6827
1754
1758
8325
1792
7239
9007
3401
5180
421
7732
4626
4598
3885
497
61
5572
4496
3493
1503
7080
639
5798
3820
4781
4445
7492
7685
6364
2695
9315
2694
7614
1034
5969
8732
9162
3891
1664
1351
6549
1451
6630
5750
6475
7766
7083
9758
1093
2450
256
7060
2092
4696
1775
6859
8274
521
331
1208
2788
2323
7388
9409
5971
4808
5556
2704
9863
3981
5051
5278
7040
80
7205
928
2813
944
6368
8177
3328
3017
4391
2484
6867
1006
5378
5478
7230
715
2583
8027
5880
7480
2680
3699
2899
8798
4931
3088
7494
7148
4749
8929
7603
7177
8276
4664
63
1768
203
445
6205
7761
881
2433
6558
1468
7070
5333
5145
515
688
1101
3380
1790
3300
7790
7138
3999
6010
2220
9602
6923
5547
1676
1825
1589
82
7483
2506
3387
9995
7683
816
7949
7172
9392
7191
4385
7368
6809
3814
4538
5891
6409
5620
8055
4764
5706
3355
9432
6300
559
1910
6134
2546
6172
94
2842
6308
2500
3345
7035
2852
6231
2002
6021
9679
3706
3519
491
7767
8496
5548
6726
454
8916
1034
6703
691
5207
730
1533
5840
8327
9711
7434
1825
7801
4606
3797
1743
419
3467
9509
2529
4115
6204
9880
4765
4388
7051
786
587
8067
6144
1423
8242
543
8604
1509
210
4771
7921
1911
9543
9385
1974
767
5723
4612
8580
1378
4226
9106
1753
3115
3283
7655
2966
8073
789
5747
2987
670
8022
411
2430
7141
7425
3080
9137
9157
6657
7954
5760
5418
2568
7079
505
6452
6110
9036
3710
8835
87
5821
1983
8232
8024
5900
6666
5643
968
7887
1555
4304
4311
6320
1069
3299
8620
6271
7207
4014
9301
1200
3227
8744
8494
4927
9171
7877
676
4855
6009
2427
3881
8203
8692
2008
952
8854
7167
1434
7307
2009
6105
6
2921
525
6190
9136
339
2939
8201
5643
1049
628
3759
3997
2616
861
8187
5570
7220
2264
1481
128
2673
575
5882
5493
8165
9304
2789
826
4258
9583
1950
2713
4189
1367
866
9275
9948
342
2362
9446
819
2763
83
5472
4873
535
4781
8270
1469
6033
8081
2667
3563
4759
2095
4764
9081
8495
6420
4601
6110
4180
3523
3815
4319
8728
4813
7785
1925
9088
3415
1638
6081
5324
9949
4573
9491
2061
5256
7990
3451
2357
7512
3437
9987
5709
9924
7883
9505
6918
1826
9053
7782
392
1786
641
7998
1524
3300
2573
1567
9366
6297
4679
568
376
9831
5262
5329
3524
6030
1561
6330
7190
3816
9146
5442
7979
6068
9521
3412
1627
8391
6485
7765
8517
4139
2301
2865
275
7012
6681
3968
5719
1549
9204
1129
2782
5848
5064
8683
6106
2401
2496
7476
7463
3374
4087
5474
8022
8468
9831
5310
4973
4990
8455
3952
9000
7733
5196
2353
2420
6286
996
1561
9725
9376
5826
280
7362
8470
6031
5242
6837
3686
8776
8303
4359
5962
401
3937
3150
5582
7314
3973
6146
1222
8914
4224
9453
4782
4302
8299
6375
3150
5956
1149
1733
1394
3446
6299
7110
1232
254
1887
9089
7612
9937
6363
5213
8206
1961
9087
4734
6408
4868
7258
7363
1495
5910
2065
8283
6533
1523
9258
1485
1390
4659
4774
5734
9949
9585
3772
3834
4866
5834
1815
5812
8491
5327
2527
655
2349
9000
2366
168
6316
2477
4626
7535
1173
8940
9535
1973
6070
1413
8599
9906
2344
3394
2152
5967
8290
8242
102
890
1205
2658
4269
6332
4634
3252
6182
6695
6330
3189
8610
5388
9456
5177
2828
3760
4548
132
6854
9472
5031
7633
8856
2789
5042
6736
7515
835
7236
8180
6131
6746
923
6033
2332
4302
4806
7056
6600
7811
258
292
7360
3002
9055
7662
5630
4527
131
8973
3578
3918
6554
2026
2653
3640
7844
3237
4298
692
103
8239
3814
1205
8954
9564
2662
6063
2350
7904
9142
7134
3127
4354
5592
5713
2714
8912
1456
4926
8275
7209
3735
5695
6331
758
1519
9155
7580
9328
34
6059
1972
9916
6418
318
2681
6968
5956
6984
3083
7668
2901
5482
2236
483
7886
7442
7172
298
812
7805
7200
4625
6222
1253
9369
6240
702
6733
8098
8593
9111
5530
7793
6960
1525
1856
5193
3110
4112
867
9286
9529
4249
3824
782
9718
616
829
4911
2120
2716
6370
9755
9740
6566
608
624
2965
8218
7291
9997
1329
8337
7261
6912
669
3976
556
9178
4004
2780
4686
9048
7667
7080
1989
7581
1429
7290
9764
1302
8384
914
6460
5423
6142
779
6409
331
2777
9382
3754
1336
8956
4077
670
8519
8510
5289
186
3282
8109
2781
3219
3789
2008
3135
756
4451
4634
2114
6221
6180
6840
2760
7613
3068
4233
8431
5883
3712
3557
3419
4860
1118
333
2721
8038
3024
1056
8259
5956
9599
7668
8496
1161
2221
5228
4333
9160
6294
9507
7854
6852
3376
5662
6308
7475
8913
8112
1043
6996
634
1016
6130
8798
4256
7064
3741
8415
5925
7552
2799
2172
3142
9757
7709
1401
9314
7475
7276
1523
5624
402
8762
4908
6761
6994
4306
5564
5281
3123
701
7482
717
8647
1486
2740
1467
8135
4046
5671
4448
2391
1687
1236
9766
4726
1085
8693
633
9598
8690
703
9269
9617
7302
5655
3167
8708
8484
6651
2449
3784
6097
2287
5739
9205
6596
8466
2159
8794
8021
9848
7183
8642
4913
1628
7165
5421
7843
2662
654
6771
942
8979
6429
5304
2755
9707
8729
4615
6525
902
7049
8219
7766
9176
3311
1178
5114
7630
1240
6088
5714
1669
3896
8311
3427
9334
6401
3288
509
6177
2227
4852
1659
3086
9356
6424
5733
9351
8361
9720
1455
7299
4653
5559
7582
5877
2027
6782
8760
2031
8924
9234
7265
6089
419
666
4627
3999
8082
3122
4830
3090
4759
8662
5523
5773
4360
3423
6152
9617
1823
6017
4235
2243
7307
1421
58
7522
1047
4457
7786
5609
3377
5561
9665
5337
9486
4690
7789
683
4916
2587
8785
8674
5113
406
2812
7871
3363
5982
1337
9185
7154
2324
7200
3028
4200
6938
8459
2967
8564
8629
5888
3618
5848
3369
7674
4169
8296
6960
1212
3690
4083
4635
929
8403
7758
3167
7461
3715
1539
4880
3363
784
4887
8822
677
3317
4659
5796
3244
9848
6218
5055
6151
3442
9158
2515
7559
5111
3524
5221
5639
7577
9218
7292
6811
4698
5019
317
7132
224
3403
7778
6528
1417
694
399
3630
4576
4804
5392
2139
9063
4550
3438
6184
9494
7661
2938
7666
5415
5727
6878
5735
1821
1143
2670
5759
6186
7087
1064
9692
6184
8662
5442
1962
506
2487
9422
2233
6845
8109
6005
3620
3188
9651
6627
6949
269
5237
6154
3894
4502
8038
538
416
9493
1868
1755
9962
243
9489
8762
3227
5192
4431
8723
7625
9950
9626
3095
3476
1805
1705
9839
7796
4378
9783
8754
8627
1552
581
1588
8835
7364
2670
8786
5994
7514
3684
1596
5508
5895
4032
98
3530
1959
7710
4396
7031
1087
311
5549
7260
2006
832
5998
6515
6723
7430
942
3344
6039
3697
5306
64
9470
4356
351
7166
8253
6766
1437
4639
9505
2970
1210
8300
2270
3725
8076
7028
7746
4177
4451
3548
3980
5867
4819
5044
163
4990
6467
249
1708
2282
8850
1520
8192
7877
2419
2322
8525
6112
5415
8385
7139
8236
6858
903
1572
7692
6518
8533
956
2578
2938
1088
683
1692
739
4058
9929
5900
7238
4221
7151
1457
1030
3022
6748
4681
2343
5690
4124
6432
1616
7821
8641
7055
686
8740
5626
7126
1721
3685
4991
5151
4454
4421
9898
3347
7176
8452
2818
4661
3895
9090
3020
2826
7663
3394
5749
4075
7415
9067
1232
2687
6112
4618
6809
7877
6946
2785
4028
811
9166
4354
6149
6645
1860
9814
3062
6639
9940
8043
2141
4943
8799
3401
932
2703
110
127
8838
8786
4025
7203
1784
4408
7528
9147
2524
5850
7073
4301
1552
7729
9965
2899
9713
1132
5774
8391
7376
9775
3680
8262
6845
264
2154
692
6968
1759
3324
5824
8028
9328
8555
9107
5726
9844
841
38
229
3373
1312
4889
5530
5831
1872
8461
3804
4877
5084
4017
9424
9441
8493
3236
8314
4845
3604
1308
7319
7501
553
9098
9453
5318
7670
3519
4044
5982
8029
193
367
9098
2091
1062
4225
253
1037
3915
2000
280
4040
464
8917
7348
2685
6780
1831
3363
7531
7088
4848
3496
4454
4835
7746
3020
8249
2953
3436
534
5806
1111
662
6772
2462
5301
4898
8708
5804
3673
9680
6377
3104
4916
4441
8612
3085
2612
9395
368
6432
9724
5717
5023
615
9991
9820
7179
5625
7669
186
1892
6026
2080
8531
3593
4125
70
5531
9510
2830
5768
1733
410
7449
2347
1990
9031
5700
8802
8283
8037
4312
7259
4268
9960
4329
3510
943
4332
982
883
7754
8404
6335
8238
9172
1003
1090
9886
2012
3078
7321
95
9288
6478
8148
6219
7094
1028
6578
374
7793
5746
2407
2669
2214
8197
4015
5940
8066
5716
8627
719
5731
9841
9262
1877
9025
6586
1342
2678
3710
1334
7190
920
7266
4739
4165
5314
2323
7413
6169
4052
3318
5305
1695
9004
3420
5177
6812
3745
7093
6355
6599
760
2443
1862
7878
4743
672
8967
1487
1798
4018
3757
7146
1840
7273
6106
5458
8479
7357
2806
8587
2736
2777
5371
7795
6114
9321
4565
9243
2753
7902
64
2981
6332
6315
576
2550
5182
9434
1660
476
4722
1873
1829
6134
3476
2375
2760
6389
241
1806
6535
9177
2639
5699
9490
7912
8092
1530
791
9546
5775
1166
115
2374
9875
1984
9043
2121
2542
4577
4664
7888
2921
9316
2781
2624
7280
8253
2062
4409
5912
63
5299
7994
6474
8832
8508
2761
1813
8727
4386
7154
8874
9308
25
6506
2058
6667
7025
8837
9637
9043
9767
5478
3154
6373
5424
1662
9940
465
6784
1712
4922
4165
5211
3677
2467
9157
9771
1107
7766
3924
6195
3850
1224
2369
4215
8665
3559
1854
7411
5613
5592
4305
3586
7007
4682
1391
3692
7685
9210
8590
3497
7416
3125
9208
438
641
1007
7100
2857
5046
1983
3913
8036
8403
2603
7494
5645
3338
7851
8940
4332
8563
6218
1145
7475
9188
7343
854
5424
9606
7160
5987
431
1142
6492
2068
5974
3494
4970
6638
7845
8981
2351
3268
8010
1292
3416
4911
8576
3359
5723
4913
4775
8261
7944
7644
7783
6748
4526
418
453
4823
633
3262
1918
269
9050
4203
9095
8961
904
2440
9046
8258
3923
1612
6490
6577
754
1216
5125
669
6559
7238
1882
5700
7710
6781
375
5934
172
8578
9175
7076
7019
9438
4389
8590
4275
6752
1279
5594
152
7573
8680
9399
5465
2260
1509
7033
2808
5453
8040
5662
7186
9307
9670
7487
6392
3880
7067
3210
8016
7895
7278
8499
8313
4753
36
8659
6563
8634
7217
4652
8756
9325
7584
1600
4985
7306
9005
1174
341
6199
430
4333
77
1985
3609
2635
8709
7852
2119
2412
3286
9356
1503
1836
9928
4311
7276
9189
8248
9599
1145
4545
3624
1341
55
8734
8089
2497
7214
7201
1252
7249
3226
7157
4927
8814
1599
9599
2483
1283
8528
4934
4529
623
1502
5261
8854
2304
7304
5643
1946
2050
3403
7004
8479
8118
469
5277
2155
9056
8572
3607
1699
7411
2832
3185
6950
6821
9743
3337
6468
63
7549
6338
5825
4249
8572
5798
6077
6561
608
7973
7937
2551
664
8910
5084
5830
6691
1674
4402
2703
8366
1941
8723
1055
3849
8471
4864
2044
3773
5
2790
1861
4858
5949
3305
6118
9958
5847
4614
518
4817
9456
8968
4771
8985
9520
2642
4923
7349
4687
474
8539
5134
9398
2037
4857
5649
1797
6668
6938
1077
2702
7442
3650
5181
6025
462
8030
5797
3614
780
2345
449
7923
4839
6800
3177
9669
8240
2775
4825
875
6971
8391
6732
8327
3127
5308
1953
1631
3482
6234
2568
9600
5392
6477
8335
4488
5185
1064
5301
1344
1081
984
1636
3354
7566
3630
5329
9554
6557
8646
4765
3454
5506
1427
9742
2885
1437
8729
9493
4554
5965
431
3077
4182
6343
5047
1628
1912
4501
3608
9322
8532
8102
6695
1592
513
3685
2929
5409
2150
6919
3941
6060
5465
8633
2970
7195
7372
973
4663
765
185
9825
7744
4730
9963
8845
389
4682
7893
2625
675
7
2929
1503
7997
5728
3713
8198
4407
2615
464
7487
8990
4678
4739
963
1869
9073
9120
870
2329
5294
3893
3904
1093
9365
9416
2391
8899
4874
8518
388
8444
9469
3370
2764
5215
2
4538
5658
1967
9856
994
522
7754
2723
9909
5312
9777
112
6149
3740
968
2390
7596
3168
6645
7107
8444
6285
5488
9931
546
9051
9522
3995
6721
8711
3069
7423
4841
3411
8363
1090
8873
3698
120
2921
321
5123
509
4046
7293
3227
4836
9264
8346
5804
1640
1879
3481
4413
515
7409
3598
3920
6093
3014
2412
2464
383
9867
6387
6208
2653
7036
3964
9339
7362
2005
137
6599
8723
2512
2929
2001
4165
7455
1831
3703
6425
6745
9391
449
811
8235
6903
9670
3783
7336
74
7388
6182
7972
2611
3491
721
4824
4458
9197
1540
8518
9526
7674
257
7786
5505
9466
3442
4628
2087
4374
7295
8294
2656
8965
3428
7630
4051
4478
5503
9504
8426
2159
7707
1086
1240
4877
8538
4432
7698
7644
137
1033
1615
6704
5957
8596
4338
7823
2483
6765
9288
4681
2530
8240
45
1729
8221
4276
6546
34
9174
5492
9879
6168
6345
5881
4809
6225
2731
6405
2743
6754
6224
8185
5440
5335
1421
8706
6556
2020
6917
2632
6919
7591
3978
2991
6294
6730
6311
5345
4287
6683
177
5922
3270
6098
3894
4441
2038
747
8123
9024
8063
8209
3363
8634
9432
8996
1802
3308
3375
3365
9379
6986
5430
2312
1278
5700
5714
825
8971
785
1178
6049
9257
4402
4909
1202
477
5761
4494
2271
2531
6745
5672
5511
1778
5929
5127
4744
9864
2936
8274
3312
5361
1891
5786
3788
2179
8933
627
1429
6068
1884
9758
343
4600
115
2523
5558
9052
8299
5146
396
672
8607
946
6186
4028
2281
838
7234
2288
5196
8937
391
9267
9926
5837
3429
2864
5071
3806
9168
8591
3329
4127
8094
996
7019
3823
9055
1076
703
2198
9373
5342
5816
7298
9541
1444
5678
8215
8369
5015
4517
585
6797
9309
1273
806
7670
9100
4168
8764
5421
6051
6896
4537
6065
1026
8332
2146
2172
9827
4075
2209
2046
295
2458
7064
9170
5808
1147
9278
6661
6301
7623
1473
1242
2092
6929
1295
5114
7396
4798
5614
7621
2657
4951
9721
3903
3341
8682
2549
2644
1155
8753
593
9606
6197
2739
5137
4674
2891
1682
7407
7105
3550
7043
9799
4680
2370
9470
1231
431
5412
1340
9536
8908
6272
838
386
4411
362
7879
7068
4869
4547
4216
837
5898
8315
4514
7225
791
6480
3841
891
9186
2083
7164
1706
4902
9841
6282
3316
1070
3946
2105
1644
853
9309
2250
2005
1883
2507
1279
3590
3340
1114
831
5898
9634
4599
1494
6137
3089
9511
3002
2025
8559
3460
9904
4903
4497
5859
2910
4942
5484
6603
4974
8791
2090
2408
976
377
2305
6079
8600
3886
1915
7655
6887
6177
5902
2900
8509
7419
9477
5195
3847
5091
6860
4154
4524
1833
8256
8752
9474
2674
3603
5784
210
9449
9993
6885
8726
1731
2712
1351
9909
5771
7694
6052
8493
1247
3999
9617
1290
6179
4104
2081
5208
4066
3611
1688
2296
7370
2879
9071
6114
6124
7790
6854
1788
610
6724
3643
4663
4010
8226
4308
6320
3411
4396
2992
7908
7652
4555
8537
8778
5370
2840
4357
4875
2937
6260
2698
1646
7131
6108
6615
3075
4638
9725
4976
4891
2910
3569
9828
580
9038
279
181
8926
5927
7179
8685
7398
977
6164
600
7813
9992
9559
9269
7755
8862
2312
7396
1833
7169
9756
4708
6165
9128
9870
3273
5597
2552
8583
7716
2471
1115
4159
3789
8799
4156
129
4839
971
3973
1792
127
9341
9593
1410
4516
1842
8502
2754
197
8669
2683
573
8929
4193
9885
254
8916
5651
7191
436
6601
8750
1239
2995
3765
6220
1525
441
9026
607
3203
5768
6217
3822
4607
646
3260
2288
2440
1247
4076
1446
9700
4502
9927
8100
3777
851
552
6834
5015
5561
1140
6426
8266
1577
8342
3125
2513
4767
7241
7715
2758
7407
5346
5508
8316
4374
7040
5939
1708
941
7431
3414
2616
9797
676
1568
3690
5113
3627
7255
6153
3084
6385
768
9946
6603
9767
552
7890
4341
2846
171
9648
8873
4388
8583
3742
2502
4713
1316
9802
3893
1511
5116
1014
9339
7827
9086
4763
6431
5494
2999
8343
1989
2941
3431
6641
6270
7613
2458
700
5433
6357
3485
8428
7579
2185
2168
1413
1450
4547
5894
5736
1275
8250
9127
7620
3397
6425
1821
1292
73
7910
2768
9682
1875
1460
1998
2830
3113
6544
4549
1620
169
2648
7566
4261
1260
8946
6102
2046
1325
5510
7818
2571
8261
768
5553
3948
4190
2450
7773
9329
3972
6639
2634
4554
6467
3023
5873
4479
9868
7163
2634
5637
18
8477
6607
2113
2825
5772
9852
3284
6253
6456
7506
148
4468
7939
5264
3397
5134
9735
6078
9466
4418
7951
5871
2971
2298
4691
4611
3112
4911
5539
1244
5438
214
6922
7649
5413
2636
8272
4271
3433
8684
9765
2112
3316
8560
6950
2816
4141
3466
9469
2423
1635
9587
5904
9729
9423
1716
8277
1595
2063
2298
3172
3370
7693
7357
3165
6525
329
8982
7212
1736
330
5281
4961
4113
4342
2581
8279
8688
7381
2810
2475
693
2683
61
4924
5205
5650
1584
5866
3802
4197
8726
3541
9949
2398
5281
8241
387
8987
9137
3763
3382
4542
4678
5774
9591
7660
6788
2896
7533
2220
1206
1992
1562
5467
4019
9005
2168
2913
1615
6478
2700
7054
4090
5415
5154
2437
4170
4159
7037
6186
7548
5442
7317
3540
7335
9781
3244
5131
4208
6136
5747
9566
3325
1334
3070
3880
2088
4047
647
4520
5168
9974
1782
4717
7871
614
3079
6779
9966
6970
1933
7694
3586
8239
8159
5949
7272
7816
3641
5730
3608
1641
7140
3757
1821
8866
7644
4653
9446
6307
3242
8370
260
8445
2075
1848
1216
661
6493
1752
8675
6467
7806
3615
9027
8942
9140
1514
1709
3861
6808
8909
7944
5132
2680
8437
8106
3699
3184
8253
251
5073
3179
8724
7767
3254
1632
780
7002
8403
6490
7000
1464
6996
7149
3362
5101
5718
4970
4325
5179
8896
9987
301
5980
2492
8317
3842
4943
1279
8502
231
9317
2452
6146
2679
6129
9561
6154
2867
5021
110
520
9552
8829
6479
4218
7767
4569
2065
3086
6997
3145
4728
3283
5267
3617
1863
3234
7833
9460
7619
3355
9566
6630
1630
5634
112
5381
3344
1009
4971
3060
4110
3927
972
5637
4974
5149
9140
8575
5858
5156
1281
7986
3340
6164
9039
1493
4284
7178
9913
133
1850
5467
1148
2275
9581
1542
4663
4523
639
3806
9208
3101
2007
7270
5775
6737
3015
8104
8455
1185
7022
6392
9620
2910
3071
3438
5207
2871
5699
3534
1591
9959
2138
4233
9986
6842
2501
7030
3945
7155
2956
4697
1486
8164
9078
4486
6630
6111
6843
2604
491
836
858
3037
1567
9821
7154
1906
1863
7794
2239
916
288
8845
2025
1936
9565
8035
6179
2326
3940
6761
9150
3565
2230
6361
7776
6335
9212
2928
1897
4142
1352
9424
4680
3992
9556
7703
6985
660
1874
3283
1623
8399
3283
8008
3303
6946
5601
6406
7520
8341
558
5017
4486
2276
663
2423
8816
9937
9677
8473
3124
4823
269
8308
4361
9528
4289
280
1424
3647
7129
5627
6766
2457
2528
7267
7215
709
261
2614
2
4084
2208
1832
4056
8060
7073
7515
9608
3601
9133
7893
7795
4030
2209
6735
4174
5230
9467
4688
2412
3792
4821
2899
8158
2767
8486
9596
6368
3036
212
6409
3877
3383
3193
3162
4482
8801
6494
8118
6044
6145
8065
6488
1475
5111
6835
9232
7054
5106
8232
2038
3458
7796
5047
3799
5285
6061
8521
3824
1304
2268
3551
9228
5121
9065
4465
2138
984
2033
1455
5774
1622
6273
2577
7151
4336
7355
5693
4910
9234
3090
2122
3784
7097
9838
9946
1975
4162
9869
4811
8329
5187
9495
5308
7504
6475
8543
2024
1641
3790
9591
9293
1733
6255
6436
7353
2346
9110
3474
5182
6290
2130
3717
1212
1501
975
8111
3074
1928
2897
4351
6304
7558
6254
5563
3913
3247
6154
7423
4261
1764
1519
9642
5896
9298
8748
8830
6260
4079
8820
8136
397
3160
5438
6440
466
5645
9739
9681
6130
6724
715
8710
7042
5883
4702
2649
989
5859
3961
786
1707
5062
2813
1704
6648
1581
9972
6974
9666
5241
9311
1506
9508
7015
4327
1784
9342
5118
7717
9262
4858
2540
6580
9949
8013
5345
1076
7590
3695
2297
1345
5151
6210
3518
767
4865
2231
4349
5525
8326
6751
3684
7881
1734
1618
32
7318
6890
5530
3666
9989
4736
7547
9763
9204
8282
6381
6499
5874
3986
8811
8453
434
2350
4113
6966
2957
7929
2139
53
7515
5664
3005
2419
1981
8728
6211
2470
6691
4488
3518
4488
7917
1832
6943
1438
5573
6473
9336
5811
8047
1294
9361
4661
754
4528
8359
6404
7423
9080
9370
1696
5
3732
4747
9896
3494
2190
842
6759
82
7082
5713
93
2060
3466
1602
8825
342
2163
4797
5068
4721
91
6666
9814
6443
617
3506
4573
7423
7473
751
4703
8887
4082
4153
9056
5687
5106
921
8946
8833
5570
6814
9800
3212
1919
7989
7422
2693
4628
7753
7346
8229
6443
7581
8030
6965
6519
9170
9790
7384
6435
2603
8142
2775
9940
2878
133
494
6256
9313
5229
8580
6249
7563
9389
6593
7243
8359
7489
8284
4028
2966
3989
2790
2424
842
9689
8330
5190
6891
5530
288
2833
1549
1281
5661
3496
7204
4327
597
9754
4377
3771
3965
4907
9666
2564
6311
8518
6776
6622
9181
5576
3284
2807
6903
3081
3841
4507
3563
5177
8585
2175
941
6975
3821
7399
1152
2650
9191
4960
8642
447
9888
2118
5587
1390
6929
900
7148
4492
856
7851
2029
4120
9086
5214
147
4879
1684
2155
1091
5891
4742
6612
2826
5513
7046
4534
5324
7588
6183
4173
4979
2666
9746
7791
6870
1763
9648
8765
9788
3914
2217
9838
4725
4153
9095
8825
946
6345
3002
8572
9218
9246
6308
4563
9260
7542
6359
3977
5319
8915
5242
3449
3024
2190
9815
1326
9465
3609
6295
4586
9700
504
4241
967
323
4474
6541
1576
5059
9108
3291
4588
9014
6956
2643
1774
7053
5778
8755
8361
800
9268
7019
8663
8419
4210
6125
5644
3325
2078
3201
3461
3131
265
3223
6085
6762
8781
6719
804
3981
4888
280
8639
6458
8945
3662
4267
3964
9366
2846
4851
4323
736
6127
471
3221
2923
3379
6814
69
3254
6215
9230
1497
786
4796
317
683
7755
4063
2778
6703
1791
1547
5477
2499
5833
714
2710
6012
9666
518
8986
323
9435
3046
6631
6464
9228
3483
3782
2021
2517
7273
4732
1814
791
3694
7049
6548
3397
107
9845
1392
3899
4180
48
9704
5194
569
1666
7561
6595
2418
4148
4084
7979
2528
8088
2930
1619
2305
9497
5625
2305
272
3146
4514
6928
6701
7785
3524
6448
6784
2770
9872
5492
4602
2602
4737
8156
2887
1880
1769
610
4842
9576
4588
6170
4607
2245
7785
9422
6954
1528
21
6457
268
2735
8308
3984
4753
354
4002
9731
2141
5374
5747
6399
6688
2666
7426
5601
5546
9546
4318
2584
6197
857
8925
8011
9453
1561
9925
8671
9200
2463
2589
1871
7813
2148
355
5487
5003
1080
3542
6151
7200
6530
571
1478
5376
3724
909
9434
3954
4935
6493
4076
2278
5788
9001
5868
4837
940
1197
2981
998
8820
2320
9331
9721
9699
6122
337
6852
7969
6139
8952
1575
2862
1020
9143
2242
5182
8381
7654
9804
3819
2565
9723
3712
5884
6134
1507
4831
3608
8552
3883
1912
5480
3824
2219
3942
1566
6084
6727
2110
6263
3053
8722
1246
6143
5180
3450
2320
303
8816
5559
6471
4531
2324
8395
132
8009
5291
3727
563
6276
5197
7755
4474
719
5999
5413
4039
6104
4261
7845
9641
3430
7970
4236
6156
4071
2993
2622
8716
2991
9807
7583
8031
5733
6862
8106
7587
2142
1454
5520
6948
5959
9979
7470
9843
1016
5575
1057
1963
3932
3586
3796
6287
5456
4168
4784
9477
2554
6336
7983
8465
564
2541
6862
4922
891
4248
3867
5791
867
9297
6751
4133
7165
7864
5362
7176
8027
1082
7110
7810
3044
471
2697
3279
3134
6975
29
7695
1901
1670
6166
3520
1693
218
671
5374
2884
6352
9304
3918
7646
3921
3765
676
9660
9151
4098
692
2698
6440
5932
7332
9189
934
2761
6853
6997
2926
6077
3442
8756
6564
5389
2480
9255
2287
3094
1838
5901
3421
9120
8324
6254
8622
8698
6184
270
5603
3046
2541
9424
1811
7797
2237
1286
3839
5057
4346
670
9535
7503
5987
350
4553
2416
7455
6276
4203
9324
5341
6395
372
4250
9334
6393
6326
7305
5697
4246
2667
3095
5462
4212
1973
4895
4568
2094
961
2575
6071
772
5931
5590
7645
8674
3358
9354
5337
8346
1995
1431
3254
1307
4506
4181
5759
4140
2797
7547
3515
8016
4915
9085
218
9208
8801
3483
1746
6012
4651
9975
1110
5747
7788
2519
9413
1225
5108
1127
8442
8071
9692
9430
9158
5370
6521
8309
2670
3837
8761
5632
3524
8335
2854
9602
1757
4888
8114
7026
8316
1631
1838
2235
7789
2324
8434
8617
5126
1653
6773
2271
8999
3901
8398
9082
3534
3588
8199
6543
4305
5880
1726
9146
6313
3880
854
8618
9066
3888
7439
6428
9962
6663
3535
5047
235
4568
2100
1873
3325
5403
9994
6513
5665
8897
4050
7639
1806
1707
231
9444
4405
134
8286
8143
8606
8517
8530
2927
2749
1468
7659
1804
1055
793
6434
459
5372
5818
3349
4187
7062
534
553
8829
7046
1236
9418
506
8453
6622
2532
9774
8012
1066
3475
724
8406
9097
8005
6665
9444
3887
2406
6030
9203
9312
6860
6850
1250
2715
801
7809
4604
334
8317
8690
9338
9884
7951
3253
71
4265
460
2501
5452
5338
96
7589
5628
740
3027
3225
755
9234
4995
3583
2289
8365
5777
9969
3225
8939
127
3748
5961
8533
2088
8972
9395
1011
7688
3971
9228
5270
9851
5133
3529
8469
5091
5331
22
2410
9229
9493
8571
4594
4207
1645
395
3626
6676
6740
4053
4727
851
882
9252
5249
9655
2879
2986
80
8031
3136
964
8705
1633
7085
7895
9767
1150
9190
8250
6311
5743
6978
4334
4577
3350
5431
8127
7919
3439
9543
6596
318
5065
4456
2389
1270
2759
197
566
9919
4490
7982
6398
4072
6829
9878
3143
6845
4852
7725
922
7574
3192
3688
1525
2024
3989
7933
1277
6533
3734
8084
6259
7782
2550
8931
3000
3137
7771
560
8242
6065
4713
4399
4232
2959
8550
6877
7735
1569
4219
1696
7701
6174
4635
3393
9498
574
3486
9648
9685
4055
7136
8006
7557
6290
5723
747
4205
2844
5521
8633
6260
4405
4063
726
4636
3716
4322
1265
6158
335
8625
108
5536
3894
1809
6724
3154
6240
855
9553
2872
1566
2963
3918
9402
8899
9408
8076
2847
4649
5761
9476
7920
4518
8815
5351
8402
4697
4369
5646
9581
4710
1796
467
1802
859
3306
6993
257
1931
5419
7141
8700
6932
2324
3407
850
8049
3602
506
4086
7590
3942
2146
8177
7399
5169
3608
1101
1606
3419
3557
4814
7973
7658
8293
50
4518
8563
6832
7774
1477
9556
2547
1641
8061
4627
2311
8663
2576
6303
3051
8461
1372
4223
8742
7361
9958
9095
2139
8828
5496
5792
2101
9113
2595
9859
6158
1187
5547
4285
5321
4281
2942
4229
3481
1986
6144
4074
7801
3826
3939
7770
3247
4801
6439
7932
3275
6143
5992
1447
6241
8950
2788
8759
3320
4870
3557
9897
5076
419
7768
5672
1189
1879
3521
193
8747
9910
3384
1669
6401
7202
2449
5908
1582
1355
5274
7204
9633
4627
3928
2306
8908
7695
9607
774
5113
8057
8427
7324
174
2790
2911
583
7063
3176
1637
3069
6407
7327
6034
8810
2472
7827
4225
2011
4418
3856
1040
6726
2050
8445
8959
97
6535
149
9725
4292
4059
7064
9610
6487
7695
6576
1482
9014
7651
5125
9040
9850
2202
2492
6084
8487
6883
4585
2895
2380
269
8647
4855
4321
5159
7385
4032
3613
5233
1780
5242
7656
4613
9528
5942
2174
2560
3186
8460
1338
8458
3171
3782
6105
2685
9236
5109
4886
9831
9429
7861
5555
2792
6397
9839
3320
8145
8942
3645
9864
9637
8192
4023
4216
216
8992
9121
8627
1486
3331
6706
266
6344
1752
7427
6768
6459
4223
4160
9587
167
332
3061
164
2912
5122
3296
1169
61
2819
7581
4288
743
6407
6223
509
5514
5377
7904
2212
3503
8120
4672
8916
6390
6688
2569
2315
634
1967
7909
362
6773
1025
2287
6285
1889
2732
9324
5590
9230
5597
9534
5764
5147
8039
6987
613
1014
5274
3968
9038
9714
105
4422
8947
8503
9188
413
5929
3863
1055
5343
1803
2735
6801
9758
3724
6110
7283
653
6980
2254
4791
921
6077
9666
5591
8805
3797
9907
8656
3960
9900
9927
5057
299
4273
8750
5406
8658
8137
370
9726
6289
2794
5282
771
5161
7509
246
1522
9312
6263
5500
4129
9085
4184
2095
6967
3723
5681
4172
727
1120
5433
5370
1047
2119
5352
2020
8686
9956
2438
7881
8386
6654
4239
2192
3021
1786
5562
7873
1447
2801
2660
959
5059
7527
6516
7839
6777
5702
2186
3358
5935
8347
9147
6704
8251
6874
1164
4653
4205
2244
4727
297
7323
8909
2548
9736
6054
9699
4608
9963
4926
7070
3244
6153
3670
2097
496
621
6367
3416
6998
8453
813
2930
3279
4952
2396
7628
3892
3166
3134
9153
7902
5275
1352
3389
9713
9234
7296
7279
8316
9260
2259
2833
4492
8929
2809
9719
7262
2209
2282
4202
749
4219
1629
5371
9358
7210
5757
898
2310
7673
3944
718
8735
6045
2249
5399
3889
2488
4227
3530
9950
4601
3095
9217
7212
4210
6461
2589
1273
7239
8648
6872
35
2911
7700
1467
2152
7376
3382
6498
9467
842
8478
3575
9855
1306
7116
3141
232
7407
4987
4083
5154
2208
9497
6048
7705
9292
1407
4379
7031
4460
5903
2571
7644
9646
7944
1070
7763
71
3706
9040
6479
8441
2017
1532
8262
5099
5031
9297
5411
6197
3195
7411
5582
599
1179
7654
2238
2200
4306
1863
4781
6235
8748
1266
1554
2830
9915
5931
8271
9069
4385
293
3704
9601
2335
6643
512
2193
2791
2411
4472
9542
6657
4216
6335
372
2634
54
7815
7488
9233
3864
4393
3401
401
5284
6707
4125
6835
7899
3182
4183
8857
4794
193
8669
1686
3817
1272
6019
8947
8769
7174
5456
1866
9123
4750
5462
6698
164
8346
9860
632
361
5572
2045
9228
3722
827
838
3941
7775
2666
1572
207
4744
7360
6264
4612
3843
8556
9527
3771
9332
5633
9879
3985
6620
3556
9330
3670
2636
9721
3648
3552
445
993
4628
5410
3897
5657
8920
739
9278
8634
3082
8919
1306
348
4533
6589
7284
9164
4364
9083
5082
6671
8840
4696
1396
4313
5228
7351
8712
9251
1690
6153
2587
512
9861
4670
8435
2241
5216
9913
1002
7659
7930
1110
439
2101
5323
6918
3131
5537
4030
8770
3163
6551
4969
6617
1341
5727
8220
7243
8978
5603
6909
8974
3755
392
4784
8368
9900
4736
329
5317
2979
2736
5507
5890
5147
2469
6749
4032
1478
5987
5875
1252
5694
7260
5562
6090
768
7561
7110
3917
1354
455
1197
146
9756
3091
900
3319
5797
6231
733
2429
2820
6900
1095
3210
173
3701
6343
2394
2540
6858
7078
4207
7795
6751
1335
8867
9393
2523
9141
4261
834
5883
9087
8949
2354
4165
7771
2142
2709
2541
6759
2576
3293
5182
556
5588
3604
8871
4745
2373
8626
1215
1604
3928
361
1254
1982
9415
3704
7986
8832
940
9225
3538
5574
2153
6021
9731
6443
9673
5552
81
4070
7035
4733
3660
590
8725
8843
9859
6995
7486
4029
8959
10
1605
3629
4686
7165
9451
6156
951
4844
8040
4531
7911
6117
5026
6719
2615
4548
1494
6983
3875
7260
4899
3635
6852
9544
4946
3992
5613
2275
1436
3691
7656
3466
1132
3427
5978
2729
3772
6763
3907
9404
431
6085
9292
7066
382
8232
8564
9667
5344
7227
2244
2281
8155
2410
2723
7468
9245
6350
4197
8085
1506
7133
4273
9033
8030
1870
6086
6018
5306
5694
6528
506
8735
2012
5068
2511
2297
8935
3745
4880
3083
8242
2698
8319
31
1083
9753
8293
7591
3823
380
4465
2775
3256
9214
167
8313
731
2910
2749
5377
1918
6190
5581
4921
4515
4884
9451
1029
9796
1784
5222
6606
8315
1847
596
3711
1230
7895
8102
6265
7196
1188
541
5008
2535
9696
7978
2702
9277
6986
9308
530
6023
2224
5369
1857
3813
7309
8842
6281
2809
16
6849
1648
8890
4435
4766
7996
274
1080
9765
5599
2491
8637
558
7206
1120
7488
5631
8116
1101
5593
9211
7222
675
3168
1844
1957
9915
9866
4437
4311
8061
6284
1844
7128
754
9052
88
170
3272
6777
3087
7340
8929
6706
9649
7485
7068
7084
4002
6122
4339
2366
801
9922
1567
2007
8988
317
8799
6317
5421
6001
5929
9190
7313
8707
8285
2893
5272
3708
8232
2366
3983
101
6981
7058
2250
1124
1646
3490
468
221
7215
3750
1191
9155
7028
6488
2901
9520
5419
6801
7352
2998
550
5733
5896
3148
8820
6939
1517
4793
8911
8550
753
7405
5696
86
2835
9705
4348
7267
6885
9578
1727
4137
3050
4537
2371
7421
6818
583
4777
5250
5308
1657
9502
3968
5873
6369
6400
7023
1385
2588
5895
1171
9881
4340
6434
3633
389
1649
4562
7124
1191
9473
1565
1488
2360
2001
787
6820
7631
1831
3506
1725
1674
7140
7879
5164
5277
6996
5894
4236
6955
3058
9341
1637
23
467
1150
3362
9944
3772
4810
253
2939
1895
9264
1658
4779
3352
3687
4009
7251
257
7429
3108
873
3236
3863
8874
7703
5244
9424
8626
6988
4471
8982
2607
4427
5577
229
9221
2023
8485
3851
8120
889
203
9678
5863
5135
6850
9734
5249
9207
7133
1711
9232
9754
2325
1297
677
2173
1481
9987
1664
2846
8530
9468
2275
9462
2225
9627
6717
6559
3603
5545
8449
9267
7629
1088
4183
9694
9614
1735
1332
8507
5020
6474
5269
3925
9489
8013
8593
9898
3789
1054
4663
4454
3187
5057
7068
9
6340
3332
6376
3640
6703
4918
9463
1334
3552
5303
629
5238
7886
1658
8185
2995
5367
8697
68
227
5191
6388
4823
8828
9449
9702
5463
828
9497
5973
1384
6183
7297
6180
8014
8742
3183
6889
327
1628
6718
4326
2161
4646
4378
407
698
2788
9094
1150
231
8322
2079
680
7745
7180
5935
7300
4163
2233
1248
7278
5718
4858
1299
5182
5350
594
9374
1622
3861
7094
494
5999
847
298
9804
3064
4806
4303
9344
763
5414
1607
385
1402
3420
1598
3722
2144
7687
6334
5958
7828
8683
9349
1056
8540
9026
3474
3591
458
3352
8982
5043
9380
481
2403
1490
982
7554
8703
7720
2979
7772
7725
5342
7483
3169
3782
7556
8570
1828
8130
228
6998
2163
9142
7214
2661
6876
9043
4826
2141
3732
7358
3633
9107
2673
4134
3010
8323
9084
9161
2697
8190
8950
4740
8960
1244
9073
7510
7436
177
7362
9136
5972
8321
7181
955
9222
6864
9436
6276
2049
3865
5268
6324
3275
4235
7397
4282
9320
4881
8420
3564
3668
2565
6484
5324
4901
8032
4489
9946
4884
3690
2069
7687
1493
6727
6083
3007
7446
1346
3715
9846
7979
6792
6371
9260
9425
233
9843
3553
2912
761
6943
3943
8688
3055
1419
6109
6123
776
3534
692
6857
5363
9985
4316
8190
4778
8591
9042
4163
5990
3854
858
2394
1134
7326
6350
6661
9196
3314
540
4959
9423
912
2927
2086
9968
1147
6058
7717
3380
867
3022
3857
2769
6561
3500
7368
3518
5189
3971
4780
6116
9980
4957
2057
6785
3149
3151
9187
7907
1589
761
3247
9427
2246
3762
4199
39
2399
2657
423
2759
3586
4972
5689
1773
2639
6253
7414
298
1271
852
6861
6475
9775
5442
5933
1371
2110
1496
9403
1493
4169
125
9334
7696
9371
2092
969
5470
7876
7130
4083
7578
7100
6835
7239
3598
9577
5974
2666
9558
8056
1582
960
3193
9814
3185
719
9154
720
7724
3696
6536
6240
955
3002
7817
2647
3398
7245
9261
4092
4309
704
9853
9449
2685
6582
2880
6373
4571
7909
96
6932
1582
7168
5553
5389
5288
7455
6798
8630
7979
486
7631
1011
1866
9601
366
4610
113
465
2316
8632
7859
4287
8019
1168
3075
8428
7399
7920
1852
9801
3185
7385
9776
7656
9953
7499
7894
2144
6306
503
5578
6563
275
5190
8690
8439
9848
5302
4392
2263
5239
8117
1163
6089
3868
7791
9649
8825
904
6855
4168
8178
4533
4125
414
7073
5803
416
1398
7946
5899
9367
5465
2520
7718
5758
7098
8726
3165
5077
3159
2558
1939
2408
7306
3492
8856
1626
8292
2535
2339
208
5761
6370
6589
3118
3914
8370
2511
8506
1968
7208
2251
6448
9133
1720
3088
5704
4682
9231
7281
5088
439
9992
3664
4267
6801
6891
8540
6678
8424
8564
5010
5962
2522
5071
9922
989
3232
1237
7403
9451
5406
5578
8563
6658
318
4692
8106
1563
8478
3918
7409
2647
8246
1164
9085
5772
1760
4441
8962
5437
9748
6231
8486
4434
7949
6304
9718
1743
6586
8610
8404
4069
1048
7522
847
53
648
3909
5512
3588
8214
8113
8577
9526
1599
8306
9569
8094
6785
5889
9586
7292
415
8863
9354
1638
3107
6176
1843
3193
4691
3142
3409
434
9585
3954
1609
3693
6057
3978
6496
1456
4481
7001
7201
2485
5804
511
9405
8024
6825
4203
1914
2993
6363
6456
7374
3297
8203
6155
5099
5453
6447
1747
4976
3027
870
9654
6501
5240
5260
3798
7087
5713
9477
1471
786
2539
4151
6557
6491
9954
5413
3193
4597
5996
5175
5965
2574
275
326
6306
5149
3311
9635
4838
5398
1943
8860
3894
475
4862
7397
974
7467
7408
5838
8387
7066
136
2108
1793
9042
4110
5694
3427
6885
7243
3775
554
9326
466
6467
3877
6199
160
2732
8405
7596
7187
222
8702
3203
9939
726
4519
5487
5054
9611
9287
265
2248
4020
864
2253
3893
2343
4646
9637
2605
6969
4896
1373
5785
6380
2264
5428
3724
4888
3373
5871
7710
6345
891
2944
4374
9918
1904
1536
6603
8167
3498
6782
605
6309
8667
922
4233
9939
7048
2019
2166
9251
7852
3814
7202
5466
6401
3041
9107
8045
8362
4081
7122
651
5403
2339
9660
737
728
257
8756
7500
192
2192
8693
8996
3492
5755
7468
6478
4824
9431
6411
4362
3856
9225
8025
5912
9043
2454
8370
4622
8670
9425
1546
1912
7677
7385
5817
3311
9981
1477
6545
7118
4353
5061
4135
5244
6282
2481
2312
2253
2243
4533
4773
1204
7433
4408
4166
7360
8714
4524
5349
4169
3894
8968
3580
9702
5237
3031
3022
703
9105
5386
4473
1680
609
2590
4004
9793
9438
9883
4602
1797
2549
1
1570
1246
1692
7586
2147
8412
8048
9265
4348
7684
761
4876
7386
3266
4062
5680
6819
6582
6632
2176
5284
4953
9952
3080
6598
1757
9653
2239
1636
3276
427
4372
6467
4889
2084
3088
5666
7166
2217
5333
8815
8810
881
5052
2487
1933
4749
741
3472
1865
299
4348
7126
6853
2187
6538
1411
969
276
2755
1451
5695
1520
9644
1258
7216
8327
130
8324
7328
6164
8510
3385
2690
7933
1974
5012
1631
799
8088
8890
1023
988
9823
2572
153
5496
4208
805
2957
8227
3568
2531
9877
2847
362
1657
4300
1598
9662
2254
8620
1930
6959
8500
3788
8198
32
7151
2934
6697
9979
1934
4704
7049
1881
9712
1334
157
7818
4122
8532
7849
3004
1621
5107
6620
3951
4926
9391
9870
8423
1896
6426
1608
5473
5811
878
3685
1140
2977
5709
6533
3221
3387
4111
7719
8891
7201
1629
8298
416
6100
4595
3473
8894
5133
8031
1275
9898
7246
3913
9616
31
5767
3642
6731
3827
3489
7817
4366
4598
5639
7970
1909
8452
7727
9097
9574
2977
857
8022
8379
4758
1961
9569
2087
5490
4416
2979
6919
9656
5342
8836
4576
6957
8627
8104
126
8374
733
5162
7251
5732
1444
3409
5632
9524
2141
8525
2579
3705
1050
3869
6722
704
7309
7445
1067
592
5189
6630
6478
7486
2041
9280
7717
6390
7967
64
2605
1929
1186
8652
6142
9365
2187
1550
2058
9479
3593
1176
255
3882
7986
8971
1668
3833
7871
641
4407
5283
1352
9925
9605
9941
5051
1081
7669
8030
6153
8970
5297
5864
6555
9034
7666
7821
4321
4504
1681
2886
8963
8419
6783
6709
1951
8767
4802
9891
373
8294
857
8052
284
7993
2872
8376
1779
71
7788
1549
9540
7646
494
1008
2300
1922
9632
5335
9036
6845
731
6937
5827
4777
2973
8706
2515
3986
3208
3135
5345
7120
2645
7837
1523
7827
7452
8003
531
2257
760
3896
7938
524
3944
9689
8274
6908
5600
4916
239
9992
7179
6242
4734
6065
9164
4000
2202
8401
8799
8337
4740
9209
8261
7797
5348
4553
9364
8399
1414
8290
9003
4671
7938
4513
3515
7143
3026
2475
6012
2121
8134
8144
3833
7961
9014
4351
3329
2795
5389
1237
6588
2019
7297
6631
5259
5347
493
8033
3032
1059
8373
3579
7957
6109
2351
2360
1971
4567
3543
8057
5040
6028
2871
2381
6252
3799
2864
8917
5023
7545
646
3988
1037
3100
7138
4569
1857
9250
9680
9650
5304
7896
5682
4779
985
44
342
7622
855
2051
9745
1918
1838
5535
4270
4232
7765
765
9612
1946
9287
135
5149
8232
348
4855
2708
8090
4386
6131
5369
2084
3813
6794
1313
3015
6085
557
9502
3646
7407
2146
8091
4585
6996
2858
3217
5833
7216
1944
5679
8627
2737
3598
1458
9946
5662
37
4761
7447
1896
9306
4325
1855
5282
1262
9017
7139
1062
2037
9631
3160
8934
643
8334
9681
7651
8691
9139
3213
5885
4973
3063
2491
6925
2767
3766
4803
3960
3558
4703
7521
6661
8615
5569
701
4506
1322
4113
4229
4743
1836
7437
7112
3868
1161
5748
1911
5646
3487
7551
5666
9250
9505
4917
993
8148
2039
9114
9981
1689
5754
9316
1114
776
2570
9311
213
2199
9577
8487
3859
3986
9411
799
969
2939
2190
4900
2928
2249
6715
8441
1932
9558
4978
7591
5244
1868
566
743
3287
2096
544
1660
9478
9154
1505
2353
5302
1935
8007
1971
7459
7823
6410
2934
6577
5969
7446
986
8611
1752
2262
5234
2450
507
8949
4661
6833
5139
826
3222
5612
5886
5748
3606
9368
9185
6206
9227
4107
1780
9366
9753
9363
3147
2647
9800
9911
8769
5512
628
4734
9981
8634
8826
1592
8067
3150
1103
1445
9504
3027
4994
7554
6145
470
7154
7314
7815
6473
5630
1457
3939
5139
5108
6093
5443
4115
7406
4892
417
4877
1817
9277
8587
3209
9547
5970
2906
1105
8952
77
2889
9804
9018
4620
7109
3479
9020
5670
8436
6227
1762
6135
2767
4938
2382
5765
7402
7964
9176
5741
2201
4598
6986
3721
3165
1804
8940
1136
7294
3479
7857
3393
378
6675
4491
5569
2436
1896
7107
8559
2618
3303
7456
2768
3451
9788
3726
9407
9913
8939
3241
3836
3797
8262
3133
5653
323
5451
1044
4864
7366
2401
2360
4172
2492
7029
4583
3536
1570
9805
9742
5845
7908
9964
9317
2760
5893
596
6594
7126
2012
7030
858
8845
4786
921
6104
7771
7003
5667
8754
5732
3013
9252
1412
9218
4353
2890
4181
3951
8214
1906
6290
7568
1550
2855
2791
9867
4519
5190
9719
7274
3723
3410
498
4947
2876
6154
393
1867
8742
580
9174
8210
4147
8294
3627
4127
6092
8609
1051
5808
1121
4436
4712
3256
5013
4734
1002
7975
6448
2696
4620
5156
2593
1266
9413
248
2228
5098
8862
7614
8608
7476
9812
4123
934
7986
9997
4843
4144
5600
6424
249
662
2223
6826
6941
3376
3005
617
7182
4012
3818
3997
5284
7880
4404
865
6533
6337
9782
3747
9522
1911
4623
3258
8041
4623
3392
9696
9479
9541
7912
101
6152
4565
7735
8939
3890
6588
6351
796
1587
7209
2137
4573
3195
2091
2844
7236
3304
4743
3
6057
261
5318
1592
7443
4225
1289
7301
757
7953
1345
7251
1289
3046
498
8866
1246
9375
9255
9744
6003
4302
5265
300
1080
4980
5433
4085
5153
7385
6384
4003
4107
8981
3777
446
3322
4388
3493
5663
4329
1361
7571
2532
4973
15
6737
4545
9940
3898
5982
6494
3496
3667
5465
6139
4680
618
8692
5046
3824
5247
5714
1626
8360
1285
2412
2828
8128
3862
1764
7993
2246
7089
6004
3608
4609
9769
8113
7989
1784
4631
9465
1313
1506
1946
2164
534
6710
1864
5856
9672
6461
904
4439
4424
147
5241
7297
4185
286
669
5017
3685
4491
3096
5669
1118
7665
3466
9021
460
6677
9142
1001
5688
6841
3628
8326
3104
9528
9183
424
3543
3344
6507
3362
4567
4035
2729
640
4964
4083
1403
5528
5947
9965
8493
284
2099
661
3344
4809
3153
552
5841
1060
4267
8438
4132
414
152
8996
1168
3032
3076
44
6444
8273
1232
8322
5
2745
2110
746
6358
4435
2154
7681
5397
785
4302
7065
1871
804
6434
7850
8279
4948
3545
6662
8629
5791
1514
9838
1904
9108
1214
3126
9883
180
2105
1265
919
8401
8042
8764
9369
7044
239
9151
2320
8818
6341
4678
1871
1802
6702
134
5684
6962
1567
5901
9677
5576
8084
7887
1908
9924
4054
7268
6322
591
786
2256
9939
3205
2592
4795
7920
8161
1499
4369
419
3994
4401
3784
1076
9199
596
2145
9930
4860
6775
1890
3954
6336
9254
5258
5437
3671
215
3596
4324
6976
9307
8248
3577
7973
9760
6479
5869
7730
19
7925
783
6337
4762
4227
1325
167
2585
6132
8237
6006
5770
9675
5663
1972
2662
781
3444
7854
1716
8358
9020
8530
4977
377
3206
1015
5343
3179
5935
1245
8937
8192
8244
4092
7137
3824
1115
9715
4154
2568
3389
670
733
9984
5368
8122
140
6003
7660
5384
6013
2815
9133
7858
5489
9481
5774
8991
3055
7609
3735
7303
8154
9808
9898
4064
1168
6196
1279
5889
1110
4881
5936
4904
5248
3631
6565
5174
2295
1209
3489
5133
8473
3474
666
1461
3617
4510
89
3550
9429
1155
9987
1520
9383
261
6477
9462
49
4702
7114
5187
1913
3811
8169
4241
3466
4832
3450
8537
2446
9604
9274
8296
7080
1950
631
3986
4933
315
5234
1795
5629
2171
8515
3905
5235
319
15
6547
2579
4201
3138
9016
5211
459
9562
2238
6080
9408
1166
4362
9198
8403
9132
8708
2832
6249
5854
2858
8257
1486
5064
5701
132
3281
5004
3111
7295
661
7528
5116
7082
4665
2200
7226
1058
8962
8670
2487
5966
9795
419
4105
8883
5941
4247
2113
7623
4276
4487
9337
3314
2440
9584
6950
4649
2673
2643
983
2921
2360
2010
3601
2171
4283
8234
4244
7587
5278
7071
5977
5901
8615
4566
2948
9289
437
7219
424
472
4583
1504
7299
1696
3014
3982
8040
2501
7557
5351
1377
1028
1965
6327
5863
7797
1182
5525
9121
5627
9749
6597
1937
2265
7474
8413
3411
99
4268
8547
5493
8582
1437
3749
4760
7626
829
6126
