3020
4555
7382
9800
7072
6361
9237
5371
659
5376
3632
3092
93
9638
2286
7767
6847
3989
1206
7914
476
3405
1943
4470
7580
9988
6573
3915
9827
3165
4615
1269
9438
2474
3107
6915
5750
5601
5275
1293
502
446
8962
8165
6044
1722
7070
7886
6576
1609
7212
9735
9877
9643
174
8878
6716
3614
8308
6266
1578
7915
80
9925
6742
1975
2062
3737
5412
584
9199
4520
8445
7687
7891
3174
3181
4869
6161
7383
3598
2101
2703
7411
8997
3725
6281
2345
2356
59
8855
696
3134
8762
2125
8747
8923
9877
9597
285
7056
7305
18
2510
2415
3893
8977
7979
5019
4709
6082
6357
1914
6504
8107
1697
9073
3932
309
244
6924
1804
6838
6270
1238
5429
9721
57
623
2383
6982
5525
4720
5916
9356
2072
1594
1269
7325
6526
4878
9900
812
3698
5417
3686
2512
6240
197
5339
9654
2192
2238
6221
3307
9953
6900
9616
8727
1168
8883
2969
8576
4659
1846
49
346
9709
9815
243
3851
2397
6277
9867
895
4624
7059
3341
1156
2803
8014
3011
1614
2147
3268
5008
7226
1893
5923
1323
1070
8744
5144
3530
378
7455
9536
6463
9295
3499
4093
194
3018
2673
6451
8561
9743
4956
1213
6782
7874
3708
2175
3824
9653
5174
3226
4551
2949
457
8785
3668
9950
9750
4513
9545
1270
511
1171
7912
6210
9415
5391
7802
8124
9397
8522
9245
6895
6579
5843
90
1650
6505
6235
6077
7300
6407
9172
4861
2009
2126
5312
5478
7637
3508
6300
4257
2468
4295
8897
6818
7012
6026
4540
1245
8220
936
4190
4825
2627
210
1100
6132
2833
3260
406
2979
6832
9330
526
9952
8989
1153
5544
4525
1364
7696
8728
5851
8606
390
3840
7432
6760
1034
4062
927
6820
8830
4010
2846
9029
941
7141
9959
6138
9967
5236
1832
4005
1513
4426
5779
4360
1909
5958
5312
1305
4953
1168
2585
9671
1417
837
4626
8757
9297
9377
809
90
9826
8694
8142
4022
4187
1550
471
3821
6871
9152
772
5996
1246
9259
8530
2413
5811
1321
4912
335
8155
1626
918
8242
2241
562
89
4643
103
4851
8933
7396
3886
5400
9140
2326
9220
8641
7544
9291
7875
8025
5940
129
8464
6610
997
1982
7208
6126
8092
9534
5745
9667
9482
2343
4876
2512
7244
1971
2233
4469
6383
7100
33
5046
5974
4126
4118
4624
187
1999
9294
5403
4639
3165
4994
4539
6708
9098
8590
5857
2591
2882
9459
9285
1844
4090
482
7456
4150
672
8240
3180
6525
4707
8189
4043
8604
3862
1969
6807
3815
2731
1360
9539
4167
353
154
1387
4213
6105
3178
5227
510
6619
1029
5672
905
5034
5580
2344
4027
9088
6065
8622
4264
6824
9347
4465
5159
5123
3813
2329
6980
9128
7482
7916
2967
7647
4607
5634
9142
2194
3153
9912
4606
3054
6542
865
2605
971
6937
2579
4290
4167
9788
6689
8746
7421
4897
6540
1858
919
2779
1442
9884
1104
2604
3810
5878
1597
7994
6307
3251
9332
5283
2615
3871
3276
6102
7474
7609
5020
8575
5677
610
186
404
5384
1839
7300
3783
9512
9993
4808
2350
9809
5993
4881
882
8272
3272
8721
9049
4171
7562
9101
4273
3184
2412
5325
2727
9770
8034
8608
7965
1792
3143
6333
5710
9346
4286
2194
6160
3319
829
8986
7416
8527
4381
118
2973
7823
9554
6750
3671
5558
4083
8595
6667
3570
1304
1845
6550
7024
7991
7024
2755
4538
9891
1816
5485
8434
2907
1929
9624
7554
9640
1645
6293
2076
7835
2988
3728
717
803
7994
3395
5418
5795
1987
4069
5260
5327
3688
1935
6291
5506
3404
7765
1343
4876
3477
519
7547
720
8780
5107
9660
2425
7045
1279
8746
6421
4996
9990
2086
3917
1422
3403
892
8949
2719
3233
8377
5323
3512
3044
8026
3430
8863
4604
7767
2372
7788
2190
2588
761
7399
3757
8332
1744
9683
752
8495
997
7761
8797
1341
2762
6869
9851
5703
6235
8721
9661
4340
9618
1166
755
69
8129
6887
6295
1361
2285
8005
9057
9757
5435
7097
7170
3477
493
3195
9809
2695
5349
9295
9937
1599
8978
1623
5733
3998
2248
4073
2307
2272
5819
2718
678
3372
839
6962
1870
6312
6336
1965
5588
6812
9043
4120
4921
883
4305
741
296
5053
5685
9967
6249
9789
6122
210
1810
9740
2497
5766
8610
7391
6414
9701
1955
6680
8303
3031
3374
3968
4823
8775
7888
7083
5343
3119
1782
3456
793
1229
8342
7025
9760
7829
1944
1958
3215
3399
6078
5059
6790
6929
2748
1063
3
2004
6651
5037
8810
4880
6512
4147
5821
9828
2081
7608
7712
8097
6414
819
8503
108
8154
4388
6518
8369
2912
6075
7382
923
8317
5160
3004
6733
531
4914
6330
4131
4175
910
5869
2748
5799
5991
4913
4456
2357
7371
173
1481
826
4981
66
9722
4884
5712
4869
1024
6632
51
658
6051
7397
4336
5227
1999
5423
2948
1696
1960
4638
7059
2026
9617
4415
1198
6339
8899
3738
8069
4683
7416
6557
4878
7694
1607
2668
6182
1900
64
6669
6742
100
2830
7848
1143
8106
1319
8569
8220
1844
7604
5724
2533
4048
1992
664
4696
8345
2013
2444
2900
7716
9512
6374
6976
1810
4644
1254
3311
3394
2296
9421
436
8354
9394
2366
7839
8678
8735
5179
180
1551
5281
5851
7805
1866
2012
3881
6632
3630
2687
1476
9963
4172
3325
4276
576
3105
427
5693
2737
3264
3323
5459
7220
6513
9718
5148
8482
9710
990
238
8656
9036
4778
7153
7217
9455
7052
8522
9708
1382
5609
2207
6852
13
4863
8350
8608
9805
2906
903
2264
2643
4282
1539
7340
6338
4603
2752
1794
7874
9090
3688
6928
9226
2763
2116
2154
538
8003
1384
4667
2272
309
192
7764
7547
2253
9854
7875
5212
1055
8266
3317
4732
9800
7198
364
9535
3746
7372
7428
8680
7117
4420
2515
2854
3273
2676
6260
9335
8695
6985
1124
5613
2212
4831
725
4124
7673
4638
605
6263
514
3437
6961
3028
1187
2537
3409
1135
1754
1303
688
3650
2185
6394
9647
5985
9720
6145
4560
382
2997
4016
6555
5221
1233
1155
4177
2459
8195
9717
3303
3391
4065
6125
5768
9989
3419
9568
8515
8843
3701
8565
126
514
9546
9834
2120
9635
823
3031
6702
4460
9326
6765
2214
2189
1792
4961
9498
2783
2158
9531
4324
9308
9001
2723
1826
5428
545
514
7244
4429
8811
1403
4107
2549
7273
3552
7815
817
2786
3823
5697
8286
1826
2873
7190
9540
947
2671
3384
6068
266
3740
6077
8587
9594
6674
6913
6402
7028
7574
756
6315
4200
8168
9751
8789
6596
9670
8870
7913
5942
5034
5525
4554
8936
4485
8334
7462
5295
7196
9840
5962
4312
3061
3863
8753
2279
3779
3006
5756
4273
5417
5032
7370
8373
1846
6084
8115
4463
5306
3514
2752
2368
3684
2642
3638
2826
1546
5225
5153
2816
5355
4702
5474
7457
9811
931
1675
3843
549
1281
592
3
4117
5753
7088
1572
1544
3243
8468
8599
9252
5123
6987
1122
9975
8463
4585
5709
1096
4092
97
4059
9717
6579
219
47
3900
5924
9628
5440
604
7256
2033
6985
62
8874
5787
104
4116
5380
5699
47
3522
7704
8858
6565
3153
9978
4598
3344
5035
9956
8700
9794
5171
856
6477
9074
9272
282
2167
6505
2030
2298
5438
2530
1505
309
5286
2268
2435
6472
2790
8189
3058
5932
8510
617
7132
8674
5721
2765
3889
1456
5930
8574
3580
1181
9985
6343
7394
1127
8740
8164
8600
7579
7150
4164
9474
3953
1102
8781
7445
4550
4539
9599
5564
5852
1014
6514
2489
3937
10
8270
623
3824
5746
752
1078
4520
9548
5029
7524
7846
2620
4392
6649
2319
1190
7662
3330
2497
4282
1118
1124
4608
6288
6205
7915
2232
2698
6514
1878
7915
7164
6898
8877
7215
2189
3437
291
9524
9286
5434
4515
1503
5330
9058
3198
6569
4077
9680
9029
2903
6849
9608
558
4178
1783
4101
7430
8157
8359
4252
1817
5875
5392
5829
9670
5841
3844
885
7279
1053
9888
7067
1333
1604
9213
6992
9744
7765
94
1147
9935
3086
5303
7363
843
1243
7731
4864
9735
8115
2282
5230
9479
1255
9984
8767
5684
7133
4731
4244
3984
2759
3816
3581
9091
9435
3671
9346
4649
2845
6253
3178
5096
610
7215
1294
2767
9571
8518
7495
6735
9643
2783
7275
2189
7712
5127
4249
854
9126
9706
5664
8491
3741
7352
1944
2320
6612
1118
4055
673
3116
1964
2684
7404
7889
6401
40
7226
3216
6591
2876
671
58
1091
3296
837
2215
9745
9771
2293
6284
1981
1248
2951
2188
6614
2887
7562
8600
6608
2179
9527
1520
6241
8387
1876
5695
9093
4241
8100
8952
6680
2018
6130
5921
3742
5609
751
7782
6593
1510
2761
7215
475
463
2987
5738
2554
1351
6642
4025
2946
6686
9496
6838
685
3387
4329
1053
2356
3721
3436
6863
2531
5737
8214
4991
5637
9386
7571
1436
2713
2520
5481
7163
6120
7044
8939
3014
7771
5610
6996
7878
8442
5024
9488
7178
9504
1295
6506
8200
8250
6507
3514
7780
7454
6046
2835
7745
3459
7162
3670
6556
4215
2290
9496
9217
5345
3709
7076
2944
3907
7973
6102
2605
8580
973
5160
6674
1073
2581
12
789
5503
1023
7224
7298
574
6882
9989
3481
8155
2478
8056
8361
849
2173
8447
5559
7814
4685
5233
6848
1401
6764
2467
7831
6091
9770
6717
7795
6517
7666
5111
282
5335
3862
1146
2980
6878
722
765
9149
960
5584
4179
9043
8057
1106
9323
8500
2882
7305
3679
3563
9780
953
7039
621
2837
8293
9290
9528
6172
6549
8350
2954
2196
5975
5280
8623
8223
4027
6804
678
6892
5182
4877
4944
9324
7703
2036
8384
1365
7745
3068
992
7210
4482
9034
151
8023
7995
2403
2181
9409
7265
3447
2587
3348
1791
5239
5971
9221
8587
4015
5955
3881
4826
4718
6053
2343
6380
1062
1803
1859
7409
2859
3360
4744
9573
3820
9736
3987
8148
9343
709
8073
882
503
5990
9175
2566
9497
831
8256
2192
8733
6622
6772
5351
5825
7042
215
4025
9483
9829
5475
806
3672
1737
6681
239
8327
690
6209
6604
4059
1518
3297
6912
7407
2585
767
15
5184
9782
4456
2593
790
8374
5889
4631
2094
2134
655
699
5100
3968
2522
390
4854
9174
933
4769
3259
9278
7234
2427
5854
1442
6502
8
9562
8960
304
6821
527
7645
9797
5002
6883
4813
7311
7537
3233
2078
7632
886
8940
8399
4447
5562
2813
4943
9107
4755
1819
3939
9006
5480
6875
7605
1624
5489
4463
9076
9802
4778
575
6028
9255
769
8255
3471
4030
7464
9340
6546
6260
3012
9006
6259
9806
1231
9311
7052
5085
3089
7826
1424
8593
2699
5299
7319
3093
332
8762
5198
6332
1391
8004
8965
5576
8006
5514
8561
5661
6980
8918
4395
9056
8948
3760
8042
4489
2105
6286
4376
5398
591
2444
5777
744
5995
244
9930
4041
9886
9704
5551
2418
1503
864
8067
5766
5512
6173
645
6944
4795
1159
3583
1271
2849
2998
1885
646
2375
4367
9721
7024
6347
862
5752
4914
1600
7628
5029
2855
4236
7445
3219
4004
5252
146
4742
6953
7599
6175
3519
565
5019
8490
2630
1256
4727
1060
3378
5700
562
8926
7247
2816
6186
6007
3479
3811
1034
3070
9956
5204
5542
1746
7579
4106
5778
5386
1938
6055
3242
2550
2791
9832
4818
245
3822
409
2800
5840
8274
4810
3990
9831
7094
4835
2703
1648
3647
6975
3008
5174
6
8158
2422
4809
2745
851
5928
7931
1380
5139
8799
4296
6398
935
2285
8160
3773
5567
9045
2801
5289
7585
3676
4554
6511
3248
7154
6756
4517
7454
9046
9510
2658
2363
6340
6395
8542
707
5221
4886
312
3764
3964
3319
2582
8214
4781
3517
2577
6725
6122
1613
5477
7755
7271
9153
6620
8879
7095
5596
5717
2954
8963
8317
279
9984
1357
3503
6407
9268
9472
2323
81
9096
7626
8855
383
7442
164
5088
1326
6706
2761
9892
2196
5507
5571
2112
8267
8731
7443
2745
7357
2236
5369
3485
1089
8116
3290
1254
6235
9817
4930
4417
6301
6180
1710
6686
3339
7360
1077
7651
1948
2992
6340
9564
2400
5931
3924
6556
9331
2509
8379
9597
6999
6489
7469
7340
7010
1623
2174
4160
3398
2104
5567
2918
4033
7550
5426
1344
968
8718
6358
4991
668
3584
2852
6147
8016
153
8787
4817
4286
3681
5598
1119
5799
1207
3393
2044
3969
3537
1541
2271
1472
5228
4888
5657
2955
3012
3828
439
848
6834
780
4527
9551
7698
385
3253
9156
5157
5505
9797
9401
4219
8967
9838
1496
4107
5464
3054
5966
4384
7324
2955
1961
8596
3554
5445
2294
848
2041
3570
7416
5316
8725
3278
2747
7317
511
4759
4238
6359
7003
3926
2856
3295
8293
5351
2652
7245
1934
3842
6294
647
4599
721
8142
2289
4618
5353
1019
8175
1703
4428
9777
9135
4118
3867
7125
5659
1083
8529
3024
6724
1610
4930
982
5479
4330
8455
6582
405
5317
3118
6755
4748
9761
7431
6999
8095
4648
9630
6186
591
3583
74
7811
8286
48
1864
3400
1261
3282
3052
8666
1792
1287
8677
516
9734
6885
3405
6444
8181
8773
126
9291
9493
1060
7377
7861
4719
9795
7347
9731
8854
834
7654
5205
9783
2047
9993
9541
5306
1081
880
2658
3911
4
4599
5388
6839
6598
9537
7268
6770
679
869
8764
6624
4057
9594
8618
9963
1931
4826
2899
708
8988
1969
4458
9181
4746
6354
9928
8231
5524
9744
3538
3391
2018
846
8952
9745
6981
7342
2734
4935
5652
5580
4990
4581
4361
5030
9736
4440
1373
1307
127
8076
4440
8880
7732
420
2676
6838
7870
4833
869
9957
5343
3107
9779
4102
5561
8644
1697
9170
9303
8943
6940
6600
2769
7206
1625
5700
516
4916
9111
9739
3746
7878
6499
659
3404
6263
3943
8394
4371
9736
4505
8913
6648
5265
5932
3895
9102
1625
1043
5950
9515
9005
4189
6945
2223
9575
5557
8704
3725
6011
2467
9213
281
8741
9581
1348
2647
9679
8058
5485
774
1863
4011
7713
2007
1633
6518
6802
379
6352
1072
6978
5808
1273
1545
1931
4494
8439
8963
9058
6151
464
6055
4110
5399
4980
4168
3551
6966
1623
6634
6809
6124
7165
5326
3300
1834
5926
4093
8324
931
6794
4000
7794
8243
1910
6915
3074
8815
9781
8616
7388
2772
3575
3536
4881
8904
1236
7377
2090
7917
257
6655
1560
9937
5632
706
3218
2
1239
4654
7821
6734
8358
8601
123
1683
8740
3141
3462
3859
7334
2087
109
9513
1461
7834
7647
1025
7548
9725
3809
871
8177
5539
3341
753
8638
7805
5389
9310
1720
9215
34
980
6490
7713
8820
3201
8210
8733
7499
3132
3961
3982
6623
2213
9253
5308
1242
314
5079
5674
9525
5212
4234
4086
1978
1180
5874
5380
7339
5748
6707
3940
5494
9901
7364
465
6145
8941
8838
4779
23
397
2978
7642
3686
3664
6844
3640
4082
1797
2771
2451
8949
6496
3348
653
398
1821
989
3781
5186
619
8524
188
3285
5031
2035
2639
943
8057
2076
7159
4540
5473
9693
3583
6276
9535
3486
3167
9067
1966
2584
1645
3570
785
9353
4798
5216
172
7372
3141
7848
3559
6983
4179
2178
6404
7417
1252
8825
3994
9140
7026
5027
5885
6052
1304
6719
2295
467
7700
7727
7756
7242
2750
7207
4628
1082
4807
6006
4160
1079
3200
3664
4495
2806
9684
6199
8531
9152
3588
6761
3368
5274
5080
1077
7246
740
4685
3415
6161
6865
1948
3469
1807
8134
8408
1925
4115
4637
3610
6759
5916
1218
4485
6980
2242
6155
7228
4922
9909
4475
960
744
3776
8382
363
3441
1640
3473
6005
1042
6400
5467
4238
5157
8022
1493
3743
6358
584
9993
7002
9691
1245
4897
5881
1332
1033
8855
3149
8176
1121
5870
1675
6291
260
4019
2859
9772
9991
8433
943
6632
4322
9686
36
9731
1854
7380
3671
6742
9076
6372
6590
168
6182
5404
3045
497
3130
2204
941
9154
8566
5825
5562
1517
3316
77
1179
7584
7185
7118
51
293
9287
1142
7593
471
862
122
3786
1947
847
1435
9773
2964
6083
9669
9476
9310
5177
5890
8774
1433
3109
785
7703
1961
3460
7754
7143
3737
90
9842
5460
4455
2231
6665
212
9536
7915
469
7142
1201
717
4517
1806
655
3365
5300
590
9194
5890
1941
5632
4889
4859
1446
4796
4309
6832
7553
6039
647
8336
7165
9304
358
2462
6524
7978
9852
3612
2367
9858
6901
8474
4749
8055
9159
9381
7413
2529
271
8002
2413
452
8711
7623
8595
1742
3471
4701
8881
5847
2115
5411
6286
5795
2048
7572
5188
4031
6003
9221
7794
9963
2209
376
7393
7833
1183
8613
6614
812
6107
7354
7385
1981
1204
7399
4208
3524
8532
4003
8362
2144
8033
5085
8958
6088
7057
8763
4382
807
2880
6206
3032
2465
2643
4190
9810
511
6297
9649
6263
1638
7140
9929
1437
4294
861
6295
743
5719
7830
8122
5496
8822
5542
7657
9620
4653
7245
5549
1332
8716
3355
5254
5095
2917
1450
9588
4644
42
8925
7409
9819
8787
8303
8110
3584
3530
8489
3156
2536
308
1896
273
6943
802
9578
8886
1881
9003
5802
120
3998
7981
2113
3973
678
9302
4234
8919
7814
2854
5054
2152
4306
6901
3249
4372
5140
6616
5844
6950
3817
8533
3927
9213
1908
4145
9363
4544
4713
9349
4373
7
3642
3905
3266
1432
3665
3479
4695
6498
626
9895
2663
6068
1259
3472
1703
7375
8437
1717
5307
7949
898
9567
733
9162
5067
8674
1116
2916
7010
7363
1652
6732
6471
5365
955
366
7257
9876
9120
3015
5109
4715
325
8224
7459
3028
6570
1240
6131
3342
1346
6914
488
1535
191
3099
592
1156
9874
6601
2853
1203
3673
3844
3118
1428
568
5145
7823
6405
3069
555
4486
2533
9012
6021
1013
1618
508
6716
8139
4416
4589
3652
8507
6198
9679
2868
51
8887
4886
6991
3624
2311
8174
7195
4615
7512
866
5310
6021
1548
6231
5904
2696
9013
8401
6595
8844
825
5915
8714
8144
1938
3502
3591
789
7585
2613
2175
3491
704
9918
4901
8684
4215
6986
4101
5121
6008
3552
648
5916
8406
4234
2880
3780
3194
4799
6870
6887
7897
4397
965
1978
7010
3373
5804
7440
6933
4369
9534
9150
9388
3986
1777
806
9957
3562
8987
5885
4856
4259
7642
3522
6515
4437
7692
7683
8026
7749
1916
3781
2773
4385
9133
760
2122
7130
8047
3839
496
5798
4116
3179
7899
4335
734
9659
5755
2718
6832
8058
8998
5216
7470
2253
4276
2861
173
1161
4004
4083
7781
9908
7525
8741
3228
4392
6477
8218
7926
8459
6833
1904
5719
7490
6936
8825
6587
3160
6961
6595
452
6233
5561
3009
66
4645
5493
5100
4861
5668
5137
3810
8958
464
7965
6347
6298
1900
6491
7907
1638
4667
5388
2847
3469
1793
4230
4762
8873
6932
5521
8071
2977
6088
1959
6442
2936
3642
9697
6277
2710
2454
8027
7637
2918
7012
2421
7842
4008
5806
4830
3639
5693
426
2452
1182
8134
7998
3092
3439
2295
3719
2874
8814
5751
5916
8751
2646
4985
5908
5485
3409
1071
5639
1696
2146
9847
2581
5818
104
2657
4418
446
737
381
7225
2085
5616
8357
7730
4771
2718
6465
346
695
1131
8776
680
7509
4875
9272
8952
818
476
7452
9399
8428
7609
8883
9416
9880
5943
4343
742
4500
3564
9947
1664
3355
5735
5314
122
1653
6910
434
9936
4422
8107
1313
467
3996
7478
6582
4448
5830
6978
3653
2071
7972
5624
636
273
3373
405
5316
4636
5696
2714
788
8340
6264
4325
8628
5879
1094
6772
749
2204
7274
2305
9779
441
544
8382
1104
8028
3104
3386
9998
8007
1731
1465
939
2940
9528
6003
2550
1020
5737
5816
8499
6995
9750
3267
9643
7391
1193
9973
3223
5810
7567
4832
2645
4130
3235
7664
7432
2112
446
5883
9951
9037
9232
3602
9828
4053
6134
5577
2429
2893
2052
5451
8709
5187
6800
8091
8095
6185
7686
8003
9816
8309
1267
4042
6287
300
1953
6810
1260
8872
630
1680
74
2594
6188
597
8072
6659
9110
5168
7655
3080
5949
7526
8349
1484
1631
6117
3994
94
6457
5643
8717
2334
2584
3038
8920
2139
9978
7219
9797
8902
9407
5718
5114
4179
1150
9901
5754
9720
6671
6084
8927
8124
9063
8834
5444
1609
6641
3747
1894
5176
9320
3210
52
2016
3985
9386
3910
8966
1712
3076
3806
5772
1547
84
3196
6516
2671
1391
3175
7692
5902
4341
7433
1980
1557
5656
1443
3509
363
4756
874
7293
4855
1860
3205
1991
3235
8957
77
2337
9941
1369
4614
5778
400
3175
5554
6194
7744
2788
2207
6233
7825
1938
3193
7618
3348
9388
1048
4299
7264
4006
5840
2158
2510
2747
6094
4474
5609
6156
9297
2067
2316
3621
6407
435
7082
5304
114
3834
3321
5644
8901
2728
137
7604
2629
7918
2876
1121
4521
4046
2289
4297
9850
1884
735
2913
3979
1586
1057
1439
5856
5588
3118
598
916
4138
4762
7231
8033
2256
1265
2149
8697
5593
5268
5717
1994
3973
9441
6413
9647
924
3511
2322
3510
4187
1002
9779
147
8402
3362
9966
6741
7226
8987
804
5218
6163
6226
2969
8765
5577
569
1405
3892
6261
365
3090
2111
5775
8854
602
9334
5795
2187
5101
7495
3399
8996
4456
952
5942
5839
8059
541
287
9953
7218
3022
4668
6056
8178
3413
9971
6166
8687
50
7335
8335
7614
3206
2475
1076
9553
6714
9751
7758
8172
7966
8815
6451
5235
6907
5449
7448
272
6780
4838
2323
7308
134
8198
1845
6011
3429
7458
8167
6267
9417
264
7670
1104
9982
9763
7489
3044
8037
74
1835
9011
4019
2269
5410
4144
4960
6780
5443
7938
7525
9374
2632
3372
1256
779
2159
3273
3367
841
4532
9801
9028
2867
7049
3987
1539
8342
4917
4147
8834
6986
7124
9549
5955
9859
9451
3111
1579
2341
3183
4683
6258
263
2957
9324
2050
5010
9827
8732
9558
6928
5744
6352
7978
1112
247
2620
1523
3260
9772
5430
7352
1494
597
5500
9252
5011
1024
4271
5424
1953
1820
5474
98
6147
5704
7309
432
8247
3037
223
5424
2496
4511
578
8814
9169
1650
8444
3629
4328
4213
2745
6516
9273
7929
4286
9355
426
991
3044
7176
5868
2976
555
9806
9058
8171
172
485
1529
1252
2815
4299
1680
5876
9376
6000
6884
2069
6616
1084
9497
4572
8985
8425
5642
1105
268
77
6109
1687
9529
7863
8781
545
273
9968
487
1337
4846
4018
9444
8375
6293
9967
5046
4446
7871
6420
772
5667
2785
4559
4570
9648
3346
18
9740
1028
8079
6490
1557
7950
6412
2254
6662
830
5342
5943
6810
7347
1102
3725
9637
3391
5848
3125
4331
9438
3345
9543
7178
4591
7778
1994
3770
4440
9988
1788
6635
6393
7436
5109
832
3248
7778
760
7254
789
2190
5674
7035
3894
107
258
7434
9820
8342
1322
4106
4188
2596
3872
5811
7824
4113
5827
9827
1132
8034
2930
1799
8648
3451
2787
9726
6937
4443
8487
1808
3540
8979
5681
1475
9365
8875
5145
8525
7925
7618
4311
6463
1887
5671
9882
2264
3047
1463
2079
1753
1798
4111
87
7177
1125
525
5007
1067
3457
8091
5453
4150
1978
465
8739
9058
9644
9851
9206
2585
978
9043
2380
4766
5270
1430
4503
7227
9568
9738
7409
2627
4184
419
386
718
8429
8561
8133
8931
570
8778
4456
8900
2815
6613
7832
842
2518
5785
2564
1225
8502
3102
4270
4608
7810
568
8424
2622
520
8516
4863
6165
9203
9593
9660
4814
2675
686
42
7346
1621
5985
8539
5441
313
7464
4449
2152
2142
4511
4393
9029
5696
2970
1231
161
4089
973
1764
4357
7770
6672
8099
9616
5683
7160
8691
2971
5220
3789
3073
7897
2101
8789
2430
3125
8850
7019
2081
922
7451
98
4280
2592
8724
6386
8580
1401
9593
4212
991
3638
8702
6286
8539
1711
7400
5546
4570
127
6822
1639
5426
5478
4462
5420
8314
3305
7291
5445
8804
9407
4299
145
9066
3656
3611
8353
1823
3061
6537
1255
4213
5422
4118
7814
6777
7506
6294
2520
7483
1194
8569
2923
2210
6132
915
845
1357
4193
3242
9298
8237
5777
4702
7949
7127
5056
7840
7611
9186
9195
5925
2929
5619
7505
4343
2648
3216
6705
3217
9591
1049
5354
5954
8691
1773
4610
6567
1661
4297
389
698
6338
82
657
9815
7089
8643
7035
7632
9210
1387
5240
7235
4928
7214
1505
8040
5408
4053
4628
3845
5936
8569
6978
574
7374
8028
8760
3195
594
6030
3707
1764
5753
111
8289
14
6675
4889
8458
1108
6100
8307
2011
7003
4397
4464
9222
801
7808
4345
7223
5238
4859
8659
8131
4468
1303
4884
9400
3868
2482
2372
1284
9164
4561
3421
1587
2373
1135
3008
8447
8697
6314
8731
5108
9698
8400
7133
6150
4297
7513
651
1339
9708
5279
4135
6623
7828
2896
1416
4941
6118
5685
9281
1303
6497
8863
3966
7612
7916
7486
9230
775
9445
8096
8011
8349
6499
9792
3469
5617
5274
7541
3927
2181
4587
8928
281
9316
2521
1319
8071
965
4886
4985
866
1255
6611
248
9
2711
8354
2967
1323
8677
7723
1695
7196
9446
3193
3904
151
7478
5613
4848
6173
7120
1389
9390
1120
3641
4806
9842
3113
1916
8245
5674
5100
1730
6229
3886
25
9149
9415
9591
3648
1916
1087
4354
166
777
1226
7365
824
2132
1151
4199
6318
5611
4044
8451
1393
2775
6965
6319
3251
6161
3420
8103
6477
7993
1778
1777
8783
7173
8421
1709
1456
9508
9056
7230
576
6587
8952
6172
928
8066
1067
4384
2457
193
8112
1622
5464
4797
5022
2777
1861
4223
2414
7621
548
6026
4124
8199
6461
4382
4786
504
452
4722
8351
3410
4719
4275
3889
9045
2167
4729
2867
7068
2307
4122
1710
9963
7190
9247
4812
229
9302
9331
583
9702
9061
3234
1360
8212
87
5774
7349
5156
2926
4142
59
4690
2117
9441
5733
6878
3789
3111
4258
136
1034
2236
5784
4753
8866
7076
3627
5752
316
5365
2170
1544
4412
6734
8909
6277
3779
51
2044
4117
3920
3744
97
3135
5689
1864
1967
9558
3000
634
5876
4677
2042
6292
6166
8965
5820
1172
8127
4290
9780
1304
9857
6709
6764
5295
7175
2113
8155
3980
8480
7785
7112
5896
7433
5628
4401
9470
3658
2611
7433
9515
4574
9640
4120
5124
5465
4244
653
2933
2515
1635
9803
7815
3876
6797
9406
3028
2266
9825
2770
8780
2121
225
2821
4934
4526
2137
750
3751
9670
7490
3607
4189
5472
2783
1488
6676
425
6780
465
1516
9864
5304
6238
1418
2023
5095
8941
4648
5341
8524
312
901
1194
3360
3655
5752
7093
8538
9134
0
2652
6433
8489
1681
902
3456
7608
5365
5444
1852
5321
1208
4225
9765
2794
224
5513
5155
2630
6720
8714
1961
9672
1141
1795
8632
2776
3634
856
1593
2244
2159
2357
3617
6500
3650
708
1706
3480
8655
9972
426
7606
969
9553
6889
5153
9401
488
8707
6325
5673
3725
6494
6008
2351
4055
8472
5634
5512
6537
6377
6230
6736
1821
6646
184
9294
8932
1347
3360
3209
2087
3350
1539
12
2584
4488
8440
5559
6416
7986
6463
5019
3794
8651
1766
6550
1239
1055
1658
3481
6075
1121
8071
4428
9793
2251
7893
4663
1353
2452
9723
9737
7505
3428
6744
234
3595
1100
4697
6103
7512
3718
5237
5104
2416
8855
9461
3778
8332
4873
4670
1387
2340
9763
9648
8210
8683
2816
3519
4416
416
7320
7735
533
3211
9263
4651
8430
2141
2016
9011
180
5281
123
2992
2068
1582
9505
4900
4552
907
771
7498
5182
5823
2981
8747
730
7688
7701
5930
2594
2099
92
547
8360
184
8063
1535
9013
4906
3139
2957
9834
3506
8236
6970
2489
3556
5034
9495
7788
2446
1710
2148
9025
1739
6370
2022
8662
6174
71
3571
1646
1757
1359
1506
7009
1306
7047
5963
197
5368
7668
3059
6437
7026
3078
9360
7751
7328
7343
9874
7013
378
4228
6255
1468
359
7157
152
2703
6995
1165
5611
2058
7139
1746
6616
1571
9903
9058
1882
7008
2421
2192
755
9975
2451
2302
7532
6256
1017
1120
5558
1027
3673
7067
3526
8398
5663
673
8113
9778
5827
8006
5135
7579
1979
2579
9179
4606
859
7871
789
3027
2377
9287
7381
958
3677
7623
2988
6860
5265
1364
2855
4938
3949
6239
2602
9816
8312
7933
309
377
7826
9554
1997
6870
2007
6014
6319
1540
272
6619
3781
5275
9945
4264
5402
8349
8828
8799
1496
5481
2601
7135
4175
2499
739
1502
8264
9618
7943
4132
236
3869
9247
2110
4045
184
5779
6509
2874
4540
3958
7497
1114
1499
5744
8
1499
9615
2014
5137
9291
8689
2533
5922
7288
1460
7103
5541
3228
6624
9277
8178
4507
18
7959
6851
9081
9862
2105
3839
7758
5109
8742
4084
7957
8525
8038
9628
7477
5712
1747
564
444
5725
4187
6319
4181
9656
6816
9869
681
7033
7554
8392
7754
6897
3666
3450
4119
5883
3865
620
2932
6752
7326
2274
7100
1927
1022
379
5145
6610
5258
8881
2953
3318
2533
6071
9856
7858
8148
2873
8426
2298
4108
4063
9201
1839
7537
5312
8536
967
5845
6632
5348
3188
8047
168
6835
8348
484
5382
2714
4423
8413
7340
4946
1021
9047
4765
9721
4348
5055
904
5421
8998
5449
5181
9627
7197
2615
1401
6111
8142
6802
808
498
3473
5045
1312
5791
9702
7604
4525
1958
3900
9921
6145
8012
9347
1225
8712
3690
4186
218
7328
1436
3052
6720
3866
6843
5480
3631
6025
4629
5729
3460
4772
1523
5832
1223
5819
8710
9971
5382
520
9057
1544
6971
2104
8549
5259
4367
3078
7351
6530
3393
1412
7016
2767
755
7129
8374
6130
5448
8871
8605
1669
9809
4556
9432
9990
4798
1178
1824
4958
3195
4127
6180
5816
6190
2397
1505
3628
5448
9431
3529
9236
7378
6799
815
467
6254
1328
580
87
7308
2494
2176
7864
936
3353
7289
4528
9646
4095
2851
5201
5582
7194
935
1231
2342
1972
3709
4450
5531
2060
8245
8917
5617
8743
5065
5557
6820
1629
233
7588
5635
563
3017
3880
6897
9788
9175
9013
9805
7284
8504
8613
5470
5375
3970
872
8171
7388
1187
8707
7416
776
2895
1959
2166
8288
8999
400
5432
0
9364
581
3727
1983
9090
8556
3792
1475
1052
9641
3034
968
795
8955
7397
246
1276
3876
3520
5310
3402
4663
4507
407
1339
9908
134
513
3005
9723
6618
4032
2581
7867
4745
6336
4771
3064
5374
4078
9541
5395
9025
9877
1409
9842
1000
2674
7226
4505
6141
97
5213
1778
7496
1459
6367
1149
7737
2820
8630
6505
3000
6882
5539
3786
512
5143
1449
1383
9207
1945
5214
2983
3017
4414
656
8763
8666
843
7645
5109
8632
3952
9941
8243
6511
7519
7916
6366
745
7866
7247
6710
8003
9127
7488
5958
7861
5006
6431
4300
3939
5871
2783
3368
8795
8877
2901
8730
869
5868
7783
7507
9156
7197
5403
5560
3172
4352
148
307
6198
3371
319
8859
8131
155
7570
8651
3380
4991
3669
831
7938
5035
9464
7067
2346
9682
7631
8920
1418
3635
5067
3585
6184
9001
3710
5710
9685
5152
795
6825
4116
5994
9905
3013
8318
3550
6249
2625
9940
4825
9674
4744
9566
7654
3930
8393
1742
9577
700
8207
393
1580
3604
3733
3864
7728
9290
2226
4189
2815
6200
211
9960
3740
5018
9849
8915
3102
1
1590
2144
6813
9621
6426
8813
8972
4494
7959
2422
8666
5936
5018
5983
1184
6608
6594
6162
2259
7510
1183
7299
8359
4445
3487
2934
1857
3971
2827
8361
6469
6889
9911
9362
5415
5540
5600
3223
3219
2067
8864
2378
1447
2692
4329
7110
4901
5343
4061
557
5009
4684
6660
3898
4219
5186
2984
5614
435
4162
1507
713
9472
6984
1161
5550
6862
3603
461
938
812
1335
8491
8548
6470
6425
4653
9196
5074
1739
2315
8402
4910
266
8733
5058
1096
1812
3051
6249
7074
7344
3731
3539
4371
1582
7336
6147
3788
5611
9765
5956
42
1963
3481
2562
6199
1535
3749
212
3097
8596
2814
8024
4181
7261
9077
5191
1250
8743
202
9739
4421
2832
7943
7017
2941
7767
6855
1234
7800
5392
6075
5246
5069
9026
3984
1923
4734
2997
4327
6131
60
8224
8303
8152
815
3243
1775
2511
4288
5219
1080
259
8024
6204
128
3372
2534
9692
9532
1556
8650
8308
8276
5413
5756
4047
585
5798
6308
258
5298
7238
9165
2834
1938
4079
177
4335
2748
7881
5715
9537
1427
1995
3805
9099
4553
3860
599
5200
337
3440
6601
439
1029
2814
1707
9996
6261
1501
7415
9417
949
4349
8619
6020
8773
489
3330
1376
208
7479
1149
813
8881
7356
7941
4005
1297
9769
4278
1243
1146
2352
9301
7699
5068
4294
2904
6
3
6650
6535
7665
6155
4300
5768
2849
8781
7520
2381
4817
4244
8601
3800
7498
1522
1716
2692
9566
4911
4627
9537
6243
5012
3258
9204
7804
4997
9794
306
3781
1742
959
155
8103
2690
6426
7989
4693
9644
2996
2555
3948
592
7182
5528
268
244
4538
7801
388
375
6247
2723
2319
8933
5942
228
5330
1045
1334
949
7721
9493
3177
5311
6817
7894
7233
9071
8493
9993
4707
3383
7453
6703
4228
1174
2747
6306
6541
6758
11
7597
499
5879
3362
7555
9229
7627
3792
4128
8104
7766
9013
4659
9763
4756
4573
6533
2901
760
8623
2937
973
9270
3042
923
6616
8536
765
9107
1663
9725
970
3706
162
8170
6167
3788
2257
1294
9822
4890
8459
9157
8734
8965
3461
7062
7035
6608
5783
6629
5332
2179
2315
9687
4739
2951
4151
4295
4212
7491
5059
9734
9622
223
9740
7906
5824
1947
3624
3829
9604
7044
7486
1694
7362
2789
3589
4604
1759
1498
7685
7444
8379
9444
2997
324
5009
8430
3641
7674
4825
5511
2738
2892
2293
3779
4299
5401
4147
8877
9685
3131
4752
1089
1489
990
5556
9807
5171
4388
5780
9743
2381
2529
5165
827
7859
4935
364
4306
4490
2125
6508
8059
8307
7675
7191
9128
6333
8543
1882
7036
6492
5520
9437
5946
7484
8378
4231
6198
3515
5184
509
650
3890
9453
378
763
1665
2848
8635
8312
4984
2163
576
5638
7625
6655
8737
7783
3570
1845
8114
2964
3009
2866
5877
9947
1245
2009
8846
5149
7057
8005
6193
5946
278
2390
4315
3854
6918
884
3917
6075
7990
5565
8269
644
4293
1493
7147
7366
1066
6622
7701
1376
82
3416
7916
6576
6628
645
6646
602
8819
8709
3112
9866
5849
9285
5383
9076
8366
943
3733
3907
8950
213
2380
2220
3049
5669
1939
9756
559
5673
1662
6745
8023
3967
9293
7986
9783
6073
5521
4219
5629
1301
9760
2177
5213
2970
9683
6570
9704
1432
9126
7653
2196
6805
894
8949
8697
2015
9191
5194
5708
9648
6661
7902
2095
2077
1578
6438
7294
3460
6836
574
4876
4927
9837
3806
4662
3221
2123
2070
1653
7020
6421
6717
642
3048
811
8540
6670
123
8479
3098
6169
3177
3801
4303
782
5936
6798
4010
9142
5627
7792
3909
3777
9488
4652
7512
666
1124
9919
759
3311
3312
9858
6725
639
7454
1336
3767
7531
5396
3554
4096
4386
9521
1165
3230
1972
4790
8672
6057
8837
7316
2498
6861
921
7038
4328
9635
6259
8124
2334
5088
5962
9271
2690
6873
8616
2968
3568
8054
2049
5326
5361
7179
8056
9735
9412
7072
4587
1774
9587
286
7284
8172
993
6010
2416
6533
9173
6814
7139
2619
3850
8856
8000
4066
1805
2243
2885
774
68
5179
6538
8465
6664
8072
7977
6101
7977
1547
5447
4124
7771
2742
6414
8308
4326
6718
5066
4884
3019
6451
8815
8598
1503
6834
2874
7983
2388
4459
2485
2345
9914
7592
5604
5905
7977
2224
482
9066
4797
3992
3186
5303
7568
9407
8708
1019
3407
2222
2557
350
7729
64
5051
5549
8763
2237
3919
8282
2952
2583
8601
5348
6236
9366
6228
1764
8780
4775
514
3715
3495
9440
6877
8676
7290
7885
8573
720
746
2508
768
3236
4996
1382
2111
6671
4701
3911
6951
5947
3569
5504
2450
4624
2386
9352
1856
9849
45
9881
6695
8653
6250
1516
3813
4174
4361
4684
9605
5388
9634
5856
9827
2104
5071
3155
6387
9439
8563
3022
7662
30
8140
899
6807
4937
93
8443
7322
7764
7292
4937
4374
2349
3539
1096
5661
9674
5949
4684
5289
5803
6228
9668
9977
4694
3284
5554
4154
6066
6534
975
9364
9741
945
2522
9270
6706
5183
3321
8520
3494
4461
985
4336
5042
9574
8230
9588
7970
3727
954
2931
1953
134
1306
8922
620
5141
8526
8378
1546
6004
4739
8203
1469
2985
6154
2320
1360
8434
1214
4996
2619
6719
3789
3235
8115
5177
8656
9866
2182
2024
3065
7925
8831
9984
860
8815
1433
5992
5742
9241
9517
9351
4489
3461
9355
8936
4964
4601
2327
8754
8468
7290
5852
8264
8493
7526
6384
9450
5148
8102
935
617
9440
7515
7313
8037
6033
493
2468
1926
5160
2789
8320
8467
9663
9504
4492
6567
5601
7375
1978
8325
3804
3534
8840
9641
4947
709
486
7879
9794
284
406
9338
5032
8056
3918
8741
9456
2590
4139
9983
9029
5885
3832
9235
3159
3912
1334
3006
45
160
4719
5318
9630
2882
3315
45
795
1478
3784
9731
6366
5110
8782
8389
9358
7597
1911
8411
9755
5313
4005
4857
7919
379
9345
8906
9195
5646
5386
9313
3436
5704
9692
4917
1715
6106
2585
3819
1049
7766
6714
5050
4119
7491
8109
5724
8293
9810
5028
969
1832
9602
9804
1231
4175
8823
9573
5009
1406
4663
4953
1913
4494
6766
3378
7901
577
8282
8448
8852
7524
6458
1466
7278
2246
8650
5374
2231
9883
642
6217
5858
3550
3040
3832
2040
3590
4149
9594
6081
2000
4236
5168
1227
7740
5445
6474
7542
7570
5475
797
2834
6333
2155
6694
2818
9953
9299
5220
5061
9742
9984
4753
7288
6389
127
9869
9271
7068
6155
9011
1848
3754
5712
902
3007
9330
5323
178
9816
2184
3005
1302
321
5241
5274
6818
9379
352
9867
7665
4005
1480
1331
7355
2482
1417
7164
7207
1188
4681
5104
8894
5220
4654
7076
295
1053
9423
1422
6240
1997
8713
1391
7700
8753
3831
3452
6597
2351
3121
6523
3774
2853
6206
7509
9780
2325
5056
5745
5140
4687
7628
8983
1340
8990
5929
261
1417
3692
9246
9296
594
2915
9463
3869
7922
538
2454
4865
289
3623
7840
3677
7917
4877
242
1754
7659
6787
7515
328
2969
2568
1005
2613
5487
9610
2680
8032
5879
6896
2039
4605
1834
589
3085
8423
7480
397
6647
6444
4516
5772
6089
5954
8485
4315
8719
2769
8883
9070
6269
1211
9973
109
1310
4083
2995
4646
1629
9120
5005
5922
6594
9653
3777
3104
5776
2471
2456
9289
9256
4578
4119
6114
536
8793
2604
2541
7919
9866
4172
855
8013
7974
1899
222
1100
7798
9451
3072
396
9745
6681
4085
9940
6760
3949
1540
7610
7818
8404
9948
5943
5383
6475
2939
6473
1112
8734
7576
9309
7863
3925
8362
931
6163
1655
70
5207
8007
4180
6083
727
6567
7369
1632
9461
9150
8239
2554
2237
5676
6448
1055
8397
132
3541
3717
8760
5016
668
1464
7564
6796
8002
6359
5945
7619
9695
2532
9354
6279
7053
8661
4318
4950
7956
2334
5218
5453
7817
2424
5946
4538
6292
443
9848
1826
6542
1812
1213
8658
6758
4137
9231
8805
3889
2458
6185
3026
8039
7039
5096
3713
9462
8489
7855
7633
597
103
5384
3878
2715
4430
7464
8121
8578
9539
4120
7433
1051
3571
2463
2968
1629
4076
1182
4511
6192
7786
2276
8551
9290
7912
1891
9177
4955
3522
7483
1321
2487
7570
7147
8408
2422
8265
8165
1491
3098
6833
7479
763
9953
7106
3209
5197
3605
4449
1802
6064
3517
8463
5332
5845
3473
4668
4424
3871
5597
9520
2482
1580
1201
2605
8626
3600
4224
633
3535
5588
9494
4725
7193
4675
9978
364
9925
4262
4637
8638
8816
6006
5030
4502
1548
7142
3031
7745
9726
1906
2199
469
3129
1995
3802
9380
4668
5637
7979
3686
2963
5778
9086
2181
4975
3425
7689
5126
9455
8149
3356
5998
4581
1230
2877
6374
7643
7396
392
6191
5303
1960
6080
539
4601
9475
3267
1632
7339
923
1305
4664
6025
1963
9173
7678
1376
103
4806
2396
9501
3109
2123
6477
2763
1672
4799
4249
2150
8919
5783
7604
6537
3882
6786
3117
5061
710
2424
965
6624
9332
9609
7551
2374
8467
4293
8441
5567
3693
1974
6873
50
9668
6210
8090
8253
3598
6783
8046
3819
4069
3944
7955
6707
5858
2924
8784
9783
8968
4628
5257
7398
9257
8122
4907
748
2901
9385
6815
7655
9654
2363
1233
8552
2523
6975
3808
7447
3947
714
6512
8019
7840
4749
7828
1522
3358
2121
4027
4213
3620
1458
8962
283
968
5610
653
3696
2133
4655
2932
4812
1701
8472
3167
786
3569
4001
731
1189
8702
8833
2855
2354
602
8562
7544
6262
233
9350
4154
1990
7910
5548
8745
3513
7533
6910
3026
9840
8828
1841
2424
3088
2355
6099
6468
5464
1980
4897
1340
2327
6058
1122
5230
9182
4401
1775
7617
2707
3176
9130
1695
4556
8387
462
5778
2370
1472
3500
6404
3419
3003
4264
424
4626
4703
5754
3798
7700
4772
8814
8614
9104
4616
43
4294
1603
2078
1289
9674
6065
5674
6594
7415
7827
5742
7268
8110
693
8946
4450
8548
7713
6230
3033
3212
2660
2415
9657
3507
2542
2323
3957
3733
9409
5879
9735
858
6342
8867
3954
1141
7445
1141
5084
4738
2027
5213
3415
198
6796
3871
9087
8804
4676
872
5956
5142
1395
9890
6693
2365
464
7536
886
2381
5679
9687
6822
8014
616
6297
3875
6695
8431
5544
6308
9359
1741
499
1484
4104
5641
5390
5305
2801
6347
8283
6845
41
8923
8582
2439
7036
6160
3133
8243
6822
612
7048
5134
4377
7468
3848
3068
7180
1757
4982
7004
6520
1231
386
216
5759
2814
5267
6973
2852
4059
461
7525
6812
289
791
3978
2038
6635
2019
5347
3396
6170
5969
3582
7624
915
3395
4248
3694
9341
7485
6581
3477
7886
7318
8606
4985
7934
9653
4347
4283
8357
8008
1258
2184
4647
196
5046
6431
3103
3178
2957
1037
4484
8869
9602
3317
4244
6734
7473
3370
4276
7185
6026
1707
4086
764
686
5322
5621
4506
5157
3293
7776
535
4684
7638
6259
880
5464
6440
6923
8555
3575
6300
1975
6158
3584
6689
2362
2165
2572
8201
8646
7388
3043
9064
4541
6244
693
8132
9047
2728
5528
5479
6757
7037
9092
6098
3243
9417
2982
5272
435
1735
8846
4663
2277
8222
1521
8132
6790
2560
7593
2950
8982
8665
3190
94
6807
5454
6357
5488
562
3371
6331
5328
6087
9220
6482
1785
5977
8114
5734
5135
7068
5011
4396
7246
806
9905
2333
574
977
9400
9818
2930
8551
9032
926
7863
6764
8352
2578
8351
6978
2056
444
5359
7230
1139
2345
9812
623
4407
791
706
5793
338
1770
9640
707
1833
245
7946
5655
6149
1259
2972
7851
1216
8249
3965
7764
1092
8946
8285
8765
5545
6951
9908
2342
2840
6408
1571
9114
3572
8567
1618
1233
3430
3067
4577
1537
6296
9227
4486
4526
2829
3558
2595
7204
5178
9051
39
1595
4345
4018
2368
1823
9118
3159
5395
8681
4520
9538
5654
94
2849
225
6914
9631
6474
4254
5616
5650
5815
4029
375
7326
5773
5235
2348
5958
900
9426
2704
5761
9050
8171
6890
4731
6509
2481
9975
2954
3090
7580
1419
6830
7285
2958
1177
5246
5018
9596
2598
9913
4110
3320
4024
9039
164
2062
7948
7464
3249
592
4774
3092
8311
4785
1091
7524
563
5380
6522
9470
8238
6613
1759
1331
2250
5173
4199
8396
869
2675
6526
4116
1895
4124
3309
5426
5583
1864
2425
7002
3949
9851
6196
2922
5187
7356
9680
2252
6962
5677
8140
8815
3510
1983
6414
3343
835
3222
4937
3383
9163
608
7798
5205
4020
5760
7677
1520
8089
9299
9726
6536
1958
7850
5462
409
6597
2845
4893
6654
3420
8337
3863
2422
38
3490
9763
9224
5839
8532
7983
2304
8805
3282
703
3482
9831
8738
4464
5439
5815
2967
8995
5536
6202
6518
234
6363
5755
7290
3083
1208
3516
9459
3706
1316
4788
4867
3883
3621
2393
2123
1669
2400
1300
5282
6008
2528
2810
14
6588
3011
3178
9839
8723
2362
3044
5902
7926
6790
3378
6573
3508
9788
8096
1410
4982
1850
383
488
6602
9415
7830
3683
1849
892
1881
6498
6659
9507
763
9510
5023
1949
9180
8351
497
5374
5044
9098
203
1361
6860
2620
5339
4787
9232
9147
1647
6121
7847
7939
5906
7836
9032
5447
3134
176
2210
7512
6814
2374
1112
6685
7334
3678
589
3050
8948
5126
7099
9745
9568
3181
4554
9491
3679
9498
3309
7959
6985
5689
8347
8849
4577
4249
7526
8484
2589
5259
3274
7409
320
6363
7249
9426
9976
3646
6607
9427
7643
7351
4383
1276
9876
2232
2755
3340
3306
6564
4031
2962
6751
6826
447
2977
4859
6176
1550
5925
7762
4719
354
9470
8851
3732
5241
9270
5078
1419
524
4045
3239
5451
9258
1902
9955
6944
953
5923
6680
5262
1956
2093
5059
2233
6347
5299
6026
5435
7452
5958
2450
4406
3455
8766
5262
3853
2670
2173
9902
1870
2841
5345
4006
3779
1054
4019
5381
1543
2405
6720
1765
6931
6026
8214
6559
7947
7894
7385
2470
919
3320
1755
8871
3094
8795
3472
1336
5986
7825
1861
3466
6149
6133
6589
7712
930
2662
8773
9692
2587
5104
1780
6764
5082
7408
29
2953
6223
2072
9674
2606
8142
1926
9074
8648
9851
1506
4348
3909
6648
8383
5589
3168
6403
5062
2147
9600
3324
582
7704
4783
8117
671
4843
1516
4640
2211
4690
6799
5685
9934
9110
5644
2042
4331
8150
7556
1220
4652
5839
6987
6496
6754
940
8067
7621
6021
8503
7664
8787
8604
1125
6543
9684
3141
3099
1051
3284
7521
9237
227
2707
7681
3446
8664
7605
3892
645
644
1180
6869
8012
9066
7054
7582
232
2177
7970
867
1275
4338
5181
2294
2515
4937
2793
4084
4152
4226
852
1090
1629
6700
636
9590
2486
6316
3759
330
3495
3284
2510
489
9543
4859
8039
9760
8115
1241
2595
4520
2196
6489
41
1859
725
1420
9656
4461
7106
4021
2410
638
7434
3521
1257
2020
5488
6566
7174
6375
5731
949
9863
6205
4184
3812
8703
3253
8871
4778
1660
2418
28
830
9492
3213
275
8191
9872
7558
1698
9733
4137
4163
2971
6803
4096
5594
7602
1737
409
6562
99
7571
4793
9803
6209
1452
5596
6764
1639
1106
4517
9735
4030
4450
6110
3709
540
5807
6061
744
9968
1359
1809
7790
2506
1429
3788
9532
4039
4525
4137
8018
8665
5289
7190
7518
854
3835
110
4397
9015
6048
209
2050
7183
8121
5467
7124
8801
5280
3683
9380
5981
5354
1074
9348
7727
5060
7887
5181
8530
3535
2712
6131
7472
3790
2908
1874
626
100
8255
2645
6759
1957
1994
8280
7221
2631
9029
4905
85
5377
5326
8489
4408
8912
4505
1594
717
9726
7479
9596
3771
5889
9063
5824
5171
5278
4126
9890
8200
1779
9158
4785
24
1003
5059
889
4248
5794
3103
5591
9283
2820
4987
9220
3991
3475
3617
6412
5515
5949
2472
7820
318
6700
778
5608
7540
53
83
8543
5117
2873
6285
5627
4360
4526
4008
952
2504
3010
5179
4227
3238
6111
1508
8833
5647
488
816
2904
4265
9122
720
4644
6963
928
327
9908
8080
4616
1615
9983
7130
370
4286
3641
9589
5077
2012
9989
2378
6908
8431
6733
1931
8576
7827
6568
7585
3739
1569
3281
6128
1601
3389
379
7997
4694
1153
4680
5550
1392
8162
1942
608
2338
2750
6610
8946
7184
6013
9834
9733
8453
8366
5902
8057
5546
6226
366
8740
766
2843
8412
1854
4444
8407
5543
2437
575
5826
6531
3926
9398
8071
7309
5019
5977
6085
8346
5326
2885
1493
9750
3908
807
1277
204
464
3420
3060
43
6570
9843
1750
3842
9536
9047
3827
1140
5966
6570
7961
7813
5565
3942
1359
3145
6533
7415
4542
5749
1741
6498
9620
6350
6179
4652
4357
5295
6457
3361
551
3914
565
5977
978
1770
1789
3178
6600
2091
111
2177
8804
5721
2609
8267
6796
445
2387
8860
4534
4342
3611
4739
6576
7090
3743
4189
1293
6755
3814
2135
1751
5037
7460
4108
755
2955
1000
3724
7110
9934
3034
274
4982
7349
9505
2150
2015
681
9023
9599
1117
1492
8951
6562
7391
739
5749
6672
6333
780
8999
6569
9392
4068
2177
9190
3926
1971
5436
7027
9104
768
5480
7696
6687
3518
4783
7182
6354
2592
2588
1183
1902
1779
6711
5700
9302
8823
91
2623
6514
4006
6664
4581
1081
150
1017
8219
6493
9226
272
669
7973
864
2589
4225
1256
130
5020
1096
8818
490
3691
9613
8907
7957
7753
3503
3312
1401
6497
2755
3369
1809
3270
904
1020
4749
8944
201
6004
8430
4771
3338
9756
1277
9200
6579
1368
390
1236
1946
7195
3835
4028
4894
3417
8305
1347
3392
9488
3297
9809
3988
187
5220
4585
964
8026
9286
6542
678
3832
8720
7502
9327
4761
4801
3192
1919
6039
7717
4807
4487
192
2058
7774
4416
5097
9512
2185
7194
8890
6755
3801
5330
4028
6827
1040
9964
6983
5202
528
1601
4793
670
2454
9025
9302
5085
8625
3
417
7430
6890
8508
9150
9577
4322
2116
6223
6512
1353
4677
3415
7721
6766
6535
6945
1114
2714
3284
3399
5725
217
1507
1670
8525
3747
9783
9405
7082
3200
2211
4695
144
2622
7265
8042
3404
4223
4645
8074
7862
7821
1803
4419
3284
242
7697
5128
8462
2692
4735
4011
2683
8125
4215
6056
5258
9099
9118
2130
7506
6088
8206
8158
825
6735
9962
9356
4671
130
6975
4516
6994
7036
6922
3439
5346
4815
5789
2011
5758
8524
8738
9481
1335
5432
8905
4621
9669
8729
945
5672
1375
570
3127
1278
2677
6549
157
365
6934
4121
840
7250
6911
559
6201
102
5518
82
67
4540
5900
3588
8268
3647
9744
8419
2887
8519
8382
4644
3572
9197
4373
731
2932
7673
5664
2197
4471
32
6311
1599
2041
5605
771
5457
1222
9548
921
3272
7061
5000
4426
782
8291
6438
6680
340
9996
888
6739
562
7063
5177
3909
8273
9768
8881
3526
5808
7808
1036
2053
1568
1671
7471
5900
6829
9489
5958
1210
1514
9124
4415
7698
7704
7070
9679
5632
8950
7441
3249
7243
6974
3433
5057
7564
4915
236
2661
7536
7361
7795
4535
7376
3501
7779
7942
4214
5331
7623
6101
249
1189
1559
1500
8709
1521
2448
744
9458
2136
7766
7898
4745
8477
5129
4341
6565
9636
7340
9348
6148
3230
7301
3203
6555
4237
9372
8040
3472
3672
3271
4815
3687
8264
6953
7944
4453
1120
7587
3325
6450
9182
2435
7636
4495
9850
4775
7326
2983
3676
1120
2328
3973
309
7275
3846
116
5721
4531
2718
7516
7023
3887
4174
9094
8375
1281
4496
5154
6305
2702
6060
8553
5406
3117
6217
9532
743
2689
9612
1385
8221
9842
9657
6157
2851
2332
6202
5280
6951
7183
4763
8441
9238
4801
4588
8324
6302
2460
1793
2907
5363
3133
1949
2087
3507
4669
1903
5692
4414
909
2413
6869
1427
388
8786
494
4874
5144
3410
1857
6256
8007
5840
2491
7732
2006
2757
6122
453
5915
6741
9582
159
2854
4033
5354
9289
2589
4397
9111
3440
266
2553
8626
789
216
7682
6517
1606
925
244
1793
4619
5564
2920
2560
7330
5305
5732
7273
3065
3181
3646
986
8027
9074
6624
4014
3094
9555
2796
8183
5301
8689
8948
9317
607
6996
4313
7593
2267
9628
922
3164
9332
3645
4508
1327
4370
2508
313
7345
5924
6936
6140
2858
193
4918
7541
4926
6101
4370
8431
8018
4927
7318
5349
6310
5880
5590
8861
9984
7707
413
7287
8838
278
437
8523
997
5524
3417
1149
3048
9711
9082
5441
7956
8487
1054
4809
9839
6022
3084
4050
2516
8708
6770
3226
3471
6532
1103
6377
5996
6220
7981
8706
5910
6538
9727
4217
6770
9532
8600
4677
6182
2026
5809
2580
3332
9171
4392
9125
3380
6641
7322
7894
2608
2814
3867
1433
1150
6502
9294
4833
6676
3132
5941
3353
5053
5645
190
5749
652
5247
6880
761
885
7972
3570
6956
8166
8226
9393
3949
6642
4097
9489
8786
5284
4042
5866
6585
4571
7906
9387
947
9688
4896
8368
2291
8561
6808
2527
9795
9000
4666
2846
661
6036
2581
9949
4109
8148
5256
1708
6608
2995
675
431
936
6705
8142
8314
5963
2564
571
8982
9323
6228
6462
7818
3352
1471
7871
9958
5318
4584
9116
9433
9042
2046
29
4924
9828
7238
2098
6007
3361
1569
3261
8765
9685
3421
9605
3057
3230
6786
7711
7635
1464
1459
5236
8444
5163
3966
8343
3390
8452
8194
9421
516
1244
9062
9387
3299
4551
1230
540
5631
9145
4046
3540
6299
4381
2443
1569
7215
1985
8636
147
7855
729
5644
4071
4483
9442
2689
7721
1012
9551
6873
8638
8561
4060
6464
9318
4422
8268
278
4185
8527
4958
2797
2790
3019
2184
994
6629
7581
9982
8302
4515
6855
6111
4056
7751
8028
1803
8585
8317
8334
2685
101
5110
2307
8632
6366
8213
424
2062
4297
1072
253
2063
729
7421
313
1600
6699
4664
8626
2773
5099
585
4652
8795
3834
5850
646
8231
3657
6034
7398
9959
507
9171
1585
5280
8411
8040
2238
2795
6770
5109
2758
4850
5666
5421
3710
5434
2706
2581
1187
3819
5268
2569
3485
8088
9691
2746
3721
1651
1081
5077
5924
6709
4646
6428
4822
6749
4398
464
6296
7538
397
9355
3920
2111
1680
9825
5999
4979
6399
8977
9504
9801
8406
2138
1424
3249
7588
8763
7377
1508
568
5356
2963
9928
8281
1587
7368
2333
2033
338
3191
4897
1668
9187
7585
6443
4438
5243
7213
1038
9903
5986
3133
7157
6100
9160
6298
3665
5153
6391
7630
6095
757
9144
7665
1237
4396
4626
9327
3077
5944
2053
7004
4467
8867
5667
2787
2587
4033
3492
4984
3006
2074
2871
9848
2207
3934
410
4316
4937
8497
8115
3127
3157
3180
4031
4039
9425
8311
9600
2127
9937
3056
5843
9767
7894
7405
2022
1896
5480
9721
3874
7591
8472
8033
8950
2916
4100
1470
1828
7410
4324
4188
7752
9105
3229
8513
2543
2999
696
1859
6358
9856
9856
480
2199
4506
4454
1754
4504
4772
5143
9487
3065
6811
1947
7618
8214
5637
6617
9840
1912
42
1073
788
7651
4607
3344
9657
7546
6743
2149
4148
9062
3000
4288
9353
3653
2334
1320
6286
36
9770
3373
7350
726
1371
3030
7113
4348
4483
3854
7817
4926
1550
2950
4476
8813
5836
2468
1338
2168
4658
6137
7155
804
2765
2480
4364
9918
9713
9447
7982
378
5989
8859
7569
7884
6529
47
6232
3263
9519
5264
1312
5304
4295
4504
6375
2699
182
9890
7036
2905
974
6277
5820
9751
8317
4033
9209
2996
4522
5722
9615
9357
5542
2523
5023
8388
7938
8364
9973
723
8157
6177
2878
2883
3110
6763
4987
4381
6885
97
882
5666
5537
5912
1370
6651
3532
7807
2494
4117
5942
4896
57
6114
752
6013
4065
9450
1630
2095
964
3304
8784
7674
8378
9331
9520
6588
5077
7891
9957
6918
3178
9185
5327
5070
7579
199
8802
5354
7416
6919
4241
4688
9299
9311
4520
442
3550
2105
5110
5729
8270
7607
7231
5093
5236
4393
3049
7461
1662
2400
6158
3093
9821
5092
3254
3036
5006
9504
4451
6517
7201
3537
8551
4853
7950
9956
3536
358
5084
3420
5675
1248
8277
9077
7350
4319
4112
1687
2026
5170
5198
1097
6805
1765
2772
7956
2961
4165
3408
276
4962
7411
4329
8498
1943
6759
1439
7350
421
2704
6374
4363
1901
5730
3612
2293
687
373
7484
2794
3063
3364
5547
6732
9396
2306
1737
5155
8313
5071
2136
4908
3805
9553
5440
1307
8679
2247
5011
3070
9784
8933
3623
7862
6033
3876
9391
8718
1357
6441
2166
2993
2129
3487
3464
4032
1984
4419
594
4624
7814
6135
3463
6810
4327
3466
4849
563
5083
3496
5044
1244
5308
7855
3193
5163
8552
2599
7519
4352
7914
5713
6059
1049
8527
3510
4533
5103
6853
3396
341
9762
2125
708
2807
4967
5418
5511
9495
9353
8925
9527
5303
7431
7070
9562
8654
6054
9878
1109
6215
3804
3027
5238
7335
9622
9401
5785
7470
1717
626
6813
8293
9643
9675
4908
2462
9056
1724
5029
9340
613
4514
2699
1681
58
1479
6412
5012
7398
4843
9330
4928
5295
1213
2595
2530
1839
299
4774
3857
577
6328
7641
2814
4220
131
8851
1651
5326
9644
6796
9196
3236
7876
3912
6058
462
368
2940
9324
772
4800
6050
8731
3163
5971
904
1809
8467
1520
177
8498
7049
9731
3547
3194
655
4359
6876
1670
3007
1551
9031
2331
5006
2905
3081
3389
9223
3782
1303
2236
7914
7747
5909
7030
211
7064
3999
7396
1255
4775
5736
3882
2388
5058
4177
8245
9397
3274
5485
6342
6248
3196
4639
254
7851
4999
1471
5816
7373
7173
8258
5336
7369
346
2445
3314
1800
6677
2599
186
555
5045
3461
5
9980
1288
5144
1120
7648
6400
7174
3326
9744
7758
8008
548
6751
5096
5625
6284
1798
5456
7663
510
2101
529
1572
8732
3461
6253
4306
5329
6507
8575
1933
2474
9788
6196
9498
2261
4727
5586
896
1233
1973
4091
5539
9352
6230
7536
6836
2410
267
8307
844
5103
3048
1004
4775
2475
2337
99
1447
1773
1857
9240
8450
3890
785
4213
2729
2828
3238
1603
6839
3423
2130
2177
4394
7660
1569
7805
626
6106
9581
1242
9322
1180
997
1192
5909
5455
7961
180
642
3431
411
4144
519
6162
3671
2509
3663
4673
6320
8540
5745
2363
4164
9618
2320
4354
6030
3032
4923
3476
9175
2755
6988
1668
8631
2208
6131
6063
9472
7186
225
9559
7701
3978
7490
7121
8443
8264
8906
2372
6523
530
6719
1672
274
9522
8338
6785
1721
7112
1425
7859
422
7680
4638
6351
2994
9206
1923
1881
7981
5942
6731
433
9890
8886
9475
1221
6459
8393
7923
5977
2847
2085
8574
3470
8896
9980
6620
5945
5959
5432
6165
5744
7214
4009
9205
3741
4952
7274
2271
9720
7465
6523
3475
3301
7532
671
7412
7205
9962
8870
8489
9573
5741
2346
8581
829
6355
2279
8038
7089
9701
5787
5912
6905
8029
3851
1689
5388
6992
1585
7917
5878
6061
5027
3451
5742
4922
3150
8315
8784
2431
5437
8046
9464
9191
1873
4759
8117
9313
5469
9159
8120
4639
8398
4288
9499
7157
444
8188
3989
8020
1035
276
8951
6971
4235
7989
9289
3788
3058
5931
2268
9548
6570
3330
5513
3424
173
3484
1697
5634
9658
1512
3924
1277
3146
2131
974
586
1959
3317
3928
153
6720
7673
9628
1854
8675
7150
9944
2582
1733
4410
8806
7330
7828
2744
7429
1537
7929
7974
2255
6564
9323
9350
5874
9914
5374
5497
1829
6303
6623
949
2448
4108
4396
5492
8376
8568
7989
548
7897
2197
2606
5306
1490
8716
2639
3839
1549
917
9398
10
5329
3642
6436
4556
6723
4712
6847
6323
5713
4511
9365
6783
1174
1328
