6022
6220
4689
5515
1506
8033
4462
8441
6871
4424
5344
6417
6038
4719
8550
3227
5085
7891
3945
2211
5958
2389
4968
1616
4557
7381
4377
609
5394
8157
7817
3761
841
5158
170
8067
8959
596
2893
6719
999
3060
2217
1374
3463
3108
2340
2587
958
6323
2470
4210
2076
2181
7130
2069
2387
7940
2828
4712
5260
3816
1887
1279
9369
4168
671
3847
3442
1229
9677
9891
2932
7864
7759
663
1054
1730
6272
1903
9685
5940
6806
4127
3281
253
4563
1471
574
4808
5908
1255
166
7050
6538
4737
8934
5089
1929
8348
9509
417
5099
1723
2518
1379
9263
8232
5377
8876
1242
5745
265
7996
8392
5188
9216
9083
5982
7445
4681
6741
1841
8238
4835
195
7668
6397
8758
3536
4927
2088
2642
7330
3468
8173
2524
8554
1909
1374
4237
1754
9918
5777
4951
6277
1183
1300
4656
5522
7284
1012
3383
6993
758
6427
9593
873
3903
435
9494
7271
8841
3829
9073
8775
1371
730
8085
6223
1570
7337
6213
2091
1420
6970
4851
3456
9379
7990
9943
1222
6912
9397
7991
3875
1346
722
7149
6998
8448
8849
7168
6238
9008
9108
1250
7935
289
9197
9701
5742
3927
3065
5408
3625
7895
1059
847
9479
607
2110
7372
127
9617
7161
5968
155
9988
9195
1846
5587
3801
2389
5485
6624
782
1102
2734
5783
5969
7343
8479
8007
2784
7196
9098
9010
177
5928
6426
4910
8501
122
3831
2722
2655
6281
209
5207
5295
7496
5348
867
4299
7332
7804
7091
5239
8867
1345
8608
4760
6924
1766
6399
9940
975
8490
129
3760
7572
7433
5792
6509
975
1467
2527
1975
7214
8069
3923
8800
4086
1113
9356
1525
7787
2230
3789
2875
4263
2878
1881
3025
7724
5272
8926
5860
2488
2892
9961
2778
2725
8466
8739
594
1742
3551
6248
6590
3669
6738
6271
9973
5010
8968
5322
1783
9101
7940
1763
1287
2575
3493
8147
8271
7059
6592
9884
310
1391
5411
5789
6959
8740
4616
2275
6314
8921
2084
9848
3008
4610
2014
6224
4299
579
7405
8457
9043
4704
9895
4587
3956
5989
3778
6516
699
1048
1546
7553
3282
7481
6805
1794
2337
9978
6683
7328
571
9334
39
7711
9357
49
2361
6074
6674
7
6542
4020
9437
2474
6362
8303
2006
3943
7292
3010
9118
3257
4576
7727
8489
6071
8779
9316
2353
6177
1238
9809
387
3519
4843
943
4333
9815
9535
4355
3135
2707
4056
1534
1221
9282
70
3068
9134
6891
7045
5668
8873
379
2974
132
1382
7224
4868
767
1632
1006
9912
6000
1599
7147
6491
6614
6396
6627
1886
1761
3214
8046
1222
686
3129
7669
8007
6963
9546
6885
7040
527
6731
17
6250
665
9735
199
4992
3768
5410
6278
8281
4209
4595
2332
8986
898
4054
3219
5239
6985
2150
3341
394
6297
9785
8085
7448
2830
3786
8970
9082
8662
2011
8668
4574
200
2939
4920
5523
5297
7449
2676
9797
886
7869
70
9071
1558
1164
6418
1217
6887
6382
6641
1517
1570
3914
110
5360
9858
8079
4151
3076
1468
9431
2843
271
5540
6006
7593
9286
3965
9366
2448
2424
7683
8047
8387
379
3821
2786
6808
4713
9185
6807
6171
5854
2991
7178
6070
7206
1367
7412
4179
8405
4902
9212
4094
5741
1179
1212
739
1635
6469
6363
4395
884
6143
9892
9537
8538
7702
7653
1161
380
1621
9503
1403
4041
929
1013
8887
2301
9992
6279
8478
6652
377
7874
863
5498
8392
6539
4713
141
4846
9625
8237
3696
737
6445
9169
2278
7627
9040
6778
8278
2569
542
6027
2378
300
8149
1820
9058
6927
7923
5499
5977
6218
6803
1587
1473
3630
5989
8404
5609
9987
9864
2260
5836
2623
6485
5111
1739
3573
5981
5950
634
1801
4598
8385
9782
2685
470
849
9964
2795
5996
8852
4161
2591
9930
5684
7686
5813
7214
9823
4616
7023
1200
4599
9330
760
4283
1802
3871
6030
8136
7072
1984
9016
2901
6400
7724
8018
7556
4216
7510
4162
1538
6301
4904
4904
7091
4223
6101
2869
501
1128
5458
5901
2515
3063
1586
54
7683
8006
6115
8805
6771
7453
3033
3607
234
2610
8154
8788
2077
9857
871
1691
9212
9286
9120
3283
8582
3220
9186
1988
4007
6199
1964
9086
2830
3826
4295
8384
1647
1253
1842
1469
8372
9621
6887
1613
2857
4226
245
89
6431
8974
3036
8099
8363
9045
9980
7928
8569
5540
7391
6446
6673
6322
5960
8184
6793
8168
2169
5988
2776
3971
3070
664
1713
4073
1588
4990
8146
9611
5635
4834
2499
3258
1339
5175
7500
4285
4033
531
2852
7014
3268
344
4223
508
8680
2371
5213
1763
5927
3705
1389
8958
3364
545
2308
764
4521
1247
9318
1364
4570
651
5312
5599
1543
585
2584
1761
5004
9432
731
8555
1074
3630
7585
1827
8676
9990
9948
5150
4083
6698
1925
8683
6932
7329
1897
8631
9450
4297
5045
3175
5861
7120
2988
9260
4317
9507
4513
5
4743
4066
2822
347
1447
3975
2829
8388
822
4048
666
2036
8433
5006
1461
754
3715
6155
569
7021
3285
3091
484
2261
4007
6854
9516
3630
10
301
8825
1210
1028
9407
1385
5198
8893
8926
4018
5081
5491
5611
1221
1938
6248
1086
8653
8251
1200
3625
5499
7233
7611
7742
8446
2928
8557
4824
3296
8440
7333
3916
6747
7340
1500
8124
1348
4529
3341
9661
1314
7292
3010
2691
7392
2224
8819
8935
7623
9952
4301
2652
5497
3890
5215
2409
6731
7290
695
7797
6941
395
9903
1581
8394
8572
3391
1725
9097
9796
768
5524
7194
140
9921
3869
9996
2929
2985
784
2264
4333
959
1927
7411
3248
1880
5666
4520
3944
7252
9430
6515
8756
3463
8830
3151
7038
7788
6746
1966
4459
3214
4912
2723
9181
8882
5824
6773
7796
4829
6865
8665
308
1565
5089
9421
4503
7916
1821
9178
3301
1445
3884
3617
3865
3615
472
104
8155
766
6774
1812
6134
2049
6438
9789
3968
944
8766
8561
7593
26
687
2699
8080
8842
5018
2463
129
1298
3957
1045
880
3180
5606
1121
5174
8484
297
5091
2001
82
5836
2974
2958
7452
3784
4978
9414
8802
5769
7923
6988
9018
7941
3065
1977
6314
8340
5426
5536
8949
4749
3365
4587
9194
7123
1220
5886
245
2249
3626
7534
881
790
4313
6470
1724
2414
1557
8423
1930
3681
7882
8448
9863
7181
7414
9720
1400
5123
4257
7764
8561
4266
4969
3124
4350
5097
8185
6552
5297
579
430
6852
2722
7168
4043
2374
3485
7883
8290
5492
9511
3757
1527
7619
9064
5726
8671
8940
7657
9223
3244
1913
3307
298
5437
7381
3315
8622
3427
6900
3334
7201
5865
7051
4035
4026
8149
9397
9958
4943
6945
8419
7350
8053
4320
9385
3805
4722
3367
6967
9012
5468
4444
8185
9738
1983
4071
6051
7590
8390
3703
4480
3958
7041
7447
5784
2140
1736
5268
6037
3301
7723
1357
6228
3145
791
1517
9089
538
8880
4906
8926
9959
4831
824
3511
682
6987
9784
45
1344
1255
5286
6291
3777
5259
2439
755
6455
872
3561
3313
765
2298
8861
3116
420
790
1454
9178
9193
4347
8349
6464
1987
1694
3927
614
5482
1476
6888
1138
3658
1490
3943
9876
8975
8287
4449
9748
2013
9298
4060
1159
3166
2929
7476
3368
1912
1481
2867
2081
5350
2265
6395
7942
3326
1773
4682
7481
2149
4192
2858
9927
8503
4785
6124
5248
5178
6241
4841
9847
7751
9330
6008
1908
4007
9667
3915
3294
2675
2493
5999
7439
8006
3130
5349
332
5995
6288
7668
46
7864
119
4095
9086
4309
9448
3308
3691
9636
5410
1828
6678
3529
948
6575
5828
7420
8063
9952
9972
6822
2539
2983
6081
6898
1578
4892
1505
5595
7382
3841
503
7719
6150
8423
8020
2316
9326
9708
1063
9129
1608
5375
8091
3494
4579
3077
2674
9928
5984
9623
5422
7156
8069
3595
8913
9613
1404
4675
7894
3716
793
7204
6264
8143
80
2394
7566
3968
9186
8894
1135
4924
6270
8790
6304
5013
6267
2738
2700
1584
3621
1096
5998
3169
1636
6619
9887
7213
6831
5281
8377
8863
6089
8887
305
4320
1029
3761
9775
4489
9164
606
2363
8201
750
7699
6046
7128
9742
3377
7355
2463
5354
6217
7734
7201
8679
2344
8650
4921
7178
7525
3524
3152
4191
6234
45
8628
2122
9839
384
749
7486
7565
3677
9885
7028
7792
1168
7725
5118
6373
5201
6438
2138
4741
1135
37
6120
4894
8841
4985
1448
1452
500
4356
3497
4041
6054
2557
6237
2039
545
2658
1189
9313
1043
8847
7200
2050
426
5997
8672
8981
1247
2968
5755
7795
342
5665
6205
9387
8668
4097
6813
4160
2323
8475
2743
4998
2958
159
279
8941
7590
7333
7766
2880
5140
2930
7214
4144
2230
7857
1916
1017
7263
1920
4155
4458
9088
8154
6908
7327
7195
336
1279
6264
9609
9240
5130
1752
9661
7064
4102
3473
9283
5148
580
5732
5119
1512
6797
4992
1224
8230
3829
1959
3934
7491
3346
9665
3685
7672
4416
5245
2335
5738
8645
4584
1928
5473
749
7681
698
4765
5366
8037
200
5949
2029
6629
8163
4565
2559
5984
5924
5217
292
7680
1900
2506
1446
537
4885
8624
3248
5821
2981
9968
1326
7135
4800
4375
7633
5560
1132
395
5311
4827
5851
341
540
1928
6200
6415
3606
5939
8186
5883
363
7598
1470
1297
7204
2387
7853
9042
7895
6428
7076
2228
211
2771
7902
5267
3255
7073
6267
267
4690
3597
8424
8457
3683
4469
6339
741
7178
4674
6892
760
6585
8285
6480
2970
104
3730
5197
6815
9489
8570
7998
4820
9218
9960
7836
3496
4072
2318
3828
1498
2221
2443
7601
144
6682
4817
4716
7618
3620
8775
8726
4200
7957
5407
6320
6920
3927
3061
3918
6674
2416
572
2711
8623
8485
4969
4243
553
7108
9083
8342
5809
6857
304
6674
4206
2370
336
7797
796
5621
7656
1077
6060
3204
7381
4186
5064
319
4615
2769
8202
131
3249
7149
2325
2226
7074
6761
176
3830
4262
6939
399
1000
373
1140
2233
4386
7626
2353
8017
1477
4415
5699
799
7277
9451
1920
9991
8408
5417
8281
923
7822
9332
1791
8290
9990
1043
6403
6435
8128
798
2083
423
3852
6239
6262
7244
3399
9701
3387
7916
9511
4384
2920
2148
3414
47
6908
2489
6582
5470
5945
3570
4214
5379
7123
8535
8356
7212
7263
2544
8702
3607
5719
132
4141
5278
783
4316
4488
9124
2320
2613
5453
6890
7686
4139
2602
6986
3406
7580
6068
3482
2142
3611
777
6909
6633
1000
243
5664
5752
9554
6616
3692
7207
4601
8226
9002
4353
6546
7543
5864
2630
3135
9881
1549
325
7681
3910
2306
6993
7855
9842
6244
7563
3549
3254
7062
9692
2758
4669
3762
226
3132
8839
6988
5815
9547
5493
8519
6360
6658
2501
3794
990
1134
4467
1444
7057
3504
9575
6419
8215
59
9675
367
6639
6453
5273
4803
6212
3030
3062
3606
730
8126
1142
7223
2260
1234
9636
1184
4298
2938
6011
4496
9535
8664
6691
1900
3147
8566
9887
5076
4600
7372
587
1410
1607
5114
1174
1389
6947
464
3912
9691
3891
9635
1208
6105
2718
4459
6723
771
4551
6565
7183
7105
6296
1596
2283
1414
1552
6167
3378
9896
2363
5488
3439
5316
7853
9346
1425
9551
7150
6048
3981
145
3177
3441
5858
1766
5561
9559
4403
947
629
4864
5780
5975
9341
5343
5629
6584
8953
9017
7329
9047
3905
5436
8112
1467
4969
6412
7766
5124
8542
2384
1531
2917
625
8204
6331
9787
3718
5981
4722
8066
3811
7527
3719
1218
9664
1052
2648
785
6799
7594
2008
5731
5495
8612
2717
1204
6413
3262
5185
5621
892
4339
7180
3975
7114
7025
8246
6152
1849
5303
4426
8291
1254
4014
2704
1808
3538
5691
2660
6843
7049
3549
3621
4163
749
7508
1243
6912
9647
4554
3603
6001
4059
4547
7283
2028
8280
7091
8047
8594
4979
9309
5695
1947
6496
8162
8327
4726
3614
1524
8524
6611
2939
9975
7339
6521
1127
2863
2567
2377
6451
1414
9006
2915
9660
9725
6525
9993
7953
272
9879
4568
9274
7515
5952
3264
7428
4477
5549
6671
8982
560
537
3482
5530
5154
9038
5296
1722
3353
3643
7884
5299
1231
8524
2522
9455
6578
7782
4024
4591
7564
6861
7673
5870
7595
3355
1554
8251
566
3817
7566
2898
4715
3272
7614
2105
557
7612
3959
2486
5392
9319
2930
6000
850
9691
6222
3923
1680
8036
3001
9977
5562
9127
8551
9995
5826
6113
6175
7813
231
8307
5625
548
5638
9404
4607
2436
8595
246
937
7341
7030
6900
5247
2733
7631
1009
2046
9146
6200
6809
6087
2495
9930
4672
564
8412
7271
645
5079
4094
4796
6570
7879
6570
7143
2760
2139
5327
9381
4023
5075
4044
1464
3596
2188
7251
7581
1426
7185
5973
2529
6972
2855
3177
9844
4305
4684
6387
9655
4071
5016
4491
1929
1860
9607
2615
3069
6748
4298
2008
7792
5234
6491
2440
8833
1384
1027
9916
1354
2713
5052
9574
3071
4414
945
3732
2076
2079
2853
7657
5385
301
6883
8589
610
8137
8220
6241
4067
7343
1218
9231
9490
6100
7337
817
3438
7922
9019
397
4723
9167
364
1850
5188
1092
6313
8361
1808
6656
2126
9256
8352
5184
8562
3065
7267
5498
2870
7763
1916
7717
2728
307
6232
4952
2188
6466
8168
3792
2377
2013
25
4957
5598
6822
2490
4345
2593
3377
4186
1815
8857
3503
962
7364
244
9563
6470
1437
1121
5776
665
5839
5736
2657
4882
6994
4105
2769
2780
3704
6020
3600
6320
4558
9658
5211
2836
8523
7213
6366
9413
8469
8435
9594
4357
4518
7234
4219
2800
2548
7167
2217
5312
5870
4039
8585
3564
6943
1906
7822
8367
4046
7553
1346
4763
2980
1632
6742
5287
3942
4040
4232
7009
4184
3978
8699
5214
7376
6847
7487
3089
6300
5014
7175
6237
383
3448
5213
494
3317
4182
8580
3518
9631
1458
7636
1036
3269
2518
556
2180
8661
1196
789
8362
4769
2146
4413
968
226
9082
9859
861
1095
7901
5329
5393
7446
5670
4958
473
9861
8704
9135
1432
1545
3832
891
410
7458
5730
4432
731
7606
9071
8983
8947
2866
595
4622
3200
1263
332
9977
7968
1716
8501
5807
3527
1702
8518
1532
8294
9639
2815
8749
1368
9442
3167
4562
9356
122
9804
2622
2343
2404
1929
4826
9915
6964
1457
1383
9459
6271
1947
8625
2168
2489
3281
7908
2818
1322
7029
143
7652
6315
9707
8208
2064
9689
4782
2874
8711
8475
6711
406
8287
2238
6034
8547
9852
5895
4881
6905
1656
7983
7077
5139
1322
5334
7064
2339
6876
4259
3001
4287
8054
2285
8872
8572
3232
6378
5527
8902
2313
4063
7629
4082
5752
3841
4535
7457
3824
2677
8105
1787
4474
8176
6051
1250
9866
2357
9163
1984
907
9326
1191
3588
9881
9248
5584
1427
2117
6594
3728
2548
7756
3086
1165
6119
8665
1999
1474
277
1005
673
6656
8839
5108
8126
4771
2111
3494
6498
7051
4010
8663
3896
2420
3981
3727
9875
6637
7289
7121
1733
6238
9776
4730
401
1683
8893
987
9699
4692
5251
8520
1759
2682
694
353
1791
4303
2102
1342
5146
5844
434
1214
6992
6445
4766
535
4503
6217
1831
4913
6730
5477
748
2280
9568
597
8840
6358
5618
3631
8675
1278
9404
6990
7797
6091
2602
4502
454
4326
8631
2673
6848
8760
5856
7541
8010
9183
9495
3768
3433
8771
3263
922
3379
6829
7077
6183
781
8125
7081
7602
7757
1677
3246
8212
6468
5732
2994
8835
6928
8306
9605
5271
9121
9527
4156
5123
8493
1708
4822
6234
1724
4157
7686
8485
548
5975
1033
4265
6891
7812
9290
6871
2817
4238
4909
5679
7333
6791
696
5374
977
2388
7805
4447
6660
179
63
2321
4408
6463
4867
5976
3194
8112
8205
3853
4314
9347
2445
2679
4219
5547
6859
3136
5924
1187
5835
6258
9642
2249
2513
5269
5191
4655
2028
7039
8898
1157
2251
5931
7025
3185
9537
1472
3629
2210
9437
9466
3775
8926
8885
3441
8473
3689
9513
720
7849
862
3177
8065
3322
3724
9048
6879
9588
6204
4333
8573
8363
8806
999
7480
8532
2807
1210
5279
6548
4592
8802
8613
8363
8010
749
8196
3704
6076
5368
5588
4047
8097
5626
1300
55
1513
1159
8966
174
5260
7775
1657
8531
2981
5706
911
3000
1273
7780
3200
3188
5049
9803
7931
8449
1214
5643
3450
5609
477
9949
1913
1619
3754
3632
6465
3690
7011
2590
6387
2587
9026
3716
7748
4605
8777
4285
3488
6024
2858
8393
3872
1673
1274
6618
681
368
6285
2784
2751
782
1405
5945
9619
5809
469
560
9204
8093
9852
9107
6414
5783
3031
3733
8908
9581
2181
7945
2806
5992
3807
4209
1140
1403
1327
5022
3173
1347
7462
9191
820
1107
9305
3971
1067
3808
6983
9323
6195
7999
3757
2727
738
9212
5029
1115
3420
1145
4577
1028
4927
5030
4404
6078
2108
8197
2525
2021
8304
5701
5392
7984
7211
5180
7448
4055
9218
6512
6594
7871
818
7878
1336
1928
3852
7449
3752
622
5074
9622
1171
8822
8062
2077
2944
6181
3231
4665
1290
9159
3259
3070
8081
7966
7183
4870
3098
4976
3935
1257
5271
4313
1468
6896
8623
3813
7681
7732
8032
7830
560
4167
3531
9422
1612
5707
799
7654
9485
9239
7329
4032
8550
8941
7845
8471
6340
6815
1143
1722
6016
5167
6485
398
4898
9301
9633
5400
4695
4465
9192
6244
5764
8413
2374
2994
3918
3765
1466
7105
4179
4621
3466
3890
5982
4053
9853
1265
9308
4822
2503
7069
3611
6819
7280
8316
6952
904
1159
8965
9842
6119
9571
9736
2287
8545
4465
8816
6396
9070
4894
8273
5000
7537
9857
2696
547
5061
8763
3522
5874
7202
6586
7112
2708
9600
3222
6910
407
6741
1829
4421
4214
6930
3807
5427
3921
3491
8688
8658
3263
6689
1106
1240
4946
1078
9626
8702
7058
4604
5876
6795
7464
837
8012
9324
9418
5471
6095
4888
2876
5404
335
5744
624
8423
5750
1891
5437
7533
474
3691
9176
9364
2767
9058
8927
7773
7806
8134
1240
3128
6530
7052
4773
9089
7887
5578
5329
8831
6309
792
2325
5564
6331
3366
5655
4134
727
7222
9771
1881
9060
3046
7777
8745
4397
4165
3160
576
5428
8307
1864
8029
2196
1778
477
4877
9350
7261
6737
1875
6467
5277
4221
230
1586
8015
2631
7832
2933
4087
6482
7069
9959
93
3910
8961
8438
1698
9722
332
9521
6868
5767
5627
9643
5485
3089
2333
9259
5796
3794
8969
8562
2749
7894
54
2727
7870
2549
1783
1337
2472
8554
3821
6573
3527
3579
9156
1128
3624
9157
3247
4584
5209
2849
1469
631
4962
9070
8880
467
7904
8267
946
4505
3723
2937
5939
6886
324
8611
2745
9635
2588
2633
5749
693
9333
3405
4693
9974
4517
2418
4916
3130
3252
7673
4541
2342
5513
3425
3810
5492
6851
7554
557
2852
784
4815
9116
9974
5474
6124
1682
9468
220
4425
7923
62
4406
411
2073
476
6044
6679
9523
3463
7908
8899
3484
7268
8007
8042
937
1295
3625
3065
4623
4130
1029
5273
526
8909
7392
4339
8543
7183
2225
4884
8853
66
9453
8714
3532
252
3115
8402
3016
3942
8670
4815
6205
3325
6425
9595
4599
9678
7827
9596
9502
6104
1606
7197
4497
9141
8706
9489
8174
2779
4486
8965
9360
9327
8312
2823
8010
340
4495
9699
7782
9718
7943
8284
3588
8169
8800
5136
2393
1962
6918
7011
1656
724
5399
1112
8072
2399
9789
9267
8127
3975
2092
4084
690
1015
1798
3135
8134
1755
9321
1444
3894
4888
5349
3543
1848
7422
1832
4131
5427
3967
931
6555
3632
1591
1400
4040
4618
9222
6517
2671
6522
7222
3055
5891
7908
4377
4288
8567
4572
1854
8087
2843
2926
2939
5199
2486
7972
5498
5208
8195
7974
3752
4530
1064
6732
456
8384
3675
6755
2797
2128
2865
4473
9590
7926
9010
2571
411
8525
3974
8567
2315
6860
3010
8347
4709
1089
2733
4825
1938
9613
8799
8308
5423
7131
3498
169
7387
115
2820
6746
1743
2902
6504
2226
6067
9782
3512
7995
6681
3140
1084
6015
4253
8638
5330
5321
8303
5750
3098
2490
1920
7605
5893
523
7272
9861
7259
2651
9473
8595
6486
4616
4221
9526
8148
6710
2439
1188
575
1213
8935
4726
9425
6554
6525
25
2751
8657
762
7533
338
8784
5443
4440
8669
5954
737
6910
6422
8901
2619
6187
7170
3213
1547
7537
9550
197
3569
8355
5987
1209
7116
7897
9754
9516
9099
2948
2188
8590
5363
5300
3285
9671
2778
3416
4099
330
9457
6307
1424
744
863
1609
9114
5196
7815
3435
7223
8723
6244
3310
5431
9076
6589
6720
4299
1666
9604
5380
7773
4719
8010
4121
7712
7270
8581
88
3420
4198
2876
4600
3082
963
7218
42
8094
9620
104
7293
8024
4865
4774
4884
4495
2389
8518
2046
21
3946
3860
8672
8981
2507
7748
7305
2308
921
3373
5180
2658
659
2533
7278
9977
3328
7783
6051
6513
2520
4185
4141
5108
2857
7975
5567
4143
1977
9124
7052
9264
21
4352
732
2337
37
7869
8721
7461
1102
489
1680
1684
7452
8164
5181
1014
9621
5287
8017
2445
5015
8666
7655
5079
3314
6830
5612
8767
840
4421
5522
8098
3248
587
5305
4329
8407
3811
376
7262
9068
1425
4812
2541
1037
8641
1919
5005
1763
1730
2716
8725
9093
5197
8963
1822
7720
8791
9879
2923
7052
669
1494
1042
2348
2642
4449
6333
1810
7982
3957
6964
1930
3553
4614
6826
5085
2146
9921
9671
9347
399
2995
9671
6148
6042
850
2044
8263
4325
2397
8484
9300
7144
6900
1887
4937
1865
9762
6497
1304
3960
1364
4163
9777
3562
7207
3417
7238
5928
4343
276
1777
5957
5105
7841
5356
9296
8722
8579
603
6438
3710
3661
2748
2534
1664
1935
3990
3167
8893
4194
4552
5030
3891
1771
9332
5371
6519
494
4509
7964
2943
7151
4735
3920
6454
4756
3174
7796
4326
7989
5157
5050
8040
5089
9112
5738
9108
9637
2686
295
4485
375
9247
2603
4634
8379
6980
5909
5282
4759
5370
7630
3299
780
5482
8195
926
5332
4804
9347
3555
170
8153
1733
6910
4881
9160
3462
1751
6569
5331
6885
541
5739
4645
2134
7971
8331
1493
3225
5392
2856
1511
2506
8669
6784
5105
2188
4635
2596
6797
5891
9162
5420
5944
7723
8891
2397
3654
6958
3985
1654
6683
3645
9074
6954
3065
4179
4357
4931
2976
7199
2800
1556
1066
7366
7452
5862
654
128
1331
8217
4221
5075
8591
862
9588
6489
1087
9898
2476
6067
9324
130
5756
6068
8940
4299
7402
864
6422
8687
7826
6834
760
8017
4634
7153
2356
9405
5809
2458
7721
8054
7931
763
2510
641
2206
5376
6222
2363
3787
325
5112
3429
7525
3536
7595
2169
3355
1152
2993
3382
3083
7490
7033
7275
7516
606
9513
1134
3540
3548
2127
3520
8524
1694
7404
740
6582
4979
399
8062
857
1033
8610
7470
8547
6862
9214
6768
4501
7861
7068
5074
9382
9945
524
311
2639
3645
6226
4406
450
6117
967
7969
5629
173
456
1817
4476
192
9617
8568
4179
6725
5
2875
2620
1394
8915
5583
4175
2412
4880
5261
3875
3648
5543
1953
8631
2328
4971
1320
7855
4811
2235
7315
6538
3648
3218
2402
8841
6888
130
5282
4929
9598
2093
6319
4045
4383
7568
9355
767
800
3096
651
3841
713
6582
9419
1249
4040
1306
9629
9811
178
7328
5671
5951
3664
1257
6966
1414
8196
728
1204
3208
4267
7402
1089
3517
4756
5311
529
6085
8893
5005
1835
6020
3606
6473
125
2035
2952
5936
880
4708
6528
3590
1552
2951
7197
6820
1753
6377
73
3030
6574
4454
133
4074
4589
8504
816
5651
1594
8218
1047
7510
5403
8286
917
4552
1700
328
27
5938
4287
3298
3369
6220
3271
9107
9031
583
1235
9910
4886
1121
834
2734
6084
1833
2467
453
8761
7262
5165
3790
2775
6542
226
3817
6308
1370
9200
2506
8374
2242
9728
3970
5968
2485
3896
3805
9691
148
247
6374
4307
6017
3705
8024
6152
409
8040
9631
3385
537
4459
473
423
6431
3488
4998
7135
6008
8192
913
5759
3654
6993
9719
6331
2695
5897
7535
735
789
5673
6642
203
1574
4680
7716
5404
6442
8912
3641
8505
7094
8158
8387
2299
1435
7235
9332
8339
5762
9773
520
6687
6083
2560
1833
2804
3426
2185
2416
8201
1312
6467
4161
1162
6804
618
3693
7871
6019
8888
8312
6417
9869
5686
3345
6234
9591
5683
5011
9168
3172
5145
20
8474
3555
4215
5288
3754
4397
7935
6998
2413
6951
54
2635
2290
7548
2761
9947
4144
8852
6001
8595
6570
9818
7366
2644
4930
2962
5176
5388
6752
4859
5282
3818
9002
3913
7448
9796
8301
9687
9800
7231
6426
4742
7577
9294
5881
9809
8196
6297
3663
8591
5338
9691
99
550
6581
1126
4073
9683
9106
6792
423
3526
9649
553
6355
7903
9099
3616
613
8369
1226
7536
9259
4844
9776
8773
4850
7691
8635
6875
347
9535
65
3477
7249
4900
3139
2449
8221
8689
7053
8908
730
1762
1027
6742
5389
283
7547
9858
3855
3210
4587
3792
4108
1747
3785
6242
9132
2497
5734
7298
822
8962
9902
2530
161
8848
3388
7961
6810
1556
5210
6918
3452
6364
8874
6395
7277
8548
2804
5567
8264
2973
5762
3272
4992
1940
559
1156
8016
8520
8989
6123
1246
41
8312
4695
3789
8969
9388
789
595
9599
4203
2033
956
8694
8299
5249
1735
7366
485
5369
6226
9109
3435
1806
6313
4612
73
5498
8597
4740
8075
1307
6738
3519
9224
7906
7435
4628
8563
5434
5023
6022
3953
6375
4806
801
1745
5201
3799
1125
2022
2143
1472
8146
1842
992
9765
5671
8217
7397
7003
8464
2515
5116
6235
2664
8290
805
246
6804
4504
5759
910
1729
5426
5753
3657
4424
2602
4383
2799
2759
9260
5933
31
6369
3572
4224
2061
4786
3545
5564
9419
9622
4708
8299
3112
5888
3689
5697
6746
8579
5585
2650
6772
1434
4170
452
3453
4182
7882
5854
1114
4872
7946
3546
3713
4950
5236
8078
3188
3648
4147
8027
6944
7008
292
1631
7562
4219
7207
5233
591
78
3218
4819
550
2936
4916
240
8676
3123
3313
9333
3547
5046
2440
5894
6933
1554
9523
7198
4392
7775
7532
1690
8682
2008
6112
6195
6841
4871
1206
4576
420
9322
1531
6690
7243
3528
5376
7408
2235
4555
9072
3639
4917
3951
1416
2850
4994
3453
6452
9289
4608
9536
647
417
2326
1108
6526
2641
925
1241
9025
964
3445
7550
9898
431
8519
74
4777
6097
3228
994
9539
7935
2992
7137
1100
1102
7852
7132
6768
9943
5040
4206
2890
8138
1391
6971
8395
1766
5024
6921
7609
5609
3221
4602
1094
8240
899
4126
3670
5995
1268
9880
3170
8994
1232
1215
1092
5856
4783
4650
1946
7570
5342
905
9272
468
1031
380
740
5148
4861
1890
6157
2474
8816
7776
1201
359
9576
7051
7979
3902
2344
9088
7403
1448
1058
7881
6133
7112
9270
4399
5255
239
44
5000
3405
3485
4158
741
4100
4511
7720
3800
4905
1471
1907
2841
6792
1251
5578
2277
1162
6500
6509
6029
6353
7716
822
6082
2557
5555
7454
5973
9436
3714
9744
2227
8540
9410
2991
9050
378
7904
6324
6695
4184
6459
8368
8504
2240
428
126
4386
2182
6250
6586
726
5107
3095
5311
3026
8079
6744
6235
8916
3348
8748
458
8492
7377
3158
5651
6248
7630
5198
6335
82
5118
2915
452
8301
1679
3028
3354
8493
3181
2725
3955
2549
5739
4681
4049
6501
7285
2776
2339
7169
985
5878
5066
7183
4651
4708
3437
3526
2200
5129
5099
2829
4340
898
8202
5430
6362
4538
8719
4381
1892
9668
118
5603
4173
2295
7030
2372
1548
6987
3129
7899
5290
3730
5591
1639
1158
3947
5812
3788
6852
6350
5086
5272
8758
6690
5641
1844
345
2600
9094
9848
9567
154
2670
5692
4513
2746
1841
1792
4621
3529
6797
7106
8014
29
4903
2463
6820
9229
3916
887
4106
1676
3835
5644
3775
8649
8335
7127
8952
9295
2742
1977
991
4292
4462
5923
5301
4499
6635
5191
7929
7847
627
3281
6449
7737
5590
2676
1018
2596
3935
5773
9307
2593
173
4196
3707
4898
6758
8457
8187
3683
4196
769
9502
7139
4514
7066
8500
2524
6079
148
6282
8350
2311
1515
2027
759
1421
854
8791
1357
6342
9908
4148
8049
6932
7409
9332
8895
4186
1432
3240
6899
6541
717
7774
4975
5275
8129
7235
9879
2643
1343
3779
8471
5671
3058
3156
9438
1223
1544
4311
7928
3422
7683
7775
5090
8876
4649
1304
3187
6720
5652
1105
5421
3347
1575
436
7531
4807
7448
5756
3654
4530
8595
5972
8858
1516
1097
1486
5693
8519
4247
1799
6532
6891
5599
9983
9524
9272
8057
184
7858
2600
6423
4391
564
2572
724
6688
1766
564
6655
245
6623
9466
2225
1145
3113
7645
5145
323
5292
7254
165
5807
6567
9573
5699
4613
7433
1102
1742
9693
8245
970
5448
310
7727
3226
2154
534
2658
2845
3063
8679
5364
945
5472
7835
8400
1917
1642
5408
5002
4348
689
8449
1833
332
9432
6591
8795
9568
2617
3984
6789
2039
7080
8202
8203
9812
9124
5738
4977
5093
1204
4204
2496
5581
6857
1493
3293
3882
7926
8911
1649
7263
2075
5973
4270
3053
8437
7607
2456
1351
8438
5458
6789
4657
7799
155
8069
3218
6043
8401
1070
193
1771
1226
3792
3439
9081
5278
8885
5296
6083
7882
2358
8417
1850
1222
1470
8387
3092
183
5881
1469
6430
3459
1392
2568
5989
8065
5474
954
4072
9017
116
4132
3377
2357
4178
533
3124
2087
9816
5549
160
4336
7221
8822
6664
3348
2938
3716
2219
1943
7829
559
5430
4585
9662
8652
9131
1646
9181
4913
8560
4233
6568
5149
1721
232
4917
2725
4128
724
7478
2219
5918
4028
1570
5926
9279
4487
8479
111
7909
3550
3151
6112
209
2278
9023
1006
786
7114
5001
1603
7036
6497
5328
5492
7903
691
7537
7054
3060
2785
5219
7121
227
6307
6481
3848
6432
6785
2241
4868
1501
5254
6836
942
6137
1723
1054
4351
6562
6317
6642
2024
98
9250
2413
7089
5162
8165
1092
6033
6419
6296
9477
5900
1967
8471
8333
1483
8997
8542
2035
8947
4157
7094
8105
4030
9201
5594
486
5943
3563
2814
7047
358
4958
1008
3958
9322
65
7750
9840
963
4886
7451
7077
2545
4169
3285
832
4071
8850
7541
4259
6304
5444
391
1087
1784
3708
6697
4967
4154
3556
8950
9467
5418
9789
7643
6464
6472
4724
7328
9511
2969
595
8039
3713
9091
3416
5764
2912
1059
3792
5585
2581
9151
3353
8637
8692
5324
7471
3041
8523
4198
9617
1989
4779
6711
8079
5657
4366
426
4550
4294
3982
1973
4342
471
1248
8097
3645
1525
1214
7935
745
3381
1140
935
9138
8100
9425
7175
8893
9802
9466
1804
186
152
2715
2763
6431
1546
4607
469
9607
1821
8459
4968
9860
5815
9883
3477
1460
9655
2667
3846
5441
9794
1517
483
1519
2073
7383
5521
4677
566
8323
4527
9226
7785
5730
3495
4471
2681
6444
7769
3672
9151
9905
6471
7507
8951
9134
8838
3175
5069
2156
22
3035
9879
8958
7040
5702
3742
936
3663
1008
693
9704
2080
8002
7205
3052
7509
2943
2186
3517
8517
5812
438
4480
5622
8182
9887
8418
1028
8628
9045
8705
819
964
4099
4471
5407
2273
4303
8857
1802
7474
7382
5215
2222
7185
7070
4192
8176
745
2159
2727
7594
8594
6508
6456
711
9260
3198
6968
674
4135
2422
1506
1906
5905
4242
2492
9357
1976
4433
8299
9278
5012
2882
2953
344
1085
9021
3731
5648
1747
9321
3289
3487
463
1521
4669
6175
9737
5285
1263
4191
1634
8551
6034
6312
9303
7876
1264
9335
9293
1515
1210
9641
6020
3857
6473
8354
6959
8189
7132
6659
532
6911
3611
3216
6757
2551
5181
7534
2649
6532
8617
9691
5963
4167
3685
7624
670
5307
5120
1615
2993
2883
16
8825
1677
7100
5588
3018
3282
2533
5185
9167
6349
4769
4166
5362
7071
8228
9893
880
9293
8674
9873
6445
8837
9
7829
5791
9446
7682
6809
9121
3881
5322
8591
4579
903
5571
7717
1494
4681
7571
5796
1129
9151
1493
9770
6257
4404
1966
1386
871
7628
4980
4579
7673
7785
437
5466
5326
7818
3412
1233
3668
8461
587
9303
6352
208
2916
497
4763
3727
6847
5484
5684
7514
537
5209
9531
1160
5753
526
7464
9804
8759
3122
1704
6542
3820
6388
6127
2076
997
5542
416
7700
5092
9036
8573
2021
5671
5506
3504
8840
5115
2417
4652
6554
6301
1325
408
9033
1701
3475
1156
2813
3143
5076
1143
1982
895
1602
6688
4929
7512
83
5331
6449
7704
2357
3823
4965
4455
6936
1335
1196
7269
709
2183
6140
7323
3396
8097
3145
6313
7797
6441
413
1295
1339
1991
2502
8080
2933
4671
3223
2486
6271
2216
1644
8039
5241
8888
9977
8146
8199
3123
1915
9998
2610
7717
1200
3129
4209
5035
1646
8763
3721
5878
5508
7323
8253
2926
3451
1419
2972
9872
6580
7933
7402
3797
4324
4949
4876
2299
3110
4911
1903
5961
2506
5503
8278
5444
3389
9773
3088
2119
4251
8237
5580
5535
5907
6098
6587
1305
8262
9145
1444
1900
6208
2213
5313
6586
2525
7090
4755
6829
8916
4126
9344
4647
4513
1610
4454
9387
8534
4294
6971
9727
9985
3188
9983
2625
2672
1115
7743
3064
3963
1716
6676
6057
8303
7949
3717
6677
5888
7934
5861
2978
4208
1475
9197
4576
828
790
4959
5497
684
510
1170
8967
7525
163
8353
6614
4448
6519
4333
9339
3460
1544
833
4445
8685
2691
3149
4006
5902
2276
7882
9503
7125
7537
5655
3879
8873
9814
6931
5706
9334
4237
3189
793
6328
7705
5177
5164
1228
2995
68
8000
7465
5951
1308
1603
7800
1562
4668
5464
2036
6689
1772
1259
8672
6959
3164
8241
8039
9320
7311
7910
2715
8272
8890
3776
2453
3000
9537
908
7812
4084
6095
886
5282
911
2738
2204
1694
1050
9420
4382
7739
7805
9175
9346
7491
9532
8532
4441
1147
1423
8216
6897
2139
1539
9057
1333
5177
8841
285
2537
5076
5356
9318
2793
4726
4829
9916
3794
7594
6383
5367
9367
2346
8709
7948
3314
3405
777
5388
9172
2755
1416
7828
8547
3488
1160
7795
755
8853
6505
1828
3569
4657
5591
1904
1926
5646
1538
3410
3736
5405
3713
1967
5847
7007
8994
9288
4590
3648
6014
9169
9256
5174
3342
8073
1818
797
793
2920
8536
3428
7375
4627
7509
8284
4986
2199
4252
9933
178
6076
629
5453
621
8347
2729
2358
8180
8302
9368
8940
9771
6058
7118
8213
153
417
3486
8028
302
3936
682
8612
2038
9487
8098
9970
4874
4251
1912
9870
8511
3370
2590
4733
7774
4696
5490
5474
1713
4095
82
3315
9689
4020
2914
9230
2995
3768
687
4534
5928
2576
1382
5698
6562
7566
1716
7636
2885
5570
8696
6133
986
8719
8939
6254
9915
3456
1736
3296
7735
8040
6315
9556
8407
7785
6676
5847
2495
6249
378
7635
732
6688
6172
8792
4664
6315
8027
4386
7524
5575
3822
2552
7632
5346
6652
5868
144
579
3687
1105
3780
2085
5381
8392
2055
9619
772
2689
7012
6425
7170
7870
781
5100
297
21
216
6914
9640
9778
3956
1783
4298
7360
7706
2
4966
1618
7208
264
7379
8550
2147
3644
8108
8041
6716
6680
7127
4470
296
8456
1761
6055
1103
6914
6801
4659
7220
5551
2639
2838
7116
1934
5644
4372
6769
9972
516
6914
5527
2401
5628
221
2033
4777
9029
676
2575
8343
21
2536
1367
2984
3485
8312
3714
7024
9330
4472
5393
1432
9811
5064
7615
2274
8548
5381
3823
2010
8528
973
6694
8754
2956
5274
863
6879
9687
2920
1789
9618
6302
6219
5890
5096
7212
7104
3262
9736
5160
3074
4787
229
5772
6250
216
9692
4385
6678
6565
6100
2461
6235
8962
7619
3780
105
7677
1234
1611
6416
3544
6105
8514
1843
2435
3849
6946
228
3729
4948
2931
1574
6017
1096
6410
3407
8269
516
9317
7359
4113
9084
2297
1987
7649
4106
9905
7411
7246
1908
1319
6108
8094
1875
7538
9695
2304
9890
6941
1635
3261
5581
6443
8406
1122
7032
7585
4145
734
4737
440
5919
7838
8869
3940
1789
9342
5166
7608
5127
7317
9268
5564
4407
6387
8902
8197
8655
4257
6211
7437
1744
2709
9677
2579
4126
3184
899
2323
4167
3557
4824
6262
4971
2264
68
5682
843
3353
8166
5599
9668
9242
5336
9634
7255
1342
3086
4329
8786
2807
4407
8404
4367
4892
5321
3203
4626
3930
9526
9405
799
3644
5207
3970
5843
6239
6062
1023
5012
5897
15
5752
7470
4343
4424
6945
2914
4144
4477
1052
4745
2477
6665
9500
3086
743
9717
7517
904
1163
8743
4144
3300
8779
8431
8442
8117
8337
8251
6480
9784
8358
5032
2053
6082
2063
9368
1702
1115
8013
932
1748
6091
3488
9586
5945
1643
8321
6863
5733
927
5757
4393
7363
221
8542
3078
6396
7477
8866
136
3089
5126
4605
3434
1798
6714
2847
1964
1787
6975
3820
4901
6997
5802
3970
3740
2692
9019
7069
4114
9019
9616
3747
4781
8677
1443
1185
8336
7601
1663
2433
9667
296
3947
1885
3819
9765
4776
1738
2147
3685
2171
8431
4721
6641
1462
5695
8711
4525
2219
9163
5
6536
7779
4799
7028
5369
9932
7823
7691
4905
2629
9712
3780
2973
3301
1791
3601
5150
8183
4039
8228
1821
9793
1241
2195
7463
976
1586
4468
6033
6388
8785
401
1905
1811
7370
8516
9234
9193
8358
6672
3400
6269
2436
6997
8236
7603
4292
1361
9879
2580
5425
615
9936
9634
5502
4109
5085
7798
984
9726
3831
3151
4742
136
6245
8095
6580
5410
2704
8331
5783
215
1067
4140
3902
7994
3796
922
5000
314
6017
2246
8297
5002
7955
7151
7356
5371
8817
5437
2972
878
9168
2603
5243
9819
9595
8199
7179
4182
6091
2825
8548
6175
4326
9598
2145
8647
7125
6533
7593
8936
9312
2664
501
9560
1387
6533
156
9738
4961
5129
4340
5834
5959
2451
6041
7058
465
4569
6069
6482
4121
9246
6001
5870
6130
690
2356
8441
3063
3467
8971
2725
9162
2950
3958
3746
5714
4853
7563
3179
1992
9134
2949
2603
7603
3469
4385
9735
1684
9614
7265
227
8324
9848
6684
2848
8973
6356
8231
8706
4822
7655
8483
6263
5804
2603
4076
8945
674
3414
7713
5403
5782
2451
4673
5444
7145
4185
4257
8402
4898
3219
8054
2400
3981
5353
8072
7609
5686
2587
1560
9056
6611
1145
4134
1684
4423
6528
3316
7085
4251
3929
379
2443
9863
144
6295
6256
9902
8219
4761
9132
4521
8378
694
8640
6075
6023
3404
4305
7241
6609
9149
9976
4391
6427
3878
3767
1240
1226
1295
569
9232
7141
5707
1068
5729
9431
920
9885
3085
7679
5621
814
6657
7856
6887
1373
5062
8272
4193
2801
8918
4200
5852
9194
7176
9896
1287
5098
1260
6081
9048
9087
7323
3615
9135
9504
8176
9467
9322
1489
5309
2887
9496
2328
6413
7958
3124
486
6904
1716
279
5891
7649
7129
9727
6299
5465
4106
6823
2617
85
63
7736
2521
59
3304
7870
7907
691
2213
8577
985
940
814
3496
8913
8088
3330
815
4703
3482
6439
8272
7696
9307
8961
3247
2210
5963
8074
8226
2641
3730
9285
6257
7541
7283
3109
5121
3035
4793
9926
290
4821
4893
5616
5429
5261
9002
5130
2612
1272
1449
4444
8561
3485
6673
5249
5620
2145
2370
4865
4922
2531
1411
9972
2740
5056
837
2645
2745
5285
9997
4318
9259
4822
1207
526
826
5692
2541
5542
8269
4749
1972
741
6471
8075
6262
5744
92
2376
8839
1908
8384
1909
2165
204
6012
5022
9491
7995
1642
4675
6657
163
3351
8589
2052
8678
1537
6329
8502
9344
2952
3602
7401
2862
8364
4080
5838
7834
3937
3130
4702
3335
9683
6278
6536
3890
8356
4758
2244
7922
8469
1835
9926
1661
5361
3262
5272
2146
6686
5932
5826
5481
4076
8003
3501
6851
773
6080
5024
6751
7673
1605
1357
6137
2988
7596
5764
8286
8181
8803
2359
6470
2704
553
7182
7997
6603
5058
9197
1980
8866
3975
1042
435
4267
178
3359
3770
6106
7292
2353
9092
1652
3738
9908
2512
9412
9855
5520
9492
6634
3866
8701
2213
592
6395
5480
4249
1989
5342
2815
7027
609
558
9103
6861
1271
5943
1099
78
8734
2165
2261
4182
7678
3991
3073
5016
5747
6348
8737
5722
8368
4293
7805
3389
6791
8475
2986
6807
8399
2989
2716
1116
2919
1470
4686
1935
8721
5649
4613
6381
6575
1982
9085
4008
7530
8633
986
5762
4609
7777
1919
2238
5687
8899
1147
3906
6067
1464
7841
8821
325
8009
2233
1087
7263
9262
6379
9369
9119
1554
3351
9556
4688
4300
8851
6247
9584
9140
1789
4244
1059
3561
6855
7226
5262
4150
8414
5190
2667
9733
9418
4416
6187
3058
8361
2184
3289
3716
828
3247
3997
8835
950
7466
1165
5392
2309
5361
6078
9081
5108
3942
6392
9301
3740
7744
3532
7612
9647
7373
5023
7012
4862
2917
860
3044
7265
8474
4736
7239
6611
8675
5218
8309
1846
9657
2931
8621
6263
2538
581
3779
9732
672
1062
7956
9123
277
2540
5682
777
2084
2360
5499
6504
5520
456
7869
7511
119
1087
5990
1746
5339
7703
6945
1144
4322
4399
5306
4059
4279
8172
2393
6858
9771
7941
2423
2161
8780
4442
9991
7469
6670
808
6315
1902
8306
1218
2262
2953
918
7915
2266
1991
2053
2213
2241
1130
4969
7064
8356
9626
9255
8502
3272
4350
3951
2553
3411
8803
5184
2272
9676
6604
8508
4591
3092
4
8204
9610
1836
3349
9549
6709
3618
8037
2117
4811
8584
5217
704
4036
5231
7503
3305
8388
3886
6577
8911
3717
1389
1687
3189
3572
4416
4487
7508
959
3723
9432
2696
2834
6814
1466
2169
4902
3808
2422
8101
1707
122
4861
5146
819
8423
665
9035
9374
6114
8440
192
2169
6406
1127
8204
3429
8077
23
7693
3300
3171
3405
325
5794
5655
5825
2346
9631
6256
9060
5331
5450
9281
1820
9515
2052
7346
5341
9318
2757
1871
2297
383
6435
1489
9661
2170
3033
2617
3621
155
8045
6526
9421
2355
4829
1591
5696
1310
9606
4063
8266
5823
1261
2324
5478
4872
9244
1987
6303
1722
1140
9913
4908
2314
5671
3909
1437
9246
1836
2032
8402
4490
2369
3116
2939
482
9472
143
7554
7679
1722
3614
8560
8324
2623
6357
768
2189
7629
8476
7550
6322
3215
7736
5709
5265
9170
3695
890
580
6798
7131
295
6947
7757
3526
8976
7780
5147
3733
2710
3250
21
6267
8780
5638
2261
219
7473
2658
847
2177
8720
1813
8823
907
9268
3422
7094
7938
8944
2090
1062
7697
3608
1229
8107
1852
4033
1530
4465
4669
2732
5113
3073
3691
4831
144
3964
496
9633
1085
7
9085
5323
1811
6653
8059
3314
9497
3122
9159
2680
2335
4403
3380
5990
4409
9458
858
1192
7122
8385
995
2878
8067
3701
8625
8816
9252
6631
6659
1018
6342
6398
1521
8926
6864
5389
4918
2531
7949
401
1070
7249
1313
1580
902
1532
1347
7923
2942
7117
7591
4399
7034
6986
706
9781
6127
4466
8500
2331
5077
7584
2834
2760
6371
108
5598
8578
1818
3180
4946
3667
4141
8682
7258
318
7917
5334
6799
3491
1852
7496
4719
7724
3133
9368
1793
3665
6571
132
4631
3405
2076
3365
7936
9773
2878
263
3638
8197
2411
3994
7407
8336
8634
464
8550
352
2667
3061
2362
8861
9697
4364
9939
2705
4276
756
6141
6900
1225
3889
6254
9932
3283
3834
9944
2196
9304
1505
656
9280
4291
3716
1410
4179
8965
9974
9937
4763
8132
9364
9019
8338
9979
4541
5315
7216
7388
9658
7049
6244
2231
7305
324
8317
9932
8019
6747
5977
5987
6439
9380
2231
4980
1752
3895
2799
6593
1869
8629
9712
4656
5977
289
5479
646
460
8476
7778
7011
6772
8795
3332
4093
5981
5672
6558
9807
4367
9680
9257
929
7097
7473
3541
9315
5971
2158
6033
8999
761
7866
7548
4962
6071
7290
8150
7923
4179
4468
4005
7503
5813
6211
9359
9569
6168
9145
5911
4695
1674
6601
3271
2862
2668
2441
519
126
1535
1898
1315
6110
5071
1369
908
1824
6719
2334
756
4350
6465
3149
5345
4197
2138
6400
5011
8138
1325
5192
2395
2423
4851
5386
5544
5773
1139
4104
4429
808
5286
3051
6883
2310
1269
2673
4424
1295
1287
3352
8613
4986
5887
7732
1910
6830
8874
9672
7997
7808
7343
2217
9926
6483
4677
6083
3578
3552
9233
5411
4980
6443
4336
4177
3449
4307
5534
5337
2183
4410
4661
6846
3183
5169
4550
6225
4923
9846
3432
6822
1662
9485
5120
4480
4395
9731
806
898
756
6616
2010
9739
5375
7896
9131
4124
7793
6682
5313
3805
6961
2307
3686
4347
5262
8029
2789
1348
4433
8137
9431
9281
3278
2612
721
6595
6701
5094
3506
9148
1726
7072
7086
3373
4473
1279
8129
2764
9155
4371
9368
2537
3118
4040
9910
9968
8462
9372
3142
5001
6138
3831
92
8271
8676
185
7635
2488
4638
6186
3401
4248
3171
603
8530
2379
7927
1990
7964
1082
7555
6490
7147
7888
9697
3081
8056
5729
8560
7008
3290
7473
3888
9092
8049
4748
5554
1883
9789
4859
5842
8606
448
8811
5065
1629
6957
9914
8020
3040
9456
905
152
7106
8811
7187
5087
1764
8381
51
4220
4851
8781
5948
731
4139
1382
1449
5690
8171
8747
6462
9062
1137
5668
8119
9471
8883
2960
7938
6710
4277
9117
4504
5866
506
5579
2697
2395
4984
1085
7186
3005
8292
9470
918
5700
4443
8720
9456
5859
907
3234
870
8093
8698
3695
6963
2426
9502
9408
921
6811
3309
7515
2753
6972
7083
232
131
57
8615
3548
8252
917
1195
8905
302
3330
5809
2657
4218
8730
1267
9188
805
3456
3059
161
4336
6008
8272
8096
3970
1129
424
26
8974
4766
6391
9521
4138
6893
7238
3838
1595
6664
4152
2678
3072
9403
2799
1161
2403
2957
1019
559
1222
5213
7960
9399
2525
4016
4899
1071
9795
5553
1534
8624
8191
9549
4978
8818
2074
4996
9192
5980
7426
520
697
2902
7409
7920
5052
1537
4545
8006
3183
2710
3694
2979
9394
8561
5114
995
3767
4737
6399
9537
950
6067
4148
7856
2468
1323
7846
7565
7260
9919
4899
7409
6867
53
1526
2654
2764
7137
54
1342
7126
6064
8633
4963
9163
9399
2057
8014
4883
7569
8876
4767
7928
5855
4904
8735
7682
8952
1445
8309
1425
7474
6671
1361
7135
2527
5862
8906
5819
2876
7543
9272
1471
4449
3072
4205
1567
2785
9923
8660
5738
4827
8772
1738
6215
9841
8849
4117
4586
3105
5384
4726
8272
7165
7436
6907
1101
3566
9534
1440
3675
398
9075
6485
1920
8
6274
698
9126
7224
287
4923
673
8977
8618
6091
4206
1119
5567
8744
6688
8109
2093
8198
7781
2953
2590
4947
1237
3240
1311
6783
8378
4651
784
3983
9575
4393
6151
7010
1946
2208
9619
5396
4831
5533
9791
2356
4421
6633
9262
3166
6019
7718
1369
4293
4107
259
3533
3977
1958
6268
99
5958
2526
1695
4240
9383
4681
3872
6694
3479
5100
286
4670
1282
1959
3023
8212
9542
3605
7172
4385
8389
7399
8529
8777
6717
8991
9062
3048
6358
8671
1174
8378
3665
3005
5305
5803
1956
7162
8114
3020
2153
5412
7661
425
4698
8866
5772
7029
969
4223
7646
3816
6193
7784
4295
5715
1478
2351
9543
6283
3047
2899
5278
6222
8960
4424
4762
8274
5766
9455
8653
3780
9289
2595
1421
7217
1648
8489
8670
2398
693
2916
8916
5069
1157
1477
2985
5657
4187
1297
3199
9735
3427
2634
6843
4018
8165
6184
5173
5794
1811
2955
5778
4853
9207
5026
526
7265
4106
9609
5828
3660
4177
1938
3092
2166
2525
3003
3154
8396
168
6275
2855
19
5129
5094
3566
2109
4002
6631
4220
5803
3009
4657
4589
7222
3517
4642
289
3011
3104
3594
8041
2873
5552
1211
9859
4499
9886
3778
8823
4147
8783
2546
4977
626
4764
3133
8724
2306
6460
7184
9866
9478
2849
2690
7336
1981
3863
9631
1683
2223
9352
966
1002
6141
2287
6536
966
2963
2926
3263
7400
7219
3733
4528
7207
9549
239
7714
1083
4724
2486
4559
1832
3995
3811
2023
1818
513
2639
3578
7799
1243
3280
1814
2867
4312
3793
3169
2123
5160
3401
3909
8705
7463
3326
241
796
3322
2896
3538
2446
173
4800
6127
9332
1678
6780
5912
3910
1310
5635
3487
5652
1822
4187
2875
940
6478
90
6055
3013
1539
3285
8514
8623
213
7290
185
2493
9253
741
1239
8405
7360
8471
2362
3621
4136
229
3846
4065
9874
5819
1097
7791
9266
7234
4796
1947
8155
9166
3340
7364
6432
8303
5537
3350
4006
4582
3672
2935
5155
6747
3811
9393
7737
9778
3433
5190
7476
6725
8392
7442
9929
1708
3075
9255
9433
7970
2385
4077
8036
9073
1796
4293
3710
9216
2647
4029
1031
5630
6485
1304
7278
1399
5369
7583
5157
4412
7630
2680
4642
3389
2727
3763
963
1053
6075
4337
4934
9432
9721
6813
9414
5612
267
2319
2566
4817
7152
6224
9535
8754
5922
167
2563
5576
9943
6696
582
3216
7105
578
4087
8152
1298
2371
8575
2278
2774
9704
5451
6794
8332
4087
3349
1593
8700
3110
1096
5279
1007
1859
5293
4685
4584
9750
3845
5594
9970
4486
4706
5178
5946
2902
5007
8320
8011
6527
5422
7562
7005
5803
6186
5087
4403
5236
6503
9538
8371
2608
1594
3043
7425
9171
5023
1
5211
8720
5147
2245
9558
3960
5119
8477
7719
3540
5802
5507
7556
8157
1280
1014
5634
7227
480
8707
2712
364
717
6528
4005
9777
2047
4046
1514
7222
2039
3926
591
8073
7318
410
2191
4108
8786
9840
8452
9407
4861
9712
7912
7074
8380
5896
607
2940
4176
6097
1759
2421
8840
4062
2868
9066
940
670
3086
1062
7521
8795
2939
7855
7432
2688
3717
8289
6920
9308
157
7662
6149
7107
3914
8584
4373
616
8245
9703
9467
6702
3477
2105
2809
4249
8408
4174
8253
858
3478
5140
4018
8618
5689
2759
5382
9406
6103
3714
9922
2806
2450
3585
8710
699
5163
7645
7879
6361
5047
3729
5746
5265
3614
8977
9050
3671
9279
5510
1865
5781
328
2620
4060
2319
2158
9532
7377
492
1735
9153
4203
5363
4141
4668
7808
9389
4423
4575
8511
1977
728
323
5689
8902
9870
5911
9303
409
264
3726
1213
517
2667
2426
8352
918
7132
9023
3488
1651
1126
5260
1160
6903
840
4303
2625
2572
2016
5223
1074
1504
4606
7527
3668
2522
9632
7657
1358
3994
9138
7435
7953
101
314
2705
149
4117
74
4783
3673
8727
2195
7358
1199
5501
7268
591
3467
7859
6953
3201
2137
3705
9230
6682
2500
7093
2859
9582
9449
9600
1212
8079
9632
9672
5666
4681
2878
3429
8082
4221
8916
1621
2451
1924
3588
59
4014
69
6089
6448
923
8662
2878
584
3682
7539
8329
3602
7170
5780
1415
924
5043
2663
5103
8923
4539
8681
789
2113
7309
2582
8717
1648
3810
5460
7683
2020
2659
7576
9697
8453
5892
2877
4296
8902
4618
6069
200
8776
5990
5260
3912
9950
7996
6792
359
2215
7824
2134
756
2672
2050
2700
6334
6363
6590
7143
3150
7587
1673
2619
4740
5357
9255
1949
3450
6007
6995
9983
5597
3902
8900
5932
738
5932
820
2418
2380
2492
2701
5571
8689
8558
5945
2262
8288
4663
3551
9610
6803
1575
4366
1362
2783
6113
7358
4742
8893
5993
3104
8519
8078
9084
5039
7174
3380
5986
9965
2717
9730
1375
8401
6350
7607
1851
2451
3172
5816
936
3100
8770
544
6496
8670
5626
6685
6691
6032
5788
8715
7016
9636
1540
884
2689
300
6016
3660
8072
7367
4343
8560
1467
9368
386
5570
918
6913
3180
8475
6319
6724
7593
8567
2293
7905
7023
7616
2198
3201
1811
9879
7364
2057
8140
5227
3628
4915
833
7532
7683
7438
4151
8470
5910
9310
3189
590
6693
4167
6442
6541
1106
9330
7828
7244
4896
6545
5412
7098
1930
8494
5902
9145
6908
1738
7729
1469
3004
8572
5488
974
3241
453
8038
1184
672
5805
3652
3253
4199
9905
9505
8224
1147
7976
964
1625
1819
4873
3581
2741
8592
8588
1649
3136
7821
4592
5377
5971
5441
8512
6813
6523
458
3158
9008
4334
906
4218
310
1063
7425
7561
6739
5091
88
5607
8197
6190
7602
2820
8350
4256
6205
6973
1166
4233
4354
8801
3803
7682
6663
1996
8288
4507
8562
2089
1529
1223
7451
5337
1365
7335
6296
6814
680
1813
7185
8492
4380
8056
8375
3760
5793
4225
1163
6791
4734
870
2947
1931
5460
9388
7541
5989
5486
3905
8674
9366
2514
952
8425
4914
4587
2880
662
7670
1819
2027
2034
8109
4081
8596
3171
2243
6556
6507
7739
3339
5858
2068
1405
831
1256
4446
3367
4893
6701
8398
6111
7536
8604
1351
5696
8568
2562
662
7442
9268
8568
9025
6456
3046
109
687
5363
7447
51
5720
6242
7566
9005
4287
4164
3013
8294
3442
2761
9160
1604
8905
8014
5806
2667
9694
4355
6453
5154
4262
75
1666
331
4148
7474
97
7821
9108
4535
8463
3988
685
4536
5570
5429
9853
4025
1877
4258
5322
2826
1446
7740
7625
1248
9567
3992
2477
3914
3777
5233
1459
6342
4439
6061
6831
8528
2731
2903
255
4292
8484
9624
1552
3292
9571
9513
8784
3653
6582
6625
1046
1334
2073
5064
6979
2941
7078
6641
5631
6171
2740
8448
5293
8006
3013
4302
1858
6520
9819
6575
1315
7336
7647
1343
9866
3022
8583
4283
5858
4051
3116
2208
1186
1997
944
5139
8488
5555
5752
7815
8560
4798
6593
7848
3919
921
212
4513
1933
1281
4898
5802
4019
7000
8456
5028
9661
2180
7951
597
7409
1785
4751
2536
9741
3605
7767
3125
1290
3520
5108
9125
9110
5834
3532
461
4263
3259
6058
968
7463
8264
9875
1997
2613
8692
7775
9790
7825
9203
7509
2343
718
7351
8443
124
3479
5917
2897
6524
7932
4381
7176
8896
7108
5668
3273
8147
7639
4745
3361
6290
75
2599
6675
5799
51
9891
6134
2138
7064
3468
7036
4240
2097
2319
5873
3753
6971
3668
9651
1457
5634
8937
4127
7936
4093
9927
1321
9408
1772
1907
975
2370
6502
6355
9081
8207
1595
6893
7798
8239
750
4424
5065
2543
184
1831
6760
402
8924
986
9913
4114
1653
2149
197
1596
9522
9337
3830
5459
6912
7485
5512
349
964
5090
2020
5182
9793
1180
7634
6000
2000
6479
9739
6706
2669
6394
4159
9349
2122
7607
2214
7651
8300
7772
5009
2640
5267
174
1225
8270
461
9554
4395
9562
5248
4439
1035
2276
7372
9880
5071
4697
7742
7317
1952
6100
886
1125
3107
7672
8323
4998
7843
1604
2632
4358
5444
4647
4480
1674
5022
5030
6197
41
530
318
6783
6488
9707
7989
7323
3261
6947
7097
4932
3546
3697
2946
4112
1679
1247
7917
1017
7928
5276
1485
7874
1222
6802
1464
9266
1210
1309
8753
4655
9274
8313
346
1247
7277
6774
1394
9839
2572
7957
9074
3326
859
5023
9217
7035
3401
156
4007
5727
9135
5209
8821
4780
6857
367
7203
2232
1676
7436
6385
209
2622
8101
2453
6328
4080
8009
5816
6944
2333
557
3852
5161
4117
9879
344
7955
3481
789
2987
833
7845
7083
8709
1049
4167
8181
711
485
1379
8524
8295
2465
4647
6759
590
6867
7483
2557
473
7706
6132
4553
7424
5062
8275
6888
7555
1727
6344
644
5575
9610
4553
2551
2565
7513
3379
3203
2145
362
1405
854
3702
2273
4347
1921
8184
1143
1156
8214
3474
6907
7882
6666
4930
5774
3471
4774
2339
4007
2034
6631
3569
9623
6498
4089
6288
2387
2356
1359
2458
2010
8641
3493
9060
3060
5834
7078
7504
6955
2178
1723
624
1130
832
6092
5541
2610
7218
1705
2150
4935
4666
9150
2888
5995
6231
3729
4143
7027
6106
2139
4485
963
4196
2629
7625
7856
3187
5640
9181
5190
8049
8520
8758
3049
445
1124
6218
4726
1850
1370
1382
8853
3887
7123
7208
7789
5620
5349
6467
3431
7931
86
6350
5391
6905
3567
6236
1141
4487
8976
9098
12
6846
8010
5959
1047
9785
4368
7151
7212
5384
8742
1513
2450
5881
7407
1914
7762
9281
1826
4166
3244
9262
576
5476
7183
8044
4922
9021
7386
2109
268
5951
8623
5137
439
480
1217
1371
2181
6570
578
1312
2638
7012
8383
8405
5666
4473
6810
796
7841
4384
9581
3736
1755
3337
8699
1147
2073
1498
7091
9029
261
6156
1896
2215
304
3940
5762
4182
8523
8305
9965
8649
4218
9919
7318
7525
3200
369
5968
9917
720
2456
8206
4701
7083
4975
2280
9852
2796
7913
9499
4566
9325
530
5078
6256
4542
4271
3785
5051
5627
4498
5444
5653
9127
7524
4427
8874
5810
5969
5748
3663
69
3445
6838
1713
3542
9843
6006
6115
583
6331
1740
866
9843
898
2535
7885
6733
8729
4233
7810
9090
32
9431
641
4065
5048
8492
6386
1719
5947
2541
5717
3878
8890
1161
5207
6203
4
1123
6444
5398
2778
8890
6175
2294
7456
7816
7237
6591
6670
9707
6306
4014
6297
953
4378
3749
2503
3889
9279
9437
4965
4942
9222
5006
3716
9466
4334
6877
2301
9395
5910
8440
2051
970
9939
4272
3419
7254
3680
3386
1821
5542
6757
7657
6680
1778
5336
1311
7564
3069
5438
8925
7081
8720
1560
1465
2516
9319
889
6532
6325
4789
1192
1185
772
4020
4669
49
8830
9394
9041
8826
8044
2901
4482
2068
8778
6227
760
665
3699
1937
3043
557
4682
8052
5662
7657
6004
5948
5888
7543
518
2410
8227
4751
8660
8108
6993
3613
4314
2702
2984
6028
8277
4552
2633
6954
9370
9186
5846
8056
1136
5723
3861
3188
6706
131
3338
6757
4760
70
8013
8144
9378
6025
9483
4069
4154
1014
4454
9609
2917
684
8154
3707
7462
3591
8971
8800
9260
1470
9254
5100
4683
6677
7431
6873
5387
6552
369
4048
3130
4276
7855
3028
1425
3347
3150
7112
4076
4077
2008
9848
3480
544
7539
9608
8148
6918
8313
7636
8798
9702
963
5726
5968
1743
4260
3105
9060
8090
1528
7722
929
7776
1943
5640
8233
9884
4061
508
3394
6905
4759
367
6834
7662
2610
6005
6918
2747
5680
2129
4854
404
4863
5121
3024
3132
6240
199
4058
9390
1052
2738
3218
274
7823
1320
8493
7413
8684
3889
3784
7401
9906
2475
372
7856
6838
769
6661
6037
7208
6002
4223
5927
7900
2590
1706
1995
9236
8356
2667
1811
7772
6877
7878
3620
2592
9524
5725
8401
9690
118
9122
1159
7577
2779
691
8061
1590
8915
3325
3709
4927
3355
9570
6239
1336
9067
7058
5541
252
897
3846
1441
2543
9861
6509
5269
402
7983
7342
4489
7749
1085
7687
413
296
9275
7270
6362
7375
4978
1688
2021
2964
1565
7056
9334
8563
7973
9666
4099
4146
9898
6337
5757
7155
7836
7877
4769
240
1124
5293
430
6635
6718
1291
8125
2936
9074
4736
2616
5400
608
3525
1082
7115
4165
4403
4894
6067
1287
9365
5295
2293
2761
