299
7382
9899
3128
4808
6458
1259
1550
7985
2492
4170
6564
391
2033
9774
5701
1520
4004
3187
7155
2964
1146
292
5826
8535
2987
1696
9241
295
757
7258
5197
6414
6996
1652
6805
577
3211
922
7398
2579
2114
8644
7997
206
2931
7822
2277
6669
7945
5998
6260
5751
2399
4438
8007
8557
6828
2858
3745
5261
2551
6691
7273
2531
848
3354
1389
5719
9236
6467
5816
8954
8449
4533
3231
1976
1890
454
7155
3540
4219
7316
2877
3649
6325
1354
7678
6101
7734
4387
3028
4584
6557
1164
7352
2124
2909
2013
596
698
4204
3042
4598
6216
9912
6589
1592
1403
6385
7562
1438
868
3541
4733
6528
5100
4590
2969
7527
1738
5730
4425
7871
5366
8222
9326
1015
4852
8534
3693
6927
8402
4953
3708
5347
2365
4416
9681
3746
3702
5937
8563
2306
9145
7780
9455
6564
8772
2269
4349
5567
8321
2798
7563
3751
3260
5561
2650
5199
2995
6740
5270
4375
9652
7483
306
8301
1796
953
7374
2306
3075
4787
2339
4177
2747
5613
2981
4237
1337
7784
6491
4835
8714
3592
9499
3700
2997
1357
44
3946
3657
9161
9987
9295
2403
4778
1504
6324
812
3100
2300
7948
2911
2992
8824
5804
277
7324
3762
8634
9376
6452
8327
1614
7718
8450
3911
198
5833
6241
2963
9943
6401
7520
3790
5494
237
3906
545
7289
917
5647
7093
685
2288
5650
8354
2023
6029
4855
1912
1356
7789
6833
2448
3481
9545
3618
2342
4232
49
9258
9133
3236
5073
4035
8616
79
2973
4718
9671
9307
1713
996
5026
302
3770
1060
6317
5099
8655
4664
3321
2449
4400
685
7938
5890
7924
1099
9466
9646
5704
9865
9429
471
4536
7742
1228
9342
757
7822
3673
5417
5248
5569
3784
3036
8011
172
819
1309
4603
26
4486
5099
9487
2564
5356
5407
3843
2628
2442
3140
6124
7933
7041
7069
9453
2185
7911
668
3413
3647
1762
2708
1043
3349
3201
9503
4911
6550
6225
6538
2447
3537
6736
4166
4688
7772
8315
1477
8565
9535
2475
8483
5788
5181
299
9439
1714
6343
7383
6549
2276
786
1674
332
1491
2580
2969
8871
1061
2887
1240
3445
7804
2730
8016
2463
9975
1535
8227
8019
1640
3059
4658
55
8044
4610
9934
6428
6736
9601
8487
8879
5130
4353
3172
7768
5851
6944
4295
4276
595
7521
8167
7147
7001
4318
5650
7714
5272
3865
8298
9877
2092
40
585
81
3488
6122
4694
9747
6271
8370
7672
6364
9956
8363
606
1481
9361
474
3633
8722
7567
2758
898
1882
1886
3126
1904
7774
2225
1480
3855
8523
2519
3247
8155
2043
4470
5382
3534
2054
5395
415
2352
4353
1283
7620
1209
9664
1954
4276
9853
6927
2817
2114
400
3107
3890
6489
5290
8094
5927
4334
852
3194
1045
2913
500
7782
4460
7291
1920
8248
2836
4003
6117
3563
9515
9390
6124
8045
6334
1738
9814
1866
9707
6779
516
6835
6095
5999
9409
110
3075
7109
195
3367
9924
226
7336
7602
7781
2194
6305
184
8085
4260
7186
2793
7120
4072
2413
3780
7242
9222
3637
5188
9087
9418
3363
3902
4022
7304
8039
810
67
2161
3919
3501
4092
3627
5961
409
3121
4038
3782
919
7672
6926
7182
536
9864
2493
6783
5648
6918
8403
8953
6508
4717
1357
7685
6212
4937
2013
6183
4800
4938
9506
5604
7035
3182
4466
3148
2091
8990
762
923
808
3471
4076
9412
3744
8087
9034
6572
8678
6998
6750
3277
9730
1081
5028
7832
8426
9048
1887
1603
4384
8175
2514
8464
3152
6172
8566
8196
2366
4041
310
3109
4711
1748
6230
642
8659
6686
880
6682
7162
6614
2758
4270
9324
8496
4044
2580
9545
8710
6151
4404
1637
4192
1140
5523
5455
2591
1379
4810
4602
1423
3611
2995
5785
1085
9516
6608
881
9378
5173
5351
6839
9582
6216
9205
468
7955
9536
7680
5177
531
5846
2862
2163
9591
5605
120
7600
6402
3803
5196
7280
3243
3198
3189
1419
4208
8736
9961
4335
4281
4401
6390
218
5144
5828
7580
8579
8577
7291
9340
2872
8144
5523
2613
2428
7352
2886
87
7160
2234
517
8746
4187
657
2457
156
9470
5525
9708
4022
5311
4829
1824
6583
6835
954
8192
9765
8023
5802
5385
2489
226
7384
3009
4181
4036
7801
3637
2763
2262
2681
48
4026
484
3547
0
6007
5579
5728
112
7956
2733
5188
2480
6385
4050
6452
7299
1961
215
5365
8890
995
7130
3638
2837
4881
6319
3418
1418
6338
1155
2707
4701
2683
7517
2674
8357
2089
6036
2109
9611
8283
1917
5173
4745
8946
4864
9567
7480
3523
5571
673
7230
9006
797
3752
5658
2792
9036
8266
1286
4625
4034
385
128
7737
6095
8755
4621
8804
5961
1199
6399
5461
387
9158
4867
4024
457
5892
3204
1107
8603
634
2271
2142
2249
3284
244
356
8647
6085
5432
313
8874
1044
7928
2211
7485
9839
1728
7810
2478
277
9332
6297
5031
323
6238
2302
4554
1688
2315
9915
3692
3054
4830
6647
3525
2488
9381
2643
3104
1347
5023
2667
2115
3022
8398
8972
2891
6114
8031
6773
2172
7534
5925
8281
5549
8812
2202
933
7198
3104
9800
3869
4500
1646
4065
5737
1082
3971
8863
5314
221
55
2247
37
6007
1573
4213
2509
1656
7755
116
2251
396
8451
6517
1324
821
7905
4621
7901
5607
8655
1331
5522
410
6952
1045
9739
1995
2245
3032
337
5640
6168
9640
4721
6075
3298
2684
7160
6929
1797
4957
3574
9024
8739
8457
5077
3663
1494
4394
2356
9741
1073
8891
6494
8675
8867
8361
1824
9537
1787
1835
9318
128
2450
6403
9981
2073
6135
2616
5191
5325
2539
3754
5907
9791
6660
7542
6332
6920
9505
1465
9524
1238
5082
5137
2335
5762
5663
5510
3306
4705
166
5442
5673
8060
2255
9949
5743
6957
890
2396
8166
4537
3646
5114
7987
3933
834
1063
3010
2185
6799
9882
7424
4951
8719
902
7949
7494
3533
7146
1940
4474
9668
9374
152
7891
6752
5474
4862
1457
2565
8451
6581
771
7956
6218
2214
6389
5339
5947
5625
7188
497
3438
6563
4950
76
1424
4820
1047
4802
3431
283
6565
1340
5094
1549
7981
2597
4423
9665
2980
64
9675
4370
4648
9544
2789
9402
2077
5048
3317
3767
9500
7634
7411
5620
2545
748
993
865
7338
8738
5353
225
8289
9669
2625
7598
8656
6594
3126
5382
3788
948
6460
3259
7426
843
3930
6409
1472
5589
9667
5814
1054
7070
7176
9110
4587
4137
8397
1078
2094
6786
8463
4419
821
5456
9211
5798
6978
2916
6608
6440
9842
7730
395
923
2585
2526
6777
2655
6165
8294
7113
9489
7884
5883
1897
1517
5903
5777
2939
3411
8890
2555
6838
5459
6028
1407
8
7587
886
8898
3629
737
5750
7645
714
9548
5591
2186
9193
23
1581
2440
8682
1401
1726
31
8749
5007
3571
5347
9098
178
2971
5160
5460
8289
6590
1226
2137
5046
7142
7614
6401
7849
7219
1860
4003
2383
2683
9936
8091
4822
4480
313
9501
4838
1624
3744
664
3609
4828
5396
2856
4194
1272
7819
3895
6119
249
2457
6609
6769
4416
6886
966
9896
9097
9177
1739
690
1073
9663
7323
4711
2814
3808
946
5469
5254
5775
9322
7807
997
1811
1390
7782
3725
5118
9403
3815
9997
1230
964
4177
6474
7734
3322
2171
9859
6084
5825
8180
4944
1429
3348
6103
9347
7021
3283
7389
1842
192
3781
6677
6632
8340
7038
1258
7113
1797
5598
8462
1014
8672
2910
8521
535
4005
2546
4329
6417
710
4563
1114
2345
1615
7304
1778
4476
4553
8168
2383
9525
9801
6997
9359
3665
8123
2046
7444
2784
9702
5774
2655
2506
806
2622
5724
971
2451
5416
3950
123
4723
2443
1115
2130
3149
5360
5313
2805
1622
7482
4728
4340
3612
8995
9329
3363
8755
4902
6184
3819
4679
6533
792
3644
619
1791
6164
9248
7724
9111
9065
6769
216
9283
6829
8063
8780
8134
8885
7338
5148
3613
2439
3619
8489
97
3826
128
8035
1718
9105
5491
3203
3437
7516
2836
9443
7141
6967
9735
3583
2248
6795
3035
1855
1117
9376
5117
2289
5732
6812
1114
8735
1896
9814
9959
5380
6531
6078
8931
2745
9694
8063
3096
5288
2765
245
2149
8357
6478
4002
144
2679
7657
5135
7499
9851
8829
7651
8691
2232
8182
8789
7001
2861
3926
606
3341
4464
2967
5793
3514
9119
6139
5929
6224
8145
7388
8587
2422
7872
5520
2198
7351
7875
9334
9764
1199
9217
5388
3745
9197
5222
7821
2042
1224
3141
2021
7286
8469
4874
3233
4083
8209
595
8557
5794
6173
3528
9264
6775
1443
9746
6757
1327
6775
5251
3710
1421
8576
906
7154
881
2722
7485
4412
8421
857
1212
6644
5637
7706
1261
5303
8751
6875
6729
8714
5179
7210
9484
4519
2480
718
5498
3781
107
6618
4959
9847
9872
1144
3984
2697
8815
5479
2853
6965
1993
820
6281
735
5434
8132
4347
2899
1851
2289
941
7197
8094
4632
556
7183
2309
9991
3359
7703
8429
920
1178
3458
5800
7288
2293
2035
5409
5921
3725
9367
8410
2243
7201
5477
4354
2106
6823
3998
842
6296
6295
940
4764
5109
7633
319
524
2516
7202
6888
2091
2226
931
7177
7692
2197
1126
2864
4664
9558
6375
561
7946
2413
7878
2421
7479
3550
9480
4893
3033
9947
5879
9661
2355
5904
6767
2067
8683
8065
3902
8275
382
410
417
490
8803
6530
2057
1394
9852
3599
297
7513
9799
1866
6302
7022
6291
316
1111
2747
3616
7533
5981
8942
5979
2203
8198
7007
7428
4046
1074
3593
8847
3768
9194
591
6978
1533
6721
4914
5196
2133
1325
8003
4740
3105
5895
4369
5920
6020
1880
6848
8570
1622
5419
5379
2845
8570
9596
3502
4437
9092
4342
7670
2759
1010
9216
6631
4532
7133
6145
5305
6374
3808
4629
8270
2772
1165
5737
8924
4533
2130
7731
8365
9074
6247
3449
6784
6105
2189
5798
9455
365
4762
4408
5884
4731
1793
651
166
9984
2757
7953
9520
2683
6877
1473
4728
7549
3706
6279
2773
2507
7429
424
5648
1289
578
3883
7644
9278
8647
5964
2541
3532
2376
5793
7872
8308
1885
9443
6308
5615
3776
710
9442
5431
1989
1606
1562
2071
7694
2348
5806
641
1416
1258
8018
810
3851
9302
3285
4022
2157
9839
7775
5
5806
4317
9884
4627
8956
2677
5335
538
7006
877
287
3236
5015
5247
4522
2778
6131
5299
167
732
8233
2459
3017
4084
7677
3066
370
7399
8838
5103
6886
8188
3648
8335
9724
7700
8263
2518
1843
7005
6016
589
9960
7225
8629
7536
4801
9109
856
2482
4543
3120
2449
7060
9488
4994
625
6730
6619
1507
6009
4387
5609
1974
2588
9275
2926
1192
8438
5358
4849
7484
6559
5949
143
7389
6076
9916
5930
5129
649
4827
7469
1334
3217
8533
3617
2142
1254
1522
3691
9916
6124
2819
6446
3148
4913
6954
4176
9072
7694
8462
3359
5971
8661
5062
5646
4586
4702
8226
2907
846
160
1170
9400
3136
4015
3090
9207
2820
263
9985
1939
9648
395
2637
8268
2350
2463
519
8396
931
8545
5496
5538
145
7235
1344
5007
3198
9588
7723
9036
4537
6725
9133
125
5577
7609
721
1431
3503
4757
89
3597
9966
1294
7759
5641
6134
3137
5240
2315
7996
1925
2205
4868
5606
5687
6051
4099
1533
3278
577
7660
2678
6500
3302
1778
609
1275
2584
5392
8612
7451
3741
9920
9859
5757
4415
7058
4662
3349
4373
3614
5400
6097
979
5730
8871
4886
5027
3060
2358
5037
7696
6337
7701
6320
2549
9861
1557
2049
7628
9157
9979
7423
5127
1496
9179
6252
140
6079
1328
1952
6350
6328
4645
9197
1330
8633
5609
4052
4656
4670
1700
7845
5116
94
7037
8042
9415
879
5973
6422
1388
3201
9892
3209
3943
3595
2148
8311
9856
6627
9843
1695
6539
7549
3327
4987
8740
6383
4973
2822
8356
778
932
8027
5228
4541
7391
2862
3882
9538
5100
571
6107
129
1110
9539
5354
961
8754
673
4052
671
609
1646
3266
3488
7715
9578
8933
2052
9754
3657
1228
3350
6620
5788
3135
640
6569
701
5015
7915
8137
839
1454
249
4700
4832
7958
2945
9018
8212
2954
6919
5606
813
8383
5820
5761
5107
9925
6308
478
1189
4204
9327
4679
4196
2028
6746
6355
7484
8034
2523
3692
6865
6554
1666
6940
237
616
3845
6741
1673
8063
4490
9414
4824
5292
9489
7134
2225
6915
721
9549
9304
3712
3837
9680
4838
8432
5979
2437
9570
8729
9157
9128
9698
5790
1471
7194
3615
9887
7267
6116
741
9187
4481
349
1213
8331
9206
5833
2199
5471
4662
4101
7272
2923
1898
570
2998
6485
5037
577
9810
4887
8837
2924
1477
2245
9873
9604
7222
9503
994
3076
3353
5656
8611
2442
350
690
8478
6111
1499
5953
8192
3571
8843
1167
9547
8361
515
2074
6823
4628
2284
7162
7256
8092
9093
4335
177
6272
6091
7836
7400
5332
7348
1449
8366
5414
6060
6295
1521
1525
2321
2067
9046
2879
8320
8104
9301
1324
7160
745
280
2901
8145
6448
9576
9623
2017
2255
5368
2156
5357
2094
7046
9734
5679
1360
1767
292
309
4465
346
9387
7690
8503
3509
2422
4846
6569
218
7909
8107
9672
9787
7376
1232
5939
4002
9892
5675
8106
5292
6712
5705
17
4130
4661
2388
552
4325
6115
1232
2193
3667
4125
5661
5361
6141
4175
9986
8584
7597
4558
5675
3950
5510
1835
8956
6532
4342
4346
7986
7922
2031
7260
345
2529
4040
9726
9555
407
1293
5461
6321
4456
8381
4495
2844
9572
2828
5691
8798
9542
7306
2281
9832
7451
142
1270
2459
92
2444
3071
9815
9544
4783
6998
9596
6481
7533
5260
1274
8271
8333
6872
6297
7993
2298
2310
2290
6206
6412
5453
7850
9233
4983
6020
1389
4852
6020
7538
456
789
4869
3718
205
7064
7195
496
8606
5201
3835
1204
9668
4069
4506
7120
3624
7261
7358
5540
690
6841
2989
2454
4646
7865
5625
3860
2358
6640
7644
7379
763
7981
8355
4488
8136
5365
9446
6505
3153
2853
9853
5769
9017
8653
9486
6195
6960
7035
6755
8221
6773
3581
9203
1312
3489
4764
8626
34
7438
9523
6129
5088
7111
8750
1677
3210
2747
4390
9612
8248
8094
8132
7252
7757
6107
1689
6775
7891
267
6686
3564
7348
3263
638
4449
9018
7443
8329
3200
3604
9493
8747
4827
9648
7296
8810
3640
6489
2208
6107
9788
3613
742
2340
7213
4908
1839
9182
1153
4191
5752
23
8012
4988
2625
6876
5083
9302
8878
7646
8684
6693
4057
9495
7968
7594
9276
989
6392
6029
3669
4933
9917
4974
536
8869
2550
8057
7492
5223
520
7333
400
6803
4179
8453
7952
3778
8293
7051
9780
2206
8955
7885
9430
6003
5710
5574
9122
4168
180
764
1861
1868
7439
9439
7895
3929
3278
257
6488
3955
8328
2014
7917
2478
6909
9365
5050
692
6966
6677
4328
9032
1171
9929
4723
7105
2215
2337
3743
874
2861
4599
4578
5252
5152
301
5126
6566
6929
106
3389
5738
5651
6851
592
110
7591
3945
7001
1830
2048
7374
2301
64
4431
8358
9810
8999
8042
6223
1285
4751
5610
9456
6265
2641
3326
6241
1254
2030
184
4808
3159
4063
5919
3324
4994
5770
3888
7954
8851
6321
4334
2825
5767
7967
8025
3920
4828
8096
9752
6262
5743
8846
775
8661
6383
820
6348
3912
8402
2343
5805
597
7147
6653
1460
3466
5998
9286
8824
9756
3766
572
2740
6787
1421
4855
6440
4331
5244
6349
9641
1941
6646
4281
7958
8239
8541
4337
4124
8768
6283
3878
1406
4964
3512
3644
549
2948
8322
4280
7513
4301
7721
6272
5659
8894
3467
1528
5521
8268
713
5660
3195
4489
1879
3395
228
8046
5420
6935
3838
6613
2967
5319
1935
4701
188
4698
5754
5515
7466
1408
7474
7882
6174
3890
4574
6329
2227
4362
2240
3424
8933
9442
1426
507
7162
693
5885
304
2373
417
6978
3970
3265
9454
315
3125
8051
7380
1214
7547
8164
7224
761
5912
9267
1290
1826
9949
8538
7984
5116
7298
7539
2251
925
1851
8163
2948
4550
7393
9988
6404
2474
9672
5490
5353
3902
971
7718
2372
4371
1389
6411
5739
5512
4627
3766
5190
8546
5728
4894
5077
1898
1571
4147
237
9297
5213
5022
5585
4110
1298
574
7124
6746
8957
2641
5451
7000
4387
3355
1022
3472
5067
3253
4520
6652
3725
9844
7240
5677
9622
859
898
4745
7606
7031
8090
986
5357
584
6061
4586
3891
3603
3328
9302
8260
9899
370
7616
9251
5391
7594
7948
267
8469
6650
7595
282
8788
9756
400
8778
9388
1767
5836
6051
9793
9973
6883
8556
9463
3034
9193
7785
1419
657
4168
7262
3376
3887
780
2019
4987
2831
6138
1450
5455
5158
2173
8332
1381
1352
8316
8309
4277
1997
8379
3396
3480
3772
8004
6524
6586
4104
7061
5951
5989
4735
86
7912
419
3051
5589
2710
7398
2719
9057
60
7074
9041
6493
9743
7695
1703
7870
3841
8499
1066
7488
1538
9529
4086
1374
37
281
1425
4167
3473
9073
5274
1240
9174
9092
3698
6743
6528
3940
3317
4678
374
9033
4938
7862
241
5992
6724
2611
2294
2672
3973
191
2739
182
5885
1038
6722
611
5396
1235
4905
287
6751
2005
4516
7627
5291
7642
1284
7586
6050
6097
7860
6323
2551
6284
6154
4105
2372
8356
6844
5418
5001
4226
7076
8121
632
4970
8547
685
9884
8783
4286
9645
7594
3852
3533
1972
6986
2214
8762
2429
7473
284
9675
4012
888
3032
2145
5687
9358
5539
7471
9109
9409
9649
8949
1496
918
7610
5039
9527
5527
6476
1305
6935
7524
1482
9481
7547
4599
4644
1839
8345
3739
8053
8174
599
5684
2809
2813
1604
9665
4360
2573
2821
5375
298
2930
6594
2320
5691
7799
3186
7739
3352
5896
5567
3909
3772
2534
3859
7725
415
8190
4285
2139
1965
1881
7811
288
5637
6303
9857
1877
390
7689
2191
2781
3318
9728
1651
4837
6538
4421
3715
7535
6541
5824
7988
2097
9765
2099
4827
2509
7921
2417
7261
2093
2852
9411
4547
3983
6580
771
9073
5651
9289
4794
2311
8077
135
2022
4138
5733
2265
4764
83
8074
856
1675
7181
8940
4164
7468
2033
6145
6640
9447
6290
4282
5849
6168
6745
1710
6704
6525
5273
4506
7246
2930
3847
6499
7576
8817
6013
6198
2246
5577
6956
6179
6363
7940
1793
9793
5775
2838
7868
1775
9041
7419
3628
4999
9243
9744
4004
699
9287
6282
5870
6678
2109
423
3214
8264
7838
9154
9296
4658
4657
626
136
1652
504
3669
6846
5533
2866
7999
9510
882
7468
838
4615
1803
723
8106
7945
2177
3592
5839
9613
4845
3894
4770
5464
1054
2786
9610
4352
9681
6799
7081
9885
496
3445
2876
183
3051
6154
2329
9635
5569
8434
8404
1150
9126
1199
7557
3094
5245
3315
2863
4774
8618
8678
8857
4400
5966
7096
6400
4249
6423
2915
19
1423
8089
7471
5018
7637
7361
8199
1856
6872
3084
4554
8007
612
6792
9698
7660
6899
8988
519
4516
7509
6470
3923
5357
6978
8172
8390
7597
2398
3669
1852
6900
5941
2531
2782
1068
7117
4010
6252
9623
8325
2310
5961
6903
6824
3717
2163
3344
1197
1505
53
6364
3219
9351
4033
103
5449
4715
3555
8369
8368
4436
6398
6442
5645
6908
6742
6975
5079
4671
3035
6474
8099
2516
7794
2724
2796
6619
7062
8142
1746
4002
3636
5366
4354
8992
3681
4163
3787
3336
1541
6344
1149
1401
1464
1702
5081
2268
6961
9071
8245
7809
8366
9874
7381
5646
329
3915
6015
9739
5501
4118
7675
5487
8113
2571
4941
1633
2932
1727
4514
8450
6030
9980
643
6900
4429
709
8613
6334
4144
5275
6639
6194
3478
4743
530
4034
5173
3098
5009
4814
5475
1336
8445
3593
761
2555
2067
6376
663
2503
6641
6567
4571
9155
2889
8836
4845
3926
7881
7158
5037
6653
4006
7886
7187
1816
9044
75
7285
3515
550
4151
4288
7681
9126
2841
4023
9903
5668
7953
4506
946
5030
2522
3912
7760
8260
647
8967
3479
4830
1969
4142
7952
4248
8842
3736
7440
5732
6575
6712
6327
4446
3454
7278
905
2700
7962
3063
2439
2110
9366
8596
2659
4599
9403
2322
2674
2874
1863
8381
2388
1621
4668
764
6903
4731
3724
4593
6736
4653
6975
1412
3649
9831
1420
9379
9915
3825
8891
3313
6227
818
5777
437
6041
9618
6634
2838
1580
3491
8553
6058
1330
2947
6388
1673
916
8260
8836
329
8179
757
9914
3527
6036
9026
9077
405
8315
5403
9237
8181
5259
3118
7769
9791
1610
6780
1230
3005
4583
4047
5444
4418
4887
4660
4184
5427
4119
4534
8526
6456
4149
4234
2090
6686
3693
2896
6992
6830
8255
2927
6941
6749
3919
6217
6869
8811
814
6006
4559
6556
3577
8324
2587
6637
5339
9050
5437
2815
4972
8674
4276
7756
6635
1384
4952
4151
3145
7793
6369
4142
7033
9535
3149
2709
6769
3633
5755
5754
3031
296
203
4234
9084
8441
7956
6740
1184
5920
3516
1613
4711
4552
4599
3987
9410
9688
4947
9574
9208
8731
2778
6753
7688
2543
1184
9053
4308
6018
3320
6261
5216
4884
9956
6561
9099
3716
934
1424
9531
6076
8113
68
7451
5135
8136
5587
5873
997
2844
5961
8756
9077
1697
2669
4489
5900
1084
8752
8631
2103
1261
4002
6567
9117
2462
7837
9059
4270
7458
2742
6907
5870
2103
3669
1128
279
1807
8167
2843
4665
6621
9880
7125
7540
3496
1534
270
8897
2133
7500
376
6870
7666
6275
2176
291
5293
4744
4335
6601
7660
6195
8665
6811
992
2743
1093
2621
2138
1749
3199
4629
6081
2807
560
6941
2339
6360
4978
2382
7813
6131
6592
413
2080
7894
5367
4383
3851
352
4418
8119
2569
4440
3648
4141
9889
681
6717
5598
5334
2961
8136
6950
8372
5130
6543
1858
7690
223
7163
9613
8737
6690
9888
6627
2868
8458
9020
1423
4789
5398
3801
9932
1141
1138
2213
2003
7323
8289
2222
1728
8946
3070
6688
6535
6827
5133
5429
3300
7646
4533
6090
7822
5916
6574
9586
6254
6569
7394
3490
7728
1498
213
4555
5992
4282
9351
6827
2883
4481
1393
3614
6671
8602
2628
1189
8064
7027
130
4702
8599
1710
9632
537
4908
4604
7930
982
3488
61
2893
8763
6975
6212
3920
3514
2577
3428
4824
3455
9410
9651
4543
5176
7237
6334
1449
8420
7622
3535
2070
4536
5152
7476
9624
7649
1570
4297
9859
8700
1117
5273
6526
2143
7125
4745
5873
1158
8383
801
8055
2338
1505
6068
4309
7308
4667
2897
4140
380
2768
4412
4226
9655
7805
1514
4772
9552
2837
4574
7968
2918
2898
6156
5435
3899
8256
948
8024
5600
6468
48
2774
579
9546
5967
7100
4433
775
7510
7276
8630
4893
9005
2352
1989
6418
8896
8644
6851
6549
7072
3561
9157
3453
839
3353
6293
6266
7523
3782
3032
3697
5393
3772
3113
9743
1707
3403
8489
446
5254
2129
5118
7359
3525
76
6461
3902
606
1814
9891
6540
1739
6001
1961
1153
9220
9203
67
4310
5503
393
1177
4134
4335
4308
227
258
4196
6037
5086
8581
2398
5885
9730
8082
2536
360
5989
1785
4331
8150
1663
1704
7628
3645
6397
5368
5179
1381
3793
9606
6904
7298
9706
444
7272
2300
9727
9525
8369
4262
4741
8078
5205
1581
3244
4153
8756
1189
3300
9979
9973
1406
5790
8181
4303
1610
1843
435
4780
4334
2217
6898
8704
4356
8923
3474
1185
5070
9394
94
5977
7225
1015
1807
4016
188
1260
3564
1934
6249
6176
9842
5386
5403
3583
2181
9876
7095
7276
5503
9101
841
9102
8865
1017
7040
5972
365
9736
8142
9845
7240
4346
591
5256
7154
3460
4081
7197
2146
8112
7247
45
6682
7890
845
3514
5909
9143
2564
5177
607
7241
3424
7988
9016
5570
2083
335
825
2180
7833
7679
2100
5107
3017
2477
2979
2126
2
3110
8107
5387
4874
823
9808
3370
473
1333
979
2029
5964
606
9679
5014
3543
4795
9377
478
5845
3682
1431
2348
1064
6444
1653
9416
6395
167
7604
9437
9723
9048
1785
7386
354
928
949
7477
1354
4193
1758
5798
8806
9971
5553
2243
498
4164
8574
8970
1050
1168
198
6964
2646
7307
6395
5780
6437
1912
9173
405
8641
2850
4079
5337
3031
1812
6531
5994
8180
1746
3602
4978
1291
2308
1406
8919
5448
9739
7371
7096
1492
2838
1246
9860
345
7550
5383
8057
5941
792
1782
5997
8888
2206
6929
7
1140
1813
436
2555
7869
3337
2557
817
8952
4997
7851
2031
5655
4506
4028
4294
5110
8567
305
2334
2106
9343
4758
243
2658
9155
2954
6137
3041
4997
3489
4817
9178
2622
1676
274
7829
8997
5241
22
2692
6746
6483
6008
5990
3486
6611
2431
6119
5771
1341
9938
3713
8928
6263
3065
9321
1342
4253
920
3363
9321
407
5170
7897
8400
4638
7576
5534
7622
718
7791
8737
7094
8557
7016
1671
7004
1454
5058
6503
2227
9837
8067
7040
6089
8733
8895
1897
2783
8983
1342
2713
711
7650
5784
3561
5673
2681
6344
9107
9447
6221
8541
6739
1088
5883
2937
2515
4226
2233
9368
9239
2181
8210
9716
8720
6689
9050
9544
9535
466
3092
854
4159
2708
9935
8983
6639
3212
2190
5848
1862
3623
5935
4082
5144
2579
4764
1948
4176
8832
462
3627
7714
721
6864
3135
4155
8083
5522
6595
604
5035
9429
3258
4336
3114
5690
2579
6625
9527
6830
6911
4694
591
2058
3684
7347
5847
66
1548
5644
6562
2914
6221
34
6191
7887
7971
4549
5014
8637
4584
5173
6906
1538
4092
1850
5119
9722
4464
2603
3010
5936
2355
849
638
7832
8473
390
3762
1757
5092
2718
6979
2058
6023
7943
6116
8069
5997
3012
4128
8466
4113
8317
6616
1875
8350
1507
5686
4493
1049
2031
8604
4161
1358
121
6179
9195
3997
1267
34
564
8272
2925
1848
250
9604
9569
3263
5114
7222
1021
6898
5727
5710
5633
5009
8997
2709
1503
9378
8760
5562
4775
810
2614
9085
7513
4959
1056
3439
2099
4316
6613
8359
157
2988
3771
5026
8922
2108
9444
3183
2377
4330
5304
2566
8056
1333
6583
9913
6441
2045
3254
1213
7436
99
3909
7561
7164
6473
6358
4827
8185
9327
344
1808
7074
6235
3805
5649
8642
5380
6615
6698
7520
5828
5017
9255
925
6418
5082
8733
2226
6276
8465
3203
4518
5102
3964
8656
8057
1912
6622
8838
8074
6578
1157
2535
7169
1718
1979
7352
2177
500
2651
7216
4831
4088
1030
7255
3973
3264
3627
4454
9449
388
1051
9271
1466
7140
5045
975
1342
3648
1080
9067
1765
5183
9345
651
3073
9152
9699
5259
4451
8753
9484
3644
2794
5734
4315
9608
2926
4796
2988
1817
236
8664
8101
9599
6135
8990
4040
9358
9939
6161
9385
233
7266
2963
1089
6608
3450
3708
2564
5964
4053
8546
1750
5986
9155
5833
7447
6050
5695
3776
9863
9007
7753
3555
2189
5805
7376
1764
3509
1469
2418
1756
6592
4103
2115
2207
2471
1059
9296
3721
9617
9782
9230
9291
8916
2329
429
3460
7186
7297
5987
8306
1147
9357
266
3308
6876
7167
9960
6529
7441
638
1243
4549
7517
1280
8502
4057
3406
1709
9337
2647
2454
6967
2180
1478
1945
3043
7321
7982
4735
4525
8862
7897
7931
1478
2588
8443
7731
1741
5558
6198
7209
8463
35
7678
5980
2270
2867
4892
7999
2212
9068
9192
1758
7057
881
1603
3710
4568
5261
2667
4448
8524
5297
8295
7409
224
9431
7856
8571
6798
6374
1578
7408
4189
2052
1937
8169
6509
2748
825
1072
152
2555
6940
6328
6945
9715
2218
7099
9346
2413
9058
8626
1459
1842
3712
6103
6656
7229
4259
6879
2591
6417
4027
379
3812
1341
290
6701
7006
1282
4208
2196
7054
5237
3737
1147
4719
814
5254
6886
2177
4899
6025
4440
9297
5625
7816
1483
5666
9934
8238
7603
8074
5439
6512
614
3900
2520
8500
3503
1352
5793
3496
145
8577
1127
8480
6847
2744
4178
8368
2942
3277
5326
88
3265
3188
8632
8447
6496
6274
6467
8488
7720
8889
5752
4369
2530
2470
8989
7458
2364
5185
2443
8286
4275
9318
3032
6596
9295
4936
9041
6152
3562
2458
5851
6235
2143
4165
6812
6352
5155
7495
8461
8003
4435
9400
4878
5036
285
5652
8198
6371
5565
5192
2888
4554
4740
454
4079
2917
2668
4846
6151
5378
123
1081
8234
5272
6585
1476
1633
9731
3625
5814
3843
9103
4143
9129
1082
5909
941
8260
3237
7078
9111
4559
3824
9802
215
8835
9099
9574
550
9021
9139
426
5523
3035
2165
2170
8156
9560
4879
7048
1859
871
6520
3343
4520
7431
9990
98
7036
137
6243
6135
9435
9535
639
3674
1782
7344
9900
4466
1042
7441
8405
1660
5041
7678
6829
5180
8143
7578
1662
9313
2324
1688
8749
2907
9462
9404
8330
9783
403
3242
2310
9032
3958
2135
275
6378
8010
3018
7809
5234
9374
4546
4642
9758
6726
2874
8676
1204
2278
8081
7234
7475
2936
2189
5374
5314
835
597
6600
1164
1716
9776
6278
9012
8890
5012
9271
3088
8845
2199
8527
5397
8201
3100
5898
7800
6864
8405
330
7698
3694
8821
439
5615
1844
920
4463
3782
5714
9232
2606
9655
9154
4778
5292
1767
6705
5073
4125
2994
4365
9287
3171
2343
3826
5480
4281
2906
8659
6326
7784
6139
6939
6287
8814
4490
3248
8990
841
3559
450
8297
8092
7681
1262
4429
558
9402
2436
5086
3731
3307
2355
4588
7442
9540
9591
3630
5687
9879
4396
105
5591
7779
6479
3454
9312
2479
1398
9117
772
3408
2813
8313
9920
6976
9931
2017
126
9792
2236
7192
1471
3687
736
5773
2762
8533
5717
9024
4428
7067
8729
8612
5068
6234
7910
9771
3845
536
4557
2317
5853
2489
3109
8895
4402
7134
6012
673
6129
1522
9758
9101
3067
9279
1983
1607
7103
5158
2624
7126
4047
5228
7554
5748
1579
8675
3101
3270
9365
5116
6631
5698
3315
8725
2311
8398
7690
267
7194
594
7283
6302
3725
9078
4647
10
9232
4525
2025
9708
8046
6036
379
4942
4321
6986
6351
7018
4857
3335
4355
2966
8768
7403
2376
8388
9659
3373
9341
1387
28
9889
8440
3821
4880
8872
2837
3741
5964
7071
5174
1906
2955
4371
2940
206
7695
7899
4268
7727
7686
9253
3020
2295
7541
7899
1746
5017
2598
2421
4075
9587
3209
5156
3309
5135
2059
8038
2475
4599
2618
5095
2148
3482
4365
746
2751
3726
8812
677
1451
527
3841
2102
633
9551
7352
9993
1598
2209
5605
4114
884
279
5514
5176
6895
5336
236
3596
23
1000
6284
5307
7496
2909
9610
5590
2160
4160
385
7296
6657
5231
1215
6575
759
6752
3082
2048
6694
9423
2949
7157
7180
5032
2904
1179
7371
3677
5088
6339
5105
926
7837
6449
8820
1474
2255
8801
6398
4545
8004
2849
8867
9063
6585
8815
1043
6507
8542
1492
308
9561
8243
4104
2949
3508
780
217
8741
4057
1122
2483
1479
8990
8464
5876
1525
6188
5225
7646
263
2171
3350
7608
1795
7342
3306
6278
4539
3428
4110
4696
1891
4816
3184
6818
8862
401
8080
373
2428
7707
998
1959
3978
4491
2061
6598
912
3032
9820
3602
756
9076
604
4499
6149
1491
3264
4663
4860
6884
7550
2402
1369
1131
7833
6494
725
9197
2281
5404
5415
8825
6901
4140
1224
4350
694
4993
3346
692
4042
7921
6432
1383
6368
7972
1498
4660
8099
2649
4789
8579
874
1514
5588
5678
3757
1248
6304
1983
2559
1208
482
5086
3615
7612
2211
9700
1748
552
3177
3569
6786
1400
3220
9770
2276
2457
1129
4107
6725
5277
6035
6216
2969
358
1398
9783
8699
3523
5330
799
4949
2248
9314
4248
4150
6313
2846
6853
7575
1044
5065
597
6109
2292
6437
4034
6851
4875
176
3834
2657
4118
1453
2480
422
7634
5060
1192
5706
7146
5030
4034
8758
2449
1378
4562
6561
8624
6927
5014
9485
3393
9399
1170
8616
2665
8203
4104
9573
7241
3084
5067
9242
2357
5744
9614
3037
5932
445
3873
4857
3201
2013
6966
3453
6051
7260
4457
9663
9737
9671
5276
562
9962
4204
1632
4490
7151
2125
338
7356
4401
9585
6935
8881
2997
8619
9316
5959
4174
393
333
455
219
4937
1007
4143
3959
2515
3919
2518
4832
7269
3203
678
1631
2219
3626
5240
7982
218
5589
2134
2358
7928
7133
698
6213
6443
8718
5995
3047
3121
1465
8740
3767
3521
6085
8057
3764
6479
5660
2311
3419
6381
7366
2484
3624
5546
3003
7082
9253
5512
7053
377
4907
1867
4368
4807
4006
2676
5939
8712
4112
3451
7323
553
860
3599
2237
175
9454
6344
2737
8676
6089
7523
8372
3264
4967
4401
7419
2293
4377
5311
6730
7384
2440
6995
8135
2951
4005
3625
5902
7139
2404
1668
4931
283
8508
7505
1173
7185
2707
2528
5943
4744
4521
9461
3846
6689
2848
9744
9756
9368
3771
143
2739
1400
1138
6670
8192
470
3226
9826
3625
4916
1696
8787
9605
2928
5517
9928
8633
4294
7021
1386
9752
4709
1287
2755
172
6271
8441
3704
1304
7469
9410
1269
6584
1449
8586
6189
6604
8816
8329
2750
7276
8390
2687
2618
9138
2191
7336
9101
4634
2487
6046
7645
8603
8631
7608
8538
3917
7621
9240
7034
2339
3863
7024
4392
2364
1316
283
9731
8988
9984
8991
5033
6544
5309
8602
5486
2005
3011
7907
7190
9744
3338
3728
2092
6408
7424
9898
5891
2111
8748
245
3861
8742
6219
8809
3509
9255
1992
4137
812
4094
5646
2011
8128
2936
1390
4785
5407
1584
2984
2398
5959
8192
99
3898
2639
7495
6657
5831
9198
9544
5998
1082
9224
4492
490
4319
5701
4940
5522
7964
6554
5230
9797
1640
1905
2727
3981
4639
6777
745
365
8011
5366
1235
6316
3779
5407
8676
1619
3381
6237
3404
8030
6238
8651
7532
8393
9763
4498
6991
7818
3961
2337
3702
1929
4888
4312
247
9439
7457
3496
5036
3055
5692
1612
522
6510
6426
1277
4831
129
8872
1448
1192
8598
8047
3697
6770
6816
8148
1004
7340
8706
338
2841
2518
9966
8867
4017
6488
6003
3119
17
6812
6254
5660
1289
2739
1777
7586
3514
9306
1853
1177
5256
7566
2624
139
3175
6699
3652
929
435
9975
7765
6274
5616
3179
6408
1476
8927
6974
7722
1837
5351
3719
8505
3898
4467
4809
7954
5735
6131
7309
9106
3334
664
5547
8983
5790
3026
4153
807
7897
3835
4303
7907
7700
2644
2164
3712
7844
6096
3357
1814
8677
4994
774
7411
2412
5978
4555
1882
3875
9085
4118
4094
818
4300
1885
766
2500
7633
1670
2063
3353
3039
1804
1093
5890
5934
1073
2316
2219
4865
3776
3377
8394
1618
4660
6413
1524
4053
6668
1808
1347
4266
6291
1880
5150
4753
2052
9653
8298
1351
5094
7100
8329
1886
8296
3344
2137
9592
4883
8983
861
4042
5368
5641
7112
6292
6926
1232
2258
8732
9956
1645
6387
4588
5035
5624
5228
1685
5731
1434
108
2562
5114
5053
2854
3860
3224
332
2077
8019
129
948
9860
9153
2873
1247
2241
53
1492
7876
6523
5547
3001
1525
2880
1787
8392
4305
8682
4319
1926
2483
4846
8454
6768
3722
6350
4899
311
678
5587
7409
6504
5633
9246
3735
6793
1189
5573
8147
2067
8238
9540
4740
2171
5879
3104
9406
5585
1714
6778
9123
3482
3698
5242
8656
1831
4139
1738
5280
5239
2975
7346
3385
9980
6178
3571
5940
5000
7916
8783
6653
7106
4073
3168
6814
702
5661
6827
8734
4362
7415
7254
4277
229
9583
8393
93
9654
732
7685
354
8936
4220
1447
7183
4030
6197
883
7109
3385
3498
3189
3418
9365
3326
457
8891
4314
1323
5830
6760
4734
9997
132
6429
5708
3270
7958
2285
5137
576
8794
8773
2064
1441
9774
8544
6090
9341
849
9322
455
347
7163
1886
9318
93
7942
8976
7889
5689
9519
1259
4139
206
2540
7978
7265
1364
3334
2864
7242
6651
1277
7984
8274
8409
264
3425
2647
2275
3330
8076
5730
7523
7308
9744
2668
9015
6508
4188
2928
1777
7044
5302
9496
3186
1265
3990
1310
9481
1390
6618
4124
8047
1818
3538
3427
3973
1001
3150
1140
7696
9286
2369
6832
2272
3038
9446
1149
7046
5298
4248
1827
560
1525
4149
4931
1706
1140
2783
5106
1855
3101
7421
1412
4235
927
423
8308
8632
2125
2639
7324
1352
7384
1479
9292
6036
6497
6145
2743
7492
5724
6336
7687
8365
8181
1568
5320
7396
6924
4593
2658
4210
7984
3184
4501
453
6805
2382
9908
651
5662
7412
5777
1682
9260
9164
6126
5214
8054
9099
9366
3015
9087
7293
940
8468
3499
3786
7072
1394
3176
5476
8198
7054
1867
9952
4509
848
2633
6424
3612
9831
3151
9664
4283
6633
5745
1388
5388
5316
2314
3132
2377
6732
3227
9278
3072
721
9368
781
4243
4079
6533
7199
3771
147
8765
8024
1399
124
9684
2725
6030
8245
3863
4703
5037
6263
3319
7785
1163
4095
5013
404
1890
8036
9104
5432
361
2723
866
963
4471
9972
2829
4968
1759
3130
1365
5615
773
7121
1208
2306
5584
8620
253
5957
2884
5669
6283
7173
3602
2270
8863
3258
5498
2833
1669
2669
2030
4357
3243
8516
813
7554
7688
9053
1001
8428
5608
8225
4672
7990
2639
3282
1637
7019
1397
7677
5131
2140
1246
3132
2413
7450
2874
7933
797
9015
5405
6048
6326
2207
4130
393
1256
6327
2973
5334
7350
5559
8628
5555
3947
8120
8400
6463
9797
5844
7338
6217
8391
5218
4158
8359
5138
6163
8019
2535
6232
2181
9422
1867
3690
4236
729
9130
4698
9308
2023
5494
7248
6121
1297
2027
8819
2593
7128
4270
4197
46
1421
6917
5919
9469
8659
9624
1554
670
55
2117
5258
5498
8800
6000
2513
1707
8021
2732
5109
173
4923
6137
5231
9702
3606
3787
3167
4373
5056
2675
8012
9491
361
1139
4651
5918
7972
7810
9694
3369
3436
1772
1979
1407
3388
8863
7824
8181
2488
1380
7409
4746
4659
208
7115
3052
6261
7217
1173
3122
9421
4880
8883
5545
7058
7848
3230
8281
2869
7482
2739
8589
8140
5756
5343
9044
712
7729
8888
10
6835
9119
9448
3478
3863
7848
217
7571
2438
770
4533
2246
5278
5923
5236
6460
4311
8493
814
5281
7926
2121
9610
7796
1824
9859
6926
1932
4815
5148
4418
6489
4977
6055
5697
1944
2953
6393
2982
5338
498
1470
1021
2388
3907
1117
3759
3830
7024
3846
7377
6664
683
1464
1698
2685
9640
8822
4663
6124
1803
8391
5174
4180
1712
1335
713
3898
4126
4538
576
775
7947
6327
6202
8926
2549
6486
4117
6262
9565
912
3218
3728
9092
4524
694
4854
7238
3240
7508
9127
4480
266
9942
9299
8452
2401
7478
8688
9898
1984
4626
3013
27
2598
8085
5400
3083
4057
7479
8854
3199
3437
7860
8299
1884
5280
4634
8122
8823
7350
7631
1948
2116
6756
5741
4779
6769
8711
264
154
9086
5343
1019
4911
6880
6674
7586
2521
8351
8129
4374
8829
5999
3519
8160
968
8784
3981
5573
4757
3655
9981
3541
7655
9300
8643
4047
1740
142
5458
4450
948
2083
3190
1344
675
1183
2853
4522
2048
2168
1647
1602
5947
2862
6282
9498
8273
5746
8527
4948
8584
2350
2697
239
5741
4167
9451
3861
6694
341
5924
8789
5185
5656
4781
800
3309
2765
1800
5240
5734
9077
7740
1650
5345
6959
4091
4570
7567
5869
9383
2160
5695
8467
3206
6054
9831
3556
7350
9778
4183
9374
7516
1967
8606
2305
5254
8683
9576
2613
7310
7863
4387
958
8258
5910
5732
735
2753
7929
5075
1066
3986
9260
438
4065
4384
4429
6947
5456
8658
7394
9891
8724
3849
8998
3391
4958
2925
2746
628
1283
116
4429
6756
1779
8487
4066
508
1004
4648
3894
546
7351
5768
7786
7430
602
2792
799
8599
6295
5298
1071
1851
4139
4667
9282
6819
9895
8877
3457
5895
860
3706
3301
3781
9223
5185
3610
9493
4092
7540
8113
3529
2953
7429
683
5185
6419
154
1255
8124
2351
4913
7504
2625
9804
1315
4485
6667
2362
1758
6903
8972
1329
6637
7391
5829
3947
2900
2371
990
1414
2393
2494
5730
7965
7729
6878
7341
3225
4336
546
4593
8091
3882
2681
99
8078
3220
2309
5708
7801
4925
7585
8362
9485
3192
4252
558
8290
7831
98
3884
6666
26
9041
749
3657
2041
1454
1263
8146
4859
6546
7198
224
8238
3044
8229
2842
4094
7957
4021
1043
1394
1936
2283
8516
6838
3041
1667
8471
5241
3616
7987
3978
4190
1813
5726
4895
1670
5881
1649
2643
2157
9380
8822
2913
139
7959
5323
7839
4965
5720
4080
3193
3232
7569
1003
9115
970
9113
1947
5134
6995
6290
2335
3485
3424
1450
5618
9075
602
5928
444
5965
6050
1188
2730
9715
5414
66
3866
4464
5353
6154
6810
4387
5642
5323
5328
5439
366
8673
5646
549
1137
2091
3809
7298
3047
8902
6732
8157
10
4893
1745
2312
629
3706
2117
2511
2926
6415
9453
1364
3870
4922
8841
4257
185
9136
7871
513
1506
5776
7778
6837
7354
2934
3721
1887
6453
5403
284
6700
4366
2419
4099
6716
2583
2833
4870
1328
8740
2758
3365
2419
2276
8860
5990
1922
6926
8209
6799
9136
945
2556
2189
5517
6561
9050
3132
1357
4958
5298
471
7184
563
5468
5130
2025
5884
3088
3343
5402
7371
5947
1647
780
4726
7878
589
1604
4649
2246
8683
7004
9952
2331
3958
230
620
6302
9304
5565
6435
3047
9919
6079
6041
3306
3559
9864
2071
6967
1927
1970
3584
3236
3593
1277
8882
9358
9220
4606
7898
1642
2769
566
6135
9584
7410
9714
3512
9690
7215
3871
9850
1498
8625
6182
449
6205
959
1125
3706
9956
4894
467
3430
695
5158
3064
6971
2609
2223
3756
1593
8607
5921
8846
1326
1309
5793
8713
63
2228
9539
6892
4915
7484
775
2808
9454
1344
7165
5673
7124
1004
4196
6108
5276
4857
1254
4883
8700
4748
9913
2624
3982
5887
2153
4438
2776
8334
8711
7531
8707
1578
8034
4404
9220
2385
8729
994
9435
2926
9673
5826
1510
1251
119
8816
5875
9816
8241
8974
7288
1391
1098
9855
5645
7488
4415
2772
1130
7504
674
4785
8133
3659
4967
4408
2067
9992
2308
290
3321
8980
6673
4822
5679
2968
8729
4178
3784
4888
8464
4439
1535
7184
3045
388
5775
117
963
7900
7527
679
2130
1473
9551
7670
5947
1503
7870
8837
6230
2086
968
3975
6175
9042
9113
7826
6431
2923
5729
8796
8647
4510
3145
4307
2667
692
5001
7183
1338
5564
3745
6163
7448
817
2850
5996
3306
6434
9428
763
2355
7176
6453
8611
8260
2637
2774
7963
9714
2937
3486
4941
344
7506
9024
2901
9739
8296
9225
3524
2231
1671
6785
9624
4812
5254
3619
3954
3541
8107
5503
7097
4835
5870
475
5435
3926
589
7845
1138
3032
9283
2629
1099
5316
9048
7254
8977
250
7447
3111
1609
4483
8070
681
3695
9386
6036
392
4929
3731
9364
5100
9001
564
5169
6495
2700
8138
7913
88
2913
4030
3599
8123
3358
8220
9528
1695
9493
7541
5357
3567
1629
7378
8999
2758
6561
3154
5735
4337
6423
5673
5811
2914
8007
5703
6399
3018
9304
5234
1473
7358
5527
3729
5172
213
8679
6826
9175
2420
1740
5235
1943
8132
6242
395
9056
9753
3484
6432
9181
3352
1490
5836
3648
7777
2878
677
4092
7000
8488
1191
9511
8509
5383
3498
9304
3463
4344
6428
8886
555
6237
2632
4900
2287
7107
5355
9184
9419
1470
4482
7309
9169
1595
4110
2644
4380
845
3325
9562
8147
8424
6657
9628
9192
4614
3868
516
9785
7604
9138
4460
1530
8679
6631
917
3817
8667
2930
8936
5711
5301
5798
8357
9372
7517
1537
1285
9066
5159
1599
7316
8533
8908
8954
7563
6881
706
2242
7210
1453
2732
2631
6047
3871
3242
2470
6410
3944
8469
49
1499
2555
4629
738
8302
9259
9023
1520
214
7813
8096
1263
8739
4670
2858
6407
6586
7043
3368
6604
5436
2828
4600
3250
3647
1607
8669
9389
729
9758
561
2176
749
204
5583
1336
4985
8614
7320
8490
1025
9893
9207
7302
9204
2308
5999
5886
1361
3782
3687
2384
7258
8424
1246
7502
990
6957
7810
1963
7288
5505
4846
7052
5315
1743
5534
4613
8806
4162
2613
7410
3856
4769
6921
8827
9787
6293
6111
2123
9249
8463
2631
3216
7661
7025
6629
5311
9643
1947
3615
3174
8766
1494
2187
2735
9925
1617
9213
1757
278
4757
6534
9130
3486
7282
658
8687
825
6314
9946
9717
7680
3894
6005
7452
8217
5290
5545
5840
5235
7082
8058
7410
222
8706
7542
8190
3756
8038
7479
863
8382
185
6007
4502
2154
3480
6291
1846
4318
862
723
7996
5777
9074
7237
6498
2953
8498
5065
3491
3340
7936
1210
7801
7860
3116
6765
1340
4485
7926
9012
6049
3648
5351
9317
1701
6639
6809
3698
4279
778
8669
9624
91
6304
5322
9220
7289
3578
8123
709
5455
5886
5633
7970
1374
7817
4685
5115
666
7769
7819
429
4311
4681
7504
2605
3359
4718
5479
7667
5889
736
9952
2112
8081
2890
6648
3977
8197
8557
8122
1317
2045
9387
492
7044
3306
3229
1839
7842
1181
334
6807
1977
904
7319
1521
2749
6921
7474
4408
4046
6039
6450
7712
2421
1800
714
8339
4545
2241
978
2816
7567
5405
1041
2229
8652
2665
8681
9039
9892
8132
8988
7016
1650
6130
5102
9793
8578
8478
5655
5187
1351
7833
6208
5740
1284
2118
3055
2950
7853
8958
7085
6628
2866
6319
3977
4339
1826
4087
9267
4571
9195
1900
2757
4537
2224
9583
9764
7526
5317
2984
1446
2213
769
2947
381
9294
6082
8960
2821
9253
8232
7278
3124
2774
2634
9343
7792
7680
6265
426
4933
9347
8079
8542
4600
2085
2536
2129
1461
45
7346
49
5812
5745
6369
7785
3758
7711
4730
2233
7336
3856
4008
2870
2838
1716
7027
266
8235
1412
9530
6596
7281
3268
9833
3123
5172
573
3780
1154
7939
8095
2116
8254
2838
9065
3717
9184
7552
3434
8821
5879
8121
1021
7384
8567
1688
8048
2580
8221
7925
474
394
8068
2236
2596
2327
2349
6244
5023
8449
8244
9269
6245
8136
4492
5453
461
7611
365
3436
7660
3170
9046
8104
9900
7921
9794
155
3440
9359
5904
2055
1501
1745
4786
1996
7547
3106
6829
5585
9894
9058
1214
2026
2440
2032
7060
5505
1899
7720
1675
9392
5059
369
432
5969
6317
2461
2044
7432
8555
8117
5499
2464
8940
5941
8659
6522
9818
1550
5308
427
5644
4754
1710
1114
4822
1246
3856
5212
5197
6509
583
8623
5112
3323
9164
8448
4025
8646
5955
22
6294
2959
1635
3028
8025
3440
9658
7987
7167
2501
3760
9299
4137
2449
7177
3199
7129
5816
9518
874
6463
5565
5885
5018
3028
1800
467
8681
2622
2809
7103
8058
9261
4007
4308
9745
2200
1212
723
70
6915
5364
6974
8206
8455
5863
3662
388
1856
1064
8223
1642
6944
7387
9076
7998
3105
3203
4165
5166
255
9289
7053
9713
1719
2922
9324
7900
8400
9692
765
152
5937
3120
1331
8827
6306
9577
8210
3910
8816
910
3867
7375
71
315
7837
4440
7425
6868
1653
3109
9238
4702
4388
8058
2609
4242
7130
8669
7872
3760
6500
5345
5898
9949
9550
5321
7817
2069
7940
2303
2570
5293
6393
7377
156
8923
2457
4206
3327
1003
5207
7382
9640
9956
9651
6528
966
6422
243
2299
92
4337
4958
8263
9729
5110
828
8396
2196
3775
6049
6947
485
8207
6582
4491
3620
1737
7027
607
9374
1044
4670
2120
1589
3996
2359
1584
6071
9181
3241
2815
5392
848
3806
8704
8596
6438
4002
5329
8774
9378
4488
9998
3338
343
7505
2224
3454
8135
911
3458
3771
9601
9650
4007
1823
5360
334
1887
8408
1642
4020
1392
3860
9055
3940
6153
6442
5925
1366
9398
1659
5630
1491
4934
1304
8179
3921
1404
1964
9928
7640
7066
6530
4142
3845
122
5862
9133
7451
3599
5376
2025
2851
1823
5016
2917
6153
8705
5527
8081
775
9446
5095
5550
4186
7915
383
5011
7264
7783
6254
7375
924
6572
9911
3082
4869
4723
3849
8552
4208
9024
8865
8132
2714
8827
5356
739
6969
2309
2708
2968
2623
440
8716
3917
3402
9670
9993
3183
8074
7083
9895
945
2269
5549
6279
1227
5139
9008
8842
4085
9351
8794
9683
7811
595
6875
8261
6425
4316
5341
8298
1008
2465
3646
5641
9143
9379
8702
4152
8254
850
4082
4679
2776
4182
1455
9988
8349
2499
1401
5690
9831
1691
4718
8026
202
3724
9764
4415
1870
3941
3004
1991
6643
93
1995
463
1186
4932
2927
1229
2789
7924
9215
139
7547
6003
4422
8852
9707
3989
803
8608
564
868
1444
2437
8035
9953
5461
7702
6525
419
724
5038
94
5326
2449
7941
7924
3181
9472
8810
3657
7852
234
9481
8877
575
6001
5389
8198
9367
6713
9349
2342
1478
3022
5826
6489
4649
7442
9015
3932
9400
533
8417
624
9690
917
1640
3401
6981
8164
9291
549
2319
5595
126
7716
4107
2311
3979
4701
924
9647
3566
3842
327
363
5239
8339
6465
9229
1871
4359
289
9621
4659
2598
2220
8905
1119
5544
2356
2662
1079
6413
4390
8698
655
5772
4728
8718
3057
4808
3047
3174
926
2274
2862
441
1331
2563
5408
8581
6949
9654
9574
3961
7242
7281
1138
4306
5401
9991
9440
534
2100
9614
5287
5424
780
9346
1642
7352
48
3245
4938
7326
3937
4
4322
9549
9
2345
7681
628
4262
6863
2006
7259
1498
83
7008
9175
9744
2318
5846
4659
3682
7005
2503
1490
4568
9776
5050
8742
8751
5178
1481
2549
514
6844
9493
4636
2721
4447
2312
7578
7919
889
845
1318
5236
3487
9683
9554
9187
5859
1218
9387
4071
9218
108
6239
918
9554
7192
23
469
5206
6743
7122
1589
5143
908
2360
5224
9057
8747
7298
6938
6433
8540
9065
9296
9164
6711
9629
1226
7944
3697
9038
4978
555
4648
3633
6209
6621
9470
5669
7080
9586
2997
5682
9299
2120
7748
6725
2407
2011
971
2703
1819
8476
5486
6391
2507
2596
8704
585
6281
9060
8593
654
6190
7409
3733
3350
1571
5422
6950
2670
3121
9292
6599
6970
7056
8157
5791
8191
3620
1730
3665
7927
3994
445
6018
6095
4540
4224
8269
7475
5202
4664
5860
1742
34
1297
5465
5419
2357
9239
8446
7200
9798
484
3568
5861
9680
9695
9692
771
7292
5377
4323
1080
8959
919
7765
4872
7858
527
9049
783
2475
3603
6039
5388
4418
5164
63
5464
4851
4091
3979
5736
7509
2153
3099
6189
5924
5479
7329
5358
8143
6565
7986
96
2788
6456
3479
3993
2817
2625
1498
741
5393
2349
9261
7755
1044
3227
3899
6656
4108
5425
6236
2927
7637
5408
3939
3110
2650
4241
154
542
1010
3849
8424
7260
2313
6618
5720
1947
5075
5380
5595
8439
6836
9502
4290
2945
3710
3584
3076
3337
4318
7462
7830
5988
2343
5696
6548
4172
4552
9918
9847
5403
8357
786
870
4252
9782
2519
7183
3949
6615
8210
308
7598
4530
9283
8466
5507
9195
6442
7334
7625
2933
4827
458
1693
7307
3505
1352
6759
8703
5712
9402
7712
7572
1524
1263
9503
1690
3335
9635
1318
6472
2723
7890
6800
7070
3202
4607
1900
1395
1456
6653
4601
8871
3084
1950
3531
884
2234
7457
6333
408
6185
2587
8852
2440
6879
3819
7110
7316
4757
9582
7707
7726
480
5945
8718
671
6471
883
4839
7467
2251
9769
1468
830
2142
483
1992
5701
1896
628
2115
1272
6108
4176
1496
726
3852
4091
7045
7280
4898
4616
1495
2063
7580
156
8724
3681
3679
9736
9261
6225
578
6408
3213
8088
8561
5663
9248
1919
8403
7549
3582
679
2607
652
3485
4373
3545
8779
4827
733
556
7581
2986
5330
4129
7930
6319
9754
7619
2960
103
5369
7136
6738
9088
5083
3323
9364
9049
9779
2416
3520
148
1578
7724
4320
7639
7889
8786
7866
7176
955
6191
5098
870
9660
4184
68
8030
7195
6310
543
6939
6215
4118
306
8742
1655
9571
3444
2605
2226
544
4865
5902
230
6941
9997
8783
6744
5475
8750
7697
4366
1676
9136
3511
4439
2180
9664
3636
8531
7401
936
1018
5694
247
604
2340
9709
68
9865
1256
7890
8269
7420
9127
8119
199
3524
8846
2892
9382
2207
643
4261
9079
4547
8462
5407
5080
4293
1267
4696
2363
3008
6994
5323
9057
1788
4517
8659
1390
6627
1971
1497
7316
9743
4200
495
7300
759
7598
5553
6679
8757
1529
543
8238
3885
9413
8447
1571
6495
4756
5757
9070
6747
1302
3221
8146
5197
1303
4176
6311
2426
4376
4118
6305
3415
6186
5480
5312
997
9310
8616
998
5791
5333
5270
3440
7602
7694
423
6928
8061
1441
5185
1570
8827
7317
3659
9007
678
2966
9903
5033
7125
2706
6108
9033
2297
3085
1903
843
6186
4044
8551
9978
2507
8884
3692
1553
2628
1212
4696
5491
2618
6973
3825
3509
2734
8739
5923
4676
8228
6671
7223
3506
8307
8771
6723
3384
1544
4992
6687
4321
7166
8017
523
1008
9775
6655
5779
8618
1060
6353
2125
5647
6749
2666
3232
5569
4779
9254
4956
7449
769
8218
9568
9589
2601
3527
1161
1584
7093
1932
8811
7072
8857
4368
9767
615
484
9672
1722
6295
8247
7332
4644
7672
4679
7747
243
2892
3087
3017
4464
1755
8810
8334
1622
3663
5196
1234
623
4197
725
4937
736
8802
4064
2485
5343
3635
2146
1503
4198
8928
6311
4826
9582
2503
7822
1007
9876
8610
3034
2490
5993
1340
1515
148
1482
7054
4641
2223
8712
2876
8767
6872
7470
2065
8317
2988
8132
1790
4229
7922
8836
8308
8063
2557
231
2861
3142
7841
1070
5271
1430
1842
2616
5280
151
2792
7205
9667
3222
8255
6118
3676
1632
7519
4142
4027
8647
6026
1722
452
3513
6260
6714
9064
9532
3177
1389
554
3212
431
4408
4452
812
5050
6435
3560
4835
6187
6825
2283
1555
1228
2193
5971
3819
5809
7000
7816
164
5222
2792
4316
5230
3167
3461
7567
3960
3162
8506
9807
9841
1163
1103
7445
9896
4312
7034
4634
3117
1453
9583
1199
4010
1817
582
1928
7922
3660
8190
1678
2390
2277
7041
9676
5924
5229
3057
8806
165
683
1295
3104
8884
2351
3975
3616
9896
1065
9554
8894
2338
9834
9616
7553
5761
8874
8587
3159
5437
4871
6055
9347
2903
9372
8285
9281
5243
3260
1340
4686
1868
6162
8276
6204
3308
1862
4424
5594
1744
6241
1072
6210
5487
7262
3968
2668
4836
8195
66
9530
4151
5624
3940
1349
152
4833
6769
3794
1033
4176
9524
9225
3480
5289
5293
2528
9587
788
2988
562
761
7887
2357
944
1843
1669
6786
4383
2121
2596
8902
5134
2923
8965
359
7496
2571
3412
1726
5322
9134
3391
9511
1508
4763
1571
4453
5629
7620
4956
1140
8935
3817
1164
3249
7378
35
1695
6766
6264
3211
3465
1273
3256
1958
6712
761
4061
9472
6744
2073
8060
6536
7963
7634
5015
5105
5005
3298
3187
7634
47
354
160
4450
6235
3925
8383
1721
8147
6034
5709
2953
9382
7973
3767
8887
5856
6482
2078
7212
9942
7182
8916
6001
766
7032
488
6111
4524
233
1689
106
2645
5053
7480
1532
6443
5025
8720
5583
9518
4938
7516
251
3102
2879
6903
6686
2386
3715
2464
9733
8352
5210
2587
3045
6472
4778
8324
7544
747
8596
7370
6855
6489
2839
7741
5914
3858
8431
13
1378
2337
8783
2178
2407
6617
7299
8913
9466
4349
6499
5962
716
2099
7329
863
8053
170
6066
9249
2076
6743
5405
2596
7303
5720
2773
8571
4790
6648
2151
868
632
9242
5221
1219
2885
7765
4628
9903
2782
6009
4472
388
2752
2826
7937
4797
242
6696
8400
1370
8653
6439
7162
5840
5335
9092
6763
2690
9853
9126
3763
4974
3725
8243
1998
1441
8605
6485
7231
5648
9141
739
8320
6942
1245
8786
4945
3699
4105
4192
749
7075
2581
4202
5083
6099
2390
9091
5846
679
7931
7297
3226
7533
5196
6007
612
5696
5926
4198
4697
5270
8037
3928
3149
5931
9054
2130
4523
726
6119
7869
1123
9989
7885
9480
9476
9816
7504
7270
66
4540
3254
2330
5828
4914
5943
6012
6670
8903
894
4432
594
5027
8586
9368
4299
7861
7954
5045
7441
2640
6089
7994
4886
4437
5899
7802
1457
8014
9841
825
664
3392
8024
5858
6592
7888
485
5988
7716
1100
9253
225
9578
4248
2949
8834
4759
9716
6101
6014
7280
3006
262
2269
2046
8626
1880
59
634
733
1903
3798
8460
7356
2533
2140
4308
3920
4844
3374
7770
984
9098
5953
6171
3695
6606
3541
271
846
215
1756
3901
621
8082
3491
7371
6104
8924
3910
6986
3204
8900
1618
7708
9347
8263
9440
3355
4049
1021
6408
1937
7064
1744
4347
8571
8733
9414
5643
269
5605
608
4025
7205
1890
2798
4797
6328
6252
8336
7148
8203
4083
9316
8172
1963
6626
7941
4034
4586
4641
4741
55
1446
1900
3663
4257
9451
694
4025
30
5452
1390
3024
4701
4067
3195
448
163
2258
384
5712
579
8536
3313
2706
4637
9596
8173
6484
6596
5068
4248
9284
8075
2449
9196
7665
8873
8629
6199
9309
5643
7504
8153
2303
7373
9222
5610
4799
1418
5700
2147
5561
3875
7880
7313
259
4004
1335
7589
6751
2802
7963
3756
444
5770
4164
7722
5698
3100
8481
7856
1675
9200
9114
723
2284
319
9337
2784
3322
5278
9708
9855
9050
3619
5023
8541
5204
7870
607
9212
428
1053
703
2701
8126
935
3433
4356
5073
9807
720
9741
3465
1584
9326
5707
5458
4395
9441
95
4865
1112
5162
6282
798
9556
8969
4466
4968
1
2234
1853
2125
6502
9122
9397
9595
7583
9134
279
7393
1570
9077
8995
1401
317
763
8601
1508
807
5711
4366
6293
6580
7374
4062
7704
9371
5504
9336
9998
2662
771
4673
7042
7465
8804
8813
6196
8971
9339
2119
6153
4437
7040
7473
4702
2619
2170
2326
1860
5301
8532
3796
7145
6678
3217
2223
8988
601
2912
9599
106
6058
6119
1255
3418
1856
8721
7412
9616
9699
1491
2508
8624
1380
3053
6338
1674
9287
9684
6460
7376
158
6081
2101
4267
9055
3206
2054
4027
2648
788
5787
6464
8951
9862
4726
635
4366
6831
2588
1652
4977
4245
6667
3251
424
3937
4941
4951
8597
1839
1655
6797
8932
1357
288
3460
4323
7267
1968
9805
1762
2230
644
8465
3967
8361
3178
9514
8989
5317
9061
5579
4780
7082
3154
2908
2449
9469
6830
4645
3174
4350
6249
5661
8985
5550
6312
1603
7900
4963
102
7254
7126
4395
2203
4141
9343
8098
3537
9287
2792
7263
3040
7877
8337
2660
2718
1586
8939
7819
53
6476
5805
6005
9144
735
4124
5881
6539
7371
5255
1476
8066
9288
4661
337
7286
5952
3783
8353
7810
6245
5532
3493
7002
6871
859
6365
6073
7952
2566
1573
6716
7297
5067
7488
5963
8074
6094
7680
4074
7186
8181
153
1872
2980
1428
6548
8371
8054
1974
8776
3061
9055
9519
9826
4904
1656
75
1263
3452
4485
8215
2029
9962
6623
5714
6049
7217
9767
7763
2521
5229
7093
2895
6625
8741
6090
