1494
9002
5477
7201
1681
1965
9075
6539
7440
1437
8984
6248
796
8744
1175
7878
9039
1223
4922
1530
45
5398
2139
4647
1846
5289
6189
5264
6116
7194
6953
9525
3757
7222
6117
3652
7629
6668
960
5787
6989
1263
4275
186
5729
9241
4724
9531
3532
3765
4045
7451
8909
5187
9676
573
3447
5911
2468
2358
1383
9100
1536
3716
4772
3408
6762
8512
8824
2661
9479
8107
4676
1285
3520
7107
6611
344
1674
6221
6480
4495
9092
5153
1135
6439
9355
4985
4140
6677
3477
4050
3153
4600
8708
7276
3906
508
9339
4463
7552
4536
280
8868
5308
1015
6121
3151
7250
4267
8173
7242
4831
6284
6311
4256
7501
8270
2890
4154
3147
3831
2129
3213
9986
4493
593
2192
4119
7433
3807
7094
5452
7665
6417
8690
3847
3217
5629
5135
1486
2780
4382
2111
2957
1217
2713
9148
1100
7938
8046
8785
7455
5239
5295
3225
7616
687
3327
433
6619
4447
6583
3951
3415
3564
1857
683
2033
6108
9210
3503
5076
3070
2611
6704
7978
5321
1071
9408
3472
3231
6226
1827
3703
6610
7268
1454
3250
5416
6793
5120
8141
2417
6513
5188
8414
4539
4375
843
1513
9295
3720
7911
3144
5487
5606
3045
2879
8561
3842
4875
9684
8300
4071
1425
2757
8160
248
5285
5293
5353
6411
2020
5864
7204
4851
6148
8060
6907
2400
6667
76
587
7654
1481
6069
1867
7904
5098
8191
4611
3670
2489
5231
9435
7278
4575
6750
1497
7402
9281
369
2487
7365
5894
774
1026
1198
9470
4234
2988
8617
507
724
3952
8138
9268
429
483
4153
9278
6675
1140
2812
5181
6048
1631
4766
2244
2481
3840
8734
6472
5746
7816
3064
6684
7591
5827
6625
694
2864
7424
5916
6393
4357
2026
5868
6990
9462
5239
2100
7306
9221
8807
6507
8864
5606
8825
9731
6768
4111
8226
6345
2356
9059
5478
9637
1048
8396
7324
1169
8648
5380
4944
5930
4261
8458
5519
1425
7129
8024
987
957
33
1152
5016
5821
6162
2523
1201
2707
7560
9628
8390
6735
6700
8200
1263
6298
7402
2315
3642
9584
7762
549
9272
8843
8659
5725
4581
9545
7377
2871
1507
4934
7864
1267
3193
5447
377
500
8807
8852
3840
6037
1782
5124
4394
5320
4740
3845
2148
2062
5182
6157
8314
1148
2419
9461
674
7105
226
1592
7543
4782
2536
7483
4807
8692
2096
2069
3036
2968
2257
2999
9347
7804
925
9441
7757
9431
9440
40
6224
9143
2773
8340
189
6785
5684
365
1185
3720
7149
2823
7718
8678
113
6958
2210
7729
5392
832
4289
5874
3409
5832
4072
8789
7100
3180
3726
8371
9301
3181
5450
1738
3875
5780
4578
2634
2047
8675
7834
4265
2431
2098
8068
822
809
9319
1959
5245
6512
4980
599
1500
9447
2005
626
7933
9262
4758
5607
3603
8935
7249
3348
6491
7075
8106
1272
1143
9772
4656
2823
4449
875
557
9381
6101
4113
173
8857
4996
6946
1007
2621
8277
2215
1476
230
1583
3127
8904
268
6467
3318
4221
8250
2993
4628
9754
6553
9662
2144
7073
4420
4521
989
659
1003
3481
8282
6440
3976
3985
9805
6963
396
2714
5678
3344
8093
4340
7080
6145
1476
9364
6052
6887
6570
5318
5950
9311
4025
2639
6264
916
7718
7815
1267
1019
4270
6780
3604
9523
4093
8912
2
7298
6630
9962
5484
1840
4222
211
3568
7962
4445
9460
219
932
6172
3611
174
4816
7114
6549
2790
4521
1189
4218
3951
1600
2822
6788
6517
5435
5769
8838
192
1428
1468
1197
3490
3736
8306
5431
922
4823
2852
8899
5135
2823
8500
6961
4398
2067
8186
7817
9927
1155
3562
5673
3334
5797
5762
9214
7425
4838
6527
6932
1253
7251
9591
3361
706
6385
4281
3196
2811
3038
8636
4894
2036
9561
1889
7908
499
6734
3002
2982
515
5251
1251
1921
7301
709
7691
5043
3605
4813
3898
2606
3274
9406
8815
9891
6796
7131
8453
3721
6552
243
616
5810
6740
4754
8372
3999
6042
7894
3931
758
3356
1013
783
8777
1325
129
2667
3569
7379
4189
1502
8553
2081
9886
3095
164
6924
3900
410
9376
1137
1869
49
289
2250
8691
7945
5718
7946
2770
1625
2672
2338
6747
3933
5577
5700
2051
1870
6245
5156
3269
406
7610
3692
4963
3356
3055
6217
4516
4388
6232
5180
1998
6089
9708
7827
0
4802
4133
7646
240
2838
7193
9348
8342
4188
4145
2569
9915
5702
6894
718
791
9599
5091
5885
4990
1676
5004
5257
5111
6020
1680
3526
8866
1365
3186
9586
736
6785
9081
7423
2393
3544
9764
3332
117
7429
4271
8344
6271
5929
130
6715
4198
6504
9862
1874
8930
672
7499
4772
412
9037
3224
8513
2168
29
7486
7564
6787
6813
3418
4001
9081
7136
8483
1064
6901
9272
3871
1678
4931
6989
8727
3575
9818
6589
9318
3755
2829
5170
582
9261
2564
7344
2332
8315
3933
1254
9477
6397
6967
7523
9365
2289
9451
63
5118
9872
838
3960
2502
8917
7123
6274
7139
5033
7918
8784
5751
3312
8274
9097
4765
9255
308
1231
9384
7857
8025
7805
7678
387
3172
1050
2523
8994
3307
395
8100
3615
3644
7819
2207
8845
6637
7825
2357
4248
1351
1649
7623
7344
5307
9384
8971
6239
7702
2694
9011
5722
9056
2134
3742
3750
8224
5182
3733
3777
5270
4916
347
5904
4108
7956
2735
2748
2146
752
924
8114
7484
2106
4915
4019
9554
7177
9479
5141
7953
6979
2278
6804
4087
7613
3042
8932
6872
5175
7588
6038
1372
719
6393
7100
5290
5503
5164
1175
6923
557
2792
4253
65
7595
4103
586
3817
7150
5450
3148
9949
7409
2429
8869
3742
1981
7281
6940
3386
8257
4062
838
6351
4241
4375
3813
1127
436
9392
5462
1566
2032
4428
4109
9607
1857
1393
9516
1728
7792
4406
7167
5160
3845
2230
2194
8778
9094
7787
3143
4470
9045
5689
1513
8134
3811
8374
6901
1156
4613
4719
1765
1966
304
8825
5561
6881
6737
6673
8606
4347
3462
5851
6035
5655
6002
8524
6272
1315
6048
9246
2943
9789
8741
538
8769
356
5889
2458
3579
5230
7972
3272
7766
5022
9268
5273
8480
6516
5544
5704
4248
9327
1660
8017
6616
5143
6177
9989
8605
3606
8098
3612
5567
7297
2569
9652
2811
7887
3802
5599
1176
513
6114
8124
249
7017
4458
3374
7700
9453
2404
6711
1822
4036
5736
8013
4653
3732
7891
6840
8904
1477
9462
4968
2480
7758
5739
6110
1937
6174
7020
1437
765
3717
7865
3164
8567
7579
3850
2637
4200
7673
4765
9956
7688
4477
1751
6665
4265
9947
780
7408
2773
1121
847
9815
9677
1423
830
1149
1003
8316
8678
3167
3526
6714
9496
823
6339
7382
2041
9998
530
6691
3490
3295
3549
2839
9743
9933
5848
139
9831
6670
308
1074
6576
466
4090
2882
4190
8221
9528
3869
5795
4289
3296
2119
4737
4729
4782
3013
8686
1332
4450
837
8672
5967
3474
8771
9665
5026
3714
5653
851
9559
2028
8047
2644
118
9126
7495
7999
6804
1248
9572
325
2389
4453
4845
9294
217
2746
834
5568
4043
2636
8454
5205
9957
2235
4028
5401
5167
6306
2722
6620
8317
789
9021
5933
5801
9069
5002
5033
3544
646
7621
4502
361
7073
1555
3323
2914
7842
6431
4753
5244
442
7734
5654
4330
7881
1338
7679
3814
1970
7944
2944
9374
522
5614
7017
8819
5779
3612
6412
9488
3084
9531
2832
2249
3738
5559
4146
957
5837
9380
1202
4689
8065
3533
5987
2893
9862
4562
4008
5440
6232
8078
2229
4778
3559
6283
410
4061
6
8127
4219
5748
2936
9629
967
1782
1461
8545
3779
7943
630
8856
1165
3274
169
9588
9173
8580
4496
8334
2238
6272
3050
6511
4865
8971
2696
820
4201
4741
6086
4366
2851
2561
1637
1564
2820
779
595
6175
5686
1086
1434
6143
5078
7388
5006
5888
7964
9003
1295
3726
9571
12
6554
2439
9714
628
8152
1587
6648
9167
4420
1788
5244
6296
8482
7013
7217
1324
4610
5249
7347
2197
3190
2733
9351
4073
9669
2001
4987
5050
7154
8648
2044
8256
8282
2492
6589
6665
301
4963
9992
5016
4660
4005
7334
8784
1860
5337
8543
9395
5266
2655
8393
203
1526
4247
3739
6212
2743
3421
9412
3312
3477
9034
2089
9072
228
900
8397
4492
5769
2194
733
3560
7766
159
6297
9325
9549
7005
3264
6442
9736
64
9291
6997
451
3117
5504
7523
6752
6015
9866
2575
3823
3675
2350
5518
9124
4176
4204
5919
3996
1455
1865
6647
5613
1521
4947
3273
1044
9552
5180
3487
3636
1485
9281
4315
3505
9738
3347
9154
6948
2921
5497
8881
2912
5660
5993
7571
8146
687
4057
1895
5064
4077
9995
3639
1031
5789
9914
3227
4189
9400
8649
9507
7574
237
4847
8692
316
1317
2373
263
9376
2204
2774
3644
6658
1145
669
6669
7743
3649
6868
9987
9068
6721
3357
4259
2748
1938
3326
3703
8590
6196
2129
198
2781
1940
3782
8461
5018
1268
6157
9692
9519
129
4120
8686
5144
9969
6313
2570
8071
1681
4244
7441
3034
4556
3664
5070
9765
6354
4078
2085
2271
2531
6510
7893
265
3260
3452
4654
5845
5296
4092
50
1748
9366
2784
8064
5602
5194
3436
7581
1130
8034
9458
7984
6251
3555
6233
4534
7447
4858
2619
3551
902
4574
8019
6069
1121
9264
6233
2357
3991
6965
1597
7628
9914
8641
2195
3664
3031
4486
6330
6273
255
3131
9270
4783
7353
9032
6022
7439
5651
6005
7920
3873
5553
184
3258
8159
9866
2356
3908
6479
7303
5181
1932
8401
4004
9403
9473
6484
8726
3070
5682
8311
4058
7436
5573
821
5058
4900
7248
2669
5982
9700
3773
2014
7194
9515
7217
4610
2101
2977
8137
638
5350
3837
4040
6695
22
3932
1784
1202
7521
1138
2440
5765
9820
2314
7797
4345
2802
738
5197
3508
4743
7665
5701
6349
8177
6274
9764
8514
6197
1326
5732
4120
384
7043
8835
1011
7008
3639
60
3262
1870
4405
7407
7214
5570
8054
4637
2817
144
1160
9515
1275
8194
6052
4022
4366
6759
7787
3532
9976
8303
1922
1015
7215
2849
4926
1511
6192
5715
385
2922
9235
4630
3350
6273
5244
6854
2039
710
9837
3880
8259
781
9918
1906
2005
4375
4969
1761
4646
3419
5885
1384
5003
364
9374
3795
1861
9131
1170
8077
73
6894
4458
1868
9795
3538
1821
7977
2998
3614
10
7518
4764
3224
9197
7685
3939
5967
6348
9245
7592
8024
2674
6993
7034
7545
6815
9238
6335
579
6209
5175
7181
8959
7609
680
77
4017
218
3237
1170
2755
4687
9375
1341
6060
1984
929
8941
5200
5394
4030
1371
602
2327
1665
2800
3302
9222
6692
6929
192
4144
4989
5238
2748
7821
9634
1878
6347
5329
8887
8283
1735
1482
119
5114
1470
9637
2367
218
7528
6894
7452
6846
3508
6691
6031
9270
8384
123
7304
2012
5853
9550
8070
2971
6005
6134
1644
7098
7237
2118
6187
7105
6689
922
2604
772
110
7273
1841
7413
9436
2705
1547
6410
5867
4466
2730
9960
2942
7447
7566
2954
3433
6642
4080
8003
5420
6822
3110
5772
8288
1942
9918
3427
6669
7949
1144
2355
5437
5010
9614
3315
8653
8054
9987
2399
7885
2826
8127
4243
2505
2442
2913
9984
9338
1935
1501
3045
1652
9904
9186
3944
2992
4358
72
6582
7807
6896
6255
6567
1314
5941
237
2920
6568
8373
1777
5639
5211
2798
4403
3981
1922
3008
1956
3656
1519
5648
8209
3301
5393
1436
1133
4117
9451
6806
9011
9247
7962
2307
8826
6271
5262
8510
8686
1483
3133
7444
8523
2262
4699
1864
707
3029
6387
8554
8427
7937
5978
1030
9977
7456
9957
4981
794
5470
4372
7173
1804
4197
5711
140
1849
2323
4491
3518
6966
5998
4465
4499
2378
1712
6547
8240
4680
6143
1498
7701
3706
1000
2247
1345
1410
5133
4911
6126
5086
2478
110
1575
8353
2417
9246
1090
4238
7694
9672
9203
1922
7250
8190
5285
9659
8786
7264
7113
4625
2339
3573
1670
1289
8144
6454
610
571
7916
2547
8170
8689
6401
9313
5539
5537
842
7538
9031
5879
4175
4135
4125
8244
4223
7316
8919
385
6370
3260
647
2045
9242
3680
4252
6079
8750
4439
5658
7130
8437
8002
7184
911
6253
7381
7794
7984
1956
4559
8976
8436
3439
8151
8616
7952
4894
761
6058
6140
3773
3
1538
4827
5051
6735
9572
3476
6437
4032
5636
3682
8283
8049
8246
5511
7381
1931
7973
8856
7759
1036
6437
1636
701
5488
5125
4554
8315
9247
8660
2285
9441
726
8240
2383
9910
6906
588
8031
5334
9467
9139
8431
8705
8769
485
9448
8453
1739
1673
4011
1928
840
4208
2637
7990
9279
1870
2108
6752
4196
1596
1087
4017
7039
9503
6685
656
2265
5954
6133
585
4982
5625
562
6994
1909
6517
342
1884
7373
9420
4592
2609
4903
6364
5638
9505
5416
3223
1552
8095
6713
2159
4508
9853
4329
4822
2
290
8970
2894
6119
5019
8438
5549
1195
1978
3785
8544
2916
1578
4457
1932
8254
5051
6617
7547
2989
8164
522
8738
4090
8829
8505
6687
2097
1963
2240
3119
3783
3417
7302
3676
4564
5306
2551
8938
4879
7275
3952
8843
937
4633
7618
3503
5142
2725
9495
4201
6013
1583
4270
1490
3426
7796
4484
1922
5364
674
4683
5255
2167
9574
6140
181
8915
5802
8745
4282
3016
6842
6423
9575
9208
7255
1750
117
924
4598
1065
8497
1539
7163
8948
6645
3410
6321
5191
2962
6264
2545
5436
4770
8713
7281
8284
4235
3655
5110
8677
99
6787
9854
1647
9082
3714
2476
8199
3033
1408
7233
3208
4162
4456
6604
3877
8336
7758
2815
2508
2801
9996
6165
4856
5046
9337
4892
2643
3378
6028
9241
9393
4158
377
1545
3213
1157
7580
3666
9846
2904
8971
8804
9802
5044
7052
7938
7063
9856
446
4245
6190
540
1404
7793
8504
9510
1651
1161
9847
1313
494
1180
9827
131
4267
6049
7388
5058
1514
933
1622
8304
1072
592
7138
2924
8568
160
1214
4828
7589
2648
4266
688
6779
7120
6891
3455
8908
3631
571
4362
4891
201
9921
8724
8831
5705
5801
585
573
8565
6244
7949
6390
393
1071
3835
4681
2217
4317
8014
587
7940
7921
2706
8694
7637
802
3131
1946
9886
2007
4699
5834
2341
1597
7833
6918
6025
963
7552
2803
2190
6972
5239
8827
7585
7513
516
6705
1422
7752
2867
1246
8434
2338
5825
2560
2371
6155
7538
7814
7207
8070
88
5828
9051
2848
337
972
2962
6507
6169
5236
5405
7670
2247
7031
7022
6506
5968
2822
5726
6886
2955
4497
4488
6267
9931
3617
7386
2363
3758
5902
3441
8838
4638
2259
651
5838
6163
4918
9502
284
7565
9148
4025
4127
3954
8619
7660
637
4739
5842
4337
1270
2220
9940
6684
1727
6469
3515
6998
223
5544
2328
3675
2125
6579
1219
4309
2305
8336
5315
5067
7407
3128
4772
3483
3705
1923
5186
9521
765
3208
4086
3272
3657
2784
3052
1909
1418
8509
474
2490
5383
5970
747
9214
3794
4957
3266
5247
3462
7461
6773
6897
7244
842
9449
3840
478
9793
4659
5960
6613
4944
2468
9759
4398
7404
3145
9193
5705
6156
6439
7303
4528
1747
4605
2284
5957
7020
8190
7204
446
3925
7147
4244
2445
5669
8457
9028
7114
5065
6535
1543
8334
7733
8776
3168
6790
1573
3646
6633
9969
1123
5686
8393
5039
6348
6868
9939
2339
1370
6971
3471
2862
4300
657
1894
7158
1185
7132
9965
4350
9525
1293
4785
7174
5663
2830
5847
3560
3925
647
9649
8355
4485
3050
3475
3122
7971
1704
2638
7347
2865
6984
5102
31
2297
5039
9145
6796
5764
2496
7221
6687
3887
5855
675
6044
3897
2401
4684
4822
5804
4335
8741
1065
5762
456
5010
4927
5223
8904
3577
1224
2228
6490
766
5591
249
6614
215
5393
518
3587
4900
4612
9484
7974
8576
9184
663
4615
7312
7231
5951
7128
673
4873
5679
4659
5850
9283
5555
8169
2708
495
1639
9195
40
6879
3558
1978
3262
9769
774
2312
9321
2028
3094
1919
473
1745
4011
1524
110
6120
9610
2017
4971
869
1839
6438
31
3935
3015
2449
3614
7667
4457
4436
4170
5079
8342
276
1911
4448
8234
5648
9491
8048
6235
6756
352
5851
9458
3237
1869
6743
5430
8187
9626
8065
3330
5186
1042
8144
824
5334
2449
8300
5177
597
1856
4831
8811
11
8502
221
9843
9959
3893
3512
4929
1756
7104
8111
8236
8400
9823
9597
2519
3121
1585
1080
902
7099
7854
7210
1187
9089
8672
6827
6679
5165
4588
9930
9481
9021
1990
9792
5733
7166
1213
9755
5512
3312
5391
2602
7418
7477
3941
9008
8472
955
120
2606
5000
1365
1074
8097
6765
8878
7854
5008
5049
167
8593
4239
5544
6914
5977
5492
2319
3026
6313
7872
5163
7415
4266
2118
1739
8128
1479
5295
7054
4160
5001
1031
7783
9434
8941
9077
963
3905
4679
9121
2771
2659
4750
8683
9598
5407
339
4568
794
5186
6473
9726
8413
1544
1621
8583
2553
3398
1397
3364
8924
5653
195
4419
4084
2304
1880
9968
380
1575
8028
1377
1584
6875
9350
6141
2918
3218
4041
2369
9686
3338
2874
7867
6847
1024
3781
4377
9543
8820
1118
5891
447
6381
206
8577
2105
9791
1123
1638
3487
7060
505
8482
3697
1481
3853
239
7770
5193
3651
7298
8659
4404
1270
4038
1636
2230
6185
3835
6923
2352
551
8259
8706
680
9363
4141
462
6820
1654
5036
8810
3731
4205
6019
8509
6335
217
1040
9019
6491
9360
1555
3697
6658
2154
8155
7090
2842
2886
3074
6057
7957
1562
8574
4608
7105
9005
6659
7560
2708
4485
1639
6169
2658
6190
5218
778
8604
4726
9902
4183
5237
378
1557
377
464
9031
9063
7633
3682
8204
8410
2638
4110
8440
2048
600
3369
4426
5203
8399
6951
3806
3924
7994
3557
777
5035
8020
3633
9494
1207
5874
7582
9417
6758
682
3762
424
2588
7365
7110
7715
7267
8634
7028
5906
8927
4388
8837
4482
4472
2121
1192
3981
3027
6800
8468
7284
7147
9892
5671
4019
5361
6941
7566
6042
9216
7827
455
2575
6613
8805
4344
7717
1930
6708
2496
8618
2560
1461
2201
7798
1761
7489
9750
8764
5409
5402
1063
3016
4146
5701
2350
8105
4997
5901
2534
8039
3131
8377
4600
2224
6124
567
7237
6122
3700
2065
8173
8786
4671
7836
7731
1625
2164
6528
9521
9852
3539
2774
9245
1200
1164
3966
6356
657
1936
6079
5968
58
7233
6533
2259
5901
5775
528
4242
6066
2987
2017
7721
6304
8686
6877
442
2040
5982
8684
11
3479
9267
9991
226
9402
3862
8474
6101
5597
9946
9297
4350
8192
1887
1544
9657
7636
9255
5278
2422
372
381
5585
1692
1737
1350
9996
7163
7317
9123
8962
4315
2610
2788
5492
3065
5005
5671
5870
6255
9984
7758
1669
4531
1834
618
3058
5329
8520
5682
9304
6792
2467
3662
2960
725
8141
7065
5676
5468
552
5187
2354
9174
8765
2714
9408
6339
6969
2917
5566
4106
2924
4712
4454
2545
3549
1619
9579
3830
4668
1205
2543
2564
7589
7867
253
7157
5760
7939
8134
3815
3853
9473
5398
1788
1595
2811
883
8032
8329
1349
619
1039
6180
1403
9692
3440
4142
1588
5443
1335
6468
1305
8170
4711
9931
2890
9869
6800
2880
6548
6958
2131
4981
4674
6697
7780
2763
5617
1803
1057
2332
7386
1997
8260
829
1381
1385
4123
4163
8461
9252
4907
6807
9893
2502
8847
3243
8881
6744
5953
7474
3330
7403
8372
2877
4817
3994
2784
1823
9036
6174
4158
9856
204
653
3966
9279
1523
6203
9891
4259
9658
6146
8896
4247
5433
9301
8943
9462
9680
1205
7569
846
2520
6976
9193
6717
9317
2349
1490
6408
1404
5915
3701
4667
3338
5081
1087
2335
9780
9761
5493
9904
1866
456
7162
2524
7521
8289
8927
5551
8298
6686
5265
8802
1646
3697
9241
3360
5269
3069
2404
1753
4784
7539
8762
1022
4982
1986
2743
4710
1605
820
3100
1791
3681
8517
1855
3472
2093
214
3788
3607
9354
5094
8054
171
3223
2215
6653
9828
357
566
4320
1930
4647
3681
7096
1198
1484
9214
2012
4583
582
9469
1078
9016
301
9220
4864
9378
240
8712
901
3424
7229
6499
1920
9671
9009
610
4025
1085
8249
7364
1081
6179
8281
3418
6491
6964
8498
3950
8329
1608
2488
4839
7580
4276
9553
8952
3220
3515
901
3490
3444
4603
9654
5986
5202
1797
5377
1807
1897
187
1452
4389
9141
6452
5922
9526
1755
5709
4290
1588
1362
2617
5651
3105
1272
2342
6237
9520
5586
5902
7181
5027
365
1665
5377
1097
6658
2730
6495
4161
6129
2154
1883
4150
1836
43
5863
9280
7090
4186
5421
2466
6266
1058
2646
2366
4206
5300
965
7321
2139
3033
1273
4278
6346
3977
3590
8571
8914
2250
8132
1908
2554
2866
2590
4456
4861
7610
193
3764
8838
1667
6679
9342
9014
2013
6693
4154
9755
2663
1563
5485
2929
2817
1435
3903
2008
7608
8000
2199
1931
5767
1351
8961
6521
5860
3007
8189
6888
25
1866
8072
9376
7545
2901
2665
2091
8874
1504
2882
5861
2975
1568
3584
5976
1400
2822
2392
4092
4650
3679
9966
4524
2102
2644
5239
3451
5224
2192
5192
4548
6363
9795
5844
377
9933
261
825
3928
6617
8481
8194
665
1312
766
7163
106
4126
8282
241
2719
1299
137
730
1141
8802
7071
1072
6377
1650
9778
7055
5708
5986
9458
3107
9805
1868
1060
4535
5545
4631
1023
2661
6126
7263
8092
3758
9660
2609
5105
3760
3394
6576
7172
6514
8289
39
8400
4663
253
1418
5476
4011
9733
2325
4692
3792
9358
7432
6397
368
2515
7227
3037
3955
5610
1968
4480
2460
7638
8052
3297
9350
5551
2408
6447
9590
8301
457
2250
6035
144
8032
3634
4225
4503
8603
7654
2471
2483
8155
4412
7912
5709
3142
9292
8130
465
7157
8570
993
9627
4333
903
8578
551
9642
2665
5182
3827
3693
3583
359
2457
3622
4762
6205
8258
3188
6248
3510
9662
6157
158
7675
2123
116
5240
6886
1138
8056
8712
7916
8816
9995
3452
558
5197
2784
6233
3690
4913
7926
6691
9360
6376
337
4781
9432
9805
4768
6605
4288
3782
2820
480
4177
8652
3715
6580
2252
7794
7724
7816
8662
6554
7360
3086
1965
6281
6422
9783
7478
6816
4509
9531
7353
7833
499
4892
4943
9360
2936
5620
6912
102
8956
8926
807
3362
6499
5135
1018
1799
5254
3423
3539
6589
6352
761
7008
1168
8345
2485
1415
5661
8890
5806
605
4191
413
9694
7804
339
1260
8564
331
4219
1013
9919
3615
201
2995
8137
9754
5627
9654
8027
2735
9587
2794
3937
7645
2561
6379
6079
8478
7472
7780
2975
3989
6206
7115
6984
619
3385
989
7811
5688
9895
6172
3464
3689
4382
5026
6990
6986
9969
183
8300
3291
8746
9838
7854
6395
7730
1403
6107
9124
2410
2276
2766
6225
2801
5681
5814
6257
8737
4108
3979
498
5948
3993
9099
1066
9628
2345
5778
9050
4009
1846
3474
1985
8283
1768
1227
3078
9833
6245
6436
2040
3954
1472
1281
9743
9430
6806
4643
6383
5015
7019
9272
233
7175
9045
1492
1473
2912
956
7652
5761
4978
2120
3714
9694
6682
5689
2404
2060
5787
687
5255
7081
2787
9373
17
1288
5599
3873
8253
1844
20
3057
5329
2467
687
9573
3098
4593
8468
8322
5155
9270
387
8578
3977
9572
8139
6603
4655
3926
3063
2922
752
1691
6135
9133
5985
1325
6474
4536
7429
5127
5347
4563
6422
5779
8919
318
9041
3589
822
5766
6902
4807
5292
7237
3613
2464
8194
3029
2984
7674
4112
4462
4530
5816
6546
2735
1152
1026
7319
4955
2126
2103
1447
5381
337
6458
5908
5032
7490
6657
6075
6671
1294
8797
148
6559
9884
7717
7561
3913
1647
9974
4976
4659
3630
3478
1389
4267
5164
1787
2600
9553
2103
2639
661
5556
1946
5795
2903
6840
4824
5651
2208
1873
7672
4178
1599
7934
7777
9146
5965
1855
8465
719
6767
2926
6685
4935
6527
8652
6378
2260
3657
5583
3201
5779
205
7475
1859
6185
7231
4106
5306
419
2893
9852
7158
5179
9626
6057
3177
4815
1527
9201
6162
392
6081
5247
1779
6568
2310
7697
1427
6909
6318
3721
2646
117
4210
550
1451
3648
8937
7805
7623
709
7160
8787
4035
1390
5550
6285
248
4042
5396
6782
9418
1627
5128
7371
5272
8695
4227
2605
8346
8914
2893
811
2609
7642
6710
9973
3461
2823
3823
1767
2772
4870
8902
6073
4223
2871
1113
5064
5325
7739
9348
767
1614
3605
281
7565
1327
1124
5381
9059
9821
5105
9865
9204
5453
1796
8445
1388
8467
5215
1608
4978
8297
7701
2227
6536
5878
4057
1034
5747
789
6471
5966
78
6208
2792
4514
2867
4480
7186
5219
7779
5244
4228
9467
5089
7218
9989
5680
6450
8521
4667
6320
4101
4399
7177
8750
6022
755
8687
4043
6979
3925
2917
8618
2431
5722
3858
7765
4904
1838
208
5817
1799
1876
5098
3781
6009
6480
9834
4935
3796
3479
1339
3887
1217
2707
5082
222
2611
7687
8221
2635
649
952
4153
5108
9351
6941
3768
673
5551
988
1110
1847
5553
4255
2315
4815
3187
4612
8256
8139
9332
6596
2398
6702
8618
9012
186
1501
4780
8
9257
8144
314
9774
9917
7941
9305
1056
1879
9336
5808
2267
5282
3852
698
4292
5036
1345
6218
4572
4312
543
7171
8634
3313
5913
3583
1340
3233
9388
8272
337
701
4535
277
6321
3853
5110
9807
2687
2644
364
9273
929
5341
7856
2146
3853
7492
6983
9892
6356
4899
1700
1483
1735
1108
7000
179
2465
2392
1298
5676
7209
8347
677
6655
624
1242
9581
6573
684
139
7429
9346
8419
8399
8798
839
6944
3623
3943
6564
4141
4159
2887
5310
7065
882
2567
7903
3037
7293
2931
4197
2757
8208
4509
9151
4952
7130
4615
7976
4637
8868
1804
5258
6202
1330
8709
8310
5972
1889
5424
5392
8509
2624
6521
7649
4886
9531
6286
7344
8128
3075
4741
8238
637
358
1438
2175
6382
1951
7730
2875
7920
7979
721
2339
1287
5833
2959
2750
4451
8944
7880
292
7199
9530
6236
1737
480
3260
1453
7423
3823
7200
549
2825
4515
6824
451
326
5662
193
7897
2667
111
8586
9709
7954
3809
1456
5426
6271
8013
3985
2983
7351
5680
649
3726
3678
9335
4942
7522
1753
8307
7295
6021
4430
5717
2106
1302
4303
2085
243
6128
1467
682
7669
5940
5919
9470
5808
9641
2166
1297
389
1044
6280
9425
8777
5666
5966
9271
5266
9682
9737
9837
6567
5080
8474
3016
8736
8331
4863
426
2022
8731
5253
8924
3505
9698
2329
2959
4312
4111
709
7384
3841
6734
753
1258
9231
63
328
738
1088
1666
9444
781
8090
7733
1059
5827
285
9603
347
4961
7879
9777
4395
6199
3990
618
4626
4133
6084
4694
9124
6282
8268
5248
9102
2482
9526
9004
4878
7226
7045
9494
9907
6963
1422
5343
1550
8971
7762
3181
9099
295
3941
7808
5652
7025
5435
9377
3667
2030
4084
6913
3330
2214
7177
7599
7094
3332
9372
1859
1696
181
5973
5310
7351
6255
6500
2567
4712
5092
4032
5047
3884
5029
6803
5442
9703
5658
8990
9920
5852
1134
6149
8481
3774
1599
3365
5280
7864
2456
8529
8612
279
4520
7829
561
1348
6126
9876
6733
1542
9131
3714
7837
5417
158
1190
6885
3915
3653
703
1949
9333
6467
7135
2848
7298
4022
2976
5139
8695
971
229
6233
5084
3424
581
836
160
2026
4556
2822
7053
8390
4763
7549
7337
3460
5104
4157
2724
1287
9207
701
8139
8358
5600
1879
3097
2822
8418
7285
5467
1886
8784
2029
2137
48
4865
1657
1824
7387
9002
4853
7276
6217
9786
6306
8203
2293
5372
154
664
8929
2312
2842
945
6535
4269
2717
8357
810
4114
9541
1847
6180
4861
587
6535
1089
2190
9584
3356
5479
5018
6563
3708
8622
4786
3110
4414
7132
8093
8843
3000
711
8043
4377
4586
227
5537
2201
9086
6115
1055
8599
4574
5327
9675
5055
5361
3121
6389
2184
6202
782
4779
3738
5454
7190
5054
1717
677
7177
3655
3369
6874
224
8819
4107
3245
4421
2341
3882
3212
6844
5251
879
3490
4144
4767
9352
6745
9190
5980
4897
8788
6958
4654
9507
353
5412
4758
9606
9800
7785
1398
4954
7445
1164
2191
2845
5600
4225
902
5250
6268
3764
820
6932
1332
3756
1717
1605
4330
1848
2927
9367
3748
9614
5018
278
3273
816
5819
8886
1632
8893
9923
236
7706
4207
3620
3929
6001
2783
4655
4903
3031
1800
575
3468
2503
5970
3255
9534
1064
4864
2308
9239
1670
4059
6854
5133
2896
8928
9421
2964
9222
2108
9656
5208
8562
3047
4812
2663
9432
4634
9498
5189
3827
77
9221
9408
543
4590
2737
8656
6789
871
9472
2661
89
4187
1685
6393
4590
3554
3643
3075
3058
2501
3693
1264
4660
8761
4606
8643
3667
2643
6533
596
1035
5002
5079
4334
1406
6559
767
1917
8855
6111
683
1193
4268
6868
8862
6284
7021
3619
7946
6905
3607
2195
9328
9441
6815
4931
9074
168
2553
5097
1962
550
7593
8729
1229
2535
3348
6885
8669
2651
7592
6867
4421
3322
1624
6954
3027
4763
5431
4245
7990
6499
4511
8140
8380
7269
8099
2654
4758
8869
4397
6394
2831
1128
3622
4850
9436
1532
7368
9720
4299
5304
1637
1984
8335
2302
1618
1466
6770
5561
9662
6489
5196
9908
4681
6424
9261
140
707
3162
2630
5942
4646
7886
3152
5915
6629
3695
4522
2038
23
6895
18
9987
221
9165
447
2769
371
5968
8782
6534
433
1300
6639
6805
3106
7612
7849
2691
714
5072
8920
4910
7339
4401
8471
6292
336
4364
5223
8648
4704
509
6677
2196
4802
2618
1320
2763
4416
9630
4042
2975
6174
2141
1280
4173
1505
7034
7450
3075
4127
7655
8777
6488
6109
8846
6068
2446
251
5796
1780
7294
8451
1403
277
7373
1322
788
6823
8199
3917
7156
8917
4164
5979
9752
3859
704
5512
4531
7051
3051
3997
4003
3602
6836
4526
4051
6253
3303
5777
4563
5835
755
6158
7456
2027
6977
1304
3875
8621
9064
3943
9459
2048
5542
510
4496
7285
6526
8950
5463
6577
5717
3552
8619
1229
5810
671
9542
6136
7695
2743
8605
728
1451
6129
6729
6858
2036
7759
8271
5330
3325
4721
5387
2222
948
1105
3997
3701
4810
3485
4854
3034
7477
916
5485
4539
8600
6873
2392
9753
6033
4036
2379
4095
2863
378
2534
3746
7644
7841
263
8222
974
1004
5862
4126
4150
8432
4713
1949
8691
6609
9131
6308
6579
6174
5231
1317
1045
521
2992
7489
5857
2758
4772
5625
7152
9433
4939
1884
775
9292
5591
205
6867
7191
9635
2168
460
6173
879
551
3750
5583
3084
1117
630
1598
7526
965
3077
5278
9145
9266
7848
7724
3755
7621
8247
3479
9436
2855
7947
2499
1438
6749
6293
4800
2483
4251
8689
3745
2126
3429
3728
2809
9161
696
8085
7898
8403
4051
593
1296
2933
9626
5773
3568
3225
6530
7454
6413
3645
7069
963
2741
7433
6925
3574
9862
5911
4711
2132
2986
8476
6374
3369
2976
5166
1950
8664
8374
140
7124
1212
9494
137
8161
557
30
6592
5144
1372
982
655
2019
3575
5388
5919
569
7062
4252
9311
9793
6214
5452
7692
8355
260
4814
7946
5450
8291
9100
1325
1946
6367
9588
856
1327
5639
3757
6795
4742
7085
2103
4590
8977
4065
1785
1248
7698
8764
3268
8465
4946
1998
9503
7898
4147
9625
8789
5488
59
4555
675
2146
2079
6784
7943
9512
3279
2780
1382
3561
4751
161
4915
7061
2595
9841
8664
9397
914
1938
2911
3816
7821
3200
7942
981
2809
211
6806
2915
6130
7709
8664
5112
6045
1639
814
805
8094
3900
3019
7611
8102
7826
6854
7908
6277
5846
7683
4479
1042
6973
7653
7188
7277
130
5497
4939
2226
7852
8377
565
4859
2755
4535
3081
943
9504
2620
2382
5754
6532
712
5838
7830
4969
3374
3685
3120
7076
2713
9802
1593
3183
9486
4598
3901
2909
9455
9662
4250
5403
5618
1222
7281
740
5280
6973
5286
2488
2247
4042
6862
1072
2050
2861
8817
2145
7692
6245
4205
7006
6190
575
4890
8861
55
2768
3370
4264
4893
4255
655
8764
2624
500
7337
1639
3029
9706
7056
568
3372
7826
8528
4796
818
8293
2349
4816
2094
5344
3473
4356
9035
6917
158
3010
5140
8059
7097
3691
4634
2033
5949
2424
8426
4807
343
2786
3853
2981
1480
1198
6434
6219
1070
6678
2308
4644
4805
7779
9020
5068
7358
9438
9068
5928
2221
5909
3316
9621
9446
9613
634
8645
9489
602
3753
9792
1345
1550
1311
1875
8762
215
1515
745
7969
5226
9345
5600
8595
5558
2706
1626
6249
8850
7231
3487
71
3445
6380
1273
3244
7145
107
465
1792
2088
5612
9044
6738
6145
4430
2280
1555
6907
6038
1251
7734
3453
2458
2350
8304
3753
3185
3899
5461
1324
5465
7759
6035
7617
283
778
6607
3285
6231
345
648
9093
5175
3259
7910
9112
5185
9830
788
5154
6474
2497
5841
1110
6524
1880
1168
2170
8771
8565
6964
7178
5004
8785
5331
6627
3655
1525
5983
373
8347
5224
6758
1943
6076
1757
3413
4752
9903
4321
9659
5050
5438
2949
159
6644
3154
2226
7508
999
7226
7930
6945
5255
548
5516
9950
2740
8359
4758
1008
1719
4585
3189
7527
389
9172
798
7324
2904
3267
7704
3900
2677
7537
6700
1717
6427
103
7610
8667
4033
7998
5493
7290
296
3278
2104
7609
5466
2951
9468
8740
4930
5624
7131
7264
4431
9310
6328
5133
8766
5227
4937
2282
8799
1622
6013
540
9516
1117
7377
143
9164
560
1627
6579
6214
2919
6383
6622
2029
251
7580
8135
2726
7159
4697
4481
3906
2786
9353
9491
3807
1596
26
1825
3606
6033
3826
3651
3370
713
4805
3818
1686
5898
1172
1315
2982
6486
3939
6403
3145
5172
1553
1805
8795
1397
4828
847
7017
6247
1503
8726
2204
9071
8039
2730
4047
5502
8462
5552
4523
2051
2881
2219
1195
9358
4297
5607
2572
887
3800
1226
9755
7226
6193
3775
3221
8845
3772
8306
7127
4706
1637
9976
2558
9752
2327
3277
377
1045
5139
8722
5023
9175
6798
6614
2900
2466
8782
8483
9013
5315
7111
1715
4575
627
797
8771
7194
7564
2410
465
1655
9469
5297
6672
9893
8007
2993
3369
5307
4676
2337
9755
101
6585
4989
3983
7762
277
9741
165
2265
6995
4273
7501
8253
9068
759
1171
2553
4266
5666
9018
8161
3540
8882
1145
8731
7843
2125
181
4445
9208
7566
4504
4751
3169
550
4152
217
7704
255
4892
3024
9872
1905
7092
1942
7606
2670
3904
9023
4985
641
734
5193
4341
8750
7395
5897
6869
1340
9815
8323
2364
1158
9874
1058
2401
3868
4719
7892
7202
2612
1703
8763
8753
9846
1518
9723
4960
8884
5437
7862
256
3640
542
6080
9161
9282
1088
1232
756
3992
9977
6738
8055
2105
3050
180
6396
890
9316
9408
2763
2550
2275
5390
4299
4817
1508
8528
5581
2415
4618
6883
8769
3293
5676
3309
1591
1133
2301
4935
8471
5473
3971
4675
3054
7187
4760
2485
6215
6763
7903
8933
8941
8854
8285
8036
3967
8866
2692
9991
7396
7618
435
4538
6628
1546
190
9523
9676
5776
304
3830
8587
814
6728
2696
5020
1068
497
4950
9713
448
1404
1464
6765
1202
7431
4886
8066
6070
4267
8223
2989
3306
3312
7466
4001
8079
4165
6447
9741
820
7363
7920
3690
7735
6913
429
8559
6004
3114
4606
3538
5196
9960
7973
431
2858
1054
6390
668
2924
997
2684
9110
6383
813
779
7366
1029
657
9409
914
7363
4574
4866
3780
6488
5799
5089
7902
8858
7101
335
6349
5769
4521
3432
6140
552
4661
7018
879
1237
276
6967
8555
7923
6966
6043
3409
3781
4222
8220
5318
9706
7794
5760
6712
6720
9558
5203
6033
4555
3172
2228
7772
504
4633
4693
1213
5525
5813
3983
4816
8397
5610
5861
4609
9763
748
4096
7424
6997
1868
3078
9997
9771
6113
4650
2349
1648
5747
3020
5177
517
3452
9360
147
5374
4827
9106
3252
1757
2818
3233
13
627
3652
5141
2538
7204
6602
2391
5463
6717
6662
8973
312
1712
8329
3024
1170
7159
5270
9529
2164
7029
2799
2467
6016
6573
6195
8311
602
2208
2376
8198
1032
4194
4999
157
5809
4900
4121
6664
9969
7184
3762
1967
8228
8641
2482
1716
4959
1897
641
7616
1985
4359
3889
3960
8411
6666
7062
3255
7602
6978
5372
8452
8095
3785
8532
7716
2512
6180
4508
4488
8088
8666
9105
4464
8936
6395
7613
8860
921
1763
9217
5211
4635
4774
6288
4996
8960
3513
945
1236
2209
3158
5353
9537
7919
7251
9529
944
1198
3487
378
4202
302
3166
8933
788
3358
6235
9608
8925
1043
2744
4313
7082
1238
1825
9845
7234
4618
4276
1000
4173
2085
9759
6670
6900
3900
3343
9228
7430
9069
3815
6071
8908
2805
3048
8826
9149
5883
3006
350
4628
5393
823
3365
9799
9204
5051
5761
8471
4309
676
1204
2056
9895
7503
7459
9456
4836
4733
5503
4605
1177
9451
2327
2110
9138
9634
3043
1253
1674
2246
8838
1018
5416
3877
312
9002
914
910
7216
7719
3119
6682
9837
5538
7067
2101
2794
8283
9834
2965
1321
9404
6639
5868
7793
8468
1891
1550
2310
1983
4947
6977
9825
6106
3249
4334
1872
9334
8785
4908
8753
8908
634
1118
8114
3142
3088
6070
9509
206
7511
7160
644
9407
5934
2251
1216
394
8910
2535
9828
2540
7908
2885
3902
1002
17
8055
3272
3523
7020
1540
993
860
9990
6934
1626
3428
8513
372
7024
3893
5112
2499
9447
3526
4154
7610
1497
6576
9075
2682
2560
4163
2248
7927
8760
6660
8006
2902
3705
950
9233
9652
3571
4817
8425
4336
9591
8103
3526
6155
4515
6627
9272
892
3681
981
7905
9009
5318
9017
1505
716
728
8469
1275
6150
6670
6910
9730
3017
5414
125
6934
5060
6597
2484
1696
61
9521
3200
1778
3174
6241
8325
8778
1970
7600
4600
9827
5892
3643
7761
9071
9697
2607
8887
3556
116
6290
251
9845
6978
8836
4316
8140
3332
7668
3202
3156
9434
8656
4925
8201
1971
2144
2552
9542
5718
9038
811
4610
2848
7378
8360
8520
3778
7520
9273
9839
2781
7516
6329
2832
4317
8207
5830
3670
5649
6889
5812
1464
7748
6093
6739
5270
141
7681
3722
4176
171
4541
2365
7362
568
5069
5975
6975
1531
454
9889
5149
8572
1195
2220
1507
3815
7971
5035
906
5342
9045
2321
281
3902
5853
4218
8481
3374
8354
6036
8519
226
4041
933
8239
6319
9250
3779
1383
4013
7480
9555
511
9659
2930
1853
3368
6447
9653
4859
1077
8506
4282
4654
7674
7046
2791
9618
1875
8496
881
1771
5933
3630
8053
9266
8344
6275
4263
5917
7512
9406
3364
4077
339
9841
1252
3094
2475
5910
3210
2133
830
118
5423
1647
2769
7570
8369
6820
9090
9192
9062
3388
5386
8082
4403
6386
9280
7366
8547
3692
809
1873
2065
2439
4207
3138
8248
2730
5545
6973
416
9715
2577
8899
9056
5950
2101
2170
4530
3884
4985
6320
6802
9241
5216
5493
9570
6012
2920
9399
6821
5794
3137
7500
6766
8767
5865
8901
7763
6997
1431
3495
2234
3822
9136
4026
4845
7502
1642
6931
1669
4413
4355
9905
8985
7285
112
7367
643
7522
6896
9875
401
8601
2962
795
6533
9900
5052
1142
3416
5291
3237
9520
3471
9541
8732
64
7012
2176
6428
3992
8879
3350
9137
1480
1078
5531
5924
3686
9219
3809
6145
645
583
5767
2999
345
9841
8790
8142
2784
1524
6241
5965
4284
841
1042
7447
4771
8805
1725
7961
389
9394
7917
3226
9677
4519
4759
6119
4987
682
1674
173
2515
8572
1050
6551
1370
3660
8210
4
6218
2831
134
1997
2377
6290
6748
2029
5699
6480
9426
6035
3143
9854
3501
2087
4099
1838
8986
5485
1105
4903
704
4203
6454
6390
6756
6577
9017
1548
4515
8356
9874
7564
5282
2156
4661
7
8758
2258
5408
489
4928
5748
6536
8963
7324
8409
2423
3374
9264
2885
3121
2821
6258
4549
4826
4839
5935
9266
3795
1494
5389
5172
1589
3470
2833
9865
9096
772
336
6815
5494
9366
1116
3628
1378
5803
6001
9396
3126
8994
2074
7598
5642
1305
7783
461
8710
5599
8092
2932
6178
3836
4486
7915
5901
1412
9769
327
3889
2884
7128
9791
5045
8674
2791
7921
5452
5933
4039
3253
2539
9822
7873
4140
1271
203
9649
3347
2104
7228
6004
9336
1252
6275
5861
4656
4988
791
6093
6506
4228
8297
9640
6458
2090
8445
8434
9579
1214
9249
6220
8888
5915
9705
3752
3315
3255
4513
9974
7228
614
4786
284
1397
4630
6876
6334
4848
4027
7784
9710
667
6092
60
3595
1265
3143
2029
6951
6844
8839
379
2011
8499
8096
7212
3062
1765
6657
9827
8237
7077
3867
3862
6635
1180
9980
7317
5532
2906
9185
6060
7580
9539
5221
5718
8452
6168
4227
9195
9587
1099
758
9239
1695
9691
6095
1604
3340
4573
8786
735
6196
4197
8751
2979
291
2187
491
6234
205
4285
3715
9731
2479
9781
6837
5190
1676
114
4676
5387
6828
1563
7878
2057
7198
478
4956
3506
1770
1117
2317
3068
4930
7348
9524
400
3700
4585
8203
5968
1981
7515
7682
6210
2864
8658
6848
7525
2718
2016
5575
8391
1548
6521
6219
9883
4123
9070
7107
9058
7353
9736
6657
8040
4120
3064
2940
1398
3499
5231
9951
982
3624
1405
9529
8122
2020
268
5903
2133
3848
1723
479
9574
9726
1800
8900
9157
9491
8136
1826
3508
4811
9382
6702
3382
7509
632
4476
1007
722
5901
658
1279
9253
9208
6537
8798
7714
5408
7576
9463
7528
308
765
9384
4835
2112
4362
7170
1779
3845
2442
4033
1000
1092
8809
1124
6871
3101
8004
8815
6627
4732
8992
7985
965
4294
9206
1573
8980
4891
6748
6110
4296
6186
5859
2154
286
1235
5198
4256
5059
7281
8333
3100
3566
9609
5741
9709
2161
9290
4982
257
5946
4845
6724
6598
8341
2264
6109
1069
2909
3342
34
9912
5622
5310
257
8834
9223
3978
2143
6714
3876
3260
6810
3129
6877
8009
3020
5421
1239
1821
742
2091
6815
8786
5683
6064
696
8756
585
9891
8049
8531
4814
1071
3092
9339
7490
3290
9790
1220
9246
1199
6963
486
5050
5934
180
8773
8478
4974
7879
4556
6644
3310
3959
3314
8416
2358
4857
3199
3159
7286
1499
5434
831
5869
8328
7830
6660
5942
8233
5664
3621
9272
9033
9619
5587
6076
9863
5230
3731
1082
8838
2916
5657
8648
2161
9995
9111
2652
8797
4561
6299
8471
6784
9993
9366
631
7646
5801
1234
2042
9578
669
4296
7668
8815
6363
1853
5301
8713
4184
3087
8692
6548
5178
3228
8603
8299
7737
8727
3966
5041
4076
3895
3844
736
3442
746
1962
111
8985
6155
8387
8799
858
1973
5045
5680
6691
5188
3570
4512
5241
644
7870
365
2975
57
3058
3684
620
9304
2418
4144
7371
1999
4110
6913
9992
7845
6725
6094
7632
2483
9338
7977
9486
1561
3369
925
9192
8735
4263
7216
252
6978
4175
7118
9616
4854
409
5448
3930
9900
5379
4235
8814
4782
2131
6455
853
582
5638
5049
2740
8253
7105
4461
4934
4024
1054
9222
9549
6473
9712
3898
513
2430
8351
208
3373
74
5555
4572
6070
1696
1052
3790
8945
7089
183
9711
83
6910
9764
4796
1842
6865
6077
2923
7673
4180
3378
6323
8977
8631
9328
170
4610
3094
9270
2244
3897
2371
726
1901
8653
7319
7287
9445
3613
8459
1271
3143
1461
3223
8549
4265
4133
108
3518
2
550
6225
1493
77
4279
2749
9060
9891
339
4535
8841
7253
7780
3385
2578
8185
1927
6763
3085
2811
5116
3240
8518
6001
9856
7587
2827
9347
4579
299
9553
9679
2705
9954
5546
9801
1869
2186
872
2934
7262
8150
9104
6418
2505
7904
2634
7369
3679
4330
8815
5999
9308
5342
5451
687
3609
2378
957
6359
2107
2315
9850
4919
9974
6808
6403
5299
9680
795
3529
4383
7029
1589
4451
8707
6934
2862
831
8089
2405
9528
144
8801
3614
9581
107
5489
1916
1849
3106
7614
6272
7893
2343
2677
9429
1344
3056
7885
9429
8200
763
4981
9068
1305
776
4975
4376
33
5067
5812
4466
6408
8078
1416
1009
332
3778
9981
7468
7000
3898
7206
9028
6670
315
8862
7802
2550
215
2154
3025
2826
1813
1926
8792
8093
8173
1185
3263
3247
5946
8443
4488
7330
2726
7249
6000
7258
7760
8061
9862
641
4803
3125
1863
2139
1618
8763
6654
7412
2102
8663
6177
3945
923
1974
1684
1098
5817
6692
907
5630
8026
1001
7107
3613
4177
9685
7572
8374
1566
7310
6907
6079
9636
4858
2724
111
4817
6396
6169
5396
2235
8952
9889
8312
1825
7002
1470
41
5136
2156
6454
4517
3671
8486
3517
106
7665
8919
4705
3333
6545
3913
7221
1255
5047
2559
6224
5762
8816
1921
8345
6202
6260
9387
8565
6901
8066
9784
3679
3841
3587
8331
9577
3741
8659
436
9381
2386
1128
678
949
8796
6740
9152
9140
8598
958
3294
3125
1673
1499
1140
1415
1089
8627
7836
1269
396
6167
7469
624
9552
5139
3918
2540
3592
9323
5301
5456
3711
9109
763
5747
9797
6723
5127
9899
7725
739
5186
448
9124
4499
4150
5242
7471
7614
7097
4900
7443
6217
8949
8097
7676
2945
3284
1165
3474
5679
6452
8491
1948
8566
8885
6459
2161
9831
4198
4231
4372
6076
3371
8766
5140
8578
6577
5347
5506
4206
4818
1550
1668
7447
4184
1405
4131
3460
581
252
2161
6599
674
6434
9408
1526
924
1819
6685
3392
3935
7478
7416
507
2223
5390
9120
5643
2048
516
7947
1917
173
1437
872
2753
7897
4119
5427
1684
67
491
7080
5724
4596
6570
572
4385
8368
2417
1215
2751
527
9197
3215
7135
8939
2635
2047
4519
7820
7442
4082
6789
4937
6917
8221
4030
5246
8839
504
5757
2823
5649
4938
7826
6233
555
1647
1984
5699
7374
3460
723
5092
1212
3788
3936
9152
7739
6864
4959
8993
7944
2761
7844
1836
5183
5060
3286
3444
3827
2609
8998
177
3347
6553
4335
1849
8713
5930
8814
9125
3285
4300
8495
3156
4638
1308
9074
6500
5790
3529
6987
1127
568
8426
2943
6769
3108
954
6150
92
574
994
9164
9347
2935
2020
8811
25
731
1508
7104
4831
5677
9751
3472
2837
5034
608
2729
1124
6945
6302
6893
930
507
9912
5615
5665
785
8024
6412
9564
8326
2660
8873
9468
8037
3253
2595
1050
1362
575
4182
1247
8511
252
216
7778
4371
7999
5760
4712
7678
962
2236
5370
3978
7555
6799
4699
367
4089
2960
9264
8459
5501
3751
8755
8291
8941
6216
351
2031
6857
9307
2919
5182
5445
4097
9307
7511
768
9138
3974
1575
4269
2985
4093
3522
6174
7537
9884
7279
4277
3567
3930
6890
3083
175
4707
4168
8467
4151
6744
1121
3080
2955
2075
8058
7351
126
3337
8616
6639
4383
2743
4213
1762
1682
7103
4574
2703
9754
1053
3571
5688
4180
4556
1584
6571
7562
7041
9399
9822
3195
9972
3311
7092
5056
4435
8449
9555
3473
5974
8392
7612
2674
5672
5449
6226
7075
5254
4045
3921
583
8922
9451
8943
4049
7467
199
4120
4505
4159
2320
3318
7901
5149
2359
4310
5121
6402
5695
6357
3030
3893
9171
6909
8141
2152
3119
818
4175
2820
7522
1432
3757
7585
1149
1706
6352
1156
7060
586
5203
5518
8987
879
3319
7575
5018
6735
6638
4915
5080
1104
1970
7580
5015
9797
8245
4970
2129
6031
8296
4983
1124
9407
2981
6404
8538
9655
7257
3275
780
2532
8159
5441
5218
7455
3714
6042
9979
4610
693
3923
7982
1321
7613
6745
4962
8031
4093
1290
1731
2333
9190
6889
400
5327
1280
5237
4915
2550
8959
156
7526
4135
2595
176
6728
8531
1251
2258
6361
9903
4372
2522
7745
1441
7792
5954
9654
4997
1573
6797
7673
5628
3401
9192
8065
4064
3909
4841
4377
3042
7427
5388
7041
9975
1280
1140
1357
1335
1164
5097
3061
859
4212
720
949
8666
6008
6667
4851
2399
3457
7969
5213
5217
7222
4108
9346
5970
6745
6413
2436
7926
4123
3588
9051
3397
4261
7740
9905
8459
9544
8381
743
1528
2847
1610
666
95
8849
8417
5139
803
4958
123
6416
1942
4205
5852
8242
1475
2973
8912
569
7408
2988
5322
832
8656
9014
3216
632
2038
9711
4993
6841
9203
8042
5925
9359
886
6952
8489
7141
9068
2353
3072
2560
7807
3773
5266
333
5514
5201
3438
1333
2610
2435
5632
1512
733
9385
8985
3442
829
114
8763
3716
5266
7591
6662
5353
2628
3467
9215
1400
2387
1899
7817
4513
1539
716
4658
8652
3139
680
6450
2170
3697
8925
1630
2770
5755
6218
9413
5081
3678
2976
617
5062
6572
5010
7170
5768
7484
3486
3711
8429
8692
7636
7178
2945
1957
3704
9406
1862
1868
1372
7392
6105
493
7127
8942
460
4355
9373
8752
4019
4309
3400
6646
4469
2863
4764
3484
3043
8863
6720
6630
9793
4195
3658
6375
3353
2544
2530
4543
7587
3068
5046
8837
1645
7372
8510
5649
595
6698
3069
2692
5823
5085
4455
6790
80
2618
6721
8033
6332
1553
72
3869
7572
2540
8430
218
2510
8557
9684
1260
1776
7974
2799
3685
1139
5899
6510
9816
9867
7290
8377
555
8235
4759
5892
7020
894
1268
7533
5508
8068
8365
354
2038
6206
485
8336
5492
224
2187
6421
5218
4244
9088
3365
9625
9433
9661
4876
6605
3198
1960
8470
7862
913
3102
9928
8448
2333
6768
2255
4276
1737
3093
4242
6365
7985
6642
8006
8886
3094
9750
5245
1131
8658
8289
4422
4841
5154
5258
7853
8479
5297
5186
2161
6884
2266
5284
4829
4137
8701
2279
1312
1036
574
7875
2562
3067
5656
2561
9306
5418
7759
6351
6949
9640
6105
1909
2770
2556
7030
745
1951
1817
3442
2711
6969
9719
1485
7882
8718
2314
8083
6213
4610
1015
3798
47
1855
3876
2913
5283
9266
5512
9808
1575
6106
5215
3611
5687
7266
4218
5510
8134
5878
8711
6927
305
6811
8279
2393
7798
3852
456
9374
4126
7759
5081
8018
9162
2885
3450
3025
3267
7170
6818
5914
2646
9584
1099
3583
1946
1212
5715
5174
8617
2079
1004
8229
8911
8197
5216
4080
8060
8464
1031
8089
5329
4427
3983
851
326
6936
3628
6932
2255
7422
7841
5813
6465
2442
5772
7194
8223
2735
2229
6107
5510
6921
2089
5600
2203
7322
9671
9125
6537
7486
6526
1140
3990
6060
2657
7109
2511
2773
6964
8959
8683
1070
7330
9600
6009
3687
1223
8693
4447
1975
2439
1391
985
4078
2038
3695
5250
1991
2893
740
1023
5590
9304
2466
6547
903
4838
393
2050
320
1779
5177
5141
6771
5531
682
4535
5742
4313
1491
507
2085
9784
6149
539
8716
2075
1393
4611
2352
6578
1688
6167
8595
734
6641
3040
7215
9824
327
8521
3930
1244
7216
5500
4095
2730
5629
4150
3771
9941
498
270
5957
7835
1632
169
66
9709
2401
3699
9629
7423
5287
8353
2965
5156
7493
8481
6298
7961
3180
2125
8196
3480
892
7873
2079
2312
2294
2689
7127
4152
3590
1249
6263
8469
9342
7613
6941
9047
4122
7985
1507
2239
8187
5583
8406
6803
7870
248
3449
936
4409
3969
7019
4605
7111
9323
636
7439
5891
2358
2765
7450
9309
5461
3303
5233
5951
4207
4815
3849
9818
8654
4501
1423
4721
5317
2233
5779
7594
7583
2901
9716
6659
6263
6796
9129
3352
8969
7724
3265
6506
3532
6580
4391
8446
9099
6171
9517
2441
238
5279
6263
4287
2418
4566
6684
5634
482
1076
4338
9377
8213
2787
8892
2926
3331
7625
5389
4825
1771
3093
6485
9831
1323
900
1799
272
6000
4892
8746
9349
7812
4449
8888
741
5036
2038
780
1036
771
1188
9069
6103
7569
8322
3390
1941
4111
4891
4148
3555
2794
8805
9872
2996
2619
7302
90
1073
7318
3795
546
4663
8237
3768
9850
5953
7826
9548
6252
7736
7945
3438
2365
2910
7777
1344
6853
9794
6497
5250
7998
6641
7983
9510
6799
9438
4822
5019
65
2595
6582
1601
2600
905
3751
8672
9611
7624
7890
3769
7764
6566
2181
1646
3955
5373
6614
2746
7147
6445
57
7689
2348
7677
7504
4236
4412
9390
7141
8907
5460
5433
3560
1178
6392
1777
4324
7570
8726
571
7652
5896
6608
9386
8231
5105
1744
6166
6214
271
4028
6312
1604
5316
8283
1040
9255
6333
9962
3072
4662
3002
9894
4428
4570
6578
8730
8000
6679
263
4663
1974
1278
2290
1392
2362
1578
6025
4294
9408
4407
9190
8180
9574
7065
3799
7013
3557
2362
4967
5793
8984
4973
2565
9576
4266
9521
2338
3479
8965
7353
4020
134
1727
1421
8591
9888
1575
3308
9007
5263
8231
9472
422
9757
4390
8284
5790
3537
9567
5016
6829
1140
3339
5987
9117
8310
8149
1154
6886
1078
5738
3738
8090
8347
9804
251
9771
5495
6985
9787
2847
3665
8444
6461
7879
3043
8240
365
4660
8222
3357
713
6807
6839
6163
3652
1822
8779
351
2591
7211
5108
5131
6009
6363
2433
259
6070
8959
5349
8244
7848
7538
2418
7527
9579
5343
2191
8616
9705
9978
5509
8137
7827
4636
2611
2217
9854
823
5620
5512
8177
1818
3471
381
9175
8980
4935
6977
7368
564
3051
4087
1085
7270
7972
9197
888
466
1509
9655
8906
2300
2626
840
7006
7341
7240
165
7047
5369
5267
798
4704
3348
4532
6051
1781
7921
926
3474
6136
2742
7295
4092
9072
3882
2963
4885
9249
8310
3151
786
8699
2356
5931
5020
6155
6651
8747
6049
7241
6486
5519
7405
2754
5324
3129
3222
481
6783
1244
9130
7044
8908
7697
6175
302
1053
6277
8144
6660
7272
8775
4992
6173
6388
4161
4828
571
1632
6879
2371
1966
1826
1866
175
1617
1148
1545
6305
5016
8211
7199
5290
3785
4860
4439
9045
9602
3702
1906
5447
8503
2950
3938
9593
8505
6903
3998
3437
8582
2113
5088
6207
8171
3490
874
6622
2222
8295
6677
1153
5887
1858
1738
6219
1276
8665
8279
391
1949
211
6285
1499
5927
3893
5368
881
9262
6462
7280
934
3422
1511
9577
2946
7198
1709
7745
7678
977
3190
1090
6384
8184
1567
2065
6754
8708
362
2795
6349
3350
7763
6510
6199
5319
5809
4655
8610
9691
5814
6359
1932
531
6278
8848
5380
4426
1488
9862
9995
9548
8610
1849
3407
2876
2011
8737
6405
33
7066
658
8313
9191
9438
1786
860
1990
811
637
5438
7326
4004
3702
8975
6414
6820
7208
7342
2495
9845
6076
1560
801
8675
7479
2250
8482
8796
5699
5392
5284
9981
3736
3088
2835
743
7334
3416
9367
9860
799
7783
5355
8625
9624
915
9772
7137
1382
5870
9457
4458
3060
8286
3831
1046
1632
9252
1223
115
3058
6636
5686
2072
1459
9878
7424
559
9951
1883
317
9199
861
2648
8279
9640
106
8664
4678
1253
2657
563
2076
2883
3687
4492
9916
1455
5372
5320
6630
270
9788
8097
1675
3458
852
1148
607
3055
2863
2562
296
1028
3381
3276
5677
1203
73
9079
3946
8297
2142
9323
8732
8435
1444
6449
3321
8112
6758
9197
8048
5833
3931
2080
3120
79
9090
5045
2462
6154
641
9654
5737
6595
4549
762
7519
9178
3591
9903
1389
205
6303
3947
2812
6157
4777
4549
7242
8937
3207
7060
275
3108
6880
6531
8287
2721
7715
6448
2107
2550
6080
708
4339
2476
1566
9757
240
8265
3784
9157
1093
6483
8771
1583
7269
5928
4266
7482
6719
3927
2232
5051
4317
1948
9929
1162
2856
7739
8289
8503
4910
6717
2902
2897
6328
5066
2408
9050
5939
9497
5406
2430
1912
6339
5029
3903
1190
2001
1362
2939
1424
3002
8639
3939
5154
1904
3318
8710
323
2329
8698
9109
2056
5038
3566
6209
4472
8771
8320
1548
1786
2653
6635
1451
566
6805
3938
6374
770
9691
2037
6644
3824
1090
2185
5091
4344
7378
4934
7369
4047
5208
341
1062
7554
2417
3999
5383
6146
2422
7108
6999
6270
4306
5621
5314
8874
8223
9487
1570
3294
8982
2519
2107
9328
3927
9093
9134
2966
368
7799
8866
9109
2370
3859
7143
7597
2028
6024
9253
1484
961
5430
2022
4588
1802
5732
9307
5937
4713
4128
7272
282
1111
7838
1350
7621
5342
2452
2255
3092
7461
5102
3509
4724
7165
8417
3051
2110
2621
7778
4104
1492
102
2460
775
2963
7666
9234
5822
5512
9847
5489
251
2054
9419
7720
1608
3316
2606
9576
1453
159
2336
359
3502
2288
2859
4214
8999
8646
3634
3420
2335
7004
9934
7289
3961
7413
5152
3351
6608
4609
5221
7280
2691
3043
6344
7937
6178
5721
4829
1473
9591
4884
7768
3534
2710
829
6861
2265
6508
7405
3198
1321
8307
6519
1499
299
5870
9823
1609
3719
1284
6279
2144
8895
5868
4858
6251
1613
6485
5260
7359
2944
6746
9243
7881
2791
3112
2260
3756
7933
5955
7581
770
1052
4753
6453
5469
6188
5009
7429
9322
6003
1940
2020
401
1284
7057
2684
7580
727
5140
3240
7627
9474
9244
9906
8842
124
1381
929
14
5401
8294
9006
3672
9354
6870
6618
646
960
9609
4364
7285
8577
5577
4152
1209
2539
443
7
4503
230
9190
8283
2759
3249
7113
4145
359
5770
7957
832
7494
2217
8049
9876
2008
9146
7549
6524
4049
5319
3556
798
9979
9173
2639
6788
3576
8740
1339
2440
6305
9707
5895
3446
1294
8021
2367
5301
8719
8603
3611
8695
7558
9523
2563
1356
5312
3277
4464
8491
3415
4118
8264
466
2301
1028
214
9374
5868
843
171
1446
5783
2893
4007
4740
4575
9967
3621
3882
1222
1639
3743
5298
2960
7627
6757
3005
9737
1307
8294
7344
8699
6948
241
5785
2551
8749
4501
9389
267
9415
5008
8240
9026
5314
6487
8265
6439
1059
8890
9289
546
5596
5990
7337
5593
2497
3082
7684
4329
36
5474
7487
4908
53
3509
859
7405
6346
4774
3883
3518
5430
1278
3355
7383
9212
837
8737
975
1066
1038
6617
4697
7072
2924
200
6717
3925
4876
4693
9903
4897
2572
3910
5513
5698
9875
990
4886
3388
8194
1251
1585
4713
2615
5874
2907
1345
6674
4471
7577
3674
9821
4641
5886
8451
2793
2864
5747
1462
1755
3955
9179
3013
2033
6889
5115
1285
3490
3752
7782
5416
4035
7670
1654
7377
5223
1998
3887
2292
4596
5415
1421
2246
9766
4643
5479
8745
8523
2617
8288
6765
505
1039
528
279
5888
1133
1612
9600
7986
2403
848
5155
8182
8961
4899
7251
4961
4865
3862
6503
9126
8647
1726
2346
6215
3589
7886
5094
5270
899
2250
8958
8565
9054
879
5367
3984
9706
5518
8296
586
7676
525
8464
9202
7171
1335
454
2678
7941
9147
1262
6114
6920
9173
4989
1370
9218
524
3114
5721
8391
4260
6418
9294
8718
2249
7246
9107
810
4052
2593
6119
4011
5346
2685
5183
9927
5935
2962
9623
9602
5080
8453
9464
4168
554
6084
9094
7338
5874
2649
9203
732
5182
3151
5632
9533
9514
2221
6121
8253
8703
5125
9592
2579
