7813
3707
7217
7396
1782
8866
3176
706
1265
5923
3818
7399
80
2465
8012
5625
8222
5374
4078
1523
7785
3772
6050
5027
4137
1093
1990
486
1819
2391
1838
1331
8789
1712
1785
6990
4826
4334
147
1559
8363
5824
9029
7781
3855
3048
3180
4325
8348
4167
2388
3201
3552
4530
5582
7092
5757
2803
634
8504
696
3840
8116
6306
6879
1720
4153
9082
3203
5062
5083
2179
3387
4192
5521
6771
580
4120
6789
9376
1299
9540
3766
1286
4220
1600
1614
2025
5924
5406
7127
9376
1601
8599
8066
8129
4259
8259
7621
5590
3048
4
1634
6353
25
4759
41
6673
5081
7359
8133
219
2056
8705
8638
8618
6716
6192
969
8809
5612
46
8419
9350
8776
8035
1842
8976
4134
9638
5521
4715
8380
1703
7144
8295
3478
4902
8120
9109
669
3825
8240
1064
43
8950
35
3296
9076
9090
9699
8335
4796
6276
2643
568
2072
4553
2499
349
9747
6064
6834
2871
8178
2802
2551
9319
3333
3911
8590
6789
3672
4211
61
9136
4452
6810
5462
9362
8612
6733
8623
4617
6733
7211
6286
3456
4517
9335
2466
6645
4652
367
274
2555
3760
4840
1113
3602
9474
6438
7288
128
8447
1347
7696
869
4409
9762
7670
3880
5567
5838
217
9208
7311
1214
5735
669
9206
6933
9994
4979
2990
7418
882
2209
6264
5420
6842
5357
4507
348
7148
8445
3758
2048
7631
6327
4269
9063
8794
1650
7224
3594
1890
65
7579
7906
7646
7554
6913
4312
6895
3083
9445
5082
3514
4673
4439
6658
188
8795
6615
246
9586
3864
7024
7032
1106
3698
2679
4553
9730
5754
7502
69
6952
5675
3430
9732
4208
3663
8776
2062
512
1360
1302
5948
3000
1869
9357
1992
6576
3213
9941
6488
5428
2442
1485
690
6898
8829
5690
8510
8642
5234
2767
4087
2469
1557
1625
5675
8308
5517
4970
8491
5379
6696
5987
4830
3359
7514
5278
41
4306
296
6990
5124
3962
4847
1776
7847
6838
1161
1044
9376
5268
8585
8954
1335
6382
953
7721
6850
2000
6190
6351
5310
9123
1504
8071
7566
7862
3971
8428
4732
4785
2895
8045
6983
7866
2676
2430
4123
6982
1554
8087
3977
4870
5983
8577
2761
3116
26
856
9015
2222
1970
8929
2022
6478
7109
6497
9815
9733
2382
3524
8809
542
3913
4696
365
1520
645
1639
7443
9426
1248
1462
7006
1652
986
9044
2049
20
6705
5163
6946
5641
4247
6067
2972
9612
9778
9678
3425
1102
1175
5623
946
2921
2435
5126
202
436
3353
3677
1577
5043
9553
5165
591
2898
5719
9279
2870
2295
854
7553
7822
7582
7918
9252
9384
1898
4769
4000
201
4110
5205
2296
2574
2866
9453
3516
7164
1483
8995
7168
5067
1593
6350
955
6880
3083
283
7656
4134
9275
1823
1555
2802
2163
333
341
1958
4767
348
3853
6406
7680
104
4302
4642
4493
2424
4866
7986
497
6058
8851
4778
8015
1224
232
214
8196
8239
2471
4526
5005
6761
3334
4445
1276
7251
7053
7942
8573
5159
8238
7269
5935
3071
2916
1438
4409
5179
8693
4645
9666
9057
528
661
6191
3736
9749
9138
3713
8470
504
8691
3845
2638
3785
8663
6345
6200
8926
873
1284
6567
8399
3286
3783
9901
1011
2242
147
8816
9731
1099
4404
8839
996
7726
7860
2942
310
2756
1192
8875
4510
9050
9299
607
1719
4594
7357
9989
5456
7936
5869
5521
6194
2862
6321
4276
2361
53
103
548
5907
8886
6813
6172
8009
6652
1108
5937
5034
5348
108
8022
2979
1350
5276
7745
4197
2169
4663
4461
7837
8925
4007
5549
9836
7264
150
5371
6305
4980
2092
6676
1753
3437
4981
2485
9973
5253
9343
5153
3280
4236
9382
6554
7744
7415
7908
5390
1639
2354
1212
5905
7657
7074
4225
5114
3536
7153
12
4570
2708
6282
3404
3044
2255
2910
2033
5482
4489
9101
5670
2020
9895
3338
416
5470
7594
9564
2979
9011
4813
856
6496
40
1280
3048
4793
5180
2919
4091
5839
3152
8599
664
4721
6936
2640
6178
8340
9318
3477
2002
8172
963
1197
464
6714
3647
9172
9049
8140
7851
7120
5046
5153
5404
5911
8160
4217
9563
4354
7297
8787
9587
1464
2883
2383
2787
7597
9662
3004
4323
3062
5030
5833
848
6282
8719
4456
5919
6529
3503
2258
5603
2994
6964
4120
4654
2952
9174
9634
7899
5317
6965
7105
9900
3116
5279
333
7767
9017
6466
5311
6604
5795
1269
7472
7759
1895
7986
7558
8817
52
1073
122
4514
3676
2702
1790
2351
8284
4472
2829
6654
3397
4917
4226
5043
226
5373
6168
7494
4758
3297
8630
5050
1876
4350
297
2642
7894
4176
6843
7927
8792
1474
5859
4208
2789
5254
6286
3815
8260
9651
1472
4835
9509
797
4539
8172
4939
8706
5291
2136
1752
7594
4301
6129
9040
34
3552
5525
9425
4889
7385
3424
5348
6315
5901
9746
360
5300
3586
5739
533
4506
6980
3566
1848
3457
1387
9951
7380
2929
240
1047
6400
9280
6861
6640
8227
80
9144
3540
2361
6522
7866
8807
8304
7937
6462
8598
6637
2828
2170
7346
9006
1573
6528
6130
1935
550
3813
7487
6678
5537
3375
5212
6722
9556
6685
9977
7457
677
7
9245
1705
2529
2283
6234
968
176
5830
3
1696
8285
5939
1732
8895
5495
79
9781
1940
3297
4456
6545
9135
1787
1577
821
1779
134
9720
1471
7765
5815
4934
2689
2260
9953
4237
8208
266
4470
99
4315
7506
1413
7831
8758
2723
5544
6331
8533
5159
1555
7287
9993
5980
5246
2725
7468
200
7370
4127
3000
8927
9965
9017
7509
2253
5549
2505
9032
336
504
9529
5265
2616
8509
2277
1372
672
5270
5264
369
8266
8310
3311
5356
9851
2185
5250
5975
5485
9496
2432
879
3055
8307
8451
2860
8655
1237
9183
4717
5289
4326
6773
7439
4554
3230
4115
4979
6058
6906
4844
5437
1489
3895
293
1749
7139
4882
9988
2874
1983
8744
9504
4632
4255
3147
3595
7796
7616
6491
5951
4221
6081
7851
8314
2502
2757
2625
1095
1325
7811
8150
5918
1262
2115
1776
2609
9597
7531
6229
5105
9812
4986
237
307
6910
9896
989
3757
1484
8670
8493
3986
8650
2885
6851
1513
4816
8143
7232
9161
1767
3837
2122
1270
1589
1192
8250
365
7087
9918
8952
6474
4879
3659
6861
1860
7969
8951
6884
5487
4283
4075
9764
5669
7543
1078
2472
2208
555
613
9072
7094
9218
7203
9686
2861
8584
6727
6885
5984
6287
6019
5116
9562
942
9091
9819
5501
8166
8265
4172
5240
7316
3486
5099
3610
4192
56
3340
13
7285
1044
4185
3423
2150
63
9207
7976
757
63
4758
9562
7022
9857
8155
1505
8563
2026
5169
8112
2889
5402
1490
5554
3927
7442
3379
7792
3310
421
3273
4734
4890
203
1507
5849
7261
4553
8089
905
6311
8760
2375
3268
5665
3372
4627
8353
108
1023
5533
6786
7081
8346
2531
1363
2270
941
3433
9535
2976
7155
3827
7825
2279
1072
2104
6635
6299
5685
6496
7764
6482
1592
8052
6087
7001
9463
5883
9363
7406
4979
4628
5641
8009
1772
2560
2474
5061
2142
5791
3004
4754
1674
1369
7058
3286
4429
7336
8898
3125
9128
3432
521
9541
95
1731
6552
4119
3263
8396
2267
3217
2425
9064
1834
5489
8589
7677
4600
3608
3253
5893
6188
9104
4108
5314
6796
9431
3085
2132
3630
6009
8814
1767
5748
36
9002
7997
551
7176
3495
3502
6600
9401
4653
7703
4786
921
8629
2418
1814
5848
218
5270
5769
1628
8137
4568
5657
8204
961
3520
7619
5932
5271
7782
6250
3457
2742
9616
6615
718
2568
9452
9094
4721
7729
7774
6201
1117
2542
6936
9135
7076
3572
4190
4049
8266
228
3027
9785
797
2411
6356
2094
4860
3778
1235
2163
7716
5043
2866
6800
7777
5179
6065
8698
3531
6747
2736
5382
2528
8652
6208
2872
5760
5949
3860
7666
4509
3060
137
9335
8017
4795
9063
9112
3187
9004
7287
1253
3721
3537
9210
1872
4102
5138
6929
4176
922
2123
3226
3246
3426
9780
4627
12
7804
1324
1660
1052
3551
8060
4174
1573
4085
2886
4975
755
5575
8458
5291
3953
7508
1141
9272
6328
1766
7541
2625
7662
3005
8139
9239
3730
4903
363
5211
3287
4318
1410
4369
4247
5288
8439
1660
3516
8589
3352
6861
4543
5966
4512
4680
4931
4642
5086
8405
1914
5054
6508
7324
2380
4151
6701
6415
8644
2989
1444
8460
8452
3149
1142
6505
9147
7442
9246
1584
5948
6840
5828
5982
4768
9393
5730
1957
9962
8759
4826
5639
8869
6248
7250
2164
4726
2532
3835
7797
4663
1672
4389
9485
1414
3861
9788
7219
6496
675
5277
4179
6967
4215
4574
145
3720
9811
9453
565
3014
4033
2330
8961
4089
5763
4217
421
4192
4207
2480
1271
7934
4958
5631
8453
4966
713
7417
3324
161
4755
8652
5594
8991
5720
5695
5215
5202
5801
5252
249
2804
1713
6511
3427
1778
9589
5152
4197
5573
6013
115
2992
9817
9825
9066
6717
651
9082
6484
9297
2730
9805
1594
7602
6886
7402
8061
1956
7900
5963
3812
3556
6476
8499
1623
8234
3087
6858
8058
9248
2161
2819
1091
8074
5496
8726
5305
5695
3883
5149
2442
3981
6816
5420
9944
6388
626
4624
6684
6833
2616
4273
4110
750
596
4814
6120
2976
3003
7863
4077
239
8579
934
2788
7261
1567
896
4326
5664
8940
6925
558
5268
4514
6962
8723
37
6418
6358
805
803
2001
4620
4927
271
330
5922
4413
7032
4633
3796
5937
7302
933
5874
6415
5101
6051
7951
2901
7307
4077
7476
162
4663
7298
298
3678
9845
8687
3189
2352
4154
6261
55
2575
8697
2794
7692
6992
3948
7582
95
8579
952
6078
8941
2204
6702
4167
8812
8592
7364
9134
8984
4533
9305
4604
5224
8034
7750
8943
2401
690
921
6100
8558
5045
5175
8584
6791
7119
7896
9544
8352
2251
4041
7658
2343
2910
4410
7596
8908
7437
9166
5884
4252
5117
4384
2323
7920
6826
2754
763
5704
9832
9340
5294
6692
5533
3253
7464
6597
5389
6695
5082
7085
8786
4741
231
4191
1218
8882
2161
5030
2955
4632
2450
2205
1892
1434
8407
5232
4845
4046
1143
4053
3019
8723
8946
9259
5557
6116
2245
5391
6105
1662
9789
550
8781
6568
6999
7301
9612
9018
530
4476
9914
6398
9446
6102
151
8088
3647
5845
2165
7870
6391
4072
256
5029
342
4185
4282
6630
1573
9758
5190
4011
5298
3773
935
437
2989
6293
4163
1022
3386
8765
8861
2480
8047
2071
4501
7398
7963
9118
8031
1593
156
7848
6395
3857
5003
6071
9017
4961
6654
7682
4672
3362
4922
3028
9625
9084
9725
3227
6091
9997
6635
7463
1222
2657
841
4012
9804
687
865
5532
6508
3089
6535
674
2174
4809
5506
7565
8760
5745
7472
9940
9773
8031
6484
3032
8334
4022
3271
1545
8769
5428
3420
8670
2002
9979
6202
421
8810
7376
8945
5320
1060
2598
5861
4795
2120
1687
3997
9967
2080
7591
8691
5941
1999
6417
1023
93
9206
6946
5857
3810
1994
2344
2157
6453
8321
4572
5960
2318
409
9368
3361
3971
4553
4129
9224
6873
2763
2473
3889
585
4878
8968
1892
3186
5917
2775
3433
3059
4789
16
7711
2995
6434
8467
4640
8103
7122
1477
7655
8358
4575
8218
7517
6975
2381
9841
5157
1463
7196
6730
335
8240
8814
1665
1740
2682
8259
4077
2663
8128
6414
2159
7217
9716
621
3374
2828
1506
6622
4474
5849
9461
1101
2106
9984
3033
6321
7655
324
2433
3630
4875
2476
5593
4877
5398
558
2735
8058
5512
3327
4052
4764
7414
6535
9298
9678
468
1455
7588
2701
6083
178
1691
5013
4538
9714
5431
2518
4476
1859
7750
9774
7523
1869
9557
7601
1064
3684
9759
3849
1236
4225
692
8658
8228
1366
7934
9769
4135
2489
1300
1697
8233
3471
2845
1035
7082
3889
3466
8128
3178
1557
7460
3312
1971
36
5928
8115
1902
9556
4317
5071
3257
6190
6393
3932
5534
4031
9251
4788
3386
3320
1898
3386
8097
5037
454
4735
2248
2252
1523
3661
4684
5447
7178
9777
9249
1679
4197
5235
2871
7414
7831
8964
8751
4748
2379
4716
3278
193
9909
1927
7004
8900
9628
2451
3520
1411
9305
8535
7238
8814
5035
4486
5888
7311
7879
4947
4134
4370
4999
4305
8941
3402
6116
1648
6511
8372
8114
636
7069
6793
9341
2156
6760
9180
9121
2299
3614
1191
7732
690
5187
7950
4619
708
2688
9669
195
4636
4657
2884
5147
4611
3689
1696
1500
8369
5552
36
463
8497
8860
978
610
78
9478
3665
9663
8883
8434
5766
5506
174
7333
2060
4986
8279
3592
6625
249
1655
7739
9431
3144
1923
6310
9789
676
4281
1797
3787
9125
5136
5241
9734
5911
4457
2999
6527
6954
9016
666
4126
6314
7725
5779
5755
8365
77
2116
2588
512
8041
5902
1216
5457
4876
8413
4055
7481
2275
578
7786
1135
7428
2281
9443
3776
3437
6233
3578
4904
6044
2142
8308
2363
4379
354
4725
6883
5044
2418
778
2771
253
104
8613
7502
8569
8170
34
1411
7114
3033
5023
8965
3957
8714
8791
8754
7780
458
6635
4655
9492
1368
7675
9877
3488
5042
1696
3687
5207
4719
2291
2369
9641
7324
5370
2224
9907
3
5601
9463
6633
2510
6254
6684
5431
7778
8438
1784
8793
3700
1333
2655
4172
1126
8005
1992
6566
7959
2311
1956
767
9799
9739
5651
1663
9024
4238
5989
5421
1677
5690
5311
3458
2767
8540
743
9919
47
6141
7231
2688
8442
9155
3281
1668
6012
491
9361
8445
3536
1790
5314
4067
113
4574
8164
9332
2260
2462
6312
2411
4296
2044
8643
1146
9347
8081
7782
2094
1740
6533
101
5962
7669
7669
2101
8693
5872
8717
2418
4611
7181
2580
1887
8540
474
8467
1824
9604
9016
7972
54
3639
5451
7123
3406
2428
6429
8150
1265
2032
9813
1616
9914
4049
7402
1813
5275
934
6516
1303
9186
4742
8490
6956
9253
2289
6452
4703
6004
8244
1360
5995
8712
35
4248
5132
2546
1362
3670
8163
9866
4861
4660
9073
3188
7827
3909
8124
5910
2736
4241
6761
5313
525
1660
6446
6210
1901
9169
6230
6009
4952
9557
8447
9440
7519
6345
2508
7418
4930
2779
1515
4185
9977
2180
4467
6238
6555
6315
7376
5493
7038
4468
4034
1754
175
8136
8289
8020
3554
7799
9035
4961
6993
9684
6355
4729
256
9778
4967
4768
1714
9840
7204
969
5830
8227
6494
2921
8671
3394
5968
7012
4246
2609
989
8333
4638
8049
8718
9051
6447
564
6864
8322
5219
8947
5626
7320
6945
294
1930
9952
2669
3692
7578
7249
6385
1907
6644
3772
5351
4170
2563
4748
6666
5367
6512
4463
9932
706
6440
9399
8263
840
751
5506
3792
3660
585
7453
9371
2222
5904
8257
6827
8475
6191
9393
9480
3841
2488
8441
1348
46
6075
4162
3469
4784
6387
7315
1735
3876
6612
7317
5051
5931
977
5704
4455
7018
7129
5846
5005
3024
7684
3518
6505
2235
8607
9910
2109
2288
9027
2751
2341
2892
2635
8460
2724
9044
2699
4493
8198
4803
6095
5635
7883
4120
2766
1880
7663
7954
4738
4834
7675
7630
7568
2182
4271
4444
8080
8667
5511
5225
4698
9548
63
8838
4414
6843
5610
7609
1276
8902
2357
7334
1286
1895
265
7554
6486
9480
5607
9277
7574
8911
724
120
8666
4165
4674
81
7334
6616
6115
4535
746
8377
9189
9616
4260
6249
6632
8361
45
2368
8586
7616
4061
2984
9656
9732
5836
155
5255
3730
1287
8688
9235
3602
8379
4412
6152
8960
7815
2845
4198
6157
7347
3165
8341
5918
2198
7960
1760
665
6959
5619
1814
5417
5055
8220
9245
6171
5285
9680
8045
9330
8341
3744
6398
3780
381
734
8770
7951
9285
9961
9980
6510
442
3487
9675
8826
2479
4538
4729
2009
8331
5445
4958
827
9788
8532
3830
1255
1761
4567
9591
3144
2771
7813
6788
7545
8946
8109
1072
6287
1636
2244
6357
3878
1137
2768
5767
7496
9335
6364
3357
5830
9384
7706
3868
9763
4224
3014
6451
7758
2995
2876
3374
8567
8216
5534
9032
2089
4870
7187
2755
2250
5968
4769
1734
4984
5814
3224
3484
667
4868
5351
2941
3994
6233
9105
4737
8530
6334
2126
229
7807
4866
6870
5023
6307
8982
4122
2305
3793
6888
9239
3859
5543
4724
4803
3157
4443
4581
6160
1993
9174
8801
3500
7075
4617
5906
5316
5278
5584
3932
9305
4604
181
9580
3051
6345
956
3949
7168
5295
6055
3101
569
2896
7871
8493
447
7976
8324
8327
8499
928
8619
2461
1299
7643
5646
9879
9450
2099
3440
8009
3968
1534
126
2333
1370
1518
5498
9254
3886
5338
570
2091
4454
5719
8194
6048
5770
5291
86
2039
3600
4268
383
4611
5143
1150
6931
9325
3225
6032
1457
1265
808
8182
9188
1984
1310
9364
5604
1177
9386
5840
187
6185
8300
9661
2460
4217
7953
101
4294
8803
9872
2792
5448
1027
8831
9543
9063
9697
6866
6824
847
2130
2600
7480
1232
5964
322
5140
9241
8351
2571
1721
7329
1250
7819
517
6988
477
1429
9912
2201
3750
3195
662
1833
2743
7759
6814
6036
7533
5403
8931
6386
9814
885
2010
4278
5027
9622
7369
7099
9953
2891
8964
5571
8055
4840
1610
6851
9567
2438
2454
4038
1338
8128
9007
8494
132
5600
78
8835
5017
1598
3530
864
4289
1714
7341
7476
7478
5014
3647
2568
2711
3710
4282
2010
5497
5814
8883
7903
2320
1673
1106
6332
4657
8247
1545
7078
3573
5277
5421
4441
9918
2103
9531
3054
9920
9303
5534
7058
5341
4494
464
4110
5959
6638
5716
732
2729
5031
1236
122
4822
7832
7766
3839
1262
6294
9283
1166
9951
831
6085
5766
1710
2349
8154
7932
9322
6825
8086
7914
2656
9869
9339
8208
2376
4532
9178
3899
6812
5357
8454
1454
5575
851
777
2273
2578
3436
7271
2342
9416
9905
159
4900
7808
474
1261
919
2430
4089
5378
6321
4643
8333
2243
3680
8903
6563
3274
758
9859
7873
1749
307
4055
2368
850
9887
3527
4175
3085
5855
5871
2396
4337
6229
1253
3659
1140
2270
8951
3388
6071
6133
5331
1144
5452
6576
8033
8782
5309
611
4285
4343
7692
2272
6180
4799
3073
356
2053
4534
6787
7279
6670
3372
7638
2348
8499
4016
6162
5508
4979
6968
4077
4037
4455
2329
2150
625
862
5166
1918
5787
711
2756
5285
6007
2283
294
1657
7669
2530
9068
3709
8310
5014
7987
9663
1937
8652
4784
1547
168
7205
5839
2824
7763
2835
5500
9787
913
7405
8907
1945
6493
7145
7293
6408
4365
6712
5647
4999
5506
5404
7473
6605
859
988
4855
4073
2019
4402
2411
9725
2317
6557
6525
6585
5957
175
1779
6169
4700
3885
6281
9708
2504
7657
9272
483
7901
4628
6598
9768
696
3884
8435
6398
839
4793
7722
5524
3247
7554
1035
4188
9902
8359
6507
7525
8920
8693
1079
3484
2808
990
2330
8935
8806
8650
9853
375
8322
2594
4896
2699
7489
4207
6760
1788
9747
3373
6691
816
9011
6783
3351
5069
1632
6157
9187
6642
8914
6581
5008
6305
5543
1213
1785
3410
8668
6712
8481
3063
2213
9505
4770
3496
5927
7694
6153
7955
9044
6566
7685
9759
4978
9460
7623
5047
2823
2065
7032
2006
3434
9365
8440
9118
224
7661
1248
3038
6923
8826
7321
9980
2621
2340
2171
3366
9425
5883
5843
3625
2891
7730
7842
7663
868
4126
8407
662
6890
8121
4751
4066
125
6370
2652
9405
629
8844
3991
5547
160
4148
9278
7869
1940
157
8648
5163
3298
6370
5973
7225
6846
736
3839
5958
6836
712
9194
8692
1131
3661
146
341
495
6151
851
253
6975
4873
4961
3098
2970
1814
3096
3553
4788
5565
7513
3905
5660
8058
1064
330
7530
3004
5643
6526
4257
6153
4071
6874
7138
6848
5498
3498
2110
2785
2621
5347
7833
2286
3147
8205
7865
2979
3609
6570
1115
215
1470
7325
349
2368
3825
4432
2988
2267
6354
5249
3693
9328
1811
6574
2353
8008
6633
1987
2169
3796
9175
5084
5214
5048
8884
2987
9730
3062
2750
1541
9820
1419
6185
8377
570
5436
7558
5512
8245
9931
3231
3434
6765
8228
7907
1326
7250
6089
5176
7738
4887
2605
178
3484
2608
1002
7461
7209
4451
2461
5211
4155
8407
6533
1680
935
4125
7866
6808
5106
7350
256
638
9536
5218
4871
1693
6817
7404
9518
2658
78
9179
8948
1883
8868
3607
9742
2403
4919
7334
2722
3774
3225
7903
1064
6485
6375
890
5455
8185
5992
5338
311
4169
8250
1207
3520
2983
4649
105
9696
4157
5697
4336
1154
3685
1621
6074
5953
1388
1967
5202
112
2461
1106
5337
9783
5940
9180
8186
9059
3121
2299
3514
1071
9294
4587
6951
2406
4317
6469
4274
3615
1684
3765
9212
5885
3890
9941
4292
3657
5513
3180
7196
5215
8854
5938
5206
570
3772
7592
4238
5950
2871
6315
9417
6628
5415
4303
6617
7174
7465
9788
2849
4882
2876
2855
2522
7661
5478
6929
3497
6425
9605
436
327
5679
4738
6502
8011
3835
978
5945
7376
4539
5518
1307
8515
6623
9196
9314
3891
9987
2370
2593
8964
204
503
6236
2979
8929
5273
849
1837
6426
5890
6141
5829
8165
2743
9398
8207
8927
5904
986
9638
7935
2000
2615
4248
8955
4319
8387
3364
8197
6682
8559
2520
588
2533
3672
8437
3153
6828
3620
6337
8351
8189
6600
1849
274
2392
6747
5623
304
5801
2521
8791
374
8361
7926
7212
8808
2655
7566
6030
3419
9312
53
1046
6438
8279
6829
6984
7884
2992
7750
2573
5338
3156
1295
3252
8009
7907
4642
1552
1739
1723
5392
8920
4560
1803
1081
540
3276
2885
5363
4926
8090
8763
5403
5195
1537
7741
8095
5442
6097
8010
9903
4675
7187
960
5719
5116
3218
7570
2623
6147
1895
2761
3693
7349
8209
3443
300
5493
1727
3191
6613
9056
4524
9700
6558
4307
6235
9131
2439
2478
1244
4058
5001
3275
8418
6737
1215
7584
3392
9528
229
2659
6853
8363
7899
129
4679
9619
2614
1171
4430
5059
1604
6957
3016
5905
4744
6071
8974
6431
4253
3308
3
7233
4872
6896
197
938
8350
6486
3554
3391
7230
8216
8246
2140
1578
5953
5380
8337
4795
5434
5340
1168
8661
1196
8784
5124
174
4690
3325
8291
2001
6915
1914
4386
601
7100
6355
1998
6225
578
7897
8275
8797
5120
5686
8943
8414
6039
521
7416
2082
5770
3649
2288
4061
1953
6893
5556
1862
2065
6023
3293
9418
9610
4613
3584
4670
8156
6943
8497
7978
5621
2432
314
3835
272
2717
4006
6164
280
1138
4606
5481
6635
6899
5611
1200
7863
3904
573
1477
6474
3639
5478
6606
5282
8048
7495
3649
5149
2710
9901
2732
344
4232
4516
6154
3021
7558
4846
8831
6776
4129
9418
7442
3563
709
3175
8173
9098
7521
7722
9959
26
7121
5731
8756
2564
5873
1492
8581
856
789
4693
6901
807
2752
6606
6176
1652
4786
5168
1531
8148
7559
92
3960
84
5388
5375
9304
2461
5063
9079
1857
9926
9157
7104
5281
2860
5319
1496
4834
543
301
266
5099
4006
1424
1873
4947
9875
7562
6851
477
7542
4238
5922
2951
1914
5420
4583
8797
6060
4142
8527
9748
8542
4167
4417
3404
44
2
1306
2322
1811
6504
8615
411
2034
6575
6581
9198
3034
795
2336
7175
8262
6059
7919
8557
287
5330
1755
4122
2331
6370
3053
8560
9354
1094
2022
4306
7337
2787
164
3600
9757
5365
6963
4774
1223
2956
3812
1377
5324
1188
1382
398
5187
3515
4305
9071
2050
2660
7332
7833
8544
4346
5145
4135
9610
8843
5292
6839
4791
7417
2964
176
2442
5157
8347
6635
276
1328
2365
9641
9390
5048
3027
274
5628
9589
1678
2358
8331
8855
2533
9130
9833
1655
788
4851
3632
6101
4516
3286
8693
2795
7043
3094
6417
1581
2472
8204
2873
13
85
2835
6943
4566
6599
9595
7233
9386
4706
6485
6303
9404
1765
690
2378
340
147
2264
151
5878
7752
597
9482
7600
5274
1161
9901
3084
695
6254
8191
1162
8174
6488
151
8690
4262
971
1083
5208
6784
8937
6909
7135
4873
486
1185
6701
8587
1608
1885
5514
7684
7346
8941
4975
4156
2371
7094
1845
3361
1506
6962
6733
7263
5904
905
7222
7353
2201
825
484
1829
2038
8302
5291
8981
3124
5944
5572
8812
1336
8135
8249
9017
3004
7471
5393
6131
6704
4885
6483
5017
5228
3872
1859
3955
7093
9273
4760
7940
3845
9088
4968
4369
9610
491
6405
2253
1418
6736
9256
8575
7769
4298
3924
383
7666
6470
4337
8978
2635
130
6252
2975
6002
9679
7916
7557
1123
7737
1023
2070
4493
3614
1940
5591
1954
6255
6210
3523
6913
3056
3368
7939
8274
9145
4401
6271
2525
7062
5573
7341
7097
8302
1698
1668
3713
243
332
5702
1
3034
9442
8739
3987
3306
865
2362
4701
4302
8604
3398
7040
3776
478
4769
6392
2768
7625
6645
3959
9744
3404
269
7071
7983
6250
4037
8940
7343
325
6981
7029
5867
2140
6904
4358
6099
4205
4290
4914
6589
400
1164
5901
930
9097
8686
745
5373
7405
5498
454
3558
1027
8790
968
6712
3251
5030
5917
4849
3479
393
2376
2982
4750
3448
4518
8339
2282
6999
3163
2641
3450
1079
8520
9178
2558
3265
5891
6745
2408
265
1050
7185
7935
2677
5791
1598
2333
3711
7728
5091
2252
1794
8875
6589
7624
8681
30
1215
2297
3377
6565
3787
9158
5545
9300
5934
6944
3014
8038
1891
5055
9665
1880
5395
4945
9314
2025
3453
1753
6416
8225
5316
58
9761
9940
8755
2144
4906
5034
9778
1215
8939
5152
3386
6192
5513
1281
3500
5714
693
8467
6764
5953
2909
563
7418
9339
3359
2211
5117
64
4336
5117
7525
4541
2201
3468
9469
9740
6165
8751
5872
3829
3090
1291
1147
4240
3087
8020
5527
7098
8903
2880
5438
1401
2588
7597
9073
8711
78
6160
2788
6405
9483
346
9403
7170
8110
8356
9171
4433
5300
3077
6225
8927
9744
8758
3434
4149
787
3121
755
1859
4108
556
6331
91
3165
6709
2605
6446
5797
3033
3132
2225
5098
2646
7115
4113
3263
7596
5457
1753
7457
5804
8184
2721
2265
1193
6659
935
2506
4522
45
3827
9669
9428
7238
7639
3666
7440
7661
5969
976
2140
5490
5278
3920
558
192
2925
7379
1304
5835
2265
7726
8632
9047
385
6694
210
4504
6840
4297
7958
133
797
8149
467
4156
7150
2284
1936
3154
801
370
5921
938
9308
904
3448
5133
5771
969
6326
4656
6720
483
4466
7704
2766
929
7068
6144
4678
8932
7847
1755
1879
9469
1642
2577
6017
2540
6651
8103
6549
6901
3173
2199
1767
4817
9238
6924
5296
4738
7390
2929
7895
7109
62
5204
124
5310
6652
7789
1727
5045
3667
8150
7854
981
4875
8917
9841
7175
7166
3934
8712
9465
7105
9401
6697
6425
4403
2932
3359
7094
2717
4972
5147
5922
5827
6038
7381
5979
1344
3083
9667
2133
2685
2698
89
3914
5229
9156
6764
4109
9506
1022
2913
4935
8396
6124
919
9236
5401
3640
7666
4206
3774
2121
894
7309
457
5696
1141
220
8214
3713
1973
7543
6098
3250
7696
5400
5165
8620
6821
6950
2989
7176
9434
3598
2510
765
8539
8922
6566
5256
770
6580
8492
9606
6663
576
1130
529
5556
8241
3519
3055
9934
3506
440
9780
7498
1112
7883
1135
9629
8160
5397
8304
125
9309
6814
6121
1932
4788
8923
244
6385
5035
5956
9981
5292
9663
6462
8109
1050
2707
5757
536
7723
4561
1384
6647
1168
3989
8381
8238
8106
5121
5949
8910
1173
472
8742
4803
5215
5174
8619
730
8647
1094
6139
9147
2133
584
2370
5665
3970
5775
3382
5936
5584
7182
3838
1319
1994
8325
7782
4604
9509
7833
3246
8957
6753
8322
6409
6516
3184
6486
1551
1418
3943
8868
2188
4755
3487
7721
2255
2182
8595
3383
1645
5411
1490
1322
754
6146
9906
1525
1198
1441
6684
9021
8937
3735
49
809
9761
8587
6420
3002
4420
2789
3020
7695
7190
7198
7202
1343
7514
3316
569
8053
4588
7460
9410
5222
9301
3431
2973
5390
6199
1342
2453
5293
1038
2734
1464
1671
5203
4128
2359
5041
9916
4816
6243
7835
4056
5079
1016
8159
7062
8396
2694
22
8279
5364
5477
6388
6786
6699
3970
1992
7993
7450
1558
2297
1444
8881
8986
871
4985
6595
9931
9497
409
8878
3298
2691
1961
6425
4125
2586
2979
747
9564
2142
1831
4302
3924
6844
1828
2115
7108
5325
1538
1411
8911
1495
2038
9941
467
2899
8498
3069
7516
7667
503
4940
804
6746
6427
7544
8597
6304
2030
5918
7649
9434
4923
5467
923
6131
7943
7670
5657
7040
2446
6722
3307
1947
2319
3445
6970
3250
417
1775
9717
8085
2871
2679
5940
1602
1784
9719
2430
1183
1717
2162
8456
9255
1538
6421
2430
1249
3411
5691
221
4301
6406
9283
8448
5301
3030
9028
6479
1200
5482
3637
6433
337
7114
8458
1661
7736
921
7785
351
4680
6944
8814
5067
1358
8601
7953
9375
4834
6692
3113
6345
625
6902
7011
3180
5279
9737
5897
6061
1259
1223
4356
1261
9122
884
5677
2165
6960
9533
9131
9950
8598
3321
1172
7499
3318
7176
4522
12
7135
2386
833
7504
8866
5609
7737
9541
7715
1323
9271
141
3073
3583
9482
6371
8298
9801
453
7287
9577
3470
4090
8715
7737
2639
7948
3031
4278
6971
9096
175
7291
8495
4567
4269
6667
5844
1932
4193
2491
9503
6704
4095
4184
4722
8955
2039
9842
7538
8599
2412
660
7912
6238
6381
6059
4496
4211
8014
5131
7075
1607
5397
3656
8969
7378
7268
5632
7679
9521
4571
7039
2194
9149
5009
8073
3210
7800
4718
7036
1545
8946
9444
1537
9663
5606
1882
5935
3763
1658
394
1694
4763
693
2009
5523
7565
3713
5821
823
2882
7305
1009
9662
551
4543
4590
9299
7422
1025
7128
7326
7341
5361
1167
9887
761
5030
9839
6475
3113
629
5313
1737
2096
9644
3247
219
3816
2502
9291
9290
8414
5205
3585
5480
6693
4572
2930
2848
6066
453
1125
3576
6381
7197
9807
7146
2029
8832
5832
6520
1974
28
5663
7658
7435
8239
9604
1096
1393
8049
5697
9436
8682
1026
9175
8465
7707
4453
2321
575
7731
7897
9407
9238
6647
6869
7980
7663
5300
6240
5957
5145
7882
7401
1471
2956
6334
337
1043
3485
2759
5807
944
7828
4774
4557
5834
8265
382
134
341
8187
7004
4954
3690
8745
555
596
1699
6765
4573
8199
4652
3650
2668
9521
6325
158
7339
1628
9749
1041
2538
5922
7409
5262
339
3354
5287
451
3244
606
5089
906
4349
2871
2783
755
5021
6268
8906
5324
7907
3108
4165
4561
2131
3185
2705
463
8753
4150
9516
3215
9833
7449
9488
5019
6557
3102
9077
6290
4583
2882
3920
7006
3640
4801
7646
5600
5672
9749
4337
7395
8776
3347
1773
9456
9467
3296
9028
2193
819
5189
5096
8879
5538
4568
7392
381
1666
9162
175
7544
5174
3164
95
2693
2367
1796
1096
9761
1708
9867
7229
7022
7144
6496
735
8558
5345
1726
4021
943
4674
297
1909
4808
9144
8204
585
8004
3744
9541
8232
4447
1169
2773
6094
6943
7417
6502
8154
2470
7988
8176
6945
2865
4174
8920
8993
5469
6487
5046
1789
4875
5669
9682
3071
3419
6327
5939
3137
1630
1786
4276
4041
5045
2759
1835
2254
2441
4034
8447
554
6153
2539
3175
952
6164
9821
8287
5857
510
4567
7212
4726
1715
5029
6563
8353
2772
7088
7875
1883
7410
1054
3099
7566
9807
6686
2489
3576
9634
3509
7027
8710
7438
9185
9850
121
6024
1976
2636
601
4465
6781
8525
789
884
7453
1552
2049
7408
1513
9214
1755
3810
3048
6916
3098
3413
4521
8774
856
2640
3555
3490
1524
3077
2443
4705
5390
9620
7413
8367
7471
7758
3566
5309
1773
7845
8652
3745
1182
5633
3432
7727
5483
473
2915
3319
6971
2830
2687
1854
6822
5685
3170
1630
1564
591
5947
2429
6489
6553
1695
5868
14
5853
7486
5348
2290
1507
7240
451
4215
1869
3841
572
5242
1154
3565
9585
5492
3641
2452
6101
255
3483
2831
6972
6497
3350
9979
7551
5122
1291
2402
7729
7557
7436
5030
4052
9736
145
7068
2596
95
5457
7999
1779
5489
4029
6721
289
1272
1084
9060
6852
6197
2650
1275
7843
9573
4032
452
8754
785
8691
5047
7757
1030
3566
7480
6882
7064
9318
4473
4541
7789
289
7012
6490
9831
8164
1185
6561
1331
3001
2912
96
4656
9206
4449
7005
1093
6752
5389
3982
2627
1848
3907
3090
2006
1695
5776
8834
4951
8321
3327
7477
8263
3546
453
4779
3341
1602
9105
3141
2550
4917
6733
3255
5391
8134
534
8341
14
181
227
6635
2873
8260
1795
9758
3676
8564
4387
3347
9431
9678
1829
7233
9093
6341
7191
4320
5715
6620
6813
1816
5216
3292
6367
8994
682
3769
5555
2539
2813
4067
1167
4644
4188
3598
72
1865
4032
2726
6067
9851
1024
7687
8670
7763
9871
7078
4607
6372
2495
7177
4729
6320
8658
6716
7053
6434
1536
152
7160
975
8296
7832
3111
2216
708
8523
4940
8953
9913
6442
5628
8084
7726
3690
2038
1689
5567
9943
1774
44
5606
872
2343
6797
5486
2125
9082
7988
9778
9560
6893
1761
8088
9911
5655
2366
909
6275
813
3324
91
4040
4027
8957
2684
5696
2152
7033
9097
2943
9502
6196
9797
1504
185
7291
9502
5787
6857
2609
6754
7338
7467
2926
6237
740
3150
5797
5735
3822
7361
3388
1869
3892
5708
5356
5711
9420
884
7845
6538
8931
3783
1215
3165
5646
6856
9648
4880
7221
5743
3563
5244
2799
123
8826
1832
1242
4914
2149
9072
6932
3083
698
4077
7354
9421
7901
4748
5257
5431
2100
3190
8329
5590
7256
6212
3494
1991
2020
3179
3656
5485
2621
2237
2198
2232
5784
4988
6548
1096
4419
6636
6734
5705
9856
1489
5008
1223
4328
672
5648
7466
1891
1205
89
7753
8682
7607
5292
89
5362
1642
1646
8260
1946
7014
2523
9739
957
3180
5716
8687
8931
5120
3861
2837
6283
876
7253
448
147
4108
5743
5853
2994
3830
4852
5017
7071
55
8893
4456
8214
6721
2907
3798
2390
8493
3686
4591
7829
2010
6172
9512
54
8687
917
6237
6347
1654
1137
3114
7663
4039
4950
8502
3568
3366
5853
1751
5571
1844
9212
9428
7374
4654
5732
4444
7911
2640
5198
8017
3307
4761
6251
2553
458
3634
5697
573
4846
1345
1532
8301
8888
9478
9180
957
9620
3083
7271
9103
3417
4277
2481
5296
5271
4103
8528
408
1145
9137
1246
449
8317
3714
3527
5646
8228
7220
642
6865
623
4536
2220
5123
2624
1861
2414
7793
1699
1268
5059
9306
1375
3701
8736
9421
5339
3747
4694
9181
4016
8120
3424
890
5270
7652
174
2029
7414
4685
7213
3015
1106
1408
315
7928
5431
3671
3125
8663
7277
8716
6823
1002
7846
6821
2776
7961
5143
6699
3867
3571
9003
5100
5021
8242
1627
4810
2523
7833
182
427
6009
1689
9221
4006
9512
3680
5708
6206
5852
9233
2278
465
5181
136
6987
5359
8092
9559
5936
8789
8175
2312
196
8090
7153
8930
4049
2510
9816
2348
5003
2615
6545
9448
8670
1502
7188
5469
1149
4645
9727
7842
7778
2527
7067
299
5896
3436
1361
5957
4147
3669
3277
7704
4415
2370
3844
5392
2848
3322
5502
8652
690
7793
109
5401
4227
7952
2978
2392
1381
4851
6884
7573
4784
6044
5450
3371
4331
620
4157
6163
1441
6038
3902
9019
9046
606
7370
8776
1751
1074
1962
6009
8043
4676
1782
3682
1988
3288
7535
9797
8241
6983
7826
868
4178
1698
1167
130
4563
9844
8887
5958
391
1111
5190
9741
7780
4338
1495
945
1135
727
5203
5792
7850
6353
7116
3880
3567
6223
9039
1148
2244
7150
7192
3798
7907
6276
5652
2233
7432
7786
4549
7794
4479
1191
5940
6918
962
8121
2850
153
254
4428
4481
7020
9669
3265
5316
2192
4484
6225
8870
5509
6164
69
7545
1807
2181
6342
1125
997
1715
4332
8350
8687
1114
7415
9229
6435
6522
1406
7063
2312
7668
4600
6647
4417
1703
3578
1320
964
3833
1077
9773
6146
7488
835
399
6687
9812
4047
7435
8060
9677
8744
5005
7930
2645
1775
4389
8815
8616
3583
7782
8081
681
8452
3904
1326
5133
7438
8054
4278
4476
327
7879
3669
9494
858
6849
8193
9830
3227
6932
252
2782
2790
6637
5471
5650
2712
71
9929
8991
2539
8837
9209
9800
9537
6727
1988
9544
8102
4425
1923
6110
2248
948
6618
4929
258
5950
2146
8325
4465
2826
5769
3587
6869
1937
9586
9300
2576
2849
2170
8150
8515
1419
706
2218
8635
7096
6587
5466
8032
9812
3086
4098
1939
4138
6090
407
753
5353
7913
7628
7276
1338
5124
2539
2611
5931
1498
909
1839
1672
4268
2413
9333
7033
4352
6640
7436
7393
8255
7434
6053
4298
517
1176
9768
423
4070
8661
2914
4943
9226
8321
754
4745
759
9374
2147
5340
1942
5314
7236
7323
1573
6027
9906
4402
7539
9215
5811
6455
3404
8409
5788
5903
8647
9676
8872
606
3208
1007
1261
9574
7530
2174
8173
3970
1415
7837
4344
7130
4174
3034
4587
5600
9664
7588
5204
58
9764
5576
3950
3943
9286
4719
6748
6223
5351
6627
5080
2237
6633
6072
3216
6386
5506
3211
5818
7894
1500
256
3551
3732
9429
9071
6052
4475
6904
1010
4346
8120
7571
799
4929
4465
7466
2863
3023
6738
2349
3032
2227
4968
5478
7670
4822
1212
4710
7578
1074
4806
475
4931
551
2544
4580
2093
6299
9725
5569
6049
9729
8537
359
8651
4812
5835
6672
9492
897
353
7722
9193
1481
3712
3843
5269
2975
5907
3389
1022
7344
70
7225
218
1280
4683
7569
4250
2041
6071
1358
8643
443
6578
5656
8756
509
4431
3654
606
4130
6786
1266
5804
8640
6171
4636
4673
9675
5273
6827
1486
3491
9087
785
6667
4589
4855
289
1369
8895
2085
2055
3965
2300
8704
2108
5128
1506
7349
7087
8656
753
2678
5095
1078
772
7662
8615
227
6471
1222
4697
1934
3825
5415
6559
2204
3596
2632
5503
2209
1108
5370
4561
5606
4259
8123
4569
35
6192
5826
2146
6792
4366
4972
268
5223
6574
1312
3798
907
5150
219
5196
7272
7305
8410
2052
605
1840
7441
9696
2835
3852
9855
6839
8003
9353
8794
2176
1823
8375
2868
9126
1514
4362
4849
7081
9895
2920
6630
9652
9007
1221
4289
5105
1995
8366
8619
4426
4592
4602
9707
2056
559
5231
266
6140
6564
7272
3364
5353
6492
8907
9488
4897
2460
1656
6511
6628
9222
6195
5042
7422
5880
1561
3722
5549
5606
3282
3275
1248
8574
9785
2543
8298
5658
855
1863
3225
7369
3042
5313
4218
8547
667
9905
7327
5368
6000
691
9199
5807
327
5882
5794
7606
4344
1751
7429
3015
3920
3708
4632
167
5539
1167
8551
3171
769
3635
708
2986
5760
6106
3838
277
1302
6920
4622
568
9326
427
3430
9326
2776
8836
3213
2478
8888
4106
3051
7946
3359
2874
667
7177
9526
3962
9565
4047
3148
2584
5311
5203
8188
1809
9292
313
2435
6762
9793
1493
3305
8896
3318
665
3537
2104
7627
3147
4120
2625
3188
8666
8387
5861
2812
7055
4941
681
413
9540
8757
4613
3227
6039
1643
6801
6520
1198
6692
4696
3138
8217
8710
597
3384
5486
2620
9098
3952
2175
2210
4808
2494
7307
8048
7355
1587
221
5572
9690
8340
3378
9069
5448
2492
9829
1749
5930
5625
5649
9043
4767
5672
6771
8497
3502
624
2265
5788
3522
4218
1171
3481
9531
856
420
6973
1005
1393
3757
3886
2888
8111
7169
5595
6061
2710
2019
1079
7950
1551
7650
5457
6136
5323
1392
9506
9317
938
4499
4094
4563
192
4911
9084
3443
6765
5212
6347
9990
1538
3172
7642
8058
5672
423
6102
3391
7038
8525
8971
8987
8228
4852
7447
3554
6161
2041
4725
1043
9187
8462
4770
3058
762
3294
4443
7185
6127
4430
8077
9997
6492
1932
7445
3150
5884
8556
4639
3469
4693
220
4005
6765
6985
1612
4448
4925
9319
9553
2
2299
2142
4056
670
6774
4964
8770
8369
7055
6756
588
1846
6552
3501
7970
4918
2166
342
5515
1614
8766
5713
6401
9979
5384
3121
7010
9482
4099
7521
1361
4408
2889
9804
3295
8468
2407
6103
5293
5554
1240
6217
3018
116
2682
4178
5897
8643
891
316
2793
2421
9538
9911
2311
4038
850
4142
352
7337
9660
8124
8514
9304
9857
8047
8788
6419
6190
2017
7482
2634
398
617
1178
2351
1946
9217
3521
5475
7899
3982
6735
9794
2037
3911
7792
394
3482
4579
2710
2937
3201
9209
7471
3708
2126
1196
6630
8788
1232
4349
3967
2375
7576
7239
9685
2947
7614
1327
1468
2783
6473
3006
4917
2626
1227
7055
2584
3543
5830
5067
2227
3236
7757
1087
2155
4120
4293
6445
1432
6680
795
1310
8798
1442
7224
2372
2221
6279
7215
2857
2885
4487
9152
237
1286
1097
5636
9134
676
2382
5309
1731
1852
5637
3644
3438
9202
9583
3512
9292
512
1867
8875
8427
2850
460
1942
2975
883
2318
3740
4253
9398
6942
2674
3614
6723
5180
3028
653
3376
2750
1327
8768
6014
4673
6042
8948
9248
3353
7113
4473
3337
2260
905
1714
135
8225
7268
2473
2829
5162
6962
3024
9815
2865
7141
4334
7299
2048
6621
7509
4111
1888
8724
8172
5570
2560
8390
6757
4048
3464
3805
7405
3842
4064
8582
912
7776
8719
6855
8293
1811
2087
6165
8779
8182
1930
3421
4904
3749
8937
1640
8290
2435
6122
6207
5802
1170
8584
7539
6640
8059
3585
372
8485
3262
9811
2242
5717
8809
3854
8839
8783
2293
9243
3477
8797
9901
6257
9581
949
9173
5491
3412
3813
6609
1487
2668
7777
1166
3876
3118
9332
9530
2768
8277
1052
7933
6740
1013
4696
3889
9523
6789
9783
9492
6291
8121
4906
5628
986
4991
6576
1613
5230
5297
4031
8055
8077
5346
45
3770
3498
7093
2274
5545
3395
4689
111
258
3156
4696
5573
568
6383
1335
9508
8328
276
199
5131
1064
1313
7126
8244
3841
676
9234
3523
6455
4739
113
5105
3741
9684
697
478
8657
4862
8158
5241
7237
7786
2425
1959
5164
9684
7958
4154
2528
582
6450
842
3525
4115
283
9522
7466
8174
8717
4847
3570
4330
930
8244
3329
6065
6289
4406
5906
7538
3463
583
6410
6040
3030
4555
2193
7003
5464
7062
9422
2079
7142
8664
5992
8636
5414
4936
1643
8462
7560
9971
4032
4576
4611
2505
6672
7272
8692
5057
491
5128
4777
5852
4104
8768
1635
3536
5879
6611
5870
718
6537
2992
7523
5296
6848
2832
3964
450
8706
3764
570
1662
4854
4737
1585
2086
7945
4795
9867
8147
1085
980
8010
6008
7355
3167
4843
732
6072
8994
4971
9690
5965
2046
6231
2841
3436
1933
7561
9876
222
6962
8435
7689
9259
541
8283
2392
868
8217
2552
2405
1146
1211
6214
7206
1882
6181
3169
1841
8837
3246
9070
590
6292
5085
6683
3886
9718
27
3305
2176
3637
7807
7122
6576
4534
7006
801
8523
1401
36
9342
55
4857
1780
991
2486
1066
1653
6815
95
8349
6044
2392
6135
6548
7235
7510
1347
7760
6500
3326
5164
6187
3859
8378
8258
477
9542
1747
8814
6036
4855
2311
7753
5150
7126
5397
1073
474
456
6597
6790
6050
5005
5904
5728
872
5103
3880
3801
6474
761
6769
6961
2556
8968
4171
7861
8195
9259
7869
3150
8028
584
5974
7115
2031
2752
7590
2170
740
8111
5556
9534
5863
5675
3662
5396
9378
847
7867
3509
7860
2326
806
1766
6637
4919
8572
214
578
2309
5554
518
7062
9760
4986
7203
902
1464
2802
279
5477
90
5220
5840
6673
5514
9554
9990
6078
9393
3393
1504
2094
1339
2475
6518
2872
6422
9901
72
2543
4026
7662
2398
3763
6046
6250
1931
2761
5137
4480
760
9128
901
7800
6522
2435
3092
7828
85
388
1763
8606
5874
9599
3884
7981
2915
4780
5534
9236
6758
3523
6513
1418
3307
3406
5091
8916
5194
1242
4379
5336
3258
2445
6706
4616
7037
6392
4842
3512
550
7222
5779
7095
1359
898
2478
1245
876
7316
1598
5516
1406
4998
5269
8123
9779
4966
4237
900
907
5196
7893
3886
4859
9550
1153
464
788
4505
5397
6115
152
4925
5483
3881
4722
3431
4019
2545
1034
5915
3182
7012
4875
1263
9267
6027
7570
7856
772
106
261
6030
1330
1412
5289
4154
2629
5788
7185
6151
3939
8982
3919
2838
1604
8644
8861
2505
754
9028
769
5109
5044
974
9359
3727
9501
838
4139
3939
8001
6425
731
2165
576
9663
6591
3672
7911
53
2704
1378
9910
3508
5953
1407
9717
9571
20
6037
861
5310
1919
7012
5010
1720
4341
2627
1048
7807
9345
4631
8299
7355
9633
343
7697
2714
9085
1993
5656
7664
432
7578
5245
75
824
9328
3142
3858
5318
4998
6228
4413
962
9371
8966
4831
968
4358
938
8804
4598
8535
2898
1233
2107
1961
6582
7410
6491
5407
4696
5090
9937
574
7591
7531
9095
7978
5599
9910
7646
7668
7757
829
7202
5066
4259
8202
7118
1544
5301
449
2305
1007
6557
8325
4703
9931
3314
1136
4736
2436
7429
2623
7230
930
8422
9905
3009
2311
8108
9367
8702
3255
6275
1324
5012
668
8546
2353
5572
4975
1317
1982
3263
8471
2153
45
3349
5310
2076
1336
3092
3149
9098
1571
8197
3614
1633
9043
4715
8026
7742
4490
2057
7236
6233
8940
6164
2716
5468
1782
7673
6211
5255
9958
9609
6214
9063
9693
2741
9703
9453
1847
3177
9217
8994
3451
553
6049
3343
1839
6246
5724
5353
6955
9118
6064
832
4172
9385
2045
5275
6144
6369
8374
7429
3758
5710
4143
6214
5568
5921
3781
6355
5166
4519
8710
6472
9342
1343
580
2193
9716
6782
6056
9914
7270
876
7271
3038
7252
1075
5815
3274
4571
7902
3366
9564
9481
9857
5444
1592
6101
3156
3644
6245
7855
84
5863
1549
2827
7219
4772
1355
7960
9009
7131
3918
1414
3619
8925
3340
7099
7424
6531
5393
3471
5543
6267
7489
449
6574
57
7419
2114
6226
1219
7324
5051
5194
4521
7152
6768
5515
5105
2612
7289
668
6080
2220
7530
7273
7156
736
8730
870
8256
5239
6970
9820
1913
7828
1890
1810
1614
8128
6355
7351
2503
8362
3357
5393
3387
2791
6324
1748
7428
9565
7939
9944
4452
3022
924
6131
1954
2050
5739
4260
5059
853
4515
4522
8658
3692
5908
2408
1782
1919
1732
2445
2436
6895
9175
3982
9684
4609
3153
7946
6058
6006
3845
8157
3031
7557
8598
8522
1533
7636
8647
7792
8243
6701
5848
4956
7479
3861
2231
2718
8079
5604
6326
4759
6094
6900
1183
7984
7291
545
7427
8467
6540
2399
5142
1010
5220
8741
3622
6228
1885
3837
925
6823
4238
7465
5238
8823
9344
3048
2889
2809
3334
3052
4946
5530
5946
921
388
3273
1137
9783
8948
1887
664
9625
5523
3981
1946
1687
7509
5489
1154
243
2455
5030
4415
2301
4167
1498
2090
415
4276
167
1200
6405
4365
6076
188
9016
6935
735
9225
7817
9750
7737
8865
8753
5763
1549
945
3202
6110
9846
7105
537
4914
5873
3999
900
97
3849
9248
9151
8951
4571
2831
1402
4519
3168
1865
2727
2919
5824
7833
5292
5800
8290
1727
5398
1079
4778
7003
9971
7682
4071
2593
7649
7193
2557
1324
36
7872
303
19
3248
7427
119
2756
8643
9734
1679
1182
1113
2484
1251
6350
882
3348
5698
6210
1188
3080
6411
2408
2055
304
5684
953
7732
2220
2058
9328
6133
5693
5775
2709
9055
3363
5189
8010
2122
3813
493
4922
5994
4227
1470
612
3713
5961
1025
1544
6663
7644
90
6753
8738
8296
3898
9386
6872
6993
816
4263
2511
1560
179
910
1889
2476
2713
1219
4206
909
8307
7464
339
380
2966
2714
3544
1965
6531
2448
1782
2126
813
2734
9709
7989
1964
702
6623
6617
2402
3442
1064
7453
6553
532
583
3794
5716
7425
8956
2925
1160
504
88
7765
3683
1912
6254
1554
6695
8336
3175
5330
3699
274
1237
7760
6886
7779
2275
6854
5269
4463
1274
8241
1515
8512
4495
8793
5843
215
1908
3209
9283
8033
3815
3402
9827
7320
2347
4313
905
3031
5780
4728
8735
7145
3932
3721
9946
74
1521
4859
1399
818
9420
9317
6672
7635
4735
1357
3978
9912
768
6259
5689
4781
6898
5609
6567
9031
3415
9513
1718
5696
6542
6943
2246
4770
6109
4955
5661
5495
9031
2107
2954
2621
4109
49
3436
6175
7319
6639
679
2167
4741
2647
9897
4649
1442
8686
2932
6297
3714
8448
4287
5961
8251
1809
7511
6824
3957
1235
3075
593
6682
6063
887
2745
6177
2792
3542
4745
6390
3912
6636
2341
20
9454
8081
1540
4877
5181
2207
7292
4440
5319
5024
5576
8110
1793
530
9872
986
7675
7645
9856
4928
6650
9410
8554
1747
880
7146
1628
2451
3059
3940
719
3322
1185
9998
6504
6983
717
3346
5428
9949
6998
1434
4192
5354
9218
1757
4714
621
1319
7034
8563
2507
952
6674
4314
3908
4268
2960
7909
1747
5566
1115
4111
98
6167
5451
3614
2420
4256
7379
922
362
5564
4344
9598
3606
6206
7742
3933
159
984
2181
8931
946
3208
2866
3943
1204
8392
5454
4840
3322
3396
9466
9336
9687
8200
3846
7911
6922
1503
7441
6267
336
5997
1818
2634
3367
826
5579
6496
2106
5355
760
8796
6330
2548
289
7593
9504
4861
1446
7813
6643
2865
3703
9368
2497
7362
2277
9994
2191
5817
1187
9100
7908
8798
2863
1252
8147
1794
3569
5950
5804
1195
6428
7276
8027
770
6692
684
4861
1688
8494
8347
7988
1655
6533
8768
4695
2878
8232
9014
9172
9613
7344
7890
4754
6170
7002
4007
5498
5138
8891
7189
3280
296
4130
1871
5168
5695
4239
4656
9230
1691
5848
3759
557
6659
7524
9127
5436
988
6643
4892
8971
178
9395
290
4926
5732
3136
5342
5344
6245
2048
2655
6450
2368
4351
3128
4276
1973
4894
186
4598
6188
877
3248
5433
715
4872
4862
5273
5379
9968
1109
9555
7476
7066
633
2422
2040
1605
5564
628
2861
7241
1839
2229
8766
6597
8083
6796
632
375
9463
3066
9014
5960
3267
6281
167
6178
5857
5003
9962
1044
7725
7936
5380
8113
3253
8243
874
6115
8373
3100
6066
4783
4396
567
7403
3407
9684
3025
5004
6434
5172
8502
8936
9781
1386
8047
3987
6373
5726
459
4774
6883
2887
804
126
573
1792
9455
7677
1462
8899
4073
635
7335
9232
8809
9577
7256
8157
4868
8559
9616
3778
7896
8207
167
7352
8892
5807
918
3234
9813
7893
7832
7718
8547
614
3663
83
383
4019
1111
6138
340
8664
2945
8774
7412
6910
7995
1508
9236
3857
434
8691
8951
5853
9736
4230
5562
1173
8805
9843
512
5751
7171
4965
332
2783
7123
2252
8403
1860
2728
5882
288
7799
9242
4970
6717
4944
9514
9566
2871
7081
7938
8246
8466
6528
443
5661
7805
8798
7174
4679
4526
6277
7142
7850
5203
566
728
1175
6133
3767
351
3311
9934
1701
7602
1557
5084
1602
8518
6591
1530
5275
1290
9875
3786
6249
9917
4273
9908
708
1479
6109
3749
6264
6444
2179
1610
4074
4885
5631
8695
4097
8231
6084
1250
3019
1124
1220
3338
9135
6705
3796
1623
5488
3219
5435
5037
4722
4038
4632
2855
6371
3599
9161
8462
4169
5224
5494
1925
8052
4591
3230
3726
8213
4993
6569
9888
9638
423
6359
575
9865
2461
8808
4629
8712
4160
8484
9934
7195
2886
1021
6768
6815
259
4313
3282
8200
9954
3647
2733
4397
5473
1460
4869
9506
6295
8256
5211
8160
2232
8993
4189
2813
2799
6117
7688
7311
2522
5377
381
6578
846
2913
4485
8987
1468
3688
3581
6685
4226
7661
629
5999
80
9255
6941
5015
4146
3397
7055
9647
4228
21
1773
6206
2150
9196
8503
7238
8215
8804
9042
3005
1096
6859
9649
2242
5603
722
3060
7392
3096
9522
670
3092
451
8278
9901
1962
1552
7477
7455
5711
6847
8700
6723
889
8803
7302
5903
79
1318
7816
9808
5743
2723
822
120
345
1350
5147
3889
4951
3922
9841
8191
8764
4594
2613
747
8702
4324
9672
7534
6350
7143
3078
9900
8016
7130
7097
539
3547
2912
2891
6640
6221
1673
3838
8553
6096
1533
9855
2236
5082
180
1853
4863
6530
9821
2360
7391
5012
7209
3234
4586
2375
8066
6378
3985
6069
7441
2618
5929
8653
6307
131
5799
9229
7976
9719
1974
7807
8051
8342
7372
7490
1772
7795
764
2259
7835
9895
1032
2038
2937
7171
4340
598
5527
3842
5972
6397
9557
2741
8627
4810
1529
3676
5395
5231
3719
8736
96
3139
1295
4027
9907
9237
8886
5291
9613
5565
2487
2103
8851
2660
5589
3124
8161
9932
6205
283
6037
7511
840
4326
2402
2112
2267
5105
6723
1862
5138
678
9471
1622
3325
5971
1449
7289
8610
5603
6370
2395
6140
3685
531
2539
5876
5613
3848
1848
7831
3332
4023
562
6852
765
2045
7897
7162
2675
326
7622
7042
645
7471
3484
2374
5909
7623
7869
7751
7154
54
5995
9200
706
5599
7391
7507
6982
9779
3308
1286
7915
4406
406
2324
9884
189
3634
7749
6994
2771
5827
341
3061
1009
6130
6356
1680
948
4482
6839
908
5274
2820
4073
3052
1434
7788
782
7797
2669
902
3076
2237
1525
9437
9974
5167
2673
3439
212
3375
756
4923
254
9986
5604
2685
865
5697
5985
1657
328
4185
3737
985
142
4522
7
173
7276
362
7083
7468
9067
8664
2723
172
3327
9991
2164
826
2220
6420
2305
2238
4537
5569
2421
2947
9350
4511
7009
5793
3232
6346
3364
5750
1644
5517
525
2755
4345
350
9634
8318
3914
6131
3909
29
3707
2033
9827
1838
6746
242
9987
5672
2378
8977
3997
2732
9359
6056
37
8051
3460
4987
570
3390
6010
1775
6093
9774
8127
466
2798
7864
9579
9520
1956
9668
2807
6497
509
79
4632
4053
9649
6732
83
9284
4280
6636
3555
3259
31
4339
9504
3501
4893
491
6683
3608
4162
9560
8452
6987
5548
9526
9059
1642
20
5063
8372
2119
2281
6542
7295
8153
1725
8857
1738
6186
3175
6089
2109
8488
5071
4184
8574
7571
3614
559
5879
8539
7329
1468
667
3577
458
1288
5521
5355
262
2597
6521
9152
6860
2933
2939
1049
4331
1825
4512
8992
6408
259
2477
4361
8854
3534
7998
6701
326
5564
9185
2347
5787
5594
4107
9555
3878
5613
821
7718
1598
4236
1929
2785
2292
9263
8660
8021
3189
1455
9437
4620
4151
2241
5288
9069
5981
5944
2828
1001
1892
4787
5919
1415
5932
5562
2756
8115
7395
5516
8426
2767
3756
3084
4081
2726
4409
7554
5043
7193
3325
135
7401
5946
9130
7094
3947
7552
9756
2937
6206
9851
4619
9103
241
9765
6956
1982
5702
2085
220
4481
6732
9414
5861
8472
1968
6118
3169
2458
836
2772
1261
1071
6377
3910
6163
4594
2947
2448
9108
8002
2772
3732
1475
8400
3291
1129
3035
561
6103
3369
7589
1472
2599
6969
7659
8295
595
6638
8830
9565
2766
7386
8995
692
4938
1562
665
3310
2041
6131
3263
6109
6410
8941
5857
5439
3484
947
889
1412
5732
8370
111
9266
4211
6284
5776
877
180
6909
1431
4829
2782
9011
7966
9020
7524
5521
6937
7827
3317
5204
8709
6846
7876
2885
1169
261
1996
9170
2957
4074
2758
9663
9116
4733
8904
8523
1029
2485
2928
779
6428
9056
8341
3235
2141
1371
1242
4140
754
7305
2023
4987
253
3587
1508
7003
4832
3120
1160
7241
5367
8984
4609
6320
7702
1355
5064
630
7100
5468
7238
9981
6240
7200
1717
9623
8997
599
9725
7815
4883
8745
7139
3301
1692
2102
236
6536
7560
52
1228
5856
8408
1508
6159
9976
3040
7410
6329
9430
274
8302
7398
2763
9026
2715
6009
6081
1226
8083
60
1768
8336
8430
9383
6907
80
5704
1766
5325
2380
2288
5282
7427
9162
5572
1414
2655
9615
3772
4106
8263
5775
9992
1218
3711
2861
6715
6513
5151
5239
5779
4676
3632
9638
9668
4765
7243
3285
6686
8883
9039
8330
326
430
913
5544
1446
2101
4063
4823
9937
8151
9075
8347
6890
3151
6635
2901
2704
7714
4139
9383
3822
7382
3503
8564
285
6088
2985
627
7432
8274
3947
6585
6660
4487
8733
9402
3128
2923
640
739
1327
9707
9131
9427
2282
105
7068
7624
6666
6204
853
5242
1866
6448
9311
317
1667
2101
9818
8897
5757
1879
5688
8082
2088
25
758
7302
1961
3727
5607
8752
7411
9540
1107
5389
8401
5899
408
4966
88
8661
6317
7605
9653
8673
7813
2345
7056
402
8126
1966
414
5752
3093
2497
3274
2319
3028
8276
5678
5151
1906
956
7944
9533
957
8723
5951
5753
256
2188
1995
7332
9952
4384
1815
3671
3571
8925
7154
89
3626
2669
7662
2986
4082
9292
794
2006
6711
5584
4697
6458
4485
647
5846
9264
4923
2373
2888
506
807
3579
9755
2727
8557
2530
9307
704
4554
981
7624
3418
675
9293
9095
4693
3450
627
5767
5376
3888
9613
6495
7916
9719
1742
1282
7137
8564
4910
711
7692
8874
9791
6235
8500
1996
8128
2424
7338
5230
2065
3917
8279
8533
4860
8925
3477
7488
5254
7477
8802
3059
5376
4067
616
1028
1494
8799
6503
5430
4124
26
5520
6858
9184
462
1462
8450
9349
450
1146
7865
173
7422
8607
1873
1050
1468
7053
2060
3782
1747
7137
413
5305
4056
9259
6849
6847
849
575
8826
5127
2020
5788
9527
9797
3066
6930
3214
396
3954
4293
8132
5644
3747
8265
1075
8038
7570
7519
7512
2323
4462
2573
2389
2981
8956
9218
9079
8858
6504
8596
3737
9014
2377
9711
1751
5911
1555
2386
6037
6726
5822
6450
2107
207
2262
3880
9941
8471
2825
9195
3893
1109
1107
63
6666
581
7921
6055
4875
1259
1829
9289
7098
7571
4275
8510
7943
1584
4041
6969
9348
7613
7016
5823
8076
2625
2014
3299
1618
3673
3649
4766
1411
5240
2023
111
4954
5673
2207
7734
6312
6565
9614
3396
2451
7512
4325
1070
9305
6680
6462
5613
7128
5227
8474
5913
2388
738
5739
7177
1923
5007
4132
4687
1195
8307
4690
5967
3124
1228
8651
5050
7599
1605
3998
3511
9794
6023
6008
6383
4863
1960
930
5854
5222
7879
8244
5098
8533
6437
5504
935
888
5947
5443
7038
3967
9659
8058
2935
52
5976
3619
5833
1226
2151
1220
6730
5580
1092
1378
2547
1374
1917
9137
854
1734
7210
19
7743
6031
8606
2260
7746
131
7165
9733
3803
3189
6703
7066
9995
8480
1741
8646
6853
4816
3820
9496
2443
6876
5798
3862
2631
5460
6173
2663
9850
3101
2636
4805
4980
6785
9514
6456
9764
3177
3893
2363
4370
2443
9272
7630
9313
8833
2110
223
8432
1100
3663
1377
8201
3040
8406
3063
6593
3518
7038
1500
3752
8672
7132
4000
4927
5985
251
6820
7265
37
7383
1774
5022
4127
9516
7070
8618
306
9667
5515
4096
9673
9592
9375
6035
3120
2230
7501
4251
1274
7708
6877
