3395
6351
6544
6044
6775
6487
2026
6761
7428
1293
3352
9679
5135
1217
5706
844
5649
6562
4542
9343
8250
7453
5505
14
60
207
6027
5977
1429
8010
3651
1205
7238
7747
4444
3965
6156
401
8983
5168
2167
973
7475
1871
4237
5205
1890
153
5079
1777
7368
963
3317
8093
9379
307
9989
3280
6602
7682
2655
8070
1690
8437
7339
5442
2887
2535
4095
7264
2754
7551
5734
8021
44
1173
8193
7154
6540
6781
5045
6165
8983
94
8224
4115
7583
3435
1274
894
6285
8136
5428
1463
5378
6842
8675
4112
9821
6563
376
9454
1854
5625
7724
9808
7337
3728
8949
8910
3690
1996
9485
1028
7595
87
9756
7402
5595
1845
216
8998
6059
2160
3075
1594
6954
7926
6649
9085
1880
1465
1753
2008
1960
2476
5559
7235
6990
3326
4028
715
2294
7067
4935
9267
9940
5906
2955
179
255
8758
837
4901
6902
2186
7652
3170
6762
9262
9614
2870
623
8004
8777
5564
82
3033
4505
7633
8477
8116
9926
5932
3664
323
6119
4840
3928
7148
1554
4141
1874
9030
9398
6744
3089
343
7379
5774
1883
6374
6179
4352
2351
3003
2210
7455
9507
5238
7928
254
8926
1677
5888
6000
9909
5390
6178
9536
5276
7489
7424
5570
9578
2705
3768
4942
211
1091
6904
8533
7178
7263
8567
2531
8060
5317
1407
3356
4741
5925
4908
6732
1930
9790
9797
1644
6744
1926
801
6763
7319
4983
6024
2392
1307
7319
1012
1093
5503
6265
9603
4639
4828
2433
6078
4498
1724
5180
9192
1836
7214
5801
5429
1555
660
529
2357
1643
454
1202
7985
8910
574
9864
4522
6133
7032
4996
3566
6758
3395
668
6956
8038
6795
8631
369
44
284
6671
2883
485
2063
8073
1352
9069
3421
27
787
5281
2404
4756
5390
1778
6541
7944
9656
4311
825
941
3636
230
6019
3744
2546
9401
3168
3347
2914
8429
8310
7785
4956
1835
8278
7252
9200
3106
2995
7894
1263
7595
5052
1004
205
452
4951
7275
8213
9235
1960
404
4021
3157
535
6042
7377
3254
2883
3523
9611
193
3298
2045
4624
5039
994
526
1326
2123
1591
422
7257
4066
1316
5472
4460
6977
3144
4649
3063
6738
3285
3873
6150
1499
2419
7517
6150
6474
9811
7186
666
7952
7194
4551
3229
4174
2398
6708
4707
3797
92
7639
3963
8682
7532
4257
2864
554
2564
4285
8135
8724
7551
2316
2971
3163
2979
6953
6368
7944
714
6625
3432
2260
1243
6409
5854
4959
9534
358
1796
2490
9236
9206
716
5614
8201
22
7140
3710
7911
5846
4722
832
3667
9082
9042
8392
4412
1641
2138
4330
4829
3418
8969
8024
6480
1513
941
7035
7568
9808
7933
5638
9847
6799
8470
5349
7476
1794
8164
2076
7121
1483
1465
2401
6169
7662
2822
6843
98
8172
9216
4346
9069
2406
474
2308
8109
1692
9783
976
5177
3514
9790
7773
9165
2166
8400
9681
2443
1984
3001
9057
5026
9541
403
6808
8285
9215
8815
2146
3011
9831
8430
1805
8515
4353
8067
47
4472
3147
9864
7690
9660
5577
5626
2399
2057
1684
4012
1675
8396
932
1328
4681
7844
4205
3564
3021
4035
4941
3510
9997
1458
2432
337
7163
8273
9648
8648
630
5130
2331
6985
8905
5194
5919
2345
9393
6742
8161
3821
8205
5399
9191
6773
7181
1913
6480
4018
3860
191
8216
4832
5839
8180
3079
9832
1511
4883
178
1517
7658
4630
1523
7560
5788
8183
8543
7023
274
4328
9653
5455
6914
511
6261
7620
5096
4779
612
7472
8642
2597
7343
3809
282
6277
6885
2015
642
5408
1167
1218
9566
2213
4364
8133
9716
3127
5534
8390
4754
7599
6089
8228
5749
4970
6035
852
1595
4763
2909
1509
2527
9680
714
9762
2549
587
9194
1154
8415
3932
685
3505
2906
5625
6902
1894
698
5062
2809
4884
474
1533
9176
1828
2717
2870
9218
2402
8236
2382
5951
8508
2334
4004
2582
3511
5850
4304
8415
6162
9675
4718
9127
1673
3844
9291
9113
2407
1029
3027
9516
1065
6612
1484
4363
6691
4003
541
2455
3399
7296
9673
1592
8827
2236
6822
3355
8809
6574
6875
9628
9184
9304
6446
22
9190
741
3417
7177
679
8756
8025
3378
1687
7515
7271
7655
8363
206
6926
2834
3125
8765
5621
7184
1389
6988
3275
8391
771
3856
3400
7211
5430
9763
1536
5557
7951
759
127
2559
3105
1639
3571
8642
8304
9196
2347
1832
1941
1444
8336
2286
4800
2257
7892
2197
281
9212
9586
6571
6195
283
7460
2982
1367
7411
6545
5538
5978
9646
5771
9764
7500
4565
6513
5763
7774
8941
5690
5435
1073
78
1030
2092
4415
4087
7519
7534
7199
558
8226
4219
2985
3556
1217
207
8924
7326
815
8457
4434
4471
4453
5068
5266
5400
3095
8424
1712
3115
9302
2225
4905
7040
5573
3047
7640
340
6731
6273
2550
8483
331
1447
5179
1890
8928
4698
6970
569
939
167
8314
3771
5125
1836
56
7952
3195
199
2016
1735
1079
2841
9068
5223
47
1561
6112
7198
4463
8738
8147
5340
1923
8028
7027
3513
6731
201
6197
5200
1337
1516
3793
656
6239
6812
5235
6535
4496
9578
2678
9100
1694
101
9351
5452
8191
1914
3378
8833
1361
8931
4910
9410
3139
4360
8501
7843
2616
861
1805
7147
9114
4147
6084
2251
8649
6169
440
2390
5406
5197
3908
7578
6305
231
3601
1614
7480
7620
2814
480
9790
4803
5321
4001
2331
4032
9333
4414
2715
6412
8499
2166
5548
7854
9775
0
6627
4617
2745
5889
7899
6770
6793
2125
1913
4506
45
9944
4212
2619
5771
76
6519
7778
6127
6401
8436
6233
770
8231
8307
9184
198
1324
2869
9270
7034
9474
2404
7425
4277
1167
8543
974
8695
7972
3708
8984
6428
639
3788
4221
2201
2500
6726
6634
4229
4395
304
8194
3248
1811
8055
6989
6729
8149
6141
5274
9846
1556
895
3428
9186
5452
7929
1457
1266
6447
2842
1474
9251
5717
7512
2729
8343
7115
2260
6966
9135
3648
6948
2707
7042
4705
6775
5182
9986
3478
6212
9819
8051
7862
3778
3532
3383
9756
9302
5377
1852
2884
4831
3937
4385
8695
1391
5401
1133
4176
3835
253
8610
6891
1601
5179
1999
1312
3113
4594
7650
374
1420
6049
5594
7545
9524
781
2569
7489
7169
6162
4869
6337
8808
1127
1458
1020
6725
7665
9104
5623
4869
6925
9807
5556
354
6270
3914
3506
9011
2370
1042
7840
2527
8105
4707
6258
2768
4841
9353
4875
3025
1772
1316
9308
9506
408
8550
5060
2192
2342
5836
3719
7678
8540
1509
9475
7762
3564
9996
2623
5994
4953
6876
9852
7931
1381
7751
659
2293
6969
1834
7771
9473
8623
2989
2424
6977
9390
3824
8611
6638
2442
5141
8764
3406
4453
2926
7017
4962
2482
470
6274
66
3969
4223
6841
7922
4618
3319
9830
454
7888
3348
7638
7226
8930
1686
4384
6894
2675
3276
8035
1286
9836
5633
3073
9052
2343
9873
4793
3663
4655
8179
5021
1860
6911
2713
2003
1879
6725
4226
4903
126
2403
5270
2327
4224
26
8358
6876
178
4811
8022
7665
7884
8058
3380
4079
5079
3239
3328
9380
4235
7126
674
3365
3816
7571
3854
8475
1276
5431
1293
6092
9997
8507
7311
3414
238
1286
418
1579
7440
9714
9305
1519
4202
5725
7588
3653
9600
9330
8515
7620
4427
5330
3451
7440
3671
6515
8855
3428
5704
4388
5910
30
3651
2228
6119
9882
5177
6766
5319
1626
1680
8965
5664
771
5969
359
9129
2874
8911
3164
7411
8349
5338
575
1440
3857
9176
2891
2721
932
2041
8392
8899
4006
1736
3213
9793
2091
3943
1704
4388
4090
4202
9715
2018
8779
6149
1822
7354
4084
5683
1147
5495
616
6944
9728
7470
1573
7026
6277
1686
8570
5039
5461
8671
6835
7425
8721
5452
9408
762
5813
2926
4841
5139
7241
5163
296
1749
9812
2899
492
7159
6359
2419
1248
4042
5729
2648
170
6172
1456
6925
4426
7414
7086
1486
3966
5471
8360
1129
9233
9541
8856
3721
4416
2434
5024
5338
8231
8459
7305
3541
4636
7356
8315
7950
4667
2826
2385
2137
1160
3786
51
1099
2543
3424
548
5203
805
865
7213
1229
8598
8976
9349
8418
9938
3334
4213
45
6183
4418
5400
8135
6495
1347
2553
5059
5211
5227
7918
6006
2028
7680
6167
8506
9782
6190
5216
5705
9779
4775
8650
6886
7148
1581
4455
7556
2791
118
7455
9181
8007
7051
8857
2005
7849
6710
7668
2452
9106
7041
9630
9166
637
9291
8335
8084
3313
9537
2497
4643
4533
1677
2933
2470
5376
4804
7759
3203
9183
986
7870
9770
7847
6448
7281
5169
3640
8153
1174
6330
2067
2244
7310
4273
6617
7876
9689
2669
6312
1465
3444
9360
4187
1654
9164
8580
1567
839
4579
7091
2798
3600
9283
998
2520
1244
6422
1519
1669
5550
140
7946
2343
2169
9849
6881
2047
4689
5529
3183
5332
4803
1081
6797
9493
5998
385
9104
7164
1154
7723
8195
5576
7453
2623
921
6437
8945
3045
1836
4607
2565
3819
1440
2576
6632
1177
7751
7014
6861
2717
1192
9603
528
1406
9507
54
1642
9412
9
5594
7572
4538
6882
4264
3652
412
7170
987
5096
6230
7266
1364
3443
4234
75
1281
7829
5667
8483
9731
9110
4442
2196
6180
2988
4935
5715
8749
7877
9916
6939
3179
3903
8583
5845
2499
8763
6404
8809
4356
8967
2758
8204
6007
2970
817
3833
3691
1434
7099
9045
3124
4641
5746
2543
4935
2035
6920
8835
9841
7673
1411
1912
3514
4108
993
3932
2835
322
7500
2186
555
6512
3675
3637
3460
2524
4103
662
3258
3636
7091
2801
4365
2291
2251
2842
982
3343
5450
1536
1100
8109
6296
9874
6584
1539
7563
8355
7468
2674
3967
3703
6228
9340
6513
1158
6413
5610
9231
2240
3582
1703
6021
2433
906
9711
2883
3987
1117
7771
4050
2991
3356
1227
7681
7523
9199
4703
9185
6619
3656
5039
1935
2407
8259
3039
2379
9015
9521
6335
7481
8648
999
1505
9236
9114
522
9118
6815
182
3012
3093
7921
8531
8752
6600
5565
920
2322
1503
3258
6832
6246
3590
3700
2656
9717
1515
8173
5164
1151
3122
7055
740
9685
700
9921
7328
4108
2750
735
9323
6272
2692
2595
403
9083
148
6962
1693
3876
9439
1108
7737
3323
999
6060
4451
3369
8598
1031
8857
3471
5928
2968
9298
6921
7819
3089
1348
4668
7219
7663
2479
5736
1359
7805
4071
4921
1994
4914
5201
1636
621
562
293
4215
4745
9621
1263
446
4591
8968
820
1128
7125
4095
8187
2945
683
1984
2115
1113
5996
6675
7045
4558
7485
5865
901
4314
3746
1417
1461
8986
6963
1940
2640
4857
1315
5622
1841
9055
4821
6910
8622
910
3733
337
4339
5724
8111
8773
4199
5105
9707
1518
2169
5790
9271
4756
4287
708
9569
8748
3347
5951
147
6533
9276
2864
2323
5830
7367
6771
1053
5196
1657
6830
2301
8026
2742
3483
1987
8728
5235
5880
8807
6953
5192
2236
6238
973
4756
6186
3506
3126
159
7914
3405
3758
1480
8363
1778
8371
6836
1856
3828
5100
2378
8300
3048
5445
8284
7898
8434
7613
8114
1259
2483
9834
4596
2647
7353
2335
672
834
2174
5680
5292
2192
7496
6116
7229
7210
3688
2956
7780
7586
6082
7861
1897
9526
2931
8163
3657
5630
3022
2565
6143
1915
5174
7326
9226
8850
1370
5301
3669
8938
8969
2096
3517
4392
4841
2763
9734
2047
5052
5710
6798
8886
351
7548
2854
4099
9030
1333
4624
4688
4000
9353
2547
5484
7769
2522
7685
9219
598
168
1279
7138
5234
7474
9704
1113
5750
1960
1230
990
7042
8149
5940
7883
7751
6422
8797
2890
3534
3886
2936
9141
3304
6288
855
2927
6394
376
7171
4091
3
8097
7436
9413
2403
3542
1394
3931
8585
9538
1745
3662
7388
7347
6809
5434
5306
3575
8182
6634
5303
5508
1356
4484
6597
8175
3805
2074
6955
6777
3561
2326
8215
6039
197
2435
8478
1579
6996
7653
3582
6186
1512
8530
2537
744
7342
2095
5549
8714
6451
4990
433
9196
8421
3937
4250
1678
531
5502
4631
2191
5113
9764
700
6147
479
1426
3890
356
999
6188
6437
9730
3097
2322
3612
1643
4744
7710
8708
2896
4327
9197
3079
8670
4801
6482
9270
4384
7522
3018
2267
3688
587
1990
7427
3584
7457
7969
672
6116
4293
4246
2897
6248
4563
5998
5884
6194
3743
5701
6105
9155
7343
9131
6851
2452
4656
1600
8250
3204
8891
7382
56
6801
3634
2703
120
4074
9801
5734
2041
674
1508
5606
5191
6674
1794
5988
1464
6309
2021
4393
2449
5335
2103
799
6475
9625
2256
6292
2442
9628
2045
970
4630
513
7364
4783
6086
4093
9808
9656
33
1619
6069
3530
1637
6985
1345
387
3422
9880
8874
7780
3022
4720
1679
9796
2112
5946
3093
6167
256
2166
514
6184
2596
2066
6769
684
6874
2892
231
5197
9876
61
6493
9317
2251
8630
359
406
2629
4797
5792
3850
9258
6219
9323
5217
4512
9540
1846
4055
1475
2547
8522
6301
6649
1750
816
6013
4093
9241
9823
9987
4509
3146
6740
6696
1201
7784
4862
8385
194
1327
8694
3408
9714
1842
3413
6361
9100
6942
2165
8505
7640
6440
4294
59
9299
5412
9734
6133
6314
2675
8414
285
5828
4617
7237
2250
9016
8529
8864
9469
5785
7793
7324
4886
1019
5304
7031
7799
382
6075
2814
4004
9908
6360
1930
7189
8096
5878
9386
4927
4727
9443
3292
8232
7164
3314
2099
1684
4217
3837
6003
1422
5799
7213
4730
158
5285
6853
5619
6164
7932
3300
377
550
5742
5411
6773
8774
3209
6837
8671
1263
3601
325
5683
3945
3001
9203
6466
4231
8374
6745
1498
8112
5256
5140
4975
9501
8520
6628
5595
1627
5826
2096
911
1798
1486
8982
6691
5881
6006
5128
6672
2945
8939
7372
6971
9970
5155
9948
5853
9710
2751
5168
3480
3226
105
1639
1444
3388
2906
2093
8382
2682
2117
1623
8744
978
9029
7345
571
2007
9421
187
9171
967
8773
3027
7595
5825
8875
7670
4033
5890
7797
2139
1971
3469
5354
9707
3370
2853
5820
4560
4902
5617
9608
3759
1555
1705
7854
1397
2166
6403
4629
5103
2245
1238
7471
8177
6259
2828
9070
8329
7110
9515
42
4446
7303
9337
9372
3093
877
8277
8569
8723
7053
2550
3010
3684
2591
8655
3757
6696
9574
1213
2100
2707
9973
4015
9026
3647
4419
6343
1698
3963
9861
1306
9199
5620
7709
3804
906
1119
7167
5728
7618
2861
4914
9390
3194
23
2348
9470
7200
6983
7477
8459
1065
1668
4488
256
691
9562
3737
7311
1627
3301
7706
8357
1076
8385
5841
7547
1694
9177
8717
4317
1847
2046
7765
1370
4120
7450
3706
7018
9921
7013
8671
294
9741
3446
5952
9902
8752
6559
3560
3786
1982
3144
5167
1525
2838
8313
6048
3630
4471
978
7862
1113
741
6773
3487
4252
9505
6770
2285
3970
90
3848
5707
2256
1256
6616
635
6013
423
7536
6050
6497
4132
1803
482
4955
366
7425
2166
858
2324
697
240
3396
8593
8268
4388
9940
5840
7460
2926
4065
3640
6385
1316
7189
2470
6763
4184
7158
6846
8581
1910
5506
5509
9613
9863
5347
1119
8000
7637
267
7662
9480
2016
4803
5980
4463
4048
8849
7807
5025
5052
4031
4146
4938
6854
8445
1672
2188
7224
405
4818
2029
81
5569
5964
6275
4240
200
160
512
1913
3966
9395
9263
3496
9827
6166
7965
2184
7177
7381
9809
997
7020
2549
9048
3211
7980
4936
3602
4569
8334
7540
1353
7479
2648
2465
9431
4572
1041
8540
9659
5007
8168
5479
1939
9920
1188
5113
1478
7873
7272
5346
7955
7448
9287
1752
3257
2313
576
4001
7528
8848
4043
3572
3941
9032
6476
5499
9568
4389
385
5337
3482
5162
9102
7395
5342
9714
4481
1673
7864
3459
4481
7550
3824
2456
3125
1064
6872
1175
2950
3323
7377
1432
9102
5839
2554
5140
5291
6984
912
5656
8424
1551
1115
6762
9431
5766
4089
3042
7297
5622
3484
5727
6013
937
1965
3475
1471
7611
5931
3878
577
9715
317
9903
6348
9907
6802
5725
1424
3550
718
279
3960
4492
6226
4010
1222
1574
9810
2032
8763
8483
7190
431
7365
3799
5744
5702
5597
1825
4928
1857
9899
111
6045
1766
3529
5480
5913
8031
8481
2903
7736
7520
8212
5605
7530
616
4171
7501
996
9236
1979
86
2598
6180
9183
7899
317
5131
3969
7244
3383
2682
4086
1884
4534
8870
6526
6085
2021
8401
7816
5078
7479
7139
7639
8788
2362
4740
6716
632
3301
3516
46
4762
5503
6923
2187
5888
6448
7158
1535
2818
9015
2405
7830
5548
1938
6557
6047
6737
56
9343
2913
7766
5086
4189
6462
4234
3106
3116
3406
534
9984
479
7070
9603
4581
8037
6770
6348
5519
2551
5991
5337
7855
73
4635
5777
6042
6118
9698
5605
5507
1132
1471
5520
2899
5289
5025
2258
6680
4601
4147
2430
4883
359
7516
7610
7735
8351
2752
472
9599
1063
5509
125
2025
1050
5798
3207
5132
385
2784
2010
4038
283
3328
1457
889
7143
7879
565
1618
8726
220
2015
7676
444
523
8153
9635
4200
5395
9008
574
5581
9248
3446
4964
4676
3447
3565
9558
553
9744
585
3713
1997
5506
5943
7052
3362
7179
3020
6121
3691
2167
6955
5864
1771
486
9728
1747
9973
5238
3966
9645
6002
9841
2667
3832
8563
4222
3826
7242
6130
647
8089
666
6880
2082
7329
2234
4026
6315
8758
1559
3510
5527
3755
2702
3542
3620
4719
8297
6969
3687
5879
6903
4715
4999
2305
9846
1984
9653
6788
3449
8212
6735
7912
7380
3214
1185
9088
4410
8310
8867
8043
4340
443
6291
9663
9265
9722
5027
8591
5233
1903
9260
1603
6015
8656
9492
2074
3712
6974
1368
3747
7162
3789
1025
8864
2824
4004
6244
6368
2663
3022
4108
2654
1651
1830
7938
523
9288
2783
1733
1608
1447
2702
6429
2421
8477
5048
1523
9240
2666
5873
389
8683
655
3381
6891
7929
458
8013
4434
8990
6367
4178
1508
5164
7146
5877
2366
8904
2325
703
3078
3901
4576
4984
9350
5832
8750
4799
5787
3477
4185
2897
196
5875
2487
7047
7011
9966
7577
6630
5627
4881
6216
3436
1285
6925
3105
7667
8736
1864
3923
6939
2327
4705
9078
4229
4963
5010
8443
3248
1447
2353
811
570
3881
9527
6367
2716
9733
1372
9383
9980
8550
5211
9395
3387
3376
8121
4690
1971
7796
4799
5691
9926
5122
3310
2540
9198
4213
6167
5065
8575
4185
9328
2640
7035
6134
495
9201
3387
5802
1188
8041
2553
5928
4193
1840
2950
9365
1256
7503
5276
7782
9612
2898
7119
4415
2077
5846
5234
2634
432
7713
721
4191
5552
6768
2959
1918
4509
6071
8740
5161
8839
9634
4391
435
7434
8877
7387
5423
5135
1936
9864
551
5880
6710
7554
1158
3836
1083
896
7416
469
2609
7967
2469
4660
2808
5644
2635
4355
2825
9873
1462
9825
7198
4960
7044
3871
8727
8992
1358
9123
364
2869
7703
8916
8695
6301
3124
1857
634
8206
7564
8444
806
7706
414
2457
4281
2172
8988
8278
9269
6850
2976
6447
4219
4673
928
2071
703
6075
2278
9475
4241
4272
1693
5592
5744
7931
1515
9448
5095
5661
8450
5069
6822
1191
8795
3275
7173
8739
6577
4941
9969
1969
7541
9151
3725
678
2261
5886
6270
9952
6353
4353
2465
6158
590
3375
6228
872
6262
6885
9716
4352
2059
5230
9966
2482
8412
4880
4354
5858
1864
3607
8313
1175
1256
3423
1008
6624
8162
3969
7983
812
6770
7250
8613
7232
6247
2888
2342
9189
7027
7449
746
5266
36
7362
9730
5041
7513
630
827
5511
9860
859
5521
2191
2784
4125
4513
1952
7864
8630
191
4172
306
5943
8382
2831
2463
6349
6851
9943
4422
8140
8709
9691
6675
7263
5476
5179
1447
9603
3274
1066
6368
6734
1339
5545
6165
1715
8859
3572
5527
5905
8696
4131
9060
1931
2740
3305
1779
6356
3924
9613
6977
4767
3688
9232
8385
9879
8597
497
1677
7152
1499
2251
349
5305
7081
3390
300
5907
5457
5489
5776
8702
6946
8791
8259
1735
8099
3210
1784
8977
8559
3442
4105
2258
7026
500
9915
290
562
6761
6518
6080
3085
2381
8253
7321
6629
2233
3210
4381
2078
1894
7391
4251
4261
9307
9865
8179
4378
6205
8973
2442
5910
5940
55
5125
5029
998
233
5249
262
2936
9656
7165
1038
139
9506
6744
4014
864
2477
3114
4269
281
6046
463
2244
2695
7505
7707
6329
770
7365
2789
9717
5378
6521
5238
4859
3360
2006
4500
7243
9393
4063
320
1977
4107
1843
7248
3693
3202
6258
5989
9404
130
9945
1336
5320
8766
7219
4009
5924
6368
3663
370
1707
3113
8342
5053
6657
267
1795
9994
7414
1125
3183
6663
5733
287
4138
516
4770
87
3603
2370
7306
7433
8696
5446
4145
1402
5846
9270
2263
8848
4508
7491
9538
1146
4672
2853
4192
6650
6457
8540
956
4629
5938
732
808
3940
110
5026
7906
8564
4325
3376
9273
6877
4053
1404
1107
8114
4159
1727
1434
3128
292
5899
9950
4448
4328
4504
8002
5223
6588
1357
3724
880
6339
9361
5923
9158
3233
6621
5144
1712
5003
7195
4757
5115
1755
9545
8129
5545
8709
9258
2341
5115
4212
8556
4695
0
284
398
2892
9808
404
5976
5100
5642
2747
3874
7443
9609
3040
5898
3960
7038
6643
5763
4347
2781
2131
9022
8670
84
5766
4553
7225
3576
7892
3873
6867
5848
2004
2578
4240
8833
7276
302
2493
8523
153
3679
8693
1744
6816
5799
7964
1168
1111
419
9847
9681
5975
6375
4157
233
9787
7365
1300
656
7503
7381
5336
1060
8005
1797
8100
2442
4856
5352
8044
1972
2612
4759
5659
4934
4826
9697
7065
9438
3408
5808
8059
8716
4954
1082
7219
3031
1322
6780
9190
3440
1182
3275
3237
8348
3088
5264
2267
8690
7439
6477
6240
2171
1869
6415
3018
5169
935
6013
5310
4950
3807
6456
3739
4577
2082
505
7268
4312
1032
1579
2060
8903
3293
7572
9321
756
7887
6984
8463
3877
5833
3778
4219
5707
876
1812
7610
1992
6191
6990
6671
4102
3720
8920
6274
9075
4588
740
8133
7252
4223
2761
6283
1993
4163
4805
3869
4695
2589
7207
9184
941
8961
3084
9316
2306
340
8938
91
3177
2048
9825
9504
4180
7705
4010
3439
2259
521
1611
7528
6849
7249
7333
1235
7095
6148
8495
5871
699
6126
218
9381
1987
662
1448
2985
1766
4915
1128
7760
3728
2878
1401
6886
1167
3451
8775
3042
9155
397
3886
2757
7434
9171
5769
7030
7389
8338
2491
5356
4778
2142
7073
2739
1992
8766
1046
6691
2780
9756
6406
6090
1031
9126
3262
862
8523
7377
7548
7485
7552
505
3246
7743
4534
6881
2901
9811
7580
6522
8178
8497
9584
7827
3504
9703
3528
8316
2346
5775
1712
7802
4317
6660
1163
1924
8124
991
8286
820
593
9880
8738
9095
7039
8959
1855
1802
8795
6978
5025
6030
6799
18
7748
1624
8022
4267
5833
2818
5176
8946
3261
578
5247
1717
9771
6180
7131
9472
538
8161
7635
8326
8278
5309
8294
1034
5273
5813
919
9453
5318
3501
1316
461
3445
6961
2030
2516
3257
6514
4811
7337
6910
3907
8296
7237
8870
953
1792
7895
9368
294
5850
5993
2349
478
6189
1308
8785
6666
2106
2832
9424
460
3369
9186
9815
1696
2788
6253
2859
7318
7048
7106
3108
4555
2667
2086
4512
9893
1942
8997
3547
2102
6372
1957
9911
1598
3274
3014
7970
5784
5075
3968
3140
59
6634
644
5174
2003
3638
1553
816
748
6706
504
9466
2274
5508
6207
1403
8391
9443
1118
3170
6873
4779
4167
5718
4582
9153
6325
6485
817
1162
7528
6556
8786
9506
9527
9251
4624
2852
4487
4309
4010
7211
8417
9865
5952
3847
5972
2644
2946
13
9244
452
8976
600
1086
4906
6520
3002
159
2165
564
1923
6401
5297
8686
2023
5555
8732
4591
299
2272
5386
6353
3099
5052
9336
7256
1335
4323
7977
2488
9186
5022
2320
9710
1865
7538
1079
8216
3626
9211
5648
6247
5474
3080
1256
7717
4786
4459
6562
3948
6405
83
2392
3237
430
1981
5006
2613
8566
5990
9257
2441
9595
3919
3978
7263
2874
7659
232
2074
4107
3840
3856
6734
2028
3388
5093
605
4775
9672
6306
2797
9449
2719
6532
6252
3805
8019
3396
6353
5622
3824
2849
7061
3957
4016
9539
5087
5969
1538
8082
6585
8241
979
4930
3771
5734
6938
5586
8923
3089
751
1862
9759
1475
340
3930
3709
3945
6891
3718
7966
7615
719
3481
6098
7779
3985
3111
4383
5470
4727
7496
6664
2066
2
3841
5919
2570
7272
7636
5849
7000
5637
5387
1082
2025
5399
3314
3802
2374
8611
8094
7399
1958
1060
795
2891
7804
2743
2711
4501
4535
4104
8811
3765
1918
9623
9447
419
9782
4051
5476
1206
6582
9160
5836
2835
4680
6803
6026
6356
6672
3925
9863
3401
5458
7255
5762
2555
6984
5136
7300
3706
4236
6591
7598
251
7595
2908
9585
4766
871
3851
6691
4863
8752
1146
4128
8591
911
522
7503
9746
9161
882
5641
9340
9980
6313
8784
1099
6780
8732
3475
20
3420
3671
3733
6711
7295
3311
3928
2028
7373
1933
5117
8845
4881
7074
3162
3363
1985
9006
498
3298
8248
2884
1298
2131
600
2553
8676
5695
5494
8281
2109
842
4453
5137
8983
3538
3980
6174
1194
1137
3035
28
1378
4118
1065
8360
1811
8832
1350
3902
332
2701
1108
4688
7954
9137
2803
9306
3330
3743
8094
4396
4666
3154
1898
3846
9586
3864
4034
249
3072
6175
5856
7176
3886
830
894
9930
5844
6371
8241
5979
9254
4076
1115
1400
877
2362
5881
8338
7085
8899
9991
964
1037
9343
4416
7098
2582
2337
4754
3074
7226
132
8270
1841
9068
9000
6195
9498
4989
5593
2273
4173
9652
3720
7695
2328
2062
9098
6432
4562
1871
9576
214
9957
4956
7839
8026
2189
1381
5768
5134
1081
6514
2897
1550
8152
3629
1073
3372
7821
5840
4923
5575
1291
9024
2247
8264
6747
4146
7711
9633
8499
3975
9660
6380
5474
3544
3049
500
9601
7688
5446
3403
5191
8298
5818
1486
7089
1299
231
3547
5960
1411
7652
665
8310
5899
3909
2586
3451
9583
8302
2728
7695
7244
2263
7561
3081
7084
103
4442
7264
571
3396
4186
8480
2631
4746
6728
7059
6367
8429
5132
2958
7612
571
1627
3765
7518
2407
9784
689
9559
654
8347
9546
1915
8802
3615
1570
4508
9406
1019
1892
1368
8734
8170
4596
3695
3301
3651
8893
2202
7029
7034
4198
2709
8085
3684
8049
6879
5038
883
1413
9760
6484
5384
5240
6699
5349
8235
2593
8036
1829
5021
2955
9931
9555
5647
9819
5875
6718
7035
7086
2379
1377
5881
3899
6286
7847
4489
6479
9453
5994
9818
9990
2213
3737
5454
2449
4936
7472
5312
3292
4611
7355
5763
4829
9869
148
3055
628
4169
6490
3610
2282
7301
6414
5457
2478
695
2929
652
9371
4520
9517
8394
2135
9729
9921
7914
8061
2407
4434
9505
8893
6987
9643
7800
8394
9360
8005
6560
2811
3968
7102
7173
3
7109
3570
3323
4884
8334
772
2817
6689
8258
9101
1806
474
2760
7487
6872
2317
8698
6640
7541
5636
5848
3533
5899
4993
404
6662
1823
777
9355
7298
2394
5376
2730
6088
5410
6461
8756
9189
9136
4962
5705
5481
9174
4418
6756
347
9342
5645
9177
1352
3154
565
4188
1051
4009
6744
7874
8824
4449
7392
271
282
4363
940
1628
1402
3616
3445
4771
1291
5222
4033
1301
657
6743
7251
4033
5583
7989
2100
6828
3808
4894
7923
7453
7270
4296
8638
3859
6414
2966
1928
1357
4195
2657
2020
7475
3513
1379
7828
7864
3221
1398
2907
4056
718
7670
6435
4561
7390
9823
8717
6276
798
1765
5070
3367
938
9119
160
7039
1981
6157
59
180
7875
3238
3612
7165
5093
8009
29
1548
2906
8016
9670
3971
6277
7635
9059
6000
382
4175
5653
6619
4882
6978
3918
2191
1269
2548
9755
3695
3284
7666
8866
9783
2704
6951
89
1242
6923
502
5915
8761
4276
2841
6270
989
1707
3891
3663
4251
3029
1362
2237
669
8474
3275
1397
6155
3764
6916
1443
9005
1912
4959
7561
6381
9162
101
7477
6358
8631
2512
6396
376
8828
3305
6857
9370
7239
1707
7705
581
8890
8550
144
5093
9585
7368
6498
2003
3711
8923
1654
4706
6648
9217
8975
7715
9491
6875
6996
6976
6779
7140
8700
8252
2089
844
3086
6193
5685
2673
9330
5105
7980
6815
6148
3300
3252
2797
9969
2116
7182
259
309
2316
2965
2271
9431
6038
358
3859
3741
5419
3738
8990
9710
2571
4820
6442
9294
4764
5129
8813
6860
5244
665
6463
1486
4980
8296
7722
6979
3004
8651
9856
5809
4287
8336
199
4125
7528
8407
52
8793
9015
5995
3682
7325
9529
9637
2418
1479
7402
1550
4893
8402
4720
2202
7740
238
1049
5025
1638
2925
7627
3437
7523
6905
3897
5775
8723
2975
3160
3231
564
1727
914
3762
8796
6468
8007
794
2834
7743
9979
4764
4951
7043
6525
1401
5626
1212
9989
6167
5440
3238
3499
2089
8683
8991
5149
1597
1101
5654
9741
1122
63
7545
8999
588
8554
4201
832
8349
654
5697
5832
2711
7526
1975
3752
4163
8929
3026
7460
4005
6745
6390
6203
613
4159
7284
910
4578
2990
6591
258
7261
7230
927
6396
23
9403
9473
9754
8619
8268
5501
5658
140
4618
2043
9161
8471
8219
4277
7343
3916
3822
4002
277
2637
2668
243
6307
8840
4628
3889
7543
5028
9479
2232
6392
3871
7258
5157
6055
4825
8436
3605
3068
4553
4068
474
517
3207
4391
3740
752
6189
13
1550
8670
1656
8338
1390
368
5961
2575
5557
8338
7974
836
6075
3138
5415
7740
470
8573
2438
8093
1057
3517
1311
8285
9945
2494
6880
8657
6727
4401
77
5768
7763
3748
2564
954
6702
2913
8232
361
6000
6430
9932
585
7992
6258
3146
8572
6755
8388
9995
8335
6675
7305
7569
2215
928
9692
8037
9003
3577
3247
291
7436
9302
5859
9584
8047
898
6525
4303
3434
2973
7259
2545
5589
2081
4395
5789
795
9989
3591
919
3086
8025
1729
5877
6054
6679
1970
340
4896
1127
6169
2080
6317
7357
8698
4006
6048
2966
6447
6978
5106
3722
8445
1997
4446
4654
1087
7847
5304
812
1199
813
6033
359
9442
4028
4573
3616
9295
5632
3710
7397
673
8741
9218
8951
4325
4134
4872
4833
9706
814
7879
2666
5443
7344
63
1466
6925
4850
4479
2367
753
3114
1505
9681
152
320
2246
6246
3172
6946
161
8181
2715
7708
3461
1752
4970
5545
7313
6622
3769
2374
3101
1429
7361
7547
5089
2017
3028
702
9699
7755
6131
4447
7847
3288
8522
1904
1315
7475
5423
6335
9542
8433
1884
664
7623
2575
333
2501
2960
1366
4988
6605
8667
3015
514
1674
1583
6929
4462
3161
3948
7955
6382
8344
7340
3343
6492
7534
8269
7147
5700
5789
6623
8213
6955
7477
400
3001
5836
6548
77
4732
9677
4302
3981
975
8452
3065
1955
7089
745
9825
7648
5107
6370
7592
1276
9508
7043
7585
9579
700
5275
2491
441
2864
9457
506
8373
334
9534
7292
7261
4214
2895
9351
857
646
8723
343
985
1166
6863
8587
2754
2604
1169
9680
9990
9371
8153
8459
1671
1319
6401
4999
9
1989
8629
6374
7149
4080
4729
7198
6746
1740
8837
1821
5362
8473
9719
8198
4362
669
8206
677
5895
8461
277
386
1729
1077
8770
599
1670
109
9018
5914
162
7403
8625
1293
9308
2467
4911
1223
8536
492
7298
7151
355
3470
9554
7118
4632
3375
5448
2923
7623
160
7678
7786
8045
2683
208
2477
6125
5020
377
2824
7232
7735
786
2280
4659
9790
2318
5720
1461
411
5471
1701
3692
4104
2967
8133
1585
5368
7074
4193
4947
9175
1203
7582
9115
5316
3253
271
1010
4623
6759
473
126
5739
8152
9817
2053
4312
908
9018
1887
7899
2656
5980
9736
4657
5421
8098
6296
381
5534
4707
3655
1660
9317
2019
8177
948
5938
6676
6528
8559
9182
9630
7047
9594
1381
5341
2976
6974
4530
4443
7254
8957
6065
7392
3947
9176
6888
2648
3365
9317
6287
2705
8659
895
2987
8513
6955
8715
1268
3329
7452
1756
5383
4021
2879
6918
7402
171
4067
2262
9007
4996
6216
3360
5358
5928
6002
2226
6495
5441
8884
262
2059
315
9385
3877
4454
3486
221
5311
5605
6537
2941
9555
532
6604
6385
9098
8977
8762
6150
6713
3592
8903
3072
9093
3528
3604
1277
1984
7354
7179
8692
8649
3657
5697
3184
3278
7405
4306
6587
4977
4870
9273
5618
3963
7390
3357
7058
8331
7502
3399
605
4318
8985
2083
8814
1007
184
3116
5595
3812
5441
2544
3441
7933
9739
726
3282
6707
1421
107
3182
3062
9872
4906
6984
7126
3619
6965
5466
2330
9877
8966
3846
3243
8415
456
6980
6041
688
7644
5163
5660
3379
1603
9190
8832
4659
6513
517
9822
2543
3383
1816
2866
7301
2436
7829
9096
6942
6949
65
5968
8120
242
9129
8929
5269
3863
7187
24
4518
9879
4539
1288
9868
4387
3249
4319
6328
6575
4346
8268
9198
7287
7439
7050
5686
8221
4483
7013
3794
3367
7016
7439
1959
4018
9639
621
1690
2491
7143
7372
1571
9534
5021
7979
2945
3667
7110
4274
79
7327
8736
9789
526
7889
757
5562
2249
9720
1650
9125
3165
7517
650
3442
4173
1075
2571
2667
1079
4386
2343
263
8771
4319
1085
8913
8367
336
967
7967
9887
4636
6234
1499
606
9028
7306
7563
8916
3114
1070
2328
6585
5661
7996
6269
3671
7736
2910
5590
9473
8591
5821
1725
3036
3072
1981
522
3430
4893
2673
949
3500
8217
5843
4159
1943
6816
1772
5120
9288
8715
452
6630
147
3969
5551
3042
8137
2030
9283
3519
3993
1006
8756
5617
8220
6026
6634
1919
7983
1041
7762
5020
3340
9989
2321
6367
9027
2558
4018
1465
9441
1843
6127
2627
4747
5422
5368
2156
2333
1001
3184
1878
2243
5298
4805
7355
4746
1477
6867
8751
7717
6892
6016
7873
6576
8188
7623
8343
6456
8477
8765
3623
773
7802
6494
4321
1034
2682
3375
3964
4890
8393
7091
9364
8792
6557
8444
7272
2128
8500
7598
3352
5227
4685
157
3208
5710
6460
3272
7775
8158
4975
1746
5933
6671
4429
256
1780
8328
7663
8610
7594
2343
2983
4396
3849
3693
5803
3378
63
1599
7661
8024
898
2762
1216
1090
7866
7823
9779
2779
523
7503
2332
4747
6349
6487
8223
697
2319
5656
741
3093
2568
1145
6767
9288
3638
653
1412
4383
3120
5302
5679
7112
796
9092
3095
3123
6272
9034
6926
240
1221
5346
7603
301
3644
6497
8560
3683
6761
7765
6660
4194
1252
9009
3240
6866
10
7827
2998
4536
2030
9747
2261
3247
1993
1230
6976
1050
2975
8169
2965
2665
398
2122
3831
5263
2133
9740
8655
8597
5302
2246
3260
812
1410
1078
2926
2645
9846
864
3277
7965
4960
6422
9886
6098
338
2343
2449
9299
8247
5654
4035
4806
7242
2629
4999
5612
4140
1276
930
2938
2634
2648
1624
975
100
8061
2669
765
5877
3303
9723
2160
2624
6651
3098
8401
9868
5603
4144
6617
9195
8959
6886
882
6228
6946
1217
2241
7321
4395
9645
7247
3744
2188
1653
5894
1860
4977
4272
4195
2775
7149
6875
7960
7135
3051
5988
7360
2491
7913
3342
8638
4435
4338
6554
7721
7876
872
8010
5872
8218
2828
2678
6884
556
7698
4892
3873
3539
6598
5880
5210
1435
8141
4188
6445
4866
1053
4518
6981
496
6378
5627
9096
7942
8799
9794
637
6468
3572
9066
1377
6928
170
7400
3543
3428
9362
7511
8009
2350
7744
2144
8956
625
5428
871
5085
4514
4925
6972
4271
3797
4163
5959
5818
4389
3106
6143
3306
2973
4760
926
9645
9586
7957
5196
8937
7222
3909
8401
4815
1072
3388
9776
9869
44
1704
4173
7115
6516
8566
8725
6355
4766
9609
1872
7440
9977
1851
8410
9874
4426
90
630
5697
3050
5713
592
3997
3243
939
3241
2975
3876
9415
321
8590
3852
4085
3587
2268
336
4509
4145
7236
6699
3140
5678
5934
3683
1398
3975
7398
7946
1395
1644
8570
5801
3821
1104
5468
6827
1637
1590
5612
1401
1122
3559
5919
6694
1771
1661
9142
3091
8210
5901
9696
7794
4831
6387
6235
836
5968
4986
6266
7025
7743
7418
6898
1561
2606
7023
2282
9726
4348
6225
599
105
6540
2873
6747
4931
3365
727
3173
3404
5818
7743
6850
5605
3959
2199
43
1350
2106
1976
7296
7716
9246
4869
8909
2294
6332
2932
6153
6047
6716
9735
8619
8795
2246
8092
8947
7706
5732
9410
8832
7655
8279
510
6184
160
2881
6391
6212
3959
8115
1126
9966
5507
99
2838
1286
6572
1319
9144
9289
9319
1523
1271
798
2592
327
1869
6928
7472
7267
299
8505
8307
7858
2101
5894
9138
1869
1694
7976
7191
4541
2333
5745
6837
4374
9402
5043
6764
6319
9640
2665
7297
5417
7902
3065
4571
8333
6704
2287
2936
1619
5307
5597
3048
8913
6452
8977
5905
3539
9634
3029
7426
1713
8804
9390
4979
4726
2068
5573
2663
2839
9921
8801
8959
2423
1382
7997
6433
8310
6016
718
8872
6896
9546
1662
7072
1074
8630
4865
154
7162
9387
1005
2104
1995
9009
8511
556
1753
1055
9154
3425
3467
6094
8226
4505
8185
6910
4918
7917
4056
3760
7033
3610
3755
9218
6741
877
351
9415
1468
5085
7308
5326
5910
533
4929
3906
9514
7496
5759
4897
9943
6969
6491
2815
3087
3869
1648
6246
2789
7848
630
4419
5929
7056
4729
665
9492
6503
1066
1276
3691
2451
1868
4588
5948
917
7586
6464
8651
7817
2285
7053
5013
2426
103
4037
9187
1908
642
1233
8190
9743
507
9412
3518
4815
4583
8132
6854
2964
3122
6484
2365
4133
169
8590
5134
3399
8320
2273
530
4488
5858
1651
1471
5875
9707
6860
4116
7359
662
1151
1863
9552
8814
7589
4044
8661
9260
8519
8745
9046
9513
9215
5962
4747
4710
2477
8630
8257
7875
4047
639
8375
7004
1331
6860
145
1179
7107
3279
5872
1284
1009
1409
2721
1546
2647
6860
7288
1103
2736
8646
7956
7097
4033
9576
3947
1915
599
8295
4344
2830
6120
6931
6955
4818
9981
3231
2641
9795
5344
7284
7828
5709
2075
2548
209
9688
5156
6492
4995
1651
8739
9202
4589
3930
1516
8270
5014
4917
6257
8780
9525
3732
8674
166
2913
1213
5483
6075
9906
438
4694
5647
2893
109
742
4965
9088
4752
3653
3978
3299
2240
9668
7883
9895
4046
9709
4509
1558
9608
9067
8588
282
4552
7714
1716
5529
2321
2091
94
6466
6078
6935
8169
4605
9246
7487
5118
2671
3369
8181
7122
6259
9068
1484
2999
2119
952
6955
5232
3664
63
244
9027
7549
2090
4766
5397
9360
9472
3836
8763
4143
7510
402
9488
6954
3431
3672
476
6728
138
5569
8857
5044
6576
3637
7094
7713
1150
1622
3570
3747
3546
3934
276
8560
1943
6578
1511
1461
7331
4975
8625
4579
7717
7237
1794
2073
3392
7904
3377
2652
9536
5568
1359
1464
4216
8732
9632
7057
4807
7891
8042
8675
5411
7548
9515
5428
6021
6626
6485
3812
2620
7786
6886
2739
2217
9290
1289
416
2231
1273
5242
1444
7149
6070
5097
248
517
7806
6046
6167
9106
4282
9585
4766
6242
224
7762
7642
6620
7126
9982
5880
5318
520
6837
513
9805
8619
2254
9973
572
7965
5663
5669
7815
7671
4722
8697
6305
8851
8159
548
7155
1381
7117
2732
2548
3958
5602
4479
6775
5510
775
1300
1466
3248
6642
1238
7198
5045
667
5316
4591
3672
7657
4897
8918
405
1975
7680
4716
9871
9408
6129
1676
4910
7772
8652
9703
278
276
3402
7699
5081
5336
5254
7929
214
5382
3311
7226
984
1198
9901
3011
460
8316
5425
5338
2995
2267
575
7698
7843
9830
4415
2666
3326
6187
4398
8445
8506
8513
3129
1988
9628
3115
2254
5103
21
1962
8389
4597
4335
6406
1893
2237
1514
4041
4512
6886
8521
4615
8800
1964
9560
3781
7895
7748
2259
3196
8247
5200
3235
1726
4273
2314
7980
9772
4099
4677
2364
1265
1848
3129
6054
4575
4822
5754
7608
7480
3128
4242
6266
8400
2139
6183
1531
2662
2824
1241
4065
6238
2882
5957
4467
676
6732
7999
8837
7106
9319
148
7873
2103
1485
6312
5784
8669
5428
9534
2427
8001
9550
7939
482
4009
898
2314
4426
7221
5938
8514
7380
8604
6722
7654
136
4601
9411
228
301
942
142
241
3922
1405
1665
3576
6847
2410
9516
8530
9043
6515
4574
8449
6423
278
768
317
6017
8023
3289
3306
6469
9890
4746
7343
718
6651
6171
9369
3351
4115
6186
9831
9368
2777
5197
8303
7786
2661
7640
2909
7
6989
4460
9315
8043
68
4277
5427
2893
5483
4591
7157
4314
1614
549
3047
4707
613
6719
8816
3179
3769
4670
6938
9509
3979
1660
3642
1678
2671
2983
6396
5976
5429
7599
5622
6053
8407
4362
7740
9085
1256
8613
5479
7578
2969
4719
8725
5614
5019
1631
3564
9724
7400
6784
9295
6731
6110
870
4808
9843
8464
7487
9610
7911
7189
2579
6531
4035
7176
9861
171
3992
4425
5166
9982
6903
6487
6564
7263
6659
5386
7057
5316
3986
3216
6392
4410
1948
1195
1717
6022
745
1836
1255
6069
6291
7505
3123
5810
1191
9765
4132
9739
9859
7469
2867
8747
4326
8587
6363
6489
2307
8018
1991
7590
8779
8752
8572
8633
1227
9398
901
1850
99
5496
3353
2113
4890
4034
778
8004
4728
6453
1915
5150
6970
1782
7688
6899
2360
532
4660
5874
9019
406
2550
503
6850
4800
9410
4459
3146
6161
8604
8425
9352
8478
6917
8434
7925
3188
8132
1536
1536
8179
1992
347
5746
4536
3613
1758
3873
2179
7340
7277
3411
1052
6229
2398
7119
9745
2527
2648
6643
7442
9324
5919
9047
9466
8310
7666
9665
3145
3455
6933
6834
523
4853
117
7633
7206
1974
7012
8366
8251
5639
8519
3807
5892
3679
2231
9346
3402
1549
5193
3273
6967
1229
2469
538
2532
8484
7755
8
1747
8023
8821
3706
830
7303
8523
9724
4924
1840
9787
2219
6873
5622
6766
7111
1539
5189
8220
7433
5999
1967
7851
8381
3676
5408
932
4188
1292
2590
4559
9918
6883
4801
1463
5929
8137
2009
2033
6086
7992
5400
3060
1100
2208
4179
3152
155
9305
8380
4662
5897
1413
9442
5086
5095
7509
493
276
3829
2832
3360
3395
1772
3293
3546
2809
6429
1000
5063
7555
161
8983
7572
8315
5323
5644
9223
7789
1039
9211
601
1854
9726
6055
8584
6173
2481
5385
6094
1874
8200
6937
5399
8228
9545
831
5675
4187
5311
253
1658
5187
5455
5162
7941
7793
4712
1131
4834
2792
776
2686
8343
7843
8422
3081
1331
7390
2353
5521
2173
8345
3915
2938
8509
9813
4996
1236
260
4828
4072
6453
8691
2199
9968
3329
6420
8549
4834
9573
7942
2568
2843
5755
9226
2787
7157
8018
486
3266
751
366
7737
5722
1220
8196
9253
9890
5778
2714
2990
6775
978
6515
1317
2227
8326
6816
5988
7629
5396
4725
532
5816
5624
7765
3650
888
5782
7119
2933
2338
149
7865
7567
5507
1784
8952
5801
7500
1624
8254
2033
8813
6295
2403
589
5196
6142
9659
8071
1786
7349
786
2304
6875
4350
2736
2680
7604
4393
6056
2171
7741
7420
1355
918
3789
6133
1739
7843
9774
6722
185
8957
3436
7605
8965
2977
4552
2022
1338
9752
8235
1654
1505
2527
8256
3327
6191
5115
7603
5219
8172
7366
3931
4111
937
7169
8088
7849
2970
6629
1673
3821
6378
7618
5996
2379
8079
2552
6797
2869
8685
2041
9964
8842
9411
6599
9892
5013
3612
4442
8994
1578
2578
2294
275
2978
322
7711
2354
3739
9610
4822
3374
6105
8448
4943
1076
7477
9826
3452
986
8988
6792
7876
4224
7073
3884
7038
125
9880
5935
3390
8879
8916
5469
2318
7673
1576
5163
521
7585
4955
3275
136
2925
7643
2173
8104
3694
6412
2587
7123
3644
9763
243
125
3422
1552
4661
1280
7587
2120
2450
8384
4108
5062
6033
7087
7303
3697
5264
972
2135
3578
8564
382
9149
1607
2499
6752
9316
3021
9153
8816
7368
9200
3338
2469
1864
8719
2053
8647
86
1379
3384
4751
8600
6745
4002
753
6571
6283
6197
4345
859
8057
664
1790
1969
220
2354
1630
795
9749
5930
5129
6431
6789
2754
8199
5397
4452
8908
8877
3356
9269
1986
4996
8029
74
7043
4172
2497
1015
3710
3974
4961
6716
6601
6082
7150
5647
5543
8765
4104
763
9747
5039
9180
9753
3414
7667
6396
3872
368
8234
4162
8243
5789
6751
4166
2027
4545
2043
3327
7699
8627
4273
2273
2763
4186
3980
6897
3126
274
4279
7338
9654
3574
5158
7490
4353
2558
7872
8487
424
7965
2436
6942
1552
6293
9622
7669
1159
6489
8859
7581
771
1888
8897
7707
4209
8350
633
673
4515
2028
8440
3765
5161
855
556
4028
5401
4947
5970
5539
2376
9421
8746
6950
4003
2573
2717
3193
6147
9798
5045
7137
2830
9548
7438
1511
551
9840
9061
6060
3024
7068
845
4459
1469
5093
6639
9238
606
7833
5411
5707
8028
4381
3302
7956
9561
6472
2144
9197
3561
281
5078
3526
4457
1110
5685
2416
3839
8727
3940
927
7854
8439
5412
5502
3359
5953
7689
6634
5270
9163
8669
4431
999
7405
5513
110
7146
8565
1858
2743
873
3617
8951
1417
9492
8309
3911
6510
8608
7607
2318
4538
3170
8941
5434
7928
4373
7946
3277
7812
4415
6622
9434
7227
9466
3761
4532
4008
6947
4109
1250
6900
4957
5636
9308
6902
4498
5646
2900
1525
6199
5942
3667
1065
5923
5531
4191
151
4549
5151
7096
5273
2095
916
5060
3593
1827
7711
4892
3290
1768
1353
4553
8901
6915
7438
5066
8223
1023
2458
7493
6817
7424
433
8961
4130
9582
5935
2522
2050
9605
2169
7422
5469
3454
6804
9555
641
9976
8348
538
4505
477
4588
5421
4063
793
321
2297
8698
9963
5144
4208
370
5392
5948
7994
8481
4624
2009
9308
6295
2862
7446
5734
4398
8654
7793
8918
8909
9000
2674
8029
8666
2810
1640
2751
5212
3374
9225
8443
3615
8740
6702
5292
9394
6166
979
9981
2713
3348
1
4673
2915
3851
9679
3799
8683
1135
1748
3855
583
7664
3060
9710
6922
9953
6095
7494
9455
9969
3384
3782
1470
8969
6974
8445
36
9580
9909
5562
9625
1968
3883
6145
1083
1763
241
6842
8697
1467
1238
9578
886
7391
2468
4481
5824
153
5056
7056
963
6013
181
9387
4440
5369
1227
9297
2772
3151
9307
4678
6607
9672
8241
3815
1006
6152
9771
5168
6087
5484
5819
4072
4540
9450
9858
2199
6138
5912
554
6425
5838
4650
3101
8671
2109
3596
3676
3221
7482
2465
2612
8512
6261
3896
3680
7948
1446
8233
6054
8707
9676
3835
1196
9704
9087
9557
713
9924
1826
6742
8059
2159
9331
5403
1826
118
8163
8796
8276
3077
8393
3593
7258
5719
7048
3629
6007
2420
3656
2603
2878
8429
5771
7377
2915
2289
3255
8020
4070
9141
4655
3490
250
8407
5658
8314
3756
8889
1873
6756
8688
6281
269
4636
5463
6392
1579
3119
4774
9030
966
4802
8094
2267
510
7681
3276
5582
8524
6293
4675
1648
565
5051
1035
6806
8049
8084
8247
2816
9937
9445
9687
6235
9227
9293
2176
6139
688
5762
1939
5554
5282
5638
18
4238
6111
9697
5927
4819
2579
5399
6895
7002
76
7744
6405
3668
1930
3189
1206
341
3115
1068
922
3066
6389
2169
3036
7326
3568
9396
879
8335
7146
9259
7250
5412
2334
2129
8937
426
6459
701
3242
1231
8873
7576
1324
8437
4661
7077
7133
1836
6891
4833
2679
319
5070
1914
3662
1512
1602
3374
2938
1784
7467
4253
7353
9155
4933
8446
810
4943
7838
690
7261
5502
8768
5159
6080
5213
3142
683
3625
6058
8517
1255
7604
2541
5045
7687
4776
624
3508
6009
1167
2927
6970
5895
539
3474
9387
9793
786
2293
4836
2124
6333
3986
7745
3022
8693
1859
6909
5422
9648
8870
9664
4563
2916
7232
5617
5550
2839
6162
5755
8504
6836
7094
1572
4597
101
4473
1634
7447
2601
2837
4890
4440
3540
6417
3058
2913
2040
3760
174
1185
6275
8706
194
1160
3821
8198
1511
9755
3914
5573
9057
3483
1066
761
3891
6010
478
2731
838
7745
3041
3443
9971
8928
6831
8766
1826
1824
4918
2012
8276
5893
5932
6958
142
4096
6353
7509
1307
2386
400
9800
4299
5258
4984
8668
2769
2571
2620
2314
5561
5497
9770
682
7373
2432
6195
5463
433
1174
458
9922
4660
547
8291
4522
4971
3262
5650
2022
6039
4223
5726
6429
8279
4195
7658
1797
5256
8865
1156
8019
9311
7756
7627
3785
10
4805
6035
7117
5670
5213
4279
8183
8085
2172
8925
2269
9543
5276
4668
3196
5596
7631
6668
2433
6738
160
5720
4345
1861
3115
1536
512
9997
1858
2613
4967
1210
8741
7125
308
3105
5254
4736
3611
6127
9088
4580
5017
7445
4898
8906
3118
6353
8586
3060
5666
8269
8473
6523
3150
599
391
1562
5449
1423
1716
5936
2610
4334
6012
6382
1787
860
5205
9187
2317
4162
931
8576
4158
114
2987
9983
81
1855
9640
6762
7551
8693
5524
7747
6117
7458
7776
3462
9490
3928
2623
7318
806
4737
6081
1520
5331
8518
6604
6082
5431
5385
456
5478
135
1309
156
1489
6709
1582
6780
4307
1338
3643
3155
1599
1501
9853
2267
9281
6054
7091
7421
3622
1756
3394
3218
7699
342
1972
778
3572
4516
2141
630
5888
4573
327
8048
7422
5034
2758
3554
5116
3655
5860
5352
4391
8290
2819
7451
486
2692
4726
6996
9896
3451
2926
2315
5903
3089
4446
9426
7617
32
7713
1413
4186
7583
1614
8969
9749
898
8144
9588
8143
5870
9627
567
722
1687
4014
6676
1451
4559
867
6880
3660
1292
487
3202
5961
4466
3986
5493
4030
567
2596
7565
6897
7318
4713
990
622
2196
6892
2714
4605
5574
982
6323
4607
3351
4068
4411
8684
3166
2292
780
4201
236
7286
3671
9709
8788
285
2465
9420
1968
9131
8329
899
3105
4801
7723
8466
1707
3964
2312
8619
4717
2412
5787
3124
3581
4144
5675
2413
4892
453
7625
1428
4555
4469
4658
9826
7534
2713
7629
8759
7725
628
703
6444
6670
936
3085
7163
4270
8440
6265
3941
8365
6502
4483
2774
9845
9927
9503
6497
4280
953
7621
7159
7624
1389
2056
5696
5703
9786
9575
257
1423
6194
7766
7355
4272
3844
4388
666
3290
1980
2300
5941
7527
5124
5346
7848
5150
9666
5149
3878
1833
912
8653
2226
5637
239
7519
9117
9955
7738
2261
5263
5117
1125
6935
9774
3765
904
7246
4379
3177
9826
8189
759
2588
8096
5452
6254
114
8636
6052
3517
779
6478
2784
2333
9202
483
9058
7056
7282
7884
4389
248
2446
2490
5336
5426
8387
5909
3582
9395
4272
8823
5828
9193
5503
5805
6342
1527
8027
8159
7063
4951
9406
5056
5693
818
3120
7490
1135
2144
7539
8897
605
9555
5575
223
3038
6594
1255
3393
6679
4493
555
4283
3612
6127
1084
2865
3985
3378
6297
3715
9934
1749
5532
1934
5190
7512
353
2050
4047
720
3353
3144
8005
6055
9466
303
3907
2458
4981
1449
418
996
8749
7035
6419
9490
703
2086
9615
2846
3453
4436
4215
3595
723
2116
1603
823
1523
408
2804
8134
4458
8428
9217
4665
6319
279
3809
3969
995
9623
9735
4380
785
5105
5975
7353
7699
9975
9210
726
3617
105
2687
5190
883
1821
5649
2750
1778
4628
7387
6830
7764
1710
1289
96
6823
9476
1683
657
5004
2653
3185
2921
6583
9786
7764
8237
7349
464
160
6366
1803
6387
8017
5356
9762
1006
853
7133
6333
5624
414
6941
5578
8234
2223
9557
2091
2118
6393
5918
2149
6668
4619
3087
3867
3193
5711
121
5873
6995
5494
5571
3498
2302
2379
6627
1434
6061
4442
7159
3392
3340
4589
6004
2730
8959
7013
9684
2402
7217
8029
1635
7287
4920
7989
9886
5703
2297
7588
8415
1927
6514
5321
945
9322
2765
5626
874
6752
2448
7039
2932
4157
9040
1259
4348
3374
4412
2882
7919
9792
1884
4470
7608
8081
6479
1854
9213
4491
8675
7700
6319
9218
7651
3720
8192
6562
9703
675
1679
8282
1254
4006
4065
5471
3744
6636
3271
5169
2663
866
1786
4289
7241
1836
1333
6941
5023
2735
5142
1099
7352
3444
1542
8444
3379
8098
4345
2116
323
4276
6979
5485
6698
4996
7651
9047
3499
7559
5725
8389
2146
1355
6291
5576
1410
2860
5237
7856
6356
4533
9227
4116
5573
8079
5907
7744
7373
852
4036
4965
2374
6580
4797
8925
3877
7317
7017
163
4986
1762
6123
5006
7014
1223
1873
4626
7201
8644
4283
2603
2860
3624
6333
7916
5937
2115
8169
1415
4852
2964
866
1581
2388
270
1829
8416
6964
2766
4780
8189
9552
7657
558
3278
1020
4411
4149
6030
4280
4594
7850
2902
4582
1584
4050
5585
7885
5656
9198
7644
8683
7265
5233
2503
1923
630
4109
3862
2328
9274
9907
8178
4959
1824
5580
1229
247
3026
5798
2877
5463
5053
7235
8796
5670
5191
727
1745
3535
4625
889
1907
5741
4702
2001
1280
3118
4111
8381
9519
586
7673
4281
9025
1848
734
8464
7215
9121
1890
2323
7140
4904
1563
8521
2973
5359
9305
8167
2830
5040
1093
3757
1470
9102
3933
8302
7746
156
7842
2951
9384
7753
4794
5922
1102
3730
1201
3944
4138
4203
7844
7860
474
906
7713
6302
1311
575
9680
1870
7255
3134
4843
362
2391
9413
7108
1185
3163
545
9207
5573
4919
6910
667
1198
2564
4859
5641
1355
1240
9151
1945
5954
9428
624
8705
8040
2533
3651
6502
3841
6779
8779
2774
3232
805
8923
8965
1711
7026
5485
3205
2338
6556
5299
2573
2633
7784
6323
2886
9828
2205
9578
2217
3470
5891
8902
2191
860
1427
7996
525
7692
858
5997
3707
2792
3016
4197
8952
7330
8399
8454
2538
5748
3882
6104
8435
438
8128
6393
1156
5493
9780
3310
7733
6876
1884
9997
2292
2134
6996
8817
5742
5752
1683
6228
3120
1378
8808
1994
5081
5950
1519
9213
6495
5375
9531
5733
2389
1738
8525
621
7658
9867
6689
6284
5338
3258
9071
7172
9596
419
4176
255
3026
7447
3799
8615
7033
6746
8316
3310
302
5117
8059
8127
8897
6629
6566
979
1709
7753
627
7275
4015
3941
8884
7039
2435
7359
5803
946
4895
9618
1490
1268
9277
1267
7567
2323
3660
8512
5265
5859
5860
304
9445
4315
9062
3689
7418
652
4402
4437
9100
4097
7809
8202
4539
6317
6100
6530
953
460
7817
9312
8102
6843
3876
9027
7203
5857
5281
6163
7451
6791
7689
9316
1066
8356
6025
44
5809
269
1832
572
7674
904
2056
8339
4861
7863
8820
5368
1097
6159
1301
6737
9971
5868
3750
1117
2099
8925
9475
6329
1500
9671
4011
555
783
6176
4190
2119
1814
1722
5664
7726
6230
921
9199
2152
3806
4908
3665
9337
3943
2427
2607
7014
2735
2743
541
2454
4366
798
4241
3220
3787
9054
1236
1633
7757
5893
4894
507
2500
7576
3025
8184
6571
559
9368
5298
3297
2011
318
180
6170
455
7440
1363
35
5148
7921
8363
3831
1708
2475
6729
8304
5628
4741
1288
9745
6926
3080
8532
4192
1937
9136
3724
8730
1073
6838
6159
8913
5770
2128
7134
664
3221
688
1471
6480
2909
6824
642
9759
244
338
8963
4346
544
5857
6388
1793
9414
3541
4172
9737
692
9748
6535
4880
1332
7063
3722
4259
375
6113
4188
3440
2226
2342
9702
7062
8246
7660
3552
5362
1137
802
7927
4816
9249
2154
6475
4468
5378
6520
5644
4237
402
3645
6254
106
8234
1922
7743
8954
6203
6630
7312
9952
1646
3719
2865
5452
7705
7788
3681
533
1683
7360
140
8600
8732
2343
3912
2928
3358
235
2442
9508
9750
3422
4447
8701
1391
7629
917
9499
5923
3015
7226
3177
3172
4687
6549
8743
8068
1297
6044
3198
5404
814
1994
5648
4780
2910
7321
6603
7400
5897
7945
3280
9624
5780
9886
3083
1784
4021
1167
6408
2056
1975
7398
3236
357
9026
903
4757
1853
3456
9314
6811
1685
4140
5865
9782
7399
2521
2276
8125
6919
2844
5385
289
507
8495
788
9294
8367
1245
3868
8958
2546
3432
741
8222
5794
3470
7523
3693
6790
3823
5210
7465
1126
5696
3325
3721
1507
4993
3636
1293
2988
4575
3240
8668
5842
5898
2566
4069
227
7832
5760
3569
2039
6877
8374
8159
2495
5944
8297
9692
2236
847
5926
1906
2066
8912
9991
236
8934
4793
4128
8285
8680
6474
9807
8183
6953
3629
1490
6383
9837
9848
4050
850
4833
1189
1834
9131
8662
595
8528
9410
6460
4618
7308
977
9719
8744
4326
8697
5205
7925
4561
5404
9511
8123
366
5907
7610
3471
6513
5317
2398
2999
5121
3637
7718
1281
5762
499
2421
5749
426
5736
9225
3216
5896
3399
2242
7778
3828
5095
3895
5352
1307
2241
579
5201
9279
7412
6968
5388
4340
1330
3661
568
2092
1608
9297
5049
7719
760
6281
7579
882
5370
8966
2441
4300
7646
4150
5423
998
6929
3161
231
3896
2532
1154
4396
9432
659
1668
8048
3743
5424
3268
1141
5160
9526
9128
8230
1641
673
3137
5129
1186
9460
7363
1812
7288
7817
3017
6187
874
6338
6189
2414
9306
5857
5974
8409
2435
1729
475
3383
6791
2810
7667
586
6035
2025
6523
5824
1065
5030
5660
2111
9462
7020
595
7617
5189
7604
2934
6361
4157
2267
3239
3611
6367
8862
1377
5053
2421
6925
3902
3316
9333
201
8020
8558
6748
4158
4476
408
196
1184
8319
5830
1864
2474
2227
9065
1674
2507
8151
7118
5587
3023
5011
5063
2679
9984
4416
4337
3279
9372
4797
4756
1543
3948
794
9774
3624
74
20
5435
1566
5144
133
3953
730
2825
4873
7821
8290
6401
6089
4955
3159
5722
6537
124
5831
7381
7892
1184
1052
3003
1250
435
6150
1303
3402
4051
5059
1640
3954
5946
524
763
1614
495
9361
7878
1901
4305
1859
7429
3684
189
493
7200
7140
3527
5037
1932
7848
8277
281
5278
9948
105
5144
8780
393
28
1866
1002
8083
8484
495
1235
5132
717
7990
7482
9505
8969
7535
6163
3103
9568
7397
4977
7244
5055
2332
2949
8007
9286
1338
7295
3459
225
5749
7383
4170
9251
9843
2029
7577
7857
2979
2605
9956
7852
9530
3923
8306
1409
9993
8333
3963
6443
5736
196
5430
1982
8920
1548
4070
76
4303
8397
3193
9271
6452
3849
2580
265
4349
5688
9261
6852
3580
9604
5972
4556
5454
8166
6337
2296
3444
7176
6503
4017
2913
97
9752
153
2683
2553
9136
9266
6988
1892
1039
6790
3887
8770
485
5143
8728
3296
4531
6962
4348
7716
6827
3017
935
2837
5793
5306
8181
7757
1761
5603
5407
2988
6641
8032
9750
1404
6898
471
6910
1541
373
5975
8689
5466
1917
6045
5771
5206
269
2065
577
8092
1246
309
4299
8538
8005
7621
8635
2993
