1644
4019
5002
679
2340
693
7551
5130
7427
3788
321
9640
5306
4803
6300
8404
2695
6719
7307
8316
8077
4459
5178
837
1491
1
864
2207
9205
1636
5077
6325
3081
2140
502
594
8648
2306
968
5259
2597
410
5639
8883
51
8115
8187
6514
8882
4725
3962
5842
6086
2465
6839
6644
7737
1429
3559
1062
2493
7133
4899
7764
213
1762
6328
3181
6560
6862
9413
9239
5217
6972
9259
3270
6189
7879
9927
2808
7150
6926
2427
7694
5471
4042
5583
1976
7042
7862
3854
2199
7769
3698
7865
269
3851
7644
463
5955
1652
5502
6914
95
630
1443
7469
1343
4020
6605
9341
2690
3698
2948
9201
408
6542
8999
6324
2316
682
7501
7111
3056
8566
4563
5079
2081
4472
3715
4603
6931
1868
3208
6094
5333
8926
8636
8518
553
6940
5293
1444
8954
1865
9093
85
5999
327
4956
430
6894
2326
9822
518
9201
5189
5148
7593
1265
2774
7481
8511
355
3163
5227
8169
9522
278
7122
813
1584
8211
9779
6471
9513
2175
9882
7792
1030
876
5962
1249
4843
1710
618
7782
9048
9589
1030
1120
9387
2611
2218
5792
6939
2866
5709
3710
7127
5514
7010
1668
8692
406
313
2500
1145
9397
8223
2434
1683
408
1105
8176
8377
7545
8262
4253
9808
3272
4251
9436
6836
8134
6708
2953
1047
9469
965
4912
4375
7398
4134
6916
7987
5669
7189
1427
4783
7896
1419
4066
822
4460
2837
3160
4285
6846
9423
4897
4304
2216
1436
8344
6437
3329
9020
6742
790
3303
3305
9709
8214
4493
5106
571
9080
2339
4880
6381
5247
9733
625
5016
51
7797
3160
8339
4525
4575
6556
4277
1105
5907
3852
9909
292
8903
4175
3187
3490
3131
1640
4743
2151
1535
7196
5339
3087
5032
7520
8764
2513
1078
2912
1110
3762
5517
1670
1441
8304
209
3760
411
9258
7622
7190
7258
7004
2092
5846
2812
400
6228
7915
164
7154
1340
4838
5283
9817
4763
7077
3106
3750
2438
9437
6845
2865
2873
377
1739
9592
448
9179
8029
5779
7753
9118
4401
537
6464
5108
8067
9363
5446
7144
5951
4122
3209
8362
8820
9179
6198
8132
991
579
4032
971
3719
6889
7656
3562
8514
8197
366
4182
7802
4052
7306
2808
6044
3706
5155
8485
1690
8895
848
121
4250
5084
3937
2524
7546
7580
3933
6414
1208
7585
8663
6861
9326
4137
8630
2826
9581
1031
4434
4325
2878
9748
5512
397
2487
647
2520
4621
434
2295
8259
9207
5876
6034
9502
5108
9066
5382
5336
7623
3725
1388
9721
7194
3292
6021
3916
835
4898
3770
9151
9761
1898
2913
1854
8180
3942
750
1865
1827
3400
5251
6129
2064
9674
5269
2025
5890
3057
4607
8733
3162
7796
8803
6187
4143
5043
7363
1209
2419
9238
4288
8652
3207
9320
4387
3732
1740
3102
555
8949
1095
2586
1415
888
3709
8131
7085
7392
9355
1838
4031
7670
3001
9646
1893
1186
1254
8921
2409
8503
2723
4125
6484
7235
3652
1719
4741
4360
3875
6627
4964
9472
7902
7001
6698
1616
758
9019
9918
2341
1438
9427
1356
3101
8611
9048
8438
8543
3010
2725
6851
9757
9603
3053
5882
119
3981
3474
707
4213
1393
637
7495
1256
2067
8449
1042
9051
7092
2266
3503
8029
2677
8279
6440
3797
3034
3374
5054
2973
168
1496
4506
8465
3586
3337
8794
1633
1678
6351
1453
5807
7874
4613
3010
6228
8546
873
9415
739
6521
2797
7369
6215
1160
827
4277
7299
3105
9477
6308
6096
9619
5241
7330
7748
7833
2815
2169
4799
1338
1074
8703
3682
3202
7732
9987
9207
3644
3509
7118
2590
3138
9685
6729
6125
4528
5542
7436
4327
4634
950
5899
7685
1101
1907
5411
4131
4144
7416
2837
7833
1861
1752
7764
7136
3244
6767
3198
6983
7397
3881
145
2427
8665
7092
7599
1823
3868
9895
2434
7467
3927
6884
3339
6472
9944
3775
9736
2053
6821
4612
3200
4130
5952
9167
242
6078
8961
3761
5907
4756
4029
4093
2429
4109
8582
9362
3049
3436
6662
2577
9814
7501
164
5508
9025
6621
4084
2784
4921
7334
7312
8789
7388
6010
2216
5821
1912
4896
5665
1093
1408
3911
5432
8543
832
9962
5225
3734
7040
5730
2700
3687
9733
9263
4123
3494
2158
2252
3436
2942
6874
8209
6213
9354
5952
6694
4301
6161
8618
1012
7456
9990
5167
9794
3213
4935
664
5395
7017
4548
472
8940
6897
1543
4924
3049
3022
5970
3368
9199
9281
2743
6690
2144
1808
3923
2602
2357
3154
6505
3066
4112
5561
8520
2619
4489
95
8805
2623
3374
1015
5066
2221
1710
7232
2698
754
295
8018
9040
3369
5856
2369
4677
2646
798
3874
7905
8982
5021
3148
9050
6485
1592
9685
2520
5423
4862
7797
7668
847
25
4221
7692
9152
3117
3251
2817
7911
8495
7839
344
3654
723
1006
3658
2654
703
5616
3928
4086
2925
2404
7162
6511
1567
1174
5497
9199
9838
35
8178
1800
2755
6068
2243
9615
479
7038
7605
1682
9299
3993
9531
615
5379
1040
8887
590
4243
6113
4488
2772
3821
8566
2672
4618
5771
8693
2991
6049
6625
8319
757
2193
7907
2339
4776
4827
8907
8496
1937
680
9580
4763
2037
6973
9424
3176
2539
9401
13
5640
2351
2099
5748
9784
8616
4507
4199
1477
9645
9563
3499
3954
3051
7731
3031
1825
795
3747
1892
7757
8012
5853
3036
7624
8523
2386
2919
7993
2887
1255
7152
6758
7857
8845
2319
1721
6149
1133
1789
8247
5982
5706
2116
5936
871
906
3431
1266
2106
4258
464
6161
9069
6849
8428
7274
1862
852
3448
5145
6425
3389
3308
8283
6058
6424
3896
3426
9487
1188
520
5294
3144
7754
2145
373
4783
2766
6494
6689
2879
7826
229
2271
5793
7065
9425
2091
9279
9960
9619
9176
174
502
5991
4506
4997
7739
8027
8178
9767
8967
4555
6052
3674
2368
1751
9467
4691
2663
5551
7284
2447
1557
9645
7968
3587
9743
3175
943
1981
4279
3427
9021
1390
2846
1299
9895
661
1100
4709
6915
6951
4212
7712
6597
4433
2890
403
9360
5899
4642
9934
1428
6802
6319
5084
4404
8814
2236
9975
6853
6833
6340
49
952
6982
2933
212
4873
8331
5246
1961
9732
3795
9551
4478
6384
2456
3766
9615
1286
1575
7041
5644
1569
5264
9670
7137
4294
9068
1818
602
1524
9199
247
9177
1537
8727
4292
671
7068
5857
593
9410
4216
7865
2034
5429
9653
2379
5872
5520
3092
9297
8756
6385
9186
2154
4284
3204
8809
8233
9175
9472
4104
2010
3393
1697
7719
281
3577
9889
4664
722
4840
4782
8174
6143
2663
966
6755
8379
9283
943
3066
2986
5536
6296
9614
8905
8571
1833
8729
3415
7104
1804
6594
6040
225
988
583
4746
6814
1370
5783
7975
62
9462
6536
7148
4766
5763
9872
5611
127
8233
2036
4165
2949
9881
1178
1693
4406
8083
7536
9334
5297
5529
8235
3211
8924
8063
467
1945
1093
6894
6808
9291
1551
9640
5823
405
4053
5213
9183
1395
117
7938
7716
5452
2037
3628
4201
8465
6460
5902
6166
5657
1430
5114
1278
6404
4830
5513
9448
8832
957
9561
4082
8202
748
6453
1200
4445
3821
1002
6577
647
3850
9806
2641
7050
5815
7999
9575
8859
2378
6261
716
3300
2504
5394
3081
1224
6764
3690
2013
2286
2340
8060
7197
6971
1509
5440
5339
9553
5022
4999
3476
8
9865
9631
9592
2868
1634
8454
4036
3508
1908
224
9727
2679
1986
4140
5413
2691
679
9948
6239
6617
5372
3623
2509
3823
7859
265
9302
641
8819
2809
6220
8846
3123
5269
5886
3820
698
7406
9243
967
543
4040
753
5664
1945
3634
594
1798
4055
9052
4773
8697
6877
2408
3478
7121
8188
981
7881
4268
8747
1431
9794
2642
7583
3742
3548
8665
1883
975
6998
8806
2688
8152
3322
2076
8333
5659
78
670
1850
3462
1562
1496
7006
6311
9159
914
1498
4498
2217
4811
8023
7606
8041
79
2293
3342
4688
2036
9536
1930
921
1733
3504
8238
129
7295
4437
9734
5716
5992
5300
7457
9955
1552
9730
5608
4771
5352
6929
3756
42
3184
642
4527
5891
3592
737
5744
2771
2075
827
4822
5335
6028
1875
3829
5691
1755
110
7936
797
7386
686
6899
6073
9095
4875
6792
7240
3209
7432
4923
1617
9947
9196
2878
4400
975
532
6790
2740
4773
9741
7829
8990
1027
2050
8962
3226
1553
6525
810
2176
5630
6769
2313
2953
3635
9273
8564
9162
5452
3042
3305
1714
1497
4402
5507
8888
8336
625
1523
7050
7913
9046
8869
6025
9
2722
3581
9005
9913
5147
7834
3273
8414
6884
777
2129
7998
9454
443
4577
8746
5133
4620
3610
2780
4505
3839
5643
2549
8264
1560
3209
626
8328
4243
2290
1358
6385
5385
8588
2896
1692
2596
236
4438
1845
8484
167
8929
8703
3684
4726
418
282
4478
3318
7267
5822
504
1720
292
1391
1975
2983
2061
3729
486
3092
149
7128
7676
8961
7014
9560
6754
2140
6549
2767
6848
535
9240
5664
6416
5642
2695
1433
1638
9555
6625
2166
5289
6478
7665
5031
8427
4697
1988
6926
7153
7932
3159
858
320
3122
5342
8279
1367
6446
626
7294
8772
3604
3912
1546
7409
9384
3910
5512
1065
8128
9224
132
6807
5702
3744
9392
3800
6698
6787
2585
8644
1360
9068
1310
1946
3662
223
5072
1698
1149
1937
9482
8975
6152
5675
9889
1399
9761
3712
2519
2839
5729
3590
1632
5904
4803
2605
7773
5587
7569
5846
9861
7969
3975
4159
9553
7871
9887
3441
8841
9955
9019
9315
3584
6064
6410
2381
9175
2036
632
5754
2713
1947
7125
8614
3436
3701
3022
4556
9841
7547
2774
9105
1300
626
9048
1121
1893
2990
3422
9845
8302
8844
4297
6310
8326
8656
697
4927
5335
5309
5516
2307
1544
4434
3863
5544
7046
877
2537
582
7906
3177
4374
2352
6290
9360
6123
5449
3906
5634
9935
4186
8851
2556
5213
7497
6690
92
8760
8053
8184
2697
369
517
7928
3931
8443
3556
342
1581
9587
5989
6965
2874
6672
6891
6160
6424
3900
761
797
589
5192
385
9405
2233
8389
2329
9318
6682
5964
9538
3003
2175
7083
1160
8752
6624
7927
3445
4292
8587
3153
942
9326
333
8034
3743
1168
1973
6443
6398
6994
6805
4557
4542
3174
2038
6985
2000
281
1390
5762
8092
4460
3143
3325
5881
9823
3441
9846
659
8277
5170
5655
6526
8269
6304
3941
1192
7038
7820
8658
1344
2116
8954
1575
1945
4794
8125
7042
180
4887
1549
2174
8058
5180
5038
5754
6360
960
6505
3877
3850
6820
6123
138
2956
2600
9996
3573
3705
6577
5802
8770
5183
5615
2666
1074
9398
9237
6617
6510
4158
9332
8338
4144
4913
6087
7190
9011
8854
5430
5395
1064
4354
7494
260
5798
6477
7079
6263
5531
3133
9735
2004
9567
7959
4122
3605
6035
6816
3412
7655
371
4549
1333
8228
401
7060
6698
9210
8654
4848
9305
7169
901
2704
3999
6229
4235
1572
3758
5177
2345
3419
5084
2441
304
2910
3793
5995
4300
5710
2711
49
540
6484
1008
5077
946
507
1379
8447
3534
2337
9400
940
3375
7723
3006
883
8738
5528
7590
7393
9366
2279
1337
9849
7385
3852
5864
1314
9545
4849
754
7233
8198
5688
3308
7379
8541
3015
2382
3221
9466
6950
3197
2482
4612
6316
899
4131
3778
8327
7701
3479
7207
5380
1851
4589
4125
9682
8798
5920
9448
8584
3055
2255
8799
6550
2232
1424
999
4284
4668
5725
3413
8387
4213
6616
7491
6856
2220
5265
1785
1209
8197
6374
6459
1162
9679
3494
8767
8793
1540
7780
3424
8164
3836
3559
5787
8247
3975
6993
1381
2449
4856
1276
8450
7773
2010
7477
106
2260
592
5274
1139
1060
6201
479
4893
3403
7197
173
2098
7933
3873
2127
1732
4632
8404
1890
9134
9698
1872
3164
5333
6609
6699
4062
5016
3493
1809
4972
6529
5067
7168
5873
7779
7736
1014
1779
8520
762
8421
9082
6487
9972
1056
7294
4676
1557
1268
4829
9425
2059
3950
7143
3673
2515
9112
9750
3446
6866
8249
4435
7014
2727
8401
7684
2773
2954
7344
1377
6713
2485
1096
3145
1347
1373
297
2080
1638
6752
6654
5103
7777
3717
3845
6438
5267
604
5968
2505
2846
541
6668
6098
495
2791
3425
8817
8746
8445
9151
2774
1193
2665
3625
8293
7939
7479
2023
686
4885
92
7426
208
9780
4927
5924
4006
6250
361
1114
4109
9108
907
3204
3053
6517
8312
1830
8917
9124
5692
3824
2503
141
2763
8606
9979
4267
5435
4060
8111
4813
7205
68
3134
7881
2342
6924
1472
3700
9631
8824
3837
9261
9053
6152
5872
8979
2085
1555
5200
7302
1747
7033
7674
7711
584
9626
1874
4570
9657
1110
9457
6848
3967
6485
4986
3027
7363
3894
2739
5154
4491
1564
933
9206
9410
2982
6236
9790
5318
3510
2878
7547
1389
3684
601
5558
3846
1495
4429
1559
7026
8725
1767
225
7932
305
2370
6906
3884
226
8260
8914
8817
9511
8910
7216
9026
2788
6701
8020
8326
3147
3396
7419
6946
8464
7112
6596
8059
5325
7217
93
6222
3660
6106
3747
3228
1049
4015
3403
6680
660
8121
6446
178
5305
6138
4555
2445
4963
4735
43
8745
5593
5983
9833
3370
6228
9359
4958
1142
9707
63
939
4682
1309
6933
1338
745
8574
7991
7525
6037
3801
3187
898
4911
9483
6659
6035
8794
9074
2886
8329
3418
5142
7013
305
485
2985
215
4012
6019
6669
4271
7043
2306
7425
9045
1332
1842
1723
8158
5644
5678
7847
3981
9794
3200
1135
7292
2951
4477
4116
3223
8588
397
6658
5846
679
3639
3054
3163
6323
7305
5369
4236
7802
179
8021
8143
888
1037
3549
9058
5802
4780
7003
8147
2776
9667
322
4472
6521
163
3722
4244
3452
6192
8244
56
4370
7299
3157
3307
674
9694
7920
2314
5277
6045
2971
2137
7302
3205
6537
3265
4656
3857
528
7786
9333
9207
8316
6288
7884
1294
7584
971
9771
1069
7397
7152
1251
1285
8429
173
8367
8288
5045
2995
7893
9488
439
1327
1779
6673
5462
286
3397
3653
6205
4801
6847
3096
8590
5838
5432
9724
5666
3844
1954
3743
8364
7763
8227
3613
8033
2142
7088
1712
8087
6664
8747
8668
3449
4072
112
1837
234
5827
317
2660
5372
5617
9122
5592
7701
7706
2943
5713
3374
3971
2572
6288
3059
6391
8447
9156
9523
4268
2541
7157
1366
5840
2420
9356
7278
6581
4230
8823
1653
1597
4441
3959
3952
3409
6302
3969
1124
6255
8726
2123
9517
844
7948
1041
2
8891
6708
8575
6487
6136
737
5056
893
7828
4287
785
8970
5029
4395
4937
5554
5914
1622
8547
3970
1216
3710
5886
2193
1781
9229
9479
483
1155
4737
875
7841
1184
7167
4647
4421
2600
2806
5681
4500
6681
1520
1705
9782
6042
9039
565
3038
6509
6959
3810
7975
4204
8883
8600
9095
6916
9991
75
1946
593
2499
9387
9554
7348
1487
1525
5148
3481
9453
5372
929
9502
3922
99
5574
5261
2647
4365
8570
4126
5434
1123
200
167
5971
1347
4983
5632
2639
9255
3629
5721
5183
1796
720
7885
1373
5578
9467
5655
4195
2609
2984
4131
174
9418
5875
9023
6033
1668
448
4570
9452
4885
2219
4933
1483
4237
9853
2997
7647
2092
3179
6682
8603
6821
7908
2097
6300
7576
2012
6170
5734
6297
2825
1176
1789
577
8817
958
5682
2656
2859
5314
6675
5414
8004
9740
6886
7728
6576
5444
5233
6144
9423
5814
7330
7701
8542
5382
9806
5438
1745
4595
206
4472
3902
6923
4035
3628
9997
4355
7619
1670
3981
1039
2103
9104
5563
4028
8837
7045
3934
1801
4668
4876
7339
5506
8137
9447
8213
9581
4698
2508
8840
2227
5644
977
7694
2680
1987
452
8786
2049
7701
7881
8274
8990
9448
3450
2717
7025
490
824
1723
1658
146
7727
8223
4560
719
2059
4228
2979
9429
7974
8794
9449
3230
2560
3429
5000
6136
6619
9641
1565
6433
6522
4870
1186
3580
7251
8390
8437
3094
1044
278
9749
7658
3422
3153
3854
6043
4223
843
1263
9725
7567
2400
5200
9679
5020
6764
3914
9451
2683
5550
2525
8619
3116
6421
6431
8023
3597
4378
1656
4947
7694
8816
8766
2167
3121
2673
6785
1968
1902
7494
8654
7694
63
299
4083
4831
1857
9381
2050
4018
1994
2306
3501
201
6123
379
4444
9358
3780
520
3914
4874
2131
5624
6574
7869
4701
331
589
6487
4240
377
9994
2461
8310
9228
4015
380
1974
2277
1764
684
5336
728
8525
431
4173
8641
8206
7169
331
7191
4226
9883
6173
4964
4473
2933
4228
6110
5095
3509
5425
679
6160
6259
3918
7014
1510
6961
6720
5721
6312
5138
7860
6492
3559
4916
9105
6969
7913
5650
2558
5393
3071
7875
7809
10
5181
9484
8051
7393
7624
7838
9133
851
3606
5655
2281
837
9585
5562
5482
6663
2712
8578
742
5312
7869
6648
8286
3856
3657
2341
1207
9963
1897
9830
554
8826
2361
4895
5254
2976
557
596
2597
7090
4067
4054
6011
3241
8064
3030
7441
2729
8646
4794
8298
9962
2767
6823
8559
4403
6046
9019
2466
3556
5442
1739
3589
7961
880
9338
4907
940
312
9611
7998
6123
3648
405
8141
6099
9137
2485
811
5819
3709
7111
4014
6270
9437
6306
2635
7341
6052
808
7921
9510
9693
9177
6631
6992
3425
3629
9494
4842
9559
4494
6146
8707
6815
7043
9564
4970
4768
5166
8808
2300
7296
2822
4173
5757
4128
569
2868
4445
8620
2687
2852
8136
5261
9022
7168
3784
962
3333
6816
7423
7113
338
5330
9080
2936
4817
4649
7749
436
859
2542
9066
7158
2721
4580
3003
5082
2604
5392
949
1273
4218
1987
820
2724
7998
1345
9189
4282
8924
9646
3707
2128
9779
5620
4233
1395
8916
7931
7886
2286
2408
1696
1000
4097
8643
6465
4919
5757
1462
9558
4179
9630
5354
2586
5447
3891
9937
3546
7709
6806
4863
7541
1627
8631
4777
3659
3867
2427
3570
8991
9808
9560
1979
2139
564
6250
2440
234
4235
6126
7695
1889
4762
9013
9436
1837
7571
7187
3044
5957
194
3160
9977
9055
3052
4319
1986
5999
4424
9689
6385
1557
5234
4667
4006
9757
7222
1099
7179
8386
8562
9175
1258
6429
7078
2381
8299
8390
1253
8391
9033
8914
6731
3242
3604
3451
7653
226
6263
1357
6394
629
2619
6052
3792
6946
4112
8024
7970
3898
6070
4714
6846
1315
5803
6445
1265
3339
6140
6130
8347
1812
7525
1232
4761
2069
4104
5983
7684
6254
2534
9888
2019
3350
7506
4797
2939
5095
6824
1814
1874
1238
1515
6331
2962
8488
2787
7769
4460
2840
6572
4684
7421
0
2313
2892
6289
8781
2068
5337
1353
6005
6285
2899
2612
9687
619
6459
8512
5433
7161
9181
2556
8870
7702
9383
385
9364
1452
6157
9375
430
538
9560
4273
5974
1312
7729
5071
4085
7469
4064
4010
1634
3498
5907
8356
9530
6184
1020
9844
5669
9435
4078
3670
2588
1188
3864
3996
6313
1788
6784
8423
775
2139
2709
1070
8230
4705
1626
9233
9448
6262
3834
5776
5409
4455
6383
6137
1345
8607
8225
8660
263
5686
767
9674
7600
6081
7926
365
9284
717
8276
4666
9422
5847
5866
6519
2437
8346
7542
8033
4226
4595
525
1738
8141
6993
9018
9349
1296
1287
3383
2553
3946
315
1753
1679
899
4065
7638
1447
3238
742
4191
2505
231
5864
6414
988
5403
7969
4483
6217
875
3542
4121
2812
1151
7305
7246
2572
1226
1708
331
7484
5264
9608
6929
9155
9025
594
4071
3066
8464
246
1620
4175
6208
2626
9187
1071
1007
7632
4872
358
686
8800
6362
7033
8259
5996
3379
3975
479
3517
7554
4363
6683
1135
2557
2992
7236
2258
1665
7906
1880
4662
9340
667
4618
7779
8705
182
3115
5801
7444
3866
5012
7224
4218
5757
256
626
7077
7918
4505
8020
5666
8824
1558
8021
885
8148
5602
6093
3917
122
7458
2469
6822
9009
8725
2636
9446
9105
482
6182
6972
320
685
5163
99
270
8370
7171
7696
6288
4639
8997
1195
904
836
4179
7018
3407
6051
6373
2445
1781
3469
4139
6953
5580
6905
5611
3373
4659
5977
2522
9506
1217
4600
9974
3138
8582
7554
9053
1287
23
9410
7952
3316
6342
1360
1767
3263
5981
2610
2844
2862
7277
4114
5408
8040
8364
1050
6293
6581
5715
9938
1313
7608
1539
1987
5420
8239
7878
5623
9827
6218
5209
1785
8512
7975
3531
4419
2753
4381
9046
6272
5377
6115
651
1117
334
612
3149
2338
5339
3711
4680
8877
560
3194
3421
9087
8143
7316
1385
6428
7615
7135
1957
9
9156
5959
7924
7478
9045
8236
7793
8374
5301
5054
1359
8646
5511
2410
9747
1564
8908
1469
2664
4627
5954
8280
5532
1120
8552
4004
2987
4657
9537
8041
2080
8633
8207
4690
5752
7227
3562
4193
7330
9602
8984
704
5071
2436
7237
9776
4748
5241
7349
5746
1681
6761
5185
7011
5816
1474
9104
4299
8354
4165
5786
7443
5325
2581
2976
8206
5202
4747
6699
8984
186
2271
4933
7943
8734
9062
8257
3044
3796
1003
5758
9365
4731
6472
8075
8240
5205
7777
4901
8571
8056
7
5796
3639
732
2451
5394
7140
581
1978
8996
6165
5147
1890
4140
4060
4311
9934
9036
1420
5136
6705
4614
5564
6636
5855
5943
5160
7341
8689
9543
6292
852
8759
894
488
2862
2371
1759
4278
4503
3477
8189
3534
8809
7832
1377
6193
7320
1769
7033
4035
6870
8252
7540
6872
99
4432
7287
9160
2949
6992
2285
8513
4223
8871
6940
723
8427
8518
7938
6955
6170
1070
3461
975
3774
3797
788
2163
3025
6518
6831
993
1303
5353
2812
8067
7776
2650
7439
2367
5969
817
7268
7243
1419
3475
1891
8676
3031
4424
1856
3964
3491
6936
4094
5767
6893
6287
2380
1775
3181
4629
859
7405
3500
7599
3070
9334
9067
8952
6638
2774
8082
1166
9326
7831
484
5890
173
2632
1472
112
4031
9855
6047
3780
9047
7239
5755
3472
8637
3091
443
9835
1544
1682
4849
2136
6121
9272
6580
7497
3142
7550
7087
169
1862
9831
5559
1264
3556
2408
4491
616
2803
3193
4492
4004
7709
6796
6793
968
3092
2339
9645
5195
9307
9403
9764
6908
1851
182
6814
9445
1597
3683
2578
4614
6034
3524
3327
1961
7277
247
6433
4158
9705
3269
5030
139
3728
456
4797
2757
5309
4033
5176
3826
3007
2507
42
4490
4973
611
4698
9644
8538
9954
6563
5476
8867
7012
2303
1707
7386
9025
3577
3372
7937
3944
4011
3774
1593
5689
7724
7962
8375
9
6791
7720
6275
6163
8118
4077
1240
4364
4994
5296
1052
2027
1384
6386
1079
7905
3543
2967
7022
9582
726
933
5726
124
5507
2584
2571
5512
4500
2233
8069
2887
3620
186
5750
3612
5398
912
5805
1506
9151
8449
9406
5186
989
9675
3324
9803
9435
6230
8670
9553
7969
1907
9630
7181
1601
1094
1867
3213
1269
1323
3964
5801
4519
601
6771
6040
5230
2843
8223
3743
4778
461
2342
6006
1595
9278
3172
1802
7149
9386
3747
7656
951
8925
7484
3018
6232
2217
900
6414
4309
3466
7008
1310
5039
4378
8884
411
2539
3248
9597
7059
4799
7123
8921
45
3621
6465
1071
2783
101
5828
9759
8960
8137
8317
7028
1985
3837
5116
803
6521
8818
6591
8490
9719
5989
4175
7235
9734
9181
4771
3704
7648
1334
6843
7789
89
915
1350
7549
4497
7237
1069
6886
1385
2684
75
6345
1463
475
9661
2627
1177
7450
3266
5977
279
1269
6306
9008
4415
142
482
6090
2501
3996
9987
3555
8286
3847
9387
3076
1587
7749
2325
6355
6334
215
3026
4156
4525
8727
9302
8757
5268
7374
1547
9109
1779
8321
1053
1029
9748
9681
1112
5570
639
2913
4945
527
9907
9196
7817
4977
7721
6192
9211
8768
3730
1197
7511
1920
515
856
2112
5791
6008
6088
6728
8650
765
8921
280
9801
3427
8838
8135
9443
8496
8265
7515
975
7819
3902
7097
9614
280
9361
6894
6306
2770
1901
3254
6870
2729
2056
7095
710
9172
7776
2107
8553
7073
8916
5777
4801
4460
7634
830
6944
1194
4030
6446
2324
181
4022
1783
9021
7967
5167
8767
7020
7062
8865
6333
4198
901
1962
6564
97
2574
59
2276
5513
1664
8804
3319
5219
4742
710
6523
6915
58
6666
7037
3059
7259
2300
8479
8556
3313
99
6852
8782
4435
5628
4506
1249
1305
1513
1131
7402
3347
8632
7531
8889
3924
3273
6448
1605
7302
5075
2742
41
8177
6925
7225
6537
8311
6710
3244
600
1266
3423
4373
4233
6933
3521
2141
6618
5838
9137
9746
1660
4559
7559
1823
6527
9685
6824
9070
5136
7706
5474
4115
2145
3726
5594
3824
7189
5499
5010
3964
342
3682
491
8645
704
7574
8921
1415
259
5613
3321
1794
9511
4560
4844
5541
5696
4480
2097
5183
9128
3207
1855
8019
2040
318
1291
739
6724
9940
3938
4285
8126
5227
2266
8804
76
2554
1396
6274
5823
4552
3468
5302
5012
6226
6766
787
4673
3325
5783
7410
9827
9806
5527
243
4120
9860
5852
6260
5875
5893
1259
9346
5464
936
5548
5430
9353
4447
8863
21
6104
3814
9243
1960
7994
1029
7566
3051
4697
6254
5169
5272
947
4905
9528
5197
2904
302
6023
245
5642
4913
869
8881
4435
428
8339
6023
1757
5036
9933
6720
9192
4637
6622
844
4963
5592
7310
6955
7825
6707
9668
2320
2236
3183
7665
5586
4921
1691
1662
4043
9341
5037
7084
4732
8667
6449
9065
854
5361
8625
7486
4658
9260
2031
5588
7932
3796
4725
5113
504
1481
6174
825
6103
2376
3829
927
4539
5709
1880
6574
9810
4651
7293
3565
465
7721
2160
2027
931
6427
242
4694
8882
1213
4776
8206
3269
982
6373
1109
4456
5744
4352
6805
184
2163
7836
7837
4597
9982
1560
7445
6238
4367
9317
8761
9650
380
7479
8783
7425
7693
2227
2278
7357
542
460
2585
8643
5825
1454
5295
8644
2086
4487
612
9527
3596
4046
3249
685
1587
4749
5908
7329
5082
2125
1830
927
7669
7867
6281
1624
8185
6229
1372
9378
4393
7895
9812
9766
354
6696
2540
3912
8504
7387
3867
7387
2997
4694
6830
9433
874
1784
3456
3430
7157
2907
2404
704
2204
8481
8315
7920
6917
2000
2877
7606
5170
7739
9435
8961
6702
4454
6033
2065
9273
6950
4816
8736
1549
5530
3170
9891
1351
8782
4235
1060
5278
2566
1909
2658
8769
7603
4239
9429
9183
2154
330
6016
1179
9421
3169
7093
4938
5005
8991
1959
2688
8035
3487
6243
942
5936
5807
6848
19
675
2272
9738
8726
359
6085
9054
5479
5450
9431
6130
6741
5264
3443
968
6135
1012
813
9688
4696
8433
6399
1515
3398
5852
9490
7001
5936
3631
731
6629
5973
8624
7586
2365
5903
2696
6955
4667
907
2248
2505
4048
4261
5994
2565
8703
3566
154
1813
8620
1441
4813
3410
9023
3266
6108
1719
6028
4619
8853
1204
250
6358
3107
473
6265
4896
3301
2329
7786
9140
113
1608
9053
2821
963
9064
9120
5890
3182
1621
75
7095
2385
6443
8234
9466
4577
5940
9436
6661
5231
4156
4787
9009
1877
8341
952
8292
687
7356
3825
6635
3684
636
2788
9678
6333
297
5474
6817
6895
29
4404
1057
1398
1964
9629
9512
9534
2200
3885
4016
6961
2640
4790
8773
4173
161
1809
887
4331
1016
9682
1162
1902
7196
3693
6670
7469
508
9776
5254
6926
7456
7020
7680
8074
5858
7570
2475
8342
9045
941
3783
7420
8777
8726
6278
814
9848
8397
8459
2410
1995
8617
5719
3301
9400
8088
3291
6131
3719
9447
4113
5603
8482
2183
7367
7350
4733
2555
4506
6906
728
4563
8278
6743
5439
3891
9369
36
7194
2361
8940
7664
8995
9043
8784
849
8090
1616
2092
4428
2487
5932
5892
4323
4904
8388
6145
6308
9341
8840
8423
2210
3869
9826
4665
2356
8402
24
5914
7120
5654
1529
1488
142
945
9594
3707
8215
541
7547
6153
1622
3959
1966
9472
6993
9200
335
3099
59
490
7178
9745
6704
3385
5272
4380
7464
6173
7208
6114
4460
1916
3117
34
5403
2707
5512
9176
9268
3269
6547
9884
8700
220
9735
3686
5332
8038
4576
6864
3560
1818
2907
7280
6286
1606
3901
4221
5652
9775
1408
4094
2307
8588
9392
9499
5376
2779
3912
429
4239
2657
2226
6654
3718
2209
5599
537
9978
8831
1245
404
133
1339
4426
699
7467
2411
1976
2539
3956
2298
1114
3745
8876
7664
4585
2798
9479
4914
6176
6776
197
6760
8137
8732
8067
7982
2537
2006
1379
4770
7871
3342
2185
8827
3340
3203
5034
8559
6465
9690
5198
9482
4291
116
4821
9195
2681
8923
3581
9638
1324
2528
7121
184
7980
7666
2443
3978
9662
4942
4894
2327
1378
4157
9181
8803
5497
628
8326
5114
2947
2007
5644
575
3780
365
8121
7559
9059
9184
6632
4951
5434
6832
6190
721
8760
8615
3222
4870
3210
611
3034
5717
4818
6193
6262
6209
9525
1457
5923
4979
1094
9015
6663
6546
4575
7099
185
5615
3583
2421
3052
5328
6853
4830
497
65
4053
8799
3302
3765
840
5985
2981
5920
2790
4111
4275
836
433
3766
9448
5288
9017
4114
1704
9086
3797
2300
7620
628
6446
2601
2720
3081
4730
7211
1154
2613
9660
2490
681
985
5328
3389
4399
9254
4777
2564
9437
8121
7039
6265
1612
2734
1028
3812
8867
8038
5146
1020
8381
4391
5491
1687
9949
9599
5489
8422
1079
8350
3609
682
6749
6932
6333
9779
8314
6342
312
4241
3349
3439
9215
6256
8617
2911
8429
7263
6132
6446
2373
7254
5170
4637
1018
4362
7410
7870
6879
6964
1003
2237
5374
7829
2400
8729
9949
1215
5245
6936
9416
2805
1041
9093
3133
6939
2564
192
563
2210
7995
7712
8807
6941
41
6389
7316
7516
4787
2289
1977
6480
8977
2418
8372
6418
606
1504
23
4880
7005
7756
3853
5682
2041
2143
4803
630
888
8441
9458
4443
8442
3022
2747
7866
4172
931
6448
5780
874
252
9248
7856
6286
204
7503
5431
4231
293
3576
7312
5678
4084
2569
182
2068
9675
1563
8097
2107
9108
5741
9954
3749
8735
8398
9354
3035
3146
5573
1304
3507
4717
5733
1046
6855
445
5209
8242
3979
1335
4824
745
6249
7531
3214
5286
6723
2831
1343
2287
7539
6476
7644
8502
3195
2520
6850
3560
949
8043
1784
2756
5587
9609
2550
2139
4145
8927
6259
8072
3156
4485
6481
7740
9582
9161
509
941
5256
4028
8868
3423
6165
296
4950
8283
9607
2043
3679
8691
7873
8831
4732
4318
8432
3042
4093
1741
1539
5999
9464
3443
3644
1862
6476
7630
9564
1364
1183
6189
3715
7176
8001
9506
3361
9250
9197
7288
6234
9250
1836
7500
5601
4671
4096
8147
9074
7048
8479
4360
9636
6634
8693
7451
4958
3429
1970
2295
8491
7245
7353
9548
1854
30
3163
5094
5951
8132
6729
6322
9777
3022
9081
1379
6675
1063
3261
5248
5958
9370
8010
1751
3963
3059
2334
3384
337
2487
3523
1106
9802
4021
4388
3486
4679
2676
5312
6480
6387
2674
7439
3389
263
5255
1207
806
6958
3576
2080
8736
3334
5938
2468
5695
3739
9648
1039
5218
2245
189
240
1034
8480
6520
2964
5880
2487
7664
2776
1493
5321
4941
1673
2913
236
2237
6636
310
9344
7894
1609
3431
4049
8560
9769
3659
1074
6640
2340
3389
5922
1537
8224
6414
435
6842
5100
7674
8719
7291
867
7277
5978
5873
2260
8476
283
8865
8969
4539
3714
2180
5833
5732
8374
7561
3693
1291
2299
363
893
8614
8164
4664
8432
7559
5839
6214
5973
175
4720
9917
4766
2685
588
3630
4190
9812
6476
1328
4008
431
8598
6766
618
5607
2310
2214
2638
5142
5483
2281
1402
7806
9406
4177
1000
99
9345
1927
4964
4291
4904
7116
1713
747
1771
1181
7340
3332
9967
8952
2630
2059
4347
4093
9655
435
7177
2446
5454
6969
9579
3480
854
2805
3131
7272
8959
3167
2673
5459
2479
5763
6805
5115
686
2081
6006
771
9941
6388
2178
1358
2391
518
94
704
7130
5195
5018
4683
3045
6677
9746
3790
8683
5934
4389
3928
544
1992
4078
4601
6006
3398
1980
4970
2416
9453
2542
2892
5156
5073
4220
1109
5480
5465
5379
5251
6297
7118
532
3133
5977
526
4828
5274
995
7308
1418
1958
3508
915
6526
2022
8276
7977
3941
2288
7457
9543
5459
6869
7322
4688
9324
2669
9576
2715
3496
4385
4781
4585
2494
2609
8934
8532
5228
1936
4295
4211
4279
7197
5395
7637
1672
5240
9910
3170
5360
5688
3502
1693
4366
3294
3404
3225
6842
4276
383
1400
8411
8321
2127
6826
5952
477
8003
6571
3456
6957
6957
704
8679
9078
5318
2152
8862
5632
4678
3430
9648
2716
6025
2259
2402
3902
8848
693
7664
9274
9144
3517
8150
7966
7226
3618
4412
5385
4821
9261
329
1411
4435
6093
2635
6082
8512
1069
1536
5179
8230
1761
3961
7094
5565
1222
7115
5380
1304
7223
2300
4552
2347
1960
4935
1210
5337
5281
8048
6701
8795
1783
4398
9989
54
7848
2497
9724
6076
8211
8648
5408
5205
2371
9664
9249
7770
5467
753
5876
8179
8080
9289
6339
4322
7269
8610
9194
9727
9507
9312
5485
9356
9820
149
7142
5377
4466
8661
2117
4887
1689
3991
7745
6128
603
6398
9754
2737
3741
8151
6506
3147
2207
7353
7859
2026
8121
2076
7010
2412
4819
7165
906
8936
8444
6823
3390
898
3794
4362
8879
8979
6148
39
813
2702
5596
5682
228
786
8873
5636
9242
1222
1854
3638
8021
2718
1609
1096
2775
3174
2947
6611
4470
667
193
6011
3629
2569
4468
427
9870
1658
1011
4433
718
6543
6557
199
5061
1769
5321
6444
6639
8549
5228
6773
5624
664
3024
6605
5389
5029
4670
5282
6585
9460
1005
1962
3519
5553
7050
2598
5785
9581
1224
5170
1960
2647
9680
5289
1675
7083
1336
8224
2666
3431
3404
2861
6759
1473
175
4564
1686
1706
1988
6898
4609
8888
5371
660
2048
1167
7196
6409
3061
2840
3489
1089
6066
4720
4425
6123
4200
9454
8601
5483
3313
7304
5495
7853
5575
5971
9861
8313
3326
7325
3177
8614
8998
1947
401
5861
5341
4699
623
8295
1567
8072
5013
9473
7692
1561
9429
1253
3599
6496
2246
2526
6140
6966
8093
9706
2981
7531
8329
1633
6263
8609
3682
6835
427
4955
6448
3324
5631
2256
2249
2160
8943
2833
6142
1050
3200
3168
391
7667
7538
412
8337
5018
5420
3586
9802
5335
8214
4696
8613
6398
454
9346
3046
4812
6082
9602
2990
3077
6160
2659
9735
4279
9882
4582
3941
3171
3517
7945
2318
9076
7722
6260
8075
3107
7308
870
1114
4
2013
3590
2428
8851
3715
8907
6095
4987
2697
6014
2639
6212
2313
2600
9620
9983
8892
1430
4918
9319
7911
658
1658
7762
704
2643
9973
6341
2116
8431
9888
7783
7900
873
3648
462
9005
9344
682
7926
9263
8154
5667
728
5021
7363
2080
8676
2178
165
1341
7880
2047
6230
4894
2337
5078
8867
1394
77
863
1666
7432
8177
1418
4405
2654
3167
5336
788
2323
5929
9702
255
1077
7205
7732
1644
386
1140
5161
1282
367
9311
3262
1129
2264
7983
9510
852
4909
4825
3162
9478
7579
7486
618
4438
3339
4523
6787
4851
2235
4316
1998
9807
9260
1395
5143
3327
4239
7831
9624
8142
2032
7329
6986
5334
5359
7355
7697
4530
6618
4939
4075
4845
3705
522
1860
6703
3077
8241
2065
2155
4366
3707
3102
8938
1716
1380
3922
6802
9380
1565
8578
9455
3211
2181
886
6642
7179
5537
2593
8049
6182
738
9701
1080
2436
2366
2684
5015
7443
8305
7911
3114
3725
7331
1889
751
765
2716
5697
3986
8484
7501
7082
9558
6758
4240
5952
3409
4997
7745
159
1413
1403
8459
661
3087
5845
8338
8906
6277
544
6959
6734
8101
3705
5148
5229
9874
1079
1832
7854
5437
3007
8033
1868
6770
8718
6532
4259
4428
5745
5351
5034
5991
6114
8333
3810
8498
1357
9829
8805
6579
1688
962
1816
7198
3130
5590
9501
5339
4365
7907
7115
7556
1074
1314
2670
4801
9135
756
6823
4024
472
1966
7321
5715
3692
1553
3424
6445
8053
2007
7846
6030
263
8030
4594
1411
7544
448
1003
2891
6372
7251
7752
427
50
4670
7624
5396
1998
9052
1299
3278
6062
7853
4952
5988
6461
3789
6892
5144
2272
7896
502
448
7520
4730
2696
7718
1306
37
6529
3880
8133
2991
5247
164
6668
4836
9344
355
6134
7705
3444
1703
6044
237
1921
608
4972
7604
7839
3453
6437
4910
6283
9685
9160
2960
2683
1336
8089
940
6023
4100
8445
4608
5594
9259
1342
1987
2422
562
4734
2912
4748
3479
9723
8183
2100
648
8423
9827
5285
4396
4025
3508
1282
3898
649
1044
9320
9735
8027
8261
5398
9195
3755
6521
9038
7240
6350
3247
1596
7545
2655
564
7512
477
2996
9218
9423
782
1790
987
4982
5259
7245
8296
6581
5872
3841
8692
2724
4377
8508
7306
7179
9511
3524
2772
4717
1416
5051
2103
6094
1039
4443
6028
3990
3999
6991
3680
9480
220
8843
4959
1024
2879
2954
4441
4270
791
7
3386
7848
8441
8954
264
3481
7280
9265
8676
3898
1110
8648
5691
8323
3751
5963
16
6658
7054
3140
6551
4823
2676
5043
8594
5902
7530
2863
4415
9246
8391
3151
126
4956
9108
2996
1311
8880
2738
1712
9657
6284
2488
5551
3823
1376
4801
8834
5518
7802
4785
242
218
6412
6707
501
2057
4564
996
3560
9495
7104
9392
3915
2611
8252
5266
4046
2483
1401
991
6406
5961
5421
7930
4113
5823
3488
362
7390
6614
9213
1746
3782
3669
381
2481
209
2309
4268
5883
9250
587
6169
8493
6932
1960
245
9836
3025
6375
9201
3076
9517
1389
4005
6020
4242
2321
2393
6630
4277
4655
636
5253
2516
7321
7766
9428
9608
5221
6849
658
7462
3785
4596
2209
3512
7426
4774
6441
2149
9104
6961
419
7322
2666
8290
8156
1876
9048
8199
2684
1735
2650
6237
9255
7278
3783
1128
7157
1091
9748
4697
6484
9572
4710
1628
3280
7789
2000
2611
6457
8705
3778
6902
9253
4905
5484
1897
3685
6561
6084
6678
5073
2532
5456
2991
1618
7584
3714
2571
5167
3738
2318
4401
3451
6949
2882
8083
9345
5527
8417
3633
6229
8627
2134
7407
22
9536
5856
7632
599
6594
6516
3733
6041
7661
3924
5500
8821
3112
7076
226
8984
7677
2775
2520
5444
2424
3796
4741
350
3801
5891
1056
4669
2661
4023
6787
6214
6433
5556
8220
7396
3085
2639
2868
9252
6845
5925
9569
5095
1383
3214
6135
6108
9590
1047
2183
2318
5794
3140
2556
5964
3843
6665
5353
7856
5487
9817
8888
301
1858
8126
7123
518
6321
8402
1250
4381
9482
9242
5888
8959
8754
2071
5767
2122
7005
5363
3405
5965
993
6599
9175
4909
4755
7537
7633
1360
6929
8570
7513
8580
2769
2130
3522
2369
495
2052
7183
8204
6310
268
9363
6860
8112
1079
2601
782
9060
7525
9479
516
5693
6063
1546
6948
6733
6464
2194
4877
6626
1187
3188
4140
3315
3386
1135
4980
1302
784
5609
5576
434
9822
2170
5230
2531
4266
2754
7442
5484
4989
7084
8020
4174
9771
6891
9384
4062
7792
4808
7198
9210
929
2991
4554
6290
3382
4285
5277
814
4011
3498
4805
9074
9015
6179
3370
8798
2282
2605
1203
462
3150
8802
7761
6287
4168
5045
6221
292
9991
4423
7143
2433
519
4809
2438
6689
8818
8889
7561
1565
7622
5868
4500
8410
4319
9117
2611
6344
8307
6446
5643
550
1288
6183
9964
8101
4957
7064
9230
3693
4594
5334
3320
1063
1830
4153
1759
8134
9916
182
7600
4743
9459
106
4821
4335
1101
2684
8947
3436
7559
3969
3030
2715
295
8894
4724
806
7210
444
7454
6463
817
123
5041
562
5330
3243
1238
6654
6202
52
3424
9680
2104
3567
3867
8454
1113
6560
7214
1934
7915
6711
9199
5357
7729
739
5329
1217
2071
5367
3343
7392
2449
7808
4204
9692
34
7979
5599
2594
6296
8009
8241
6441
3726
4752
3216
8422
3701
6971
1893
5086
6728
6480
6658
8950
477
8093
1549
1632
1441
1228
2600
3016
941
7511
6759
1328
7387
9264
3404
2523
1506
2272
61
3882
991
3508
3349
4024
8874
5879
9457
3880
2006
81
1520
9654
3662
7816
7319
5519
5595
8932
2233
7991
6010
2591
8813
104
6722
6386
1150
8209
5022
1820
2917
9230
21
6947
8733
5498
9855
2655
4700
8575
4445
4950
255
7816
2426
4965
479
3570
7698
1884
1804
284
1934
8702
9144
7697
4660
78
6545
8756
663
2311
5822
8956
8339
3337
5954
7619
4899
3196
7075
6654
7002
5900
2856
2089
6273
2080
3233
3497
3910
1178
6570
9826
2952
244
5851
5021
8162
3385
1794
2960
9369
9230
5479
8507
2283
6949
3086
1267
7512
7300
956
2783
9565
46
6394
9961
4202
370
6247
5453
1966
4220
1150
8253
8019
9650
6260
6718
7865
9061
1806
8504
6284
711
7213
6492
4314
5119
25
2335
1203
6143
153
7341
3745
8162
8664
299
6584
6195
3985
3845
7958
1227
4070
1592
3090
2986
9367
8907
6648
1088
5581
9302
7142
6017
1765
6157
4216
7281
9493
1296
3190
654
4762
4309
9104
8971
5883
1720
5733
2553
4741
535
7410
8311
8105
6693
5914
1542
4711
304
5303
5886
3600
1741
1071
2631
1372
1305
9690
3618
7988
6943
8907
6272
7024
4552
2675
6124
8398
3501
7969
6934
338
7602
1369
6363
1988
4801
9949
5503
2706
2346
8711
6081
4655
5412
6892
6383
1714
5833
2922
6189
1078
5525
8145
8607
3179
6884
6232
258
7276
7629
4884
5263
2607
7812
2064
5947
2153
7275
3953
4693
7228
3783
192
8126
2924
8008
566
2800
2072
9813
3379
6006
5473
2992
1963
3953
1677
7191
7872
4269
5740
9132
4013
1635
2705
4658
9912
8568
8460
1105
8023
7706
166
8434
17
4638
816
9435
9306
6245
2423
7088
2404
1518
1780
2122
6500
3803
5359
7413
7683
5233
9402
4406
787
9959
6702
5861
9003
6034
7350
3416
7979
731
1383
7985
2619
5835
8892
6935
2097
4495
8751
3595
5057
4101
1363
2763
5482
7391
440
7839
8282
6374
3430
9397
4653
3498
8174
9103
4503
4607
2639
9449
9876
4239
2242
1629
3280
1461
5744
4678
36
6895
4221
7775
7989
6552
7631
120
3783
896
3694
1932
964
437
8505
1602
2790
4717
9743
2296
7974
420
5844
7938
6005
2540
5037
4912
9765
786
7594
8602
8331
1605
9637
5382
8232
2773
7698
326
262
1998
687
214
959
3101
4798
5025
6924
7269
1612
2854
9360
189
5233
1028
1033
6447
3898
1257
5036
4108
7353
1486
9215
5411
6604
548
115
3100
3208
5146
5838
9025
3736
3011
1471
9887
5237
1107
9323
7738
51
1565
6372
8499
2805
3700
1725
7230
1100
4274
5475
9747
7580
9594
2258
3148
1560
3406
3663
7156
524
1872
7157
2281
972
8595
997
8937
8882
3117
9799
5323
1380
9135
4216
4005
509
4061
9454
1599
1110
6406
6442
7779
6057
4810
3506
8594
3009
2892
5304
6537
25
9686
255
6795
8230
9102
1573
8284
4169
1766
2392
3375
8484
3102
6399
2256
5472
7305
9971
6878
9027
8378
7602
5029
18
6254
8364
307
709
2939
52
1340
5329
1226
3979
5173
2616
1343
2908
8497
9584
3274
979
460
8075
1646
5359
6365
8135
9537
1212
8307
3596
228
9245
8951
9824
8967
4310
8351
1215
6506
2325
9688
3209
8523
3981
7115
991
5895
3771
9317
7902
1762
2986
8013
4234
937
5760
6400
978
522
7855
5448
8277
5791
8375
1706
2881
3103
4747
5978
4820
8765
1420
7946
774
4141
2237
7458
632
7428
7674
1087
5246
6241
4103
3294
1038
1992
4957
7174
8060
8375
7598
212
1648
5618
2126
3612
6996
2321
7952
9591
4160
6032
6615
5496
8092
4036
7119
9302
8552
6456
7402
2829
1048
5606
7440
2649
3630
5290
8779
7870
6178
6362
4176
3993
2692
678
4617
5790
3983
1630
8746
3103
9974
5429
2261
1800
9668
1434
6921
3566
6098
4421
164
1461
9677
7150
1590
2676
9961
3319
8153
3788
4225
4782
6
604
3323
7148
1132
4279
6375
4418
2598
7978
3790
9229
9827
3274
4510
1357
7094
5219
8014
3376
4181
7076
8793
7315
8896
5380
391
4555
4213
2024
9430
9716
9765
5209
4737
7258
486
3835
3874
6851
1430
5008
5161
5748
8875
7695
7157
5654
367
3786
1554
8980
145
9934
8283
7553
2635
1783
114
1702
7921
9778
225
2629
9409
5327
8897
699
9970
2197
1339
8804
800
3363
12
8584
5044
2165
8362
7618
1150
587
9475
1280
5688
5611
1171
8184
6535
8451
5219
5032
6082
9250
9639
9474
1371
8916
2268
9941
1653
3472
167
6385
5602
9274
9863
8178
5312
6948
4079
3425
9654
4434
2069
4039
491
3932
4625
2110
3168
6162
4733
2650
1876
3578
1166
1180
8876
9770
9932
8272
8078
6218
5969
3607
2976
7256
3747
5441
2938
3445
5689
6324
6056
4569
8335
3441
1795
5076
6085
7595
8908
8878
8939
26
3860
6705
4074
6277
7528
7913
5136
8571
2504
9065
2806
4629
3166
9374
7834
6633
9165
6459
5936
1328
8110
8952
8266
6928
9490
5714
2090
9835
413
5875
1547
2788
5834
1712
8024
2263
8585
976
8692
1078
1697
1549
2625
7232
3402
7051
6174
2402
374
7933
5530
5810
1908
6057
8532
8244
19
2880
1205
3169
795
3682
2374
1955
421
8308
8206
687
3240
4244
4833
1443
7436
6710
774
2630
1835
4082
3891
7051
1473
5552
7045
7447
6658
8355
3441
7357
924
1562
3330
2085
4700
7490
2291
2407
1416
4558
292
2040
2793
2259
1164
9306
1153
9426
3032
6574
2897
2194
3075
8245
2103
667
8467
7558
1031
5626
379
1845
8405
7365
8863
9191
6252
3400
5520
5908
3530
6758
650
1724
3475
3761
3477
5571
7776
4916
8145
8313
5379
3062
59
7501
4886
8991
1888
2793
4527
5211
8947
6322
6083
3460
9559
5661
1657
2274
3684
8434
902
5628
4800
552
906
858
5181
760
2728
4564
6136
8250
4533
4455
6454
4796
1744
8030
9762
5963
4158
518
9834
169
7772
9942
8169
725
5755
198
6644
4134
6165
5911
4291
9506
8632
5777
7406
7847
3362
6158
6841
5550
1124
7579
8417
6049
9609
373
5803
982
6650
6461
536
4877
9389
9068
278
7362
69
3717
4075
441
3537
4948
2321
2698
6308
182
6323
4582
8307
9291
8414
6019
3438
6979
9675
5794
4771
9549
781
3770
8045
1066
3981
4449
6452
6058
8100
6495
1621
1665
663
7217
1958
8835
3608
2486
2513
2655
3796
1357
3918
1515
1888
1515
5731
8463
1198
4814
2369
3842
2955
1523
8328
9772
6109
672
4369
9452
3864
8943
6434
3359
8875
8071
8013
7047
5600
152
1899
1913
5248
5924
3300
7044
3021
9639
4883
4841
1455
7717
4527
559
4502
7370
6607
139
5827
3518
5414
8110
2498
6962
116
4971
610
7273
1564
9397
8172
6129
8060
7095
5041
1556
9854
921
9712
1793
8750
768
2832
3886
3136
6692
3069
7128
1834
6078
1266
680
7402
8261
9671
882
2044
4356
9577
3096
4822
7216
6747
1554
216
3799
4381
474
7074
6786
1957
3085
8545
8556
3876
9955
4928
2127
9320
8793
7236
8263
5824
2217
3805
8793
7621
6413
1910
5122
6807
8841
7311
9530
755
9366
9794
9848
3001
2310
9176
8029
2611
6946
9183
949
4523
917
4887
7133
700
3043
1870
7792
6271
5360
2401
6580
4166
3887
6742
1256
1566
2379
2688
8705
9734
7305
4000
4134
7619
9913
1668
6219
6525
5773
8965
2263
338
2748
9352
844
602
3380
2732
5447
7470
8152
6439
4805
9009
8658
1816
987
1219
2866
5111
6354
3714
8808
7185
5204
4171
1280
1159
1827
1504
6835
6666
5986
6568
9496
6378
5586
7503
5142
8217
2140
6058
7431
8516
8150
9566
6112
1538
4368
1265
7555
132
9774
8066
4789
9208
5582
9399
5651
3020
3323
1870
6822
611
9102
7530
4985
1548
1124
3681
2054
3665
4432
4358
3557
8550
6237
1916
6247
538
3266
8481
6297
1980
2325
7382
4910
2619
6839
4719
3080
8799
9622
4361
9552
410
4514
5813
9542
4272
585
5460
1641
3565
9092
650
3152
9784
268
5013
8625
6833
8735
565
7208
2697
6425
161
8137
6870
5714
5697
327
7303
8770
1382
5495
9111
4369
9419
9774
4231
4704
970
5038
2682
6469
2333
1757
4073
7907
7374
5879
1527
6055
8390
8950
1912
7893
7754
3310
814
2511
3290
5965
1701
6292
9746
6538
1164
9901
5607
4374
1453
360
8357
1980
4862
7068
3292
5558
6279
1377
4929
2839
4245
6137
5268
505
5300
7083
6232
570
5878
7947
5464
249
6114
7190
7289
4153
794
6425
6856
3030
6038
1652
2576
5431
4488
1699
6820
6154
1688
4288
1851
4736
3528
4028
4061
3895
5772
861
7245
205
6005
5442
6317
519
4568
2300
1292
9137
7791
5843
1952
9231
2030
1617
4724
1411
4533
7988
4830
9697
4553
5927
5722
4178
7204
4855
7138
5414
758
9790
6040
4952
9811
4452
3501
2940
431
6190
1107
8417
1039
6975
5516
6161
8832
654
7869
38
4112
2551
8946
1160
4976
4793
425
5108
5058
6874
5195
1945
50
8250
6332
1306
3726
8228
4217
299
2460
1583
8357
9765
1607
232
7920
2314
8867
5077
1186
8595
8952
604
4220
5076
3759
2750
3358
3969
5150
4043
7889
3133
4003
840
4981
599
7360
6813
6859
4036
3426
8918
4504
5662
3017
1695
4711
5960
7529
6065
4811
5320
1357
8580
4159
7220
7671
6842
900
8349
4580
8351
704
2330
3870
124
363
5926
366
266
8571
7083
1667
6184
1803
1910
573
8375
9015
5666
2541
6629
1440
9386
8356
8428
7363
6942
4282
8056
4519
9158
3341
4285
8858
3940
9824
2763
7379
5693
4175
2889
90
5120
6806
9133
4225
4380
4184
4459
2961
8078
4526
7411
7559
2689
7757
665
7557
5191
5108
8264
4619
1875
8937
3604
2774
5317
5372
1733
402
903
2579
5608
5941
6540
2584
184
191
6265
4431
5571
8385
5427
9652
4164
4074
5731
3458
8610
1571
2682
3582
5678
2887
1317
5177
8014
7366
8727
6790
5337
3871
5901
9839
3011
342
1917
2829
881
4251
308
3209
1930
3926
874
3990
7227
3423
9996
2333
9798
8052
2672
5017
9571
4527
2330
2734
9001
3444
3678
3190
223
3993
4963
1309
9612
1101
4771
1382
375
6344
6275
2856
3203
4547
3509
7843
5852
4991
6576
893
2235
5199
5476
4035
9271
4760
9239
3378
7695
7693
7743
2115
4868
7074
1820
5265
2884
245
2915
7761
1195
497
9743
6192
660
110
6511
7075
4516
4429
9705
9335
2072
4484
9165
1344
8741
9940
7046
7565
1838
1036
341
3109
9153
5221
3446
8316
7583
6384
3191
8924
5729
8011
9800
3465
8942
5812
3885
8056
7767
1775
2302
7458
3982
9728
3582
5888
5443
7706
1903
7270
4941
9302
7664
3207
3902
1343
3631
8867
5837
2720
4687
2030
7400
7944
3302
4377
5640
7493
7184
7008
8629
1899
5916
9541
3515
4250
8456
6342
9528
7492
662
7436
4628
9619
73
5590
4412
8349
7126
9405
7458
967
2194
2721
7797
9968
4382
2342
9969
5643
3485
5589
6623
76
598
6357
572
8614
9524
6405
3071
650
280
4753
3164
2279
6375
9653
9719
9227
7766
3171
2839
982
4972
7639
3767
4545
8435
1161
8193
1613
2261
3510
3518
1972
1753
5629
7454
1789
9312
4679
5456
5107
4709
8789
1925
4652
5840
3731
7944
8162
9310
167
9251
5748
497
3983
3616
721
773
6009
795
6280
345
4741
9775
3512
9599
6969
2283
6489
5419
3106
2476
9637
4247
6715
646
3180
6088
4489
3756
7276
9183
3359
7629
2053
7200
2275
6442
7060
5568
5851
5313
3492
8455
1833
2404
1481
4010
1088
8559
8005
3397
1568
3670
6906
5024
1460
9083
7975
6034
4233
783
9658
5449
8411
3272
765
8005
5107
572
145
7913
2739
5689
1224
2636
2236
3493
1351
2469
2394
2190
4558
6125
2625
3948
303
5697
1873
4483
4427
1572
1713
5130
6447
8822
9923
5438
149
5954
5927
2476
9421
9824
4128
2015
6506
3027
3239
9659
592
4496
7974
6243
1129
2524
1341
6554
2719
43
4741
1448
5834
8950
8244
1754
4428
2611
7541
7194
3527
7537
5947
3773
2235
7262
2656
4136
1738
2862
4741
1094
5534
2336
8431
4235
3251
6937
6325
880
1764
9410
6721
9200
9370
9822
8351
2951
5540
1421
4333
2576
2065
2286
1045
9216
5694
3203
5188
1474
4189
7902
3233
6269
2640
725
5037
581
592
2104
4283
45
1117
6338
9136
3907
8333
311
9955
5532
4303
1973
4520
8741
9307
1648
506
9612
5629
4886
921
5635
8542
5079
9420
3084
4401
7155
1411
656
499
3292
9441
7497
4626
1691
4845
9398
9304
5416
8017
7460
816
5846
9815
1202
6603
5214
3111
8874
3402
3435
6154
7656
6807
2081
6001
410
1737
9633
4672
676
1850
2361
2828
788
1305
7201
6892
9291
1920
2201
6139
4231
1692
2247
9286
5124
1855
5642
3483
7603
1382
4999
8620
7524
185
2482
9076
1335
8924
7028
3211
8196
5182
6654
3246
8036
3580
5711
823
164
903
6214
5350
3142
3384
6873
5735
7614
9165
7838
8423
5541
1528
609
2674
5171
3628
226
5530
4718
798
4318
3422
861
7889
984
4441
9987
9600
2645
4024
7135
3866
4545
7633
6242
2946
4548
3520
7595
1303
9942
5615
7897
4788
190
4087
5830
6531
8580
326
2107
3549
3525
1975
3160
9355
773
9725
17
3541
9354
1901
1588
2448
1099
7198
2233
3282
7886
3905
9896
1976
4379
2300
2131
1462
9989
6720
7950
4530
2184
8739
3482
7288
3288
4979
6696
7998
8802
7021
5536
1549
8770
3733
9703
2892
8512
8082
7042
5816
3449
840
2692
4100
2310
8419
6003
786
9986
5650
2298
595
3490
4285
509
5314
9371
4248
9482
4578
3109
1377
6293
4619
2930
4790
1558
2056
8048
7342
203
824
2369
6352
3332
9461
3905
5554
1860
9968
4693
9556
5710
1983
790
4229
4375
8875
9575
7804
5629
2156
4819
488
7726
1850
149
6060
9454
7601
360
9381
3567
3603
2631
4785
2328
9618
9419
3991
7420
4477
3968
589
2363
8067
3233
7624
9562
2316
5402
4898
6671
9675
299
9843
3871
5375
3063
9708
3143
4692
4750
4234
5316
1466
6896
6663
2508
851
1848
2425
2305
3083
9288
2986
7602
6614
7424
9875
106
4205
8122
1013
4860
5340
7417
8225
588
5679
3648
6334
6362
1056
8795
9627
7894
8661
3571
1386
3734
9795
9877
5794
6313
7834
7955
2342
6640
6771
6829
5627
5460
3110
7366
5304
2338
6282
8787
9659
8329
677
693
4294
6599
4868
5383
6506
1735
3198
3413
9047
4360
5269
7680
5750
2933
5624
8011
7291
4212
6817
3781
8700
2021
5105
3595
9610
1714
7457
2275
1550
3650
8338
9513
1886
4593
5768
6446
929
9252
8930
5150
1601
4020
6539
4997
8743
3534
1010
4243
1835
4942
4899
9043
359
2669
4899
1016
8809
3585
5813
4253
3439
7095
2577
3098
7369
3882
769
5689
4162
3037
3792
361
5222
8978
7782
8801
938
5200
2720
8084
6433
2002
5106
1884
930
6720
8151
141
2253
3886
2615
4365
6695
2485
20
6500
8682
109
3304
3271
8658
1147
639
8381
9432
6155
8486
4192
3383
329
7742
669
229
4892
7016
2441
5031
9979
6884
780
8122
6093
2625
5117
2744
4665
8456
5845
8388
6686
1413
5803
637
7688
8975
6817
1094
3946
8962
2683
4026
3531
9604
8214
9951
9768
8514
4551
5396
1533
2414
8920
9365
602
7757
9820
6396
6004
5169
5321
4094
7059
6902
396
7972
3084
4044
6810
407
7482
2872
222
4158
5566
6386
4799
3122
6726
997
4096
2959
5898
7150
7723
3645
4205
6530
4342
8805
3500
7943
359
413
8587
6319
7185
4774
5449
8886
2841
8115
2270
6966
7869
9098
5641
4442
9541
8950
1792
4167
8304
4476
3500
1809
9732
5357
2067
7475
7150
3425
1470
4378
898
3243
7761
793
7485
3846
6909
8514
5198
5225
4918
4659
1696
3317
9161
9268
3793
5681
6371
4821
6347
2716
1241
6250
9024
7999
9226
2009
8481
9442
1117
9194
5581
8761
7042
296
5174
7925
9959
5466
3321
3413
2762
1064
2173
2391
3290
2077
2266
9299
1918
2043
1450
1039
8236
4146
3003
5445
4593
2354
8307
880
2579
9786
3948
8384
4624
3102
1042
5722
9322
7477
5968
2705
5827
7619
4365
6806
6425
9260
6214
9207
1041
9558
59
5793
8486
2283
1465
5145
2389
1505
7100
2659
7530
4007
7407
6368
6317
7568
9870
4563
9610
8119
8602
9272
5594
2926
9712
9420
9160
2902
4792
4739
9590
5010
8854
4171
5537
9014
4295
7077
6080
7742
2789
4928
1596
6184
1935
1801
3013
2793
7308
9425
6913
9546
7095
1064
7691
9504
9676
6871
7020
8849
7941
3900
3102
5371
5654
8304
9907
7349
2202
9364
3431
2266
3126
2265
4724
5394
66
8472
3949
5265
1062
1242
4086
3473
7556
7228
8222
2519
6235
962
9982
3736
1656
2451
9465
8714
9745
2165
2687
5537
2911
1222
8778
7637
2148
9558
8731
8788
8281
2306
5547
7040
3455
4180
8395
584
2509
4303
4526
247
7922
4002
9033
2244
4257
6214
1207
1616
9266
4188
6635
7103
7804
8341
6447
5180
5717
685
4373
8751
6343
1928
6052
3595
1991
9595
2856
1837
1075
5174
8564
7023
2196
963
3694
4310
297
4303
9818
6073
3279
9037
2954
2059
1367
7745
3469
1588
5397
9608
3490
5132
2530
4190
7333
8450
6017
9484
3599
9293
9192
6882
8914
6345
3354
7156
7137
3660
225
7662
7044
5730
9305
860
1826
3816
2647
2934
9257
6078
333
619
699
9708
827
9109
897
6962
9814
6589
2516
3003
2263
8567
134
5942
453
9073
4374
7862
2937
7448
6627
7951
1877
6733
2353
5764
9537
5905
1939
8857
2728
3646
2747
475
1926
6085
1060
3732
9704
4007
3333
77
8886
7222
3395
1940
6028
6499
8528
1797
8828
7715
4095
4122
3395
6884
4692
9310
3484
3134
1629
110
3969
1812
3229
5008
6683
1681
2346
1259
1748
4632
7650
5077
5980
8845
7591
7640
3807
436
4432
5821
983
6864
7509
36
2834
338
1011
3163
6503
523
6705
2964
8028
2541
8136
8895
4463
3876
1942
1713
8219
1665
2325
2582
1796
7913
696
7153
4550
9159
3971
7332
8457
3395
7832
5016
4662
9997
7627
8824
722
6542
3855
7498
3932
339
4111
4323
2863
39
8977
4695
6819
9465
9467
1075
1407
8580
6339
3151
1406
8992
7168
3370
859
5166
1850
1134
7704
5250
4393
1002
2317
4853
4278
300
7076
7881
7020
4240
750
6112
3102
7544
3853
6560
8297
7431
4845
523
6412
4708
3964
109
8194
280
7100
8217
9447
3803
8959
2406
8934
5806
3789
5120
4184
303
1210
3001
6917
5088
3241
2618
1474
2214
7550
1066
8534
3793
2377
5434
2033
7187
9158
162
262
8087
1286
681
3953
5582
4197
2684
6541
7034
7482
8050
930
3369
7671
1841
3314
2517
3094
1948
6053
6765
8017
3023
9375
6062
6179
9754
6875
