7639
7653
6957
8836
7894
8850
234
4756
7407
1299
2221
4877
265
1051
2465
3139
7502
985
1448
1303
1429
5148
663
9916
6443
8766
9672
2870
3901
1407
5804
3746
1031
3011
8643
1065
4304
6300
1018
1814
2466
3153
1338
767
2126
3860
4669
214
574
3223
8489
8146
5616
4806
9373
6220
9855
7666
5030
2996
783
6817
2396
1656
2345
1375
3067
3573
6735
294
116
6879
4566
5242
4721
5504
4953
9655
498
1794
4394
5131
4783
7103
4461
3399
5799
392
4166
1112
3157
1496
3245
138
9201
9740
4236
8791
6372
4741
6378
9470
4724
6830
5170
8707
2878
8997
2058
4179
4015
1264
1440
4191
1995
4247
1449
5408
977
2421
3651
9547
8237
3511
4693
5544
2602
5131
8332
5976
1202
2374
4076
8564
2479
3935
7804
197
3571
3225
6900
2647
1406
1605
177
3258
5335
4279
5014
9217
383
2490
1875
354
970
3923
6014
4435
6145
7402
337
5783
8918
8637
7538
2543
412
3525
871
2328
7200
6601
1396
3448
4206
1360
6834
1167
5839
5004
430
1406
6521
7144
3672
3525
4089
482
5699
7619
7548
1113
9187
3711
4237
9769
4389
5657
1952
8594
7380
6671
29
3631
6479
6664
7636
562
1151
2053
7514
2284
4170
1542
2067
115
2854
4481
6662
7831
1631
6934
5902
8221
8530
7047
3529
6202
5971
2496
7940
7335
1397
3656
6587
5394
8439
1877
4240
1677
59
9995
9664
9423
5276
8861
1126
722
2295
7882
5845
8057
3701
2334
4552
8551
5991
8104
298
2214
1733
5458
8354
6532
6673
8646
4673
8999
7008
9217
3618
9496
3257
5541
3578
4432
1342
8949
9982
4853
7643
6424
8988
8458
2334
1575
4751
5891
1537
287
5895
5984
4877
5316
1213
4781
2492
2363
3701
7861
1313
3368
653
4970
4071
3881
659
3805
9345
4378
9125
1365
9192
4374
8460
7430
6250
2707
7068
2630
7362
9323
1090
2856
8594
1357
2680
4671
2270
6394
9880
5690
5997
9799
4570
3235
3270
666
7069
3678
4274
4844
5830
5293
8435
8171
3151
9656
326
1827
7249
5877
8457
485
9202
3739
9375
7208
7535
9038
8297
8300
1604
9733
8362
6552
9646
9825
3416
1057
6647
4845
506
3366
7460
4915
8039
7020
35
992
3253
4143
912
8937
4120
3074
8509
3568
1929
6313
4000
1429
8154
1310
5308
6140
6769
8254
435
21
4608
653
6111
5148
6230
5133
1144
4035
9669
5304
6651
5318
7383
1372
8434
7940
2812
881
6212
8057
9085
9342
8919
630
1004
6764
6304
4574
1565
4672
723
3179
2325
5414
2762
6289
2217
5576
8915
1285
4150
3402
2063
5264
3630
4538
7687
1747
7460
4672
8513
510
6469
1267
986
5751
8160
3759
1664
3378
7340
4593
5990
802
1414
2961
8150
4295
8869
6859
3918
8312
8475
3488
1329
1230
4882
5201
1128
3832
1435
4313
8591
2184
5828
6185
2226
7456
361
5767
9653
307
6636
72
4860
4269
5850
207
2155
734
5542
7319
7381
8162
5648
7412
3768
5850
6060
559
3893
7966
8645
2407
6429
2201
4718
5990
8027
9738
9881
6041
1735
9067
3903
5496
3477
8940
1479
3436
367
5476
4978
8765
8759
4121
7135
5889
505
3613
8438
9003
4182
4848
139
4418
291
6770
5919
1034
1261
9441
3549
512
4266
8266
3567
122
5775
9536
5599
9473
5047
3900
3674
3045
8722
1914
3475
6602
2631
5903
1180
8038
8297
6716
1650
813
4214
620
2632
8797
4374
2138
7413
4198
7030
5650
3094
5992
5598
7122
6370
1892
3627
5637
5294
5966
9553
1299
4827
2035
8146
696
6068
1567
1653
828
9737
5170
9252
6154
2903
7233
2971
2525
3399
5127
5625
3684
7514
4587
6800
538
7984
2541
1809
7746
6826
8347
8909
2080
4937
5715
4774
7116
3117
9552
8675
9327
8885
1156
2882
6908
4075
6101
1051
6503
4460
3346
5936
8336
7345
429
4186
3111
5147
1799
523
4194
961
4470
6229
4780
6122
9190
8382
6791
5199
6530
2345
8495
9835
3376
6323
3483
1144
5575
8233
4598
5377
4264
3045
777
3806
5512
3442
6461
2835
2557
147
5013
9637
9178
5178
980
6591
7993
6782
573
7732
7183
3143
9700
975
2846
1630
95
4128
8160
9207
3904
9967
7109
1145
8043
4775
8609
8234
5360
1607
7164
4857
5424
7471
8220
2397
971
1441
8843
4379
9403
1626
7162
5030
2830
8305
4260
9842
9370
3019
5226
9350
6621
776
9285
3649
5612
1203
8544
5797
6000
4026
5963
3216
5220
2682
5641
3878
3175
4913
9505
1124
9029
1787
2479
9768
4594
3774
4199
494
2004
5413
5764
2567
7125
6764
586
5944
9437
5842
3376
3864
8487
1385
4595
2569
7544
1071
1251
1318
4540
4754
5709
8145
9863
8891
487
9851
1457
7953
2155
3765
9899
7547
3506
4796
4604
7148
2240
1458
3570
7693
7274
7157
1168
460
9737
8098
9501
9584
6736
8748
5362
3645
3325
7682
2796
1461
2086
8194
5286
1587
1478
9750
6270
5862
7274
1823
7332
7981
2148
6680
1487
6682
6973
3649
4420
5820
459
425
7993
839
5512
1743
8752
8499
5001
5451
716
8035
8105
8013
8387
2044
1559
7783
5559
4126
9186
5920
1509
4376
1266
3747
5082
7714
102
7211
6289
9575
6399
3129
4729
6157
8625
9559
8206
6834
6235
8389
4903
2823
6416
7381
2318
9163
5699
4949
1379
4755
4515
9969
7481
3327
1948
5086
5793
1805
7329
37
7078
1933
9498
8810
8043
3798
657
9355
8807
2080
3817
4841
5560
6691
4790
6061
5529
1249
1281
6247
3715
8284
9896
907
4775
2736
6930
4091
1803
9238
7461
4611
1030
199
9382
5076
2303
4639
5418
6432
5951
3307
6870
623
6694
7972
9747
5932
2187
2035
7214
780
2051
2359
5359
8564
8188
3129
1854
2048
8448
315
4706
3879
5896
2330
5957
6972
453
4617
4239
9220
5625
7059
9196
3345
908
697
1163
5853
1399
8884
2614
1164
424
6213
9377
3843
7936
9247
3681
6340
6807
4956
4215
7798
5422
4180
5168
3018
9400
5708
884
6107
6954
6254
8451
8385
1192
7379
2837
625
1808
882
6980
8470
7824
8340
1987
684
356
149
1070
3886
732
979
8202
7570
4963
7055
9302
1351
6963
3093
7541
4859
6810
630
5548
6279
3138
825
5172
8055
2913
6569
5286
9814
6352
1809
929
9473
6843
8619
8557
43
9971
3315
7678
3612
8437
4788
7862
7389
1148
9843
7373
217
7757
1659
2476
8085
5234
5740
9066
6456
4416
7914
6668
7290
481
2696
7935
8484
1828
1247
1616
7989
3339
8732
2686
695
2088
1628
3486
4774
9905
9899
4479
1992
8568
7930
5091
9007
3235
7270
7153
1826
6476
5501
7501
5897
3055
9909
714
5155
7330
7228
3436
7306
5292
4166
2889
3658
9062
7555
2117
9902
1650
6963
9901
7096
5997
8171
2748
5247
1552
6688
9436
5458
9567
2034
4408
9065
3421
4960
2404
6441
2389
5247
496
4062
8384
7881
2421
7124
3981
1260
2958
6088
2071
4863
307
9481
6453
1054
2896
3859
9284
3499
7340
173
6324
6575
4259
9003
3356
4133
9903
1140
646
8016
4534
6915
2813
591
9332
540
5653
1040
3758
223
7461
5414
5865
9770
8431
6832
4602
1083
3781
9446
7916
2782
5079
4420
8847
973
6717
7510
9164
4958
8050
3302
3880
554
5493
977
6130
8798
6111
6020
4803
6475
5938
6667
8151
5956
9083
7908
9705
6348
7250
1530
4883
5689
638
1952
5535
4971
7907
1407
358
8069
3488
6845
7527
7238
2564
90
680
3438
9386
5304
5076
9838
1491
9233
1495
135
9895
5406
9731
2086
909
2743
5643
6310
7824
9227
5685
2435
7277
7146
2172
9645
3676
1214
3230
9352
1426
5978
8252
4685
3426
9517
291
6706
9598
5583
7999
9961
9175
3097
937
4473
9014
8660
9316
1953
5936
1214
4883
1915
5289
6926
1737
3812
1068
8692
5761
7972
7783
9287
3881
6715
8082
8718
994
3208
5177
5842
780
901
5787
8397
3034
8971
6252
7001
8652
5113
2800
8895
6198
1871
7856
6021
3680
8889
5963
4273
7611
7182
5893
2754
2194
9027
9919
99
6224
2670
3097
5554
1364
2119
8052
5989
9208
4139
9194
1455
6130
3216
7651
563
6820
7186
5692
6313
7465
9658
1101
4285
2999
8590
3316
5909
4950
4701
5185
6724
907
7162
23
9356
6388
8985
8143
2168
8232
8649
6357
7974
9700
359
8877
3542
891
1215
6427
4014
133
8666
1044
9856
105
7420
3045
1031
4979
7929
4898
6657
4622
1835
402
9299
556
1323
4806
2895
3630
4503
6066
3761
106
8179
3731
9768
3062
4710
8637
2947
4220
7952
6070
765
6088
7713
7542
614
5175
6346
4383
6771
9879
9675
5304
2736
8872
5085
2082
4669
2345
3952
2353
4468
8365
885
8165
5480
2486
294
9655
7283
8420
9824
2497
1471
3000
3864
161
6109
1292
4722
8081
9043
8591
2730
3375
8023
6235
4532
5843
2258
5210
2100
3407
4661
1669
4142
7074
571
5949
4313
4287
6163
3937
7487
1688
9108
7995
6012
3147
1843
1370
7125
1467
5780
8626
67
9322
8215
8887
7849
1596
9263
8430
1649
9641
7517
502
1236
4130
4663
362
3720
7808
1437
2558
5279
3409
2658
8163
3848
1517
2855
1570
9430
7163
1496
9068
9039
2440
4146
7470
1662
6924
6038
6937
649
5887
2023
1531
9988
8858
9170
7053
6684
8287
9383
9347
5605
3116
7169
189
4288
8764
6861
2872
1315
2905
1130
3404
8554
1071
5504
5606
5836
1530
7338
2935
2972
1630
7824
7546
9036
3834
5569
7504
9225
2688
9290
8644
5987
433
4992
6184
713
1035
116
1022
8092
547
2260
6226
6707
273
4968
3244
6673
3498
5694
6311
5968
2209
1748
2583
621
8597
674
9310
5084
4376
3848
3096
9131
4212
6808
2793
4002
3704
3735
4169
5199
1659
490
2038
2507
7016
4583
7636
7726
5749
830
6065
7164
5966
7303
9930
4892
6855
8693
986
2685
1248
1156
9164
6284
1384
9097
8039
6131
602
9176
1674
1439
1512
7813
8086
1984
9586
6194
141
1677
7208
4868
8293
3411
7613
5280
3738
8075
9330
7629
6925
1091
4759
8039
4076
7266
2962
1972
3020
9814
6711
5248
7942
2794
1799
2014
8279
9951
2492
3119
5904
3488
1997
4038
1002
1723
8050
3649
4013
2141
4641
6131
8122
8316
6404
7066
835
5392
8510
3952
8197
2291
1934
8964
6924
5000
4341
3272
8476
7745
4448
3220
4641
8306
4927
8813
8640
8321
982
6477
9454
1500
8990
6
5124
773
1933
125
4679
5392
1516
8701
4524
7236
8832
3247
3226
5098
370
224
2860
5030
7176
1632
2195
3294
2432
1128
3985
6226
8569
7913
6278
9630
2308
9119
4079
4503
1441
8359
2856
5130
3714
8692
5494
7669
7271
5300
2800
6997
7692
8992
8011
6000
4111
706
8441
4705
6053
1541
4477
6343
219
4663
9116
7474
4787
1362
4019
9138
5103
7090
576
8253
833
9252
2957
1212
4040
9686
2919
7111
3869
154
1236
7559
7273
2208
7570
8398
7194
6138
4325
212
8305
5125
9485
5428
8787
4915
7739
7372
3198
8099
8712
7468
7864
5871
189
6849
5194
2144
3809
6075
5760
8602
7594
6074
1449
9398
3117
4517
1262
8130
9492
2581
4891
5953
4186
2362
6959
4358
2323
2350
9123
7470
2432
5069
8340
812
6626
7726
1809
7522
2733
5794
6666
4022
1764
7184
3878
3952
6961
5598
3074
8107
3187
8297
9117
2662
1326
5640
997
6203
6430
7977
2519
793
479
4608
9470
2476
885
2838
7362
6382
9732
9981
2944
8484
5439
3669
4416
8076
3069
7838
6919
5323
2654
4788
4493
7105
2043
7094
5528
9805
5662
5057
5382
8104
3314
6654
6536
4074
4416
2103
3286
7291
4239
9454
1433
6177
2151
5817
4365
906
6789
479
2613
7635
1731
6757
49
6399
5601
2079
1616
4021
9420
2435
7724
8852
9817
1004
550
2391
2379
1913
377
8289
182
423
1050
9254
9780
7750
8944
3256
4145
9414
4630
8803
1025
3322
5040
801
8675
1891
4837
8226
1095
2894
9949
8169
9108
2917
9855
6424
3567
4062
6236
5129
9865
5425
6268
4222
1007
2587
1032
4057
5097
7
1985
7038
3859
2609
3851
8294
7435
3452
8792
9535
5014
9888
29
8932
3081
3723
9243
3464
205
6739
8057
3936
4776
1459
7924
9705
9853
395
9102
6670
2627
3543
3275
7238
347
9870
4451
3949
3312
6588
3191
766
7791
9018
3160
9383
2475
1274
9318
5545
7313
479
2511
2228
405
6570
4844
7917
3006
7065
6954
7449
6799
813
886
8211
9889
8313
2294
6997
5241
7497
6798
8272
100
4520
7294
1776
6264
7351
4400
5501
4024
7759
5674
6442
6406
3064
5439
2755
1480
230
6041
2605
9393
411
7762
5606
3899
8697
5696
6931
8738
8236
6601
9961
7595
6330
4315
9749
1973
2846
4933
729
6620
6484
8531
8899
8708
9750
7482
9516
4392
6592
9094
4656
9852
3079
1206
3570
6932
6399
7152
7813
4634
1379
8111
9005
9613
3736
7081
5665
6152
1975
9990
4966
1377
5018
3529
6015
6941
811
8916
4917
8336
5228
7360
1421
205
6024
1870
531
4384
4076
9299
9532
8299
3799
3458
7210
8083
9037
3138
6142
1550
8507
7969
5699
196
2184
6710
5896
9574
9962
2096
1879
7852
3960
1273
1437
9721
1191
9801
2620
5438
8126
9475
4098
1700
6190
4860
1947
5296
6783
8025
5487
1321
8374
7883
6927
789
3504
6720
3571
212
3395
2742
3050
8838
7946
3678
4006
2234
8260
937
5477
4650
7583
2027
4137
9102
5381
4822
5398
8658
3009
509
3581
6217
4286
996
1788
3846
2964
1985
1360
8412
8009
8143
4343
8312
1864
4902
1995
4248
6843
9035
9447
6701
4152
1364
9593
864
6060
3281
5771
4369
8987
4
5387
3558
2558
1983
2634
8970
4692
2679
9479
96
1019
9001
1450
8195
7527
3540
6096
7806
9175
7592
8972
872
9989
5931
6124
7717
1629
8312
3999
1747
1298
1227
2277
8663
8203
4100
5722
1285
8583
9279
6601
4569
2264
2602
2132
2269
8209
5917
1347
5740
7312
842
9571
3361
2396
9188
5874
7363
7621
8038
6082
3825
3249
3653
4954
170
9651
1790
5428
9967
9005
654
2154
614
6299
7046
6225
2419
9975
9194
4021
9570
5007
1574
3749
8816
2001
8912
9437
4169
9508
7097
9330
6006
3698
1356
4542
4135
1722
4136
4673
4284
1110
2411
4913
792
8211
474
6185
2795
1863
6807
786
7146
5677
9639
319
1869
6342
3510
7048
7492
3072
3809
8487
1987
1398
2398
6846
9361
2398
2081
9104
8405
6563
6364
7582
6897
4524
6593
2678
1674
1451
5965
6141
7680
1365
8325
5756
7812
4288
8230
9354
5776
5992
6658
6768
9902
4648
2281
8953
1006
2118
159
8502
7937
1632
8674
8656
1529
6762
9963
6525
2825
1407
9079
5794
2842
5146
7192
3209
8031
3186
995
3255
8700
8343
388
7856
6753
4900
4850
4838
1741
1591
2509
1446
1014
8856
2275
1373
2911
2184
4410
4641
9824
1430
3564
4646
4182
353
2775
4609
5149
9013
265
5678
1425
9041
7742
5977
7794
3575
940
3299
122
3144
8711
2438
1098
576
7462
3603
575
2999
9605
1798
6210
5349
7667
2802
849
3739
1567
5124
5513
3429
8289
900
4302
631
3989
9019
35
7004
6046
661
3336
3272
4915
3383
664
5537
9879
1161
2706
3269
1875
2151
5414
7862
4670
9359
4655
8636
1889
9711
8241
8568
9566
6304
6198
3761
2336
8152
2212
5675
5742
6377
4575
3444
4797
6441
2939
8370
8806
482
9097
1111
2077
4505
3374
8513
9439
5801
4413
5724
691
1992
4261
6659
8909
5361
2275
4183
4221
8400
9452
6328
128
9672
5796
6296
5300
6484
7097
4798
7599
3117
1025
4927
9293
9989
416
6379
5453
330
8137
3274
1330
7831
7160
9975
3087
4872
6950
7335
2653
7296
4405
967
4430
8060
4593
1167
1126
3924
2604
223
9116
4868
7235
8102
3188
6593
4737
4612
6818
2314
8181
8684
2612
8651
9292
8263
2139
7272
3925
5457
1427
8670
7235
7704
8135
3742
4378
1330
6670
8151
1757
3038
5441
3059
2173
6641
3740
9821
6750
8328
1785
845
3230
2658
7223
2607
6011
2837
3180
6195
7215
4388
5817
1923
1083
1111
2873
3971
4934
1597
7215
7166
9216
9161
6271
4773
9747
7939
8076
7566
9259
8687
7075
2888
4238
3084
1430
1754
2003
7580
7551
9178
9238
785
6544
1680
8466
1813
6225
2461
17
274
9148
3581
4559
6038
6851
5834
7752
9834
4672
5852
7925
3428
3709
7646
5137
3140
3091
825
4163
7692
4708
5216
5667
4298
2568
5032
6828
6091
1636
7923
7405
7808
2597
1567
3327
5272
2482
8150
3662
7123
1491
8777
236
6806
4653
4181
9073
2779
9923
4086
9740
1162
5206
6287
7915
9650
8729
7063
1345
6823
7414
6814
6517
9227
1519
2823
5847
4163
6251
1976
1575
6263
2564
4596
6335
689
7699
4738
7822
5507
1338
7465
7344
6337
8336
60
1818
1017
7475
3955
6884
3411
6069
553
9046
3835
4617
6596
5630
608
3336
2362
5788
137
1105
744
4120
6119
3849
4503
1997
7471
4699
1424
2654
1216
5703
1825
5011
6313
1258
5969
3563
7229
5847
6440
256
7625
3711
5619
789
4830
4852
7873
5018
5249
6891
4996
2020
3943
6673
7559
5507
2910
2564
4857
7570
8320
8932
1273
6846
2759
3186
2191
5614
7140
9997
4638
8608
6115
4520
3441
3954
8139
3538
6650
83
4229
3847
8741
1294
606
3005
9278
1315
2425
8021
9235
7728
4401
2758
9081
8011
213
9943
8870
1778
6282
6165
5673
4992
6733
8062
7677
2626
3258
7395
560
7483
9189
3979
3726
1270
3054
8285
1249
8275
4455
2582
5354
290
3125
2813
6177
8512
7358
5607
6874
74
3164
8183
7683
779
7956
1301
7818
1686
621
8332
1886
5949
392
6838
3570
8841
5090
6397
7372
1945
1710
590
3993
4843
2077
2463
3893
3774
975
3501
4828
5109
5622
147
5262
787
8000
501
1043
2106
5720
8759
1336
7792
2089
7356
853
915
8648
2575
1939
126
2340
4610
6024
3517
5872
105
480
4355
6417
20
1923
9264
3764
9728
8037
5029
1271
6485
9994
7135
334
3196
9089
1148
4194
847
8446
3190
193
2890
9433
809
3458
8908
669
4760
4128
7157
1149
5883
3842
666
9024
4322
585
3197
1869
5929
7597
7855
6418
8860
9498
1493
2927
5437
9024
64
8522
4561
2542
5797
3158
1691
1496
247
2120
5768
2389
4868
3416
7905
5130
7049
5774
4827
4162
4496
5097
4315
5498
862
7317
9082
831
8142
6802
7717
7549
2013
7388
6268
2391
6527
4511
9987
5985
4104
1162
1231
8420
9724
1221
7642
2315
8183
7560
5616
4868
9118
6334
1900
5053
1411
1160
3216
610
8461
4914
5929
5466
7387
3237
9254
3766
5690
7406
9087
9091
7708
6224
5990
7280
5086
8576
584
9878
3249
2167
12
1064
3632
9384
9447
5384
4804
1349
604
8544
2949
6730
931
8762
3436
816
5267
6090
4899
1270
1824
7002
6924
3100
9266
5931
5596
4105
7052
4876
7644
5781
7431
3975
8980
5547
7673
7505
1846
3975
6270
2457
2758
7503
1771
4374
4701
7419
6172
9274
2938
6510
9513
4969
8344
5684
3865
4536
3072
9833
292
9350
6271
763
2741
6316
8868
7213
1754
193
4208
2778
2248
8997
676
3990
756
8242
7189
9983
4338
9731
5277
151
2362
7370
3676
635
630
8897
9414
6642
3755
7913
90
9114
7114
5916
3005
6254
4392
9134
1992
6870
6673
6429
1141
2998
8085
2635
1496
9318
4410
9186
3561
8173
378
8774
2494
962
9456
3231
4663
9794
4603
9767
9411
6621
6956
3588
2251
4717
7170
7524
3697
1431
9810
4453
7350
6715
6850
3018
5111
8616
4065
3902
2186
7463
914
7930
8852
8781
812
8833
5744
5865
4814
8494
2559
8522
4850
1271
7060
2969
1542
7277
8898
5895
2572
6101
3153
4036
4377
4708
1599
1691
7724
1950
8506
1865
4619
4345
6795
3855
6963
9424
4605
2854
8566
6284
5991
1616
6472
729
979
150
4433
5411
1256
1971
6724
2500
2609
5508
9239
6411
3701
8142
1868
9314
7491
9920
4292
6708
3947
3932
58
1800
9127
5429
9271
3330
3485
4216
9533
8860
7434
4156
2413
5245
6304
717
6013
5454
8513
2180
8300
7773
4325
3008
5938
3541
7906
8819
5372
4473
4512
5065
411
3735
2355
3359
6598
9514
3101
2041
3945
2490
15
279
8380
4837
9069
1035
2628
6072
172
3834
3591
1750
5196
1190
4355
1468
858
5851
333
7554
366
8474
3227
2457
8231
6080
9983
7088
1621
5059
329
9762
2861
7767
6825
5563
5401
2480
9354
7535
5952
613
7700
2489
7568
3256
387
3421
5131
1315
5238
9752
1536
40
281
862
5088
2615
9490
6141
5199
319
7106
2100
4047
3483
522
2620
4199
5809
1794
4414
2943
1941
6858
8095
6926
206
1685
5742
3792
9446
254
7629
1122
7357
23
5385
3541
1798
5293
8981
639
1502
4914
1687
4831
5054
44
8322
192
4687
6787
6134
887
8271
2010
3105
6584
2767
5040
9775
8676
1876
3835
6788
8011
8913
4744
8454
61
4176
9190
2558
1812
6554
5355
9518
7722
9027
8381
490
3541
7237
2811
2702
5952
1265
2654
8440
8078
700
1275
884
7517
8795
2086
6124
7164
4067
7841
9128
7388
5325
3459
5685
1020
8665
4793
9337
4801
9960
5718
2205
8170
6792
990
304
167
5081
2188
4207
5650
7488
6268
6498
753
4697
6764
3044
6309
7082
6926
5806
2146
6596
8364
4008
8377
2037
5890
5236
7272
8438
4580
2365
2488
6771
5421
7572
9414
9152
6217
9559
2290
8506
3678
1483
2945
7883
7097
6242
1386
4993
8702
9553
7505
785
4416
3519
8169
3698
4265
1137
6857
6804
5939
9809
8022
7615
5001
9641
4396
4207
2597
4082
5741
9274
4397
1288
93
4683
9693
2369
2572
6130
5945
7379
5673
3453
7125
7638
4872
2902
4177
1357
2909
6267
549
3107
5887
3161
7889
8830
2106
4590
4281
3550
3672
6398
6035
1731
3813
9639
2164
6221
5539
4073
2521
5593
2942
2129
1934
6688
7655
8835
9004
4708
3491
1114
6916
4229
938
9439
3396
47
4332
2167
7169
8013
1328
6080
9960
8254
9040
9014
6436
9105
695
2898
8710
5688
4382
7781
5911
3767
3539
6515
9145
3386
1722
5518
1208
9164
5286
7300
9382
6514
9778
2182
8527
9634
845
4729
1337
3863
1318
5078
4435
4793
3224
8683
8752
7182
8865
9157
6772
4973
7267
1029
7086
4050
2130
7904
4671
1228
1354
146
658
9718
1676
1782
7827
491
1895
438
9376
9611
6619
4645
5830
8539
3596
233
3983
928
8903
8650
8933
6875
5018
1423
9299
1398
4106
430
6671
5214
1627
5986
2329
1766
9516
3139
2406
4874
6595
291
9009
8524
1279
8416
6056
6290
8873
1886
5022
6773
823
7301
9986
6172
1229
9782
1072
9685
9593
4934
7349
4243
4838
1442
8387
9864
1531
2421
6050
9988
9971
1130
3263
5235
6036
5571
1168
179
3414
3392
9566
7963
7098
8726
2123
8748
8176
9437
2405
4657
7874
8769
4867
6432
8289
1144
5749
4810
7110
2783
6065
4302
6784
5645
9727
9041
4419
4980
6617
5224
6188
7688
9227
2556
3259
3770
5054
2512
9179
9371
6842
9752
5114
9745
4874
8954
2927
9590
1447
2096
5738
5353
9604
5873
3913
1934
9309
9528
6768
4848
6034
4407
9584
4165
3553
7894
2217
9837
8058
9048
378
3595
6627
3726
5730
388
9311
902
2975
9978
2113
1770
7441
6337
3229
430
3842
4131
6410
2441
5500
9471
9197
3940
1672
5086
9930
4703
1569
7285
3020
141
8734
384
6034
5210
2205
5556
2180
7207
7816
242
3447
8839
2410
4205
5396
5742
8961
1824
2979
7616
4923
8100
1573
4249
2591
2243
5426
6887
1497
9981
5006
5754
1268
3311
2108
5017
4120
6203
8319
5048
1028
6568
8301
8172
1571
8810
596
4178
1716
9982
9815
7673
5981
8329
2541
7480
2270
8857
2921
7796
4567
272
3839
6325
3671
3231
8833
5895
2976
7008
733
2375
2735
9950
3680
7856
6896
6358
7495
3124
9238
830
7498
6668
4524
8410
8870
5980
5993
6455
2847
616
5111
2852
6884
4432
4340
2557
800
6851
9912
2296
4083
5762
5453
1225
6923
230
3174
9476
8159
2006
164
4133
8241
4769
9194
6704
5799
7285
4961
9654
7141
4699
9425
3056
2314
8662
5702
3655
6118
1264
7116
519
8322
5646
5845
217
236
1863
18
2617
3434
5605
1177
4699
7945
1308
4993
9038
4428
3266
5726
9023
8797
5473
2394
5633
432
1056
6771
46
7756
1137
3208
1262
5834
6121
4197
8131
5980
2301
4327
1485
9905
3962
8906
8286
1258
182
5379
5285
1491
8933
8348
4006
7302
9266
8095
3179
3891
2560
1363
7024
962
409
3334
7652
4530
5861
5075
9798
9306
672
331
975
6699
4909
3139
9971
9435
8887
64
3854
672
9071
1842
7584
5999
3801
3162
1405
4383
2572
8103
5038
4930
5975
3231
9191
8129
6716
5696
8662
9391
8964
7988
292
3346
6858
5878
3598
3360
8317
6065
1730
8387
1382
7779
1524
9012
1514
6200
4050
1396
6488
8752
9885
3149
931
148
1015
4481
2914
728
3211
675
3190
4734
1826
7489
1064
2806
9427
7765
4109
2891
9768
629
87
172
7075
1174
1143
1564
8808
3758
5253
7196
8828
1158
7622
8759
7814
1645
4260
7462
8230
7955
111
4572
7223
7330
8367
7423
7124
4818
6085
4646
7777
9499
3409
3499
7791
97
7958
758
6636
1114
1842
6289
2964
8805
2406
2350
2089
5105
3629
6352
6997
3067
4023
6269
6697
2328
6436
2841
9536
8383
3503
4176
613
8733
6254
2782
3622
5502
5433
8198
4164
5077
9230
2721
9244
2512
727
1646
3339
159
31
7167
389
6998
2213
3644
7629
4464
4148
4170
6042
306
7306
8893
8306
9422
3080
4468
3945
2274
1816
4607
3661
9238
7396
8657
844
2040
6555
9427
4239
180
1216
4236
5342
429
1012
2865
8492
4029
1201
9065
5116
483
6099
9641
9290
8380
8080
9347
2972
6519
3458
3169
3511
6194
8131
8809
4511
4661
9495
7533
408
1064
4521
433
2893
8124
5799
2866
4725
9706
4318
6771
6971
6357
2803
233
4493
3626
2380
2051
8762
8019
5144
4924
9414
7163
2047
30
2095
111
4664
4906
8180
551
1425
9724
2902
8071
5783
8583
3100
4189
9234
6916
9657
9364
5023
535
4027
350
6452
1560
5179
942
9252
3740
263
2808
7573
4252
9054
1919
3976
7509
2805
6306
9844
9547
6271
2907
1192
5733
3792
6750
6625
2566
990
1297
7183
219
3662
7662
9559
8808
9040
942
4583
8440
2661
6630
7973
3967
2906
3200
8548
3473
3121
4715
1720
2754
4369
8156
7849
5243
7269
3441
6472
418
1852
7643
7375
3983
9728
1156
1238
2133
8064
8936
2935
1855
125
9081
8762
6281
9726
4072
8345
5938
8194
3685
2007
3628
162
5434
7835
2898
3643
5824
3714
5779
6913
8740
3390
7937
4810
5666
8233
885
2480
9191
5362
1259
5662
6321
7330
2683
3759
8283
852
4786
2000
5083
2968
312
9165
1377
8602
1297
502
6822
9172
6257
384
1573
7127
9037
1355
181
5061
7910
5288
2995
3568
6251
2710
2863
8277
8973
5575
1472
7984
1329
6967
7005
7775
6544
7928
3117
1338
9111
6366
7700
3914
3399
2353
9387
3441
3603
9253
7697
3175
756
7263
2969
424
2765
4704
2542
3548
9322
4935
4948
4710
1381
3930
6188
7826
1410
5987
577
9872
8987
1056
6405
1478
5133
6494
5126
2117
9393
6578
7730
5859
7003
603
4570
363
5015
4081
7598
371
7324
1691
561
7475
210
2011
6584
8814
7872
7463
4205
7261
6922
3249
708
5632
4074
4114
2664
606
6755
9036
3268
4381
4079
2570
8714
9973
6244
9912
3440
7226
4342
3976
1637
1682
3274
7571
1742
8474
344
8274
9554
810
856
4964
9033
9731
5044
7478
8697
2487
7572
1522
871
374
9021
7787
9001
4244
5827
3900
1509
2802
1691
8183
3432
4800
3531
8851
3357
1441
8444
4505
3626
1613
2827
8477
272
4191
5289
7388
4042
2516
7476
7854
1567
4735
3231
5273
2663
9307
5670
4993
8904
4056
4342
2489
3836
9035
6667
4934
9958
3699
9794
3798
5386
6214
9268
8080
1839
8737
256
550
7138
4230
2679
7378
9623
5411
9834
9369
852
5607
9304
6110
1878
6763
6326
3244
9397
3300
6590
6216
7014
6798
6843
7904
1796
7517
5431
9524
7232
675
7802
4856
647
974
3804
5509
9454
8534
206
174
7408
6487
1855
1000
7149
7260
5562
5981
8455
6889
9334
2883
8751
1095
1210
3513
9023
480
7385
7469
7094
2118
8552
8708
4499
7908
9032
9034
9914
537
1014
7854
126
9840
9537
9530
5522
6665
7784
819
3250
8741
4639
131
1404
7735
7830
8980
4420
4909
8718
9547
6083
9053
2025
5083
1456
7433
5317
132
3547
8358
434
5396
6251
4127
8452
8951
5404
3139
9840
7786
5470
9454
6952
2986
6590
191
1861
8261
9494
950
2649
4245
102
4622
992
142
8116
8248
3652
7216
8478
5383
3295
9473
8404
612
815
6165
3370
7694
4241
8642
4458
492
8347
5779
7698
8189
9628
240
506
8001
4674
2244
913
7911
3762
7670
525
433
1342
6086
1091
7557
8558
250
4223
9448
4152
2310
2549
5386
8328
194
9918
9802
7702
4885
4817
8606
8100
6
3707
6329
5374
7335
9019
3278
455
141
2054
2066
3077
7909
2354
3141
987
1973
2181
3022
3192
8350
5390
9551
3108
4611
3052
2544
3873
5049
4261
7686
9475
2870
6630
5773
6843
3455
6529
6780
4039
8771
9059
1871
2164
2240
1261
3161
8305
6670
2718
3686
4215
9307
9005
1924
8804
2331
4844
315
9385
4280
8222
2300
6382
9824
5107
9246
7774
4451
7777
6811
1685
6542
395
3399
8983
555
2999
1815
2559
7058
1874
4524
2094
5255
1213
8469
1147
358
8033
8640
700
6526
4272
9940
5365
9407
6821
8640
1082
6810
6265
6571
884
5959
1523
3650
4858
1157
8406
2324
6956
9450
3399
6098
1883
5707
8080
1595
7533
5251
5165
4570
7986
4996
9729
8270
4140
1016
2192
1786
8600
9300
5114
2847
7462
5603
404
9568
2639
6669
6071
5342
2166
7394
7538
5696
3098
8167
6930
3330
1288
2591
4049
7762
4076
3831
9554
8142
9228
8860
4951
1318
9905
6128
2819
4034
456
4023
3748
7900
45
9238
4137
6533
4429
3226
7288
4673
2791
3181
7155
7041
8944
7951
1907
4349
828
4601
1769
3515
18
6803
44
4597
8207
8604
8789
1797
9946
1397
4523
2920
797
5163
4748
896
3118
3513
8667
8279
7069
9365
5430
51
1959
1703
3753
5301
2576
4318
2155
7510
5796
3331
3323
7117
1950
6594
1597
2482
9109
5881
6166
8090
3758
387
9782
1500
2211
5580
6874
8843
8243
6527
8230
8519
9865
4317
6868
8642
4345
9350
4909
8518
3451
566
9635
7465
1897
2193
8579
1169
8712
4564
7481
5022
3033
3845
9228
5540
2281
4763
9116
420
6244
6103
2406
3748
4691
5988
2113
5665
5564
1866
9462
6629
3402
3931
9533
21
773
3711
2343
710
570
9677
7965
1626
9743
3761
6103
5829
71
1660
5420
7815
7762
2336
7823
7570
3665
5190
811
931
9615
3250
6866
5927
3029
6420
3318
9715
6282
1878
2858
7087
9721
4090
8011
6034
1598
3945
7170
4328
7001
3853
2947
8657
8067
6038
139
5498
2659
7876
3231
1076
2053
4795
2917
7625
2567
288
2678
2935
1947
7929
8532
1343
4039
6308
2691
6494
1039
6146
8119
631
6854
2311
6192
9329
1060
7503
1976
8960
1607
6110
8907
4
2502
5886
4011
9066
3196
3408
8591
9986
8165
4436
9219
9398
4653
7
8333
768
6374
1902
7144
9828
7130
6497
9631
794
5734
5169
5310
2123
655
6854
1771
6552
5799
9445
3914
3044
3413
3570
2080
2637
5820
3316
8202
45
3237
7813
28
2000
977
6263
5622
1638
1661
8912
472
3528
8219
1850
5358
4642
9870
5419
4983
5946
485
2784
9079
336
246
4776
9128
9020
1699
9695
3441
2392
8582
8046
1408
9356
9198
2025
8793
7348
3244
4094
2785
5512
7572
1967
4656
6911
1262
2251
8988
4749
1278
5718
5395
2065
8706
2044
50
8318
8554
878
471
1996
4225
950
3780
4109
7138
5838
5621
8021
5936
3386
3331
9338
6128
7431
8650
6489
8027
1213
3009
1742
1506
9851
5056
514
6642
3974
4588
3379
1721
5883
7722
5950
8518
7889
9627
8853
9099
651
1821
3674
4210
7328
9826
3944
457
5028
1985
8611
5617
1192
4946
1734
1661
7777
4870
1342
9411
4895
9317
6251
1444
3279
2412
6641
496
1121
9695
3813
7322
2618
3648
5810
4930
3816
349
9138
8943
5615
528
3131
523
2895
1623
51
8424
5032
1014
1106
4135
7381
852
2701
8035
86
8858
6561
5540
5439
3371
3618
2661
674
105
3583
7778
2802
2579
4257
1570
7994
8290
6615
8790
2678
5847
2611
1906
4052
7309
5677
2760
150
3420
2280
6984
5799
8449
4956
2656
3572
7397
4844
1698
72
8578
2242
2169
5755
9436
8015
2654
5095
72
6644
7521
3100
1671
2441
2329
7217
3122
2869
4130
6344
119
4215
1634
4901
7277
6598
465
3444
1556
7192
58
7503
6732
2037
5775
4265
1393
8256
5773
7495
2733
5488
2926
1586
4949
6515
2787
5566
30
5977
3850
6125
8587
2026
9488
3410
9102
4990
9561
2865
587
8084
1651
5442
9982
8394
9042
8135
6755
1880
9001
6594
6886
1762
5606
8457
8353
2213
8854
1343
7603
4190
8423
7541
4530
2363
1343
9176
7576
4030
2016
9818
3078
3487
1459
2303
4156
3573
3902
5292
1791
2015
4987
4616
1956
943
244
7777
687
7770
4769
4638
50
2817
1345
144
4421
4680
365
2535
4845
2011
5633
6949
270
75
1654
8661
5317
4326
6395
9030
4080
8025
1338
9011
1143
8610
7827
6537
9559
3916
1213
8601
6713
1991
7206
3708
6548
9356
4003
2292
8359
7752
1707
9052
4990
8369
3856
5063
4770
8961
4558
6053
7292
6936
4776
1540
3441
1997
8556
5072
2053
594
8085
6097
3439
5177
6693
7610
7079
7163
7432
8913
4055
4329
1196
4261
499
2962
4725
4856
6485
916
9655
778
2348
2447
1423
2321
3975
9547
8357
6335
4054
7463
7301
9166
3558
902
3247
565
4955
8762
8745
7778
5649
8085
4387
7657
1057
9547
1423
7553
8689
8047
3756
5190
520
1179
9774
2230
7707
2993
7152
4309
9091
8967
2150
3607
6625
1132
6954
3102
5489
7129
8337
5403
9243
4746
2165
9665
2391
2716
8761
7219
986
7377
6975
4950
319
5943
3482
3435
1985
594
169
1268
97
1609
8266
7938
961
6532
6439
6239
4944
5265
1629
4715
6680
1315
744
5288
9147
5795
9965
2451
6702
6115
8407
1056
3656
9415
8971
1949
364
4459
4173
6275
653
8957
4839
1163
2869
9465
60
3393
3743
9490
149
5386
9476
1913
8019
2855
2240
6206
6457
7149
8184
9141
4640
4594
3150
4313
2300
8314
8434
5900
4147
6769
1263
4111
82
8064
233
9109
365
3730
4404
9038
8618
2144
433
2563
223
4143
4251
6035
9662
4472
8835
5945
5618
5461
3499
5562
5599
6643
1940
9586
5383
3978
9348
1475
1122
9136
6447
2736
2097
1429
1772
7053
8817
284
6885
987
7021
3492
6833
1788
4011
1069
754
1420
6009
3670
3944
9992
6993
1783
2210
8904
7055
4079
1606
9158
7644
2728
2408
9122
2379
6885
62
1561
9439
3347
9554
7954
2744
5628
6660
941
7138
4483
8611
4467
9174
9876
2712
1744
4791
8508
4399
4301
6008
1614
1678
1203
1541
1309
3589
8101
4445
8566
3281
6257
6408
6413
8795
6290
1816
6732
3944
9255
3424
6614
149
8948
6633
5331
3618
4630
4137
8845
2464
5486
5115
3889
6509
9908
815
9455
8322
1753
3051
5236
2966
774
8681
4215
4857
6698
2411
9469
2106
8063
2662
9835
313
4524
3302
7881
5669
1303
9516
7742
3340
6114
2949
802
108
1162
6894
3287
113
4331
3934
5659
5628
1758
1341
6961
8203
159
4368
8090
7923
5973
5154
7079
9345
5599
3480
1646
9060
436
742
3715
5709
2253
8006
914
5482
8793
891
1122
6961
3311
4953
3426
2259
2432
4682
4645
5935
7209
6849
7498
2823
7391
2512
341
2444
2320
2606
6907
1007
9070
2190
2579
1634
3406
7923
5593
2911
1926
5416
9254
2073
3936
9189
7672
8556
8212
7994
3309
9856
2156
8172
9233
9909
2869
132
6306
8603
7003
7679
3180
9558
9877
5519
1923
8094
4662
1153
5171
4301
2434
9016
5789
4743
3290
4980
5755
4621
1312
5100
3461
2216
5236
132
1973
55
5688
3797
8326
4212
9467
5538
4073
9335
1998
1402
8158
4503
8228
8886
1080
7036
5392
6666
670
7355
469
3167
8156
114
2491
7748
4120
3607
2382
4493
8898
4217
1357
9538
7592
4243
5696
8213
1090
5239
984
8977
6968
7524
2424
4188
3673
9677
7484
7121
9012
3086
12
767
6915
3572
8606
259
6927
9112
2352
9232
6987
4329
4923
1286
6981
6611
6989
390
1373
7082
4965
9570
2603
5533
5305
7128
2359
8235
8462
8428
7482
3951
3522
5537
8895
920
4165
7786
4295
7617
7298
3779
4735
915
3284
4443
4623
459
4539
3365
2239
4786
8341
221
3223
5648
8419
2448
6160
4282
2
284
800
5316
8218
1706
3142
7056
1829
581
7631
4617
4874
8248
751
8759
8481
6178
1205
9694
2905
2201
726
8163
5369
7297
3519
4632
6702
7903
7600
2063
5510
7716
2367
7084
6830
3928
5168
4555
2179
8187
4851
1427
2758
5857
6588
3004
2321
6377
668
2050
6322
7279
1012
6260
2352
5183
8117
4452
1727
9388
6008
7447
8921
8457
8702
9763
7602
1412
578
7531
5091
6490
5874
9913
6819
8813
9881
1687
5645
569
1484
2869
3343
1636
6788
204
228
2889
1189
7486
5286
3570
7809
9541
4948
3215
6403
3538
8802
770
3531
1033
4548
1523
9498
9441
2199
5816
2298
6629
1025
6176
9224
8603
7468
3793
9969
8777
2599
546
4758
106
3660
7293
1501
2065
2552
8051
4500
1143
9095
9535
2973
9838
2970
4546
9340
430
5944
5111
3545
4443
671
3333
1302
6118
6686
6356
6463
5918
1563
8007
7955
7989
2281
1345
7516
8955
5647
5998
933
3241
3500
7413
5781
2218
7403
8640
5318
4793
8884
8150
195
9043
3525
8512
339
3276
522
5369
5611
9360
3158
9090
5986
7178
512
5733
8030
5005
8086
9696
7570
4435
1534
8682
339
7336
8400
8134
6869
8322
2742
5073
1136
9537
4400
5890
2877
1096
1808
7011
7255
4364
622
3239
5365
7410
8916
902
3239
9137
7967
4345
3529
5456
6713
6013
7532
2360
9153
4820
3290
2541
1726
5018
9359
1193
3384
3616
5705
6180
729
1386
3496
7001
5165
7004
6706
3794
380
7806
1240
9548
7307
5360
9197
7058
6650
1766
600
5812
4174
1738
3657
7988
4111
9859
1452
2875
4126
7300
2199
3642
7745
2573
732
8874
6142
864
1186
1850
5794
1332
7058
2059
8879
1578
2731
91
8234
1775
6635
8538
9808
5842
1848
656
4636
6431
6072
1727
9726
5760
7366
8707
6719
7356
4802
5553
9247
7936
1903
4546
6199
1490
7356
5016
6896
581
3576
8292
8108
2886
9541
8830
2704
2983
4745
4595
4219
597
7996
5903
9662
3470
9230
1994
1656
4455
5341
3849
2525
9630
8918
4295
1650
2707
2705
5323
7455
3755
1637
9416
2966
8793
4133
7246
9611
3349
2952
847
5240
6136
121
372
8489
526
1514
9790
2063
8187
2228
4910
9391
4254
9755
1689
7029
4572
286
2080
8084
285
7652
4325
6217
2810
3266
5596
2484
5556
1016
6710
8390
7062
4709
3366
7171
7225
1644
8517
2446
5807
667
8227
8895
8319
8768
2863
9844
3823
7833
8708
7618
6720
9767
1756
9740
6259
8216
4041
2821
3795
8013
3497
9763
512
1531
7484
4089
8251
570
4187
8318
9266
4187
5203
9330
5564
8871
2018
798
465
9071
5843
1433
730
1843
6888
5663
141
3661
260
4975
9950
9794
2462
2171
2052
9463
7256
4437
9888
4739
5540
1101
7495
4703
3569
6990
4984
2136
2065
2096
1388
6158
9547
9172
921
7946
4500
4810
5589
3310
7244
5041
7764
3680
2959
4619
5744
6589
8715
3040
4749
4115
2694
6876
7342
6244
3513
8783
3930
5352
5684
3788
2354
4702
7700
7269
2447
6999
2256
6267
4424
77
1075
279
3498
8479
8208
6509
9272
2671
4347
7068
4796
7048
2622
1944
789
1564
8327
9992
4462
9189
3424
6829
2236
5774
6385
8180
1328
2034
1747
7780
3758
4317
2570
3056
1291
6467
6441
8421
7514
6952
8525
4838
5541
8086
148
5396
7663
2934
8859
7470
5265
9737
5952
3097
2964
4687
8701
1262
9811
9083
677
1514
1773
7671
501
3228
6091
2767
5491
9196
4830
499
4603
5072
9103
1554
2103
2166
8875
54
8299
2229
6827
9405
4363
8965
9633
2075
1987
7197
6212
7528
9698
7981
8054
4911
267
2946
7553
7754
8514
2779
6880
8037
8803
9530
6297
8585
2760
3093
393
6828
4955
560
8507
5951
3050
2168
4746
5914
7462
7228
1610
7423
6160
1677
6681
3040
3059
7760
2079
2651
8412
6093
9582
1674
6851
9335
2332
8913
6660
7045
6666
7417
4852
1957
5696
5693
6454
7468
1025
4780
1459
9605
6280
4085
8251
2777
8617
4662
4210
9131
7909
2870
7625
7189
1259
4178
6838
6733
2607
286
69
3226
9041
9561
9155
312
5716
1111
2057
3528
6771
5267
7984
1916
6147
4929
4041
9976
2113
9685
8311
6403
3615
3536
1878
8101
5090
1992
2221
5828
1049
548
898
3945
3614
9784
1422
1347
633
7875
3006
9092
892
2159
2373
2730
1067
8818
6107
1557
5572
2866
1420
4865
711
6376
2973
8534
9513
4136
4734
1904
9621
4193
415
4425
3503
4855
1254
7060
6216
2106
7547
8790
4631
5931
7849
2279
6279
2400
8964
4916
3685
3360
6355
1762
8599
5680
6602
3190
7841
4002
7436
6552
9797
1581
9693
1480
4304
5630
6201
7403
3585
8622
190
8817
2462
7252
5266
7711
2033
7378
4741
1173
771
6458
8773
5732
3128
878
3397
2017
67
7550
1338
7729
5789
522
1587
8718
7122
329
3223
1649
3817
7280
177
3761
1283
7728
508
538
54
1105
582
4060
5802
3075
7907
7868
7979
5025
9224
9914
9657
1802
7979
9274
4979
6303
5841
4306
9977
8593
8919
7485
1581
880
2260
9124
9262
9227
5060
1829
6587
698
9047
1226
9391
8312
3322
7269
6008
3083
7140
9868
440
9157
4532
3282
6954
3571
7095
2069
1598
4994
1967
7715
6485
1136
4210
9738
2494
1046
2674
9593
8626
9464
2327
6661
9796
4065
7432
6646
8157
3431
3857
2382
6382
1514
1667
7686
4991
5066
2345
8335
7256
3313
7997
6269
3952
4090
2961
1223
8126
4059
2349
4418
1967
528
518
5036
384
2270
1373
4507
9661
9743
4685
6240
905
6534
8701
945
4049
2225
1281
6859
1172
5018
6685
2823
1708
6805
151
490
2146
5878
5830
5202
4022
4843
4232
7152
853
6432
9276
8463
8574
3458
909
3998
158
7380
9430
8767
9648
4206
2435
6316
5199
7450
8114
5226
6324
6596
464
8793
9961
8252
3526
6314
6890
9072
2349
2564
5688
9061
3265
7211
7919
9757
4053
8791
5325
8275
2563
1614
3238
880
9534
7973
915
8843
9258
8372
4862
9464
2549
2754
6888
8634
9160
6932
1508
9946
1422
147
607
9970
3161
2046
5413
6234
9422
9548
9404
6188
9693
2152
8458
5314
3163
7004
6406
5158
6574
378
6553
8975
2728
6333
9868
7159
6531
1812
9395
4805
4991
2166
5151
4225
4832
4970
8390
9313
4945
696
345
5688
8437
5571
5983
3895
9458
7651
9624
6908
2396
5200
3785
3265
5520
9775
5399
6714
8672
5306
9733
1225
4043
7881
1197
7782
5854
4748
9977
8606
5615
1323
7150
5741
2031
4608
1908
4366
5702
6781
118
4637
82
7819
4
8816
6395
5775
2380
1070
7023
5739
7699
9725
8382
4308
2862
7470
7710
1640
5217
6373
4830
9863
186
5438
8272
3741
9977
2567
8206
1283
481
5972
7145
2190
4776
786
2919
5255
9080
9782
4600
4621
7058
8151
4975
8105
3904
5054
7968
3254
6348
3890
7081
5651
7617
8499
8661
2292
5775
6534
1825
9621
5686
6068
8223
5424
7353
1682
283
8793
3946
4320
1247
7788
2498
4392
5626
9368
8107
314
6848
3313
3795
1857
201
154
5546
8867
8963
932
8419
6699
6520
971
1567
3304
7595
9493
3208
8675
4649
6086
6857
9880
6064
6140
6152
2924
8965
221
2409
2963
8002
9390
4225
7717
7374
6156
6357
7666
2067
7595
8468
5030
8148
2671
1732
8375
8385
4415
8007
1931
890
4213
7385
7426
6663
1964
6528
2802
9178
8466
926
4653
3691
3050
4321
3336
7130
9801
5523
6503
4925
6298
161
6036
6864
3695
4158
3378
243
31
9810
6817
4466
776
8759
8745
846
1702
6369
29
7963
6046
2229
4001
4672
3705
6867
4839
4679
4749
7124
1630
1453
610
4043
4619
251
7503
8303
4283
7932
3447
6606
804
4027
9519
416
8571
1945
6957
9750
6632
1652
4146
5429
5936
5562
1723
8882
8081
153
3428
7305
5520
4769
7381
9764
4212
4581
4589
4031
761
4744
1406
7332
5833
7080
9803
4668
5549
2927
7701
1794
9892
2635
9926
6344
2998
3840
2071
8902
5760
1926
5667
1215
4000
8558
5184
831
8090
4538
2822
7337
8373
9912
7798
899
4863
9534
4320
384
1272
8899
6384
4443
8824
6461
8331
7732
5697
1725
1962
9473
1732
3103
4419
7297
6609
8850
1357
8446
4643
8906
647
544
1783
7748
3454
8118
7553
6747
4328
8689
4498
7802
4747
171
8166
1649
8691
683
3247
6380
9549
6138
2747
9420
7272
7226
929
2259
2758
5246
4232
9477
6507
4033
9260
8124
7409
5878
8545
4768
7386
2519
2417
4835
3120
6434
5954
3087
4301
3739
2855
3555
9280
618
8456
4550
8233
3695
6984
9897
3539
1764
1595
1749
9532
3479
9287
5511
2533
2639
3308
6745
9426
7115
3876
7648
7175
8068
8590
2905
9396
5278
1977
9567
5127
9412
7260
6253
5288
678
3526
1997
2381
7545
6168
5098
2782
7587
6867
5190
6869
5105
1310
4292
9325
8615
8639
1611
2413
9404
2106
9596
8598
6274
203
6141
2571
6595
8834
5754
3486
7894
1718
9767
7328
1340
6870
8993
3006
5011
1931
9025
8272
9948
9934
847
3588
421
9685
7421
5592
3762
972
1527
1662
1060
8857
7320
6372
5194
422
5307
6973
8232
2295
5831
5840
92
5887
7099
6634
3871
5884
6325
6332
9808
6225
5237
4087
6074
1472
877
3338
71
5701
9196
133
3162
5996
9752
2354
4853
810
8478
1295
9948
9112
2451
5601
4934
590
8995
9687
1008
1811
7428
754
167
952
9911
1169
5176
6554
7655
6670
7371
96
300
3031
8127
7014
7128
1290
7065
3895
202
5151
6523
2430
3591
6887
2315
1282
3470
4930
6953
6501
3965
5457
5752
3
1448
331
7381
8686
2336
9542
120
9420
5130
215
906
5409
3817
480
6118
9938
2148
7162
2352
8083
1615
3027
5789
8163
9418
4017
6445
4049
2341
9121
2569
4935
9409
5837
3679
5844
6104
6985
7188
6081
5282
13
4911
4406
1586
9020
7109
8486
1597
5265
5591
4297
4128
5072
1361
1464
9393
5304
4158
7587
7067
6702
4705
6613
4886
5820
6773
8156
1358
3577
3763
8893
6438
8783
1465
824
3924
9170
6505
8485
4547
7946
1026
3818
9653
9828
3493
282
9688
324
5921
8884
6808
1641
437
653
8382
9071
3489
4181
4993
3610
608
6170
3877
9997
7750
5631
7698
2492
2932
5819
2844
4943
4826
7431
4010
4175
9419
6686
1490
4903
5207
9787
4447
54
8935
7038
64
2743
5761
8405
1192
1086
4135
5506
3650
2071
8314
2496
3427
1513
3676
698
2936
4528
8825
3289
6029
151
4117
1182
4381
8899
4035
465
5691
6688
6778
6228
4595
4401
4175
3938
3453
5066
8588
9034
4399
9411
5587
7266
3955
5159
348
4049
749
1845
865
1809
818
505
7252
9196
348
1136
1233
2660
9044
7614
3474
2094
9913
9730
81
1673
5049
6441
6380
1134
83
8027
8187
8051
4914
3377
8156
6360
1859
5913
8899
4867
7104
9770
5538
8927
5960
6116
7773
9731
2229
2015
6800
829
7449
8273
8159
975
316
3218
6865
2109
6516
9593
8755
5714
4094
9190
5935
840
432
2436
8003
3148
7376
8957
8645
787
7141
1716
1554
3818
8381
7041
5065
7718
7841
6389
1257
3674
7522
7727
1685
3317
5658
1113
6912
9201
7344
1031
3448
3704
5563
22
5317
7795
22
8930
9448
1301
536
8125
2421
7164
3965
3361
7590
7277
6021
342
7740
4326
9420
5016
8042
8774
2117
4666
9718
8076
3385
9841
7356
6199
1630
7458
6372
8129
6348
1596
8395
4435
6950
3040
1889
25
2781
3757
7885
5425
5972
855
4858
5875
2202
1574
2734
290
5328
9025
872
6773
6728
3856
3396
2166
5023
8078
4047
9425
9093
5587
4807
7375
3488
8091
7338
8546
6944
7679
4541
4528
9090
1452
4067
6320
3207
3089
2011
4902
6034
6107
562
2888
6351
6009
6699
4666
1180
3084
1554
2072
3
6593
720
4231
4590
4187
349
6052
292
2014
626
6799
9575
8786
2342
2376
9145
8935
3784
2694
6850
5107
5717
1378
892
7998
1502
832
7469
6706
6470
2316
3127
7448
2225
5281
4430
5942
2159
3247
9260
9378
3910
3166
806
8895
8127
6220
3559
373
5666
4738
9795
1418
1352
3360
675
9069
3168
1018
2206
4007
4065
201
7187
6019
8033
3062
302
6089
8018
7633
4114
2645
9832
1573
1359
3298
8518
1896
119
7053
6921
9404
2086
8531
1282
4998
7272
9876
3836
4082
1042
7846
2738
2265
9436
9691
2950
6654
3118
3226
8095
780
6046
7492
6876
5500
8341
4181
3169
5308
1435
8326
7287
324
1553
8410
4188
485
5715
4224
4058
9581
6883
5390
4511
4023
4389
8736
5401
3325
6882
9478
2578
9540
3059
5422
3610
830
6684
9996
1020
8614
4766
4937
4499
2698
3987
4838
1083
356
5823
9045
4391
8737
8782
4808
5555
6196
892
7280
4050
8357
5711
5232
9111
3549
6972
3227
2381
2937
4679
6416
2737
7145
6926
8679
8623
1850
6951
4158
9753
3910
7202
9617
3487
2322
3254
3078
8596
7563
2991
5818
8528
6993
5655
615
4422
9830
3442
7097
5179
4794
229
2443
5396
9696
8733
7705
6184
7455
5015
75
619
3290
5508
5658
2458
4159
8828
325
4848
5731
211
818
5528
4558
6724
1392
6682
7356
453
5838
2482
5789
2823
7703
8135
7115
2845
7696
5825
3686
5112
5328
5825
9000
4965
4242
8908
6276
4035
2090
2005
7192
3214
7398
2166
5533
4397
1103
3158
3459
5076
5055
31
1570
414
1156
3791
7425
9044
6029
7449
6618
1756
2127
8744
1335
7993
9370
4592
5443
9192
1306
4424
4790
7794
4401
5786
6071
8742
3947
2256
1778
2439
9374
734
3015
3603
6812
7253
5565
7658
3965
9727
1284
5537
3177
6711
3749
5251
4170
3799
1928
7387
5542
7779
3903
3749
966
2053
4433
9856
2822
4522
7321
9211
9306
7107
4143
3697
4037
319
2272
7765
8090
8989
1184
7801
4066
1502
3721
5447
765
5374
3812
2419
4522
3248
5534
7329
175
7955
9563
917
1797
5967
4632
4069
8281
2001
5988
4360
5869
8573
6051
6197
2947
4911
6420
1212
7328
8877
1887
827
8086
2302
9856
8606
5511
5155
6021
6491
9010
3044
1824
5963
626
5575
4655
574
8521
5678
1492
8204
4076
9460
4233
1842
6653
4415
630
3896
6272
1629
9167
6094
1548
3337
2676
9067
6887
243
7839
2314
7991
1401
8191
8969
5217
3065
1554
8606
2335
9544
2701
6465
7986
5035
6103
219
9228
2364
7546
1561
4161
9595
8503
4089
5896
622
9894
2758
4832
9318
4931
3790
9185
3422
2213
307
2809
1338
2963
5583
4898
1548
8469
6724
8481
2231
3529
2298
4983
2052
5853
32
4240
6347
1419
1728
6260
7259
5661
2082
7699
7934
8621
6125
3415
2008
9503
1318
1001
2338
1771
7781
5630
2968
5486
610
9996
5666
7849
8322
2366
2495
1583
1588
9286
192
772
7958
3462
9292
5917
7668
8759
1534
7497
5566
6914
1727
6408
3640
6182
2354
7112
7280
8898
8393
871
57
1352
111
2733
6959
4706
7092
6143
6389
9409
7659
1495
8811
1685
9722
1371
5816
2376
9627
6849
921
6592
1314
8965
7204
7462
2818
1122
4776
3895
836
2848
7210
8780
9163
3239
7303
7336
674
5060
5122
8306
7074
9617
5037
7258
5360
30
7343
2301
4442
2588
8931
1095
786
2370
7151
1004
5288
3310
2751
3835
8438
4013
2382
8346
7259
9837
3604
6187
513
6582
1472
4595
2514
5608
6773
5102
9444
7453
2773
732
2260
1568
6914
1545
751
232
1022
1953
3515
9128
8194
6922
8914
7976
9327
3723
1059
5460
1277
8514
5787
7778
6834
7430
2607
4406
7701
7812
5447
3395
7341
1083
1393
9030
5019
2250
8493
5921
5923
5254
4949
9824
3585
2468
7740
1196
1732
6472
3654
9600
1388
1934
7274
8468
3838
7697
727
9783
1990
1901
5633
9832
5511
5178
4364
8215
8906
3753
8907
4208
3325
7158
5653
4393
587
2437
3003
1365
5441
5411
7588
8114
3828
4583
4984
2082
6275
842
5341
3812
7554
2493
2394
143
8978
9987
958
6595
475
6357
7386
6069
6991
5111
2003
9660
936
2896
9244
2563
5066
6894
1262
4234
4219
1432
1282
1182
7356
4253
5935
656
4783
6710
602
2310
3669
6125
1810
2689
5837
7070
9222
7459
6450
4665
3194
4039
8460
7733
9043
122
1578
9953
6243
4267
6339
5963
9859
5733
9101
1033
9597
4969
3648
9230
3862
7974
2327
4305
8632
6330
8746
8032
5135
1251
5690
5274
1047
9420
437
7523
7273
5932
4286
1839
3221
8702
8793
1671
5452
230
4238
6680
7987
7209
7868
5470
670
8168
2420
4640
4464
9522
3873
514
6460
1552
5813
7867
2705
1991
4762
5415
1496
6628
3296
7907
6759
9573
931
7348
6737
3047
3484
2216
5411
1466
4306
5353
6603
711
6469
4405
7392
5495
783
2493
9653
9111
829
4968
2782
9094
4381
1326
8212
6962
2107
9774
802
5881
5601
6439
1639
9905
4248
8639
1012
7618
7308
8942
1162
7399
1367
4966
1139
427
9916
5974
5694
7510
9482
5249
4670
7113
187
3162
9991
3391
188
461
5623
4208
9584
6433
5735
7480
548
5685
8903
8028
4054
2098
2179
2346
2779
7685
1773
6032
1864
7951
389
1461
1824
1151
2372
133
7431
5275
5792
3933
7272
2037
8130
7388
3510
4482
2573
5291
8521
889
8180
1783
5415
3479
2838
1192
623
1650
3884
5334
3393
4213
2740
4368
4449
9337
7822
2795
5939
5007
1666
2992
1816
3894
4686
8368
3123
405
3418
5146
1568
8203
6184
320
3572
9492
950
8804
9633
878
795
2949
3599
7866
1052
5344
6762
2144
4496
4444
3257
3314
9392
3452
4892
6711
8862
3203
2129
9076
9409
955
1661
1686
9496
3702
8829
4250
7680
1021
2582
9683
559
4393
6311
8618
3935
7575
4897
5518
7574
3785
1096
1898
6513
4814
8768
738
8556
6574
5875
204
2656
9768
6038
4479
6097
1494
2164
6403
7002
3291
163
1191
6508
8829
6288
9371
120
8790
3486
2708
5660
4839
9458
3911
4868
6529
1941
9205
4863
8039
2949
7484
3387
587
7418
3948
3673
5307
5890
9968
9796
4437
3544
7167
1498
7152
3753
1482
520
5182
4017
4950
4302
3405
2987
9012
2606
7869
8886
1354
1908
3964
3866
1485
7651
3829
6490
1600
8580
7529
8497
7789
838
9917
5664
4165
874
1940
134
6829
682
588
6863
2138
6882
1661
1323
7316
3645
8245
2059
2691
1583
1758
7747
2912
1568
2815
5258
2263
6716
9631
3915
6906
8829
8111
7854
6248
2875
1666
6308
9058
9721
2288
408
7840
9915
4849
8515
3447
4322
3564
683
2205
9250
8220
2355
6502
1427
2732
16
8625
8209
8751
5453
8139
5094
8767
4135
2439
3515
5766
1558
3715
2245
4159
3831
2210
3626
850
2788
6332
3259
4613
3934
5794
6450
7028
1596
4739
5046
6881
8910
3436
8265
177
5269
9667
1137
7575
7156
8658
4157
4470
276
215
3088
9597
8587
819
96
3929
9003
9662
5759
8821
4033
7157
8792
3491
2732
3768
6887
8315
4887
5490
8091
7035
3741
1664
6948
3475
1828
1227
6224
1580
4128
5873
2950
2883
6706
3984
8771
2951
6249
8026
5155
8290
1124
157
6627
8448
8891
4953
3905
9254
4805
2205
2545
1710
2790
2323
4509
6823
8994
5358
2264
992
8806
2276
6273
6575
3030
502
9562
4843
8626
5871
2357
1715
1228
8128
4069
7856
2939
2824
6180
3814
2362
219
3122
4956
702
3870
959
3414
3648
7882
9418
5608
5160
7368
3751
7920
7443
8129
9101
5130
2223
3713
4435
4146
1745
4678
5025
4676
6078
240
5699
6929
3512
992
252
2005
4554
3642
3301
1499
4765
4954
318
4224
6564
7306
9177
8129
6297
1656
4035
1620
6888
5027
1421
5391
4779
337
7018
3293
3064
6269
5150
3418
4103
6526
1005
7447
3139
6214
677
7826
753
9746
1620
9222
4270
7692
9841
9580
1734
6688
3807
4649
5196
9367
6866
4684
4336
196
6758
3071
7967
9711
135
4831
535
3250
3958
5516
5339
7442
3937
6120
5952
2548
2084
2758
4821
3492
9178
8563
5451
475
3122
1511
8359
6178
6126
7655
2932
8995
2493
5510
1808
2161
4556
8019
5273
763
9459
9657
8489
7962
7530
3549
8575
1339
7769
3230
9689
5746
2457
1194
7214
16
6512
1670
6173
8489
7834
2735
4665
6102
1212
7883
1247
1469
6254
3072
5389
7169
6049
663
2192
192
1347
154
8119
27
8353
8673
79
5882
2067
8542
974
9867
7313
6156
1757
4157
7336
7772
8268
5356
5287
9968
1795
9996
3738
1894
6983
8200
125
8330
6865
8464
2726
6262
1546
2992
9500
5688
5019
3666
4261
6010
2040
4589
6662
5100
7223
3305
6985
9757
3970
2648
6624
2519
8932
8517
1572
1978
4766
3482
2833
4290
6676
3730
7915
773
9516
3042
5842
3195
5712
6983
4990
8756
811
360
585
6840
6234
4892
6308
12
336
5775
1770
7242
4235
739
7878
9744
4366
7611
3387
9933
6686
6648
1098
7929
2408
8841
3175
3822
2092
7352
8773
1871
3874
8083
2341
6195
4823
3169
4294
7229
2315
2027
1934
4843
8914
7137
5308
5395
5562
4711
8513
4996
9648
8918
4383
9719
5868
507
2276
117
2459
4616
9256
849
80
6172
274
3285
1259
4816
5721
7565
2381
5386
1881
6669
2366
3594
4048
4178
6141
8858
9410
6507
7007
918
6455
5171
7737
1501
7266
2630
97
1090
1798
5729
3997
2213
5604
444
2029
3903
4420
2581
277
7795
9494
2333
8120
9916
7810
1252
6182
601
8512
9972
5884
9148
3254
6861
9767
282
9752
9090
7689
5395
4573
284
7487
1662
4711
4946
6346
4871
5259
1065
4269
7950
2631
7763
6906
6825
4504
5118
1890
2495
3755
3007
4446
8926
1484
4328
5959
7170
4360
7597
3986
9937
2720
2782
769
5424
1354
7214
6277
9647
3066
1880
3098
9911
7714
4497
3435
8080
1412
2491
9850
3406
5817
9117
147
3205
3657
9931
1512
3131
5869
5093
1938
3374
1064
9649
1084
3948
7561
605
2740
7548
8182
4360
513
7160
886
2559
5042
7409
8275
9655
839
7072
1280
8681
7884
2457
2803
2713
7322
7941
8248
