1136
495
9987
4478
6845
9416
2918
1795
4143
1870
4953
4049
4580
4800
2087
5190
8155
1366
9213
9086
575
4024
6656
8233
9585
2130
5070
5931
3698
1726
9026
198
6469
3152
3708
1356
6744
8305
8069
6682
8433
4623
2964
498
2007
5733
4551
6334
4342
721
8656
310
8524
3430
6476
7152
8741
4770
1499
7759
8128
7170
8573
1211
4083
3067
4501
6259
6558
1611
6082
3644
1250
9152
276
2209
9219
5241
3367
5895
4542
6882
6942
8194
5574
8497
5511
9302
4783
2415
3935
2556
7065
5414
5615
1705
3358
2317
4600
5819
3005
6407
3616
4394
2198
5164
4126
6266
6541
461
8135
4694
1061
1997
354
8510
8877
517
4988
6353
1684
1322
5997
4601
4384
838
9648
2373
6837
2682
2186
7909
7231
8917
1706
8409
2401
4182
1142
241
7571
1081
2969
2667
5624
8808
6657
6657
2183
1035
9212
5768
8617
8770
4449
9802
3141
1309
785
5186
357
7026
4252
5024
7065
3454
6769
1382
5704
7510
3805
3560
6431
3448
3357
9351
8758
1207
2129
805
4797
9504
7534
7411
6612
3793
3652
1795
7724
8335
5502
5414
303
2610
600
7119
2327
6118
8947
7805
4653
8646
8861
362
5038
5682
1587
9531
7247
6509
4894
4862
2372
4028
2431
1541
3993
1715
9712
9886
7539
745
7771
1317
6166
1254
3576
968
6561
1438
9123
4828
6134
7223
8434
6698
7591
1428
2653
4234
3050
2420
9628
7889
6125
4842
3032
2116
5601
4323
2459
206
3529
4765
5717
6959
793
3525
4778
3724
9216
6867
2271
750
5963
7984
4155
7136
914
5127
2445
3213
307
8882
9643
2760
8130
327
8996
9910
5553
5423
8195
4517
7792
744
2573
8460
3269
2945
7430
8266
6853
5490
5240
3201
1043
8114
8182
5717
3010
9084
1119
9631
129
6707
9767
2340
9223
6324
9775
429
1683
5186
3958
5904
4974
497
7412
4448
1091
3699
535
9575
1123
9796
9790
3042
6292
1688
7235
9973
5396
2062
9820
4639
5052
9003
4014
6004
2462
6399
2700
7395
5607
397
8871
1059
3087
1810
3849
5186
4455
4140
3385
8710
6848
3601
5389
3199
8585
3557
6175
8801
2064
7570
2589
7310
8121
9882
8784
9420
9206
8005
3797
3187
7645
9811
5425
4170
5581
3067
5348
3836
4020
8540
1850
935
9987
3467
9328
8474
5449
7696
1939
3903
8542
1545
1615
7653
5304
3889
3981
8340
9172
2249
1109
7448
7872
1752
9944
7992
9125
6596
4832
557
278
446
7174
6745
7336
5159
6055
6619
9765
7643
3351
7733
4940
286
9253
1807
442
9024
203
1490
4685
640
6560
7890
9420
5738
2475
9623
9534
7924
2982
4561
2719
9487
724
2812
2376
7448
9129
2471
241
3489
6037
7615
1740
9356
3915
2394
5123
9933
185
9039
994
6950
9245
8266
518
7930
2686
8197
7577
67
344
5856
4794
4597
1753
5321
9195
2534
7645
2847
538
5702
8977
5859
6410
610
5358
8986
4762
8920
8927
2772
280
4550
7272
618
1429
103
2039
1534
9772
7960
202
9107
6581
1687
109
2146
3639
3312
2625
6082
1525
4439
8812
5534
8528
5475
9104
3209
4333
297
2801
2911
154
9860
7357
6783
135
4524
9876
5204
4891
540
8426
925
1152
5651
7207
2171
6694
2507
534
3345
1672
4666
2627
8006
2622
559
3945
3389
4001
3058
3676
8220
5828
7607
5051
5766
5510
6039
7859
8977
9608
9787
8840
1361
7573
3673
2456
4519
7770
3906
8861
5155
5313
4111
2161
4555
8949
2666
8053
3336
2307
6389
8868
9607
5714
3277
3808
6185
1390
7452
6761
2517
961
9572
2895
3007
9192
6510
4272
1198
7559
8631
5142
4936
69
9122
9156
9238
417
2469
3439
4916
9251
9268
2936
5411
8104
7304
2019
7174
5475
1045
5833
4278
3187
899
9114
3292
8553
5334
2878
4964
278
4572
9635
8285
2707
7079
9466
2168
6418
1261
9014
4684
1114
5541
5299
192
4935
9692
6799
9118
5459
3903
7123
3828
5054
4860
4177
4377
8671
3894
2949
1626
5493
3462
7195
339
6251
6150
4635
1889
5416
1616
3585
9626
3645
6264
2367
3122
5569
6869
1005
748
2082
6269
1875
2126
2644
1991
8018
2011
1958
7303
9050
213
4585
5865
5465
4121
2866
6345
3822
2401
2352
6954
5865
644
102
8533
3329
1969
5065
9988
4891
8658
7308
8391
3444
6800
4196
6168
7910
8312
1320
1914
8898
6513
1536
1709
3842
8563
4890
7410
3703
2454
6878
774
6000
5634
7147
576
9457
342
1384
7625
3111
9026
6284
6733
1226
5386
4609
1240
9720
9843
1002
4467
2510
3970
445
821
5600
1183
1081
6943
1370
6317
7506
9535
2538
4573
5086
147
9147
4268
1832
6740
4768
4896
1243
2911
5348
3562
3052
4283
1318
2768
2766
6005
7599
4784
6868
6922
1289
8336
999
9014
3628
8912
4993
6791
899
9942
139
4955
4888
394
3696
2225
1457
3525
7096
9838
6031
3430
4994
9510
4741
6412
7067
1398
4600
6788
1131
2134
7951
6467
5688
3080
6639
5587
5814
3063
468
236
5303
3809
725
7237
8860
6868
5711
9864
9491
4854
8978
1047
6267
2474
2600
5550
7480
4121
4695
2112
8633
3352
6456
5612
1749
169
8279
492
8615
4361
6849
8812
2166
3450
8482
6493
1033
7233
603
6931
4045
8461
1761
823
7869
3331
7983
12
5368
9818
2797
40
4220
8125
9892
798
8526
8855
1930
5353
6508
7472
9073
6332
1306
2942
7649
6819
5370
6808
8161
4411
1711
5303
3064
1769
2810
1488
1771
5114
3066
4620
3537
72
8282
258
1162
1456
299
9081
1901
528
9179
1800
1969
4877
6309
5339
4522
2988
7044
1387
1603
7309
3737
8669
2422
2771
5782
1397
7117
481
1543
4828
4795
7093
4837
2808
5812
5058
7891
2525
8702
3853
8756
2709
5575
5636
6882
68
2420
4856
7966
6466
7397
4423
7519
6157
668
1791
9106
3391
9256
7036
9163
346
568
5158
8690
3486
394
8771
1058
1392
9124
5447
233
362
9213
8297
2404
2586
6917
3294
8271
7389
2216
1598
3611
1523
6185
7772
5190
8342
2981
4531
2858
5241
4037
4405
2476
550
7130
6340
4526
3767
4070
2402
2992
2709
6266
825
2492
5271
2151
2763
1218
8339
9722
6906
8888
1868
6048
7544
5755
5769
7020
350
1456
3631
2070
3476
6456
4814
3042
2555
1646
9460
3781
496
54
1313
8365
7271
1687
8232
8468
7177
8099
3057
5910
9021
7709
5249
6133
2775
233
1527
7178
3087
853
3776
4086
7158
4526
7436
639
6543
2210
325
6657
6310
4753
3990
5541
2824
5885
8194
1154
2421
9733
682
6940
7003
3465
8377
2449
7749
4614
4775
6873
6899
854
6419
9262
5292
1397
7980
4130
574
8949
1587
3880
7431
3556
783
8946
544
1314
9392
7332
1065
59
5475
8125
8542
722
9420
354
2947
4201
1356
106
5312
1743
2925
3867
2723
5981
5150
2469
8238
8207
3973
216
1992
1558
5177
9537
91
3670
8868
5529
9572
1617
2670
6492
8026
4081
9881
2915
1032
2072
1708
810
7952
6715
7648
6922
2609
9633
4078
1079
1252
8201
8
7536
7876
9374
4467
3002
7632
1386
105
3413
1370
3083
7691
6064
3068
1882
3169
311
1300
3028
3607
5665
7245
8274
8027
4419
7093
6916
4193
2488
8300
9392
3200
2356
2340
6456
3216
8049
3506
7475
5242
7111
9741
9756
4685
397
9268
8123
2231
7298
3884
7998
519
2767
8026
4162
995
1356
9761
7551
9963
407
5649
336
4572
7166
217
7303
1685
5638
4220
253
8285
5616
8755
7180
7331
2583
4525
4555
3324
6478
3993
6535
3704
2177
5042
7254
2351
1253
4389
6660
4319
9044
3489
5076
5230
5791
956
3603
7358
3704
3285
4723
5317
1440
1346
7144
6365
7761
7331
3084
2574
694
9071
6644
3094
2344
704
7075
9881
9813
1277
5676
2852
4781
5622
6600
1534
4618
586
5095
7202
1758
8988
751
9371
1113
3840
4226
5661
6263
4111
5674
8669
9080
9167
5312
5091
4720
3890
4276
8857
7651
1991
5225
4877
998
6455
9170
1066
7354
8824
2611
5666
9409
484
5580
8633
9332
822
8386
4002
9255
1057
8307
9368
2817
719
3214
2806
5270
3248
7219
2349
9250
1675
9749
2682
7346
6599
8292
4852
7743
5298
9353
6590
4234
5568
6293
6150
4469
2754
4937
2255
3443
6074
3452
3621
5029
8296
5920
1131
4739
4133
2048
3424
483
1349
1440
6035
4841
3689
9063
6725
2127
4077
2249
5037
5672
8874
1362
7605
8307
2864
8474
1475
4598
488
2913
5418
402
845
309
1091
9489
3216
4353
5266
1283
4627
7493
5921
4313
7045
2666
8937
9986
4716
5209
8839
9845
4907
6323
2691
294
8380
1528
8007
2240
846
2361
105
5780
557
4883
5853
1600
6227
7488
6897
9540
3901
4091
419
9096
5992
6485
2245
4821
9462
9823
2172
1995
1997
2276
6131
7036
6843
6667
4768
5221
4165
8329
6581
4709
1572
4213
6031
6933
2279
897
2084
2242
8297
3635
2396
5327
6763
9782
5999
2500
9633
3257
8833
9826
4844
4774
8634
5813
1457
2819
2178
5370
4350
6384
4121
8731
8638
2031
1388
5076
3991
847
4351
6238
5839
5596
7783
650
5133
5587
536
1539
6569
6185
721
9732
5819
9773
9069
2813
8914
8143
7365
1472
7298
3850
5596
2623
2448
8454
1821
6724
5209
1757
7838
5760
5292
1136
3052
8439
8737
6053
7493
2938
687
9517
4428
5011
6439
1563
9170
1152
1526
9267
6696
4970
5605
5291
4234
9040
3909
7942
17
7695
349
426
4770
71
4819
8682
7958
2024
8774
1949
4014
3527
8836
5897
9873
9537
255
345
3209
1537
6564
5506
2395
1326
5112
2044
2095
9702
3452
2469
1801
6151
1325
6109
7183
7856
4043
173
5986
8093
3485
3458
8023
5196
6032
3669
6551
4012
9587
270
9611
6365
412
6774
5079
7783
9989
262
1518
3391
6178
5416
2394
5927
5039
6160
2681
8094
9189
2936
4720
6423
10
4101
2669
1311
3398
3025
2304
3419
521
8659
7039
5977
3098
7561
9890
9451
4969
9341
6707
7826
3611
9618
9791
3088
7944
4857
699
7650
2714
3319
6586
4056
6935
7550
5486
9006
9967
4551
4987
5482
8560
8324
3500
425
8710
1435
6448
6535
7630
7281
430
4692
9655
870
5133
6992
9579
9377
7046
7441
7078
9113
2691
4208
7322
162
9394
8167
6473
3689
7217
2985
1541
7406
3016
1807
2469
1611
8656
7223
8922
2747
8703
5365
9543
6650
1270
1430
6859
1619
2127
83
4540
7408
2775
2287
3485
635
8928
8876
9312
4439
8188
6010
6317
4404
7472
6380
3724
8881
5238
4897
6387
902
2193
9801
7175
2931
9828
1346
3662
4505
18
2422
6404
4391
8845
820
7004
3817
7775
4535
9670
9476
6995
7544
1675
9136
8118
6648
313
1942
4310
7323
8218
6462
2979
4035
4362
5668
3393
2217
4337
978
8639
8487
8282
4254
1187
7816
4673
2140
3664
9219
6487
2171
4599
7920
5022
5739
5408
635
9911
5077
3918
8577
8435
3169
3809
5012
5363
1973
3510
6104
1426
6459
9208
8901
9505
2717
198
8794
7579
1755
1370
2283
912
9200
4712
4212
1072
565
3748
66
4324
3997
361
6631
307
7308
6394
1441
8017
9637
3810
6689
8390
3427
5696
7034
3857
8559
4788
2741
7202
6260
4161
3020
5109
9296
8005
9537
3800
3141
7753
7313
2866
9617
7157
1581
9802
4505
5908
6153
4400
5826
8460
1989
1806
5798
1483
7962
9709
4528
6094
8063
2497
3598
7033
2005
6790
6272
3147
2567
6709
2037
1820
3910
4491
7318
6542
4788
7299
8973
2394
5561
4909
6728
6731
3460
644
4913
1273
8839
3577
6255
3010
4071
9806
7873
5206
8826
7023
9749
3824
9037
5299
9602
5959
414
3717
5730
7434
7081
6157
2359
9948
3790
3976
6933
6632
6464
2429
2668
2861
2649
7814
5802
8281
848
9023
3290
2338
9655
7439
173
1512
1878
9435
8956
5453
4178
9011
7340
6435
2620
610
3475
1805
6498
5018
1864
7268
3949
6989
7324
6761
2862
5406
1122
2249
5172
2576
1471
9246
9125
9194
9948
7907
3917
9492
5104
4682
6887
2323
2787
2647
231
2632
4452
2619
3610
7522
2021
3412
9393
2341
9071
5175
5078
4714
3819
4494
9069
5404
5586
9180
6218
9686
8856
8926
4963
1895
5712
6358
2658
7408
2300
1338
8832
4944
6205
4572
1751
3887
6608
5136
1917
1322
8822
404
5976
8669
7584
9957
9658
9865
5778
3096
2882
5774
7180
8872
384
5774
185
7014
1662
4550
7094
4598
6655
911
8222
3834
832
8952
3721
3336
125
8272
2021
3107
4991
3921
7004
5638
5302
1612
7719
8826
8808
1643
3105
3010
1467
1112
6309
4234
7988
4075
4235
5012
8725
5827
1345
1355
8760
6639
8334
6625
6536
6981
6701
576
5407
4422
6542
676
4132
1485
6647
1328
4699
3122
6250
4535
8866
9647
8369
3805
9928
5749
8865
5822
5554
9845
4867
5090
5050
851
2610
4648
7604
249
1860
47
3984
2890
6732
177
7803
4137
5101
9981
2201
6133
1806
6236
2003
7200
3841
4942
7594
4836
9842
2523
8509
5964
2954
4973
973
1911
6156
2248
1131
7045
7440
6834
7351
3534
8960
5094
7107
2162
5060
88
3402
9501
4978
5025
9456
3516
33
5438
4041
4081
1718
8857
5819
8072
2733
6666
7025
423
2786
3718
1938
3388
9363
8008
6429
8426
4296
8939
165
1709
7449
9373
4909
7661
5014
2159
4816
2501
326
4875
5302
8627
8038
6846
5319
5136
4342
2290
3264
8243
387
9506
7034
2382
8261
328
9696
3612
5650
1122
9880
3018
302
3378
3576
3547
3227
3183
7697
9421
5611
9861
3933
3197
7268
2282
2015
682
2664
5194
5893
2144
5207
7734
6365
1145
6432
616
4499
1963
8746
7128
6066
9861
4775
2194
9410
7139
3185
2550
6540
3235
5894
491
3551
3267
5841
2177
8144
5777
8364
3285
1452
898
6596
1844
1545
72
6393
7727
8270
3693
3743
5822
2581
7069
6672
6075
191
516
9701
3716
1325
9045
6020
8317
4800
6362
674
7106
1286
7875
6930
1648
3588
832
7226
6235
4858
7895
6080
5385
6719
7847
9913
9922
4461
1121
1641
5565
601
8061
9946
3909
158
445
2077
811
3891
2668
393
4489
2809
493
9677
2142
5852
6944
9032
3269
7317
7005
8250
9257
8769
888
2005
7273
4244
8332
44
7331
2007
9453
1254
4382
6849
4066
4570
4666
3066
6760
6022
5687
1209
8754
3777
6537
2840
1922
1468
6179
5404
2973
5500
9594
7447
8905
4948
3192
6700
9277
268
1354
5734
9938
3713
9577
6544
4018
5449
1420
4733
4989
892
4050
8444
5265
2153
2373
3170
4963
217
1771
1617
9092
9495
8165
5377
9025
8107
461
6995
2870
1692
6477
1166
5489
5726
4366
3412
1701
6079
3496
4850
5568
5825
4170
6413
9190
5567
7112
2390
2169
9816
7943
1048
4045
1582
6518
4129
771
5797
5642
3021
9863
845
6753
3160
2090
2826
1782
4809
5500
8551
3578
2639
4307
895
2032
6422
8834
6666
3440
7167
7251
400
8412
9667
905
3423
2711
3997
1344
5237
7271
4324
764
7227
3540
6886
6217
5726
4658
672
4279
9020
1817
3230
9892
5619
8518
5639
72
5705
2841
9450
9122
3092
2760
1306
5607
31
4181
5991
3491
4960
9817
9951
5222
1748
5237
8312
1549
7960
4028
8298
5503
9069
3190
8206
6393
5221
5393
9704
4044
1906
6668
1859
9235
4792
4189
7857
7258
4977
5350
2734
9924
9647
9002
9724
5869
6469
8028
7930
6357
6999
3561
3444
9238
8079
9543
9087
8473
7920
911
3901
714
9657
9156
5201
7376
2668
4759
334
7904
8509
8202
7335
8239
8506
5550
2846
6272
1148
2676
3235
9224
9636
8121
3634
8380
3631
7033
3965
9089
2534
2702
5737
8008
5605
4753
6136
1970
3812
4089
1556
481
3600
260
1169
8665
1737
4481
3107
674
6337
1820
1839
3348
3001
8362
9878
4237
8670
907
234
8313
3943
7072
2422
3147
3743
8479
8552
8830
2512
5531
3876
6212
3381
3939
3864
1286
4705
9655
4587
6283
1191
3828
8612
3343
1929
8931
9603
7269
4112
9355
1564
962
7788
2973
5007
2158
4561
7953
4582
7588
4267
4242
7523
9118
1201
1735
6890
6105
7551
6532
2882
6833
1509
325
6606
1216
2475
3213
5815
4777
800
6798
391
104
2022
1878
2665
7906
5869
6343
7175
7071
6345
2211
9234
4218
4721
4867
3090
1499
9412
8592
3148
8689
3554
8174
8838
8493
3929
1691
151
1642
5892
8894
5716
7218
9778
696
4722
2132
5584
152
6055
6267
5648
3603
8847
4917
2636
2502
8721
262
7491
2478
8422
5570
7033
4578
5958
127
4817
3177
2162
1692
5950
651
5939
8809
4865
2223
2819
2271
6697
6866
5730
2671
9398
2827
7255
7263
5938
8676
9872
7203
8667
6297
3182
66
1767
1943
8506
9857
577
8068
9310
5796
8117
7850
3247
1242
9124
7558
8169
4934
543
6914
2136
6708
521
7145
8655
7063
4467
6069
9296
5922
696
1895
4518
4259
857
1615
8152
3132
8953
1316
4794
4816
1738
8406
3609
3049
854
6577
533
5766
7495
7586
9264
5696
1111
3602
1502
4931
1669
8539
9708
9217
1703
1871
1206
322
1793
9485
4597
7795
5421
5833
8156
2961
2746
3366
3590
4459
6103
3009
4431
6455
5453
9174
6494
4902
9520
6248
2166
4708
4647
15
3826
264
8773
7399
5135
1284
4054
2606
2546
1259
8983
368
1144
2838
1166
9931
6431
142
8424
4415
189
2366
7855
4653
3822
6548
6095
344
3123
6658
9258
4739
2966
8497
1159
8708
7983
4883
5650
1852
598
8114
9074
4138
523
902
4528
455
8120
1835
6766
8354
118
6255
7894
7343
9382
1738
9876
8438
9611
6175
6821
6527
8714
7272
9911
34
4992
1323
4658
8767
2358
9465
5437
3782
9303
7765
4913
3454
4306
7861
3401
9212
2190
6274
5419
4774
9045
841
9204
6025
3983
373
2709
6726
9478
6807
5314
9312
9242
4096
2786
6869
9983
4289
5429
2393
2837
6822
5080
4273
5116
6201
9986
1781
1458
9043
1633
7362
4124
3629
4363
1227
8008
6515
1308
159
1123
3076
229
2931
5689
2585
9759
1877
5193
7773
7466
5032
3826
5575
1378
2510
7084
7108
4174
9172
6852
680
9631
6453
7992
6289
2547
6645
3899
7315
200
799
9896
5151
6997
4134
2527
4617
9736
1668
2210
3264
6654
9505
6960
5848
7327
672
9882
2957
3852
6413
496
8667
8504
857
7650
344
6947
6318
7523
2760
3355
8081
9955
1152
8167
5406
1753
226
2213
1476
3424
4347
7552
3109
2455
5129
9751
6428
2754
7622
8246
1024
1311
5912
9094
4315
5788
8377
1342
3267
8238
4625
406
9780
1074
2071
3948
343
3954
1188
3375
2483
3816
3715
3375
8801
9225
6212
9299
9264
3662
8358
4016
6124
7466
7220
5410
1478
4620
4338
9868
2650
871
2770
4914
1285
1466
4784
8730
2658
7548
700
6692
2504
7599
9502
3409
5279
627
1207
4536
9651
8145
8279
8196
1020
4710
8476
864
2713
4975
3293
4894
4998
7526
9374
3981
6240
7129
9198
9600
2531
1678
7239
283
2714
5713
9485
6789
1212
9327
2202
2015
1603
9807
3424
2466
6470
1955
9820
3825
6350
1903
7284
7988
8228
4149
780
5266
2466
1039
9895
8660
7490
4122
4391
2443
135
5530
4327
8233
3882
6333
538
4147
9842
1084
5175
598
3710
4326
2603
7510
1349
6540
2291
5322
241
3747
1952
4334
2962
8290
849
1576
131
4457
5873
2372
3516
4578
9709
8555
1496
3313
5386
2486
1365
3489
3017
9820
7630
5560
7676
7585
8460
1913
5957
5084
8711
7020
2286
7262
5355
1166
3551
1469
8722
1652
2340
129
1867
4904
9149
8144
5133
1744
9293
6218
4838
5553
6389
6445
60
4197
5890
9872
9171
4980
9098
4074
7293
3334
4546
9903
3786
4831
368
8002
3145
9069
2836
8627
2655
6185
8800
3706
3301
99
1521
2903
5411
3903
5795
6985
6121
5433
5742
6350
3135
6303
1136
1072
1611
5921
385
8739
9222
2440
2322
1826
2618
2833
4909
6952
5811
8416
7694
8981
1451
2029
2007
7007
2618
4125
5603
7201
177
2550
570
8580
2874
8031
5067
3034
7980
598
78
472
132
374
7
3130
8769
7583
3550
5197
7975
6002
7366
820
8257
5253
7313
7596
4762
4265
918
1406
2204
5066
1322
9438
6976
6923
606
1754
9848
3456
3030
2713
7914
2316
5259
9800
5250
366
2472
4301
2494
341
4767
9286
5802
6690
7760
9576
4812
1267
7656
4929
4314
3308
8361
6515
6325
942
7363
2329
5878
997
9888
2321
8953
9282
8566
198
16
817
6876
7414
1795
3319
4061
7813
8666
8302
8628
6177
9613
3737
4612
6346
3977
9698
940
79
8303
8215
4112
1013
4157
5560
2257
6424
3575
2157
3046
780
4730
58
8546
5743
776
6122
4867
5801
2170
3924
4645
3982
9039
9720
5045
1789
7962
131
8859
6953
1954
664
1759
6974
732
9531
3461
6917
3724
8095
5739
5755
9437
8485
7683
8019
1491
1053
6221
6577
5298
5726
1200
4954
4774
1375
5518
5847
5567
3153
6563
8451
8457
6306
3985
7670
7924
5353
3810
3904
5964
8363
6504
5761
7518
3846
4427
3373
1519
2901
5408
7747
5423
2747
2502
5748
2705
2512
7430
8306
5230
6056
2007
489
4136
8833
3182
8637
9060
1142
576
6860
6351
38
1615
156
2229
9788
327
4726
448
3830
924
7468
4543
7469
6471
4034
4962
2014
3123
5301
432
868
3266
6737
8283
6942
4045
1643
7226
7934
5066
7900
5891
1795
3381
2568
1958
8945
4698
5022
54
4648
2964
8370
8910
6560
1331
8933
1886
5885
516
9990
3151
6746
4113
6054
7690
5673
7722
418
6198
8304
4982
8526
5784
5663
1815
1082
2319
5926
1498
2394
9432
673
5903
3156
5421
727
6261
6371
3636
3089
2314
874
346
7526
9409
2946
3398
8532
4697
2099
9633
2934
5966
9562
5334
6525
9730
2751
8537
3244
4750
8734
6975
820
8857
6335
6141
7656
1159
2229
2247
8428
6343
4812
4260
8836
6375
1801
6241
8507
5561
8895
2944
2224
2097
7727
7558
8663
388
9582
7839
8815
1337
5058
2574
8618
8749
738
4352
8833
7809
5651
4901
4480
7854
3524
7906
2456
8767
3591
6711
6134
2116
2314
3440
5354
2979
9574
7980
8470
5404
7271
8963
8406
1824
6591
4557
7028
3035
9648
9728
499
3326
4402
8723
1638
6631
1111
6957
4475
1177
74
9420
2792
9011
9696
6304
9638
803
9474
1104
3127
1551
3312
3272
7063
9158
4148
5290
6194
3359
3218
2453
9508
1327
6131
3635
4546
4481
6058
4735
6469
1495
4641
816
2120
3057
9127
8849
4166
1900
7054
651
6524
6224
3116
4558
1819
1736
8902
8846
7657
447
3097
8042
9668
4306
9601
895
2993
3867
111
5199
6795
5071
666
8339
5591
4659
2426
3768
1639
1438
9180
585
2732
219
1268
5701
9140
3264
3961
9479
9922
1506
5576
30
9283
6905
6575
3444
754
5838
8445
9519
6478
213
2324
8642
951
3252
6500
4836
267
7859
6724
9381
8803
768
7682
5610
6310
9136
1984
1618
992
5709
6628
8112
7614
1461
1504
2952
4155
178
3548
4903
495
5872
5506
6183
6898
6945
8610
5352
4426
2053
550
4587
6705
1876
4658
920
147
4299
9602
142
6494
3757
5451
9404
7791
3368
7206
1820
3340
110
8823
5924
8373
8601
2785
4548
8551
2500
1012
6367
7962
9421
1772
4797
6164
6502
9346
8989
1810
1860
9980
6932
7371
3951
1498
7815
7061
3976
3587
4042
84
4469
5387
2855
1776
3266
2711
3972
3900
7931
7412
9739
4176
8774
7577
7746
8230
8132
6099
2558
1029
7942
8502
6621
2152
1831
8424
7036
4565
5965
8110
4640
8315
8675
4358
7758
1918
6695
516
8932
5214
7530
6721
6802
8456
8872
3394
3162
4492
2103
4734
1957
9021
8297
1851
1790
4034
7341
6272
8491
2206
4663
396
99
5932
8923
6570
5482
3952
6688
1552
6685
431
6923
4373
2367
6506
9690
5885
9640
8028
9483
3936
3732
7720
8549
3381
5271
406
6637
1074
3975
4123
769
8558
2121
3501
5189
6707
9260
3353
8684
8800
7456
8928
6301
8857
5912
7382
3948
8112
8370
2166
8051
76
7401
296
4635
8723
5570
1977
4071
604
9003
4514
100
4935
4982
5891
1677
1197
137
5523
9894
4131
3993
6269
8943
1078
2865
7882
7583
2855
380
8304
6906
6406
8543
4313
1050
8744
4648
2205
6677
721
5104
7227
6827
1456
7278
5995
276
3674
1562
5826
8997
7359
1194
3825
6903
6813
5155
2248
4168
9696
5877
4727
8163
849
2687
6180
3015
5350
1476
4750
415
5189
8066
5782
4810
6493
442
7195
9357
5229
6744
3409
3301
73
5087
1052
4069
2031
6596
2207
4607
6591
2375
7627
8064
4660
5027
6658
5885
2546
3719
1788
4219
2436
4055
3086
1349
9784
5824
5830
8747
2293
1673
2785
7229
418
9810
3217
566
5463
4395
9169
8103
8856
9145
3643
2558
766
1442
2907
1142
9832
3094
5036
504
6843
677
1563
9029
8311
7535
9754
2140
7137
1467
2887
4093
5312
4947
9618
8273
3028
6550
7768
9489
1083
1468
8832
716
4557
602
1083
6451
3468
3605
1885
5052
1166
3241
8243
2652
7094
5936
6892
2499
6026
4993
9702
2354
3052
6176
8333
6601
21
4810
1620
4165
1203
5450
8092
8394
6949
24
5490
2824
2703
3970
4235
2852
1904
7567
1848
8422
1452
7394
6216
3910
7386
3885
3713
4603
746
8884
9878
4636
1983
931
5121
2486
6975
7904
9435
2366
8890
562
2445
4823
2310
2909
2445
9639
3196
9562
6406
7722
8412
2105
299
7429
8639
1921
923
23
5812
3498
5821
4622
750
70
2197
249
9314
6785
1357
6800
1802
2764
2846
2043
603
1291
9323
414
2603
2932
8456
3146
100
7092
802
8112
9374
3542
4514
1638
2314
9605
4203
9154
7016
3754
3250
715
7013
5097
3999
1295
4724
6405
5225
8402
7969
9739
5053
6824
2235
5234
9707
2784
1016
7274
8190
3970
1109
5905
9519
7067
9765
7560
7265
7112
4427
1617
4245
67
9909
8544
3397
3325
555
1314
4335
4277
2996
9418
2164
3663
8105
7835
5431
3102
2548
9624
1734
1864
5469
4247
782
7224
6776
455
5987
5901
2822
2150
6147
8655
771
9804
9014
678
3746
5113
9210
4859
2777
5686
5610
8932
87
7947
6160
8486
1383
2740
6888
1133
5790
2934
4428
8510
3498
1483
5906
7177
359
5384
6502
4083
3540
2301
6454
6724
3925
5930
6181
4532
6635
4865
8727
928
7992
8730
1453
6215
9376
3738
2457
3102
3479
331
3723
1891
1002
5354
2349
6796
6377
2498
3442
9014
6639
6427
8709
6736
3060
3024
7705
1147
9785
2870
4791
3625
358
3570
4873
4434
3598
1076
7238
3068
9364
9866
8430
4443
2617
3502
6947
332
7882
4700
3432
6638
466
8945
6832
2306
6462
4032
4060
7879
8320
3782
2367
9100
9345
3745
1541
6056
5234
3111
105
3407
5069
2821
4300
6716
2202
2844
9895
5979
436
103
6186
1363
6850
3242
1229
5732
6833
9566
6098
6072
5728
8706
1522
7182
3091
4440
7972
5161
5509
6825
3813
5498
7794
5226
5575
6240
5959
936
6646
6707
7416
8303
3823
2423
59
9095
4459
8335
9991
6517
9796
5101
6485
6148
9079
3188
2605
4652
7091
4578
4134
141
5926
1187
9857
6993
9201
7398
9600
6813
9285
4032
533
9788
9853
118
251
7479
492
822
7880
8764
9273
3775
171
1098
5807
2914
4514
4435
1353
9123
2670
1799
7125
8316
70
5155
5214
565
7473
2425
8668
6794
8185
6704
7665
4394
9054
189
9128
4410
4842
9702
8424
9279
1579
7213
3154
6217
1535
2870
6281
3701
2530
4840
6133
3709
9871
918
9340
8171
202
1324
5974
9476
848
1119
7758
7137
1783
770
5814
1931
6431
1671
2050
9740
1355
8220
9835
2075
4044
5974
7386
8630
8960
3396
8866
7554
6042
9238
8617
5295
7960
5858
5547
6028
4296
3071
3462
1550
6499
4514
2433
8093
5157
7184
2502
149
539
6144
8479
8005
950
9059
5400
4090
160
4164
9441
2661
2352
8551
8205
2422
4921
3719
3469
630
2008
5031
9587
2583
2898
5012
325
1820
1427
3919
9983
5584
2976
1853
1599
5715
6414
3217
6978
1210
7646
5944
170
867
3612
8266
6977
5899
8255
4566
4252
9735
96
5636
7473
2374
6456
1851
6383
405
9835
2566
1550
1467
7453
6683
9725
9017
9551
992
3216
3860
9157
8027
9725
2227
8667
4834
9562
568
5146
9169
6446
4719
7736
8262
4538
6722
2894
7030
7701
3080
7995
4200
6919
4270
7142
9537
6783
6897
1557
6186
9391
2416
1721
6142
7643
6615
6287
8754
6152
74
179
3380
20
7438
5959
8874
2325
4993
3741
7210
2965
2740
1800
2107
325
1921
2495
6075
9702
5177
2128
2858
9930
6563
5686
5175
8586
3352
4748
6976
9764
6208
8077
5637
3732
3695
6613
3951
8546
7909
7459
2071
8216
235
1626
5769
1332
7265
5621
1860
24
8590
3845
1595
5094
2739
497
3608
4001
5400
1158
6250
6027
5406
8414
8275
4799
2831
7099
7198
8123
3499
594
596
1968
8908
8146
8247
5875
4370
4960
5442
1328
2522
5833
5512
244
4860
4596
7907
7221
3110
5537
4525
8329
6881
5657
7634
8535
7813
6858
5256
9805
7269
3977
317
7847
1204
9595
5715
8344
8974
421
6989
746
7755
8030
6173
48
2783
5489
7617
8051
6766
1990
9565
5487
1645
7513
55
8208
961
2229
97
6030
8385
6872
5536
2916
6016
3372
6716
5537
703
8245
9502
5778
4383
3683
9738
2034
8289
3935
328
287
6598
3047
3022
5792
1010
709
9327
6959
6982
5207
2012
4125
2221
7184
3778
1944
1277
9105
4090
6855
7844
575
7671
462
1375
851
4622
2506
9887
5137
6356
5045
1025
86
6457
5728
7062
9812
547
8349
7420
4750
6623
2827
4175
678
4888
8939
454
2395
4011
603
2882
5257
7733
5249
6834
8467
957
206
1399
1973
1194
8047
8177
3191
5940
326
2610
324
8572
3213
8804
403
8306
9146
363
9438
3095
1972
4280
6838
3975
7606
5262
6681
9721
9410
6066
3008
9488
1265
3597
2558
7615
3786
4089
2912
234
7098
8353
6390
2900
2482
1063
9040
6572
8951
644
4592
3327
2661
3239
9328
5298
8779
4421
8933
2797
7148
7165
3362
6440
906
2810
2512
2452
9966
6238
6716
3310
9543
7448
7536
3974
1567
7049
8619
6755
2084
7459
8253
2047
9461
2099
8959
9815
7425
4288
5817
9305
4640
8078
4742
982
2174
9904
9981
3013
9352
1672
4170
970
8961
4628
7365
660
4954
9741
852
7344
9105
2822
1843
7611
2446
3132
1291
1099
9150
7471
8944
9833
2393
9620
301
6068
1424
475
2699
4462
5548
488
3153
9189
7922
5378
2344
3896
7607
8901
7743
38
3650
6870
4187
1984
6136
5049
6722
9861
4923
8833
4784
7986
604
2616
8597
4482
339
1182
2041
8969
8335
2819
8465
250
2072
4927
5728
7275
8674
9645
9133
5919
2162
3007
1752
3033
9579
1689
6889
5985
3340
8756
1425
7259
7236
1496
7712
5082
8361
1528
5959
4249
5550
3837
9378
4252
9894
5700
5749
6966
1496
1564
9921
9632
7664
3577
9166
1875
4477
5859
4091
2130
781
5280
2646
2370
1705
5698
1033
3233
6922
9130
4166
4887
6594
3828
6921
6338
6070
4594
1597
7547
5918
3915
893
4919
5156
3143
4030
6044
1639
1915
6650
2891
1270
6949
2794
4766
7602
3340
1771
2466
3570
6752
606
3103
5718
8897
4355
9297
7551
3461
6828
8710
5832
2960
3465
9730
4696
2311
7262
5621
734
332
5726
7632
563
4028
22
7859
7357
3207
7570
4554
6313
7588
4005
5423
8962
4153
7888
9209
7393
8334
3168
3181
84
6439
8556
3796
8222
6546
4005
5181
8881
2022
6469
7848
9939
6741
3447
668
6450
9008
1758
9744
1538
8060
5142
5105
9861
4333
5321
5468
8208
855
9142
4943
8627
7542
9354
9926
8791
1303
8546
804
8361
9454
2227
7132
9472
7156
321
8018
9557
5114
3612
8573
6883
6273
1686
7880
5130
9020
1769
7514
1230
9454
4357
9766
963
759
7712
7273
1471
567
5049
7642
3661
7464
8325
9335
2075
167
8123
3346
5740
9816
1599
4903
7697
3746
2918
4455
6459
6885
3321
3294
2897
9060
7020
5518
7217
6712
9696
3585
324
9615
8570
7295
4486
350
5241
3582
2790
768
3504
2278
826
3233
8793
8402
6858
7544
7281
3180
9127
314
7264
8649
8643
5305
786
3131
4120
8320
6847
5734
9127
4363
8270
9417
9185
4987
9773
7979
5186
9378
3554
8317
7751
7478
8102
7230
8183
5180
9805
1619
2537
6940
6512
3705
7876
4103
4340
2180
9936
3330
6091
2916
5601
5926
5607
1546
6222
7588
2426
6506
9324
1352
8107
2419
4664
3576
1762
6997
4788
9352
3949
879
6507
9463
9076
3348
5646
4143
1881
6029
6960
5013
2198
8126
1952
2352
1550
7917
2894
2284
7544
8276
4170
7695
7532
2054
8342
631
3293
5189
4190
6016
6479
2519
1060
3439
2253
8372
6016
6322
6853
4185
7652
1340
467
1799
8425
9241
4090
1240
4762
3862
6504
9974
7903
9419
9462
2086
3775
9649
8988
3948
4125
9633
7267
8277
5127
9126
2864
3879
1620
4527
1321
3199
2060
3375
8797
9475
2675
1193
5789
9217
1256
4419
482
5417
598
1574
6274
6160
5395
1725
3437
7311
2516
6509
1631
7569
2434
4466
7525
6254
2260
6515
3347
9537
4653
9495
9996
2722
8900
1642
5300
1951
8814
1578
4186
3030
3706
5082
2010
3047
9729
5600
3503
2057
3407
8463
4417
3629
5782
2121
2650
6839
3927
2977
5758
427
5604
9916
2950
4578
3951
2447
4737
3571
7610
9532
7602
4629
3506
1945
9032
917
2863
8018
2169
4019
9132
1936
1881
6906
7442
7131
6558
4737
7376
8282
8753
9313
7809
5444
9797
910
9453
6113
5772
7343
1575
9574
4439
8452
8191
4059
6724
7584
9320
8714
4498
1750
6369
4827
6395
6550
9024
733
2906
6318
7121
9409
3894
896
442
1798
6721
8391
9335
3514
3100
9767
8834
7631
3920
888
3150
7490
7825
4999
8926
838
8722
4566
2099
7700
9449
4962
4787
3702
2555
129
9475
3389
4523
4434
9833
9735
5479
3632
6024
2168
1943
793
6533
5511
1864
5564
5156
7209
1564
6055
845
1781
8939
7945
6094
9560
5904
5689
263
8023
6751
3811
3608
2427
237
9796
55
4430
136
5271
9375
3177
9760
5115
6057
3923
1949
3794
1004
5180
1769
9803
6665
7357
272
9646
7508
3801
6024
8065
1654
7013
9265
100
5382
4889
9360
4956
9232
2788
1882
1960
4868
9223
4090
2197
9988
3369
8922
288
9870
2586
7596
1149
8591
4794
9879
7343
1155
1335
4024
7839
542
4256
7744
3753
3642
1868
8643
8298
3987
6288
1708
6983
9699
2820
6170
9004
8961
1564
5662
1238
4301
3833
8671
6796
7174
9076
950
716
3698
8638
4390
1902
3623
4742
7180
3386
855
6449
3554
300
2777
6520
9583
862
2962
5095
3863
901
6569
3473
6941
6653
5418
5758
3405
9911
3073
8109
4108
6081
7396
4057
3640
1653
7172
9501
3119
3155
6777
1729
6863
3694
1026
8887
7253
1152
7900
1686
1941
8
6775
2621
5952
7161
8917
4375
3826
1048
7352
1227
1814
222
1152
6358
6757
4648
779
6679
8550
2516
8000
1522
7334
6161
4659
4772
1266
9667
1923
4914
3759
131
8863
2365
2296
815
4713
6325
4092
1953
9472
6521
9671
4656
6459
4717
3743
7541
5811
7688
6874
7418
1080
1921
2453
6257
669
3457
2223
6391
4510
2056
1372
2329
7548
1603
6962
6010
2112
1025
6072
9375
3820
8359
8572
4878
3830
4621
8762
475
497
3467
129
7976
8380
3451
2837
9204
9759
5156
7424
5549
4966
8829
7534
205
3738
2030
9788
2268
2885
111
6476
5936
9178
8457
5904
2697
8343
8933
7315
3769
300
9498
2218
9176
1692
8817
8618
1758
8685
5892
7637
8884
164
6876
9322
6854
1011
4058
753
7617
7205
3414
6869
9413
6749
3475
1262
370
1950
9568
8592
5059
2758
9916
570
142
706
7022
1160
9512
3592
7669
9861
5847
6363
8556
6798
7932
8008
8984
3796
7081
7994
6970
477
8581
5344
4020
152
9931
9141
4324
1175
2395
3447
9293
5447
5414
9762
9386
3582
9110
956
7381
6375
7805
9451
2566
8536
6813
7050
893
2843
6117
1862
3824
3983
9053
7729
736
1183
5402
948
9635
8609
3040
8484
4026
1869
2653
1566
1450
2456
8154
3197
4686
8692
3931
8679
7447
2216
3280
2386
4291
8264
9395
1051
2194
3510
8268
8885
221
3848
7005
5978
1596
6230
6153
2916
8802
2348
3424
223
4107
7722
3682
3489
9638
6730
7937
7298
9016
8390
1709
4622
4086
1346
7706
5145
2183
6608
9470
6486
6955
2445
1952
9789
806
2099
4829
2472
1602
3316
5144
4429
2210
3282
9927
6297
3521
5042
8073
5625
4668
2988
7974
7431
273
7067
9116
6440
1438
1086
5337
4327
1392
7938
1981
7624
9725
3367
5194
9624
4840
9703
301
4158
5569
2143
2563
4971
506
4753
9556
9930
5277
4589
8005
6271
9147
5950
4594
8169
7258
8261
5352
611
4039
198
3783
9149
3300
5183
6440
9348
6063
4796
8982
3816
6910
1149
3802
9308
375
9924
760
7991
9225
420
3468
8801
7648
8967
1043
8553
3421
3578
9652
2352
5219
260
1954
8139
8401
2922
3168
4428
2200
7735
3361
3143
8508
8190
1836
6497
4719
8592
1340
5719
6680
8711
2782
5741
6366
3608
4058
4034
4025
5859
7138
1991
3917
9806
5898
7342
6043
4869
1835
474
187
6794
7631
7180
6329
1081
4868
9376
4201
3488
2026
8876
3349
9774
335
827
5125
9841
6510
6682
5143
4448
8528
1187
9193
1750
849
3527
2920
4511
7923
8898
8497
8732
425
7148
9700
8401
6307
1234
9797
7953
9453
2193
2896
8692
2042
1707
5643
1478
1601
9270
7236
3403
3620
502
7533
3784
177
877
7304
6998
383
7520
5621
8155
4760
5127
7404
5700
3489
4762
9350
1014
6390
2498
9403
4640
4932
3624
4165
1598
1735
1359
5879
6227
9826
6263
3764
4114
2897
3000
5841
974
3633
9625
3613
7124
9449
9662
3539
5222
9145
1788
8610
2911
8593
8742
7935
2326
1487
5098
8527
9723
5549
4059
87
264
3896
1225
5323
5424
9291
6433
8377
6165
6832
8574
1759
4788
2231
1997
7153
6255
2215
4507
2319
4536
3318
8126
3552
7982
3267
4815
441
2535
7080
7955
21
1104
5931
1329
89
4169
4901
8019
2675
2160
9123
1372
1651
9401
5928
1651
5881
4836
5574
7487
8719
2574
9779
3357
7420
7462
2455
9447
2771
7346
3087
223
4899
7747
6585
4184
4899
3367
1555
6951
1846
9718
6395
5683
6038
3475
5841
7378
1203
5074
9962
2766
1511
8553
8611
194
7131
2564
27
5333
9897
3376
6189
8562
2942
7706
4472
477
8721
3878
2590
7512
5905
8075
7118
7418
5925
9219
3823
627
7761
6169
5386
455
2570
9935
8516
9279
5702
2629
318
4761
9391
2605
7228
6991
7843
4506
8331
5517
4918
9184
5622
1240
6050
547
1842
5412
4110
8199
8844
8560
2168
5798
4981
9272
5283
356
917
6178
6360
5949
8486
858
7842
6842
795
5300
6719
7732
6251
3210
6578
8657
6331
8201
1474
6627
7026
6677
634
205
3750
3822
1104
9185
2176
1021
8131
5578
5968
9367
7594
6441
2794
7080
5359
4386
1554
6108
1983
7050
6976
9590
6212
1155
7717
6104
5736
6627
6208
1929
2013
9494
5321
185
7391
6637
325
6548
3581
6523
1822
4346
5578
8550
8756
7911
8956
1311
9563
4575
5203
5101
3599
4104
6410
5031
8786
6947
5682
8066
4986
4830
1377
5517
4204
8050
6894
1511
6645
2502
2539
7488
5825
8292
2613
5847
721
2635
1456
1836
2149
2560
2794
6459
7181
3047
1706
7385
7125
4662
976
6182
5938
3610
9214
3651
4486
7479
6026
1386
3939
7485
2528
7714
3150
1917
5092
1008
6386
4496
8758
5922
8443
4345
8951
4961
2252
7076
9816
1316
4575
1875
8791
8276
5850
2730
9210
7774
6291
8917
8523
5432
7130
1079
4027
7132
4187
1359
6420
1074
7666
5028
8405
3352
1048
9976
7254
2854
8567
9294
423
6140
9457
1346
4936
1687
9128
5330
6834
7599
1693
6198
2815
302
6509
7023
3183
7543
6775
7774
1533
4603
329
4330
2828
8707
8213
4416
5836
5721
5754
5837
2252
2903
3979
2841
2722
2418
360
994
5625
7828
488
9899
7078
7403
1615
4520
7950
7979
1386
5909
9027
8338
982
694
6541
1759
2125
5315
4897
8148
4791
6511
853
6080
1361
7850
430
8985
9964
609
2551
498
1946
5576
9640
342
751
8430
88
6572
7454
6172
1743
3110
8665
2511
4309
901
6632
6091
440
5174
8128
8956
507
8981
3396
758
9110
592
8422
8125
7389
3895
5338
253
9148
2672
9044
4440
9506
4453
4253
8855
3354
4002
5876
4779
638
4594
2669
803
1367
7640
6142
6592
6258
8456
9315
8417
3728
2089
8838
9938
119
9908
6443
3797
4841
3157
561
6280
1318
5146
6593
1306
5512
9247
4194
2634
3927
604
7856
3246
5453
1742
5899
1102
1668
3363
2996
6195
7803
5947
5494
7473
7066
6373
5500
1715
2906
1906
2637
6325
4215
1248
9805
4626
1565
2818
5679
4230
1947
3241
2729
496
1843
395
7830
281
5663
4416
1973
246
6651
8335
1244
567
3491
7339
3717
165
5548
8200
590
3520
2570
3430
1130
8082
8671
8398
7785
3247
8288
3145
5380
8027
8189
9808
7889
986
1386
5160
3225
4750
452
4302
9310
7728
9157
5682
733
4555
5120
3440
1485
4157
7766
9902
7225
6147
747
8130
9873
8137
7499
7166
6400
3518
3807
5292
8121
8987
4703
3800
4998
3238
4837
2394
3935
357
3453
9962
2216
6616
1470
1524
1439
6826
3259
1867
4924
3303
5038
4268
1088
1010
3845
5531
5912
4308
8538
5421
122
1308
7308
908
6413
9098
298
4625
8069
9091
9317
9956
6825
6138
1195
7534
3579
725
7289
2080
9177
5672
4789
9329
399
4267
9256
9103
1963
901
7582
117
7917
720
5820
77
8941
9110
5372
8550
9366
5192
4622
615
5407
677
1181
9671
8440
7626
9307
8340
3176
7223
3461
9159
8015
5856
2822
768
4695
2586
5761
5583
7984
5906
1291
6033
7742
5655
6061
1528
7449
2982
8125
2094
3788
7765
1393
4163
4528
1965
5658
91
5653
1808
3444
9174
3640
7541
3128
79
288
125
5658
485
6019
9020
1484
8861
3297
8773
2693
9169
9474
477
4460
5562
5148
4097
8279
9266
9225
1913
7373
4675
9864
6035
9488
8332
6160
7031
68
2023
8586
5813
398
2658
3513
5750
3626
2515
810
7422
3020
9712
2743
4251
1604
2987
2319
7702
5337
6980
2964
4902
397
9886
3423
630
7652
2544
5942
4202
6826
635
9433
9582
345
1302
7912
8605
7271
9455
413
4312
672
7773
7743
2484
2643
3203
2829
273
3724
3283
6972
7315
3177
9839
1376
7380
5859
5811
2232
624
841
5647
3753
5088
2872
8629
6760
6880
6051
9562
6218
1445
2434
7251
4015
1167
8430
4617
9625
7225
2184
9813
551
3857
8260
5547
5413
8745
984
2965
6893
2150
6509
2984
7015
8153
220
4908
3907
3011
5876
9923
1925
8239
1968
8294
1691
4317
7700
7873
3541
2088
2776
5090
6672
6360
9685
3573
9471
460
7045
1634
1604
6398
546
9299
1126
9951
3591
6626
7541
7188
8850
4152
9520
4024
8671
822
6934
7348
3339
7238
1935
7610
7500
1422
1348
6512
5441
9386
9374
5714
9927
1654
6709
1153
2263
9854
7677
3053
4331
6482
5049
4693
475
2584
5042
9941
6666
7360
4646
7553
5596
7764
2754
1708
3387
266
4421
95
1488
8793
9385
5504
546
3697
2457
1375
3312
9931
3806
3280
9177
7556
9178
3573
4147
414
597
1056
9422
8200
5559
4129
1962
8520
5848
6967
1072
6451
2611
7246
6105
9322
8045
2141
8782
5339
307
7653
8699
5853
9414
6524
7351
9819
6795
3465
8445
4625
6602
2549
7167
1180
2197
7916
7154
9516
6529
4469
5005
5097
8152
8465
7436
1270
5167
6259
9042
5286
2948
5354
931
5364
8064
3449
5957
836
2108
9506
5887
7790
9221
365
8363
9541
3961
9602
9765
9939
1649
1689
9810
4152
6529
2410
3390
6610
8612
227
7575
7677
1236
5765
4906
2356
6589
4481
1404
364
9890
2134
5534
3313
5408
8595
783
6521
1084
6121
2183
6924
2661
2623
5097
9192
4046
9989
3726
9657
6982
2327
2496
2975
1404
5801
5394
8312
7863
8948
9128
5492
9435
7729
2343
4886
2076
4416
6669
658
9797
5450
7682
6709
4370
7245
4276
6952
238
9700
825
7167
7337
4238
8244
9445
6042
9196
572
4409
9128
2413
422
1768
1168
7818
3525
3723
4978
2430
5915
5739
7449
5423
5031
1582
2751
1605
324
2681
6467
7667
8910
3869
5668
869
8998
7032
3771
2581
7046
5595
7151
8165
4390
3264
9242
5951
1635
4749
2265
9204
9635
4588
7240
451
767
9714
2130
2004
6042
6806
7261
5814
2021
1677
2969
1341
6013
4425
8992
5133
8313
6409
3169
1647
5941
9723
1546
9960
5192
6326
1933
6662
8615
6455
7098
3757
7412
8702
1490
9818
188
117
426
6280
6692
1160
5572
6064
3419
1181
3523
3122
8412
6111
5182
4289
3152
8402
4098
6661
1853
4761
7121
1988
8977
3010
3993
2846
5690
1484
8503
2486
8676
894
2564
6610
9724
6127
5331
3875
33
5128
890
3278
6361
1885
539
9209
4327
2479
6537
4012
8026
4435
1627
5874
4305
8949
294
7327
6340
5393
7431
7787
9504
5317
7048
9608
3319
8957
401
8437
8546
4311
9906
8452
4218
4512
1180
4806
2862
7328
3076
3627
4216
2713
5352
4643
3408
7016
261
2555
5440
1005
5316
6396
8562
4004
6877
5555
4721
6375
3195
5216
4467
6309
7760
9450
4324
7883
3861
3303
6531
9125
6625
3914
6804
8905
1558
186
5618
7653
2809
1456
8245
9354
9896
4551
6002
2379
502
4334
5906
9648
8437
1948
6610
7356
8129
7573
2846
4717
8863
5109
9849
5550
1559
9326
5562
9067
5628
5868
654
8812
5490
6918
2864
4723
5301
8161
7172
5029
951
1511
9341
9473
2072
8100
5760
1484
4134
1748
6666
791
8922
7625
853
910
3314
1319
7600
2709
3556
5010
8091
1483
1010
4958
869
4271
2635
6529
429
8138
5839
3810
7463
1039
8673
7269
4382
4720
5742
610
7655
1209
1909
4037
7275
8112
7713
3823
3878
9077
2946
68
3573
8534
9202
3202
9323
9498
5684
1680
9518
5393
674
9556
8235
8523
7629
1781
5006
898
2011
8094
1867
5181
1640
2382
2409
1893
2373
8857
74
7435
9567
157
375
8208
6289
7545
9751
7726
4173
9970
9676
5572
8292
5925
4421
5598
9408
4923
3900
9857
6777
9234
7138
3345
7682
3524
7184
5723
3082
8237
3675
7422
6423
1928
6124
8831
5357
5137
606
2808
3718
8230
6706
7919
3699
4820
1595
3715
7944
5380
6012
9918
7022
545
2505
9926
4887
985
8274
7889
3854
2248
3855
2897
2543
5630
2798
1342
5186
810
7752
546
2772
92
2942
717
5587
2404
872
3297
6258
4606
8368
7491
8928
7444
8612
5860
322
1266
3994
9665
9859
7584
5471
1123
6449
1354
5529
384
2399
5132
8461
7568
6317
1594
2525
2382
2194
7251
8300
7972
871
4769
6884
8300
1862
3109
5207
3084
6260
3941
8815
7915
4541
678
9532
8094
3519
6784
7872
1118
8279
6929
2334
1260
5989
6413
898
6851
2768
4810
6885
2717
8369
191
5251
8910
8477
2771
4929
3966
3177
7992
1007
6624
7517
1869
9870
1797
9605
7245
5869
2526
2081
4263
2060
476
2203
429
9951
4080
5509
4668
7850
364
2342
8288
7290
6198
5894
524
8873
891
4109
9504
6217
5505
7172
4959
10
1608
4882
398
6987
9008
6348
5696
5867
8901
4846
7433
547
5384
5306
5710
1955
4106
896
3508
1888
9212
9842
4182
1616
1485
31
4594
6276
1225
370
1292
8846
7784
2364
7978
2618
9561
5050
7366
1888
3943
4921
6837
8028
3351
6371
5153
6885
4125
7695
4419
8749
2141
3045
8452
5412
4515
2929
8364
1352
7783
6851
8699
193
4942
5073
2708
2778
8418
4809
5083
7379
6675
3666
8844
7276
9239
2060
7558
7278
781
9919
3816
8872
5996
1814
1424
8042
6737
3065
6519
9908
582
2336
3398
1693
364
3128
3311
8616
3761
5208
2240
7766
8908
3695
550
1754
3358
6943
2474
2988
7694
759
5132
31
1922
1133
3039
1411
3515
8096
1915
9431
2824
3146
8834
5465
5794
7393
1538
5539
9487
5921
1162
1565
1306
5544
7416
3673
1368
4991
7815
5235
6132
7800
8703
4875
1631
4212
3206
5361
4633
4878
1688
9134
5025
38
2233
8677
6663
1470
9895
4647
4547
1849
8692
942
9139
7235
7768
9239
1968
3724
9271
3587
7195
9640
7510
2980
529
4781
323
8593
7051
973
901
8171
7429
8874
1259
4769
6938
2333
3028
1128
5828
8753
4706
6573
3321
6654
5822
2360
512
5008
5457
9305
7906
3636
9599
4488
3244
3335
2589
8460
186
7248
9352
79
784
9935
3118
8289
7174
6719
7649
948
8619
4300
2200
1814
9584
5882
897
6071
333
7556
104
1047
7760
8196
4731
295
8661
3966
3420
4697
6045
7600
3405
8981
531
9320
57
9358
1862
5587
4551
1337
6952
7440
6645
7485
7695
6740
5168
6115
504
2982
2144
9080
7589
3074
6634
7000
5788
6244
1215
9946
6643
5515
387
4694
6761
2726
2600
9599
7370
655
4978
7497
6768
108
8496
9660
8807
4124
9184
1164
7648
8244
7012
3946
474
5762
6893
2641
5449
8733
1146
7884
5188
7759
109
1170
7012
3905
4441
5091
1284
6426
1167
8346
2134
8776
8632
4385
4930
3141
100
4160
5750
9037
2173
970
5474
1148
194
5032
5980
8585
1811
6059
6130
2314
2186
5413
661
3926
5595
9219
6007
8969
1765
7403
6368
8891
4863
9064
7624
8784
8234
3999
6857
1683
8608
4542
1322
9928
4371
8298
8929
7516
3897
5248
4811
8123
409
5514
8232
3024
349
3556
86
2837
4070
127
7294
4425
6628
8711
4066
8909
6870
3566
8719
1194
8619
7679
9256
6045
4985
942
9830
8086
8466
1440
2237
1739
7663
6545
5483
4824
8225
2366
4873
3169
4307
1646
2656
7641
2338
2519
9165
7076
365
8114
7035
2101
9592
9259
6838
9719
4691
3164
8478
1067
3573
2758
8434
2113
3724
6089
7142
6841
1336
8823
440
9097
4163
6191
8076
7722
164
3711
9804
8706
250
4758
1984
5953
8823
8125
6729
3234
5554
6248
2121
9995
1516
4258
9866
4373
7775
9207
8021
181
3661
9028
547
9162
7511
6923
3598
5872
2543
9223
5135
4505
1738
3874
9877
9985
7471
8529
9607
6497
1420
9596
3989
4161
251
1904
171
7002
2227
7789
5932
8172
6219
6206
5297
6961
7061
2206
9098
3514
9888
1577
1070
6632
2957
8461
6494
2481
4491
5615
1494
9523
1138
5662
1561
6123
3851
7021
4952
5911
234
1938
9315
1552
2580
1076
183
5708
8538
2275
3538
8551
7523
8488
3506
1625
3014
2749
2882
3527
4448
151
4189
6355
8669
1960
2262
2978
9220
1506
6742
8237
7114
4211
5103
3646
3930
9289
5468
4033
3781
6028
7825
493
4965
9942
996
2912
700
5663
744
316
1641
9054
6958
68
5639
469
6307
7911
8180
4080
7179
4061
3893
5338
6027
7872
316
802
899
9619
1874
1375
8861
4700
4202
7734
5059
7987
6192
7716
8719
8918
4931
3089
5000
2886
4444
5189
1150
9177
5802
3568
927
2081
3719
5953
6079
9473
2449
3152
231
2565
2866
446
1446
8667
6150
4566
2615
7265
813
1680
1923
8515
6240
5091
9166
1632
4865
3350
4660
6765
2552
6388
2073
43
6679
1387
8011
1155
9178
5655
6353
3922
3765
3623
6102
3197
5011
5106
796
9686
2381
2000
7112
7852
8723
7963
1954
874
7017
610
7815
5414
1079
54
2273
7551
6478
4048
3734
6057
5527
611
9380
9710
6044
13
6281
2997
5568
281
8059
8473
2844
583
9034
3654
5456
8527
6837
5139
448
6223
1378
574
9984
3473
6103
9954
4436
461
2577
7859
3231
740
2179
693
4920
1983
8395
2684
3130
8265
851
8846
1525
1335
4997
1768
394
554
3876
9849
7990
8465
3668
8113
7500
105
6596
3539
5344
1138
6625
308
1340
4647
5703
1287
7476
4068
2799
4303
581
9217
2375
4864
3230
2142
3266
1340
8824
6834
3408
6561
3123
9023
5992
1668
3204
2151
4808
8135
6476
1942
9173
1715
3490
1175
2841
9497
2061
9600
3874
9232
3913
7792
4275
6136
4127
849
1284
6974
6933
3079
8104
3835
9462
3961
5497
2200
2252
8111
2737
2607
3127
4111
9239
4213
6321
5444
7820
726
6527
4872
5300
7373
6441
968
2501
1511
9834
6034
1886
2343
8203
6613
1026
8674
2708
9920
3588
6224
309
4538
275
4580
3137
6778
9699
3223
9818
3801
8370
4690
9835
2614
5505
3878
2506
8353
7159
5291
8097
7603
6229
6528
4752
3244
3619
6758
2627
7977
2789
1497
7314
7480
757
7819
2692
9241
8835
5855
9869
5186
5539
470
3572
9833
9313
6333
5699
516
7636
5178
9514
2172
4668
7568
749
8902
8636
1156
1660
5387
243
1430
6635
9146
8470
2761
2118
7300
812
3266
5343
3498
6761
8320
2086
3389
2936
7908
8145
3402
4795
4827
8608
356
3318
895
1288
4728
7757
5080
982
7582
2812
5829
8371
1656
9995
8923
3518
1940
8992
4532
552
4302
3486
8546
3049
8344
7827
6197
1651
3438
7435
1802
1357
7280
1741
3895
7569
6422
6768
4718
6343
5964
7753
3587
1720
4428
5936
2578
4171
8986
2940
4484
1222
9352
5161
2963
4040
1460
8375
2778
4151
3467
1089
9123
7313
1315
1001
7452
1216
696
4888
4509
4470
2792
811
7464
410
7590
1226
3128
8100
5281
9330
7307
8434
5476
421
7085
6889
3729
3719
3211
5367
9878
1066
2738
8698
2353
7637
4687
5401
9676
1154
5666
2973
5027
7218
6070
9860
4837
1074
5817
6560
1077
2311
4595
1343
4928
3066
1747
1213
9135
4481
9855
928
1641
1008
6746
9327
6179
2714
1939
5682
9814
1261
9235
2404
8943
3800
2176
7919
8071
8659
495
4044
8455
2508
1259
2083
5937
3654
1769
3621
5613
7286
3523
8350
9460
1452
1448
2
2105
3102
4843
3402
8160
400
1895
4414
6353
9296
7148
9966
7829
6875
3043
2702
9126
7079
8560
4726
3648
9044
9318
2386
1148
5784
4290
5674
4749
4462
8079
3742
4034
5743
4005
2471
8980
7626
1534
3138
5264
5217
4890
8123
7062
3403
9181
1770
4003
9986
8158
3261
172
2821
4310
2585
1080
7878
5897
1945
5551
8796
34
9570
6384
8345
8931
2449
4583
8815
7166
4256
6342
3328
310
8490
9129
9844
3529
1675
3244
6984
7448
8351
5105
8396
2665
2971
8388
1036
1889
3015
706
7956
2356
9303
1344
2026
1039
2859
5385
4885
5455
2538
9110
4757
6791
9885
2812
9425
1621
8977
8065
8742
2255
8393
6671
8263
6364
161
6252
5388
6431
7611
961
363
8799
4468
8836
7737
197
5379
3201
2782
4732
5485
7624
8892
2375
6393
2611
8264
4520
2321
1441
5521
1894
9337
7567
3833
2361
3529
1510
167
6356
8148
7818
4006
6076
9396
1051
3061
7666
7834
6352
3827
383
3367
8488
6483
9680
7722
2913
4125
52
8638
2654
485
8918
1975
8274
7174
9122
24
1402
2675
2061
7127
6671
7952
8837
9701
5937
8595
3158
9173
2748
3301
1895
9017
8909
8881
371
217
9519
1906
8787
4618
8656
5136
1247
2740
328
7593
1519
3920
7041
5848
1215
8782
6096
8839
6593
5346
3693
9414
5623
3650
4288
493
8685
2452
7597
2041
5948
8846
2954
850
830
8423
8776
5989
5295
7738
4452
3271
8019
2257
3830
4681
6071
8408
5163
8978
8704
673
8036
8252
9736
2821
8147
9480
9675
1578
5711
5018
9923
3004
9141
6341
1016
5085
2484
3355
9913
4522
7006
834
5743
4709
195
8075
3083
2750
2094
1021
8721
5356
971
601
883
5668
7309
5124
8479
4542
6973
9053
2148
9049
8694
9753
2330
4239
7921
5614
1327
769
7694
8481
462
2307
1679
65
3967
5421
7841
1069
7800
7574
9178
8886
4731
8707
3728
1877
1835
6611
9917
641
6602
902
8823
8698
1399
7359
5074
6107
4128
4381
7107
5456
8129
1597
1773
1773
4892
3384
1518
9939
6461
187
8149
9618
7483
6796
1316
9391
4159
8675
897
8293
2929
5787
1266
6355
9545
6772
5465
2341
1197
4720
8172
9743
5558
6136
2854
4271
287
9534
5995
4440
5926
8627
5775
132
9064
7606
7313
7277
83
8203
796
4927
3516
132
682
9094
4909
4722
5978
9398
1747
7361
5362
9032
8419
9702
7020
80
5783
8434
8022
3649
5143
8132
2668
5706
3869
3701
3495
1897
4700
9159
8839
8630
3812
8521
6471
1609
3793
4739
5539
8330
9889
9970
908
7234
1570
3145
9631
883
4761
1816
1101
5197
7449
5275
7212
2038
8141
6112
8404
742
3888
695
5861
3301
9778
8055
2411
341
5174
6721
3267
8168
822
130
412
595
376
5628
3320
2748
7706
3071
5031
1307
776
9915
1000
4927
9080
5533
3605
5681
3402
7982
496
2906
5913
514
776
7578
2342
6976
7897
8752
1190
2704
8065
8289
8018
7359
8370
9717
2001
8840
6066
8499
1152
9878
5320
7966
7470
7667
462
8017
3313
5481
9003
2453
7819
2010
7954
7516
2960
907
7667
9261
2846
1799
6519
5270
8564
8856
7750
4394
2440
7501
1648
223
6658
6034
4885
6377
5146
9855
6181
9774
138
8675
7513
3665
6351
6790
9811
2480
4165
1726
7231
725
4517
9620
3757
4848
7080
2724
8577
9482
4776
2105
6829
3159
4108
4864
5768
9924
3391
8704
3555
5204
4872
5088
5814
9952
8972
1671
4354
1627
1342
5494
7128
7406
7366
3080
1970
359
1269
1443
1331
7929
2141
4440
4195
9598
6173
2443
7407
9315
9322
2156
3118
1172
817
593
1407
3498
596
3559
5165
1387
4028
5848
9257
4759
3722
4137
3440
8155
164
345
9745
3496
6585
5140
7563
7181
2322
1216
3576
9590
9488
972
7941
5122
3065
6589
4091
5311
3157
7098
4795
6293
1310
4550
5425
9481
2863
5804
4738
2844
6989
206
5281
2022
2415
5927
1336
7860
698
5534
4758
164
6761
2571
3498
6657
8343
392
6075
7897
9990
5393
7341
8894
8528
153
5566
2913
8389
3467
1612
7005
4844
6151
2789
1040
5727
6876
4645
1068
148
6827
8474
2357
4949
1628
5414
9862
5445
3810
4701
5140
5765
9798
4661
2715
7726
5631
8019
781
3731
9711
3262
2596
7633
2459
4477
5825
8907
4757
7473
5603
24
5442
8360
8339
379
6187
1211
7663
4440
4453
3348
1636
154
8594
9670
9548
9898
3074
2586
9444
3412
4542
6743
6901
5897
3670
8179
1222
4991
4296
4738
6227
5385
5787
9612
9138
5432
6359
2095
7436
706
5211
7051
6579
9717
2073
5376
311
983
2081
949
3742
8784
6432
1317
1177
9483
7417
8169
1976
7494
7347
7595
7391
2639
2891
4257
2467
4821
8468
1331
2892
8749
5393
7873
7669
7705
4424
7319
7624
7579
4706
394
2922
2678
4538
6596
3838
4608
2994
5010
7772
5437
8674
5886
4333
1076
5939
1716
6468
1716
8685
5823
7205
8774
2701
4988
2169
1049
450
6501
2473
5326
1462
643
3424
6946
8641
9581
5835
8764
9045
561
