9250
395
7721
9039
6223
336
4150
6539
979
1668
7941
2290
1446
666
4127
7611
9536
3509
6870
3869
8507
4711
3528
5583
3529
5417
6899
4772
3670
680
9682
1686
701
7037
9698
7337
8691
69
2190
1291
165
7096
4438
6957
1854
2736
4885
984
9547
4938
3183
6452
7595
2890
2515
6863
3650
3576
9234
3478
2937
6856
1034
6063
9249
3422
1785
5981
3818
965
8289
1888
5238
2620
4939
9960
2697
6881
3017
8549
2044
7932
5276
1358
9892
4052
8585
4180
7046
4316
2177
2229
5517
5116
6066
5547
2085
7587
1839
2348
2450
6776
2876
2511
666
3177
354
699
2338
5237
4691
991
8578
8375
5836
442
3284
5579
1730
4322
9743
5259
1502
1777
207
3205
5623
8595
8822
3191
9042
3929
7558
3030
2456
4774
5824
4159
7206
5387
2507
9826
2262
4137
2156
5073
3917
3254
522
6842
3100
8416
1798
4196
9567
4918
902
6073
1597
4738
5654
6657
5857
1469
7148
6120
3458
543
1894
3340
4351
1642
7276
2943
2965
3099
2363
3557
5954
4765
1572
6637
8878
384
6598
9174
7494
127
6442
3513
4147
4068
1102
3889
7736
7031
994
6370
4707
2848
7968
1221
6082
1664
4492
6158
131
6020
3539
8227
2305
4282
4390
8633
2140
236
5023
2708
9918
5229
3287
4144
4013
5170
3157
6194
1961
3120
6179
1096
5195
6183
802
1099
5590
3170
9909
9272
6736
8215
1033
2568
9602
3615
189
3060
5103
3971
9397
793
2616
3496
4468
5582
9561
2243
8530
1040
3722
9890
9641
9546
6806
2828
7439
3308
9044
6329
2190
1062
9902
8015
3163
9792
2878
5930
5550
4822
7295
416
4445
4963
3774
779
8716
3608
5257
5920
6966
2016
7098
3920
587
7844
1790
9058
4641
1841
31
2679
9530
1041
7160
1425
8591
5795
1916
690
4793
8875
7781
7312
8060
747
721
2974
5862
5373
1203
8023
1901
2045
9087
7223
7752
9979
5229
7369
9624
5653
4045
5243
2979
868
554
1643
4664
6211
3140
2943
5513
7334
8044
1695
5328
734
316
4036
9812
9509
3022
7361
3520
46
7466
2511
6044
4128
9038
6515
755
253
237
5946
5045
5753
6692
6889
5406
1036
3129
7701
198
5936
8944
7426
7682
7213
9027
6902
7243
9772
7056
1605
6090
7099
125
1860
3843
7610
4697
7548
1635
2899
550
1059
8683
9191
9390
5699
7312
8087
4504
8088
5194
2744
397
8599
7406
9929
5595
6048
8604
2432
1660
2816
2932
6649
2456
8511
7526
4007
2750
1857
9401
754
8205
785
2630
7678
8256
3170
562
4047
791
8065
7841
7785
4639
5363
931
4484
6557
4532
9083
8197
3301
4296
404
7868
5162
8872
4578
1079
9982
2611
2168
9465
9407
8956
793
8764
5112
4678
7002
9078
7886
5773
3106
3922
5887
856
5396
7937
2765
17
9732
1626
856
4821
6384
3568
3771
5040
8656
3937
9178
2943
3839
7300
4889
2707
9577
4348
2702
4736
4074
6363
5010
6195
2554
9658
3063
3223
6104
1397
1933
1107
7538
3492
7365
8382
3004
7100
8075
4363
594
1674
5479
4324
2824
6109
6265
4328
1351
9951
1231
7040
2341
8390
3337
2855
6002
8445
4679
2422
5129
3468
7430
4739
6163
1647
7323
1814
3372
2718
5928
3203
340
8742
69
4383
1278
9861
2233
450
4831
6590
9275
3843
8445
8722
9875
5660
4993
3650
6292
4190
2414
3858
9439
9151
2465
658
9845
8491
9388
6518
5326
3547
2180
2390
4132
6443
5597
580
4317
5062
2630
3366
3602
9679
5350
8879
6933
7795
6793
7869
1684
4622
3783
7847
768
2143
6344
6778
6360
7272
5135
7169
4581
8009
4569
1168
2805
1675
5339
1846
9812
1356
3626
4236
3865
5998
6416
9674
4743
8761
7117
576
5543
2428
421
4067
5528
9091
6879
1702
3608
3825
7109
2474
771
2422
2225
1083
8307
6687
6565
219
89
9007
5657
2343
2544
8567
3100
9260
7527
5938
9141
2181
5700
8624
9458
2080
1988
9424
7040
8470
660
870
9024
9390
469
9976
7016
9144
6244
1025
5708
3707
1342
846
1977
8522
5010
7368
3317
4547
8034
2820
158
9608
2615
239
7592
7501
4592
254
5766
9337
8075
3985
1873
961
2984
2968
9018
3487
2671
6490
4174
8664
3314
7554
5421
5275
6412
9259
3940
8822
9689
9444
4583
6192
7915
1452
7968
2180
5923
6305
206
7377
2663
7895
9560
3531
2716
9748
43
7718
9569
4787
8730
4821
515
1761
5779
2268
5027
1550
6110
94
5641
5299
2967
930
2273
7163
8459
9256
9421
193
9492
6864
7545
6749
3555
4562
860
2449
3655
831
9017
3769
546
2402
2427
2814
3858
5204
9765
8337
7272
7771
9661
6531
9502
3707
1831
7674
4277
5441
6279
6376
9770
1086
3084
4872
7262
4960
3058
7830
6086
8685
9420
9978
4182
2636
3047
6716
9257
6226
8389
2514
2870
9510
2858
4040
7625
2987
1311
23
7799
5500
7271
6480
3911
4744
4682
8355
7338
3008
9064
7817
8886
1556
2032
2387
8978
6681
5235
6231
5348
2943
4056
9449
3740
2733
2253
5874
3042
4203
4644
9372
5330
7640
342
4635
9311
7455
5125
8187
8404
743
441
4751
3550
3823
1117
7677
5072
5850
157
1397
1690
5308
6813
584
2610
2620
8324
5266
159
2779
148
5466
9495
3764
8952
8912
2482
6025
1205
6815
9438
7746
3928
2644
478
1814
1235
2554
9211
2857
6279
3388
7833
9553
264
7630
2111
8967
7590
9793
6956
6204
5878
5457
2803
7440
1945
1718
8043
9966
9052
498
8314
482
784
8420
474
1135
9749
6512
2046
676
8218
866
8230
2056
5262
4589
809
92
3075
7774
1683
6558
4268
6561
5767
440
4674
3673
2418
4214
595
5080
2198
4870
8102
3896
16
7973
1207
8481
5712
1929
5632
3919
7519
9751
3535
9302
3935
7675
2474
9449
644
5259
9550
842
952
9630
6966
9058
860
2929
9287
4903
1918
1252
7119
8248
4885
1471
5865
249
5556
4809
1460
4160
5840
8904
3074
7052
31
2842
9455
1734
6745
5086
3438
9303
5234
3450
2857
9491
6012
1069
9571
3053
5857
8907
913
4402
7563
1078
2744
6917
5822
4264
7055
5013
5029
7260
286
7383
8056
8492
9499
2496
8623
2856
942
6550
9075
6148
9749
7074
7211
217
2432
2647
7823
8727
4327
8547
2424
7142
8926
7831
9476
6575
8739
2969
160
7708
763
8717
4655
7042
8872
8917
5774
9873
2356
4740
6098
3696
8344
9440
2327
4761
3677
6804
4437
1780
8559
931
5
3810
202
6099
419
757
2337
8957
8235
9012
8377
2586
805
757
9206
5387
6363
6770
9044
9686
4915
7458
5146
2704
9844
7091
4075
1243
8083
3416
2712
3439
7996
414
2211
1763
900
2856
7534
1772
137
7536
1426
2941
8623
1147
6244
7040
5282
3970
5407
9939
5516
5863
6755
4717
6650
4218
9044
5044
4635
6887
3674
7446
4490
7326
7109
4064
763
8088
5489
7937
7624
2874
6586
1975
4970
5716
8410
7084
6963
6026
2544
4329
9991
2772
2567
2051
9725
8655
6029
4553
4649
5736
5629
4217
3681
1830
224
8430
9288
3772
6257
2559
7781
3404
5680
6271
1464
1688
5889
4454
1610
4762
1780
2495
1480
1736
6082
1974
7218
2823
4019
7036
3002
3032
1568
311
2828
591
5893
4155
7290
2770
1044
9771
9919
6308
2919
4726
3951
8080
7883
5820
3025
5200
8306
9128
6953
6969
9886
8714
2406
2457
1836
3794
5172
6213
8596
7132
4842
9495
8059
7785
2317
1902
7452
7338
422
1702
3862
8374
8407
4265
1512
6854
6677
9788
1007
7533
9808
8625
2400
9987
5966
6708
8555
6702
374
367
575
5991
2052
8004
6368
2541
423
7194
1129
9269
2144
2804
4366
3569
9938
7944
1992
7836
2043
3840
2904
8990
2044
33
3546
5136
8480
5654
1628
9476
5003
1853
1378
6290
5668
1369
9607
4453
2648
7764
7746
5748
738
9714
8078
1820
4047
3801
6046
1191
2510
9256
456
7759
5244
8736
8022
2524
1300
9761
8212
6581
3516
1951
7008
7064
8518
37
5742
4008
4891
9213
885
3173
9711
6579
6007
3991
7269
7878
5582
9119
1150
3149
5562
3470
2161
1588
6915
7477
7586
9422
8940
551
5874
3452
6310
5903
5566
575
4029
9789
2483
9317
4991
4670
322
5006
458
6473
2733
7898
6106
4743
8289
5812
81
8087
6074
8382
7994
2634
7546
7452
2761
5881
3508
4158
5216
5964
2441
1135
7904
9191
5007
7401
4747
8629
1785
6642
5227
2229
2989
8804
2318
1254
8047
939
7307
6077
8112
7964
4348
4092
156
7475
9521
8720
3427
1189
9087
5051
9669
6910
520
9042
48
826
1097
5056
2083
6237
4407
7982
3530
9480
2616
1406
3583
7845
4375
6481
9174
9721
6956
6306
8514
5789
971
3654
2925
6935
3329
9684
684
4823
6813
5906
8202
3510
3166
2603
1234
701
1612
17
3082
9968
9197
5536
215
8026
5791
9788
7219
5445
346
2774
9605
7027
1591
4700
3528
3227
9963
6486
265
9279
6650
519
8097
5812
9459
9174
6177
2831
2069
6629
6660
4597
4474
7316
6187
5307
7403
4629
7008
2353
2188
5979
6666
3291
8420
4474
9192
252
7271
1161
9427
2401
3982
7169
1086
3272
2334
5880
6033
3178
375
9692
1735
7191
2515
8541
5043
1896
4145
4497
2612
7038
2812
528
650
1268
6461
8578
9006
4755
5333
3768
175
1662
2335
7209
4365
3550
677
1384
6881
8676
7957
3448
8739
613
4720
5331
8234
135
9222
2734
803
6345
3914
6561
2211
1801
3081
7148
3632
7243
7298
6847
9343
8832
7906
3832
6939
9643
619
110
3185
1498
9369
8664
5198
2051
8423
9687
7753
7553
6593
2794
9789
2844
3006
4266
693
1117
1165
3708
1505
7890
6558
1930
5491
3171
1062
5168
6102
8060
9184
6678
4056
2583
367
6193
3688
8471
240
8793
6411
3369
6955
990
9415
9372
1234
4989
9397
2922
9170
4858
5611
944
9638
5222
3791
656
1273
2883
7821
8075
3835
6271
9826
6976
5398
8472
8672
7245
9176
6512
5990
5142
2855
5052
3541
7623
4851
8711
6844
575
2528
3101
1097
3088
252
8007
7145
1145
7804
675
9743
6973
1339
3330
9225
7517
6306
9921
8754
9584
3981
8379
8856
9527
9910
1990
3305
3699
8475
8622
5325
6459
9855
3079
6049
8216
655
1987
1621
4241
3830
872
1268
1619
882
7249
4271
3486
2020
6877
9381
3915
3414
4618
616
12
6634
9675
7389
879
423
7886
1778
1933
4763
5195
8929
1419
6820
405
4943
7249
1050
9912
6235
6576
6013
1151
4678
781
2119
5334
4638
7816
3359
6654
914
7682
3543
2996
3104
6190
9819
7171
7027
3977
316
8420
9191
4625
5603
9367
2996
8168
897
8765
9519
1163
1896
8678
9494
718
8224
2467
7409
965
6354
6901
3759
4795
299
5294
3958
7867
3711
3300
1531
836
3830
3127
5545
5701
7864
3374
436
5027
9922
7991
6237
6209
7147
9673
328
3526
1861
145
3881
1906
3770
7297
6497
300
5360
5974
9132
7678
3283
3977
4234
4864
160
6268
3240
8646
4099
8939
1410
186
8607
8816
5938
7666
5752
7561
8634
2051
2288
9621
6406
2662
7198
2703
5650
9755
9930
8641
7292
985
3239
5155
7414
3862
9489
1285
71
6219
2354
6104
4395
6291
3833
6763
5169
5684
1964
8779
2021
8561
6059
1891
5459
9827
953
7282
6721
5101
2839
5403
769
5343
2969
3474
414
1191
6776
1994
2916
5750
4410
4880
3459
880
4789
5469
9767
6347
7939
743
2434
7030
734
1820
3631
6095
5879
9923
3969
7748
7121
4378
2444
4735
1866
1323
5677
1220
8870
3797
7242
1064
1650
4317
5734
4714
8304
9387
5528
9401
3801
6604
782
2751
881
4836
292
2508
1619
8979
3134
6278
1707
5938
6743
1283
680
6423
8420
5641
8537
7294
9802
8657
9708
4426
1650
3015
259
9850
4928
214
6757
643
2367
8442
7155
1072
3031
7982
9163
1291
9380
2199
9557
5343
8575
3151
2282
2505
7545
1443
4067
291
558
6826
1221
1729
5032
1432
1173
3677
2732
886
8470
2028
325
350
841
6738
5037
8475
789
537
7133
3985
406
1510
3722
9363
5288
8678
7573
2411
9452
9547
3620
626
6838
332
7057
738
3647
3052
9237
4533
5656
6612
5706
3998
9876
4101
6076
9249
6611
7265
2512
9176
2537
4753
6169
5560
267
3583
1266
132
8581
6754
4261
3963
123
1364
7402
4678
8704
4798
313
9275
5783
7040
7082
2531
8769
5463
490
2036
4286
1365
1342
7922
246
9605
2646
9324
387
5624
1171
9607
7906
5258
1767
1251
6512
3700
830
214
8747
9828
5580
3251
8644
3041
5774
534
4735
8392
9298
4214
4304
3608
1858
3002
3506
6160
8843
4295
3060
82
4515
9113
3626
3666
1527
5121
5094
4133
2060
924
9414
2574
1300
3577
3541
5282
3773
8852
4562
9714
2491
7132
2115
6475
6137
4455
2239
1673
2852
6001
1292
4391
9619
2011
5266
7045
9806
7374
6037
2487
9728
7535
1714
1087
3497
7917
4997
6251
4634
6989
2456
8090
670
3290
3179
9312
3640
4366
7533
692
1856
5417
249
8215
8817
5463
7441
9742
914
220
825
2522
737
8467
7813
2887
7365
2598
5103
3108
1798
5989
4354
8018
6371
7894
5422
7504
6566
993
5384
7103
6042
9475
9812
4847
823
26
5923
6303
8637
6514
811
9865
1590
2236
9191
8380
7987
9137
3879
5484
4635
9401
5387
6087
3177
9295
1962
5983
9997
1477
7888
8302
7867
1970
7671
4234
6417
385
2396
5601
2167
9798
4838
2055
3291
5128
9016
9446
3093
8922
7334
4173
7178
1072
6392
8657
237
1704
6484
8344
7010
5477
2209
3424
9605
1923
4138
4182
434
1145
9851
4136
5770
1728
1003
8781
69
7575
3149
351
305
6797
3001
9003
4563
1002
2000
212
3581
5701
4716
7631
146
5802
5982
2638
3083
7081
4356
8425
7065
8513
6674
8300
6634
2985
647
3677
6905
3703
3284
3318
2747
1217
8963
6538
587
3295
1505
9457
1779
540
7475
4876
5214
6805
6258
8411
2965
141
1224
1860
1454
6525
5024
6900
4873
9501
5423
9521
9315
8007
9800
6935
7549
5972
7712
619
889
86
6499
9776
9947
1063
1400
4005
7771
9262
5392
7830
3802
6418
8794
6830
7271
9675
9000
4719
7527
3727
2915
8100
2497
8864
6169
4471
3240
2155
7736
9635
2488
6467
2933
2171
2866
1669
5992
5058
6168
6695
519
1071
5366
7930
8550
4991
5270
1666
7598
4261
6251
155
7413
9808
4255
2343
3644
7680
2675
2190
445
6581
1044
4073
953
9391
114
2809
4113
3779
7219
8675
4680
9402
3347
2081
5086
8131
9967
8986
7452
4288
5876
619
5077
5818
1539
2336
9601
4195
8535
6774
3243
8489
5544
2993
9171
975
3470
1361
9356
2616
6920
6150
9938
9293
2502
8339
7815
6163
4139
5353
3538
3944
7187
3356
3177
5247
232
5177
1922
8827
9614
3887
9013
3403
719
5000
7274
2636
7926
7213
7377
1329
1121
5829
4303
6603
9411
9523
6845
902
4042
980
2314
7344
4746
763
2129
1727
8004
73
2329
4773
7073
2777
4351
1978
8967
4044
3007
9731
8627
4793
6190
3177
9672
7609
4817
549
2436
4750
9050
5938
7762
7963
1178
4256
5306
9320
3205
4961
9902
2424
3121
831
6174
43
3183
3455
3176
2789
6473
8747
9337
7645
8334
713
5277
1133
1294
6187
194
8567
8878
9704
6888
7333
429
8651
3323
9311
5360
8026
6493
9813
1787
94
129
1756
4911
6268
5382
4340
408
2858
3671
2137
9923
7164
4221
2711
5704
8244
9347
7580
3534
9887
2888
9623
469
4367
7609
3527
2986
9663
508
8787
5898
988
1525
9760
5844
7254
8415
7860
3515
254
6266
7424
2565
2163
239
5561
635
295
7790
7944
3973
4711
6308
4955
5173
4452
6673
9944
9615
9635
4455
4811
9001
6624
4776
2951
405
1777
8631
3108
8767
4963
6723
2921
7994
1476
3418
8901
7070
1624
3413
7747
3949
5554
8020
882
6331
4462
6215
5550
5725
3335
7315
925
2606
8579
6727
9614
8794
3011
622
2535
4202
8864
6649
3092
3999
4765
655
6108
730
7854
3029
3942
1695
7522
7526
6585
2104
3621
2199
9380
8814
9456
1615
1667
2838
1651
8796
5775
7600
9485
7189
1232
2917
7759
6303
4497
7228
8418
4826
2236
3502
9759
9520
4160
7576
3443
3813
1662
8697
3655
5528
895
3340
4752
4342
3615
6357
3547
9346
5099
1032
8123
2873
3931
7152
2319
5931
6992
7861
2165
6066
9594
2406
88
1748
4154
9635
1068
5372
6007
4981
7595
8607
3384
2421
6675
4571
4854
2526
5044
5513
8029
413
8693
5919
9845
2576
8911
8283
356
6421
6594
138
6862
2586
2237
3757
6387
4593
3188
4899
7974
3487
8834
5099
2705
8895
959
7009
7390
6922
5587
8430
9268
579
6358
5371
2994
1975
1066
7906
4496
9787
8124
5786
500
8337
9036
415
1660
4590
7796
5763
6274
4861
5480
9990
8402
8084
3898
1755
9012
7443
6193
4740
296
7185
4121
5029
3524
8077
6062
4283
3054
423
5378
1288
3869
3474
776
1844
9783
9962
1669
7907
7997
8188
2296
6006
4395
4716
667
5734
748
3328
3617
8337
3403
4077
3298
6197
1859
4702
4315
2250
7368
6392
928
7320
2900
2840
5944
4782
9570
6172
6138
3928
2544
7418
7938
5591
4131
9405
8323
7749
5849
8857
5493
6823
1779
8919
4458
1543
1250
9692
1733
9422
6487
6674
8680
7501
4721
2142
3870
1166
2110
4108
7308
922
6917
8876
2961
7662
6893
2454
8522
2552
6477
9475
2502
9258
9599
5220
6397
3502
8407
932
7520
903
2297
5183
8152
8875
169
2598
2158
3133
4926
874
2130
6174
4265
8083
8342
6251
7002
4623
4926
8530
4056
1002
2074
7554
5999
5772
3421
8540
6720
7813
1808
9415
6445
588
1796
109
7739
5999
9197
5244
6282
8190
8977
3875
3290
3426
2713
8664
5736
3570
6634
5493
8343
5439
4889
2336
3808
5651
7557
3880
1269
9962
794
9555
4540
5916
2369
8572
1373
3571
9882
8887
353
5965
349
4664
4058
2811
9029
3385
4060
993
3167
1828
4914
9937
3982
338
5333
7654
9595
4253
2202
9901
7552
1707
5253
9208
708
7219
5490
4682
1145
6558
6208
4555
3747
4046
3101
9315
4170
1228
9099
7027
3870
4413
9782
3876
5564
7301
2894
7855
3969
3777
1491
8723
853
9000
5666
2884
3033
6165
7023
7260
7543
9900
8756
1685
8415
9462
2267
1353
8502
9899
401
4775
4134
6833
1928
171
5628
6131
2752
3607
8291
2607
8040
9379
3312
4441
9955
7889
8654
2997
3633
5967
334
6557
3487
1732
2340
3574
8997
2381
8877
2321
7272
4240
270
3001
6629
1037
2494
9978
39
1086
1986
4979
4090
8795
1810
8486
3242
733
6141
9365
8916
5754
6082
270
7356
5430
4538
4110
9800
401
8482
7857
6999
5321
131
3261
8798
1642
6671
87
7154
9523
1665
2598
8890
5455
7734
6797
4591
7399
4128
7876
6455
3681
8770
6616
7708
2505
7675
6259
4635
2246
7971
9390
1476
8628
2385
8560
9770
3466
1970
8052
4178
6066
6670
2573
8431
5875
1076
9440
7786
9125
5836
6865
9272
360
3525
3594
2090
8401
154
8965
821
817
5052
2283
1038
1683
9443
5518
6184
305
9182
9113
7481
8318
1872
6464
4018
1223
7515
9261
3905
8736
3489
3880
5991
1238
8587
1499
8692
9194
3771
2190
3626
7116
7993
3875
6214
5033
6390
3231
242
5053
6777
7264
8283
4362
1708
2302
2147
7584
4613
5377
3248
2511
1187
5457
7697
8520
8907
3988
349
592
6677
2314
5863
6811
4928
2785
6099
7992
6215
5722
9386
3815
6816
7721
7249
5775
1984
5106
1152
7444
4159
5832
6416
1025
1345
5623
6771
8763
9560
1603
2829
1449
7669
3758
9425
9
3418
6143
3637
6892
4727
4554
20
2943
9469
4312
5922
712
9749
7731
2815
2152
2041
646
9492
6089
5417
8586
602
4255
7629
5386
4594
1381
3684
6088
3736
3975
2645
1312
4871
9279
6511
7076
645
244
6428
7962
1550
8915
8345
1792
9166
8273
3764
7165
1016
6611
9196
4338
7826
586
2315
5637
6113
8640
3884
3163
6651
7495
607
9786
1428
4871
6331
7999
5311
125
6071
3264
7162
3691
3115
7327
8995
9095
2177
62
7249
4281
1894
2682
8391
97
4595
9676
2720
5825
3280
1436
3851
826
9197
8743
8549
3976
562
8190
6037
4553
1207
816
290
9982
7033
2047
2718
5833
7745
5155
3985
8680
9783
5427
6131
3656
4545
4739
1275
3705
3443
8712
3850
8304
5869
8942
5292
7990
901
9394
3894
2637
4896
5068
5925
3082
1758
5066
2707
1350
4699
1606
8221
4317
8897
7011
8332
418
356
7300
4037
5537
7499
5232
998
4464
23
9264
2419
1028
4372
9902
147
7600
5176
4256
7556
852
3837
9725
9393
8310
244
5288
7965
5556
3353
4862
4654
8489
7098
8529
1601
3165
6465
5207
1938
8622
7046
1791
3973
6212
3592
3492
7624
2955
6799
3182
1935
7085
6348
5644
3337
2509
2800
6847
8734
2339
6904
8706
9364
2580
9783
9346
2523
4686
6627
1186
7965
4500
2846
1416
7124
4770
4842
4059
9002
5491
1858
3341
9828
2045
3600
2444
9886
2158
8056
5692
5027
7023
1210
7017
6597
4135
7822
7934
5697
8083
9912
1029
1426
4138
3940
2337
948
1286
1150
2450
50
9053
9022
8046
6773
5223
5445
5377
2491
6071
7222
1271
9564
7776
8896
6581
5763
7375
7941
3685
6251
1168
2643
811
7940
3168
6456
91
8719
6001
7418
6386
7125
6206
1149
5912
3541
3694
7316
5785
4348
7820
422
1349
8007
6254
9112
3955
2648
4658
1103
5197
3682
140
953
9321
75
4555
9111
7869
7067
3284
4738
9932
220
7516
5168
912
7125
6352
6201
291
5027
6630
1796
7068
9866
242
6853
9539
7994
6729
1117
9943
8772
8646
2001
6910
8422
4787
4594
6802
7557
7644
3085
805
9674
6081
864
302
9843
8507
8597
9009
192
1143
6573
9188
1209
7425
2118
9300
1269
8063
9836
9580
9574
206
4428
3779
3565
3771
5935
4695
6210
6993
3191
5637
1096
8644
1414
9610
6879
768
8660
6220
6786
7262
3011
1101
8306
1529
2849
7007
5586
754
4563
4846
923
9024
2529
592
3917
3509
8686
2467
713
8702
3639
8347
5538
7727
9152
6577
9283
6694
2571
5310
9242
963
3153
2021
7270
9515
7186
7807
6234
4073
2598
6590
9858
1539
8086
1632
3376
999
3349
1642
5548
1328
5048
8602
2056
9841
443
3171
155
5840
9344
8774
6410
998
20
1637
942
6469
1594
1804
6686
6749
6927
1151
6156
1093
669
284
9047
8316
5687
6374
1669
713
9981
7007
9765
5214
507
8707
7361
4972
2627
6732
7907
8652
469
3914
7588
5217
8307
7376
8211
3339
7483
2371
3504
9662
6090
1297
9322
7503
9958
257
410
6506
4692
8856
7021
6773
540
8386
5200
503
3169
6823
2285
5832
6068
6037
6306
7302
7067
3450
2228
719
5102
5357
3143
7975
2832
2713
7298
479
2111
5519
364
399
1345
3542
9533
4871
8452
8181
7343
698
6448
8382
1952
3340
4370
4918
1051
273
8827
4150
3093
8097
568
5814
4481
9510
8715
9326
8221
90
2740
8589
6916
9010
6246
3603
4590
5962
8219
8888
6631
3258
483
9577
9902
9084
3472
4103
9848
2661
1101
6076
7866
6653
5774
7944
2405
4480
5025
3723
8594
2512
4247
698
6829
594
9125
7272
1048
4422
9696
130
5592
1672
878
4646
5880
1731
8547
899
8915
6849
2108
4813
9116
9009
547
588
7828
9263
2978
6188
6150
8128
353
606
2893
4804
4176
6496
2777
5153
8626
3580
4364
1120
3960
8780
4838
5852
3756
2312
7207
3814
807
6697
516
4097
5252
1363
6029
2166
9730
9028
1485
2755
7729
5044
7288
7351
2154
9515
8952
7748
3944
8238
7772
4221
8744
5263
88
959
1946
2225
6437
6827
4646
338
9657
2936
1149
5936
1377
1957
6791
334
2141
5179
4724
8100
6042
1913
64
8864
2536
8282
5279
5429
3983
1586
2747
758
4579
3087
1826
9540
5202
8111
9531
237
7908
5052
2873
3148
5097
4326
3164
9497
5186
4043
632
2498
5416
9572
9736
2922
4532
572
5662
1668
9714
631
857
2845
9450
4453
3438
1226
4344
2300
9610
6475
2723
8982
3397
3175
5768
106
5137
6352
8569
9963
6225
1975
2483
9191
3499
9199
8030
3470
6515
5437
9627
784
1737
7306
3373
8837
3746
8417
9065
9182
8748
1763
7511
8663
1627
3129
5442
9754
5040
8453
6230
6986
5411
809
7140
5321
2971
6948
4330
1827
4692
4992
5995
1690
447
1319
1262
836
539
8502
7026
9081
7087
7210
1371
2326
5652
5701
3813
6522
6592
3500
8811
8785
8140
1783
7800
3358
8060
4665
2534
7198
2864
5896
3575
1486
8593
6960
5348
287
3280
2349
8967
4843
6130
9643
2128
6264
8116
3654
9030
9534
4525
9904
6046
9942
708
791
6366
4337
8068
3246
2302
7484
5640
6925
8428
9657
2792
7406
9870
1647
1195
9092
4801
5400
5238
9217
7156
1047
9836
9443
2879
4485
4469
4650
1
2549
1050
3048
9034
1717
6664
6130
6331
1003
607
9890
2003
8380
144
3503
4899
2199
7292
9240
3805
8086
3483
1232
1183
4754
6622
9685
4188
2164
7629
2395
6818
994
5088
8030
2146
1469
555
1415
6067
2711
4028
4213
5433
4770
453
1946
8578
3127
1709
8494
9217
1456
1335
849
6602
2326
7508
503
290
6174
6792
5605
1984
9463
9668
9184
8611
8403
6765
7803
4985
2208
3618
5352
1186
5292
2286
2767
2693
1003
6250
4063
1172
2106
4034
4154
5539
4025
8276
4560
9349
61
2374
1693
9850
2387
3877
8692
5707
9974
9381
2522
3015
5976
3313
9065
4993
9501
8938
2158
5062
3157
4575
4367
2954
9406
2136
3139
179
3746
1634
55
8093
7304
9808
8010
5107
3354
8027
4353
2378
6319
4395
6228
1702
9316
879
5855
2975
171
1917
2451
7
5613
5666
3872
7189
5754
9571
2277
1158
3216
4845
2964
8824
9148
6971
6514
7479
135
8946
4677
9486
3095
1915
3564
1015
930
2328
7509
7469
9023
3814
8511
898
6987
8772
6515
7999
3213
2539
7501
69
9767
8702
5445
7666
9520
6103
3124
4146
832
7098
3511
650
5745
2249
3869
9553
1953
5940
1793
5453
2591
9215
4453
8686
8629
7391
5907
2528
6190
4849
3046
3114
2095
8183
5396
2592
8811
2616
8834
3807
319
1594
9138
1782
2380
5679
7026
5319
1300
7337
6026
6691
9427
6072
9359
6194
8642
9979
9883
2673
6251
9914
7520
6274
4331
9705
3232
8437
5819
5226
7104
1626
7805
1274
2394
710
9158
4520
8898
4637
3883
8906
3546
7122
2704
864
7062
8371
2134
269
4992
6188
5126
7611
3165
6889
1777
1646
7185
3360
8036
880
4074
2149
3669
9447
2435
7088
3725
462
7719
3228
6722
9198
4373
402
7896
8459
7522
9909
606
8490
6916
3756
7198
5133
9021
5169
6537
3048
4226
5373
6896
1015
5573
2032
8445
9442
9936
4977
6967
8934
83
671
3746
4597
8700
8346
2120
7873
8590
1987
748
5377
1346
9150
1764
622
8873
1603
6386
2422
9002
9815
2480
5201
5367
7071
8979
3809
6354
9450
163
2938
9965
196
8432
7782
4083
6374
8047
9546
5710
8441
7602
7058
2925
3234
1607
3452
8412
6903
3540
7895
491
72
9454
1435
3361
3781
407
2763
5878
6381
3114
2884
2102
5025
7285
6899
9684
8416
7890
9594
1426
9009
5064
4318
3010
531
2426
3555
273
5249
8243
6391
1412
9725
6149
9576
2953
2626
3222
5767
4519
3590
8177
7985
5223
546
1144
3092
496
9411
8806
1349
4979
8815
9157
5927
9235
4380
3831
3734
4625
7405
2774
6298
8522
3791
8592
8272
2524
8453
6162
4953
816
5746
5278
7331
4397
4117
6777
5071
2849
2537
9437
6006
5387
4923
2327
5247
7054
434
6942
1578
8718
306
821
182
3012
810
5027
9262
823
1509
6269
7496
9493
1138
7055
8843
71
4370
4776
2565
6227
9836
9970
8940
9865
4401
501
398
7771
9288
2555
635
2990
9170
3550
2579
1273
1421
1143
6185
2309
5139
9521
7181
3014
5863
2850
4240
9367
6564
5074
5209
7399
8096
6994
8844
4148
8941
655
4038
3866
5325
1158
5939
6686
8687
2126
2065
7356
3057
4282
8170
571
9335
216
9159
3478
4132
8643
7641
4614
2191
9785
4566
6650
6024
2954
4116
7634
986
9586
6139
3406
7333
1933
8283
8984
8299
76
2581
2634
45
9360
8439
5367
9386
2508
2816
5580
1753
1089
1267
3592
4616
8476
8925
8438
9278
7242
3099
4124
585
513
2187
7565
91
5697
184
4881
7640
5788
625
7145
387
2184
9276
1994
8269
2794
4669
7781
6794
4327
1600
4940
2656
192
1230
5734
5779
8720
5797
7369
8015
375
1215
4587
324
4740
9586
2393
9744
4344
4351
248
8962
8720
6748
596
3089
5827
8365
2991
7115
396
7898
1560
4937
4733
7697
3522
5710
4625
1027
3787
1866
9723
852
1590
4195
9261
8364
3964
7573
2075
629
1933
6917
9115
724
904
1577
2750
4134
75
3486
2924
7511
226
8504
4952
6406
8077
7565
1408
2392
8426
7053
5389
613
2815
1760
635
9123
6587
8812
6280
4509
2366
5876
8730
4135
655
2639
210
92
1711
639
6006
3530
5032
2412
4048
242
4905
4700
9364
9183
9664
3072
4154
9550
982
9285
3435
5214
2967
1908
7675
4065
7857
3096
6520
700
6274
8550
6136
4075
5725
9690
1107
829
8063
9788
6530
6136
8202
1602
1803
4013
5575
9567
5542
632
9311
6448
5860
6401
5575
6695
583
8139
3540
7196
4681
9230
4583
8024
1342
6248
6441
7978
2806
8628
5472
139
7867
6586
3229
3835
1149
4808
5367
3659
8766
2570
7685
3481
3106
399
8642
8865
9594
6299
8230
5918
8794
2736
4667
4609
1968
5410
7931
5514
7344
2007
3950
5382
4634
5304
5460
6625
3842
1447
9821
418
4565
2628
3700
8456
1788
6885
2482
1686
8164
1202
6508
3945
8172
5178
7117
3358
3070
4486
5199
8861
1572
444
7358
5609
3341
5725
9473
6103
6349
5739
7881
4580
2262
2131
8368
9259
4151
2649
5742
7870
2067
3664
5636
5850
9857
876
7096
7007
7730
2884
3014
1126
8369
8473
572
9087
838
2567
954
3366
8372
5995
9084
1693
4881
1360
6217
8360
6998
3957
5812
4995
2210
1220
1279
2850
4407
2639
8436
3595
8383
6461
3757
3535
5651
5466
8754
8321
7075
4153
5766
4363
6177
752
5803
9465
5252
3496
2102
6958
6230
1639
4506
3200
3321
6731
4900
8347
5335
8365
4241
3070
6331
5930
4501
2632
242
5430
8582
8763
1526
4636
9563
7351
4114
3420
5576
2239
2820
26
857
2495
8701
3896
5054
3267
8313
5226
7297
956
3504
6319
7428
4278
1824
1291
444
2231
1672
3841
3321
3591
5130
4312
6544
4587
9439
3431
3758
9325
9869
7852
7888
2373
2844
2905
8056
1179
3283
7117
9643
2639
8840
4681
7271
4098
5560
8382
3396
8309
6104
2859
4594
7970
3303
3581
6081
1587
4302
6722
8341
707
3701
5729
8369
5228
2442
5977
2977
6770
6582
3329
8572
9590
5419
9275
1148
3789
3345
7276
1879
9247
5425
6289
6930
4124
2315
750
3827
2715
4647
3803
4087
279
6642
6121
4211
2129
1756
7357
9097
8298
7470
6795
5542
6132
6533
5011
685
1733
584
6969
453
3686
2795
2872
3253
5894
8317
3485
1699
1744
1095
3475
3008
2200
3094
3731
7034
7933
3808
4570
7285
7442
6238
9035
3476
8192
2052
9726
8376
5974
1013
8242
4387
9539
8116
5637
2052
7776
316
2527
7082
6595
4070
2499
482
8540
3318
7881
9442
8904
4255
151
8608
4448
5990
6768
5015
5567
7352
7004
756
1077
2611
9154
9325
5400
4136
7505
7097
8197
2041
6959
2507
1201
8261
2559
887
7363
9022
5791
2780
2056
5761
3188
39
9971
8000
8352
148
9067
2952
4563
5123
4771
5652
7629
9449
7253
5124
6624
5159
8844
7273
1746
1371
4134
5055
2098
9377
8944
2523
5976
2187
2849
9540
7822
7569
9736
2963
9765
4431
631
5207
2116
2334
5756
1105
9829
8557
8661
2512
6363
8352
9820
3558
1001
6785
700
6894
5446
5834
3500
2436
6284
9159
8866
8479
4727
5346
2210
3156
1409
4431
5164
9806
629
5802
9202
3265
7210
9069
1527
9375
9801
3992
9780
1960
4089
2756
2869
4366
5243
2292
4394
1378
6225
5641
7591
8442
6374
5376
102
3157
9205
4341
1156
8416
6814
1245
3920
9568
7283
2930
5058
2449
5700
9570
1377
4712
9554
4288
7347
5208
7405
7305
3940
3867
3428
7195
4908
8553
8961
6414
5461
402
3930
2399
4045
274
2182
9534
7218
5210
8808
8856
8985
2983
551
5249
8022
5730
2384
9329
5233
795
9950
3268
8334
2043
8072
3983
2457
1759
2362
2354
7516
9035
4262
9565
2599
1105
8396
4476
4099
4873
2274
3582
1316
7727
6858
2552
652
6942
4915
5904
3473
8209
5901
4852
5199
9446
4604
4052
2546
1200
5659
7197
5691
5196
1231
2747
129
669
9800
5278
8313
3001
2220
1016
5584
4575
8515
9482
9008
1154
19
2157
2088
5045
2178
5160
1833
28
9841
9106
4010
3192
5444
2129
3790
7672
5375
4962
8214
3442
4893
2357
410
9600
9532
148
4231
8346
7724
1866
3965
1221
9489
4247
1675
7213
3095
5636
9234
2029
8375
3669
9863
7596
9709
8654
932
2652
5232
3281
4191
7933
224
5752
9739
9272
6145
7713
1473
1726
9507
6916
3284
6344
7384
258
4533
6804
6672
4712
5260
787
3843
1468
7983
8472
5008
8600
5243
4356
5941
1558
6395
152
1672
8455
7116
5323
3384
8004
5467
1090
1959
7724
49
2011
4827
8849
9221
8215
9787
4457
2465
1153
5350
4649
3594
7377
8191
2770
7461
1346
3421
5681
1654
1524
4460
3365
8338
7042
3229
2206
2053
5908
980
7372
819
717
7163
8103
2984
5414
4004
6464
9328
8821
8749
5529
6365
4342
7177
2275
9384
5039
691
1526
8888
5717
5811
2556
3552
5233
4290
119
7284
4113
6499
7131
3275
5334
5757
706
5464
9037
5543
484
9325
8125
1493
6931
4557
428
4710
1696
7490
8078
4566
8030
4460
4085
8422
179
2794
8305
3872
6156
5214
8884
2122
3722
5745
9020
1558
4048
6097
7232
3789
207
5979
1895
7584
6645
3279
1629
3816
2771
5125
3900
1847
8274
1023
4766
8744
1344
9467
3969
506
2993
1292
1974
1573
5964
7243
7765
5464
1934
5959
3736
5006
9651
5245
4118
1363
8889
1881
8592
2003
7307
6138
9819
6385
8793
4901
3061
7082
4630
7333
5157
480
6303
6850
2120
2733
3102
2535
2645
4131
701
4311
9687
928
5678
7047
4094
2467
971
206
5027
5071
121
1829
1833
3046
7465
205
8064
2501
9006
3914
4207
2759
4566
8632
504
3742
5662
7222
1048
8329
9527
5419
6872
8816
4272
9406
5534
1711
1126
814
4588
4411
2716
1996
4001
4646
1715
5628
8480
9054
8611
528
1275
6813
6236
2057
5542
2513
5910
5200
1275
5739
4154
1653
8926
8038
2389
1196
7673
8143
1049
6895
3797
9675
7565
314
4806
9443
4223
5352
9444
5230
9791
1379
5186
4102
7784
9531
8385
8803
1349
2444
6622
3132
2131
5783
807
5968
9390
6933
2899
6518
8027
2488
8174
7602
3128
1220
1259
9531
7425
7426
2196
1550
7077
4536
9081
8279
9114
3016
6171
4971
974
7934
4984
8741
9891
1141
4656
399
5623
2860
6905
4864
3343
4719
750
9864
6807
3207
8394
4516
7039
1442
8422
5067
7243
9878
4266
4310
7195
5859
9151
359
6152
8248
5786
1433
1929
3636
2334
5521
7929
2448
5934
5630
5522
7773
4276
253
4474
5727
3350
8701
2297
6351
6461
9418
9077
7858
6763
3657
9722
4658
2413
4857
5843
6688
8271
565
4893
5807
677
4926
3378
6814
715
3777
1454
3124
2162
2466
2105
9898
4836
963
1020
3400
1584
4364
4957
9972
5742
5773
2245
9879
9876
7185
1699
5510
2357
9482
3290
653
3933
9746
6763
9876
2742
4253
8676
6247
9942
6147
3479
3331
5101
1793
9253
9134
2381
8802
3405
2710
6229
4596
71
4921
3982
1270
9081
6931
1358
3954
2757
3813
6841
664
3159
5247
993
4273
4447
5355
3877
7777
6316
4013
7286
1460
3655
2518
6496
3267
280
6309
1609
1345
9404
9189
9729
5760
6385
8822
1524
1568
9116
3388
6454
8214
8982
3129
920
7633
8656
6098
6426
5064
5495
3055
7868
3757
1095
29
7698
7482
8847
4396
7751
3392
660
2781
3327
9044
6599
9682
8685
4494
2921
6587
376
3294
4959
7359
770
7003
9271
1459
4101
8281
8946
1249
7155
7186
5700
6388
3386
1069
2686
3188
6419
8368
4675
8348
4200
8418
7176
9875
8563
7457
279
5020
9569
144
7591
5623
4368
841
4288
4958
611
7756
624
1315
7526
8574
5259
4916
9192
2481
112
5230
5553
9595
3198
2979
1589
2659
7904
6904
5755
3234
3413
3157
7563
5341
7270
9315
8062
5180
1462
3792
8712
399
2988
6055
4407
958
5072
1361
6673
7413
1441
3223
423
7313
4928
938
776
1927
8157
3275
3230
1288
1175
2261
8421
4540
8568
1247
8367
4741
1387
9524
1036
3960
247
1692
810
7060
2682
3693
1771
1203
4623
9447
6405
3837
6334
1169
7649
9989
8478
4657
9994
7084
4535
656
3759
2553
5596
1476
605
9968
8351
9728
1179
1915
7426
1847
4613
8628
8018
4858
2691
1273
3689
5284
8380
4509
4361
8819
1300
9594
3631
7541
2929
5055
8370
1051
115
4917
2189
5177
5591
6573
4035
344
5372
9746
2860
4568
9915
2939
3863
2513
2732
9829
3998
6333
6001
2068
7580
3108
5967
7513
5237
9783
8894
8568
312
6281
5866
5396
4505
7045
6811
6246
4236
56
743
2931
1199
6889
9029
2507
6971
5454
8344
9272
1891
2873
3998
5239
5557
4979
3183
5892
9043
3305
3154
1965
1703
3191
9574
1803
37
8803
389
8296
2614
9065
3571
8408
9317
8194
6975
4616
6929
3292
2155
7336
9542
4347
2023
6496
8250
592
592
8025
4440
8602
9585
9096
6642
3850
6814
9907
6940
2183
4461
7209
5956
5132
6300
9340
7003
1631
6616
5644
1425
2311
130
7550
3723
5512
2698
9357
9384
8833
2558
2519
9615
8256
2528
200
4214
7573
1578
5098
7124
1335
849
7959
7454
5597
8215
1773
6283
2790
6289
5712
5570
408
4789
2594
7103
9785
4463
2712
4091
4606
8528
9792
38
2807
3011
5833
374
2871
412
7381
3896
2288
9800
7249
6768
6158
5375
6158
2373
1141
6493
4454
1332
1302
1487
2456
5048
8420
13
7831
7360
9870
7860
2227
991
9809
6115
737
373
7600
7397
4198
8617
3931
1781
7248
1836
6145
6876
8710
4352
3472
9079
9204
2070
8910
7056
9173
1279
5878
2653
1413
9932
5721
9301
5060
280
8941
2713
5769
2987
2729
9774
4932
9265
798
2836
2601
8476
2127
4038
1780
1113
1149
7076
8540
2445
8908
7868
4778
2190
3112
8812
2816
2338
4811
5865
2517
9728
6093
9678
8747
5222
3212
4973
5893
3822
522
2824
8910
5415
6423
1172
403
1796
1989
8602
8757
5523
5690
9164
8998
5803
2809
6883
1069
5858
9613
1195
7344
8939
1935
8219
2302
7302
4640
8226
6487
5563
9943
4572
269
9254
1885
5096
8939
3584
8102
9828
9362
9994
5466
6975
1745
5694
1023
3237
248
4823
4646
7641
260
2085
3646
5361
5362
7060
1182
4256
3705
532
2724
5891
9835
5365
3641
417
9645
309
945
5698
8905
4083
2142
7643
603
9053
196
6215
5695
1065
6679
6348
220
2720
5363
9365
4841
5118
9284
608
6794
6395
344
8345
4209
2908
8712
5128
9762
3675
9162
2358
4014
76
8269
8851
4699
8645
3322
8808
2290
8130
5750
1704
7756
3212
3374
3567
8280
2127
7429
2913
7077
1902
1458
1977
7685
5840
7340
4639
1088
3207
2648
7854
3505
7635
8782
4584
1987
3648
1074
391
5134
6072
4663
3051
150
3264
8939
5721
934
5215
56
9201
41
9307
960
518
5049
1150
1089
8720
7514
5642
6729
2956
6774
1459
9281
2673
2399
9642
6912
312
3878
233
7200
1273
3406
5144
3789
1023
7492
6491
7033
1393
2580
9494
7906
4651
1608
4147
3759
5857
5050
3558
2556
6055
3540
5581
6052
9380
3342
651
9908
8945
1540
6875
7993
6877
7080
100
1659
8545
3492
8111
9902
9512
8324
1134
9482
6267
7567
8904
2232
3125
2446
4527
7638
4484
8422
5173
6938
7127
9481
6649
7123
4287
1216
3380
1611
6631
144
8879
9336
3445
4024
8368
5241
2583
9145
6198
2248
2909
6489
8345
2713
8211
2738
9495
8901
4130
6878
2398
7633
7682
9110
3635
1043
2323
7789
537
1208
3265
3880
3949
1656
5749
2635
3282
6954
7486
4227
7959
4667
6325
3857
3714
1154
4874
2744
2203
7977
3380
8576
7613
8320
8497
556
6012
9241
4533
5944
9905
1657
2665
8478
1068
8092
9647
5944
2377
3533
6085
3737
8482
5919
1782
2373
5793
5912
8963
4529
480
3771
1643
4775
5701
2552
262
4671
8928
9082
8102
9503
5948
5399
3115
9818
465
3312
9889
4784
6789
572
3991
8494
1775
4341
5146
529
247
4579
5227
4844
7513
7252
7499
9475
7749
8585
1838
9457
8690
3582
9063
755
5801
1195
5691
2556
552
7221
6583
7893
9481
8254
8664
2124
1687
5882
2819
5
9957
1472
2581
1786
1320
1944
875
7167
6270
2444
4335
769
9966
3386
1840
7418
2311
852
7738
9212
3820
6318
3934
3710
3535
4093
2829
1820
7554
5364
6848
9497
994
7707
2827
7834
2600
6644
9070
5435
4195
262
2502
966
5315
6739
7476
8025
6235
1503
9125
828
5847
3540
7402
9975
5214
3802
2476
3749
8327
2426
3904
4213
2908
3019
8852
3288
6057
9082
497
5730
573
782
6894
4663
415
3993
1995
5446
4354
4790
5761
444
163
8828
1620
932
9860
7430
9677
4899
9119
4016
8923
214
5819
9582
4689
8729
4339
6061
3840
1093
37
7139
7543
4019
6370
6935
788
4644
3085
4771
3249
2902
8810
2942
6216
2830
7234
2550
6817
1725
8915
6820
7364
244
1341
6573
1949
996
9617
1872
3349
3123
2652
5115
9984
3769
6145
3737
9971
2259
5847
1132
8351
5898
420
4145
7677
7043
8168
6939
4058
7836
681
8325
1058
5424
786
408
9646
5578
955
1610
9565
1655
5440
4357
7528
1054
4889
4481
4851
9338
5998
5881
5853
4169
8661
3330
6437
2559
9595
5161
3474
69
6314
2564
2162
1598
1958
4123
3564
5689
5644
5422
4070
3171
7956
1320
3240
5502
3904
3381
1102
136
9789
607
5330
8111
863
4162
2156
6577
1396
3559
7490
9409
8238
6082
2797
4191
6910
871
5891
6694
7914
8171
7532
3512
2201
4667
8724
8849
8999
8423
8889
5638
2798
365
9632
280
5936
8500
1583
9757
5850
4974
6094
9740
8931
6998
5953
6656
7767
2874
8021
1946
5783
5272
6584
4571
7597
5556
8376
643
2492
6108
5471
8925
4291
3396
1703
2077
3541
511
4598
5376
5761
2385
3081
7267
8749
9544
9990
2686
2445
8163
2613
5570
7427
9765
3927
3701
6631
7726
5706
6569
667
8874
215
4748
6082
5383
4687
976
4142
291
1253
2070
7262
3847
3167
6676
2696
4358
168
6235
7925
4364
5133
1403
8304
2923
5184
280
1384
2475
9351
8710
2223
8699
8109
2519
9888
3204
4050
1103
2897
4044
9656
7318
6036
6357
6052
2735
5484
4750
3255
591
3433
6596
8840
3051
951
7659
5309
9724
153
2413
8007
1572
3777
3376
4621
4035
1262
62
5640
6947
9751
7996
9040
2427
9307
2600
2931
3358
3464
2413
6019
4157
3252
8176
7167
8020
5014
1802
1739
5179
2877
1132
3974
544
569
9980
8524
8851
6210
7520
3106
4670
4893
9943
6816
1412
3830
5039
7290
5470
1661
6499
8368
4272
1022
1254
1122
7209
2072
3101
778
8223
6651
3232
3520
902
509
4757
9245
4882
7614
429
1258
8123
2557
4477
6650
7143
9658
6055
2398
6565
6117
6314
373
8766
20
5512
923
1057
2250
5167
7559
8342
4795
1329
5367
4466
5573
2787
9021
3502
7431
5654
4607
9813
1769
7991
5215
9307
7315
9092
5170
2733
6586
5299
7612
6627
4900
7307
2654
1063
9304
5151
5066
7170
4933
7096
3839
4730
3880
6718
6913
9365
6613
2627
7607
4481
8549
2121
2097
3864
4402
9023
1472
6062
5100
1786
4642
6388
9939
4775
9155
2710
163
9695
9311
7820
114
4552
7530
8066
2284
2133
6612
3647
9223
9782
2161
7119
6700
51
2573
1093
6638
8271
3055
4325
3248
8392
4128
2060
8234
9712
9094
80
6594
533
4665
584
7375
525
2641
3890
2814
9311
1368
6240
9022
8641
3728
9879
1062
2911
3024
6784
2070
5811
4341
7891
2220
837
4101
3622
9483
1187
1860
298
9763
1020
9015
2116
1426
6869
759
8833
6963
622
1619
3465
1830
4284
971
3977
5678
55
809
944
4947
3521
1919
1070
2082
2236
5626
6619
8227
8572
6391
2262
3742
7000
6968
9425
14
8791
6055
940
9153
3223
9249
8413
7688
5054
3488
2582
4439
7835
2533
140
1718
5407
4395
9609
2722
7326
3334
1090
5915
5248
3238
9438
1407
2849
8661
2594
4919
157
1668
9388
9562
4238
6130
6287
1481
5490
9914
3450
303
3350
4175
36
7750
8927
1799
1047
6192
7992
3209
8505
8686
4368
7389
4862
7701
9742
5596
2868
1474
755
5502
4819
3523
8646
6113
7628
1756
4812
7296
3045
4391
342
8545
9969
9843
9694
1657
9116
4896
9225
2667
2288
569
4227
6932
2277
5798
135
6256
5753
8444
1033
983
3082
8720
9065
8150
4460
8505
8641
3973
6737
8358
7989
2503
1402
1063
3023
4129
8356
7495
4801
5866
8433
5037
2533
9373
2094
3790
287
3498
1059
4358
380
9368
4287
9454
6175
7616
74
8664
6774
6340
6815
4033
1285
5176
4729
6088
8354
1657
7016
1179
1307
5988
1282
921
7168
7966
3541
102
2655
1222
96
1534
8132
9613
9511
8198
4190
4007
2800
545
3690
4437
9168
9496
9609
8038
3639
5742
1532
1905
660
4303
808
8005
1498
4012
7888
2544
7387
2530
1603
9072
2425
6550
7612
9289
9131
5803
6975
7909
6600
2834
6690
5590
8360
6616
9498
9713
1009
4111
1034
2071
1994
5391
4522
5319
261
3084
6662
9843
6965
8157
8459
9655
1843
9510
6579
5143
9329
9502
6046
8540
5065
9365
953
8462
7125
2925
3512
8401
231
5917
9969
9635
1889
5103
4057
5243
8836
7878
5269
3598
2400
8989
6731
3725
906
4976
3855
6289
5470
9576
4464
8452
9128
1611
5951
6740
2672
1283
3298
7949
5445
6496
4624
6062
8207
6719
8406
2080
6953
9413
6233
5693
1573
545
341
2108
1528
3798
4469
7615
9477
2783
3695
3564
3960
4867
8214
1648
3242
9136
845
7378
8781
2525
8257
1133
3744
3766
4828
9557
796
5422
7910
7093
9546
6740
3088
368
6709
4531
467
7849
1424
724
8445
5611
3234
7911
4948
424
7227
6076
9752
5628
5981
3261
3048
9200
8800
7233
4417
4537
1389
7042
243
8255
9963
841
1649
9624
7335
7323
4971
3149
9861
1318
9216
5168
8403
2687
7168
466
2542
5223
2546
1842
4301
2539
948
6592
9707
7277
9971
628
8362
8038
3608
7728
3901
8000
1376
182
6925
2638
8195
8518
4791
7847
1248
1848
7435
9045
4193
8357
4382
9747
6981
4559
7723
8624
2174
7263
7245
7171
7541
3032
3593
7866
5225
9726
5385
4898
1969
7571
1975
4036
3595
8930
7788
5299
105
9808
3813
2671
9226
8802
7919
5311
6824
3834
3414
6966
4715
8513
3657
8577
9704
1769
8139
6766
1246
4075
6513
5205
8029
8238
8148
4216
1726
933
1092
5358
5811
2532
1320
156
8972
27
8367
2390
2631
9610
759
8154
6718
6041
4816
7992
8846
3468
1654
4703
8498
7785
8155
2638
568
7722
8905
9850
4252
2875
7525
777
959
7656
673
8845
1674
9595
4407
4006
2313
6189
4244
2446
5708
7475
3085
3500
4834
3642
9320
4421
2489
8999
7098
5112
2826
1561
4723
3356
5152
5124
2545
3147
1041
6332
4035
8575
9176
1945
1067
5941
634
7698
9465
573
9620
4166
4810
3707
4208
3331
206
5740
2386
3071
3018
208
7609
5533
8419
9787
7825
5734
5533
5306
8252
7384
2445
6595
9011
3742
5454
7109
7411
2249
3511
4788
3082
8856
3763
7563
5415
8333
5777
4998
2268
2093
2898
4839
7370
2367
4244
5921
3647
4517
4810
8206
9098
5984
48
4892
9992
6713
6130
9799
5225
7154
4785
5688
4995
4215
3973
9463
6571
4387
5611
5725
8858
2325
7940
5731
6803
1948
7814
2878
6925
8897
8719
9779
7559
2399
4418
4440
8331
7790
5892
1114
1580
7525
882
5032
302
3070
2167
8960
2434
181
2752
6606
8099
884
2664
5170
340
9585
829
8845
1309
3934
5177
8251
8384
9985
1588
3359
945
8829
5547
7929
6912
671
1161
9084
9368
1585
5935
5765
8641
4236
4168
1709
2466
7168
5929
7001
1088
3037
5108
9016
2088
8362
2554
3279
2790
3259
2923
6245
6691
3633
9512
8378
3887
1788
6343
9031
3144
6235
425
884
5680
128
7647
1655
3447
7731
6308
3715
3084
231
5593
364
5706
3220
3765
4133
9531
476
5702
5323
2126
5618
5060
5776
2533
710
9094
2427
4350
2711
5006
7843
5933
5060
9659
3956
2610
8036
8291
2200
6070
1020
1590
4148
994
6998
8531
445
5786
2602
6550
2200
5196
150
9152
74
1421
1523
600
3796
4952
1211
6877
5813
6218
6784
9601
8992
7331
6577
4429
2678
9333
3291
2295
9588
4941
4457
5673
4758
9680
7311
154
2009
1367
3828
8923
1837
9926
81
7057
519
238
3157
7238
160
1831
1219
3429
1463
930
6399
8316
2627
4410
6275
4735
1589
1788
2474
4662
9209
23
2026
4573
2330
6095
537
7149
7907
216
2808
8494
4700
7012
2724
4978
217
3469
2644
1070
1732
5315
2714
8752
7560
3175
6638
9671
4882
7726
4292
2969
9788
6108
7240
3351
7163
5505
1858
7128
8023
9293
4466
2749
824
2650
3458
3432
3914
8270
6696
6900
4167
5950
508
8996
7875
2140
7575
3640
7999
3091
3979
3727
2124
2068
7811
2126
4602
3975
8410
7805
1027
4957
4560
3360
6800
6685
2361
7814
7535
55
7512
4511
176
8826
6662
2949
6220
4798
3804
5224
7384
9658
6117
2879
3772
2365
3516
4708
5882
432
315
4121
4116
235
5876
5791
4982
2174
6415
986
5498
5259
4001
4022
2924
9173
4731
2759
4606
675
6968
3803
1828
7027
950
1387
9622
3415
175
7831
2887
3648
5412
4958
6443
7537
2717
2810
6564
1744
2902
3049
4188
6504
7612
5274
5171
2762
3147
201
3114
5598
1674
6760
9665
9341
9518
3743
1713
3198
4280
3281
2785
5236
1356
9468
5745
5489
719
8202
7030
3367
3737
9280
4801
1842
7146
4078
4096
9440
2420
9466
8846
8672
8211
7023
2670
9525
2160
8398
1073
9069
1866
280
2193
2649
202
2581
905
1791
3760
5975
6572
9292
7272
6647
4926
8477
1382
3827
3927
4522
1015
1646
7565
5218
1221
4880
2649
8611
9582
3983
7163
1487
2965
5754
6894
2544
4217
5220
1224
8762
9293
4722
972
2038
449
7571
1286
84
2924
2261
6645
6646
4965
2703
7643
1667
301
3807
7903
2560
6816
4773
8828
5421
4548
5939
2670
9404
3685
7886
1611
1762
9689
6413
8043
2475
8918
7034
6466
675
7788
6256
7318
825
4589
3152
8800
5349
7574
566
9795
9453
6052
948
174
7117
5891
2697
3764
5031
9586
1604
322
9762
6237
2486
8197
289
8086
1164
994
5242
2020
1187
4347
9555
195
9639
5314
1556
9343
5639
3353
5741
1284
2776
7977
8037
9765
3259
4050
7025
3036
7471
8867
909
2847
5385
4235
2283
8386
9102
6797
8524
9244
7299
1746
3861
2794
9298
6591
1242
3631
5289
1149
5526
5008
6997
9836
5216
293
7345
3235
2315
8009
5180
304
2313
9227
5308
1099
7245
7810
3257
9179
547
2150
5927
5768
813
9060
4944
643
4938
8135
6599
5965
427
3056
295
6446
9825
5039
9794
2030
8600
5570
1715
9684
2235
1682
2397
5851
5046
4490
4917
9609
2379
6479
1631
1984
9402
2883
1450
7580
6293
7751
982
3563
9362
1986
9136
942
8474
7453
7402
7106
6166
1894
1093
8660
8593
7050
2567
3946
5399
5967
8753
2850
8158
8390
4739
8850
9221
4827
370
1262
3902
4078
9589
7919
2610
930
7796
789
2210
3537
2351
5587
196
7793
128
2809
5116
5856
7179
5229
6110
8005
103
6479
496
1733
6100
663
84
4022
8852
4632
5934
9238
7765
9211
3100
1276
9567
6237
1930
3609
3523
844
1362
7868
6244
8862
8558
5430
1114
1468
1049
90
2144
2096
7902
773
9630
9591
5035
546
526
6383
3561
2206
3992
1114
7822
8693
9323
244
5161
4629
9647
5231
608
5321
7628
7851
6736
1729
1520
2545
2296
7308
3251
9996
8773
6003
5487
5581
9549
6562
2760
9206
6674
8917
9456
1350
8562
5092
6110
8622
3998
210
6662
968
2191
7993
1268
4958
2876
4809
4952
5259
2007
5247
8431
9193
7949
5406
3132
9509
9868
5875
3256
6724
9972
4907
7942
6302
2728
7670
5497
8572
7579
9102
1667
3200
5159
6390
1178
6372
7612
9832
5202
3951
2699
8105
5180
8836
2944
8793
6601
2633
4945
6410
8317
9911
8696
2231
7347
5201
3529
1571
5130
7367
8877
863
3677
2296
7263
4501
9246
1786
8386
4881
9512
9490
7755
7162
3909
5466
2246
4442
2828
365
9612
6927
6713
5367
551
6817
6277
3627
6567
4368
1625
3656
3374
7334
8369
2498
4151
6805
523
5466
2240
5893
8635
7499
1938
6197
7556
4838
1189
8802
6918
8094
9770
8760
7892
417
7780
5366
1755
5016
7862
6819
4328
6848
3628
9219
8057
7710
5227
7043
5299
2459
259
9993
7380
3864
6865
3030
4190
2755
407
7994
995
7167
5133
7039
8943
1135
2265
2167
4098
3054
1460
646
5171
115
9469
558
4577
4726
7956
5261
6702
9132
664
9610
1663
4728
5417
4837
9278
8867
6607
9723
3144
250
4500
6427
8503
4050
8683
4392
1332
2075
5312
543
137
968
855
3044
566
3024
3527
6638
7683
6769
4564
9732
4949
9602
3769
9091
7871
9499
1186
1727
3099
8434
1240
6341
6823
749
8610
7302
7092
9931
4644
7405
9408
210
9002
4573
4730
3072
6265
6988
7246
7906
8328
2793
9643
7878
2859
6695
7967
7107
4306
5390
3294
888
3394
1200
8026
6176
2612
2174
8577
2543
7271
3120
2880
8446
763
4975
6008
4371
174
8465
5004
2057
146
9858
8931
8457
2226
8068
108
8251
3166
9561
1386
5746
6078
6480
6947
8250
3342
3568
9058
3567
4816
7138
5342
3584
1710
7051
8566
2510
7129
3028
3891
4687
4775
2602
8819
7532
1701
433
3988
1378
4653
2701
4980
4555
7491
2966
4998
5915
1891
8306
8865
1515
625
1459
4958
6444
5704
2135
6756
5453
6957
3436
3359
5574
3572
516
642
7903
1803
1706
5474
5701
2181
482
6255
4292
6145
8890
5358
2186
6146
1131
6686
6736
5163
4733
4571
5787
2086
6787
8249
931
3840
5181
156
9912
9532
5225
1091
3275
7744
8203
2219
2552
1156
2806
8278
841
5374
3441
7196
4048
2975
6817
9906
8498
7039
9516
5221
885
1439
4518
8216
4135
1507
2278
3836
2472
1286
6382
3298
5680
3212
8997
7588
9410
1215
3609
5394
51
145
7652
7634
2
2924
561
1034
8213
7329
9733
8334
7226
3222
3888
6927
5951
4760
818
5100
9757
6856
5162
5427
2627
9345
1942
2116
1665
9765
6406
9549
6007
4299
6083
5902
9715
3493
6892
6315
8574
6863
8619
9527
3464
7731
9058
8401
2064
1295
3729
2536
6298
1111
2503
1844
9456
837
5847
4347
5463
9123
2634
2775
4799
2706
3296
2581
3929
8588
1116
6776
2003
1571
7948
3254
7228
2591
6138
7728
2596
4665
7036
4854
4190
328
6529
277
7757
9366
9567
786
4623
5454
4150
358
8153
8078
1117
1606
7022
8139
5037
371
5513
2368
8770
7990
5932
7235
9891
7352
475
5405
8334
8862
434
1521
3142
8386
8994
5693
4086
1504
9148
3979
1686
6998
3578
1118
6457
1532
3004
4971
3119
800
1730
8349
3984
5919
7454
1933
8906
2033
4063
8024
4678
5589
2285
5722
4209
5257
3116
1225
8899
3330
445
2818
1137
496
709
2165
2573
2728
7269
2841
9764
6868
7393
9273
4512
4243
7388
1629
3714
8008
7437
2499
4263
7914
6720
9187
497
2294
1352
1913
2433
2371
246
1513
550
9497
2577
6167
9305
4909
1837
4408
8612
7494
2755
9778
4154
6249
3586
5410
3378
847
6522
5309
4866
4254
4749
7476
122
114
9767
5308
9906
8293
6746
5023
6528
9279
7317
6000
7265
6860
3698
5102
6126
430
0
6038
4365
8735
5105
9706
839
4332
4450
6541
6648
3244
4022
5375
4338
1683
7002
2584
7886
2179
1330
5572
8169
8424
7396
1755
8405
1816
824
4771
2945
9722
4192
1506
6640
8127
2696
286
4088
7026
6438
4977
7477
2335
1606
6019
9917
5118
9079
9491
484
4556
5616
9954
8840
6196
9285
7305
3127
3956
7675
8968
4859
640
2167
2500
5389
4033
8948
1145
4511
1385
1314
3969
2611
3200
7642
6364
8356
2730
1587
4937
6966
162
177
1033
235
1313
1722
9684
8523
1062
6723
6438
4635
154
1303
3372
4687
8306
2060
7451
3709
1111
7231
8990
1639
4223
3925
1862
6365
7650
9420
8997
2096
7071
5151
456
1093
4577
1254
6803
8981
3610
8972
916
879
149
1543
8375
3424
8402
1417
6962
6423
6334
9851
3882
1388
808
4433
639
5337
6689
3905
8557
5235
8374
951
3464
5054
9752
4791
77
9441
1540
6819
7609
4582
3028
401
4167
3316
7821
3071
1819
353
9094
1061
9265
8155
3345
5469
55
5761
4968
2223
3461
7417
1381
859
4429
4234
3033
1530
3301
1579
1699
8000
9261
3213
9527
214
7949
6845
832
8097
9332
1570
4069
6402
9166
2241
5082
3577
6430
4294
8920
3707
3959
7758
8806
8978
2318
4029
7596
9283
2198
1063
880
8205
3144
9890
1027
452
993
5960
3786
4008
3138
2079
4292
3118
301
8136
1322
8882
7154
6851
5255
6309
752
2018
1727
6405
5873
2574
5173
4370
4453
8248
543
5293
7693
1123
7227
5446
7783
8110
146
6405
6001
1390
8997
3
9062
6448
1188
1409
3871
1696
4614
5732
4246
8907
2428
4316
5569
9895
2186
7485
8830
1017
1367
4825
3767
3869
9913
5602
5317
4065
7921
9493
7174
1826
7489
2108
4845
7296
3309
4964
6469
6456
2766
3165
9572
1216
1613
5809
7357
6418
251
2119
8969
9975
1586
6118
4960
3245
7324
848
5351
7803
9235
7347
891
6251
9867
425
9492
3348
7802
333
739
3058
8602
6198
6063
440
5000
2564
4775
4319
9162
7313
3149
6881
4637
4379
1526
4314
948
7069
7876
1354
5976
2463
9409
5871
3276
9005
2568
2200
4779
2306
570
7598
4403
476
9327
5716
9538
240
3930
7222
4743
3027
1839
5927
1102
1259
6530
4505
1849
7384
7549
6963
8642
8212
6137
2540
9193
813
93
1032
1230
3421
4322
6036
2391
1309
2547
9439
81
2387
7334
7435
4999
854
8621
1421
6802
2495
2947
9052
9983
6963
8686
2123
5470
6508
5428
9554
8890
2001
1768
9031
6076
3118
4156
4332
7747
2929
1930
2929
1433
993
2719
2085
6391
