9998
9998
9998
9996
9995
9995
9995
9994
9994
9992
9992
9991
9990
9989
9988
9986
9986
9983
9983
9980
9979
9979
9979
9978
9978
9977
9976
9976
9976
9974
9974
9973
9971
9967
9967
9966
9965
9965
9965
9963
9962
9962
9961
9961
9959
9958
9957
9953
9953
9951
9950
9948
9947
9947
9946
9946
9944
9942
9941
9940
9940
9938
9938
9936
9935
9935
9934
9933
9932
9931
9929
9929
9928
9927
9926
9926
9923
9922
9920
9919
9918
9917
9917
9914
9913
9909
9907
9906
9906
9905
9905
9905
9903
9901
9901
9900
9899
9897
9897
9896
9895
9894
9894
9893
9893
9893
9892
9891
9890
9890
9888
9888
9887
9887
9886
9886
9886
9886
9885
9885
9882
9882
9880
9877
9877
9877
9875
9875
9873
9872
9869
9869
9868
9868
9867
9867
9866
9865
9865
9864
9864
9862
9861
9861
9860
9859
9859
9858
9857
9855
9854
9854
9854
9851
9850
9850
9849
9849
9848
9848
9847
9846
9844
9843
9842
9842
9841
9841
9840
9840
9839
9839
9838
9836
9835
9834
9834
9833
9833
9832
9832
9832
9828
9827
9825
9824
9823
9823
9822
9822
9821
9821
9820
9820
9819
9818
9816
9815
9815
9815
9814
9813
9812
9812
9811
9809
9808
9808
9807
9807
9804
9804
9804
9803
9803
9802
9802
9801
9799
9798
9797
9797
9795
9795
9794
9794
9794
9793
9793
9791
9789
9788
9787
9787
9786
9786
9786
9783
9782
9778
9778
9777
9776
9775
9774
9773
9772
9772
9769
9769
9769
9769
9769
9769
9767
9767
9766
9766
9766
9765
9762
9759
9758
9753
9752
9751
9747
9746
9742
9742
9740
9740
9738
9738
9737
9735
9735
9735
9735
9734
9734
9731
9726
9726
9726
9725
9723
9723
9720
9719
9716
9716
9716
9713
9713
9712
9712
9711
9710
9709
9709
9707
9706
9706
9705
9705
9702
9702
9700
9699
9698
9695
9695
9693
9693
9693
9692
9692
9691
9691
9690
9689
9688
9687
9686
9686
9685
9683
9683
9681
9681
9680
9678
9678
9677
9677
9676
9676
9674
9673
9673
9672
9671
9671
9670
9669
9669
9668
9667
9667
9667
9666
9663
9661
9660
9660
9659
9657
9655
9653
9650
9650
9649
9649
9649
9649
9648
9647
9644
9643
9642
9641
9641
9641
9640
9640
9639
9639
9636
9636
9635
9635
9635
9634
9634
9633
9632
9632
9632
9626
9624
9624
9623
9622
9622
9620
9619
9616
9615
9612
9610
9608
9605
9604
9604
9603
9603
9603
9602
9601
9601
9601
9600
9594
9592
9591
9590
9589
9589
9588
9588
9585
9583
9582
9580
9579
9578
9578
9573
9572
9572
9571
9571
9567
9562
9560
9559
9558
9558
9556
9556
9553
9552
9552
9550
9550
9548
9547
9546
9546
9545
9544
9543
9543
9541
9541
9540
9539
9539
9537
9537
9536
9536
9535
9534
9533
9533
9532
9531
9531
9530
9529
9529
9525
9525
9525
9525
9521
9520
9520
9517
9515
9514
9513
9511
9511
9511
9510
9509
9509
9507
9507
9506
9505
9504
9503
9503
9501
9499
9499
9499
9498
9498
9498
9494
9493
9493
9490
9489
9485
9484
9483
9482
9482
9481
9481
9480
9480
9479
9479
9478
9475
9475
9474
9471
9470
9468
9467
9467
9465
9463
9461
9461
9459
9458
9457
9456
9455
9455
9452
9449
9448
9446
9445
9444
9444
9443
9441
9441
9440
9437
9436
9433
9433
9432
9432
9432
9430
9430
9430
9428
9427
9427
9423
9421
9420
9420
9420
9418
9418
9416
9415
9415
9415
9415
9414
9413
9412
9412
9411
9410
9410
9408
9408
9407
9406
9406
9406
9405
9405
9404
9403
9403
9399
9399
9398
9398
9397
9397
9396
9396
9396
9395
9391
9389
9389
9387
9387
9386
9384
9382
9381
9381
9378
9378
9378
9377
9376
9376
9375
9375
9373
9369
9369
9367
9367
9366
9364
9363
9362
9362
9361
9359
9359
9357
9355
9355
9354
9354
9353
9353
9353
9352
9351
9350
9349
9347
9346
9342
9342
9341
9341
9341
9339
9339
9338
9337
9337
9336
9335
9334
9332
9331
9330
9329
9328
9327
9325
9324
9323
9323
9322
9322
9322
9321
9321
9320
9319
9318
9317
9317
9317
9316
9314
9313
9312
9311
9311
9310
9309
9307
9306
9305
9304
9302
9300
9299
9297
9295
9295
9295
9292
9292
9291
9290
9290
9289
9289
9289
9288
9286
9285
9284
9283
9283
9282
9281
9279
9278
9278
9277
9277
9277
9276
9275
9273
9273
9272
9269
9268
9268
9268
9266
9264
9261
9258
9255
9255
9254
9253
9253
9253
9252
9251
9249
9247
9246
9244
9244
9241
9241
9240
9239
9237
9237
9237
9234
9234
9234
9233
9232
9232
9231
9231
9231
9230
9230
9230
9229
9228
9223
9223
9222
9222
9221
9221
9220
9220
9215
9214
9210
9209
9209
9208
9208
9207
9207
9207
9207
9206
9204
9202
9200
9199
9197
9197
9196
9196
9196
9195
9195
9192
9191
9191
9191
9190
9189
9186
9186
9186
9186
9185
9181
9180
9179
9177
9177
9174
9173
9173
9172
9171
9170
9170
9169
9169
9169
9169
9167
9167
9167
9167
9167
9164
9164
9163
9162
9161
9159
9159
9158
9156
9156
9155
9155
9154
9154
9154
9153
9153
9152
9152
9151
9148
9148
9148
9147
9147
9147
9147
9145
9144
9143
9142
9142
9141
9141
9140
9138
9138
9138
9137
9136
9133
9133
9133
9132
9131
9131
9130
9129
9128
9126
9125
9124
9124
9120
9118
9118
9118
9115
9115
9115
9113
9112
9107
9107
9104
9104
9103
9099
9098
9097
9097
9096
9095
9095
9093
9093
9093
9092
9091
9090
9089
9089
9089
9087
9085
9083
9083
9083
9083
9083
9082
9081
9080
9079
9078
9076
9076
9075
9073
9073
9071
9071
9071
9065
9063
9062
9061
9059
9059
9056
9055
9054
9053
9051
9050
9047
9046
9045
9045
9044
9044
9043
9043
9042
9039
9039
9038
9037
9037
9037
9034
9034
9033
9033
9030
9026
9026
9025
9025
9025
9025
9024
9024
9023
9022
9022
9021
9020
9020
9020
9018
9018
9018
9013
9013
9013
9013
9012
9012
9012
9012
9011
9010
9009
9008
9007
9006
9006
9005
9003
9003
9001
8997
8995
8995
8995
8994
8992
8991
8991
8989
8988
8988
8987
8987
8986
8985
8980
8980
8979
8973
8973
8971
8971
8970
8968
8968
8967
8967
8966
8964
8964
8963
8962
8962
8962
8961
8960
8959
8959
8958
8954
8953
8953
8953
8952
8949
8949
8949
8949
8946
8945
8945
8944
8943
8943
8943
8941
8941
8940
8939
8939
8937
8937
8936
8935
8935
8935
8935
8933
8932
8930
8928
8927
8927
8927
8925
8925
8924
8924
8922
8921
8921
8920
8919
8918
8917
8917
8916
8915
8914
8914
8913
8913
8910
8910
8910
8910
8910
8909
8909
8908
8907
8907
8907
8904
8904
8903
8902
8901
8901
8900
8900
8899
8899
8898
8896
8895
8893
8893
8888
8887
8887
8885
8885
8884
8883
8880
8878
8875
8875
8875
8874
8874
8874
8873
8872
8871
8868
8868
8868
8867
8864
8863
8863
8862
8861
8859
8859
8857
8857
8855
8855
8854
8854
8853
8853
8851
8851
8845
8844
8844
8841
8840
8838
8837
8836
8834
8834
8833
8832
8832
8831
8830
8830
8828
8827
8825
8825
8825
8823
8821
8821
8820
8814
8813
8806
8806
8805
8804
8804
8804
8802
8802
8800
8799
8799
8798
8798
8796
8795
8794
8793
8792
8790
8789
8788
8787
8787
8787
8787
8787
8786
8784
8784
8782
8782
8782
8782
8781
8779
8779
8779
8777
8777
8773
8773
8773
8772
8772
8771
8771
8770
8770
8769
8766
8765
8765
8764
8763
8761
8761
8760
8759
8756
8756
8754
8754
8752
8751
8751
8748
8747
8746
8744
8744
8743
8743
8742
8741
8741
8741
8740
8739
8739
8738
8736
8736
8735
8733
8733
8732
8732
8731
8730
8730
8727
8727
8727
8724
8721
8720
8719
8717
8717
8715
8715
8713
8711
8710
8708
8707
8705
8705
8702
8702
8701
8701
8700
8699
8697
8696
8695
8695
8694
8693
8693
8692
8691
8690
8690
8690
8690
8690
8690
8689
8686
8686
8686
8685
8685
8683
8683
8683
8682
8682
8682
8682
8680
8680
8678
8678
8678
8674
8674
8673
8672
8670
8666
8665
8665
8663
8661
8660
8658
8655
8653
8651
8650
8649
8648
8648
8646
8645
8645
8644
8642
8642
8641
8641
8641
8640
8639
8639
8636
8634
8633
8632
8627
8626
8624
8624
8623
8623
8621
8620
8620
8619
8619
8619
8617
8614
8612
8610
8609
8609
8609
8609
8608
8607
8605
8605
8605
8604
8604
8601
8600
8600
8598
8597
8596
8596
8596
8595
8595
8594
8591
8590
8590
8589
8588
8586
8584
8584
8583
8582
8581
8581
8580
8578
8577
8576
8575
8574
8574
8574
8574
8573
8570
8568
8565
8562
8562
8561
8560
8560
8559
8559
8556
8555
8555
8553
8551
8549
8549
8547
8547
8545
8545
8545
8544
8543
8541
8541
8540
8536
8536
8536
8534
8533
8532
8531
8531
8530
8529
8529
8529
8529
8528
8526
8524
8524
8521
8520
8519
8518
8518
8515
8514
8514
8513
8510
8508
8506
8505
8504
8504
8504
8503
8502
8501
8500
8498
8498
8497
8497
8497
8495
8493
8493
8487
8486
8485
8485
8485
8482
8481
8478
8476
8475
8475
8475
8474
8473
8473
8472
8471
8468
8468
8466
8465
8464
8464
8463
8462
8459
8458
8458
8457
8457
8455
8455
8455
8451
8450
8450
8447
8446
8444
8444
8443
8443
8443
8443
8442
8439
8438
8438
8436
8435
8433
8432
8431
8428
8428
8427
8423
8423
8422
8420
8416
8416
8416
8414
8413
8412
8412
8411
8411
8409
8408
8406
8405
8404
8403
8403
8403
8400
8397
8395
8395
8394
8392
8391
8391
8390
8390
8390
8388
8388
8388
8385
8385
8384
8383
8380
8379
8379
8378
8377
8377
8377
8376
8376
8375
8375
8374
8373
8373
8370
8369
8369
8369
8368
8368
8366
8364
8363
8360
8360
8357
8357
8356
8355
8354
8352
8351
8349
8348
8347
8342
8342
8342
8337
8336
8332
8330
8328
8327
8327
8327
8325
8325
8324
8323
8322
8321
8321
8321
8321
8320
8320
8318
8316
8316
8312
8310
8309
8308
8308
8308
8307
8306
8305
8305
8303
8302
8299
8297
8297
8296
8295
8295
8294
8293
8293
8291
8290
8289
8289
8288
8288
8285
8285
8285
8284
8284
8282
8281
8280
8278
8278
8277
8277
8276
8275
8274
8274
8274
8274
8273
8272
8271
8267
8267
8266
8266
8266
8265
8264
8264
8263
8262
8260
8259
8259
8258
8257
8256
8256
8255
8254
8252
8249
8248
8247
8244
8244
8244
8243
8243
8239
8238
8238
8238
8237
8234
8234
8234
8234
8233
8233
8233
8231
8229
8226
8223
8222
8221
8220
8218
8216
8213
8213
8211
8210
8210
8209
8209
8209
8209
8208
8208
8205
8205
8204
8198
8196
8196
8193
8193
8192
8192
8191
8190
8190
8190
8188
8186
8186
8184
8181
8181
8180
8178
8178
8175
8173
8172
8172
8171
8171
8171
8170
8169
8169
8166
8165
8165
8163
8162
8161
8160
8159
8159
8158
8158
8158
8157
8157
8156
8156
8156
8156
8155
8154
8154
8153
8152
8148
8147
8147
8145
8143
8141
8141
8140
8140
8139
8139
8139
8137
8135
8135
8135
8135
8132
8132
8131
8128
8128
8128
8127
8127
8125
8124
8123
8123
8122
8122
8119
8119
8118
8117
8115
8114
8113
8112
8112
8112
8107
8107
8107
8106
8105
8105
8105
8104
8103
8103
8101
8100
8100
8099
8099
8099
8098
8098
8098
8096
8095
8095
8094
8094
8093
8093
8092
8092
8089
8087
8086
8085
8084
8083
8082
8082
8082
8082
8082
8081
8080
8080
8080
8080
8080
8079
8077
8076
8074
8073
8073
8072
8070
8069
8069
8066
8064
8062
8062
8062
8060
8059
8056
8055
8055
8055
8055
8054
8051
8051
8051
8050
8048
8047
8047
8047
8045
8045
8044
8043
8042
8040
8039
8039
8039
8039
8038
8037
8036
8035
8033
8032
8032
8031
8031
8028
8028
8028
8027
8025
8025
8025
8024
8021
8021
8020
8020
8017
8017
8016
8013
8013
8011
8008
8008
8007
8006
8005
8004
8003
8001
8000
7999
7997
7997
7997
7995
7993
7993
7992
7991
7990
7990
7989
7989
7989
7988
7987
7986
7984
7983
7983
7981
7981
7981
7979
7979
7978
7978
7978
7978
7978
7977
7976
7976
7976
7974
7974
7974
7973
7972
7972
7972
7970
7970
7965
7964
7963
7963
7963
7961
7960
7959
7959
7956
7953
7952
7950
7948
7943
7943
7943
7943
7942
7941
7940
7940
7939
7939
7935
7935
7934
7934
7933
7932
7931
7931
7930
7929
7929
7927
7926
7925
7925
7925
7924
7923
7923
7922
7921
7921
7921
7920
7920
7920
7919
7917
7916
7915
7914
7914
7913
7910
7907
7907
7906
7905
7904
7904
7904
7904
7903
7903
7903
7900
7899
7899
7898
7897
7896
7892
7892
7891
7890
7890
7889
7889
7888
7886
7884
7883
7883
7882
7879
7879
7876
7876
7874
7872
7869
7866
7865
7865
7865
7864
7864
7863
7862
7862
7861
7861
7860
7860
7859
7859
7855
7853
7853
7853
7852
7850
7850
7849
7848
7843
7843
7842
7841
7841
7841
7841
7840
7840
7838
7838
7838
7836
7835
7832
7830
7830
7828
7826
7825
7824
7821
7821
7820
7820
7819
7817
7817
7816
7816
7814
7814
7814
7812
7812
7811
7810
7809
7809
7808
7808
7806
7804
7804
7802
7802
7801
7801
7800
7800
7800
7800
7799
7799
7799
7799
7799
7798
7796
7796
7795
7793
7792
7792
7792
7790
7788
7788
7787
7786
7786
7786
7785
7781
7780
7779
7778
7775
7774
7774
7774
7772
7772
7769
7768
7767
7766
7765
7764
7763
7763
7762
7761
7760
7759
7759
7757
7755
7754
7753
7752
7752
7751
7751
7748
7747
7746
7745
7744
7742
7741
7741
7740
7740
7740
7740
7739
7738
7736
7734
7733
7733
7728
7728
7727
7727
7726
7725
7725
7725
7723
7722
7721
7721
7720
7719
7718
7717
7717
7715
7713
7713
7712
7711
7711
7709
7709
7706
7706
7706
7705
7700
7700
7699
7697
7697
7694
7694
7692
7691
7689
7689
7689
7687
7687
7686
7685
7685
7683
7681
7680
7678
7678
7676
7676
7673
7671
7671
7671
7667
7667
7666
7665
7664
7663
7662
7662
7662
7660
7657
7655
7654
7652
7652
7650
7648
7647
7646
7645
7645
7644
7644
7643
7642
7641
7641
7640
7639
7633
7633
7633
7632
7631
7631
7630
7627
7627
7626
7625
7625
7624
7624
7623
7623
7620
7618
7616
7615
7614
7614
7613
7613
7613
7612
7612
7611
7611
7611
7610
7610
7610
7609
7609
7609
7609
7608
7608
7607
7607
7606
7606
7606
7604
7603
7603
7602
7599
7599
7599
7598
7593
7590
7589
7588
7587
7587
7586
7583
7582
7582
7581
7581
7581
7581
7581
7580
7579
7578
7577
7576
7575
7574
7573
7573
7572
7570
7569
7567
7565
7565
7564
7563
7562
7561
7559
7559
7558
7557
7557
7557
7557
7557
7556
7553
7552
7552
7551
7550
7547
7546
7545
7545
7544
7542
7539
7538
7537
7534
7533
7533
7530
7529
7529
7529
7525
7520
7520
7519
7519
7518
7515
7513
7513
7512
7511
7509
7508
7508
7507
7506
7506
7504
7503
7502
7499
7498
7497
7495
7495
7494
7493
7493
7492
7491
7486
7486
7485
7484
7481
7478
7478
7475
7475
7474
7473
7472
7472
7471
7470
7470
7466
7466
7466
7466
7464
7463
7461
7460
7457
7456
7455
7453
7451
7451
7450
7450
7449
7449
7449
7448
7447
7447
7445
7445
7445
7445
7444
7444
7444
7443
7442
7442
7441
7440
7440
7440
7440
7439
7438
7435
7434
7432
7431
7431
7430
7430
7430
7429
7428
7428
7428
7426
7425
7423
7422
7421
7419
7415
7415
7414
7410
7409
7408
7408
7408
7407
7405
7403
7403
7402
7402
7402
7402
7401
7401
7399
7398
7397
7397
7396
7394
7393
7392
7392
7391
7390
7390
7390
7389
7389
7388
7386
7386
7385
7385
7383
7379
7378
7377
7376
7376
7375
7373
7373
7373
7371
7371
7370
7369
7368
7368
7366
7365
7363
7361
7361
7358
7356
7352
7351
7350
7349
7347
7346
7345
7345
7345
7345
7344
7343
7341
7341
7340
7338
7337
7336
7336
7335
7334
7332
7330
7330
7328
7328
7327
7327
7327
7324
7319
7318
7318
7317
7317
7315
7314
7314
7314
7314
7313
7311
7310
7310
7309
7308
7308
7307
7307
7306
7306
7305
7305
7303
7303
7302
7299
7298
7298
7298
7296
7290
7290
7286
7285
7284
7284
7283
7282
7281
7281
7280
7280
7278
7276
7276
7275
7274
7274
7273
7272
7271
7270
7269
7265
7265
7264
7264
7261
7261
7259
7259
7259
7257
7255
7253
7251
7248
7247
7246
7245
7245
7244
7244
7243
7243
7242
7241
7241
7240
7240
7239
7239
7237
7237
7236
7236
7236
7234
7234
7233
7229
7229
7228
7227
7226
7226
7223
7223
7223
7221
7221
7220
7216
7215
7215
7215
7214
7214
7214
7213
7212
7212
7212
7210
7210
7210
7210
7210
7209
7206
7206
7206
7202
7198
7196
7195
7194
7194
7193
7193
7193
7190
7188
7188
7187
7186
7185
7185
7184
7183
7183
7183
7182
7182
7181
7181
7181
7180
7178
7177
7176
7175
7173
7172
7172
7171
7171
7169
7168
7168
7166
7166
7165
7165
7164
7164
7161
7160
7160
7160
7159
7159
7155
7155
7154
7154
7154
7149
7149
7149
7146
7146
7146
7145
7145
7144
7144
7144
7143
7141
7139
7138
7137
7137
7137
7136
7136
7135
7133
7132
7131
7131
7127
7125
7124
7124
7124
7123
7121
7121
7120
7119
7118
7117
7115
7115
7114
7114
7111
7111
7111
7110
7108
7106
7104
7103
7102
7098
7095
7094
7093
7091
7090
7090
7090
7085
7084
7084
7082
7082
7080
7079
7078
7078
7077
7077
7077
7077
7075
7074
7073
7073
7071
7070
7069
7068
7067
7067
7066
7066
7064
7063
7063
7062
7062
7059
7057
7057
7053
7052
7052
7050
7049
7045
7043
7043
7041
7040
7039
7039
7037
7036
7035
7030
7028
7028
7026
7025
7025
7024
7024
7023
7023
7022
7021
7020
7020
7019
7019
7016
7014
7013
7011
7011
7010
7010
7010
7008
7007
7003
7000
7000
6999
6996
6996
6996
6995
6995
6995
6993
6992
6992
6991
6991
6991
6989
6988
6988
6987
6986
6985
6984
6984
6982
6980
6979
6977
6977
6976
6974
6974
6967
6966
6964
6963
6962
6962
6961
6961
6959
6956
6956
6955
6955
6955
6955
6954
6954
6953
6952
6952
6951
6951
6949
6949
6948
6946
6945
6945
6943
6943
6942
6941
6939
6939
6939
6938
6936
6936
6931
6930
6928
6927
6927
6926
6925
6920
6918
6915
6913
6912
6912
6910
6909
6909
6908
6906
6905
6904
6904
6904
6904
6904
6903
6903
6901
6900
6897
6897
6895
6895
6895
6894
6893
6890
6889
6888
6888
6887
6887
6886
6885
6885
6882
6881
6881
6881
6881
6880
6878
6878
6876
6876
6875
6875
6874
6872
6872
6871
6870
6870
6869
6869
6868
6868
6868
6866
6866
6866
6864
6864
6864
6862
6862
6861
6861
6861
6860
6857
6857
6856
6855
6854
6854
6853
6852
6851
6851
6848
6847
6845
6842
6841
6841
6841
6839
6837
6837
6837
6836
6836
6836
6836
6836
6835
6835
6833
6832
6831
6831
6830
6827
6826
6825
6825
6825
6824
6823
6823
6821
6820
6818
6818
6817
6817
6814
6814
6813
6811
6810
6809
6807
6807
6806
6805
6805
6804
6803
6803
6802
6801
6800
6800
6796
6796
6795
6794
6794
6792
6792
6791
6790
6790
6787
6784
6784
6784
6783
6782
6779
6778
6778
6777
6776
6775
6775
6775
6774
6770
6770
6768
6767
6765
6765
6764
6764
6763
6763
6763
6763
6762
6762
6761
6759
6756
6753
6753
6753
6752
6750
6749
6749
6745
6744
6743
6740
6739
6739
6737
6737
6736
6735
6734
6733
6733
6732
6732
6727
6726
6726
6725
6725
6725
6724
6723
6723
6722
6720
6720
6719
6719
6719
6718
6718
6717
6716
6714
6712
6712
6711
6710
6710
6706
6706
6705
6705
6705
6704
6704
6703
6702
6701
6701
6696
6694
6688
6687
6686
6685
6682
6680
6676
6675
6674
6674
6673
6673
6672
6672
6672
6671
6669
6669
6668
6667
6666
6664
6663
6663
6663
6662
6662
6662
6659
6658
6658
6657
6657
6654
6653
6653
6651
6651
6650
6646
6645
6645
6644
6644
6644
6643
6642
6642
6639
6638
6637
6637
6636
6636
6635
6635
6634
6634
6632
6632
6631
6630
6630
6630
6629
6629
6629
6629
6628
6628
6625
6625
6624
6624
6623
6623
6620
6620
6618
6618
6617
6615
6612
6612
6611
6611
6610
6610
6609
6609
6608
6607
6606
6606
6605
6605
6603
6603
6603
6602
6602
6602
6602
6602
6600
6599
6599
6597
6596
6596
6595
6594
6594
6593
6593
6592
6592
6589
6589
6588
6588
6587
6587
6587
6586
6583
6582
6582
6582
6581
6581
6581
6581
6580
6580
6580
6580
6578
6577
6577
6575
6575
6575
6575
6574
6572
6570
6569
6568
6565
6565
6562
6561
6561
6561
6560
6559
6558
6557
6557
6556
6556
6556
6556
6555
6554
6553
6553
6552
6551
6551
6547
6547
6547
6545
6545
6544
6544
6543
6543
6543
6542
6542
6541
6541
6539
6538
6536
6535
6533
6532
6532
6529
6528
6528
6528
6524
6522
6521
6521
6520
6520
6520
6519
6518
6518
6516
6513
6507
6501
6501
6501
6501
6500
6499
6498
6497
6497
6495
6494
6493
6493
6492
6492
6492
6492
6490
6489
6488
6488
6488
6488
6487
6487
6485
6485
6484
6484
6481
6481
6480
6479
6478
6477
6476
6476
6474
6474
6473
6472
6472
6471
6470
6470
6469
6469
6469
6466
6465
6465
6465
6464
6462
6462
6459
6458
6458
6456
6454
6453
6453
6449
6449
6448
6447
6445
6444
6444
6444
6443
6443
6441
6439
6438
6438
6438
6437
6437
6437
6435
6434
6432
6431
6431
6431
6429
6427
6426
6426
6425
6425
6421
6420
6420
6419
6419
6418
6416
6413
6411
6410
6410
6410
6409
6409
6408
6406
6405
6404
6404
6403
6402
6402
6402
6398
6397
6395
6394
6393
6390
6388
6387
6387
6386
6386
6385
6383
6383
6383
6380
6379
6377
6373
6372
6371
6371
6371
6370
6370
6369
6369
6368
6367
6366
6364
6364
6362
6361
6361
6361
6360
6359
6358
6358
6355
6353
6353
6352
6351
6351
6350
6349
6349
6348
6348
6347
6345
6344
6344
6343
6340
6338
6337
6337
6336
6335
6333
6332
6332
6331
6331
6328
6325
6324
6323
6323
6322
6321
6319
6318
6317
6312
6312
6312
6311
6310
6310
6309
6309
6307
6307
6306
6306
6306
6303
6302
6302
6301
6300
6299
6298
6296
6295
6294
6294
6293
6292
6289
6289
6286
6285
6284
6284
6284
6283
6282
6279
6279
6277
6277
6276
6276
6275
6273
6272
6271
6270
6269
6268
6267
6267
6267
6267
6266
6266
6265
6263
6262
6260
6260
6260
6259
6258
6258
6255
6252
6251
6251
6250
6248
6243
6243
6242
6241
6241
6240
6239
6236
6235
6235
6233
6230
6230
6229
6229
6229
6228
6228
6228
6227
6227
6225
6225
6222
6221
6219
6219
6217
6214
6214
6214
6214
6212
6212
6211
6210
6210
6209
6209
6208
6208
6208
6205
6203
6201
6199
6198
6198
6197
6196
6195
6194
6194
6193
6191
6191
6190
6190
6189
6188
6187
6187
6186
6186
6184
6184
6183
6182
6179
6179
6177
6176
6172
6171
6170
6170
6167
6167
6166
6165
6165
6164
6164
6164
6162
6159
6159
6159
6158
6158
6157
6154
6153
6150
6148
6148
6148
6147
6145
6144
6144
6142
6141
6141
6140
6140
6138
6138
6138
6138
6137
6135
6134
6133
6133
6132
6130
6128
6128
6128
6126
6126
6126
6125
6124
6124
6124
6123
6122
6122
6122
6122
6120
6119
6118
6118
6117
6114
6114
6113
6111
6110
6108
6108
6105
6101
6101
6100
6100
6099
6099
6098
6098
6095
6095
6094
6093
6093
6092
6092
6091
6091
6089
6088
6088
6088
6088
6088
6088
6086
6083
6081
6076
6075
6075
6074
6074
6073
6072
6071
6070
6070
6069
6068
6066
6065
6064
6064
6064
6061
6061
6060
6060
6060
6059
6059
6057
6057
6057
6056
6056
6055
6055
6055
6054
6052
6052
6051
6051
6050
6047
6047
6046
6046
6045
6045
6044
6044
6044
6044
6042
6041
6039
6038
6037
6036
6034
6033
6033
6033
6032
6032
6030
6030
6028
6028
6025
6024
6024
6023
6023
6021
6018
6017
6017
6017
6016
6016
6015
6015
6014
6012
6012
6010
6010
6008
6006
6006
6004
6004
6004
6004
6004
6004
6003
6003
6000
5998
5998
5997
5995
5995
5993
5992
5992
5992
5991
5990
5990
5989
5989
5989
5985
5983
5983
5982
5981
5979
5977
5977
5977
5975
5974
5972
5972
5969
5969
5968
5967
5963
5963
5963
5962
5962
5961
5961
5961
5960
5959
5958
5958
5958
5954
5954
5954
5952
5951
5950
5949
5949
5949
5949
5948
5948
5948
5944
5944
5942
5942
5940
5939
5938
5938
5936
5934
5934
5934
5933
5932
5931
5931
5930
5930
5929
5928
5928
5926
5926
5925
5924
5924
5922
5921
5921
5920
5920
5920
5919
5918
5918
5916
5916
5916
5916
5914
5912
5910
5908
5908
5906
5905
5905
5903
5903
5902
5900
5900
5899
5899
5898
5898
5897
5897
5897
5894
5893
5892
5891
5890
5890
5888
5887
5887
5886
5885
5885
5883
5882
5882
5881
5881
5880
5879
5879
5879
5878
5874
5871
5871
5871
5868
5868
5867
5867
5865
5865
5864
5864
5863
5861
5861
5860
5859
5858
5858
5857
5855
5853
5849
5848
5846
5846
5846
5846
5844
5843
5842
5842
5841
5841
5841
5841
5841
5837
5837
5835
5834
5833
5831
5828
5826
5826
5824
5824
5823
5823
5822
5822
5820
5820
5819
5819
5817
5817
5813
5812
5812
5811
5810
5809
5808
5808
5806
5806
5804
5804
5803
5803
5802
5800
5799
5798
5797
5794
5792
5792
5791
5791
5791
5791
5790
5788
5788
5787
5787
5787
5786
5783
5782
5780
5780
5779
5776
5776
5776
5773
5771
5770
5768
5768
5767
5766
5765
5764
5764
5764
5764
5764
5763
5762
5762
5759
5758
5758
5756
5756
5755
5754
5753
5752
5752
5746
5746
5745
5743
5742
5741
5740
5740
5740
5739
5737
5736
5736
5736
5736
5735
5733
5732
5731
5730
5728
5726
5726
5725
5725
5725
5725
5724
5724
5723
5722
5722
5722
5722
5722
5721
5719
5718
5717
5716
5715
5715
5714
5714
5712
5711
5709
5709
5709
5708
5708
5704
5704
5704
5704
5702
5701
5701
5698
5698
5697
5695
5694
5691
5690
5689
5687
5687
5687
5686
5686
5685
5684
5683
5683
5680
5680
5678
5677
5676
5675
5674
5673
5673
5672
5672
5671
5670
5668
5667
5666
5661
5660
5657
5657
5656
5655
5655
5653
5652
5649
5648
5647
5647
5645
5644
5642
5640
5639
5639
5638
5637
5637
5636
5634
5628
5628
5627
5625
5623
5623
5620
5619
5619
5617
5614
5614
5613
5613
5610
5609
5608
5606
5605
5603
5600
5598
5596
5596
5595
5594
5594
5593
5593
5593
5591
5590
5588
5587
5587
5584
5581
5581
5580
5580
5580
5579
5578
5578
5577
5574
5573
5571
5570
5568
5567
5567
5567
5567
5567
5564
5564
5564
5562
5561
5560
5559
5559
5557
5555
5554
5553
5552
5549
5547
5545
5545
5544
5544
5541
5541
5541
5540
5540
5538
5534
5534
5534
5533
5531
5529
5527
5525
5525
5525
5525
5524
5523
5523
5523
5522
5522
5522
5521
5521
5520
5516
5516
5515
5514
5512
5510
5508
5508
5507
5506
5506
5505
5505
5504
5504
5503
5500
5499
5499
5498
5497
5497
5496
5494
5494
5494
5492
5491
5491
5491
5491
5491
5490
5485
5484
5483
5482
5480
5480
5479
5479
5478
5478
5475
5475
5474
5474
5473
5472
5472
5471
5469
5469
5468
5468
5468
5466
5464
5462
5461
5461
5460
5460
5457
5457
5453
5452
5452
5449
5449
5448
5448
5447
5447
5447
5445
5442
5442
5441
5441
5441
5441
5441
5439
5437
5437
5436
5436
5436
5435
5434
5429
5427
5426
5425
5423
5422
5420
5420
5419
5419
5419
5418
5414
5414
5413
5412
5411
5410
5409
5409
5407
5405
5402
5401
5401
5401
5400
5400
5400
5399
5398
5398
5396
5393
5391
5391
5390
5390
5390
5390
5390
5390
5390
5388
5387
5386
5386
5386
5385
5383
5383
5383
5382
5382
5382
5381
5380
5380
5379
5378
5378
5377
5376
5373
5373
5370
5370
5369
5369
5369
5369
5368
5366
5365
5364
5362
5362
5360
5360
5359
5359
5356
5353
5351
5348
5342
5340
5339
5337
5333
5333
5332
5332
5331
5330
5330
5329
5329
5329
5329
5328
5327
5325
5325
5323
5323
5322
5322
5321
5321
5320
5319
5318
5315
5314
5314
5311
5310
5310
5310
5309
5309
5309
5309
5309
5308
5308
5305
5303
5301
5300
5300
5299
5299
5297
5297
5293
5293
5293
5292
5292
5292
5291
5290
5288
5288
5288
5287
5286
5285
5285
5284
5284
5284
5283
5283
5283
5283
5282
5282
5281
5281
5280
5279
5277
5275
5274
5273
5273
5270
5265
5264
5263
5262
5262
5262
5261
5256
5256
5255
5255
5255
5254
5254
5253
5253
5253
5250
5248
5247
5247
5247
5245
5242
5242
5241
5241
5240
5240
5239
5239
5239
5239
5238
5237
5236
5236
5234
5234
5233
5232
5231
5229
5228
5228
5226
5226
5226
5226
5221
5217
5217
5216
5216
5213
5212
5211
5211
5209
5209
5208
5207
5204
5202
5201
5200
5198
5197
5196
5196
5195
5194
5194
5193
5192
5192
5190
5190
5190
5189
5189
5188
5188
5187
5187
5186
5185
5183
5183
5183
5182
5181
5179
5179
5178
5177
5177
5176
5176
5176
5176
5173
5172
5170
5169
5166
5166
5166
5166
5164
5163
5162
5160
5160
5159
5158
5157
5157
5157
5156
5155
5154
5152
5151
5150
5149
5148
5147
5146
5145
5144
5141
5140
5140
5139
5139
5138
5138
5137
5137
5136
5135
5135
5135
5134
5131
5130
5129
5127
5126
5125
5124
5124
5123
5122
5122
5120
5119
5117
5117
5111
5111
5111
5111
5109
5109
5109
5107
5106
5106
5105
5103
5103
5100
5100
5100
5099
5098
5097
5095
5095
5093
5092
5091
5091
5091
5090
5089
5086
5086
5086
5085
5084
5082
5082
5082
5081
5081
5080
5077
5076
5076
5076
5075
5075
5072
5070
5069
5068
5064
5063
5062
5062
5061
5060
5059
5056
5055
5055
5052
5051
5051
5050
5049
5049
5047
5045
5045
5043
5042
5041
5041
5039
5035
5035
5034
5034
5032
5031
5030
5030
5030
5028
5028
5027
5026
5025
5025
5024
5024
5023
5022
5021
5021
5021
5019
5018
5017
5017
5016
5015
5015
5014
5014
5014
5014
5012
5011
5008
5008
5008
5007
5005
5003
5000
5000
5000
4997
4997
4995
4990
4989
4988
4988
4988
4987
4985
4985
4983
4983
4982
4982
4977
4976
4976
4976
4973
4973
4971
4970
4969
4969
4968
4967
4965
4965
4962
4959
4956
4955
4955
4954
4954
4954
4953
4951
4950
4945
4943
4943
4941
4940
4937
4937
4937
4936
4936
4936
4936
4935
4935
4935
4934
4933
4933
4932
4932
4932
4928
4928
4927
4926
4925
4925
4924
4924
4924
4922
4921
4921
4921
4920
4919
4918
4917
4917
4916
4916
4914
4914
4913
4913
4912
4911
4911
4908
4905
4901
4900
4899
4898
4897
4896
4896
4895
4895
4894
4893
4893
4892
4891
4890
4890
4890
4889
4887
4886
4885
4885
4884
4884
4883
4882
4882
4881
4881
4880
4880
4878
4878
4877
4875
4875
4874
4874
4873
4873
4872
4872
4871
4871
4867
4867
4865
4865
4865
4864
4863
4863
4862
4862
4861
4860
4860
4859
4858
4857
4854
4853
4852
4851
4850
4849
4845
4845
4842
4839
4838
4837
4836
4836
4836
4835
4835
4832
4830
4830
4829
4828
4828
4825
4822
4822
4821
4820
4820
4819
4818
4818
4818
4817
4816
4814
4813
4812
4811
4811
4810
4810
4810
4810
4808
4808
4807
4807
4805
4803
4802
4802
4800
4800
4799
4798
4797
4797
4797
4794
4794
4794
4792
4791
4790
4789
4787
4786
4785
4785
4782
4781
4781
4779
4779
4777
4774
4772
4771
4771
4771
4770
4769
4769
4766
4764
4763
4762
4760
4760
4759
4759
4759
4756
4754
4753
4751
4750
4748
4748
4747
4745
4744
4743
4743
4742
4742
4741
4739
4733
4733
4733
4732
4730
4730
4729
4729
4728
4728
4727
4727
4725
4722
4721
4720
4720
4719
4716
4715
4714
4713
4712
4710
4710
4709
4708
4708
4708
4706
4705
4705
4704
4697
4697
4697
4697
4696
4696
4696
4695
4694
4693
4693
4692
4691
4691
4691
4690
4688
4688
4685
4683
4682
4682
4678
4677
4674
4674
4673
4672
4671
4669
4669
4669
4668
4667
4667
4665
4665
4664
4661
4661
4660
4660
4659
4659
4658
4654
4654
4654
4650
4649
4644
4643
4639
4638
4637
4637
4636
4634
4633
4633
4632
4630
4629
4626
4626
4625
4624
4623
4623
4623
4622
4621
4621
4621
4621
4619
4614
4614
4614
4614
4613
4611
4608
4607
4607
4606
4606
4603
4601
4600
4595
4594
4594
4593
4593
4591
4591
4590
4589
4588
4588
4588
4586
4585
4583
4583
4582
4581
4581
4581
4578
4577
4576
4576
4574
4573
4572
4572
4571
4570
4570
4568
4568
4567
4567
4564
4563
4562
4562
4562
4561
4561
4560
4559
4558
4558
4556
4553
4553
4552
4551
4550
4550
4546
4544
4542
4541
4541
4540
4539
4537
4536
4536
4536
4536
4530
4530
4529
4526
4525
4525
4523
4523
4521
4520
4516
4516
4511
4510
4510
4508
4507
4507
4507
4505
4504
4501
4500
4500
4499
4498
4498
4497
4497
4496
4495
4494
4493
4493
4493
4493
4492
4492
4490
4488
4487
4487
4487
4487
4485
4484
4484
4483
4482
4480
4480
4476
4473
4472
4472
4471
4469
4469
4467
4466
4465
4464
4463
4462
4462
4460
4460
4456
4456
4455
4455
4455
4454
4453
4452
4449
4448
4447
4445
4444
4444
4441
4441
4440
4440
4439
4439
4438
4438
4436
4435
4435
4434
4434
4432
4432
4432
4431
4431
4431
4431
4430
4430
4428
4427
4426
4426
4426
4425
4425
4424
4424
4424
4423
4422
4422
4421
4420
4419
4418
4418
4418
4416
4414
4413
4410
4410
4409
4406
4406
4406
4406
4403
4403
4401
4401
4400
4398
4398
4397
4394
4393
4392
4391
4391
4389
4389
4388
4388
4388
4387
4384
4384
4383
4382
4379
4379
4376
4375
4375
4375
4375
4374
4373
4373
4372
4371
4369
4369
4369
4366
4366
4365
4364
4363
4362
4361
4361
4359
4359
4357
4356
4356
4356
4355
4355
4354
4353
4352
4352
4351
4351
4350
4350
4348
4347
4345
4345
4344
4344
4344
4343
4342
4342
4340
4339
4339
4339
4338
4336
4336
4335
4333
4333
4331
4331
4331
4330
4329
4329
4328
4328
4328
4326
4325
4325
4325
4324
4324
4323
4323
4323
4321
4320
4320
4319
4318
4316
4315
4315
4314
4314
4312
4311
4310
4310
4310
4308
4308
4306
4306
4305
4305
4304
4303
4302
4302
4302
4300
4300
4297
4294
4292
4290
4288
4288
4287
4285
4284
4281
4281
4281
4279
4278
4276
4275
4273
4272
4269
4269
4269
4268
4266
4264
4263
4262
4261
4260
4260
4260
4259
4255
4254
4252
4252
4252
4252
4251
4250
4248
4248
4248
4248
4247
4247
4246
4244
4244
4243
4241
4241
4240
4239
4238
4237
4237
4236
4235
4234
4234
4233
4232
4229
4228
4228
4227
4226
4226
4225
4223
4222
4221
4221
4221
4220
4219
4219
4217
4217
4216
4215
4215
4214
4214
4214
4213
4213
4213
4212
4211
4211
4210
4205
4204
4203
4200
4200
4199
4198
4197
4194
4192
4190
4187
4185
4183
4183
4180
4179
4178
4177
4177
4174
4173
4173
4173
4172
4172
4171
4171
4171
4171
4170
4170
4170
4170
4169
4165
4163
4161
4161
4161
4160
4160
4159
4158
4156
4155
4155
4155
4152
4152
4150
4150
4148
4148
4147
4145
4145
4145
4144
4144
4143
4142
4140
4138
4138
4138
4136
4134
4133
4130
4130
4128
4127
4127
4126
4125
4123
4121
4121
4120
4119
4119
4119
4119
4119
4119
4118
4118
4117
4115
4115
4115
4114
4114
4114
4113
4110
4109
4109
4109
4107
4106
4105
4104
4103
4102
4102
4100
4100
4099
4098
4098
4096
4095
4093
4092
4090
4090
4089
4089
4088
4087
4085
4084
4081
4080
4080
4080
4078
4078
4077
4076
4073
4073
4072
4072
4071
4070
4070
4068
4068
4067
4067
4066
4066
4066
4065
4063
4062
4060
4059
4059
4058
4056
4055
4055
4055
4053
4053
4051
4051
4051
4051
4051
4049
4048
4047
4047
4045
4042
4039
4037
4037
4037
4036
4036
4036
4035
4035
4034
4033
4031
4030
4030
4030
4030
4029
4028
4027
4027
4027
4022
4021
4018
4017
4016
4016
4015
4015
4013
4011
4010
4009
4008
4007
4007
4007
4006
4005
4004
4004
4003
4001
4001
4000
3999
3999
3997
3995
3993
3993
3993
3992
3991
3991
3991
3990
3989
3988
3988
3988
3987
3986
3985
3984
3984
3983
3983
3982
3978
3978
3978
3977
3977
3975
3974
3972
3972
3971
3969
3966
3965
3965
3964
3963
3962
3962
3961
3959
3958
3957
3952
3950
3948
3947
3947
3941
3940
3940
3939
3939
3939
3939
3938
3938
3938
3935
3932
3932
3931
3931
3928
3928
3927
3926
3926
3925
3923
3922
3922
3922
3921
3919
3918
3918
3917
3917
3915
3914
3913
3912
3911
3910
3909
3909
3908
3906
3906
3905
3905
3905
3903
3901
3900
3899
3898
3897
3897
3896
3896
3895
3894
3893
3892
3892
3892
3891
3889
3889
3886
3885
3885
3884
3882
3881
3879
3877
3875
3874
3872
3871
3869
3868
3868
3867
3867
3867
3864
3864
3864
3860
3858
3857
3855
3850
3850
3850
3849
3849
3847
3845
3844
3844
3843
3842
3842
3841
3841
3840
3837
3835
3831
3830
3830
3827
3826
3824
3821
3820
3819
3818
3818
3817
3817
3816
3814
3814
3812
3812
3810
3809
3809
3807
3805
3805
3802
3802
3801
3801
3801
3800
3798
3798
3798
3796
3796
3795
3794
3794
3794
3794
3794
3791
3790
3789
3788
3787
3786
3785
3785
3783
3782
3782
3782
3780
3779
3779
3778
3777
3777
3776
3776
3776
3775
3772
3772
3770
3769
3769
3769
3768
3768
3766
3766
3765
3764
3763
3763
3761
3760
3758
3756
3755
3754
3751
3749
3748
3748
3748
3747
3745
3743
3743
3742
3739
3739
3738
3736
3733
3733
3732
3730
3730
3729
3727
3727
3727
3724
3723
3721
3716
3716
3713
3711
3711
3710
3709
3708
3705
3704
3702
3701
3700
3700
3700
3700
3699
3695
3694
3691
3689
3689
3688
3687
3687
3686
3685
3685
3684
3684
3683
3682
3680
3678
3677
3677
3677
3676
3674
3674
3673
3672
3671
3671
3670
3668
3668
3665
3664
3664
3664
3663
3663
3663
3663
3662
3661
3661
3659
3658
3658
3657
3653
3653
3652
3651
3647
3642
3641
3639
3639
3636
3634
3634
3633
3629
3627
3626
3624
3623
3621
3616
3615
3614
3614
3613
3613
3611
3611
3608
3606
3605
3605
3605
3604
3604
3603
3601
3600
3597
3594
3594
3594
3592
3591
3590
3589
3588
3587
3585
3585
3583
3583
3581
3581
3579
3577
3577
3576
3576
3575
3575
3574
3574
3574
3574
3571
3570
3569
3566
3565
3563
3563
3561
3561
3558
3557
3557
3557
3556
3550
3550
3549
3549
3547
3546
3546
3545
3545
3544
3544
3543
3542
3539
3539
3537
3536
3535
3534
3532
3532
3530
3528
3526
3526
3525
3523
3521
3520
3519
3517
3516
3511
3511
3511
3511
3510
3509
3509
3508
3507
3504
3502
3502
3500
3500
3499
3498
3498
3498
3498
3498
3497
3495
3495
3495
3495
3492
3492
3490
3489
3489
3489
3487
3487
3487
3487
3486
3485
3482
3482
3481
3479
3478
3477
3476
3475
3475
3474
3474
3474
3473
3472
3472
3470
3470
3469
3466
3466
3465
3464
3464
3464
3464
3464
3463
3462
3461
3461
3459
3459
3458
3456
3455
3455
3455
3455
3454
3453
3453
3450
3450
3449
3448
3448
3447
3447
3446
3446
3444
3444
3443
3442
3440
3439
3438
3438
3438
3437
3436
3433
3433
3433
3431
3428
3428
3428
3427
3425
3423
3421
3418
3416
3415
3414
3413
3411
3407
3404
3403
3402
3399
3399
3397
3395
3395
3391
3389
3389
3387
3385
3384
3383
3383
3383
3381
3380
3377
3376
3376
3374
3373
3372
3371
3370
3370
3369
3369
3368
3367
3366
3366
3366
3365
3363
3362
3359
3359
3359
3358
3358
3358
3357
3356
3355
3354
3354
3351
3349
3349
3347
3343
3342
3342
3341
3340
3340
3339
3338
3337
3337
3337
3335
3335
3333
3333
3333
3332
3332
3331
3328
3327
3325
3323
3322
3321
3321
3320
3319
3316
3316
3315
3314
3313
3312
3312
3311
3310
3309
3307
3307
3306
3305
3305
3304
3304
3303
3302
3302
3300
3300
3299
3298
3298
3297
3294
3293
3293
3291
3290
3288
3288
3286
3285
3285
3285
3284
3284
3284
3282
3281
3278
3277
3276
3276
3276
3276
3274
3270
3270
3270
3267
3266
3266
3265
3264
3263
3263
3262
3262
3260
3260
3259
3257
3255
3254
3254
3253
3253
3252
3252
3251
3250
3246
3245
3245
3244
3242
3242
3241
3240
3239
3238
3238
3238
3236
3235
3234
3234
3234
3233
3232
3232
3232
3230
3230
3226
3224
3224
3222
3220
3220
3220
3218
3217
3217
3216
3215
3215
3215
3211
3211
3211
3210
3208
3208
3205
3203
3202
3199
3199
3198
3194
3194
3194
3193
3192
3191
3191
3187
3186
3186
3184
3184
3182
3182
3181
3180
3178
3176
3176
3173
3172
3169
3168
3166
3166
3165
3163
3162
3161
3160
3159
3159
3159
3159
3159
3155
3153
3153
3151
3151
3151
3151
3150
3149
3149
3147
3146
3144
3144
3143
3143
3142
3141
3140
3140
3140
3137
3136
3135
3135
3133
3132
3131
3130
3130
3129
3128
3128
3126
3126
3125
3123
3123
3122
3119
3117
3116
3116
3116
3115
3115
3114
3114
3111
3111
3111
3108
3108
3107
3107
3107
3106
3106
3105
3105
3104
3104
3103
3102
3102
3102
3101
3100
3097
3095
3093
3092
3091
3091
3091
3090
3088
3087
3087
3085
3084
3084
3081
3077
3077
3074
3073
3073
3072
3071
3071
3071
3070
3069
3066
3066
3064
3063
3062
3061
3059
3057
3055
3054
3054
3053
3051
3051
3051
3050
3050
3049
3049
3047
3045
3045
3045
3045
3045
3044
3042
3041
3039
3037
3035
3035
3035
3034
3034
3033
3031
3031
3029
3025
3023
3021
3020
3020
3020
3018
3017
3017
3016
3015
3015
3015
3015
3014
3012
3011
3009
3008
3007
3006
3004
3004
3003
3002
3002
3001
3001
3001
3000
3000
2998
2997
2996
2994
2991
2990
2989
2988
2987
2987
2987
2985
2985
2984
2984
2984
2983
2982
2981
2981
2980
2978
2976
2976
2975
2975
2974
2973
2973
2972
2972
2971
2971
2970
2965
2959
2956
2956
2956
2956
2956
2954
2954
2952
2951
2950
2949
2947
2947
2943
2942
2942
2940
2940
2939
2939
2939
2937
2937
2937
2936
2931
2930
2930
2929
2929
2928
2928
2926
2925
2924
2923
2921
2920
2918
2916
2915
2915
2915
2914
2914
2914
2913
2912
2911
2910
2910
2910
2908
2907
2906
2906
2901
2901
2898
2897
2895
2895
2895
2894
2892
2892
2892
2892
2891
2891
2890
2889
2887
2887
2886
2885
2885
2884
2884
2882
2879
2878
2878
2876
2876
2874
2874
2874
2871
2871
2870
2870
2868
2868
2865
2864
2863
2862
2862
2860
2858
2856
2855
2853
2852
2851
2851
2850
2849
2848
2846
2846
2846
2844
2841
2840
2839
2839
2839
2839
2838
2835
2831
2830
2829
2829
2827
2826
2825
2823
2823
2822
2822
2821
2821
2820
2819
2819
2819
2816
2816
2813
2813
2813
2812
2812
2811
2810
2809
2808
2807
2806
2805
2805
2803
2800
2799
2795
2794
2794
2794
2793
2793
2791
2788
2787
2787
2786
2786
2785
2784
2783
2778
2778
2777
2777
2776
2776
2775
2772
2772
2771
2768
2768
2768
2768
2768
2767
2767
2766
2766
2765
2765
2764
2763
2763
2759
2759
2758
2757
2756
2756
2756
2754
2754
2749
2748
2747
2746
2745
2739
2737
2736
2735
2734
2734
2733
2732
2731
2729
2728
2727
2727
2726
2726
2726
2725
2725
2725
2723
2723
2723
2721
2720
2720
2720
2719
2719
2718
2714
2714
2714
2714
2713
2707
2707
2707
2706
2706
2704
2704
2702
2702
2701
2701
2700
2699
2699
2696
2694
2693
2693
2693
2692
2692
2690
2688
2688
2687
2687
2686
2685
2685
2683
2683
2682
2681
2681
2676
2673
2673
2672
2672
2671
2670
2670
2669
2669
2667
2663
2663
2661
2661
2660
2659
2655
2654
2653
2652
2651
2651
2651
2647
2647
2646
2644
2642
2642
2642
2640
2640
2639
2638
2637
2636
2634
2634
2631
2630
2629
2627
2626
2625
2624
2623
2621
2621
2620
2619
2619
2618
2618
2617
2616
2615
2613
2612
2612
2612
2611
2611
2609
2608
2608
2607
2606
2604
2604
2603
2602
2600
2598
2598
2598
2597
2596
2593
2591
2591
2591
2590
2590
2590
2588
2585
2585
2584
2584
2583
2581
2581
2579
2579
2574
2573
2571
2571
2571
2570
2567
2566
2565
2565
2564
2562
2562
2561
2561
2561
2560
2558
2557
2555
2555
2555
2553
2552
2552
2551
2551
2550
2549
2549
2548
2546
2545
2544
2542
2538
2537
2533
2532
2532
2531
2531
2530
2529
2529
2528
2527
2526
2526
2525
2525
2525
2523
2522
2521
2521
2521
2519
2518
2518
2518
2517
2517
2516
2515
2514
2514
2513
2512
2512
2509
2508
2507
2507
2506
2503
2502
2502
2502
2502
2501
2501
2500
2499
2498
2496
2494
2493
2490
2490
2489
2489
2488
2487
2487
2486
2484
2483
2482
2482
2481
2478
2477
2476
2476
2475
2474
2474
2471
2471
2471
2468
2468
2467
2467
2465
2465
2464
2464
2463
2462
2459
2459
2459
2457
2457
2457
2456
2452
2452
2448
2447
2446
2445
2444
2444
2444
2443
2442
2442
2437
2436
2436
2435
2434
2434
2433
2433
2431
2430
2430
2430
2428
2427
2427
2426
2424
2423
2422
2422
2422
2422
2422
2422
2421
2421
2420
2418
2418
2418
2418
2417
2417
2414
2414
2409
2408
2407
2407
2407
2407
2407
2407
2407
2406
2406
2404
2403
2402
2402
2402
2402
2401
2401
2400
2400
2400
2399
2398
2396
2395
2395
2390
2388
2384
2384
2384
2384
2384
2384
2384
2384
2381
2381
2379
2378
2378
2377
2377
2376
2376
2376
2375
2375
2374
2373
2372
2371
2370
2369
2369
2368
2368
2364
2359
2359
2359
2358
2358
2357
2357
2357
2356
2356
2356
2355
2352
2351
2350
2348
2348
2347
2346
2345
2345
2344
2344
2342
2341
2340
2340
2339
2338
2337
2336
2335
2335
2332
2332
2331
2330
2330
2327
2326
2324
2324
2322
2321
2320
2320
2319
2319
2319
2319
2319
2317
2315
2315
2314
2308
2307
2306
2304
2302
2302
2301
2298
2297
2296
2296
2294
2293
2292
2291
2290
2290
2288
2285
2284
2284
2284
2283
2282
2281
2279
2278
2278
2276
2274
2273
2272
2271
2271
2271
2270
2270
2269
2269
2268
2268
2267
2266
2265
2264
2264
2264
2264
2263
2262
2259
2259
2258
2257
2257
2256
2256
2255
2255
2254
2251
2250
2249
2247
2247
2247
2246
2246
2245
2245
2243
2241
2241
2241
2241
2241
2237
2235
2234
2234
2234
2232
2232
2232
2231
2230
2228
2227
2227
2227
2226
2224
2222
2221
2221
2220
2219
2218
2217
2215
2215
2214
2214
2214
2213
2212
2210
2209
2207
2206
2206
2204
2203
2201
2200
2200
2199
2198
2198
2198
2198
2196
2195
2194
2193
2193
2192
2190
2190
2188
2188
2187
2186
2185
2184
2183
2182
2181
2181
2179
2178
2178
2177
2176
2176
2175
2174
2174
2173
2173
2173
2170
2170
2168
2168
2167
2167
2166
2165
2164
2163
2159
2158
2157
2156
2155
2155
2155
2155
2154
2150
2148
2148
2148
2147
2147
2146
2145
2144
2144
2143
2143
2143
2143
2141
2138
2138
2135
2133
2132
2132
2130
2130
2129
2125
2124
2124
2123
2122
2116
2116
2116
2116
2114
2114
2113
2112
2110
2109
2107
2106
2105
2104
2103
2102
2101
2101
2101
2099
2095
2095
2095
2095
2091
2090
2089
2089
2089
2088
2088
2086
2086
2086
2085
2084
2083
2082
2082
2081
2080
2080
2079
2079
2078
2078
2077
2076
2075
2075
2073
2073
2073
2072
2072
2071
2071
2071
2070
2068
2068
2067
2067
2066
2064
2064
2062
2061
2056
2055
2054
2054
2053
2053
2051
2048
2046
2045
2043
2042
2042
2037
2034
2033
2031
2030
2029
2029
2029
2027
2026
2026
2024
2022
2022
2021
2021
2018
2017
2017
2017
2014
2014
2014
2012
2011
2007
2007
2006
2005
2004
2004
2004
2003
2002
2002
2001
2001
2000
1998
1998
1996
1995
1995
1994
1991
1991
1990
1990
1989
1989
1988
1988
1988
1987
1987
1986
1986
1986
1984
1984
1983
1982
1981
1980
1977
1977
1977
1975
1975
1974
1974
1974
1973
1970
1967
1966
1964
1964
1962
1961
1961
1960
1960
1960
1957
1957
1957
1956
1955
1954
1953
1953
1953
1953
1952
1951
1949
1948
1948
1947
1947
1947
1946
1944
1943
1942
1940
1940
1936
1936
1936
1932
1931
1930
1929
1928
1927
1926
1926
1924
1924
1923
1923
1921
1920
1919
1918
1917
1913
1911
1911
1911
1910
1910
1909
1909
1908
1908
1908
1908
1907
1906
1905
1903
1900
1897
1896
1895
1891
1891
1887
1885
1885
1884
1884
1883
1882
1879
1879
1877
1877
1877
1877
1875
1875
1871
1871
1871
1869
1866
1865
1864
1864
1863
1861
1860
1860
1859
1859
1859
1858
1856
1855
1855
1855
1852
1852
1852
1849
1849
1847
1847
1846
1846
1845
1843
1842
1840
1838
1836
1834
1834
1834
1832
1832
1831
1830
1830
1829
1829
1829
1829
1829
1828
1828
1826
1823
1822
1822
1821
1820
1819
1818
1817
1815
1812
1811
1810
1809
1809
1807
1807
1807
1805
1804
1804
1800
1799
1798
1798
1795
1795
1793
1791
1790
1789
1789
1788
1788
1786
1785
1785
1784
1781
1781
1781
1780
1779
1778
1777
1777
1776
1776
1774
1772
1772
1770
1769
1767
1767
1763
1761
1760
1759
1759
1757
1756
1755
1755
1755
1755
1753
1752
1752
1749
1748
1748
1747
1746
1746
1744
1742
1741
1739
1739
1738
1737
1736
1735
1734
1732
1730
1730
1729
1729
1727
1727
1727
1727
1726
1726
1725
1725
1725
1722
1721
1718
1716
1715
1711
1711
1710
1708
1705
1705
1703
1702
1701
1700
1699
1698
1697
1696
1696
1695
1695
1691
1691
1690
1689
1687
1686
1686
1684
1680
1679
1677
1677
1674
1673
1672
1670
1670
1670
1669
1668
1667
1665
1664
1663
1661
1661
1660
1659
1659
1659
1657
1657
1654
1652
1652
1652
1650
1650
1650
1649
1649
1649
1649
1648
1647
1647
1645
1641
1641
1640
1639
1638
1638
1637
1636
1635
1634
1631
1630
1630
1630
1629
1626
1626
1625
1624
1623
1620
1618
1617
1615
1614
1614
1613
1613
1612
1612
1612
1611
1610
1610
1610
1609
1607
1606
1606
1602
1601
1601
1601
1601
1600
1598
1598
1598
1597
1597
1597
1594
1594
1592
1592
1592
1589
1588
1588
1586
1585
1583
1580
1574
1574
1573
1572
1569
1569
1567
1566
1566
1565
1565
1565
1564
1563
1563
1563
1562
1560
1559
1559
1557
1553
1552
1552
1551
1548
1548
1547
1545
1545
1544
1544
1544
1542
1536
1535
1531
1530
1529
1528
1528
1527
1527
1526
1526
1524
1523
1519
1518
1517
1517
1517
1517
1516
1515
1515
1514
1513
1513
1513
1513
1513
1512
1510
1510
1509
1508
1507
1505
1505
1504
1502
1500
1500
1499
1497
1496
1495
1495
1494
1493
1493
1493
1487
1483
1479
1478
1478
1477
1476
1475
1473
1473
1472
1472
1471
1471
1471
1469
1465
1464
1463
1461
1461
1459
1459
1458
1457
1457
1453
1453
1452
1452
1451
1450
1445
1443
1443
1441
1440
1439
1438
1437
1436
1436
1435
1434
1431
1430
1429
1429
1428
1428
1426
1425
1425
1424
1424
1423
1423
1423
1422
1421
1420
1419
1419
1417
1417
1417
1415
1412
1412
1411
1410
1410
1409
1408
1405
1405
1403
1403
1401
1401
1401
1399
1397
1395
1393
1392
1391
1391
1390
1390
1389
1388
1387
1387
1387
1385
1385
1385
1384
1381
1380
1379
1379
1379
1378
1378
1375
1374
1374
1373
1372
1372
1371
1370
1370
1364
1363
1361
1361
1361
1360
1359
1359
1357
1357
1356
1355
1353
1353
1347
1347
1346
1345
1345
1345
1343
1341
1341
1337
1337
1336
1334
1334
1334
1333
1332
1332
1331
1329
1327
1326
1325
1324
1320
1320
1319
1318
1317
1316
1314
1313
1312
1312
1311
1310
1309
1309
1307
1307
1306
1305
1304
1304
1303
1301
1301
1301
1297
1297
1294
1290
1289
1287
1286
1285
1285
1285
1283
1281
1280
1280
1279
1279
1279
1278
1277
1276
1276
1272
1271
1269
1269
1269
1269
1269
1269
1268
1268
1267
1266
1266
1265
1265
1262
1260
1259
1258
1257
1256
1256
1252
1252
1250
1249
1248
1248
1248
1248
1246
1243
1243
1243
1242
1242
1236
1235
1234
1233
1229
1228
1228
1228
1228
1226
1226
1226
1226
1225
1225
1225
1224
1224
1222
1222
1221
1220
1219
1219
1218
1218
1217
1213
1213
1211
1210
1209
1208
1206
1206
1205
1203
1203
1202
1202
1202
1201
1200
1200
1200
1196
1196
1196
1196
1196
1194
1193
1193
1193
1191
1191
1190
1189
1189
1188
1184
1184
1182
1182
1181
1173
1172
1172
1171
1170
1170
1169
1169
1169
1168
1167
1167
1167
1167
1167
1165
1165
1164
1164
1163
1162
1162
1161
1160
1158
1158
1158
1157
1157
1157
1156
1156
1155
1154
1153
1150
1149
1149
1148
1147
1146
1146
1142
1141
1140
1138
1137
1136
1134
1134
1133
1133
1131
1131
1131
1129
1128
1127
1127
1124
1124
1123
1122
1122
1119
1119
1119
1118
1116
1115
1114
1114
1114
1111
1110
1106
1106
1106
1103
1103
1099
1098
1096
1095
1095
1094
1093
1091
1090
1090
1090
1089
1088
1087
1085
1083
1082
1081
1080
1079
1078
1077
1077
1076
1074
1074
1074
1074
1073
1068
1067
1067
1066
1064
1063
1063
1061
1058
1057
1057
1057
1057
1056
1056
1054
1053
1052
1051
1050
1049
1048
1047
1047
1045
1044
1043
1043
1043
1042
1042
1041
1041
1040
1039
1039
1038
1037
1036
1033
1032
1029
1027
1027
1025
1025
1021
1021
1020
1019
1018
1018
1018
1014
1013
1011
1011
1009
1008
1008
1007
1005
1005
1004
1003
1001
1001
1001
999
998
998
998
996
996
996
995
994
993
992
990
989
987
986
986
985
984
983
982
982
977
977
976
975
973
973
972
970
970
970
970
969
966
963
963
962
958
956
955
955
951
951
950
947
947
947
944
940
938
938
937
936
936
935
935
934
931
930
930
929
928
924
921
919
918
918
918
917
915
914
912
911
910
909
909
909
908
908
906
905
905
905
904
903
901
901
901
900
898
898
898
897
897
896
894
894
894
891
891
891
887
887
886
884
882
879
878
874
874
874
873
873
873
871
870
870
869
869
869
869
868
866
865
865
865
864
864
863
863
863
863
863
862
862
860
859
858
858
855
854
852
852
852
852
849
849
848
848
847
845
844
838
837
836
836
835
835
835
834
834
833
832
832
832
832
831
831
830
829
828
826
826
825
825
824
823
821
819
818
815
815
815
814
813
813
812
810
809
805
805
805
804
804
803
803
802
802
801
800
800
798
795
794
794
794
793
793
791
790
789
788
785
785
784
783
781
780
780
777
776
776
775
774
773
773
773
772
771
768
768
767
767
767
767
764
763
762
761
760
760
759
759
758
758
754
751
749
749
745
743
742
741
740
738
738
738
737
737
737
734
734
733
732
731
730
729
729
727
727
725
725
724
724
723
722
720
720
716
715
714
714
713
712
712
710
710
708
708
708
704
703
702
702
701
701
695
694
694
693
692
692
691
691
691
690
690
690
689
686
686
682
681
680
680
680
679
679
678
678
678
677
674
672
671
670
669
669
668
667
667
665
662
662
660
659
658
657
657
654
653
652
651
650
650
648
643
643
643
643
643
642
641
638
635
634
634
633
632
632
629
629
629
627
625
625
625
624
623
623
623
621
620
620
620
619
616
614
614
612
611
611
611
608
604
603
602
601
601
600
599
597
595
593
592
591
590
590
589
589
588
588
587
587
587
587
586
585
585
585
580
580
578
578
576
575
574
574
573
570
570
569
569
568
568
567
567
566
565
564
564
563
560
560
559
559
558
557
557
557
556
555
555
555
554
553
552
550
549
547
545
545
544
544
544
544
543
541
541
540
539
539
538
536
536
535
535
534
534
533
533
532
531
527
527
526
524
523
523
522
518
518
517
517
517
514
514
513
513
513
512
512
511
511
510
509
506
505
504
503
503
500
499
499
498
496
496
495
492
490
490
489
488
486
486
486
485
484
483
482
481
478
478
478
477
475
475
474
471
471
468
467
465
463
460
460
459
459
459
458
457
457
454
453
452
452
452
452
451
450
449
449
448
447
445
443
443
443
442
441
440
434
433
431
431
431
428
427
427
427
425
425
424
421
420
418
418
416
415
415
413
413
409
408
407
406
404
402
400
399
399
397
397
397
396
394
394
393
392
391
389
388
387
387
386
384
381
381
379
379
379
377
377
375
375
374
373
372
372
370
369
368
368
365
364
364
362
361
361
361
360
360
359
359
357
356
355
354
352
351
351
350
350
350
349
349
348
348
347
347
345
345
345
344
343
342
341
340
339
338
337
336
336
333
333
333
332
332
331
330
329
329
329
328
328
326
324
324
322
322
320
320
319
319
317
317
316
314
313
312
312
311
310
310
309
308
307
306
302
301
301
300
300
300
298
298
297
297
295
294
292
291
291
290
285
285
283
281
281
281
280
279
279
278
275
275
275
275
274
272
271
270
269
267
266
264
263
262
261
261
261
257
257
256
256
255
255
253
252
252
251
247
245
245
244
244
244
243
243
242
242
241
240
240
239
238
237
237
236
234
233
230
230
229
229
229
228
228
227
226
223
223
223
221
221
219
219
219
218
215
214
213
213
212
212
212
212
211
211
208
208
206
205
202
201
201
199
197
196
196
195
195
194
193
192
191
191
189
188
184
183
183
183
183
180
179
178
178
177
177
176
176
174
174
173
173
168
168
164
159
158
156
156
156
153
151
151
151
151
150
150
146
143
143
141
141
140
140
139
139
138
134
134
133
133
132
131
130
129
128
128
127
125
124
124
124
123
122
121
119
118
117
117
116
116
116
113
113
112
112
111
110
110
109
108
107
107
106
106
105
105
101
101
95
95
93
91
90
89
88
88
88
87
87
86
84
84
83
80
80
79
78
78
78
78
77
77
77
75
75
75
73
73
72
71
70
69
69
67
64
63
62
62
59
58
57
56
56
55
55
54
54
54
54
52
52
51
50
46
43
41
40
40
38
38
38
37
37
37
36
36
36
33
30
29
28
27
27
26
26
23
23
19
17
15
14
14
14
12
12
9
8
7
7
4
2
2
2
1
0
0
