9998
9997
9997
9996
9996
9995
9994
9993
9992
9992
9990
9990
9989
9988
9987
9986
9983
9981
9981
9981
9979
9976
9974
9974
9973
9971
9971
9970
9969
9965
9965
9963
9963
9963
9961
9961
9961
9959
9959
9958
9957
9956
9956
9955
9955
9953
9951
9951
9950
9946
9946
9945
9944
9943
9941
9941
9939
9938
9938
9938
9937
9933
9933
9932
9930
9930
9929
9928
9926
9925
9925
9925
9923
9923
9923
9922
9921
9921
9918
9918
9916
9916
9911
9910
9910
9908
9908
9908
9907
9906
9905
9905
9905
9905
9904
9904
9904
9903
9903
9902
9901
9900
9900
9899
9899
9899
9898
9898
9895
9893
9892
9892
9891
9890
9889
9888
9888
9888
9887
9886
9885
9884
9884
9884
9884
9884
9882
9882
9881
9880
9879
9879
9877
9877
9877
9876
9876
9875
9875
9875
9875
9875
9875
9875
9874
9871
9870
9870
9870
9868
9866
9863
9862
9861
9860
9860
9859
9858
9856
9856
9856
9855
9855
9854
9854
9853
9849
9848
9842
9841
9839
9838
9837
9837
9836
9835
9831
9830
9829
9829
9828
9827
9827
9827
9827
9826
9825
9825
9825
9825
9824
9823
9817
9816
9816
9816
9815
9814
9814
9813
9813
9812
9811
9807
9806
9806
9805
9805
9804
9804
9799
9798
9798
9798
9796
9796
9795
9792
9790
9790
9789
9789
9788
9787
9787
9783
9782
9781
9780
9780
9778
9777
9777
9776
9776
9774
9773
9772
9772
9772
9771
9770
9769
9768
9768
9767
9767
9767
9766
9765
9765
9762
9760
9759
9757
9757
9756
9756
9754
9753
9753
9752
9750
9750
9748
9748
9747
9747
9747
9746
9745
9745
9744
9744
9742
9742
9741
9740
9740
9739
9738
9738
9735
9735
9734
9733
9733
9733
9732
9731
9731
9730
9729
9729
9728
9728
9728
9728
9727
9727
9725
9725
9723
9722
9722
9721
9720
9719
9719
9719
9718
9715
9714
9714
9712
9711
9711
9710
9709
9708
9703
9703
9701
9698
9697
9695
9695
9694
9693
9693
9693
9693
9693
9691
9689
9687
9685
9684
9684
9684
9683
9683
9683
9683
9682
9681
9680
9680
9679
9676
9676
9676
9674
9672
9670
9670
9668
9666
9665
9664
9664
9663
9662
9661
9660
9659
9659
9657
9657
9656
9655
9654
9654
9653
9652
9652
9649
9647
9646
9644
9644
9642
9639
9638
9637
9637
9636
9634
9634
9633
9632
9630
9630
9630
9629
9626
9625
9623
9623
9623
9621
9620
9619
9619
9618
9618
9617
9616
9615
9614
9613
9612
9611
9610
9610
9608
9607
9607
9606
9605
9605
9602
9600
9600
9599
9598
9598
9597
9597
9595
9595
9593
9593
9591
9588
9587
9587
9582
9581
9581
9580
9578
9578
9578
9577
9575
9573
9573
9572
9572
9571
9568
9568
9567
9567
9565
9565
9563
9563
9562
9561
9561
9560
9560
9558
9558
9557
9557
9556
9555
9554
9554
9548
9547
9546
9544
9542
9541
9541
9536
9535
9534
9534
9534
9533
9532
9531
9531
9529
9528
9527
9525
9524
9524
9521
9520
9520
9519
9517
9517
9517
9515
9513
9511
9509
9508
9505
9505
9503
9501
9499
9497
9496
9496
9495
9493
9492
9491
9490
9490
9490
9488
9488
9486
9485
9482
9481
9480
9480
9480
9479
9477
9476
9475
9475
9474
9474
9474
9472
9471
9470
9469
9467
9464
9464
9463
9463
9462
9461
9460
9460
9460
9460
9455
9454
9453
9452
9452
9451
9451
9450
9450
9447
9446
9446
9445
9442
9441
9438
9438
9434
9431
9430
9430
9428
9428
9427
9427
9427
9425
9423
9423
9422
9422
9422
9421
9420
9420
9418
9416
9416
9415
9414
9414
9411
9410
9406
9403
9402
9402
9401
9399
9399
9398
9398
9396
9396
9396
9396
9395
9395
9395
9394
9393
9390
9390
9388
9388
9388
9388
9385
9385
9384
9383
9382
9382
9380
9380
9379
9379
9377
9376
9374
9373
9373
9372
9371
9371
9371
9370
9370
9370
9367
9365
9364
9364
9362
9362
9361
9361
9359
9358
9357
9356
9356
9354
9354
9354
9351
9351
9351
9348
9347
9345
9345
9345
9345
9345
9343
9342
9341
9340
9339
9338
9337
9337
9336
9334
9331
9331
9331
9329
9329
9327
9324
9321
9320
9319
9318
9317
9317
9314
9313
9312
9311
9309
9308
9308
9307
9306
9305
9301
9300
9299
9299
9299
9299
9299
9295
9295
9294
9293
9291
9290
9290
9290
9289
9289
9289
9284
9283
9283
9283
9281
9280
9279
9279
9279
9277
9276
9275
9274
9274
9274
9273
9272
9271
9269
9269
9268
9265
9265
9263
9262
9259
9259
9258
9258
9253
9252
9252
9252
9251
9250
9250
9248
9247
9245
9244
9242
9241
9241
9239
9239
9238
9238
9238
9238
9237
9237
9236
9236
9234
9234
9233
9231
9227
9227
9226
9224
9220
9220
9218
9218
9214
9214
9214
9213
9212
9210
9206
9206
9205
9205
9205
9205
9204
9203
9202
9201
9199
9199
9199
9198
9198
9196
9196
9195
9193
9192
9191
9190
9189
9189
9188
9187
9187
9186
9185
9185
9183
9180
9180
9179
9178
9178
9175
9175
9174
9173
9172
9172
9172
9171
9170
9170
9170
9170
9169
9166
9166
9162
9161
9159
9159
9157
9157
9152
9147
9147
9146
9142
9142
9142
9141
9140
9139
9139
9138
9138
9136
9136
9135
9134
9134
9132
9132
9131
9130
9130
9129
9128
9125
9123
9121
9121
9121
9118
9118
9117
9115
9115
9113
9111
9109
9109
9108
9108
9108
9107
9105
9104
9104
9104
9103
9102
9102
9101
9101
9097
9096
9095
9094
9090
9089
9089
9089
9088
9088
9087
9086
9086
9085
9084
9084
9084
9082
9082
9081
9081
9080
9080
9079
9073
9073
9071
9070
9067
9065
9065
9065
9063
9060
9060
9059
9058
9058
9057
9056
9054
9052
9052
9051
9050
9048
9045
9045
9044
9042
9042
9042
9042
9039
9036
9036
9035
9035
9033
9033
9033
9031
9031
9030
9029
9029
9028
9028
9027
9024
9020
9020
9019
9018
9018
9016
9016
9016
9015
9013
9011
9009
9008
9008
9008
9007
9006
9003
9002
9002
9001
9000
9000
9000
8999
8998
8996
8995
8994
8994
8994
8992
8992
8991
8989
8988
8987
8986
8985
8985
8984
8984
8984
8982
8979
8978
8977
8976
8975
8974
8974
8970
8970
8969
8968
8967
8967
8966
8965
8961
8961
8961
8960
8959
8959
8956
8956
8956
8955
8955
8952
8950
8950
8949
8948
8948
8947
8947
8944
8944
8941
8941
8941
8940
8935
8934
8933
8933
8932
8931
8929
8927
8927
8925
8923
8921
8921
8921
8920
8919
8919
8918
8918
8917
8916
8914
8913
8912
8912
8911
8911
8911
8908
8908
8908
8906
8903
8903
8901
8901
8901
8901
8899
8897
8897
8897
8897
8896
8896
8896
8895
8895
8894
8894
8894
8893
8893
8892
8892
8892
8891
8891
8891
8890
8889
8889
8887
8886
8886
8884
8883
8883
8882
8880
8880
8878
8877
8877
8876
8875
8871
8870
8869
8869
8868
8867
8867
8867
8866
8865
8865
8864
8863
8861
8860
8859
8859
8858
8857
8857
8855
8855
8854
8854
8854
8852
8851
8850
8850
8849
8849
8849
8848
8848
8847
8846
8846
8843
8842
8841
8841
8840
8840
8839
8839
8838
8836
8835
8835
8833
8833
8831
8831
8827
8827
8827
8826
8824
8824
8824
8823
8823
8821
8821
8819
8818
8816
8813
8813
8813
8813
8812
8811
8810
8809
8809
8809
8808
8807
8806
8805
8804
8804
8804
8804
8802
8800
8797
8797
8793
8793
8792
8792
8792
8791
8790
8788
8788
8787
8787
8786
8786
8785
8784
8783
8783
8783
8782
8782
8779
8779
8779
8777
8777
8775
8774
8773
8772
8772
8772
8770
8770
8769
8768
8768
8767
8766
8766
8765
8764
8764
8761
8760
8759
8756
8755
8753
8749
8749
8745
8745
8745
8744
8742
8742
8740
8740
8739
8738
8737
8737
8736
8735
8735
8735
8734
8734
8733
8733
8731
8731
8730
8729
8727
8726
8725
8723
8722
8719
8719
8719
8718
8717
8716
8716
8716
8715
8714
8714
8712
8710
8708
8707
8706
8706
8705
8703
8703
8702
8701
8700
8700
8698
8697
8696
8695
8693
8693
8692
8692
8691
8691
8691
8691
8691
8691
8690
8690
8689
8689
8686
8685
8685
8684
8682
8677
8677
8674
8674
8674
8670
8670
8669
8669
8667
8667
8666
8665
8665
8664
8663
8663
8661
8661
8661
8661
8659
8659
8658
8657
8656
8654
8652
8651
8651
8651
8649
8648
8648
8648
8648
8648
8645
8642
8641
8640
8640
8640
8639
8639
8638
8635
8634
8633
8632
8631
8631
8630
8628
8627
8627
8627
8625
8625
8622
8622
8621
8620
8620
8618
8618
8618
8617
8617
8615
8612
8611
8610
8609
8609
8609
8607
8607
8606
8605
8604
8603
8602
8599
8596
8594
8594
8592
8591
8590
8587
8585
8585
8585
8584
8583
8583
8583
8583
8583
8583
8580
8580
8579
8579
8578
8578
8576
8576
8575
8575
8575
8574
8570
8570
8569
8568
8566
8566
8566
8565
8565
8564
8564
8563
8561
8559
8556
8554
8552
8551
8550
8550
8550
8549
8548
8546
8546
8545
8545
8544
8544
8543
8540
8539
8539
8538
8537
8537
8536
8535
8534
8530
8526
8520
8519
8518
8517
8516
8515
8514
8513
8513
8512
8512
8512
8512
8512
8511
8510
8509
8508
8508
8507
8506
8505
8504
8503
8503
8503
8502
8500
8496
8495
8494
8493
8493
8493
8492
8490
8486
8486
8482
8479
8479
8477
8477
8477
8475
8473
8473
8473
8472
8469
8467
8467
8466
8464
8464
8463
8461
8460
8457
8457
8456
8456
8456
8456
8455
8455
8455
8454
8452
8452
8452
8450
8450
8450
8449
8448
8448
8446
8446
8444
8442
8442
8441
8441
8440
8440
8440
8440
8439
8439
8438
8438
8438
8438
8437
8437
8436
8434
8434
8433
8430
8430
8429
8428
8426
8426
8426
8425
8425
8423
8422
8422
8421
8418
8418
8415
8414
8414
8410
8410
8409
8409
8408
8407
8406
8406
8405
8404
8403
8399
8398
8397
8397
8396
8395
8394
8393
8392
8392
8392
8391
8390
8389
8388
8384
8382
8382
8381
8381
8381
8380
8380
8374
8369
8367
8366
8366
8363
8362
8362
8361
8361
8360
8360
8360
8359
8359
8358
8354
8353
8352
8352
8351
8350
8348
8348
8348
8347
8347
8346
8346
8344
8343
8341
8338
8338
8337
8337
8337
8336
8335
8335
8333
8333
8332
8332
8331
8329
8327
8325
8324
8324
8323
8323
8322
8321
8320
8319
8314
8313
8311
8311
8310
8310
8307
8307
8303
8303
8303
8299
8298
8297
8297
8294
8294
8293
8292
8292
8292
8292
8290
8290
8290
8288
8286
8285
8285
8285
8284
8284
8283
8282
8281
8279
8279
8279
8277
8276
8275
8274
8273
8273
8272
8271
8271
8270
8270
8270
8269
8269
8268
8267
8265
8265
8265
8264
8264
8263
8260
8259
8259
8258
8255
8252
8252
8251
8249
8249
8246
8245
8243
8242
8242
8240
8240
8240
8240
8239
8238
8237
8235
8233
8232
8231
8231
8231
8229
8227
8224
8224
8223
8223
8223
8222
8221
8220
8219
8218
8218
8217
8216
8215
8215
8215
8215
8214
8214
8212
8212
8210
8207
8207
8201
8199
8196
8196
8195
8194
8194
8194
8194
8193
8193
8192
8191
8191
8190
8188
8185
8184
8182
8181
8181
8180
8180
8180
8177
8176
8176
8175
8175
8174
8174
8173
8173
8172
8172
8171
8169
8166
8164
8162
8161
8159
8159
8155
8154
8153
8153
8152
8151
8151
8149
8149
8145
8145
8144
8144
8142
8142
8141
8140
8140
8139
8139
8138
8137
8135
8133
8132
8131
8131
8131
8129
8128
8128
8125
8125
8124
8123
8122
8122
8119
8119
8118
8118
8117
8117
8114
8113
8113
8111
8110
8109
8108
8107
8105
8105
8104
8102
8102
8102
8100
8099
8099
8098
8098
8095
8095
8094
8094
8094
8094
8092
8091
8088
8087
8086
8086
8085
8083
8081
8080
8080
8078
8076
8076
8072
8070
8070
8069
8069
8069
8068
8066
8066
8066
8065
8065
8065
8064
8064
8063
8063
8062
8061
8061
8060
8059
8059
8057
8056
8055
8054
8054
8053
8052
8052
8052
8052
8052
8050
8049
8048
8047
8047
8047
8045
8045
8044
8042
8042
8038
8037
8037
8037
8036
8035
8035
8035
8034
8034
8032
8030
8030
8030
8030
8027
8027
8026
8026
8026
8025
8025
8025
8025
8024
8024
8023
8022
8021
8020
8018
8018
8016
8015
8014
8013
8012
8012
8010
8010
8010
8010
8009
8009
8007
8007
8004
8003
7999
7999
7999
7998
7998
7998
7996
7995
7993
7992
7992
7991
7990
7990
7990
7989
7987
7986
7985
7984
7983
7981
7979
7979
7977
7977
7975
7975
7975
7973
7972
7972
7971
7971
7971
7969
7968
7967
7967
7966
7965
7964
7963
7963
7962
7962
7960
7958
7958
7957
7956
7956
7956
7956
7952
7950
7950
7948
7948
7947
7945
7944
7942
7941
7939
7937
7936
7935
7935
7934
7934
7933
7933
7932
7931
7930
7929
7929
7927
7926
7925
7922
7922
7919
7918
7917
7917
7917
7916
7916
7915
7914
7914
7912
7911
7910
7910
7910
7909
7909
7906
7904
7903
7902
7901
7901
7901
7899
7898
7895
7894
7893
7891
7891
7890
7890
7890
7888
7885
7885
7884
7883
7881
7880
7880
7879
7879
7878
7876
7876
7876
7875
7874
7873
7873
7872
7872
7870
7866
7865
7864
7862
7860
7860
7858
7856
7856
7855
7854
7853
7853
7852
7852
7852
7851
7850
7848
7848
7847
7846
7846
7846
7844
7842
7841
7839
7839
7839
7838
7838
7837
7836
7834
7833
7833
7832
7830
7829
7828
7828
7827
7827
7826
7826
7824
7823
7820
7818
7818
7816
7813
7812
7812
7810
7809
7809
7808
7806
7805
7803
7802
7799
7799
7798
7798
7797
7796
7795
7795
7793
7792
7792
7791
7789
7789
7788
7787
7786
7785
7784
7783
7782
7781
7780
7780
7779
7776
7775
7774
7774
7774
7773
7773
7772
7771
7768
7767
7766
7765
7765
7765
7762
7760
7757
7756
7756
7754
7754
7754
7753
7752
7751
7750
7750
7749
7748
7747
7745
7744
7739
7738
7736
7734
7734
7733
7732
7731
7731
7731
7731
7730
7730
7730
7727
7727
7725
7724
7724
7723
7721
7721
7721
7720
7719
7718
7716
7715
7714
7713
7712
7712
7711
7711
7711
7709
7709
7708
7708
7708
7708
7707
7706
7705
7704
7704
7704
7702
7702
7701
7700
7700
7699
7698
7697
7696
7696
7696
7695
7693
7683
7680
7679
7679
7678
7678
7677
7676
7675
7674
7673
7672
7671
7670
7670
7669
7669
7669
7669
7669
7668
7667
7665
7664
7663
7663
7662
7661
7660
7659
7657
7656
7655
7654
7654
7652
7652
7651
7650
7649
7649
7648
7648
7647
7646
7646
7644
7643
7642
7642
7641
7641
7638
7635
7635
7634
7634
7633
7633
7631
7630
7630
7629
7628
7627
7626
7625
7624
7624
7624
7624
7622
7622
7622
7622
7621
7621
7619
7619
7618
7618
7617
7616
7614
7614
7612
7612
7612
7610
7610
7608
7608
7607
7606
7605
7604
7604
7601
7601
7599
7599
7599
7599
7598
7590
7590
7588
7585
7584
7584
7584
7583
7583
7583
7582
7581
7580
7580
7577
7576
7575
7574
7574
7573
7572
7571
7570
7567
7566
7565
7565
7564
7564
7563
7562
7562
7560
7559
7558
7557
7556
7556
7554
7554
7553
7552
7551
7550
7550
7548
7547
7547
7546
7545
7544
7542
7541
7539
7537
7537
7536
7535
7534
7534
7533
7532
7532
7531
7531
7527
7526
7526
7526
7524
7524
7524
7524
7523
7521
7520
7519
7519
7518
7518
7516
7515
7513
7513
7512
7511
7511
7510
7509
7509
7509
7507
7507
7506
7506
7502
7502
7501
7501
7501
7499
7497
7496
7495
7494
7494
7490
7488
7488
7487
7486
7486
7485
7484
7482
7481
7479
7479
7478
7478
7477
7477
7477
7475
7475
7474
7474
7473
7473
7472
7472
7470
7470
7469
7465
7465
7465
7464
7463
7463
7462
7461
7460
7460
7460
7459
7459
7457
7456
7455
7454
7454
7452
7452
7452
7452
7448
7448
7447
7445
7444
7443
7443
7443
7442
7441
7440
7439
7439
7438
7437
7436
7434
7434
7434
7433
7433
7433
7429
7428
7428
7427
7426
7425
7425
7423
7421
7421
7421
7420
7420
7420
7419
7419
7417
7416
7416
7416
7413
7413
7411
7410
7408
7407
7407
7406
7405
7398
7397
7395
7393
7392
7392
7391
7391
7390
7389
7389
7388
7386
7383
7382
7381
7381
7379
7378
7378
7378
7377
7377
7376
7375
7374
7374
7374
7372
7371
7369
7368
7368
7366
7364
7363
7362
7361
7361
7358
7353
7350
7348
7347
7346
7346
7345
7344
7343
7342
7342
7342
7341
7341
7340
7339
7339
7338
7338
7337
7335
7335
7332
7331
7331
7328
7327
7326
7325
7324
7323
7323
7323
7320
7318
7316
7315
7314
7313
7311
7311
7311
7309
7306
7305
7304
7303
7301
7300
7299
7298
7296
7296
7296
7295
7293
7292
7291
7288
7285
7284
7284
7284
7283
7282
7281
7279
7278
7278
7277
7276
7275
7273
7272
7272
7271
7271
7271
7270
7270
7266
7265
7265
7265
7264
7262
7260
7260
7259
7258
7258
7256
7256
7254
7250
7249
7248
7247
7244
7244
7242
7241
7241
7240
7239
7238
7236
7234
7234
7231
7230
7229
7228
7228
7228
7227
7227
7226
7226
7225
7225
7225
7224
7223
7223
7222
7222
7219
7219
7219
7219
7218
7218
7217
7217
7216
7215
7215
7215
7214
7214
7213
7208
7207
7206
7205
7205
7204
7201
7196
7193
7193
7192
7190
7188
7184
7184
7183
7182
7182
7180
7180
7180
7179
7177
7176
7175
7174
7174
7174
7173
7173
7172
7172
7172
7171
7170
7169
7168
7168
7167
7166
7166
7166
7165
7165
7165
7164
7164
7164
7162
7159
7159
7158
7158
7156
7156
7155
7153
7152
7151
7151
7148
7148
7145
7144
7143
7142
7141
7140
7137
7137
7137
7136
7134
7134
7132
7131
7131
7131
7130
7130
7129
7129
7129
7128
7127
7125
7125
7124
7122
7120
7119
7118
7118
7116
7114
7113
7112
7112
7111
7110
7110
7109
7108
7108
7108
7108
7107
7107
7105
7104
7102
7101
7101
7100
7100
7099
7098
7096
7093
7093
7093
7092
7091
7090
7090
7089
7089
7088
7087
7087
7083
7083
7083
7083
7083
7082
7082
7082
7081
7080
7079
7077
7077
7077
7077
7076
7076
7075
7075
7074
7073
7072
7071
7071
7071
7070
7068
7067
7067
7065
7065
7064
7064
7063
7063
7063
7060
7059
7058
7057
7057
7057
7056
7054
7054
7051
7050
7050
7049
7047
7047
7046
7044
7042
7042
7042
7041
7041
7040
7039
7038
7038
7034
7034
7033
7032
7031
7031
7029
7028
7027
7027
7027
7024
7023
7021
7020
7020
7020
7017
7016
7016
7016
7015
7015
7014
7014
7012
7012
7011
7010
7008
7008
7007
7007
7004
7001
7000
7000
6998
6998
6997
6995
6992
6992
6991
6991
6991
6988
6988
6988
6986
6985
6985
6985
6985
6984
6982
6982
6981
6981
6980
6979
6978
6978
6977
6976
6974
6973
6969
6969
6969
6968
6967
6967
6966
6966
6965
6965
6965
6964
6961
6961
6960
6960
6959
6958
6957
6955
6955
6955
6954
6954
6954
6953
6953
6953
6952
6952
6952
6951
6951
6951
6950
6949
6949
6948
6946
6945
6945
6945
6944
6944
6943
6941
6940
6940
6939
6939
6938
6937
6934
6933
6933
6932
6931
6929
6928
6928
6928
6927
6925
6925
6925
6924
6923
6923
6923
6922
6920
6920
6919
6918
6916
6916
6913
6912
6912
6912
6910
6910
6909
6908
6906
6905
6904
6904
6902
6900
6900
6899
6897
6896
6894
6892
6891
6888
6888
6887
6886
6886
6886
6886
6886
6885
6880
6879
6877
6876
6875
6874
6874
6874
6873
6871
6870
6870
6869
6869
6869
6868
6867
6865
6863
6861
6861
6860
6859
6859
6858
6857
6856
6854
6854
6851
6850
6850
6847
6846
6845
6845
6845
6844
6843
6841
6841
6840
6838
6837
6836
6836
6835
6835
6835
6835
6832
6832
6831
6831
6830
6830
6827
6827
6825
6823
6821
6820
6820
6818
6815
6814
6813
6812
6811
6811
6811
6810
6807
6807
6806
6806
6806
6805
6803
6801
6798
6797
6796
6796
6796
6794
6793
6793
6793
6791
6789
6789
6787
6786
6786
6785
6785
6784
6784
6783
6783
6782
6782
6779
6776
6776
6774
6774
6770
6770
6770
6770
6769
6768
6764
6761
6761
6760
6759
6759
6758
6757
6756
6756
6753
6751
6751
6751
6750
6750
6749
6748
6747
6745
6743
6742
6742
6741
6741
6741
6740
6739
6738
6738
6738
6737
6735
6734
6734
6731
6729
6726
6724
6724
6723
6722
6719
6719
6718
6718
6717
6716
6716
6716
6715
6714
6712
6710
6710
6708
6707
6706
6703
6701
6698
6697
6695
6694
6694
6693
6693
6690
6688
6685
6681
6681
6681
6680
6679
6679
6677
6677
6675
6674
6673
6672
6671
6670
6667
6667
6666
6666
6666
6666
6664
6662
6662
6661
6660
6659
6656
6656
6655
6655
6654
6654
6654
6652
6652
6652
6651
6649
6649
6646
6644
6643
6638
6635
6635
6633
6633
6632
6630
6630
6628
6628
6626
6625
6625
6623
6622
6621
6621
6618
6617
6616
6615
6615
6614
6613
6613
6612
6612
6611
6610
6610
6609
6608
6608
6606
6606
6604
6604
6602
6602
6601
6601
6596
6596
6595
6594
6594
6593
6592
6592
6592
6591
6589
6588
6587
6586
6586
6586
6585
6584
6583
6582
6582
6582
6580
6579
6579
6579
6578
6575
6574
6574
6570
6568
6568
6567
6566
6562
6562
6561
6558
6557
6555
6554
6553
6551
6551
6550
6550
6549
6549
6544
6544
6543
6543
6542
6542
6542
6542
6541
6540
6539
6537
6534
6534
6534
6533
6533
6531
6530
6529
6528
6527
6527
6526
6524
6524
6522
6520
6519
6519
6518
6518
6518
6517
6517
6515
6514
6514
6513
6513
6507
6506
6506
6505
6505
6503
6503
6501
6500
6498
6497
6496
6494
6492
6491
6486
6485
6484
6483
6483
6482
6482
6480
6479
6479
6473
6473
6472
6472
6472
6470
6470
6470
6469
6469
6469
6466
6464
6464
6463
6463
6463
6461
6461
6461
6460
6459
6457
6456
6456
6456
6455
6455
6452
6451
6450
6449
6449
6448
6447
6446
6445
6445
6445
6442
6440
6440
6439
6438
6438
6437
6437
6436
6433
6432
6431
6431
6424
6424
6424
6423
6423
6422
6421
6421
6420
6419
6417
6415
6415
6415
6415
6414
6412
6412
6412
6409
6409
6407
6407
6407
6404
6404
6404
6402
6401
6401
6401
6399
6397
6396
6394
6390
6386
6383
6383
6382
6381
6381
6380
6380
6380
6380
6378
6374
6372
6368
6366
6364
6364
6364
6361
6360
6360
6357
6356
6356
6356
6354
6354
6354
6353
6352
6352
6352
6351
6351
6350
6349
6348
6346
6343
6341
6341
6341
6340
6339
6338
6336
6336
6335
6331
6331
6329
6329
6328
6327
6325
6324
6322
6322
6318
6317
6317
6317
6313
6311
6309
6308
6308
6307
6306
6305
6304
6301
6299
6299
6294
6294
6293
6293
6293
6293
6291
6291
6290
6290
6290
6290
6289
6289
6287
6287
6286
6285
6285
6285
6284
6281
6281
6280
6278
6274
6273
6272
6271
6270
6269
6268
6268
6268
6268
6267
6267
6266
6264
6260
6258
6257
6257
6256
6256
6256
6250
6249
6249
6247
6246
6244
6244
6243
6241
6239
6239
6239
6239
6238
6238
6237
6236
6236
6232
6232
6232
6232
6230
6229
6229
6227
6221
6221
6220
6220
6219
6216
6214
6213
6212
6212
6211
6211
6208
6207
6207
6207
6206
6203
6202
6200
6199
6199
6199
6198
6198
6197
6194
6193
6191
6190
6190
6189
6188
6188
6188
6188
6187
6187
6186
6185
6185
6184
6183
6183
6182
6181
6179
6176
6175
6175
6174
6173
6173
6173
6172
6172
6171
6169
6168
6168
6166
6166
6165
6165
6165
6165
6164
6163
6160
6159
6159
6158
6155
6154
6152
6150
6149
6149
6149
6145
6143
6141
6140
6138
6137
6136
6135
6135
6133
6132
6131
6130
6129
6128
6128
6127
6127
6125
6124
6124
6124
6123
6123
6122
6120
6120
6120
6119
6118
6117
6117
6115
6115
6112
6111
6110
6109
6107
6105
6104
6103
6103
6103
6101
6099
6099
6099
6098
6097
6096
6096
6095
6093
6091
6091
6090
6089
6088
6087
6087
6085
6085
6085
6081
6079
6078
6078
6076
6076
6075
6075
6074
6073
6073
6072
6070
6069
6068
6068
6066
6063
6060
6059
6058
6058
6056
6056
6055
6055
6054
6054
6051
6050
6049
6048
6048
6048
6046
6045
6045
6041
6039
6039
6039
6038
6037
6033
6031
6031
6031
6031
6030
6028
6025
6025
6022
6022
6021
6020
6019
6019
6018
6015
6014
6014
6013
6011
6010
6009
6008
6008
6007
6007
6006
6006
6006
6006
6003
6001
5999
5999
5994
5994
5993
5991
5988
5985
5982
5979
5978
5977
5977
5974
5973
5973
5973
5972
5970
5970
5970
5969
5968
5968
5963
5963
5962
5960
5959
5959
5958
5958
5957
5957
5951
5950
5950
5949
5948
5948
5948
5947
5946
5946
5945
5944
5943
5942
5942
5942
5941
5941
5941
5939
5939
5938
5937
5932
5931
5931
5928
5928
5927
5927
5926
5926
5924
5924
5924
5924
5921
5921
5921
5920
5920
5920
5919
5918
5917
5917
5916
5915
5912
5911
5910
5910
5910
5907
5906
5906
5904
5904
5903
5903
5900
5900
5899
5897
5897
5895
5895
5894
5893
5891
5891
5888
5887
5886
5885
5884
5883
5883
5882
5882
5881
5880
5876
5873
5872
5872
5872
5871
5871
5871
5868
5868
5867
5867
5867
5865
5865
5865
5864
5864
5863
5861
5860
5859
5859
5858
5858
5857
5856
5855
5855
5855
5854
5854
5854
5853
5853
5850
5848
5846
5844
5844
5843
5842
5841
5841
5837
5836
5836
5832
5830
5829
5826
5825
5823
5822
5821
5820
5819
5818
5817
5813
5812
5812
5812
5810
5809
5808
5805
5804
5804
5802
5800
5798
5798
5798
5798
5798
5797
5796
5796
5796
5795
5795
5794
5792
5791
5790
5789
5788
5787
5787
5786
5786
5785
5784
5784
5780
5778
5778
5773
5772
5772
5771
5771
5770
5770
5768
5767
5767
5765
5765
5762
5761
5761
5758
5758
5757
5757
5756
5755
5753
5753
5752
5752
5751
5750
5749
5748
5746
5745
5743
5743
5742
5742
5741
5739
5738
5737
5736
5735
5735
5734
5733
5732
5731
5731
5729
5727
5727
5726
5726
5726
5725
5725
5725
5725
5724
5722
5718
5718
5717
5716
5715
5713
5710
5708
5708
5707
5707
5707
5706
5705
5704
5703
5703
5703
5701
5700
5699
5697
5695
5694
5693
5692
5691
5691
5691
5691
5688
5687
5685
5684
5684
5683
5682
5681
5680
5679
5679
5679
5679
5678
5678
5676
5675
5675
5673
5673
5670
5669
5668
5668
5667
5667
5667
5666
5665
5664
5664
5663
5662
5661
5659
5658
5657
5656
5654
5654
5653
5651
5651
5648
5648
5647
5647
5645
5645
5645
5644
5644
5643
5641
5640
5640
5639
5636
5636
5635
5634
5634
5631
5631
5631
5629
5624
5623
5623
5623
5622
5620
5620
5619
5618
5617
5617
5617
5617
5616
5615
5615
5613
5613
5611
5610
5609
5607
5605
5603
5603
5602
5597
5597
5594
5594
5593
5591
5591
5590
5590
5590
5589
5589
5588
5587
5587
5586
5584
5584
5583
5582
5582
5582
5579
5577
5577
5576
5574
5574
5573
5572
5572
5570
5570
5570
5570
5568
5566
5565
5564
5563
5563
5562
5560
5559
5559
5557
5556
5556
5554
5553
5549
5548
5547
5547
5546
5545
5544
5542
5542
5541
5540
5539
5537
5536
5536
5534
5534
5534
5534
5533
5532
5531
5530
5530
5530
5529
5528
5527
5527
5521
5520
5516
5515
5512
5512
5512
5512
5512
5508
5508
5507
5507
5505
5505
5505
5504
5502
5502
5499
5498
5498
5497
5496
5496
5495
5495
5495
5494
5493
5491
5491
5490
5490
5490
5489
5487
5486
5480
5479
5477
5476
5476
5476
5475
5475
5474
5473
5473
5472
5471
5467
5465
5465
5465
5463
5462
5461
5460
5460
5460
5456
5456
5456
5455
5454
5452
5450
5447
5444
5444
5443
5442
5441
5441
5440
5439
5437
5436
5436
5436
5435
5434
5432
5432
5432
5431
5431
5431
5431
5430
5428
5425
5425
5424
5422
5422
5420
5420
5419
5419
5418
5418
5418
5417
5417
5417
5415
5415
5415
5414
5414
5412
5411
5411
5410
5410
5409
5406
5406
5406
5406
5404
5403
5403
5401
5398
5397
5396
5393
5391
5391
5387
5385
5384
5382
5381
5379
5379
5378
5376
5375
5375
5374
5373
5371
5370
5368
5365
5364
5363
5361
5361
5360
5360
5359
5357
5356
5354
5353
5352
5350
5349
5347
5347
5346
5346
5344
5344
5342
5342
5341
5341
5341
5341
5341
5339
5338
5337
5337
5333
5331
5326
5326
5324
5323
5323
5321
5321
5320
5320
5319
5319
5318
5315
5315
5314
5314
5312
5311
5310
5309
5309
5309
5309
5306
5306
5306
5305
5305
5302
5301
5301
5300
5298
5297
5295
5295
5295
5294
5293
5292
5290
5288
5287
5287
5285
5285
5283
5283
5283
5282
5282
5281
5280
5280
5279
5278
5278
5276
5276
5275
5274
5274
5273
5272
5271
5270
5269
5268
5268
5266
5265
5263
5263
5262
5262
5259
5259
5257
5255
5255
5254
5253
5253
5253
5253
5251
5251
5250
5250
5247
5247
5246
5245
5245
5244
5242
5240
5239
5239
5237
5237
5236
5235
5235
5235
5235
5234
5234
5232
5232
5229
5227
5226
5225
5225
5223
5221
5221
5221
5221
5220
5220
5218
5216
5215
5215
5214
5211
5211
5211
5209
5209
5208
5202
5202
5202
5201
5198
5196
5194
5193
5193
5191
5191
5191
5190
5190
5189
5189
5186
5186
5185
5184
5184
5183
5183
5182
5182
5181
5180
5179
5178
5178
5177
5175
5174
5173
5173
5172
5171
5171
5171
5171
5169
5168
5167
5164
5163
5161
5161
5157
5157
5155
5155
5155
5154
5152
5151
5150
5149
5148
5148
5148
5148
5147
5146
5146
5145
5144
5144
5144
5142
5141
5140
5138
5136
5136
5134
5134
5134
5133
5131
5130
5129
5129
5129
5124
5124
5122
5121
5121
5117
5113
5111
5111
5110
5109
5106
5106
5103
5102
5102
5101
5100
5098
5097
5092
5090
5086
5086
5084
5084
5081
5079
5077
5077
5076
5075
5075
5075
5074
5073
5073
5072
5071
5071
5071
5071
5070
5070
5069
5068
5068
5067
5066
5066
5065
5064
5062
5062
5062
5062
5062
5061
5061
5060
5059
5058
5058
5057
5057
5055
5055
5055
5055
5054
5054
5054
5053
5051
5048
5046
5046
5045
5045
5044
5043
5043
5035
5034
5034
5033
5032
5031
5029
5028
5026
5025
5025
5023
5022
5022
5021
5020
5020
5019
5018
5016
5015
5015
5015
5014
5013
5013
5010
5009
5008
5006
5005
5003
5000
5000
4997
4995
4993
4993
4992
4992
4987
4985
4983
4982
4980
4980
4978
4977
4977
4977
4975
4975
4973
4970
4970
4967
4965
4962
4961
4960
4958
4957
4957
4956
4955
4949
4949
4949
4948
4946
4945
4944
4944
4943
4942
4942
4940
4938
4935
4935
4935
4934
4932
4932
4932
4931
4931
4930
4928
4925
4924
4924
4924
4923
4923
4922
4921
4921
4921
4919
4919
4916
4912
4910
4909
4908
4907
4906
4906
4905
4904
4903
4900
4900
4900
4899
4899
4898
4895
4895
4894
4894
4893
4893
4893
4891
4891
4890
4890
4890
4889
4889
4888
4887
4886
4886
4886
4884
4881
4881
4877
4875
4875
4875
4873
4873
4871
4871
4869
4868
4867
4867
4867
4866
4865
4865
4863
4863
4862
4861
4860
4860
4859
4858
4857
4855
4852
4852
4852
4851
4847
4846
4846
4845
4844
4844
4844
4844
4843
4842
4841
4841
4840
4839
4839
4839
4838
4837
4837
4833
4831
4830
4829
4825
4823
4822
4821
4821
4821
4818
4818
4816
4815
4815
4814
4813
4813
4812
4811
4810
4810
4809
4809
4809
4809
4808
4807
4806
4802
4802
4801
4801
4801
4799
4799
4797
4796
4795
4795
4794
4794
4792
4792
4791
4790
4790
4789
4788
4785
4784
4784
4784
4783
4781
4780
4779
4779
4778
4778
4775
4773
4773
4772
4769
4769
4768
4767
4767
4766
4766
4766
4764
4763
4763
4763
4761
4761
4760
4759
4757
4756
4756
4754
4754
4754
4753
4753
4753
4752
4751
4749
4749
4748
4747
4746
4746
4745
4745
4744
4743
4743
4742
4742
4742
4739
4739
4738
4738
4736
4736
4733
4732
4732
4731
4731
4730
4730
4729
4728
4728
4727
4726
4726
4726
4725
4723
4723
4718
4716
4716
4715
4715
4712
4712
4711
4709
4707
4706
4705
4703
4700
4695
4694
4694
4693
4692
4690
4689
4688
4688
4687
4687
4684
4683
4682
4681
4681
4681
4680
4680
4678
4677
4676
4674
4673
4671
4670
4669
4668
4668
4666
4665
4664
4663
4663
4660
4660
4659
4659
4656
4656
4655
4653
4653
4651
4651
4650
4647
4647
4644
4641
4640
4633
4632
4629
4624
4623
4621
4621
4620
4617
4616
4615
4613
4609
4609
4609
4609
4608
4608
4607
4606
4605
4605
4604
4603
4600
4598
4597
4594
4594
4593
4592
4592
4590
4590
4589
4589
4588
4585
4584
4584
4583
4582
4581
4581
4578
4577
4574
4574
4572
4571
4570
4569
4568
4568
4567
4566
4564
4564
4563
4563
4562
4559
4558
4557
4555
4554
4554
4553
4552
4551
4549
4549
4547
4546
4545
4544
4544
4543
4541
4540
4540
4540
4538
4537
4536
4535
4535
4535
4534
4533
4530
4530
4529
4526
4525
4525
4525
4525
4523
4523
4522
4521
4519
4519
4517
4517
4516
4516
4515
4513
4513
4511
4509
4509
4508
4508
4506
4506
4505
4505
4504
4504
4503
4502
4501
4501
4497
4494
4494
4493
4490
4489
4488
4484
4483
4482
4481
4480
4480
4480
4479
4477
4477
4476
4474
4473
4472
4471
4469
4468
4468
4468
4468
4467
4467
4467
4467
4466
4464
4464
4464
4464
4463
4463
4462
4462
4462
4461
4461
4460
4460
4460
4458
4455
4455
4454
4453
4453
4452
4452
4451
4450
4449
4449
4448
4447
4446
4446
4446
4445
4442
4440
4438
4437
4437
4436
4435
4433
4432
4429
4426
4426
4426
4425
4422
4422
4421
4420
4419
4418
4415
4415
4413
4413
4413
4413
4411
4411
4411
4410
4409
4408
4406
4406
4406
4404
4403
4402
4402
4398
4398
4397
4396
4396
4396
4394
4394
4393
4390
4390
4389
4389
4389
4389
4388
4387
4384
4384
4379
4377
4377
4376
4376
4376
4375
4374
4374
4374
4374
4373
4371
4371
4368
4366
4366
4364
4364
4363
4363
4362
4361
4358
4356
4355
4351
4351
4351
4350
4350
4349
4345
4345
4343
4343
4342
4341
4341
4340
4340
4340
4340
4340
4339
4339
4337
4337
4335
4335
4334
4333
4332
4331
4331
4330
4328
4328
4327
4325
4325
4323
4322
4322
4322
4321
4321
4318
4312
4310
4309
4309
4309
4307
4307
4302
4302
4302
4301
4301
4299
4299
4299
4298
4296
4296
4295
4295
4294
4294
4294
4294
4293
4292
4292
4290
4290
4287
4287
4286
4285
4285
4285
4284
4280
4279
4278
4277
4277
4277
4276
4276
4274
4273
4273
4272
4270
4270
4270
4270
4269
4269
4268
4266
4263
4261
4261
4260
4260
4259
4258
4258
4255
4255
4255
4252
4252
4252
4251
4248
4248
4245
4245
4245
4243
4243
4243
4240
4240
4240
4238
4238
4237
4234
4234
4232
4231
4231
4229
4228
4226
4226
4225
4225
4224
4223
4219
4219
4219
4215
4214
4213
4212
4209
4206
4206
4204
4203
4201
4200
4200
4200
4199
4199
4198
4193
4193
4192
4192
4192
4192
4191
4189
4189
4188
4186
4186
4184
4184
4183
4181
4181
4180
4178
4178
4176
4175
4174
4173
4173
4172
4170
4170
4168
4167
4167
4166
4165
4164
4164
4164
4163
4162
4162
4162
4160
4159
4159
4158
4158
4158
4157
4156
4153
4153
4153
4152
4152
4151
4151
4150
4147
4145
4144
4144
4144
4143
4142
4141
4141
4140
4140
4140
4139
4137
4137
4137
4136
4136
4136
4136
4135
4134
4134
4133
4133
4133
4132
4132
4130
4128
4122
4120
4117
4114
4113
4108
4108
4108
4108
4107
4107
4107
4106
4104
4102
4102
4101
4098
4098
4097
4097
4096
4096
4095
4094
4093
4092
4091
4090
4089
4089
4089
4089
4088
4088
4085
4085
4084
4084
4083
4082
4082
4081
4081
4081
4081
4080
4079
4078
4078
4078
4077
4077
4074
4073
4072
4072
4072
4071
4070
4070
4069
4067
4067
4063
4062
4062
4062
4059
4059
4058
4058
4057
4057
4055
4053
4053
4052
4049
4048
4046
4045
4041
4040
4039
4038
4037
4037
4035
4034
4033
4031
4031
4030
4029
4027
4026
4026
4025
4025
4025
4025
4025
4024
4024
4023
4023
4023
4021
4021
4018
4018
4017
4017
4016
4016
4015
4015
4015
4014
4011
4011
4009
4009
4007
4007
4005
4004
4004
4004
4004
4004
4000
3999
3998
3997
3997
3995
3993
3993
3993
3992
3992
3992
3989
3987
3987
3984
3981
3981
3979
3978
3977
3975
3974
3974
3973
3971
3969
3969
3969
3963
3962
3962
3960
3960
3957
3955
3954
3954
3954
3954
3953
3952
3950
3949
3945
3945
3945
3943
3943
3942
3941
3941
3941
3939
3938
3938
3937
3935
3934
3934
3933
3933
3933
3932
3932
3930
3930
3929
3928
3927
3925
3924
3920
3920
3920
3919
3918
3917
3917
3916
3915
3914
3914
3913
3912
3910
3909
3909
3908
3907
3905
3904
3902
3901
3901
3900
3899
3897
3895
3893
3893
3893
3892
3892
3891
3891
3887
3885
3885
3883
3883
3883
3883
3882
3882
3881
3878
3877
3873
3873
3872
3870
3869
3869
3869
3868
3863
3862
3862
3861
3861
3861
3861
3860
3860
3859
3858
3856
3856
3856
3856
3855
3854
3854
3849
3847
3843
3842
3842
3842
3841
3841
3840
3838
3836
3834
3833
3832
3832
3831
3831
3831
3830
3830
3829
3828
3827
3826
3825
3825
3823
3823
3821
3819
3818
3817
3817
3815
3815
3813
3813
3812
3811
3811
3807
3807
3806
3806
3806
3803
3799
3799
3798
3797
3797
3796
3796
3795
3794
3794
3793
3791
3790
3790
3789
3785
3778
3778
3776
3774
3774
3773
3772
3772
3771
3771
3770
3768
3767
3767
3764
3764
3763
3762
3761
3761
3760
3760
3759
3758
3757
3757
3756
3755
3750
3750
3749
3747
3747
3747
3747
3746
3744
3743
3741
3741
3739
3738
3737
3736
3736
3735
3734
3734
3734
3732
3732
3731
3731
3727
3727
3726
3726
3725
3725
3723
3723
3723
3722
3719
3719
3719
3715
3714
3713
3712
3711
3710
3708
3706
3706
3705
3705
3704
3703
3701
3701
3701
3701
3700
3700
3700
3699
3698
3698
3698
3698
3697
3697
3696
3693
3692
3692
3691
3691
3686
3686
3686
3686
3685
3685
3683
3681
3680
3679
3678
3677
3673
3672
3670
3668
3666
3666
3665
3664
3663
3662
3661
3660
3659
3657
3655
3654
3654
3653
3650
3648
3648
3647
3647
3647
3647
3645
3644
3643
3638
3637
3636
3634
3633
3632
3632
3631
3631
3630
3629
3628
3626
3625
3623
3622
3621
3619
3619
3617
3616
3616
3615
3615
3615
3613
3611
3610
3610
3609
3609
3609
3609
3609
3605
3605
3605
3603
3603
3602
3600
3599
3599
3596
3596
3595
3594
3594
3593
3592
3586
3586
3586
3586
3585
3582
3582
3582
3580
3580
3579
3578
3575
3573
3572
3572
3571
3571
3568
3566
3564
3562
3559
3559
3558
3558
3558
3556
3555
3554
3552
3550
3548
3545
3545
3543
3541
3539
3538
3538
3537
3537
3537
3533
3532
3532
3531
3530
3529
3528
3526
3525
3525
3523
3522
3522
3520
3519
3517
3516
3515
3515
3511
3511
3510
3508
3508
3506
3503
3503
3502
3501
3501
3500
3496
3496
3495
3494
3493
3490
3490
3488
3488
3487
3485
3483
3483
3483
3483
3482
3482
3482
3480
3480
3478
3478
3478
3477
3477
3476
3476
3474
3473
3473
3472
3471
3470
3470
3468
3467
3467
3466
3466
3464
3463
3462
3462
3461
3461
3461
3460
3459
3458
3458
3458
3455
3453
3453
3453
3452
3451
3451
3450
3450
3449
3447
3446
3445
3445
3443
3443
3442
3442
3439
3438
3437
3435
3434
3434
3432
3432
3429
3427
3427
3427
3427
3425
3425
3425
3424
3423
3423
3422
3420
3420
3420
3419
3419
3419
3419
3418
3418
3415
3413
3413
3413
3413
3412
3412
3411
3408
3408
3407
3407
3407
3406
3405
3404
3403
3401
3399
3398
3397
3396
3395
3393
3391
3391
3391
3390
3390
3389
3387
3386
3385
3383
3383
3383
3381
3380
3380
3380
3378
3378
3374
3373
3372
3370
3370
3368
3367
3367
3366
3364
3362
3362
3361
3360
3357
3352
3347
3347
3347
3346
3345
3344
3344
3338
3337
3336
3336
3335
3335
3334
3334
3334
3332
3332
3331
3331
3326
3325
3325
3324
3324
3324
3321
3319
3319
3317
3317
3315
3314
3314
3314
3313
3313
3312
3310
3309
3307
3306
3305
3304
3300
3299
3298
3298
3297
3297
3295
3295
3292
3291
3291
3290
3286
3286
3285
3285
3278
3275
3275
3274
3270
3270
3270
3267
3266
3265
3263
3262
3260
3260
3259
3258
3257
3256
3255
3254
3253
3253
3251
3250
3249
3248
3247
3245
3245
3243
3241
3241
3240
3240
3238
3238
3238
3237
3236
3236
3235
3234
3233
3232
3231
3229
3229
3228
3228
3227
3226
3224
3222
3220
3219
3219
3219
3216
3215
3214
3214
3213
3213
3212
3212
3212
3210
3210
3210
3209
3209
3208
3207
3206
3205
3205
3204
3203
3202
3200
3199
3197
3197
3194
3193
3193
3192
3192
3191
3191
3191
3190
3190
3190
3190
3190
3185
3184
3183
3183
3181
3181
3178
3175
3173
3172
3172
3170
3170
3169
3169
3169
3168
3167
3164
3162
3162
3161
3160
3160
3159
3158
3158
3156
3155
3155
3154
3153
3152
3151
3150
3149
3148
3147
3147
3145
3143
3143
3142
3142
3140
3139
3139
3136
3136
3135
3135
3134
3133
3131
3130
3130
3129
3129
3129
3127
3124
3123
3123
3121
3121
3120
3120
3118
3118
3115
3114
3110
3109
3109
3109
3105
3105
3105
3104
3104
3101
3101
3100
3099
3098
3096
3095
3095
3093
3093
3092
3091
3090
3089
3088
3087
3087
3086
3085
3085
3081
3081
3081
3080
3080
3075
3074
3070
3068
3067
3064
3059
3057
3057
3056
3054
3053
3052
3051
3050
3050
3049
3048
3048
3047
3047
3044
3044
3043
3043
3042
3041
3040
3039
3038
3038
3038
3037
3037
3034
3033
3032
3031
3031
3026
3025
3023
3022
3022
3021
3021
3021
3020
3019
3019
3019
3016
3016
3016
3014
3013
3012
3012
3012
3010
3008
3007
3006
3005
3001
3000
2997
2997
2996
2996
2996
2996
2996
2995
2995
2991
2991
2990
2990
2988
2988
2986
2985
2985
2985
2983
2982
2982
2980
2980
2977
2977
2974
2973
2972
2972
2971
2968
2965
2965
2964
2964
2964
2964
2963
2963
2963
2962
2960
2958
2957
2956
2954
2954
2953
2952
2952
2949
2949
2949
2948
2947
2947
2947
2946
2946
2945
2944
2942
2940
2939
2939
2937
2937
2936
2935
2934
2933
2933
2932
2932
2932
2932
2930
2928
2928
2927
2926
2926
2925
2925
2924
2924
2923
2922
2920
2919
2917
2917
2917
2917
2915
2914
2912
2910
2910
2909
2907
2906
2905
2905
2905
2905
2904
2902
2901
2899
2898
2896
2896
2896
2895
2892
2892
2891
2889
2888
2886
2883
2882
2880
2879
2879
2879
2879
2879
2878
2878
2876
2876
2875
2871
2870
2870
2870
2870
2869
2868
2867
2867
2867
2866
2865
2865
2864
2862
2861
2861
2861
2860
2859
2858
2858
2856
2856
2856
2855
2855
2851
2850
2850
2850
2848
2848
2846
2846
2845
2845
2845
2844
2844
2844
2844
2842
2842
2840
2839
2838
2838
2834
2833
2833
2832
2831
2830
2829
2826
2826
2826
2822
2818
2817
2815
2815
2814
2814
2814
2813
2812
2811
2810
2810
2807
2807
2806
2806
2805
2805
2805
2804
2803
2803
2803
2802
2800
2797
2797
2796
2795
2794
2792
2792
2791
2790
2788
2787
2786
2786
2786
2784
2783
2783
2782
2782
2781
2781
2780
2780
2780
2778
2778
2778
2777
2776
2775
2775
2774
2772
2772
2771
2771
2768
2768
2768
2767
2767
2767
2767
2767
2766
2764
2763
2763
2763
2762
2762
2761
2759
2759
2759
2758
2757
2755
2754
2753
2753
2752
2751
2747
2746
2742
2742
2741
2741
2740
2740
2739
2739
2738
2737
2736
2733
2730
2730
2728
2726
2726
2725
2725
2724
2724
2722
2721
2719
2719
2718
2718
2716
2716
2713
2712
2712
2711
2711
2710
2709
2708
2707
2707
2703
2702
2700
2700
2700
2699
2698
2698
2697
2697
2696
2696
2696
2695
2695
2695
2692
2692
2692
2691
2691
2691
2689
2686
2685
2685
2684
2683
2683
2683
2680
2679
2679
2677
2675
2674
2672
2671
2670
2670
2665
2664
2664
2664
2664
2664
2663
2662
2662
2662
2661
2659
2659
2658
2658
2655
2654
2654
2654
2653
2651
2649
2649
2648
2648
2648
2648
2648
2647
2647
2644
2643
2643
2641
2640
2640
2640
2638
2636
2636
2635
2635
2635
2634
2634
2633
2632
2630
2629
2624
2619
2615
2614
2612
2612
2611
2610
2610
2609
2607
2605
2604
2603
2596
2594
2594
2591
2590
2589
2588
2586
2585
2585
2585
2584
2584
2584
2583
2583
2581
2581
2580
2580
2579
2579
2578
2578
2577
2577
2576
2575
2574
2573
2573
2572
2571
2571
2569
2569
2569
2569
2569
2569
2568
2567
2566
2563
2561
2559
2557
2556
2555
2554
2553
2552
2551
2551
2548
2544
2544
2543
2543
2542
2540
2539
2539
2538
2538
2535
2534
2533
2531
2530
2530
2528
2523
2522
2522
2519
2519
2519
2518
2517
2515
2515
2515
2514
2509
2507
2504
2503
2503
2503
2503
2500
2500
2499
2499
2497
2494
2488
2487
2485
2484
2484
2483
2481
2480
2479
2478
2477
2475
2475
2474
2474
2473
2473
2473
2473
2470
2470
2469
2468
2467
2465
2464
2464
2464
2462
2461
2457
2457
2457
2456
2455
2454
2454
2451
2448
2447
2447
2445
2444
2444
2443
2443
2441
2440
2440
2438
2438
2437
2436
2436
2436
2434
2434
2433
2433
2432
2432
2430
2429
2429
2428
2428
2427
2427
2425
2425
2423
2419
2419
2419
2419
2418
2416
2416
2416
2415
2415
2414
2408
2405
2403
2403
2403
2402
2401
2401
2401
2398
2398
2398
2396
2396
2394
2394
2394
2393
2392
2392
2387
2386
2386
2386
2382
2382
2381
2380
2379
2378
2375
2375
2374
2373
2373
2373
2371
2371
2369
2369
2369
2368
2367
2367
2367
2365
2365
2365
2365
2363
2363
2362
2361
2361
2359
2359
2359
2357
2357
2354
2353
2353
2351
2350
2349
2348
2346
2343
2343
2342
2342
2341
2341
2337
2335
2335
2335
2333
2333
2333
2332
2332
2329
2328
2328
2327
2327
2326
2322
2321
2319
2319
2318
2318
2318
2316
2316
2316
2315
2315
2315
2314
2313
2313
2313
2312
2311
2310
2310
2307
2306
2306
2306
2302
2302
2301
2301
2298
2294
2293
2292
2292
2291
2290
2287
2287
2285
2284
2283
2282
2281
2280
2279
2277
2277
2276
2274
2270
2269
2268
2267
2267
2266
2262
2261
2260
2259
2259
2258
2256
2253
2252
2250
2250
2249
2249
2247
2247
2245
2244
2244
2243
2242
2240
2237
2236
2236
2235
2234
2234
2232
2232
2232
2231
2231
2230
2230
2229
2229
2224
2223
2223
2223
2216
2214
2213
2211
2210
2209
2208
2204
2203
2201
2201
2199
2198
2196
2193
2193
2190
2189
2189
2187
2184
2182
2181
2180
2178
2177
2173
2172
2172
2168
2166
2166
2165
2165
2165
2162
2162
2162
2161
2161
2159
2159
2159
2158
2158
2158
2157
2157
2155
2154
2150
2150
2150
2149
2147
2146
2144
2143
2142
2140
2137
2133
2133
2132
2131
2131
2129
2129
2126
2126
2124
2124
2124
2121
2120
2120
2120
2117
2116
2115
2115
2115
2115
2114
2112
2111
2107
2107
2104
2103
2102
2101
2100
2100
2099
2099
2097
2096
2095
2095
2095
2094
2093
2090
2088
2086
2085
2083
2082
2081
2078
2077
2077
2076
2076
2076
2074
2074
2073
2072
2072
2072
2071
2071
2071
2071
2070
2069
2068
2068
2065
2063
2060
2060
2059
2059
2057
2057
2056
2056
2055
2052
2052
2051
2050
2048
2046
2046
2046
2045
2043
2041
2041
2039
2038
2038
2038
2037
2036
2035
2035
2034
2034
2033
2030
2029
2027
2025
2024
2023
2023
2022
2022
2021
2019
2016
2011
2011
2010
2010
2010
2009
2009
2006
2006
2004
2003
2001
2001
1998
1996
1996
1996
1996
1995
1995
1994
1994
1993
1993
1992
1992
1990
1990
1989
1989
1987
1986
1986
1985
1984
1982
1981
1981
1980
1980
1980
1979
1979
1978
1977
1977
1977
1974
1973
1973
1972
1971
1970
1969
1968
1968
1966
1966
1963
1962
1961
1957
1957
1956
1954
1953
1952
1952
1950
1950
1947
1947
1947
1946
1945
1943
1942
1942
1942
1942
1942
1939
1939
1937
1933
1933
1932
1928
1928
1927
1926
1925
1925
1925
1921
1920
1920
1919
1917
1916
1914
1913
1913
1913
1912
1912
1911
1908
1907
1907
1907
1906
1904
1903
1898
1897
1897
1896
1894
1894
1893
1891
1890
1887
1887
1886
1884
1883
1883
1883
1882
1880
1880
1878
1877
1876
1875
1873
1872
1872
1872
1870
1868
1867
1866
1865
1865
1864
1861
1861
1861
1861
1860
1860
1859
1857
1856
1856
1855
1854
1853
1852
1852
1851
1851
1850
1850
1849
1846
1843
1843
1843
1842
1842
1842
1842
1841
1841
1840
1840
1839
1838
1837
1833
1831
1830
1830
1830
1828
1826
1826
1826
1825
1823
1823
1821
1820
1819
1817
1815
1813
1811
1811
1810
1808
1807
1806
1806
1806
1806
1805
1805
1804
1803
1802
1801
1800
1800
1799
1798
1798
1798
1796
1795
1795
1794
1794
1794
1793
1792
1792
1790
1790
1790
1789
1789
1788
1787
1786
1785
1785
1785
1784
1784
1783
1781
1781
1780
1779
1779
1778
1776
1774
1771
1770
1769
1767
1765
1765
1764
1764
1761
1761
1760
1760
1759
1759
1758
1757
1755
1755
1754
1753
1753
1752
1752
1751
1751
1749
1749
1748
1747
1746
1745
1744
1743
1743
1742
1740
1738
1737
1737
1737
1736
1735
1732
1730
1729
1729
1728
1727
1726
1725
1723
1719
1714
1713
1713
1712
1708
1707
1707
1705
1703
1698
1698
1696
1696
1696
1696
1696
1696
1694
1692
1692
1690
1690
1690
1689
1686
1683
1682
1682
1680
1680
1679
1678
1678
1676
1673
1671
1670
1668
1668
1666
1666
1664
1664
1664
1664
1662
1662
1660
1659
1658
1658
1656
1654
1653
1652
1651
1651
1651
1650
1648
1648
1647
1646
1645
1644
1644
1644
1643
1642
1641
1639
1639
1639
1637
1636
1636
1634
1633
1633
1632
1631
1631
1628
1628
1627
1627
1626
1624
1624
1624
1623
1623
1622
1622
1621
1621
1620
1619
1619
1619
1618
1618
1617
1617
1616
1615
1615
1615
1614
1614
1614
1613
1608
1607
1607
1606
1602
1602
1601
1601
1599
1599
1599
1597
1597
1595
1594
1594
1593
1592
1592
1591
1590
1589
1587
1586
1585
1584
1579
1579
1578
1578
1574
1573
1572
1572
1570
1569
1569
1569
1567
1567
1566
1566
1566
1563
1563
1560
1560
1560
1559
1558
1558
1558
1557
1557
1557
1556
1556
1555
1552
1551
1550
1549
1548
1548
1547
1546
1546
1544
1543
1540
1539
1539
1539
1538
1537
1536
1536
1536
1534
1531
1530
1529
1529
1528
1528
1526
1524
1519
1518
1518
1518
1517
1517
1517
1515
1513
1513
1512
1511
1511
1510
1509
1506
1506
1506
1505
1504
1502
1501
1499
1499
1499
1497
1496
1495
1495
1495
1493
1493
1491
1491
1491
1489
1489
1489
1487
1486
1486
1481
1479
1479
1479
1478
1478
1478
1474
1474
1474
1474
1472
1471
1470
1469
1468
1466
1466
1464
1463
1460
1459
1457
1457
1457
1456
1456
1456
1451
1448
1446
1444
1444
1443
1442
1442
1441
1438
1437
1437
1435
1434
1434
1434
1430
1430
1427
1427
1427
1425
1424
1422
1420
1420
1420
1419
1418
1417
1417
1417
1416
1416
1414
1414
1413
1411
1410
1410
1408
1408
1407
1407
1406
1406
1405
1404
1400
1399
1398
1397
1396
1393
1393
1393
1391
1390
1389
1388
1388
1387
1386
1386
1385
1384
1383
1381
1381
1378
1378
1376
1375
1375
1374
1374
1374
1373
1373
1373
1370
1369
1367
1364
1364
1364
1363
1363
1363
1362
1362
1361
1361
1360
1360
1358
1357
1357
1354
1354
1352
1352
1350
1348
1347
1347
1346
1344
1340
1340
1340
1337
1337
1337
1336
1335
1334
1333
1332
1331
1331
1329
1327
1327
1327
1327
1327
1327
1325
1325
1324
1324
1322
1319
1317
1317
1316
1310
1310
1309
1308
1308
1306
1306
1304
1304
1304
1298
1298
1295
1294
1293
1293
1293
1290
1290
1289
1288
1287
1286
1286
1286
1285
1285
1284
1283
1283
1283
1282
1281
1279
1279
1277
1276
1274
1272
1272
1270
1270
1270
1269
1269
1268
1265
1264
1263
1260
1259
1259
1257
1257
1256
1256
1255
1254
1253
1250
1250
1250
1250
1250
1248
1247
1246
1246
1245
1245
1245
1244
1244
1241
1241
1238
1236
1236
1231
1230
1229
1226
1226
1223
1221
1221
1220
1220
1219
1218
1216
1212
1210
1208
1207
1207
1205
1204
1203
1202
1202
1201
1200
1200
1198
1197
1197
1197
1196
1195
1193
1192
1191
1188
1186
1186
1185
1185
1184
1184
1183
1180
1180
1177
1177
1175
1175
1175
1173
1172
1172
1171
1170
1169
1167
1165
1164
1162
1162
1160
1158
1158
1156
1156
1155
1155
1155
1155
1153
1152
1152
1152
1151
1148
1147
1147
1146
1145
1144
1144
1144
1142
1142
1142
1142
1137
1137
1136
1136
1132
1131
1129
1129
1127
1127
1122
1121
1121
1120
1115
1115
1113
1110
1107
1107
1105
1105
1104
1104
1103
1103
1103
1102
1101
1101
1100
1099
1099
1099
1096
1094
1092
1092
1092
1089
1088
1087
1086
1086
1085
1085
1085
1083
1081
1080
1080
1079
1079
1078
1078
1076
1074
1073
1073
1069
1069
1068
1067
1064
1062
1060
1060
1059
1058
1055
1055
1054
1050
1048
1048
1047
1045
1045
1044
1043
1043
1042
1042
1042
1040
1039
1037
1037
1035
1035
1033
1032
1032
1030
1024
1023
1022
1019
1018
1018
1018
1017
1017
1017
1015
1014
1014
1013
1012
1009
1009
1008
1007
1007
1006
1006
1005
1004
1003
1002
1001
1000
1000
1000
1000
997
997
995
995
994
993
993
990
990
989
988
987
986
986
985
985
985
984
983
983
983
982
982
980
978
977
976
975
974
972
972
971
970
970
968
968
967
965
965
961
960
960
959
959
958
958
957
957
955
954
954
949
948
947
945
943
942
941
940
939
938
938
934
932
931
930
930
930
930
929
929
928
928
927
925
925
925
924
923
923
922
921
921
921
920
920
920
918
918
917
916
916
914
913
912
912
912
911
911
911
910
907
906
906
905
904
903
903
902
899
898
898
897
895
895
895
893
892
890
889
887
886
886
885
885
885
884
883
878
878
877
877
875
875
874
874
873
873
871
870
868
868
867
867
866
866
865
865
863
861
860
859
858
857
855
853
853
853
852
852
851
850
849
847
846
846
846
843
842
842
840
840
840
840
839
839
838
836
836
833
833
833
832
831
831
831
830
830
829
828
828
821
821
819
818
818
817
816
815
815
814
812
812
811
811
810
809
809
808
808
807
806
805
805
804
802
799
797
796
794
794
792
790
790
790
789
789
788
787
786
785
785
784
784
783
783
782
781
780
779
777
772
772
772
771
768
768
768
768
767
767
766
766
766
764
764
764
761
759
758
758
757
756
756
756
756
754
754
753
753
752
752
749
747
744
743
743
741
739
739
739
738
738
738
737
735
733
733
730
730
728
728
728
727
726
726
726
726
725
724
724
722
720
718
718
717
716
716
716
716
716
715
715
715
713
713
712
709
708
708
704
704
702
702
701
701
700
699
697
697
694
693
693
692
690
690
688
688
686
685
683
682
680
679
675
674
673
673
671
670
669
668
668
667
667
666
665
665
664
662
662
662
659
659
659
658
657
656
656
656
654
653
651
651
651
648
647
646
645
644
642
642
634
634
634
633
633
633
630
630
625
624
623
623
622
621
620
617
617
616
616
615
615
613
612
612
611
610
608
605
604
602
602
602
601
601
601
598
597
597
597
597
592
592
591
590
586
585
584
584
583
582
582
582
578
578
575
574
574
570
570
569
569
568
567
566
566
566
564
563
562
558
557
556
552
551
550
550
549
549
548
548
546
546
545
542
541
541
541
536
536
535
535
533
532
532
529
529
529
525
523
522
522
520
520
520
516
515
514
514
513
513
512
512
512
512
511
508
508
508
506
506
505
504
503
502
502
500
499
499
498
498
497
495
495
494
494
492
492
491
486
486
485
484
483
482
481
478
478
475
474
474
473
472
470
470
469
469
468
466
466
465
463
462
460
458
457
454
454
453
451
450
450
447
447
447
447
447
447
446
446
443
443
443
442
441
440
440
438
437
436
435
434
433
433
432
430
429
428
427
425
425
424
424
423
422
420
418
418
418
418
417
416
415
415
414
413
413
413
410
410
409
407
407
406
400
400
399
398
396
395
394
394
393
392
390
389
389
387
386
386
384
384
384
381
381
379
378
376
375
374
374
374
373
373
371
370
369
367
367
367
367
367
366
365
363
363
362
362
358
356
356
356
355
355
352
351
350
348
347
347
345
345
342
342
342
341
340
340
339
339
339
330
330
330
328
328
327
327
326
326
324
323
323
322
321
320
320
320
320
320
319
317
317
317
317
317
316
315
314
314
314
314
312
311
311
310
309
309
308
308
307
306
305
304
304
303
302
301
301
300
300
298
295
293
292
292
291
290
289
289
287
285
284
281
280
280
279
279
278
278
277
274
274
272
272
271
270
270
266
266
264
263
263
262
262
260
260
259
259
258
258
257
256
255
254
252
249
248
248
247
246
246
244
243
242
242
242
241
241
241
240
240
240
240
240
238
236
236
235
234
234
233
233
233
232
231
231
231
230
228
228
226
224
223
223
223
222
221
220
219
218
218
218
218
218
218
216
215
215
214
213
211
207
206
205
205
204
204
204
202
202
201
200
199
199
199
198
198
198
197
196
195
194
193
192
191
191
190
190
188
188
185
183
183
182
181
180
180
180
179
173
173
170
170
169
169
169
165
165
163
163
160
160
159
159
158
158
156
156
155
155
155
154
152
151
151
150
149
149
149
147
146
146
144
144
143
138
138
136
134
134
131
131
130
130
129
129
129
125
125
124
124
123
123
122
121
120
117
116
116
115
114
113
113
111
110
104
104
104
103
102
102
102
102
101
101
101
100
100
99
98
97
97
96
96
95
95
94
93
86
84
83
83
82
82
82
81
81
81
81
80
80
79
79
79
78
78
74
72
69
68
68
66
66
65
65
65
63
60
60
60
60
59
58
57
56
56
56
55
55
54
54
53
53
53
53
50
48
48
46
46
45
44
44
43
41
39
38
37
36
36
35
34
34
31
30
28
28
28
27
27
25
22
22
22
21
20
20
18
16
14
14
14
14
12
12
12
11
11
8
8
7
6
4
1
0
0
