9998
9998
9996
9995
9995
9994
9993
9991
9991
9990
9990
9989
9989
9987
9986
9986
9985
9984
9983
9983
9983
9982
9979
9979
9978
9976
9975
9974
9973
9970
9969
9968
9968
9968
9967
9966
9966
9965
9965
9964
9964
9963
9962
9962
9960
9959
9958
9958
9958
9957
9955
9955
9954
9953
9953
9951
9950
9949
9947
9947
9946
9945
9943
9938
9937
9937
9936
9935
9934
9929
9929
9928
9928
9927
9927
9926
9925
9925
9924
9921
9919
9918
9918
9917
9915
9915
9914
9913
9911
9911
9910
9909
9909
9908
9906
9905
9903
9902
9902
9902
9901
9900
9899
9899
9897
9895
9895
9893
9891
9891
9891
9890
9889
9888
9887
9886
9885
9882
9881
9880
9880
9877
9877
9876
9876
9875
9872
9872
9871
9867
9866
9864
9864
9864
9864
9862
9862
9862
9861
9861
9861
9858
9858
9858
9858
9857
9856
9853
9853
9853
9851
9851
9850
9850
9850
9848
9847
9845
9844
9844
9843
9841
9841
9841
9841
9839
9835
9835
9835
9835
9834
9833
9832
9831
9831
9829
9827
9826
9825
9824
9823
9823
9822
9822
9822
9818
9817
9817
9816
9816
9815
9814
9813
9813
9813
9812
9812
9809
9807
9807
9801
9801
9799
9799
9799
9797
9797
9796
9792
9792
9791
9791
9791
9790
9789
9786
9785
9783
9781
9781
9778
9776
9775
9774
9774
9773
9773
9771
9771
9770
9769
9768
9768
9767
9767
9765
9764
9764
9763
9762
9762
9758
9758
9757
9755
9753
9753
9750
9750
9747
9744
9744
9741
9741
9740
9739
9737
9735
9735
9734
9733
9732
9730
9730
9729
9727
9726
9725
9725
9724
9723
9721
9718
9717
9716
9715
9712
9712
9712
9711
9711
9708
9708
9707
9706
9705
9703
9703
9703
9702
9700
9699
9697
9695
9694
9694
9693
9691
9690
9689
9688
9687
9687
9687
9686
9684
9682
9681
9680
9680
9680
9679
9679
9678
9678
9677
9677
9677
9677
9675
9675
9675
9673
9673
9672
9671
9670
9669
9666
9666
9664
9662
9662
9662
9661
9661
9660
9660
9658
9655
9654
9653
9653
9653
9652
9652
9652
9652
9652
9651
9649
9647
9647
9645
9643
9643
9642
9642
9641
9641
9640
9640
9639
9637
9636
9636
9635
9635
9630
9630
9630
9625
9625
9623
9621
9620
9619
9619
9619
9618
9616
9616
9615
9614
9612
9609
9608
9607
9607
9607
9605
9603
9603
9603
9603
9602
9599
9597
9597
9596
9595
9594
9594
9594
9594
9593
9591
9589
9586
9585
9585
9584
9584
9582
9579
9579
9579
9578
9576
9576
9575
9572
9572
9571
9571
9569
9568
9568
9567
9566
9563
9562
9560
9560
9557
9557
9555
9554
9554
9553
9550
9550
9548
9547
9547
9547
9547
9545
9545
9543
9539
9539
9536
9535
9534
9533
9532
9532
9531
9531
9529
9528
9525
9524
9523
9523
9520
9520
9519
9519
9518
9518
9518
9515
9515
9514
9510
9504
9503
9502
9501
9501
9499
9499
9498
9498
9497
9496
9495
9495
9493
9493
9493
9493
9492
9492
9490
9489
9488
9487
9486
9483
9483
9482
9481
9481
9480
9477
9476
9476
9476
9475
9474
9474
9472
9472
9469
9469
9466
9466
9466
9465
9464
9464
9464
9461
9461
9461
9459
9458
9458
9457
9457
9455
9455
9453
9448
9448
9447
9446
9445
9445
9444
9444
9443
9442
9441
9441
9441
9440
9440
9440
9439
9438
9437
9436
9436
9436
9432
9431
9431
9429
9429
9427
9427
9426
9424
9422
9422
9421
9421
9421
9420
9420
9419
9418
9418
9417
9417
9417
9417
9416
9416
9414
9414
9414
9413
9413
9412
9411
9409
9409
9408
9408
9406
9405
9403
9403
9402
9400
9400
9398
9396
9394
9391
9388
9384
9381
9380
9379
9377
9377
9376
9375
9374
9373
9373
9372
9371
9371
9369
9367
9367
9367
9362
9362
9361
9360
9356
9355
9354
9353
9352
9351
9351
9348
9347
9346
9346
9346
9342
9341
9341
9340
9340
9338
9336
9336
9335
9335
9333
9332
9330
9330
9328
9328
9327
9326
9323
9323
9322
9321
9320
9320
9318
9317
9316
9316
9312
9310
9309
9309
9309
9308
9308
9307
9305
9304
9303
9303
9302
9302
9301
9301
9300
9300
9298
9297
9295
9295
9294
9294
9294
9293
9291
9291
9290
9289
9288
9288
9285
9284
9284
9283
9283
9282
9280
9280
9274
9272
9271
9269
9267
9266
9265
9264
9264
9263
9262
9262
9262
9262
9261
9261
9260
9260
9257
9257
9252
9252
9252
9251
9250
9249
9247
9246
9244
9242
9242
9241
9241
9240
9239
9238
9238
9238
9238
9234
9234
9234
9233
9233
9232
9231
9229
9229
9227
9227
9226
9226
9226
9224
9224
9223
9223
9222
9219
9219
9218
9216
9216
9215
9213
9213
9213
9212
9212
9211
9211
9210
9209
9209
9209
9208
9208
9207
9207
9202
9202
9200
9200
9199
9199
9198
9197
9196
9196
9196
9195
9195
9195
9195
9194
9193
9192
9191
9191
9191
9190
9190
9189
9189
9189
9185
9183
9183
9183
9179
9179
9178
9174
9174
9173
9172
9171
9170
9170
9170
9168
9168
9168
9168
9168
9167
9166
9166
9165
9165
9164
9164
9161
9158
9158
9156
9155
9154
9152
9152
9151
9149
9149
9148
9146
9146
9143
9141
9141
9139
9138
9137
9136
9133
9133
9133
9131
9129
9129
9128
9126
9124
9124
9123
9122
9122
9121
9121
9120
9120
9119
9119
9117
9117
9117
9116
9116
9116
9115
9111
9109
9107
9107
9107
9105
9104
9104
9104
9104
9102
9101
9101
9101
9098
9097
9097
9095
9095
9094
9093
9090
9089
9084
9084
9083
9081
9078
9078
9076
9074
9073
9072
9072
9071
9071
9071
9071
9070
9069
9068
9066
9066
9065
9064
9064
9064
9063
9063
9063
9062
9061
9060
9058
9056
9055
9054
9052
9051
9050
9049
9048
9047
9047
9047
9047
9046
9046
9046
9046
9043
9041
9040
9039
9039
9038
9038
9038
9036
9035
9034
9033
9032
9030
9030
9029
9028
9027
9026
9025
9024
9023
9022
9021
9021
9021
9019
9019
9019
9019
9017
9016
9014
9011
9011
9010
9010
9008
9008
9006
9006
9005
9005
9005
9003
9002
9001
9000
8999
8998
8997
8996
8994
8994
8994
8993
8992
8991
8991
8990
8990
8989
8989
8986
8983
8983
8983
8983
8981
8981
8981
8981
8981
8980
8977
8974
8974
8972
8967
8966
8966
8965
8965
8964
8964
8962
8960
8959
8955
8953
8953
8953
8952
8952
8951
8951
8951
8948
8948
8945
8944
8944
8943
8943
8942
8941
8941
8940
8939
8939
8937
8936
8935
8934
8933
8929
8929
8928
8928
8927
8926
8925
8924
8923
8923
8922
8920
8920
8920
8920
8919
8918
8917
8915
8914
8913
8909
8907
8903
8903
8901
8900
8900
8898
8897
8896
8896
8895
8892
8892
8891
8890
8890
8889
8888
8888
8885
8884
8884
8884
8882
8882
8882
8881
8874
8873
8872
8871
8869
8868
8865
8865
8863
8862
8862
8862
8858
8858
8857
8856
8856
8855
8855
8852
8852
8851
8851
8850
8847
8846
8844
8844
8842
8841
8840
8839
8838
8836
8834
8833
8833
8832
8832
8831
8830
8829
8829
8828
8827
8827
8827
8826
8825
8820
8818
8818
8816
8816
8813
8812
8812
8809
8809
8809
8808
8808
8807
8807
8805
8804
8804
8803
8802
8801
8801
8801
8799
8798
8798
8797
8796
8796
8795
8794
8793
8790
8790
8788
8788
8787
8786
8785
8785
8783
8783
8783
8782
8775
8774
8772
8772
8771
8771
8771
8768
8766
8765
8764
8763
8759
8757
8756
8756
8755
8754
8751
8750
8747
8747
8744
8742
8741
8740
8739
8737
8737
8737
8736
8736
8734
8734
8733
8732
8732
8728
8727
8726
8725
8724
8724
8722
8722
8721
8721
8721
8720
8719
8718
8718
8717
8717
8717
8715
8715
8714
8714
8714
8711
8708
8706
8704
8701
8701
8700
8698
8698
8698
8697
8696
8696
8696
8695
8695
8695
8694
8693
8691
8690
8689
8687
8686
8686
8684
8684
8683
8683
8683
8681
8681
8681
8680
8680
8679
8676
8676
8675
8675
8674
8674
8673
8672
8671
8670
8670
8670
8667
8667
8665
8665
8663
8662
8662
8662
8661
8660
8658
8658
8657
8655
8655
8655
8655
8654
8653
8653
8651
8651
8648
8644
8643
8643
8643
8642
8642
8642
8641
8641
8640
8640
8639
8639
8639
8638
8638
8635
8635
8635
8634
8633
8632
8631
8631
8630
8629
8629
8629
8628
8627
8625
8624
8622
8620
8619
8618
8618
8618
8618
8615
8613
8612
8611
8611
8610
8610
8609
8609
8609
8608
8605
8604
8604
8604
8604
8603
8603
8602
8601
8600
8599
8598
8598
8596
8595
8595
8593
8593
8592
8592
8591
8591
8588
8586
8585
8585
8584
8584
8584
8582
8579
8578
8577
8575
8575
8575
8573
8572
8571
8571
8570
8568
8568
8567
8567
8567
8567
8566
8565
8564
8563
8563
8563
8562
8560
8558
8553
8553
8552
8550
8550
8548
8548
8547
8545
8544
8543
8541
8539
8539
8538
8537
8536
8535
8534
8532
8532
8530
8528
8528
8525
8524
8524
8520
8520
8517
8517
8517
8517
8515
8515
8511
8511
8510
8508
8505
8504
8503
8503
8502
8500
8500
8495
8495
8492
8492
8491
8491
8489
8489
8487
8486
8486
8485
8485
8483
8480
8479
8478
8477
8477
8476
8473
8472
8471
8471
8471
8470
8469
8468
8468
8468
8467
8465
8465
8465
8462
8462
8462
8460
8459
8459
8456
8453
8452
8452
8451
8448
8448
8448
8448
8446
8446
8444
8443
8442
8442
8442
8441
8440
8439
8439
8438
8438
8437
8437
8436
8435
8434
8433
8433
8431
8430
8429
8429
8429
8428
8427
8426
8425
8424
8424
8423
8422
8421
8419
8419
8417
8416
8416
8414
8412
8411
8410
8409
8408
8407
8405
8405
8404
8403
8402
8402
8402
8401
8399
8397
8397
8396
8396
8393
8392
8392
8391
8390
8389
8385
8384
8383
8383
8383
8383
8383
8383
8382
8382
8379
8378
8378
8376
8375
8374
8371
8370
8367
8367
8367
8364
8363
8360
8359
8358
8358
8358
8356
8356
8355
8355
8355
8352
8351
8350
8350
8348
8346
8346
8345
8345
8343
8342
8341
8341
8340
8339
8336
8335
8335
8334
8334
8333
8333
8333
8331
8330
8327
8325
8322
8322
8320
8320
8319
8318
8317
8317
8316
8316
8316
8315
8315
8315
8315
8312
8312
8306
8304
8304
8303
8302
8301
8300
8298
8297
8297
8296
8295
8294
8291
8290
8289
8289
8288
8288
8288
8286
8284
8284
8283
8282
8278
8275
8274
8274
8273
8270
8270
8269
8266
8266
8266
8265
8265
8262
8262
8262
8262
8259
8258
8256
8255
8255
8251
8251
8250
8249
8247
8245
8243
8242
8241
8238
8236
8235
8233
8231
8231
8231
8231
8229
8229
8228
8226
8226
8226
8224
8223
8222
8221
8221
8220
8220
8219
8218
8218
8218
8217
8217
8216
8215
8214
8212
8212
8208
8208
8207
8206
8203
8203
8201
8197
8197
8197
8195
8195
8193
8192
8190
8189
8188
8187
8185
8185
8184
8183
8183
8181
8181
8180
8177
8176
8175
8175
8175
8174
8172
8172
8171
8169
8168
8166
8165
8165
8164
8162
8162
8162
8161
8159
8158
8155
8155
8155
8154
8153
8153
8153
8151
8150
8150
8149
8148
8148
8147
8147
8147
8145
8144
8143
8143
8143
8141
8140
8139
8138
8138
8137
8136
8135
8135
8135
8133
8132
8132
8131
8131
8131
8131
8125
8125
8124
8123
8120
8119
8118
8112
8111
8110
8109
8109
8108
8108
8108
8106
8101
8101
8100
8100
8099
8099
8098
8097
8097
8096
8095
8093
8093
8093
8093
8091
8091
8091
8091
8090
8090
8089
8088
8087
8087
8086
8085
8083
8083
8083
8082
8082
8081
8081
8080
8080
8078
8076
8074
8074
8074
8073
8068
8067
8066
8065
8065
8064
8062
8062
8061
8059
8058
8054
8052
8052
8051
8051
8050
8049
8047
8046
8045
8044
8042
8042
8039
8038
8037
8036
8036
8032
8031
8029
8029
8029
8029
8027
8027
8025
8025
8020
8020
8017
8015
8015
8014
8013
8013
8012
8010
8010
8010
8010
8009
8008
8006
8004
8004
8002
8000
8000
7999
7999
7997
7994
7992
7991
7991
7990
7989
7988
7987
7986
7986
7984
7984
7983
7983
7983
7982
7981
7979
7979
7977
7977
7970
7968
7967
7967
7967
7966
7966
7963
7963
7962
7960
7959
7958
7957
7957
7956
7956
7955
7955
7955
7953
7953
7952
7951
7951
7950
7949
7949
7948
7947
7946
7944
7944
7944
7943
7943
7943
7942
7942
7942
7941
7940
7939
7936
7936
7936
7934
7933
7932
7932
7930
7929
7929
7928
7928
7927
7927
7923
7922
7922
7921
7921
7921
7919
7919
7918
7918
7917
7917
7915
7913
7912
7912
7912
7909
7909
7908
7907
7907
7906
7905
7904
7904
7904
7904
7903
7903
7903
7902
7902
7902
7902
7901
7900
7899
7898
7897
7896
7896
7895
7895
7894
7894
7891
7891
7890
7887
7887
7887
7887
7886
7886
7886
7884
7884
7879
7878
7877
7877
7877
7876
7875
7874
7872
7872
7871
7870
7869
7868
7866
7866
7864
7863
7863
7863
7862
7862
7860
7858
7858
7858
7857
7857
7855
7854
7853
7853
7853
7853
7852
7851
7850
7849
7849
7848
7847
7847
7846
7845
7844
7841
7837
7836
7834
7832
7830
7829
7825
7824
7824
7822
7821
7821
7816
7816
7815
7815
7814
7812
7810
7810
7806
7805
7804
7802
7802
7800
7798
7797
7793
7792
7789
7789
7786
7786
7786
7786
7784
7783
7782
7782
7782
7781
7781
7780
7778
7777
7777
7775
7775
7773
7773
7772
7771
7770
7767
7767
7764
7763
7762
7762
7759
7756
7752
7752
7751
7751
7751
7749
7748
7745
7744
7741
7740
7739
7739
7738
7737
7735
7733
7733
7732
7731
7730
7729
7727
7726
7725
7725
7725
7724
7724
7724
7722
7721
7720
7720
7720
7720
7719
7719
7719
7719
7719
7718
7717
7717
7716
7716
7716
7715
7715
7715
7714
7714
7713
7708
7707
7706
7706
7706
7705
7704
7704
7703
7702
7701
7700
7699
7698
7697
7697
7696
7695
7695
7695
7695
7694
7694
7693
7692
7687
7687
7685
7684
7683
7682
7678
7675
7675
7674
7673
7669
7669
7668
7668
7667
7667
7666
7666
7665
7665
7663
7662
7661
7660
7659
7658
7658
7657
7656
7656
7652
7651
7650
7648
7646
7646
7646
7645
7641
7641
7641
7640
7640
7639
7638
7637
7637
7636
7633
7632
7631
7628
7627
7627
7626
7625
7625
7624
7622
7622
7622
7620
7620
7620
7619
7619
7618
7617
7617
7615
7615
7614
7613
7610
7609
7608
7608
7607
7605
7605
7604
7602
7602
7602
7601
7597
7597
7597
7596
7596
7595
7594
7593
7592
7590
7590
7590
7588
7587
7587
7585
7581
7580
7578
7578
7576
7575
7574
7574
7573
7572
7572
7570
7569
7569
7568
7568
7568
7567
7567
7567
7565
7563
7563
7561
7561
7560
7560
7560
7557
7554
7554
7551
7544
7543
7541
7541
7540
7537
7537
7537
7537
7536
7535
7533
7533
7532
7532
7531
7531
7529
7526
7525
7523
7522
7521
7521
7520
7519
7517
7516
7515
7515
7515
7515
7514
7512
7512
7511
7509
7508
7506
7505
7504
7504
7503
7502
7501
7500
7500
7499
7498
7497
7496
7494
7494
7494
7494
7494
7492
7492
7491
7491
7490
7490
7489
7489
7488
7487
7486
7480
7479
7479
7478
7477
7476
7475
7475
7474
7473
7473
7472
7471
7469
7468
7468
7466
7464
7464
7463
7462
7462
7461
7459
7458
7458
7458
7455
7454
7452
7451
7451
7449
7448
7446
7445
7442
7442
7442
7441
7440
7438
7437
7436
7435
7435
7434
7434
7434
7434
7433
7433
7431
7431
7430
7430
7429
7428
7428
7427
7427
7426
7423
7423
7422
7422
7419
7416
7416
7416
7416
7413
7407
7407
7406
7405
7405
7404
7402
7401
7401
7400
7400
7399
7398
7397
7397
7397
7396
7392
7391
7391
7390
7390
7389
7388
7386
7384
7384
7384
7383
7383
7382
7381
7378
7377
7377
7375
7374
7374
7374
7373
7373
7370
7369
7365
7364
7363
7363
7363
7361
7361
7360
7360
7359
7359
7359
7357
7357
7356
7355
7353
7352
7351
7350
7350
7350
7346
7345
7340
7340
7339
7339
7338
7337
7337
7336
7336
7335
7335
7334
7334
7333
7332
7329
7329
7327
7327
7326
7325
7324
7324
7323
7323
7321
7321
7321
7320
7318
7317
7317
7315
7315
7313
7313
7313
7312
7312
7311
7310
7309
7308
7308
7304
7304
7301
7301
7299
7296
7295
7294
7293
7291
7290
7289
7287
7286
7285
7284
7284
7283
7282
7279
7279
7278
7276
7276
7274
7274
7272
7271
7270
7269
7268
7268
7266
7266
7266
7264
7264
7263
7262
7260
7259
7259
7259
7259
7258
7257
7252
7252
7251
7250
7249
7248
7247
7246
7245
7243
7242
7242
7242
7242
7242
7240
7239
7239
7238
7236
7236
7235
7232
7232
7230
7230
7230
7230
7229
7229
7228
7228
7227
7223
7222
7221
7220
7220
7218
7218
7218
7217
7217
7216
7215
7214
7213
7213
7212
7211
7211
7206
7205
7205
7205
7204
7204
7204
7203
7196
7196
7195
7195
7194
7194
7190
7186
7186
7186
7185
7185
7184
7184
7184
7184
7182
7180
7180
7177
7177
7174
7172
7171
7171
7170
7170
7169
7168
7168
7167
7163
7163
7162
7159
7159
7159
7158
7157
7155
7154
7152
7152
7152
7149
7148
7147
7146
7145
7145
7143
7142
7142
7142
7142
7142
7141
7141
7141
7141
7140
7140
7139
7138
7137
7136
7135
7134
7133
7132
7129
7129
7129
7127
7127
7127
7126
7125
7123
7122
7121
7119
7118
7117
7114
7114
7113
7113
7113
7112
7111
7110
7109
7109
7107
7106
7104
7104
7104
7103
7102
7101
7098
7098
7097
7097
7096
7095
7094
7093
7092
7091
7091
7089
7089
7088
7085
7085
7084
7083
7081
7081
7080
7079
7078
7077
7077
7077
7077
7076
7075
7075
7074
7074
7072
7072
7071
7071
7071
7071
7071
7070
7070
7069
7068
7067
7067
7066
7066
7066
7065
7058
7058
7058
7057
7056
7055
7055
7053
7053
7052
7050
7049
7048
7047
7046
7044
7043
7043
7041
7041
7040
7040
7036
7036
7035
7033
7033
7033
7032
7031
7031
7030
7029
7029
7029
7028
7027
7026
7026
7023
7023
7022
7020
7018
7016
7016
7015
7015
7015
7015
7014
7014
7012
7012
7011
7011
7009
7009
7008
7007
7006
7003
7003
7003
7003
7003
7002
7001
6998
6996
6996
6995
6994
6994
6992
6991
6990
6990
6988
6987
6986
6985
6982
6981
6980
6980
6979
6977
6975
6974
6974
6973
6973
6972
6971
6971
6970
6969
6969
6968
6968
6964
6964
6962
6962
6961
6958
6957
6955
6954
6951
6949
6949
6949
6948
6947
6944
6943
6941
6940
6940
6939
6937
6936
6936
6934
6934
6932
6931
6930
6930
6929
6928
6925
6924
6923
6923
6920
6920
6919
6919
6918
6917
6915
6915
6914
6913
6911
6910
6908
6907
6903
6902
6900
6900
6899
6898
6898
6896
6895
6893
6892
6892
6890
6890
6889
6889
6889
6888
6888
6885
6883
6881
6879
6877
6875
6875
6874
6874
6873
6872
6872
6871
6870
6870
6870
6869
6868
6868
6867
6867
6866
6866
6862
6861
6861
6860
6857
6857
6857
6856
6852
6852
6850
6847
6845
6845
6845
6844
6844
6842
6842
6842
6841
6841
6840
6838
6836
6836
6836
6835
6835
6834
6834
6834
6833
6829
6828
6828
6827
6827
6826
6825
6822
6822
6821
6820
6818
6818
6817
6817
6817
6816
6815
6813
6811
6811
6808
6808
6808
6807
6806
6806
6801
6801
6800
6800
6799
6798
6797
6795
6795
6794
6792
6791
6791
6791
6789
6789
6786
6785
6785
6785
6784
6784
6783
6782
6780
6777
6775
6772
6772
6770
6769
6769
6767
6767
6763
6763
6762
6762
6761
6760
6760
6760
6756
6756
6756
6756
6754
6753
6751
6749
6749
6747
6747
6743
6740
6740
6739
6739
6738
6737
6737
6736
6735
6735
6733
6733
6730
6729
6728
6725
6725
6724
6722
6722
6721
6719
6718
6718
6716
6715
6712
6711
6709
6709
6709
6709
6708
6708
6708
6707
6706
6706
6702
6702
6699
6698
6697
6696
6695
6694
6692
6691
6688
6687
6685
6684
6683
6682
6681
6679
6676
6674
6674
6674
6673
6672
6672
6672
6670
6669
6668
6668
6664
6664
6663
6663
6663
6662
6661
6661
6657
6655
6653
6652
6651
6650
6649
6649
6647
6647
6646
6644
6642
6641
6637
6637
6636
6636
6635
6635
6634
6632
6632
6629
6627
6626
6626
6625
6624
6623
6621
6621
6619
6618
6617
6617
6617
6613
6612
6611
6611
6611
6611
6610
6609
6607
6605
6604
6602
6602
6600
6600
6599
6597
6592
6591
6591
6587
6586
6586
6586
6582
6582
6581
6580
6580
6579
6578
6577
6577
6577
6577
6575
6574
6574
6573
6572
6572
6571
6570
6570
6568
6567
6566
6565
6564
6564
6564
6564
6560
6560
6557
6557
6557
6557
6555
6555
6555
6553
6552
6551
6551
6550
6549
6545
6544
6544
6544
6544
6543
6540
6540
6539
6537
6537
6536
6535
6532
6532
6528
6527
6525
6525
6525
6525
6524
6523
6522
6521
6521
6521
6514
6514
6512
6511
6511
6510
6509
6508
6508
6508
6506
6505
6505
6503
6503
6502
6501
6501
6501
6500
6500
6500
6499
6498
6497
6497
6496
6495
6495
6495
6494
6491
6490
6488
6487
6487
6487
6486
6481
6480
6478
6477
6476
6473
6473
6473
6470
6469
6468
6467
6466
6465
6463
6463
6463
6461
6460
6460
6458
6458
6457
6457
6456
6455
6454
6453
6453
6452
6451
6449
6448
6448
6448
6447
6446
6445
6444
6444
6444
6443
6443
6443
6443
6440
6440
6440
6438
6436
6435
6433
6433
6432
6432
6432
6430
6427
6426
6423
6423
6422
6421
6419
6419
6418
6418
6417
6416
6416
6416
6415
6414
6413
6413
6412
6410
6410
6409
6409
6408
6407
6405
6404
6404
6403
6403
6403
6401
6400
6397
6396
6394
6393
6393
6393
6392
6391
6391
6390
6388
6388
6388
6387
6386
6384
6383
6383
6383
6383
6382
6381
6378
6377
6377
6376
6376
6375
6375
6374
6374
6373
6373
6372
6371
6371
6370
6368
6368
6367
6367
6367
6366
6365
6361
6360
6360
6360
6359
6359
6359
6358
6358
6358
6358
6357
6355
6353
6351
6349
6348
6348
6347
6346
6345
6345
6344
6344
6340
6339
6338
6337
6335
6332
6332
6330
6330
6329
6326
6325
6324
6324
6324
6323
6322
6321
6319
6318
6317
6316
6315
6315
6314
6314
6313
6312
6312
6311
6311
6311
6310
6308
6307
6305
6304
6301
6300
6300
6300
6299
6299
6298
6298
6297
6297
6296
6296
6296
6295
6294
6294
6292
6291
6289
6288
6287
6287
6286
6285
6285
6284
6284
6284
6284
6282
6282
6281
6279
6279
6277
6276
6276
6275
6274
6272
6272
6268
6267
6266
6265
6265
6264
6264
6264
6263
6262
6262
6261
6261
6259
6257
6256
6256
6252
6251
6251
6250
6249
6248
6245
6245
6243
6243
6241
6240
6240
6240
6239
6239
6238
6238
6238
6237
6234
6234
6233
6232
6232
6232
6232
6229
6229
6228
6228
6227
6225
6224
6223
6222
6222
6220
6217
6217
6215
6215
6214
6213
6212
6209
6207
6206
6206
6203
6203
6203
6200
6199
6198
6197
6194
6193
6193
6191
6190
6186
6186
6182
6181
6179
6178
6178
6178
6173
6171
6170
6168
6165
6165
6164
6161
6160
6159
6157
6155
6154
6153
6153
6151
6151
6150
6150
6149
6148
6148
6146
6145
6145
6144
6144
6142
6136
6136
6134
6133
6133
6132
6132
6131
6131
6130
6128
6128
6122
6120
6118
6118
6118
6115
6115
6114
6113
6110
6109
6109
6109
6108
6106
6106
6105
6105
6099
6099
6097
6097
6094
6093
6090
6090
6088
6080
6080
6080
6079
6076
6076
6076
6075
6073
6072
6070
6068
6068
6067
6065
6064
6063
6063
6063
6062
6057
6057
6055
6054
6053
6053
6053
6052
6050
6049
6049
6049
6046
6046
6045
6044
6043
6042
6040
6039
6038
6038
6037
6037
6035
6035
6033
6033
6032
6032
6030
6029
6029
6027
6026
6025
6025
6023
6023
6022
6022
6022
6022
6021
6020
6020
6019
6019
6014
6012
6012
6011
6011
6010
6010
6010
6009
6009
6008
6006
6003
6003
6002
6002
5998
5996
5996
5995
5995
5993
5993
5991
5991
5991
5991
5990
5987
5987
5987
5986
5985
5985
5985
5984
5983
5981
5981
5981
5981
5980
5977
5977
5975
5975
5975
5975
5970
5970
5970
5968
5968
5967
5966
5965
5965
5963
5963
5963
5963
5963
5962
5962
5960
5960
5958
5956
5952
5952
5950
5949
5949
5946
5945
5945
5945
5945
5943
5941
5941
5939
5938
5938
5938
5938
5938
5936
5935
5935
5934
5934
5933
5931
5931
5930
5930
5929
5928
5927
5927
5927
5926
5926
5926
5924
5923
5922
5921
5920
5920
5919
5919
5919
5917
5912
5912
5912
5911
5911
5910
5909
5908
5908
5907
5904
5904
5904
5903
5901
5901
5900
5900
5899
5899
5897
5897
5897
5895
5893
5890
5890
5890
5889
5887
5885
5884
5884
5882
5882
5881
5878
5877
5876
5876
5875
5875
5875
5872
5872
5871
5870
5870
5869
5868
5868
5867
5867
5866
5864
5862
5862
5862
5862
5862
5861
5861
5861
5860
5860
5860
5858
5856
5855
5852
5851
5848
5848
5847
5847
5846
5844
5844
5843
5840
5839
5837
5837
5835
5835
5834
5833
5833
5831
5830
5828
5827
5827
5826
5826
5824
5824
5821
5819
5819
5818
5818
5816
5816
5815
5814
5814
5812
5810
5809
5809
5808
5808
5808
5808
5806
5805
5805
5801
5800
5799
5798
5798
5798
5795
5795
5792
5792
5792
5792
5787
5787
5786
5786
5786
5785
5784
5783
5781
5780
5779
5778
5777
5776
5776
5775
5774
5772
5770
5768
5767
5767
5766
5766
5765
5764
5764
5764
5764
5763
5763
5760
5759
5757
5757
5757
5754
5753
5753
5751
5751
5750
5750
5749
5747
5746
5743
5743
5742
5741
5741
5741
5740
5740
5740
5740
5740
5739
5738
5738
5736
5735
5735
5733
5732
5731
5730
5730
5729
5728
5728
5725
5724
5724
5724
5723
5722
5722
5722
5721
5719
5719
5718
5714
5713
5712
5712
5710
5710
5708
5707
5707
5705
5704
5704
5702
5702
5702
5702
5701
5701
5699
5698
5698
5697
5697
5694
5693
5693
5692
5692
5692
5690
5689
5687
5687
5686
5686
5683
5683
5682
5681
5681
5681
5681
5679
5675
5674
5670
5670
5669
5669
5666
5666
5664
5663
5663
5662
5660
5658
5658
5658
5657
5655
5654
5654
5654
5653
5653
5653
5652
5652
5652
5652
5650
5649
5649
5648
5647
5646
5645
5642
5640
5640
5639
5638
5637
5637
5636
5633
5633
5632
5630
5629
5627
5627
5625
5625
5625
5623
5622
5621
5621
5618
5618
5617
5614
5613
5611
5611
5610
5609
5609
5607
5605
5604
5603
5601
5600
5599
5599
5597
5596
5596
5594
5594
5594
5594
5593
5593
5591
5591
5589
5587
5586
5586
5585
5584
5584
5583
5580
5579
5578
5577
5576
5575
5574
5574
5574
5574
5572
5572
5572
5571
5570
5570
5569
5569
5568
5567
5566
5566
5564
5563
5562
5562
5560
5560
5559
5556
5556
5556
5554
5552
5550
5550
5549
5549
5546
5542
5540
5540
5540
5540
5539
5539
5537
5535
5535
5529
5526
5524
5523
5519
5518
5517
5516
5515
5514
5513
5513
5513
5513
5513
5512
5512
5512
5512
5510
5509
5509
5506
5505
5505
5505
5504
5503
5503
5502
5501
5500
5500
5498
5497
5497
5495
5495
5493
5493
5492
5492
5492
5490
5486
5485
5485
5484
5484
5483
5482
5482
5481
5480
5479
5479
5478
5477
5476
5476
5473
5473
5472
5471
5471
5470
5469
5468
5468
5467
5466
5466
5465
5465
5465
5458
5457
5457
5456
5454
5453
5453
5453
5452
5451
5450
5450
5449
5446
5446
5445
5443
5443
5442
5442
5442
5440
5438
5438
5437
5436
5436
5435
5434
5434
5433
5432
5431
5430
5427
5426
5425
5425
5423
5422
5422
5421
5420
5419
5419
5419
5417
5417
5415
5412
5411
5410
5410
5409
5409
5407
5407
5404
5404
5403
5402
5402
5401
5401
5400
5400
5400
5399
5399
5399
5398
5397
5397
5397
5396
5394
5392
5392
5391
5391
5391
5390
5388
5388
5380
5380
5380
5379
5378
5378
5378
5377
5376
5376
5375
5375
5374
5373
5373
5371
5370
5370
5370
5370
5369
5368
5367
5367
5367
5366
5365
5365
5365
5364
5363
5363
5359
5357
5354
5353
5353
5353
5353
5353
5348
5344
5343
5340
5340
5340
5339
5339
5338
5338
5338
5335
5335
5335
5334
5333
5333
5333
5332
5329
5328
5327
5326
5326
5325
5324
5324
5323
5323
5322
5322
5321
5320
5319
5318
5318
5318
5318
5318
5317
5317
5316
5316
5315
5313
5312
5312
5312
5311
5309
5309
5309
5306
5306
5303
5303
5302
5301
5299
5297
5295
5294
5290
5290
5290
5287
5286
5286
5283
5283
5276
5276
5275
5275
5273
5272
5269
5269
5268
5268
5267
5267
5266
5265
5265
5263
5262
5262
5261
5259
5258
5256
5255
5251
5250
5250
5250
5246
5246
5246
5245
5243
5240
5240
5236
5236
5234
5233
5232
5231
5230
5230
5230
5228
5228
5228
5228
5227
5227
5223
5223
5219
5219
5218
5218
5217
5217
5217
5216
5216
5215
5213
5213
5213
5213
5213
5211
5210
5210
5210
5210
5210
5208
5208
5208
5207
5207
5205
5200
5200
5198
5196
5195
5194
5194
5193
5192
5190
5189
5186
5186
5183
5182
5182
5177
5177
5176
5175
5174
5174
5173
5173
5173
5172
5172
5166
5166
5164
5164
5161
5160
5159
5159
5159
5157
5156
5155
5155
5153
5151
5150
5147
5146
5146
5145
5143
5142
5142
5141
5141
5141
5138
5138
5138
5137
5137
5137
5136
5134
5132
5131
5129
5129
5128
5127
5126
5125
5125
5124
5123
5123
5123
5122
5120
5120
5115
5112
5112
5110
5109
5106
5106
5105
5104
5103
5101
5101
5098
5097
5097
5096
5096
5095
5094
5093
5092
5092
5092
5091
5091
5091
5088
5088
5086
5086
5084
5084
5083
5083
5082
5081
5079
5078
5078
5078
5077
5071
5071
5070
5068
5068
5068
5067
5067
5065
5065
5064
5062
5060
5059
5058
5057
5057
5056
5053
5053
5053
5052
5049
5049
5048
5048
5048
5048
5047
5047
5046
5045
5044
5040
5040
5039
5037
5036
5035
5035
5032
5032
5031
5028
5025
5023
5023
5022
5019
5018
5014
5009
5009
5008
5008
5005
5004
5004
5003
5001
5001
5000
5000
4999
4997
4997
4996
4995
4993
4992
4992
4991
4991
4990
4990
4988
4987
4985
4984
4982
4982
4981
4981
4981
4981
4979
4979
4979
4978
4978
4977
4977
4975
4974
4974
4973
4973
4972
4972
4971
4969
4968
4967
4966
4966
4966
4965
4963
4962
4962
4961
4961
4960
4960
4960
4960
4959
4959
4958
4957
4956
4956
4956
4955
4954
4954
4953
4953
4951
4951
4950
4950
4949
4949
4944
4941
4941
4941
4941
4939
4937
4936
4935
4934
4933
4932
4932
4931
4929
4929
4929
4928
4926
4925
4923
4923
4923
4922
4922
4920
4919
4919
4918
4918
4917
4917
4914
4913
4911
4910
4909
4908
4907
4906
4906
4905
4904
4904
4904
4902
4902
4901
4900
4899
4899
4898
4894
4892
4890
4890
4889
4888
4888
4887
4885
4885
4884
4884
4884
4883
4880
4878
4878
4878
4876
4876
4875
4875
4875
4874
4873
4872
4872
4872
4870
4867
4865
4865
4865
4863
4862
4862
4861
4858
4857
4857
4856
4854
4854
4853
4853
4853
4853
4849
4849
4849
4848
4848
4847
4846
4845
4845
4845
4845
4845
4844
4844
4843
4842
4842
4842
4841
4840
4839
4839
4838
4838
4838
4838
4837
4835
4834
4833
4832
4832
4831
4830
4828
4828
4826
4826
4825
4821
4820
4819
4819
4818
4817
4816
4815
4814
4813
4812
4810
4810
4809
4808
4808
4808
4807
4806
4806
4806
4805
4800
4799
4797
4796
4796
4794
4792
4791
4791
4791
4789
4785
4785
4785
4784
4784
4782
4782
4779
4778
4777
4775
4774
4772
4770
4769
4765
4764
4764
4764
4763
4763
4762
4761
4760
4759
4759
4758
4757
4756
4755
4754
4752
4750
4749
4748
4746
4745
4745
4743
4742
4742
4741
4741
4740
4739
4737
4735
4732
4730
4730
4728
4728
4727
4726
4726
4726
4724
4723
4723
4721
4720
4718
4717
4712
4711
4710
4710
4710
4708
4706
4702
4702
4701
4700
4699
4699
4698
4698
4698
4696
4695
4694
4692
4691
4691
4689
4689
4688
4688
4688
4687
4685
4685
4685
4684
4683
4680
4680
4680
4678
4676
4676
4674
4672
4672
4671
4671
4670
4669
4668
4667
4666
4665
4663
4659
4658
4658
4658
4658
4655
4652
4652
4650
4650
4649
4648
4646
4644
4644
4642
4641
4640
4639
4635
4635
4634
4633
4632
4630
4630
4630
4630
4630
4629
4629
4627
4625
4624
4624
4623
4622
4620
4620
4619
4618
4616
4616
4616
4614
4614
4612
4611
4610
4609
4607
4607
4605
4605
4603
4603
4603
4603
4603
4601
4601
4600
4599
4597
4597
4597
4597
4596
4595
4594
4593
4592
4592
4591
4591
4590
4590
4589
4588
4588
4586
4585
4585
4584
4583
4583
4582
4581
4580
4579
4578
4578
4577
4577
4577
4577
4575
4575
4575
4573
4571
4571
4571
4571
4570
4567
4567
4565
4565
4565
4565
4564
4564
4562
4561
4561
4560
4559
4559
4559
4558
4555
4555
4555
4554
4553
4552
4551
4551
4549
4547
4541
4541
4540
4540
4540
4539
4538
4538
4537
4536
4534
4534
4534
4531
4530
4530
4530
4529
4529
4528
4528
4526
4526
4524
4521
4521
4521
4520
4519
4515
4513
4513
4513
4513
4513
4512
4512
4511
4511
4510
4510
4508
4508
4506
4505
4505
4504
4503
4503
4502
4501
4500
4499
4499
4498
4496
4496
4495
4495
4494
4494
4494
4494
4494
4493
4493
4492
4491
4488
4487
4487
4485
4485
4484
4482
4480
4479
4479
4478
4476
4475
4472
4471
4470
4468
4467
4467
4466
4466
4465
4464
4463
4463
4461
4461
4460
4459
4456
4455
4453
4453
4452
4451
4451
4448
4448
4446
4446
4446
4445
4445
4445
4444
4443
4443
4443
4442
4441
4441
4440
4440
4437
4436
4436
4435
4433
4433
4432
4430
4429
4424
4424
4424
4424
4424
4423
4422
4422
4421
4420
4420
4418
4416
4416
4415
4415
4414
4414
4413
4413
4410
4409
4408
4408
4408
4406
4406
4406
4403
4402
4401
4401
4399
4399
4398
4396
4395
4393
4393
4391
4390
4389
4389
4388
4386
4386
4385
4385
4384
4383
4383
4382
4381
4380
4380
4380
4379
4379
4379
4378
4377
4377
4371
4370
4369
4369
4369
4368
4368
4367
4367
4367
4366
4366
4364
4363
4362
4359
4358
4358
4356
4355
4354
4353
4352
4352
4351
4351
4347
4346
4345
4345
4344
4343
4343
4342
4342
4342
4341
4341
4340
4339
4337
4336
4334
4333
4332
4331
4329
4328
4326
4326
4325
4325
4324
4324
4323
4322
4321
4320
4318
4317
4317
4317
4317
4315
4314
4312
4311
4311
4307
4302
4301
4301
4300
4299
4299
4298
4298
4298
4297
4296
4295
4295
4291
4291
4291
4291
4290
4286
4285
4285
4284
4283
4282
4281
4281
4279
4279
4278
4277
4277
4276
4275
4272
4271
4269
4268
4268
4265
4264
4264
4263
4262
4260
4259
4259
4258
4258
4252
4250
4250
4250
4247
4246
4246
4245
4245
4245
4243
4242
4242
4241
4240
4239
4239
4236
4235
4235
4235
4234
4233
4233
4232
4232
4230
4230
4229
4228
4227
4226
4225
4225
4224
4222
4222
4222
4222
4221
4221
4219
4218
4216
4216
4215
4215
4214
4213
4211
4209
4207
4206
4205
4204
4204
4204
4203
4201
4200
4198
4198
4198
4197
4196
4195
4195
4195
4194
4194
4193
4191
4190
4189
4189
4183
4180
4178
4176
4175
4173
4172
4170
4169
4165
4164
4162
4159
4159
4158
4158
4157
4156
4155
4154
4153
4153
4152
4152
4151
4151
4150
4150
4150
4149
4148
4148
4148
4145
4145
4143
4142
4140
4139
4139
4139
4138
4138
4138
4135
4130
4130
4129
4128
4127
4125
4125
4125
4125
4124
4123
4121
4119
4118
4117
4115
4115
4115
4113
4113
4112
4112
4110
4110
4110
4108
4107
4106
4106
4104
4103
4102
4100
4100
4096
4095
4095
4094
4094
4093
4093
4092
4091
4089
4087
4087
4086
4082
4081
4081
4080
4079
4079
4079
4078
4076
4076
4076
4073
4072
4071
4066
4066
4065
4064
4064
4063
4063
4062
4061
4061
4061
4058
4058
4055
4052
4052
4051
4051
4050
4049
4048
4048
4047
4047
4047
4046
4044
4042
4041
4041
4036
4035
4032
4029
4026
4026
4025
4024
4024
4022
4021
4020
4019
4019
4019
4019
4018
4017
4015
4014
4013
4012
4011
4009
4009
4009
4008
4007
4007
4006
4005
4005
4003
4002
4002
3998
3996
3993
3993
3992
3991
3991
3990
3988
3988
3986
3985
3984
3983
3983
3981
3981
3980
3980
3980
3980
3980
3972
3972
3970
3969
3968
3967
3966
3965
3963
3963
3962
3961
3959
3959
3959
3958
3958
3958
3958
3957
3956
3956
3956
3955
3955
3950
3950
3946
3944
3944
3944
3943
3943
3941
3941
3941
3941
3940
3938
3938
3936
3936
3935
3932
3932
3931
3931
3929
3928
3928
3928
3927
3926
3926
3925
3924
3919
3918
3918
3916
3915
3913
3913
3910
3910
3905
3903
3903
3901
3901
3900
3900
3900
3899
3899
3898
3897
3896
3895
3895
3894
3894
3893
3893
3893
3889
3888
3887
3886
3884
3884
3883
3883
3882
3882
3882
3881
3879
3879
3878
3877
3876
3875
3875
3874
3874
3873
3872
3870
3870
3868
3867
3867
3866
3865
3864
3864
3862
3861
3860
3860
3859
3859
3859
3859
3859
3857
3856
3856
3854
3852
3852
3852
3852
3851
3849
3848
3848
3847
3846
3846
3845
3845
3844
3844
3844
3843
3841
3841
3839
3838
3837
3835
3834
3833
3832
3829
3828
3827
3825
3825
3823
3822
3821
3819
3819
3817
3816
3814
3812
3812
3811
3811
3811
3811
3810
3810
3806
3806
3802
3799
3799
3799
3798
3797
3797
3797
3796
3794
3793
3790
3789
3788
3788
3787
3783
3781
3781
3781
3780
3777
3777
3777
3776
3776
3773
3773
3773
3771
3770
3767
3766
3764
3763
3763
3761
3758
3758
3754
3753
3753
3753
3752
3751
3749
3747
3747
3747
3746
3743
3738
3738
3738
3737
3735
3735
3734
3732
3732
3732
3731
3731
3731
3730
3729
3729
3726
3725
3724
3724
3724
3723
3722
3721
3720
3718
3718
3716
3716
3714
3714
3713
3712
3711
3710
3710
3709
3707
3704
3703
3703
3702
3701
3698
3697
3697
3696
3695
3693
3692
3691
3691
3688
3686
3686
3684
3684
3684
3683
3682
3681
3681
3680
3677
3675
3673
3671
3669
3668
3668
3667
3666
3666
3666
3664
3663
3663
3661
3660
3659
3659
3658
3658
3657
3657
3656
3656
3656
3656
3653
3653
3652
3651
3651
3650
3648
3648
3647
3647
3646
3646
3646
3645
3645
3644
3644
3643
3640
3639
3635
3634
3634
3634
3632
3632
3629
3628
3627
3627
3627
3627
3626
3626
3625
3624
3623
3621
3621
3620
3618
3616
3616
3616
3615
3615
3613
3613
3612
3610
3609
3608
3608
3606
3605
3605
3601
3600
3597
3597
3597
3597
3595
3595
3593
3592
3591
3590
3590
3589
3589
3589
3589
3588
3586
3584
3584
3583
3582
3582
3580
3580
3580
3574
3573
3572
3572
3568
3566
3565
3561
3560
3559
3559
3558
3557
3557
3556
3554
3554
3553
3553
3553
3548
3547
3547
3546
3544
3543
3543
3543
3542
3542
3540
3540
3540
3539
3539
3538
3538
3535
3535
3534
3533
3533
3533
3532
3532
3532
3532
3531
3530
3530
3528
3527
3527
3526
3526
3525
3524
3523
3523
3521
3519
3519
3518
3516
3516
3515
3514
3513
3511
3508
3508
3506
3506
3505
3505
3504
3503
3501
3499
3498
3498
3497
3497
3495
3495
3494
3494
3493
3493
3493
3493
3491
3489
3489
3488
3488
3487
3487
3485
3484
3484
3482
3481
3481
3481
3480
3478
3476
3476
3476
3474
3472
3472
3472
3472
3472
3471
3471
3470
3470
3469
3466
3465
3465
3465
3464
3464
3463
3463
3461
3459
3459
3456
3455
3455
3454
3453
3451
3450
3448
3446
3446
3445
3445
3444
3441
3438
3436
3435
3434
3430
3430
3429
3428
3426
3425
3424
3423
3418
3418
3418
3417
3417
3415
3415
3414
3414
3414
3413
3412
3411
3411
3411
3411
3409
3409
3407
3407
3406
3405
3403
3400
3398
3397
3396
3396
3394
3393
3392
3391
3390
3390
3390
3390
3389
3388
3386
3386
3386
3382
3380
3378
3377
3377
3376
3375
3374
3374
3373
3373
3373
3372
3371
3368
3368
3366
3366
3366
3365
3365
3364
3362
3362
3359
3359
3359
3358
3358
3358
3356
3355
3354
3354
3354
3354
3353
3353
3352
3352
3351
3351
3349
3349
3346
3346
3345
3345
3342
3342
3341
3341
3341
3341
3341
3341
3341
3340
3339
3338
3338
3338
3336
3333
3332
3332
3332
3332
3329
3329
3329
3323
3322
3321
3321
3319
3318
3317
3314
3313
3312
3310
3310
3306
3304
3304
3303
3302
3300
3300
3299
3296
3294
3294
3293
3293
3292
3291
3290
3289
3289
3288
3288
3287
3283
3277
3275
3274
3274
3270
3270
3268
3268
3267
3266
3264
3264
3264
3260
3257
3254
3253
3252
3251
3246
3245
3245
3244
3244
3244
3242
3242
3242
3241
3240
3238
3236
3235
3234
3231
3231
3230
3229
3229
3229
3226
3225
3222
3220
3220
3219
3218
3217
3217
3217
3217
3212
3211
3210
3210
3210
3210
3208
3205
3205
3202
3202
3198
3197
3196
3191
3191
3191
3191
3190
3190
3189
3188
3188
3186
3183
3182
3182
3182
3182
3180
3179
3178
3178
3177
3177
3177
3177
3174
3172
3171
3171
3171
3169
3167
3166
3166
3166
3164
3164
3164
3163
3163
3162
3162
3161
3159
3159
3159
3159
3155
3155
3153
3153
3150
3150
3149
3147
3145
3142
3142
3141
3140
3139
3138
3137
3134
3134
3134
3133
3131
3130
3129
3128
3126
3125
3125
3124
3122
3120
3120
3119
3118
3118
3116
3116
3115
3114
3113
3113
3110
3110
3110
3107
3107
3107
3107
3106
3105
3105
3103
3103
3102
3101
3100
3099
3099
3098
3098
3097
3096
3094
3093
3093
3093
3092
3091
3091
3090
3087
3086
3085
3081
3080
3079
3078
3076
3076
3075
3075
3071
3070
3070
3069
3069
3069
3067
3065
3064
3064
3063
3063
3062
3062
3060
3059
3057
3056
3054
3053
3052
3052
3051
3051
3051
3049
3046
3045
3045
3045
3044
3042
3041
3040
3039
3035
3033
3031
3031
3030
3026
3024
3024
3023
3023
3022
3020
3020
3018
3018
3017
3016
3016
3015
3014
3013
3013
3011
3010
3009
3007
3007
3007
3007
3007
3006
3004
3003
3003
3002
3002
3000
3000
2999
2999
2997
2996
2995
2995
2995
2993
2993
2991
2991
2990
2990
2990
2989
2989
2987
2984
2984
2981
2981
2980
2979
2979
2974
2973
2972
2970
2970
2969
2969
2969
2968
2968
2967
2965
2965
2964
2964
2964
2963
2963
2962
2961
2960
2960
2960
2960
2959
2959
2958
2957
2957
2957
2957
2956
2954
2953
2952
2950
2948
2948
2948
2947
2946
2943
2943
2942
2942
2941
2940
2938
2937
2935
2933
2932
2931
2930
2930
2929
2929
2927
2926
2925
2924
2923
2921
2921
2920
2920
2919
2919
2918
2918
2916
2916
2916
2915
2915
2912
2912
2911
2911
2908
2908
2907
2907
2905
2905
2904
2903
2901
2901
2900
2899
2895
2894
2894
2893
2892
2891
2890
2890
2889
2888
2888
2888
2887
2886
2886
2884
2883
2882
2881
2880
2880
2879
2878
2877
2875
2875
2874
2873
2872
2872
2870
2870
2870
2869
2867
2867
2866
2865
2861
2859
2859
2858
2857
2856
2856
2853
2852
2851
2850
2849
2848
2847
2846
2846
2844
2837
2837
2836
2833
2833
2832
2832
2831
2831
2830
2829
2827
2827
2827
2825
2822
2820
2819
2818
2818
2818
2818
2818
2818
2817
2811
2811
2809
2808
2808
2805
2805
2804
2803
2802
2802
2802
2802
2802
2801
2801
2801
2801
2800
2798
2797
2797
2796
2795
2794
2792
2789
2787
2787
2787
2786
2786
2786
2786
2781
2778
2777
2777
2775
2775
2775
2774
2774
2773
2771
2770
2769
2769
2768
2768
2765
2765
2764
2764
2764
2763
2763
2759
2757
2757
2757
2757
2755
2755
2754
2750
2749
2748
2747
2746
2744
2743
2743
2742
2742
2738
2737
2737
2736
2733
2732
2729
2729
2726
2726
2725
2723
2721
2721
2721
2720
2719
2719
2719
2718
2716
2716
2714
2713
2711
2711
2711
2710
2710
2709
2708
2707
2706
2705
2705
2705
2704
2704
2704
2703
2701
2700
2697
2695
2694
2693
2690
2690
2687
2687
2687
2686
2686
2686
2685
2683
2683
2682
2681
2680
2678
2678
2677
2676
2676
2676
2675
2673
2671
2671
2670
2669
2669
2667
2667
2666
2665
2665
2663
2660
2659
2659
2657
2657
2656
2656
2654
2654
2646
2646
2645
2644
2644
2643
2642
2642
2638
2638
2637
2636
2634
2634
2631
2629
2626
2624
2623
2622
2622
2621
2621
2617
2617
2615
2615
2614
2613
2613
2612
2612
2612
2609
2609
2609
2608
2608
2605
2604
2604
2601
2601
2600
2600
2598
2595
2594
2594
2594
2593
2592
2591
2591
2589
2586
2585
2581
2580
2580
2580
2580
2579
2578
2577
2576
2575
2574
2572
2570
2570
2568
2568
2568
2566
2566
2566
2564
2564
2562
2561
2561
2560
2559
2559
2559
2558
2553
2552
2550
2549
2546
2545
2544
2543
2537
2537
2537
2536
2536
2536
2536
2536
2535
2535
2534
2532
2532
2531
2531
2530
2527
2526
2525
2525
2525
2524
2523
2521
2518
2517
2516
2516
2513
2510
2510
2510
2509
2509
2508
2508
2508
2507
2505
2501
2501
2499
2498
2498
2497
2497
2497
2496
2495
2495
2493
2490
2490
2490
2490
2490
2488
2488
2486
2485
2484
2481
2479
2479
2478
2477
2477
2476
2476
2475
2475
2473
2472
2471
2469
2469
2468
2467
2467
2466
2464
2463
2461
2461
2459
2458
2458
2457
2457
2456
2454
2453
2453
2452
2452
2449
2448
2447
2447
2447
2445
2443
2442
2441
2441
2439
2438
2437
2437
2436
2435
2435
2435
2435
2434
2433
2433
2433
2432
2431
2429
2428
2428
2427
2426
2424
2423
2421
2421
2420
2419
2418
2418
2416
2416
2415
2413
2412
2411
2410
2410
2408
2406
2405
2405
2404
2400
2398
2397
2397
2393
2393
2392
2392
2392
2391
2388
2388
2384
2384
2383
2382
2381
2381
2381
2378
2377
2375
2370
2368
2367
2366
2366
2365
2365
2364
2364
2363
2361
2361
2359
2358
2357
2357
2356
2356
2356
2355
2354
2354
2354
2351
2350
2350
2349
2349
2348
2345
2344
2343
2342
2342
2339
2339
2339
2339
2339
2338
2337
2337
2336
2336
2334
2332
2332
2330
2329
2326
2325
2323
2323
2322
2322
2322
2320
2319
2318
2317
2315
2314
2311
2309
2307
2306
2304
2304
2304
2303
2302
2301
2300
2299
2298
2298
2298
2298
2298
2298
2297
2297
2297
2296
2296
2295
2294
2293
2291
2290
2290
2289
2289
2287
2285
2284
2281
2280
2279
2278
2278
2277
2277
2277
2277
2276
2276
2276
2275
2275
2273
2272
2272
2271
2268
2265
2264
2264
2264
2262
2261
2261
2261
2258
2258
2257
2257
2256
2255
2255
2254
2253
2252
2252
2252
2249
2248
2247
2247
2243
2243
2242
2242
2242
2241
2241
2241
2241
2240
2240
2239
2238
2237
2237
2236
2236
2235
2232
2231
2230
2229
2229
2228
2228
2228
2227
2227
2226
2226
2226
2224
2223
2217
2216
2215
2212
2212
2211
2211
2207
2207
2206
2206
2204
2203
2203
2203
2202
2201
2200
2197
2196
2196
2195
2195
2194
2194
2193
2193
2193
2187
2186
2185
2185
2184
2182
2182
2180
2180
2180
2179
2177
2176
2176
2175
2175
2173
2172
2170
2169
2169
2167
2164
2164
2161
2161
2160
2160
2159
2157
2156
2155
2154
2153
2151
2150
2150
2149
2147
2146
2146
2146
2145
2145
2144
2141
2140
2139
2136
2136
2135
2133
2133
2133
2132
2132
2132
2131
2130
2130
2130
2129
2126
2125
2125
2122
2121
2121
2120
2120
2120
2120
2118
2116
2116
2114
2112
2110
2109
2109
2108
2108
2108
2104
2103
2103
2102
2100
2100
2099
2099
2098
2096
2095
2095
2095
2094
2094
2094
2093
2091
2090
2086
2085
2083
2082
2081
2081
2078
2077
2075
2074
2071
2069
2069
2069
2069
2067
2067
2066
2066
2065
2064
2064
2063
2062
2061
2059
2057
2057
2056
2055
2054
2054
2053
2053
2053
2051
2050
2049
2048
2046
2043
2041
2040
2039
2039
2037
2035
2034
2033
2032
2031
2028
2028
2028
2025
2021
2016
2016
2015
2011
2011
2010
2007
2006
2004
2003
2003
2002
2001
2001
2001
2000
2000
1999
1997
1997
1997
1996
1996
1995
1994
1993
1993
1992
1990
1989
1988
1987
1987
1984
1984
1983
1982
1982
1980
1979
1977
1977
1976
1976
1974
1973
1973
1972
1969
1969
1968
1966
1966
1962
1962
1961
1960
1959
1958
1957
1957
1955
1955
1954
1952
1950
1949
1949
1948
1948
1945
1944
1942
1941
1941
1940
1940
1939
1937
1936
1936
1935
1933
1931
1931
1930
1930
1929
1929
1926
1924
1923
1923
1922
1921
1920
1919
1919
1918
1918
1916
1916
1915
1915
1913
1912
1909
1909
1908
1906
1906
1906
1905
1905
1905
1905
1904
1903
1903
1902
1901
1901
1900
1898
1898
1896
1896
1895
1895
1894
1892
1889
1889
1888
1888
1886
1885
1883
1883
1882
1881
1881
1880
1880
1880
1878
1877
1877
1877
1876
1876
1873
1872
1872
1872
1869
1869
1868
1868
1867
1867
1867
1864
1862
1862
1861
1858
1858
1855
1854
1853
1852
1852
1850
1850
1849
1849
1848
1848
1848
1847
1847
1842
1842
1840
1839
1836
1836
1836
1835
1834
1833
1831
1831
1829
1829
1829
1827
1825
1824
1824
1823
1823
1823
1822
1820
1818
1818
1817
1817
1816
1815
1815
1813
1812
1811
1810
1809
1809
1808
1808
1808
1805
1803
1803
1803
1802
1799
1799
1798
1795
1795
1793
1792
1791
1787
1786
1785
1785
1785
1784
1784
1783
1782
1782
1775
1774
1773
1773
1773
1771
1771
1770
1769
1768
1767
1765
1763
1763
1761
1760
1760
1758
1758
1758
1757
1756
1756
1754
1753
1753
1752
1750
1748
1747
1746
1746
1745
1742
1741
1741
1740
1739
1738
1737
1737
1737
1735
1732
1732
1732
1731
1730
1730
1729
1729
1728
1727
1724
1722
1722
1720
1718
1718
1715
1710
1708
1708
1707
1706
1706
1705
1702
1699
1699
1698
1697
1695
1693
1693
1691
1689
1689
1689
1687
1687
1685
1683
1683
1683
1680
1680
1680
1680
1680
1680
1677
1676
1676
1675
1675
1671
1669
1669
1669
1669
1669
1665
1665
1664
1664
1664
1664
1663
1661
1661
1658
1658
1656
1656
1654
1651
1648
1647
1646
1646
1646
1645
1643
1643
1641
1640
1638
1637
1637
1634
1633
1631
1631
1630
1630
1628
1628
1628
1627
1627
1626
1625
1623
1622
1621
1620
1620
1620
1619
1618
1618
1617
1616
1614
1612
1612
1611
1611
1610
1609
1607
1607
1606
1605
1605
1605
1605
1605
1603
1602
1601
1599
1598
1598
1597
1595
1595
1591
1591
1590
1589
1587
1587
1586
1586
1585
1584
1583
1583
1583
1582
1581
1580
1580
1580
1578
1577
1575
1574
1572
1570
1570
1567
1567
1566
1566
1564
1564
1563
1561
1561
1559
1559
1558
1555
1555
1553
1552
1552
1552
1551
1549
1549
1547
1547
1546
1546
1545
1544
1542
1542
1541
1541
1539
1538
1538
1537
1534
1534
1532
1532
1530
1529
1527
1526
1525
1525
1525
1522
1522
1521
1521
1521
1521
1521
1521
1520
1519
1519
1517
1516
1514
1514
1514
1514
1513
1512
1510
1510
1509
1509
1507
1506
1506
1505
1504
1503
1498
1497
1496
1495
1495
1494
1492
1489
1485
1485
1485
1485
1484
1484
1484
1482
1482
1480
1479
1479
1478
1477
1476
1476
1475
1475
1475
1475
1474
1474
1474
1473
1473
1468
1467
1463
1462
1461
1459
1458
1458
1457
1457
1457
1457
1457
1456
1456
1455
1453
1453
1451
1451
1450
1449
1448
1448
1447
1447
1447
1447
1444
1443
1442
1441
1439
1438
1438
1437
1434
1433
1432
1431
1428
1427
1423
1423
1422
1418
1415
1415
1414
1413
1412
1412
1412
1411
1411
1408
1408
1405
1400
1400
1400
1399
1399
1398
1398
1396
1396
1396
1394
1394
1394
1393
1393
1393
1393
1392
1392
1392
1389
1389
1387
1386
1385
1384
1382
1382
1382
1382
1380
1379
1378
1378
1376
1376
1375
1373
1371
1371
1370
1368
1368
1363
1363
1362
1362
1361
1359
1358
1358
1353
1353
1352
1347
1347
1346
1346
1345
1344
1343
1343
1342
1342
1340
1340
1339
1338
1338
1337
1337
1337
1337
1336
1334
1332
1329
1328
1328
1327
1327
1327
1326
1326
1324
1324
1322
1321
1319
1318
1317
1316
1316
1315
1315
1314
1314
1314
1313
1313
1313
1312
1312
1311
1311
1310
1307
1306
1306
1303
1301
1301
1300
1300
1300
1300
1298
1297
1297
1296
1296
1295
1292
1292
1291
1291
1291
1290
1290
1289
1288
1288
1288
1288
1288
1287
1287
1283
1282
1279
1279
1279
1279
1279
1278
1276
1275
1272
1272
1272
1269
1268
1268
1267
1266
1266
1265
1264
1258
1257
1256
1256
1256
1255
1255
1255
1254
1254
1253
1252
1251
1249
1249
1248
1245
1243
1243
1242
1241
1240
1239
1239
1239
1237
1236
1235
1235
1233
1232
1232
1232
1232
1231
1231
1230
1225
1224
1224
1223
1223
1223
1222
1220
1220
1219
1219
1218
1218
1217
1217
1217
1215
1213
1212
1211
1208
1205
1204
1203
1202
1202
1201
1200
1199
1188
1188
1187
1186
1185
1184
1184
1183
1181
1181
1180
1180
1178
1176
1173
1172
1170
1169
1169
1166
1164
1164
1163
1163
1162
1161
1159
1159
1158
1156
1155
1154
1152
1150
1150
1148
1147
1145
1141
1141
1140
1139
1138
1138
1138
1138
1136
1135
1135
1134
1133
1133
1133
1131
1130
1130
1129
1128
1128
1128
1128
1123
1122
1122
1121
1119
1119
1117
1117
1116
1116
1111
1111
1110
1110
1109
1108
1107
1106
1105
1104
1104
1103
1102
1101
1101
1100
1100
1100
1100
1099
1099
1099
1098
1098
1097
1097
1097
1094
1093
1092
1092
1092
1092
1090
1089
1089
1088
1086
1083
1083
1082
1082
1081
1080
1080
1078
1078
1076
1074
1072
1071
1068
1067
1066
1066
1062
1060
1060
1059
1058
1057
1057
1057
1056
1055
1054
1054
1053
1053
1052
1052
1051
1050
1048
1048
1044
1043
1041
1037
1036
1033
1033
1031
1030
1029
1028
1028
1028
1026
1025
1025
1024
1024
1024
1022
1021
1021
1020
1019
1019
1019
1018
1018
1018
1017
1016
1016
1015
1015
1012
1011
1010
1010
1008
1008
1007
1004
1002
1002
1001
1001
1000
999
999
996
995
995
993
992
992
992
991
990
989
988
987
985
984
983
983
982
982
979
979
978
977
976
973
970
964
962
961
956
955
953
951
947
946
945
944
944
941
941
938
937
936
936
935
935
934
934
932
932
929
928
928
928
926
926
926
925
925
924
924
923
922
918
918
915
915
912
912
909
909
907
906
904
903
903
902
901
899
898
898
897
895
895
894
893
893
889
889
888
887
886
886
886
885
885
881
881
879
877
877
876
874
872
871
870
869
868
868
867
865
865
863
862
862
861
861
861
860
860
859
859
857
856
851
849
846
845
845
845
844
844
844
843
843
840
840
839
839
838
838
838
837
837
837
837
837
837
836
835
835
834
833
831
831
829
829
828
827
827
825
825
823
822
822
818
816
815
814
814
813
812
810
809
808
807
806
804
803
802
802
802
800
799
798
798
798
797
796
796
796
796
795
794
793
793
792
792
791
790
790
789
788
787
787
787
786
786
784
783
783
781
779
779
772
771
771
771
771
770
768
766
766
765
764
763
763
762
762
761
761
760
758
756
753
751
750
748
748
747
746
746
743
743
742
742
739
738
735
734
734
733
731
731
731
730
730
728
727
726
723
722
722
720
718
717
715
714
714
711
710
709
708
707
706
704
703
701
699
699
696
695
693
693
693
692
692
692
691
688
688
688
686
686
685
685
685
684
684
683
683
682
682
682
679
679
677
677
676
676
671
670
669
669
669
668
667
667
664
663
663
662
662
661
660
659
658
657
656
655
654
654
653
653
653
652
652
651
649
648
648
648
647
646
645
644
644
642
641
641
641
641
640
639
638
636
635
634
634
633
631
629
628
627
627
625
624
623
622
622
622
622
621
621
620
620
619
619
618
618
618
617
615
615
614
613
609
608
608
608
606
604
603
599
598
598
597
594
592
592
591
589
589
588
587
587
586
586
584
581
576
576
575
575
574
574
572
569
569
568
567
567
564
561
560
560
559
557
557
556
553
551
550
549
543
543
542
542
540
539
538
538
536
535
535
533
532
532
531
530
530
529
527
526
526
526
525
525
524
523
523
523
521
519
518
518
517
517
517
515
514
513
510
510
509
509
508
505
504
498
495
494
494
493
491
491
491
491
490
490
489
487
486
486
485
485
483
483
483
482
481
480
477
477
474
471
470
469
469
468
468
468
465
465
463
460
456
453
453
452
451
451
450
449
446
443
441
440
439
438
437
436
436
435
435
432
432
431
430
429
428
428
427
426
424
423
421
420
417
416
416
416
415
415
414
414
414
412
411
410
409
407
406
404
404
401
400
399
399
398
398
396
396
394
393
391
391
391
390
389
389
388
388
388
386
385
384
384
381
379
378
377
376
376
375
375
372
370
370
370
369
367
364
363
363
363
363
361
361
358
356
355
354
352
351
351
349
345
345
342
341
341
341
341
340
339
338
338
338
336
334
333
333
333
333
333
333
333
332
330
330
328
326
325
324
322
321
321
319
319
318
317
316
315
313
312
311
310
310
310
309
306
305
305
304
303
303
302
302
299
296
295
295
294
294
293
293
293
291
291
291
290
287
287
284
284
283
283
283
280
279
278
277
277
276
275
274
271
271
271
265
265
264
263
262
261
259
258
255
255
254
253
252
252
251
251
251
250
250
249
247
247
246
246
245
244
243
243
242
241
241
240
239
239
239
238
238
236
231
231
229
227
227
226
226
226
226
225
225
225
221
221
218
218
218
217
215
215
212
212
210
209
209
208
205
202
202
201
201
200
199
198
196
194
191
189
189
188
188
187
186
185
185
184
183
182
179
178
177
177
174
174
172
171
171
170
169
168
167
166
166
165
164
162
161
161
158
158
158
156
155
155
152
151
151
150
150
150
150
148
147
146
146
145
144
144
143
143
142
140
139
139
137
136
131
130
129
128
127
126
125
125
121
120
117
116
116
115
113
112
111
110
110
107
107
106
105
105
104
103
103
102
101
101
100
100
100
99
98
97
95
95
92
90
89
87
87
86
85
85
84
83
82
82
81
80
79
78
76
73
72
72
71
71
70
69
67
67
65
61
60
60
58
55
55
54
54
53
53
50
49
48
47
47
44
44
40
39
38
37
36
36
34
34
33
32
32
29
29
27
26
24
23
22
22
20
19
18
16
16
14
14
14
13
13
13
12
12
12
10
10
9
8
7
5
5
4
3
3
1
1
