9998
9996
9996
9994
9994
9994
9991
9990
9989
9989
9988
9985
9985
9984
9984
9983
9981
9979
9978
9976
9974
9974
9972
9971
9968
9965
9965
9963
9961
9961
9960
9960
9958
9956
9955
9954
9953
9953
9953
9952
9952
9949
9948
9945
9945
9943
9941
9940
9939
9938
9938
9938
9936
9934
9934
9932
9932
9932
9932
9929
9927
9925
9922
9921
9921
9918
9914
9913
9913
9912
9910
9910
9908
9908
9907
9906
9905
9903
9900
9900
9899
9899
9898
9897
9897
9895
9894
9892
9891
9891
9886
9886
9884
9884
9883
9881
9881
9880
9878
9878
9878
9878
9876
9876
9873
9870
9869
9868
9866
9866
9864
9864
9861
9860
9859
9859
9857
9857
9857
9856
9855
9853
9853
9853
9852
9852
9851
9850
9849
9848
9846
9845
9844
9842
9840
9839
9839
9839
9838
9838
9838
9837
9836
9834
9832
9831
9830
9829
9828
9827
9827
9826
9825
9825
9824
9824
9824
9824
9823
9823
9822
9821
9821
9820
9819
9817
9817
9816
9815
9814
9812
9812
9811
9811
9807
9806
9806
9805
9804
9800
9799
9799
9798
9796
9796
9791
9790
9787
9787
9786
9784
9782
9781
9780
9779
9778
9777
9777
9775
9774
9774
9770
9765
9765
9765
9764
9764
9764
9763
9758
9758
9757
9756
9756
9756
9754
9754
9754
9753
9753
9752
9751
9750
9746
9746
9746
9746
9745
9745
9745
9743
9743
9742
9742
9741
9740
9739
9737
9735
9734
9734
9733
9733
9731
9731
9730
9729
9729
9729
9727
9726
9725
9722
9722
9722
9720
9720
9714
9713
9713
9712
9712
9711
9709
9708
9708
9705
9704
9702
9702
9701
9701
9698
9697
9697
9695
9694
9693
9693
9692
9691
9690
9689
9689
9689
9687
9685
9684
9684
9682
9681
9678
9673
9670
9669
9666
9666
9666
9665
9665
9664
9663
9662
9661
9660
9660
9659
9659
9658
9656
9654
9654
9650
9649
9647
9647
9644
9643
9642
9642
9642
9641
9640
9640
9640
9638
9638
9637
9635
9634
9633
9632
9630
9629
9629
9629
9629
9628
9627
9626
9626
9626
9623
9623
9623
9619
9619
9615
9614
9612
9610
9609
9609
9608
9605
9605
9603
9603
9601
9600
9600
9600
9599
9597
9593
9592
9588
9587
9587
9585
9584
9583
9583
9580
9579
9579
9578
9578
9577
9575
9575
9574
9573
9569
9569
9568
9567
9566
9566
9566
9565
9563
9562
9561
9560
9559
9558
9557
9557
9557
9557
9556
9553
9552
9552
9552
9551
9551
9550
9549
9549
9548
9546
9546
9545
9545
9542
9542
9542
9541
9539
9538
9535
9535
9535
9531
9531
9527
9526
9525
9525
9523
9523
9523
9522
9521
9521
9520
9515
9512
9511
9509
9509
9509
9508
9506
9506
9505
9504
9504
9504
9502
9499
9498
9496
9494
9494
9492
9490
9489
9487
9487
9486
9486
9485
9485
9484
9482
9482
9481
9481
9481
9479
9479
9478
9478
9476
9475
9475
9473
9473
9472
9472
9472
9471
9470
9469
9468
9467
9467
9466
9465
9464
9463
9463
9463
9463
9462
9461
9461
9461
9460
9460
9459
9459
9459
9458
9457
9457
9457
9457
9456
9456
9455
9455
9455
9452
9452
9450
9448
9447
9445
9444
9444
9442
9441
9441
9440
9439
9436
9434
9434
9434
9432
9432
9431
9430
9429
9427
9426
9426
9426
9425
9424
9424
9423
9423
9422
9421
9421
9420
9419
9418
9418
9417
9417
9416
9415
9415
9414
9413
9412
9411
9411
9406
9406
9405
9405
9404
9404
9402
9401
9399
9399
9399
9398
9397
9396
9394
9390
9390
9389
9388
9388
9388
9386
9386
9386
9385
9382
9381
9381
9380
9380
9377
9377
9375
9374
9374
9373
9373
9373
9372
9370
9370
9370
9368
9368
9367
9366
9366
9365
9365
9364
9363
9361
9361
9360
9359
9351
9350
9350
9350
9349
9348
9348
9346
9346
9343
9342
9341
9341
9339
9337
9336
9335
9335
9334
9334
9331
9331
9330
9328
9327
9327
9325
9324
9324
9322
9322
9322
9321
9319
9319
9318
9318
9317
9316
9316
9316
9316
9315
9315
9312
9311
9311
9311
9311
9309
9309
9309
9307
9306
9306
9304
9304
9304
9303
9302
9299
9299
9298
9296
9294
9294
9292
9291
9291
9289
9289
9289
9287
9284
9284
9283
9282
9282
9282
9281
9281
9280
9279
9279
9278
9276
9275
9274
9274
9273
9272
9270
9270
9264
9263
9263
9261
9260
9259
9258
9258
9257
9257
9256
9255
9254
9254
9252
9252
9250
9244
9244
9244
9244
9243
9242
9242
9241
9241
9239
9238
9233
9232
9231
9230
9229
9229
9225
9225
9225
9225
9224
9224
9223
9222
9221
9220
9219
9218
9217
9216
9215
9215
9214
9214
9213
9213
9212
9211
9210
9209
9208
9207
9206
9205
9204
9204
9203
9203
9202
9202
9200
9199
9198
9198
9197
9197
9197
9196
9195
9195
9193
9193
9192
9191
9189
9188
9187
9187
9186
9185
9184
9184
9183
9183
9182
9181
9180
9179
9178
9178
9177
9177
9175
9173
9172
9171
9170
9169
9168
9167
9167
9165
9164
9164
9163
9161
9161
9161
9160
9159
9159
9158
9157
9155
9153
9150
9150
9149
9146
9145
9143
9142
9141
9141
9140
9139
9138
9137
9136
9136
9134
9134
9131
9131
9131
9130
9130
9128
9127
9125
9123
9123
9122
9120
9120
9120
9119
9119
9119
9119
9118
9118
9118
9118
9118
9117
9117
9116
9115
9114
9113
9111
9111
9110
9109
9109
9108
9107
9107
9106
9105
9104
9103
9103
9101
9098
9097
9096
9096
9095
9094
9092
9090
9089
9088
9087
9086
9085
9084
9083
9082
9081
9081
9079
9078
9077
9077
9077
9075
9072
9072
9069
9069
9066
9065
9064
9064
9063
9063
9062
9062
9061
9061
9061
9061
9061
9060
9059
9058
9057
9056
9054
9053
9053
9049
9048
9046
9046
9045
9045
9042
9042
9040
9040
9039
9038
9038
9037
9034
9031
9030
9029
9029
9029
9028
9027
9026
9025
9024
9024
9022
9020
9019
9018
9017
9017
9015
9015
9014
9013
9013
9012
9012
9011
9011
9010
9009
9009
9007
9006
9006
9005
9004
9004
9004
9003
9000
8999
8997
8997
8996
8996
8995
8995
8994
8994
8993
8991
8990
8990
8990
8988
8988
8984
8984
8982
8980
8979
8979
8979
8976
8975
8973
8973
8972
8972
8971
8971
8970
8970
8970
8969
8969
8967
8966
8966
8965
8965
8964
8964
8963
8962
8962
8960
8959
8958
8958
8956
8955
8954
8952
8951
8951
8949
8949
8946
8946
8945
8945
8943
8942
8942
8942
8940
8940
8940
8939
8938
8937
8936
8936
8934
8933
8933
8931
8929
8928
8928
8928
8927
8926
8926
8925
8925
8924
8923
8923
8922
8922
8918
8918
8917
8916
8916
8915
8913
8912
8912
8910
8910
8909
8908
8906
8906
8905
8904
8902
8900
8900
8899
8898
8898
8898
8894
8893
8891
8891
8891
8891
8890
8889
8889
8888
8888
8887
8887
8887
8885
8885
8884
8884
8884
8883
8882
8882
8880
8878
8877
8872
8872
8872
8872
8871
8871
8871
8868
8868
8868
8867
8866
8865
8864
8863
8862
8862
8861
8860
8858
8856
8856
8854
8851
8849
8849
8849
8848
8847
8847
8847
8846
8845
8845
8843
8843
8842
8842
8840
8840
8839
8837
8835
8835
8835
8833
8833
8832
8832
8832
8831
8830
8826
8824
8822
8822
8821
8820
8820
8820
8819
8819
8818
8816
8816
8816
8815
8815
8815
8813
8812
8812
8812
8811
8811
8811
8810
8810
8809
8808
8806
8805
8801
8797
8797
8795
8793
8792
8792
8790
8789
8789
8787
8785
8784
8783
8782
8781
8779
8779
8779
8778
8777
8777
8777
8776
8775
8774
8773
8772
8772
8772
8771
8771
8770
8767
8767
8765
8765
8762
8758
8757
8755
8753
8750
8747
8746
8746
8745
8743
8741
8741
8740
8740
8740
8737
8735
8735
8735
8735
8732
8731
8730
8729
8726
8726
8723
8722
8722
8720
8719
8719
8719
8719
8719
8718
8717
8717
8715
8714
8712
8710
8709
8707
8707
8704
8703
8703
8702
8701
8700
8698
8698
8698
8697
8693
8692
8692
8691
8690
8686
8686
8685
8683
8680
8678
8678
8677
8677
8677
8676
8676
8674
8673
8673
8672
8672
8666
8666
8664
8664
8663
8663
8662
8661
8658
8652
8652
8651
8650
8650
8649
8649
8649
8648
8648
8647
8647
8646
8643
8639
8639
8635
8633
8631
8629
8626
8626
8625
8624
8624
8623
8622
8620
8619
8618
8617
8617
8616
8616
8616
8616
8615
8614
8614
8613
8613
8610
8610
8610
8608
8608
8607
8605
8604
8601
8601
8599
8599
8597
8594
8591
8591
8589
8587
8584
8582
8582
8581
8581
8581
8581
8580
8578
8577
8576
8575
8574
8574
8574
8573
8572
8568
8566
8566
8565
8560
8560
8559
8559
8558
8558
8557
8555
8554
8553
8552
8552
8550
8550
8550
8546
8544
8544
8544
8543
8542
8542
8542
8541
8539
8538
8537
8537
8535
8534
8534
8533
8530
8529
8529
8528
8528
8527
8527
8525
8525
8523
8523
8523
8521
8520
8520
8519
8517
8517
8516
8516
8515
8514
8512
8512
8512
8511
8510
8509
8509
8507
8507
8504
8502
8499
8499
8497
8497
8495
8495
8491
8489
8489
8488
8487
8483
8482
8481
8480
8479
8477
8474
8472
8468
8466
8466
8464
8464
8464
8463
8461
8461
8460
8459
8459
8459
8458
8457
8457
8456
8456
8455
8454
8453
8452
8450
8449
8447
8447
8446
8446
8445
8444
8444
8444
8444
8442
8440
8440
8440
8440
8439
8439
8437
8436
8434
8433
8431
8428
8428
8427
8427
8424
8424
8424
8423
8423
8422
8420
8420
8418
8418
8417
8417
8414
8413
8413
8413
8411
8410
8410
8409
8407
8407
8404
8403
8403
8402
8401
8400
8400
8398
8398
8398
8397
8397
8396
8396
8395
8393
8392
8391
8388
8388
8387
8387
8386
8386
8385
8383
8381
8379
8378
8375
8374
8373
8372
8372
8372
8368
8368
8366
8364
8363
8362
8362
8360
8358
8358
8357
8355
8355
8353
8351
8351
8350
8347
8346
8345
8344
8343
8341
8341
8340
8340
8340
8339
8339
8338
8338
8337
8336
8336
8335
8335
8333
8331
8330
8330
8329
8329
8329
8324
8324
8323
8321
8319
8318
8316
8316
8315
8314
8311
8310
8310
8309
8306
8306
8305
8305
8302
8301
8300
8300
8299
8297
8297
8296
8296
8295
8295
8294
8294
8294
8293
8292
8291
8289
8289
8288
8287
8286
8286
8283
8283
8282
8282
8280
8279
8277
8277
8277
8277
8276
8274
8274
8273
8271
8270
8269
8268
8266
8266
8265
8264
8264
8263
8262
8261
8259
8255
8254
8250
8250
8248
8248
8247
8246
8245
8243
8242
8242
8240
8240
8238
8235
8235
8235
8235
8234
8233
8232
8232
8230
8228
8226
8224
8224
8223
8221
8221
8221
8218
8217
8217
8214
8213
8212
8212
8211
8211
8209
8209
8207
8206
8206
8205
8205
8201
8200
8200
8198
8194
8193
8192
8191
8188
8186
8186
8186
8185
8183
8180
8180
8179
8179
8179
8177
8177
8173
8173
8171
8171
8170
8167
8165
8164
8164
8163
8162
8162
8160
8156
8154
8153
8151
8150
8150
8149
8148
8147
8143
8143
8142
8142
8141
8141
8140
8137
8137
8137
8137
8136
8136
8135
8133
8133
8131
8131
8131
8130
8130
8128
8127
8126
8125
8124
8124
8123
8123
8121
8116
8114
8113
8112
8112
8112
8109
8104
8103
8102
8102
8102
8102
8101
8100
8098
8097
8096
8094
8094
8094
8094
8093
8092
8091
8090
8088
8087
8086
8086
8086
8085
8085
8085
8084
8083
8083
8080
8080
8079
8077
8077
8075
8075
8074
8074
8073
8072
8072
8071
8071
8070
8070
8068
8067
8067
8067
8067
8064
8062
8061
8060
8060
8059
8059
8057
8057
8056
8056
8055
8055
8055
8054
8053
8051
8051
8051
8051
8050
8050
8049
8048
8046
8045
8045
8044
8042
8041
8037
8037
8036
8034
8034
8034
8032
8031
8031
8030
8029
8028
8028
8027
8027
8027
8026
8024
8022
8021
8020
8019
8017
8017
8016
8015
8014
8014
8013
8011
8009
8007
8006
8006
8006
8005
8005
8003
8001
8001
7998
7998
7998
7997
7997
7996
7996
7995
7995
7995
7995
7993
7993
7990
7989
7989
7989
7989
7988
7988
7986
7986
7986
7985
7985
7985
7984
7983
7982
7982
7981
7981
7978
7978
7977
7977
7974
7974
7972
7972
7972
7971
7970
7969
7969
7969
7969
7967
7964
7964
7962
7962
7961
7960
7959
7959
7957
7956
7956
7955
7955
7954
7954
7953
7952
7952
7951
7950
7949
7949
7946
7945
7945
7942
7942
7942
7939
7936
7935
7933
7933
7933
7932
7932
7931
7930
7930
7928
7927
7927
7922
7919
7917
7916
7915
7913
7911
7911
7909
7909
7907
7906
7903
7902
7902
7901
7901
7901
7900
7896
7896
7894
7892
7891
7890
7890
7888
7885
7880
7879
7878
7877
7876
7875
7874
7874
7873
7873
7871
7870
7869
7867
7867
7866
7864
7863
7863
7863
7859
7859
7858
7858
7858
7858
7857
7856
7855
7855
7855
7854
7854
7852
7852
7852
7851
7851
7849
7849
7849
7848
7848
7847
7843
7843
7841
7838
7836
7836
7835
7834
7833
7831
7831
7831
7828
7828
7828
7827
7826
7824
7822
7822
7821
7819
7818
7817
7817
7816
7814
7814
7814
7813
7813
7812
7809
7805
7804
7800
7800
7799
7799
7799
7798
7797
7797
7797
7796
7796
7796
7795
7794
7794
7793
7792
7790
7789
7789
7788
7786
7782
7782
7778
7777
7777
7775
7775
7774
7773
7771
7770
7769
7769
7769
7768
7767
7767
7767
7765
7764
7763
7762
7761
7760
7759
7758
7757
7755
7755
7755
7754
7753
7751
7751
7750
7749
7748
7747
7742
7742
7740
7739
7739
7737
7737
7736
7736
7734
7732
7732
7732
7731
7731
7730
7727
7726
7726
7726
7725
7723
7723
7721
7718
7717
7716
7716
7713
7711
7710
7708
7707
7707
7704
7704
7704
7702
7701
7701
7700
7700
7700
7700
7698
7698
7696
7696
7696
7696
7695
7695
7693
7692
7689
7689
7688
7687
7686
7684
7682
7682
7680
7679
7677
7677
7677
7677
7677
7676
7676
7675
7675
7674
7674
7674
7673
7673
7673
7672
7672
7671
7670
7669
7667
7667
7667
7664
7663
7662
7661
7661
7659
7659
7657
7656
7655
7655
7653
7649
7647
7647
7646
7645
7644
7644
7644
7643
7643
7641
7637
7637
7636
7636
7634
7633
7632
7631
7630
7630
7630
7628
7628
7627
7627
7626
7625
7624
7624
7622
7621
7619
7619
7618
7618
7616
7613
7612
7612
7612
7611
7608
7605
7603
7599
7595
7592
7592
7591
7590
7590
7589
7588
7586
7585
7582
7581
7581
7579
7578
7576
7576
7574
7572
7571
7566
7565
7562
7559
7554
7553
7552
7551
7550
7550
7549
7548
7548
7547
7546
7545
7543
7543
7541
7541
7541
7537
7537
7535
7534
7534
7530
7530
7529
7529
7527
7527
7527
7526
7526
7525
7523
7520
7520
7518
7518
7517
7517
7516
7516
7512
7510
7508
7507
7507
7507
7506
7505
7500
7497
7496
7496
7496
7496
7496
7495
7494
7493
7491
7486
7486
7486
7484
7483
7482
7481
7481
7478
7476
7476
7476
7475
7474
7474
7474
7473
7472
7472
7472
7471
7471
7471
7470
7468
7468
7468
7467
7465
7464
7463
7463
7462
7461
7459
7457
7455
7454
7454
7453
7451
7451
7450
7449
7447
7446
7445
7444
7443
7443
7442
7441
7437
7437
7437
7437
7437
7436
7435
7433
7433
7432
7431
7427
7427
7425
7424
7423
7421
7420
7418
7417
7417
7417
7416
7415
7414
7413
7412
7411
7410
7409
7408
7407
7402
7402
7402
7402
7401
7399
7398
7396
7395
7394
7394
7393
7392
7392
7391
7391
7388
7387
7386
7385
7385
7385
7384
7384
7381
7380
7380
7380
7377
7376
7374
7374
7371
7370
7369
7369
7368
7368
7368
7368
7368
7367
7366
7366
7366
7365
7365
7365
7364
7363
7363
7362
7361
7361
7358
7358
7358
7358
7357
7355
7354
7353
7353
7352
7350
7349
7343
7343
7342
7342
7342
7341
7340
7338
7330
7329
7329
7329
7328
7326
7325
7325
7324
7324
7321
7319
7318
7317
7315
7315
7315
7314
7312
7312
7311
7311
7311
7311
7311
7310
7308
7308
7308
7308
7307
7306
7304
7302
7301
7299
7298
7297
7297
7297
7296
7292
7292
7292
7289
7287
7287
7284
7284
7282
7278
7276
7275
7275
7275
7274
7272
7269
7264
7263
7263
7262
7260
7257
7256
7252
7252
7251
7249
7248
7244
7241
7239
7237
7236
7235
7234
7234
7233
7231
7230
7227
7225
7224
7223
7223
7222
7219
7218
7217
7217
7215
7212
7210
7210
7209
7208
7208
7208
7207
7206
7204
7204
7203
7202
7201
7201
7200
7200
7200
7199
7199
7197
7196
7196
7192
7191
7190
7190
7189
7189
7188
7188
7187
7187
7187
7186
7185
7184
7181
7181
7181
7180
7179
7178
7177
7174
7174
7173
7173
7172
7171
7170
7169
7168
7165
7164
7164
7162
7162
7161
7157
7157
7156
7155
7155
7155
7155
7153
7153
7153
7153
7152
7152
7150
7149
7149
7146
7146
7144
7143
7143
7143
7142
7142
7142
7141
7141
7139
7137
7134
7133
7133
7131
7130
7128
7128
7126
7125
7125
7121
7121
7120
7120
7119
7118
7117
7116
7116
7114
7113
7112
7112
7112
7110
7110
7109
7107
7105
7104
7104
7103
7103
7101
7101
7100
7098
7097
7097
7096
7095
7094
7094
7094
7093
7091
7086
7086
7085
7083
7083
7080
7078
7078
7074
7073
7073
7072
7072
7072
7072
7071
7071
7071
7071
7070
7069
7069
7068
7066
7066
7065
7063
7063
7063
7063
7063
7062
7059
7059
7059
7059
7058
7057
7056
7055
7053
7051
7050
7049
7049
7049
7048
7048
7047
7046
7044
7042
7042
7038
7038
7037
7031
7029
7028
7026
7026
7025
7024
7023
7023
7023
7021
7021
7020
7020
7018
7018
7018
7018
7017
7017
7016
7016
7012
7010
7009
7008
7008
7006
7006
7004
7004
7004
7003
7001
7001
7001
7000
7000
7000
7000
6999
6999
6997
6996
6996
6994
6991
6990
6989
6988
6987
6986
6985
6984
6982
6979
6978
6974
6974
6971
6971
6968
6968
6967
6967
6966
6965
6963
6963
6962
6961
6960
6960
6959
6959
6958
6958
6958
6957
6956
6955
6955
6954
6954
6954
6954
6953
6952
6951
6951
6950
6950
6948
6947
6947
6945
6943
6938
6937
6936
6935
6935
6935
6933
6932
6930
6930
6930
6930
6928
6927
6926
6926
6924
6924
6923
6921
6921
6920
6920
6920
6920
6919
6917
6916
6915
6913
6913
6912
6911
6910
6910
6909
6908
6906
6904
6903
6902
6902
6902
6899
6898
6898
6896
6895
6893
6893
6892
6892
6892
6891
6890
6890
6890
6889
6889
6882
6882
6879
6879
6879
6879
6878
6878
6876
6875
6874
6874
6873
6873
6871
6870
6870
6869
6868
6867
6867
6867
6866
6865
6864
6864
6863
6862
6861
6860
6860
6858
6856
6855
6853
6853
6852
6852
6851
6848
6846
6845
6845
6845
6842
6842
6839
6830
6829
6829
6829
6828
6828
6828
6826
6826
6824
6823
6823
6822
6821
6820
6820
6820
6816
6814
6814
6813
6813
6813
6811
6809
6808
6806
6805
6805
6804
6804
6802
6802
6801
6799
6799
6799
6798
6795
6795
6794
6794
6792
6792
6792
6791
6790
6790
6790
6789
6789
6789
6788
6788
6785
6782
6779
6779
6776
6775
6774
6774
6769
6766
6766
6764
6763
6763
6763
6761
6759
6758
6758
6757
6755
6755
6754
6754
6752
6752
6750
6749
6749
6749
6747
6743
6738
6737
6736
6734
6734
6734
6733
6729
6728
6727
6723
6721
6719
6719
6718
6716
6715
6715
6713
6710
6709
6708
6706
6705
6705
6702
6701
6700
6698
6696
6694
6692
6691
6691
6691
6689
6689
6689
6689
6688
6688
6688
6687
6687
6685
6684
6682
6680
6680
6679
6679
6679
6678
6676
6676
6675
6673
6673
6671
6670
6669
6668
6666
6665
6664
6664
6664
6663
6663
6663
6662
6658
6657
6657
6656
6656
6656
6654
6654
6650
6649
6648
6648
6646
6646
6645
6645
6644
6644
6643
6639
6637
6636
6634
6630
6629
6627
6627
6626
6625
6624
6620
6620
6620
6619
6616
6611
6611
6610
6608
6606
6604
6603
6600
6600
6599
6596
6595
6594
6594
6593
6592
6590
6589
6589
6589
6589
6587
6587
6586
6586
6586
6585
6583
6581
6581
6580
6579
6576
6576
6574
6572
6570
6570
6570
6570
6569
6568
6566
6566
6566
6566
6565
6563
6563
6563
6562
6562
6560
6559
6558
6557
6556
6553
6552
6552
6547
6546
6545
6544
6544
6543
6542
6541
6540
6538
6537
6536
6536
6535
6534
6533
6533
6532
6532
6532
6532
6531
6530
6530
6530
6529
6529
6528
6527
6527
6527
6526
6526
6521
6521
6516
6515
6515
6515
6515
6514
6514
6514
6513
6513
6512
6512
6511
6511
6511
6509
6509
6506
6506
6506
6503
6502
6499
6499
6499
6498
6495
6495
6494
6493
6493
6492
6492
6490
6488
6487
6487
6487
6486
6483
6482
6481
6480
6480
6479
6478
6476
6476
6475
6474
6474
6473
6472
6471
6470
6470
6469
6469
6468
6467
6466
6466
6465
6463
6463
6462
6461
6460
6460
6458
6455
6455
6454
6453
6450
6450
6449
6449
6448
6448
6447
6445
6445
6444
6443
6443
6442
6439
6439
6439
6439
6439
6436
6436
6435
6435
6434
6434
6433
6433
6432
6432
6431
6431
6429
6428
6427
6427
6426
6425
6425
6422
6422
6421
6420
6420
6420
6419
6418
6416
6416
6414
6414
6414
6414
6413
6412
6411
6410
6410
6408
6406
6405
6405
6404
6404
6403
6403
6402
6402
6400
6400
6400
6399
6398
6396
6396
6395
6393
6393
6392
6392
6391
6391
6389
6389
6389
6389
6385
6384
6383
6381
6381
6380
6378
6377
6377
6377
6375
6375
6374
6372
6370
6368
6364
6362
6361
6360
6359
6358
6357
6356
6356
6356
6354
6354
6353
6352
6352
6351
6349
6346
6343
6343
6341
6341
6339
6339
6338
6338
6337
6336
6335
6334
6334
6332
6332
6332
6330
6329
6329
6329
6328
6328
6327
6327
6325
6321
6321
6316
6316
6316
6315
6314
6314
6313
6313
6312
6310
6309
6309
6308
6307
6307
6305
6304
6304
6304
6304
6303
6303
6299
6299
6299
6297
6296
6296
6296
6295
6292
6290
6288
6288
6288
6288
6287
6286
6286
6286
6285
6285
6284
6282
6282
6280
6280
6276
6276
6275
6275
6273
6271
6270
6268
6268
6267
6267
6266
6266
6262
6262
6262
6261
6261
6260
6260
6258
6257
6256
6253
6252
6252
6252
6251
6250
6250
6246
6246
6246
6246
6245
6244
6242
6241
6241
6240
6239
6238
6238
6237
6236
6235
6234
6233
6233
6231
6231
6230
6228
6227
6227
6227
6225
6224
6224
6224
6224
6224
6223
6221
6218
6218
6218
6217
6217
6217
6216
6216
6211
6210
6210
6210
6209
6209
6209
6209
6209
6209
6205
6205
6204
6203
6203
6202
6202
6202
6202
6202
6201
6200
6196
6196
6195
6194
6194
6194
6192
6192
6190
6190
6189
6188
6183
6183
6183
6183
6182
6181
6180
6179
6179
6179
6178
6178
6177
6175
6172
6172
6172
6171
6170
6169
6165
6164
6163
6160
6159
6159
6158
6158
6157
6157
6156
6156
6154
6153
6152
6151
6150
6150
6148
6147
6147
6147
6146
6145
6144
6143
6143
6141
6141
6140
6137
6135
6135
6135
6134
6133
6133
6131
6130
6130
6128
6127
6124
6124
6123
6121
6121
6120
6119
6117
6116
6116
6115
6115
6115
6115
6115
6112
6112
6111
6111
6111
6110
6109
6108
6107
6106
6105
6105
6103
6102
6101
6100
6099
6097
6097
6096
6094
6094
6091
6088
6088
6086
6086
6081
6078
6078
6077
6076
6076
6076
6076
6075
6074
6073
6070
6068
6068
6067
6067
6067
6067
6066
6065
6064
6063
6062
6061
6061
6061
6061
6060
6056
6055
6055
6055
6055
6052
6052
6052
6052
6050
6048
6047
6045
6043
6042
6042
6042
6040
6039
6038
6036
6036
6035
6035
6033
6030
6029
6025
6023
6023
6023
6022
6020
6020
6019
6018
6018
6018
6017
6014
6013
6012
6011
6010
6010
6009
6008
6008
6007
6007
6006
6004
6004
6002
6001
6000
6000
5999
5996
5995
5995
5994
5992
5990
5990
5989
5989
5984
5984
5982
5982
5982
5982
5980
5978
5978
5978
5977
5976
5976
5974
5974
5973
5971
5971
5970
5969
5967
5966
5966
5965
5964
5963
5959
5956
5954
5950
5950
5949
5949
5949
5947
5947
5947
5946
5946
5946
5945
5944
5944
5943
5943
5943
5942
5941
5940
5938
5935
5934
5934
5934
5933
5931
5930
5930
5929
5928
5927
5927
5927
5925
5924
5924
5924
5924
5922
5920
5920
5920
5919
5919
5918
5916
5915
5913
5913
5911
5910
5908
5905
5905
5904
5904
5903
5902
5902
5902
5901
5901
5899
5899
5898
5897
5894
5892
5891
5890
5889
5888
5887
5886
5886
5885
5884
5883
5883
5882
5881
5881
5881
5880
5879
5876
5875
5875
5875
5874
5874
5874
5872
5871
5871
5869
5869
5869
5869
5868
5862
5860
5858
5858
5857
5855
5854
5852
5851
5851
5851
5850
5848
5845
5845
5845
5845
5843
5842
5842
5842
5840
5840
5839
5838
5834
5833
5832
5832
5830
5830
5830
5829
5828
5827
5827
5826
5823
5823
5823
5823
5821
5820
5820
5819
5816
5816
5813
5809
5809
5809
5809
5809
5808
5807
5807
5806
5806
5805
5804
5804
5803
5802
5801
5800
5800
5800
5799
5798
5798
5796
5795
5795
5793
5793
5793
5792
5791
5790
5790
5789
5789
5788
5788
5787
5785
5784
5784
5783
5783
5782
5781
5779
5779
5779
5779
5778
5776
5775
5775
5774
5774
5773
5772
5768
5768
5768
5765
5764
5764
5764
5763
5763
5762
5762
5762
5760
5758
5757
5755
5755
5755
5754
5751
5750
5750
5750
5748
5747
5746
5746
5746
5746
5744
5744
5743
5743
5742
5742
5741
5740
5740
5739
5735
5735
5735
5733
5733
5732
5732
5731
5731
5731
5730
5729
5729
5727
5726
5725
5725
5723
5723
5722
5722
5719
5717
5716
5715
5715
5713
5712
5712
5710
5710
5710
5709
5705
5703
5703
5702
5701
5700
5699
5698
5696
5696
5695
5695
5694
5694
5692
5688
5688
5686
5686
5683
5683
5682
5679
5679
5679
5678
5676
5676
5675
5672
5671
5670
5667
5667
5667
5666
5666
5666
5666
5664
5664
5662
5659
5658
5657
5654
5653
5653
5653
5652
5649
5647
5645
5644
5644
5644
5644
5643
5643
5642
5642
5641
5640
5640
5639
5638
5638
5636
5636
5635
5632
5631
5630
5628
5627
5627
5626
5626
5626
5626
5624
5622
5621
5621
5619
5619
5619
5618
5618
5617
5616
5616
5615
5614
5613
5612
5612
5610
5610
5609
5608
5607
5607
5606
5606
5606
5606
5605
5605
5605
5603
5602
5602
5601
5600
5599
5598
5598
5597
5597
5596
5595
5594
5594
5593
5593
5592
5591
5591
5591
5591
5589
5589
5588
5588
5588
5587
5583
5582
5580
5578
5578
5576
5572
5572
5570
5570
5569
5569
5566
5564
5557
5557
5554
5554
5551
5551
5551
5548
5548
5547
5547
5546
5545
5545
5543
5540
5539
5537
5536
5535
5535
5535
5535
5534
5533
5533
5533
5532
5531
5530
5529
5528
5526
5525
5525
5523
5523
5523
5523
5523
5523
5522
5522
5521
5521
5519
5519
5517
5515
5515
5514
5513
5513
5513
5511
5507
5507
5507
5506
5503
5501
5501
5500
5500
5498
5498
5497
5497
5496
5496
5496
5496
5495
5494
5494
5493
5493
5492
5491
5491
5491
5488
5487
5486
5484
5481
5481
5478
5478
5477
5477
5476
5473
5472
5469
5468
5467
5467
5467
5466
5466
5466
5464
5464
5464
5463
5462
5460
5459
5459
5459
5458
5457
5457
5455
5455
5453
5452
5452
5451
5450
5449
5448
5448
5447
5447
5447
5447
5446
5446
5446
5446
5445
5445
5444
5444
5443
5443
5442
5441
5441
5441
5441
5440
5440
5439
5439
5439
5437
5436
5435
5435
5435
5434
5432
5431
5425
5425
5424
5422
5420
5419
5418
5417
5416
5415
5414
5413
5412
5411
5409
5408
5408
5407
5407
5406
5405
5405
5404
5404
5404
5403
5403
5402
5402
5402
5400
5400
5400
5400
5396
5394
5393
5393
5393
5393
5392
5392
5392
5390
5388
5387
5387
5384
5384
5382
5379
5378
5378
5378
5375
5373
5372
5372
5372
5371
5371
5370
5369
5369
5368
5363
5363
5362
5360
5359
5358
5358
5357
5355
5355
5355
5355
5353
5353
5351
5351
5351
5350
5350
5349
5349
5349
5347
5346
5346
5344
5344
5343
5343
5343
5341
5341
5338
5338
5337
5335
5334
5333
5332
5332
5331
5331
5330
5329
5328
5327
5324
5323
5323
5323
5321
5321
5321
5321
5319
5319
5318
5318
5317
5317
5317
5317
5315
5315
5313
5313
5313
5313
5312
5311
5311
5309
5309
5309
5309
5308
5306
5306
5305
5305
5304
5304
5303
5302
5301
5298
5297
5296
5296
5295
5294
5294
5293
5290
5288
5288
5287
5286
5286
5286
5285
5284
5284
5283
5283
5282
5281
5281
5280
5280
5278
5277
5277
5276
5276
5276
5274
5274
5273
5272
5271
5271
5270
5270
5267
5267
5267
5266
5265
5264
5264
5264
5263
5262
5262
5260
5260
5259
5258
5258
5256
5256
5255
5254
5254
5254
5253
5253
5253
5249
5249
5247
5247
5245
5245
5244
5244
5243
5241
5239
5236
5235
5234
5234
5233
5232
5232
5232
5231
5230
5230
5228
5228
5227
5221
5220
5219
5218
5216
5215
5215
5212
5211
5211
5208
5208
5208
5206
5202
5200
5200
5199
5199
5198
5197
5197
5197
5191
5191
5191
5187
5183
5182
5181
5178
5177
5176
5174
5173
5169
5166
5164
5163
5163
5163
5161
5160
5160
5159
5159
5156
5156
5156
5155
5155
5154
5153
5152
5151
5150
5149
5146
5146
5145
5145
5143
5142
5140
5139
5135
5132
5128
5128
5128
5127
5123
5122
5121
5120
5119
5119
5118
5116
5116
5114
5113
5112
5110
5110
5109
5106
5104
5102
5102
5102
5101
5100
5100
5099
5098
5098
5097
5096
5096
5089
5089
5088
5088
5087
5087
5087
5083
5081
5074
5073
5072
5070
5069
5069
5066
5066
5066
5065
5064
5063
5063
5063
5062
5062
5061
5061
5060
5058
5056
5055
5053
5052
5052
5052
5050
5049
5049
5048
5048
5047
5046
5045
5044
5044
5042
5042
5041
5041
5040
5038
5037
5036
5036
5035
5035
5034
5033
5032
5030
5030
5029
5028
5026
5025
5024
5021
5020
5019
5019
5018
5018
5017
5017
5016
5015
5015
5014
5013
5013
5012
5012
5012
5012
5011
5010
5010
5009
5009
5008
5007
5007
5007
5006
5005
5004
5004
5003
5003
5003
5001
5001
5001
4999
4998
4994
4993
4992
4991
4990
4989
4989
4989
4988
4988
4988
4987
4987
4986
4986
4985
4983
4983
4981
4980
4980
4979
4978
4973
4973
4972
4970
4969
4969
4968
4967
4966
4960
4959
4958
4957
4957
4957
4955
4952
4952
4951
4949
4949
4947
4946
4945
4945
4944
4942
4940
4940
4939
4939
4938
4938
4937
4936
4934
4934
4931
4931
4931
4930
4929
4926
4926
4924
4924
4920
4920
4919
4919
4918
4918
4918
4918
4917
4914
4913
4912
4910
4910
4910
4909
4908
4908
4907
4906
4906
4903
4900
4900
4898
4896
4893
4892
4891
4891
4890
4890
4889
4889
4889
4887
4884
4882
4880
4877
4877
4876
4875
4874
4872
4871
4870
4869
4863
4862
4860
4859
4859
4857
4857
4856
4855
4855
4854
4853
4853
4852
4847
4847
4846
4846
4846
4845
4844
4843
4843
4842
4838
4837
4837
4837
4836
4835
4835
4834
4833
4831
4831
4831
4829
4826
4826
4824
4823
4822
4821
4820
4818
4818
4818
4817
4817
4815
4815
4814
4814
4812
4808
4808
4804
4803
4803
4802
4800
4800
4799
4799
4798
4797
4795
4789
4788
4787
4786
4785
4784
4783
4783
4783
4781
4778
4777
4774
4772
4771
4771
4768
4765
4765
4763
4762
4761
4759
4756
4756
4755
4755
4755
4755
4753
4752
4751
4751
4749
4749
4746
4745
4744
4742
4740
4740
4738
4737
4737
4735
4730
4730
4729
4729
4729
4728
4726
4726
4723
4723
4723
4722
4721
4720
4719
4718
4718
4717
4717
4715
4714
4713
4712
4712
4712
4712
4711
4709
4709
4708
4708
4705
4700
4699
4699
4698
4698
4697
4697
4696
4696
4696
4695
4695
4694
4694
4693
4692
4692
4691
4691
4691
4690
4689
4688
4687
4680
4679
4679
4677
4675
4675
4675
4674
4673
4670
4669
4668
4668
4667
4666
4666
4665
4663
4663
4662
4661
4660
4660
4660
4659
4659
4659
4658
4658
4657
4654
4654
4651
4651
4649
4648
4647
4647
4647
4646
4646
4642
4641
4640
4639
4638
4638
4638
4636
4633
4632
4628
4626
4626
4626
4626
4625
4625
4624
4624
4623
4622
4621
4620
4619
4617
4617
4615
4614
4614
4613
4613
4612
4612
4608
4606
4605
4604
4604
4603
4603
4602
4602
4599
4599
4597
4597
4595
4595
4595
4594
4593
4592
4591
4590
4586
4585
4585
4584
4584
4584
4578
4578
4578
4577
4576
4576
4576
4575
4574
4572
4571
4571
4569
4567
4567
4567
4566
4566
4565
4564
4563
4562
4561
4559
4559
4558
4558
4558
4558
4555
4553
4552
4551
4550
4547
4547
4544
4542
4542
4542
4540
4539
4538
4538
4535
4534
4533
4533
4531
4531
4530
4525
4524
4524
4524
4524
4521
4520
4520
4520
4519
4517
4517
4516
4515
4514
4512
4512
4509
4509
4508
4508
4506
4505
4505
4505
4504
4504
4503
4503
4502
4501
4500
4499
4499
4497
4497
4496
4496
4496
4494
4493
4486
4482
4482
4481
4480
4480
4480
4479
4478
4476
4476
4475
4473
4473
4471
4468
4466
4466
4465
4464
4463
4463
4463
4460
4458
4457
4456
4454
4454
4452
4451
4450
4450
4449
4447
4447
4445
4445
4444
4444
4443
4443
4443
4440
4439
4438
4438
4437
4437
4437
4437
4434
4432
4431
4428
4427
4426
4426
4426
4424
4423
4422
4421
4420
4420
4419
4418
4414
4413
4411
4411
4410
4409
4408
4408
4407
4406
4405
4404
4402
4401
4401
4400
4399
4398
4397
4396
4395
4393
4393
4391
4390
4389
4389
4389
4388
4388
4384
4383
4383
4383
4382
4381
4379
4379
4376
4375
4375
4374
4370
4370
4370
4369
4368
4368
4368
4367
4366
4366
4363
4363
4361
4359
4358
4358
4358
4357
4356
4353
4353
4351
4350
4349
4349
4347
4344
4343
4343
4343
4341
4339
4339
4337
4337
4336
4335
4334
4334
4333
4333
4332
4331
4330
4330
4329
4328
4327
4326
4324
4323
4323
4321
4320
4318
4318
4316
4316
4312
4312
4312
4312
4311
4311
4311
4310
4310
4307
4304
4304
4302
4301
4300
4298
4297
4297
4297
4296
4296
4296
4295
4294
4292
4292
4290
4287
4286
4285
4284
4283
4283
4282
4279
4277
4276
4275
4275
4273
4271
4268
4267
4265
4263
4262
4260
4259
4256
4256
4254
4254
4253
4253
4251
4251
4251
4250
4247
4247
4245
4244
4242
4241
4240
4239
4239
4238
4238
4237
4236
4235
4235
4234
4234
4233
4231
4231
4231
4230
4230
4230
4230
4224
4224
4224
4224
4224
4223
4222
4222
4220
4219
4219
4218
4217
4216
4215
4212
4212
4210
4209
4208
4207
4205
4204
4201
4200
4200
4200
4199
4199
4196
4195
4194
4192
4191
4191
4190
4190
4189
4188
4187
4186
4184
4184
4183
4181
4181
4181
4180
4180
4180
4176
4176
4175
4175
4174
4173
4172
4170
4170
4169
4169
4168
4168
4166
4166
4166
4165
4164
4162
4161
4161
4160
4155
4154
4153
4151
4150
4148
4148
4147
4146
4146
4144
4143
4142
4142
4142
4140
4139
4139
4139
4139
4137
4137
4133
4132
4132
4132
4131
4128
4128
4127
4123
4123
4123
4122
4120
4119
4118
4118
4117
4115
4114
4114
4114
4114
4113
4113
4111
4111
4109
4109
4107
4107
4106
4105
4104
4102
4102
4102
4102
4101
4100
4098
4096
4095
4095
4095
4095
4095
4095
4094
4092
4092
4091
4090
4088
4088
4086
4086
4086
4085
4083
4083
4083
4083
4082
4081
4079
4078
4076
4073
4073
4072
4069
4069
4069
4068
4066
4065
4061
4061
4058
4056
4056
4056
4055
4052
4052
4050
4050
4049
4047
4046
4046
4039
4038
4037
4036
4035
4034
4033
4032
4031
4030
4029
4029
4027
4026
4025
4025
4024
4022
4020
4018
4017
4017
4016
4016
4016
4015
4014
4013
4012
4010
4010
4009
4007
4007
4006
4006
4006
4003
4003
4003
4002
4002
4002
4002
4001
4000
4000
4000
3998
3997
3996
3995
3995
3995
3994
3994
3993
3993
3993
3992
3992
3990
3986
3984
3982
3982
3980
3979
3978
3977
3975
3975
3975
3973
3972
3972
3970
3966
3966
3965
3964
3962
3961
3956
3956
3955
3955
3954
3952
3951
3951
3950
3950
3949
3947
3946
3942
3940
3940
3939
3938
3938
3935
3934
3934
3934
3932
3932
3932
3931
3930
3924
3922
3920
3919
3918
3918
3917
3915
3914
3914
3914
3913
3912
3912
3911
3909
3908
3906
3905
3904
3904
3903
3903
3900
3900
3898
3893
3890
3890
3890
3888
3887
3887
3885
3884
3884
3883
3881
3880
3878
3877
3877
3872
3871
3871
3870
3869
3869
3868
3865
3863
3863
3862
3861
3861
3861
3860
3859
3859
3858
3857
3856
3856
3856
3854
3854
3853
3853
3853
3851
3851
3850
3849
3848
3848
3847
3846
3844
3844
3843
3843
3841
3841
3841
3838
3837
3836
3834
3833
3833
3833
3833
3832
3831
3831
3830
3830
3828
3827
3826
3823
3823
3822
3822
3818
3818
3818
3818
3818
3817
3817
3816
3815
3812
3811
3808
3808
3808
3807
3806
3805
3803
3803
3802
3801
3799
3797
3797
3797
3797
3797
3797
3796
3796
3794
3794
3794
3793
3790
3790
3789
3787
3785
3783
3781
3780
3779
3774
3774
3773
3773
3771
3768
3767
3765
3765
3762
3760
3759
3757
3756
3755
3754
3752
3752
3750
3748
3748
3747
3745
3745
3745
3745
3745
3745
3744
3744
3742
3741
3740
3739
3739
3739
3739
3738
3736
3734
3733
3732
3732
3728
3728
3726
3725
3724
3724
3723
3722
3721
3720
3719
3719
3718
3718
3717
3713
3713
3710
3710
3707
3705
3704
3704
3701
3700
3698
3696
3696
3693
3692
3691
3691
3690
3690
3688
3688
3687
3686
3685
3684
3684
3683
3682
3681
3681
3680
3679
3677
3674
3674
3674
3673
3672
3671
3671
3670
3669
3666
3665
3664
3664
3662
3661
3660
3660
3660
3659
3656
3656
3653
3651
3650
3647
3646
3645
3645
3645
3644
3644
3641
3640
3639
3638
3636
3636
3634
3634
3633
3632
3629
3627
3626
3625
3623
3622
3621
3616
3616
3616
3614
3613
3613
3613
3613
3611
3609
3609
3609
3607
3607
3605
3605
3605
3603
3602
3601
3595
3595
3595
3594
3593
3590
3588
3587
3586
3585
3584
3584
3583
3583
3582
3582
3580
3580
3579
3579
3579
3578
3578
3577
3577
3576
3574
3573
3573
3572
3572
3572
3572
3571
3570
3568
3567
3567
3567
3565
3562
3560
3560
3557
3556
3551
3550
3549
3549
3549
3544
3543
3543
3543
3542
3542
3541
3540
3539
3539
3539
3538
3538
3536
3535
3535
3534
3534
3532
3532
3531
3531
3531
3529
3529
3527
3527
3526
3526
3524
3524
3523
3522
3519
3519
3519
3518
3518
3516
3515
3514
3514
3513
3511
3508
3508
3508
3507
3506
3504
3502
3502
3497
3496
3496
3496
3495
3494
3493
3491
3490
3489
3488
3487
3483
3483
3482
3482
3477
3474
3473
3470
3468
3466
3465
3462
3461
3461
3461
3460
3460
3459
3458
3457
3456
3454
3453
3453
3453
3452
3451
3451
3451
3448
3447
3447
3446
3444
3443
3442
3442
3442
3442
3440
3437
3436
3436
3436
3436
3435
3432
3431
3431
3427
3427
3427
3427
3426
3423
3423
3421
3420
3419
3419
3419
3418
3418
3417
3416
3416
3416
3416
3415
3414
3414
3414
3414
3412
3408
3407
3407
3403
3403
3402
3401
3400
3399
3396
3395
3395
3394
3394
3393
3392
3391
3391
3391
3389
3389
3386
3385
3385
3384
3383
3382
3382
3381
3377
3376
3374
3373
3372
3372
3372
3372
3372
3371
3370
3370
3369
3369
3368
3366
3364
3363
3363
3359
3356
3355
3353
3353
3352
3350
3350
3350
3349
3348
3347
3345
3344
3344
3343
3341
3341
3341
3341
3341
3339
3339
3338
3336
3336
3335
3335
3334
3334
3333
3333
3332
3332
3330
3330
3329
3329
3329
3328
3326
3324
3323
3322
3322
3319
3319
3317
3316
3316
3312
3310
3309
3308
3307
3307
3305
3305
3304
3302
3302
3301
3300
3300
3293
3291
3291
3291
3288
3288
3287
3287
3285
3284
3283
3282
3282
3282
3279
3278
3278
3277
3277
3277
3276
3276
3275
3274
3274
3273
3273
3269
3267
3265
3265
3264
3262
3262
3261
3260
3258
3257
3256
3256
3256
3255
3255
3253
3252
3252
3251
3250
3250
3249
3249
3248
3248
3245
3245
3245
3245
3244
3243
3242
3241
3240
3234
3233
3231
3230
3230
3229
3228
3228
3227
3227
3225
3225
3223
3222
3222
3221
3221
3219
3219
3219
3218
3217
3216
3216
3215
3214
3212
3210
3209
3209
3209
3208
3207
3207
3206
3205
3203
3203
3202
3202
3201
3201
3200
3199
3199
3197
3196
3195
3194
3194
3193
3192
3192
3189
3187
3186
3184
3184
3182
3179
3179
3179
3178
3177
3176
3176
3174
3171
3170
3170
3169
3167
3163
3162
3162
3161
3157
3157
3154
3153
3153
3152
3152
3150
3150
3150
3149
3148
3147
3146
3144
3144
3143
3142
3142
3141
3141
3141
3140
3140
3139
3137
3134
3133
3129
3128
3128
3127
3125
3125
3124
3124
3124
3123
3122
3122
3121
3121
3120
3120
3117
3114
3114
3114
3112
3110
3110
3109
3108
3106
3106
3105
3105
3103
3102
3101
3099
3095
3094
3091
3090
3090
3089
3088
3088
3088
3087
3087
3085
3085
3084
3084
3083
3081
3081
3079
3078
3077
3076
3076
3074
3073
3072
3070
3068
3067
3067
3066
3065
3065
3065
3065
3062
3062
3061
3061
3059
3057
3057
3055
3053
3050
3050
3050
3048
3048
3046
3043
3043
3041
3039
3039
3037
3037
3037
3035
3034
3033
3031
3031
3031
3029
3027
3027
3024
3023
3023
3023
3021
3021
3021
3020
3020
3020
3020
3018
3017
3016
3016
3015
3014
3013
3012
3011
3010
3010
3010
3007
3007
3005
3004
3004
3003
3001
3000
3000
2999
2998
2998
2997
2994
2993
2992
2991
2991
2991
2991
2991
2985
2985
2983
2982
2981
2980
2979
2979
2979
2977
2973
2973
2972
2972
2972
2971
2970
2969
2969
2969
2969
2968
2968
2966
2966
2966
2964
2962
2961
2961
2960
2960
2956
2955
2955
2953
2953
2953
2950
2948
2948
2947
2947
2947
2946
2945
2945
2945
2944
2943
2941
2940
2937
2936
2935
2935
2934
2933
2930
2928
2927
2925
2923
2923
2921
2920
2920
2920
2919
2918
2918
2918
2918
2916
2916
2915
2911
2908
2908
2908
2908
2906
2905
2901
2900
2899
2899
2895
2895
2895
2895
2895
2893
2890
2889
2888
2886
2885
2881
2881
2880
2880
2876
2876
2875
2875
2874
2874
2872
2871
2870
2870
2869
2869
2869
2866
2865
2864
2862
2862
2860
2859
2859
2858
2856
2855
2855
2854
2852
2852
2850
2850
2849
2848
2847
2846
2845
2845
2845
2844
2844
2844
2843
2842
2841
2840
2839
2839
2838
2837
2837
2837
2837
2836
2835
2834
2832
2832
2831
2830
2829
2828
2828
2826
2826
2824
2824
2824
2823
2823
2822
2822
2821
2819
2819
2818
2818
2817
2816
2813
2811
2810
2810
2810
2809
2808
2808
2807
2805
2804
2802
2802
2801
2799
2797
2796
2795
2793
2790
2789
2789
2789
2787
2786
2786
2786
2784
2783
2782
2781
2780
2779
2778
2778
2778
2777
2776
2770
2769
2769
2767
2765
2764
2763
2763
2758
2758
2757
2752
2750
2749
2748
2748
2747
2746
2746
2746
2745
2745
2744
2743
2743
2742
2741
2741
2741
2740
2740
2740
2739
2738
2737
2737
2735
2733
2732
2732
2732
2731
2731
2728
2727
2726
2725
2725
2725
2723
2719
2719
2718
2717
2716
2715
2714
2714
2714
2713
2712
2712
2710
2710
2709
2708
2707
2706
2706
2705
2704
2703
2703
2701
2699
2698
2697
2697
2696
2695
2694
2694
2694
2693
2692
2688
2686
2685
2685
2683
2682
2682
2681
2680
2679
2678
2677
2676
2673
2671
2671
2668
2667
2667
2664
2662
2661
2660
2659
2659
2658
2658
2657
2653
2653
2652
2651
2650
2650
2650
2648
2645
2644
2643
2642
2640
2640
2640
2638
2638
2637
2637
2637
2636
2634
2633
2633
2632
2631
2631
2631
2630
2629
2628
2628
2628
2626
2625
2624
2624
2623
2623
2623
2621
2621
2620
2619
2619
2617
2617
2617
2615
2615
2615
2614
2614
2614
2614
2611
2608
2608
2608
2607
2607
2607
2606
2606
2606
2605
2605
2605
2604
2603
2602
2600
2600
2600
2599
2599
2599
2597
2596
2596
2594
2593
2592
2591
2590
2590
2589
2588
2588
2585
2585
2582
2582
2581
2579
2578
2578
2577
2574
2573
2572
2572
2570
2569
2568
2567
2566
2566
2565
2564
2564
2562
2562
2561
2560
2559
2558
2558
2558
2557
2557
2556
2556
2556
2552
2549
2548
2548
2547
2545
2545
2545
2543
2543
2543
2542
2542
2540
2539
2535
2534
2533
2533
2532
2531
2529
2528
2528
2527
2527
2527
2523
2522
2522
2522
2521
2520
2517
2515
2512
2510
2508
2507
2506
2505
2505
2504
2503
2502
2502
2501
2501
2500
2500
2499
2498
2496
2494
2494
2493
2493
2493
2493
2492
2485
2485
2485
2484
2481
2479
2477
2477
2476
2475
2474
2474
2473
2473
2472
2472
2471
2471
2471
2470
2470
2470
2470
2470
2468
2468
2467
2466
2464
2464
2463
2463
2463
2461
2461
2460
2460
2459
2459
2458
2456
2456
2456
2456
2454
2453
2452
2451
2451
2451
2450
2450
2449
2448
2444
2443
2443
2443
2442
2441
2441
2438
2436
2435
2435
2434
2433
2433
2433
2432
2432
2431
2431
2428
2427
2427
2426
2423
2422
2420
2418
2417
2417
2417
2414
2413
2411
2410
2409
2408
2406
2406
2405
2405
2404
2404
2403
2397
2397
2397
2397
2396
2396
2395
2394
2394
2392
2392
2388
2385
2383
2383
2383
2382
2381
2380
2378
2378
2373
2372
2372
2366
2365
2365
2364
2364
2363
2361
2359
2359
2359
2356
2356
2356
2356
2356
2353
2353
2353
2353
2351
2347
2347
2347
2345
2345
2344
2344
2343
2341
2340
2340
2338
2337
2337
2336
2336
2335
2334
2334
2334
2332
2332
2330
2329
2328
2328
2328
2326
2324
2322
2322
2320
2320
2319
2318
2316
2315
2314
2314
2314
2312
2311
2310
2310
2309
2308
2305
2304
2303
2302
2301
2301
2301
2300
2299
2295
2291
2290
2288
2288
2287
2286
2286
2285
2285
2284
2282
2282
2281
2280
2280
2280
2279
2278
2278
2278
2277
2276
2276
2274
2274
2273
2273
2272
2270
2268
2268
2268
2268
2267
2266
2266
2264
2264
2263
2263
2263
2262
2262
2262
2261
2260
2259
2259
2257
2254
2253
2253
2252
2250
2250
2250
2249
2248
2248
2247
2245
2244
2244
2241
2241
2240
2240
2240
2240
2239
2239
2238
2238
2237
2232
2231
2231
2230
2230
2227
2225
2225
2225
2225
2224
2223
2222
2220
2220
2217
2217
2216
2214
2214
2213
2213
2211
2211
2210
2209
2209
2208
2208
2208
2207
2207
2207
2207
2206
2205
2205
2204
2204
2204
2204
2203
2202
2201
2200
2198
2197
2197
2196
2194
2192
2192
2191
2189
2189
2189
2188
2186
2185
2184
2184
2184
2184
2183
2183
2183
2178
2177
2177
2176
2176
2176
2169
2166
2165
2165
2164
2162
2161
2160
2159
2159
2159
2157
2157
2156
2156
2155
2154
2154
2154
2154
2153
2152
2151
2151
2150
2149
2149
2146
2146
2146
2140
2136
2135
2135
2133
2133
2131
2127
2126
2125
2125
2124
2123
2122
2122
2119
2118
2118
2117
2115
2114
2114
2109
2106
2105
2105
2101
2101
2100
2098
2098
2098
2097
2096
2095
2094
2093
2092
2092
2089
2088
2087
2087
2087
2086
2086
2086
2086
2086
2085
2084
2083
2082
2080
2080
2079
2079
2079
2077
2077
2076
2075
2075
2073
2073
2072
2069
2069
2067
2062
2062
2061
2060
2056
2054
2053
2046
2045
2045
2044
2043
2043
2043
2041
2041
2041
2041
2037
2037
2035
2033
2029
2028
2028
2028
2026
2026
2025
2025
2025
2024
2023
2023
2023
2022
2021
2019
2018
2017
2017
2017
2015
2015
2014
2014
2014
2013
2012
2012
2008
2007
2007
2006
2005
2003
2002
2002
2002
2001
1998
1998
1997
1996
1991
1990
1989
1989
1989
1989
1989
1987
1987
1986
1985
1980
1979
1978
1977
1975
1974
1974
1974
1973
1972
1970
1968
1967
1967
1966
1966
1965
1965
1964
1964
1963
1962
1961
1961
1960
1960
1960
1959
1958
1955
1955
1954
1954
1954
1953
1953
1952
1952
1950
1949
1949
1947
1947
1945
1941
1941
1940
1940
1940
1939
1938
1937
1935
1935
1934
1931
1931
1930
1929
1928
1928
1926
1925
1925
1924
1923
1921
1920
1918
1918
1916
1916
1915
1914
1914
1913
1912
1910
1910
1910
1910
1910
1910
1909
1908
1908
1908
1905
1905
1903
1903
1900
1900
1900
1899
1898
1898
1898
1897
1896
1896
1894
1894
1894
1892
1890
1890
1890
1889
1885
1885
1884
1883
1882
1882
1881
1881
1880
1880
1879
1879
1878
1876
1874
1874
1872
1872
1871
1869
1868
1868
1867
1867
1867
1865
1864
1863
1863
1862
1861
1861
1861
1861
1860
1859
1858
1856
1854
1853
1852
1850
1849
1848
1847
1846
1844
1842
1841
1841
1840
1840
1839
1838
1837
1837
1837
1837
1836
1835
1831
1830
1830
1829
1828
1827
1823
1822
1822
1820
1820
1820
1820
1818
1818
1816
1814
1814
1813
1813
1813
1812
1812
1809
1807
1806
1806
1805
1804
1803
1803
1801
1801
1801
1800
1799
1798
1798
1796
1795
1794
1793
1792
1792
1791
1791
1790
1789
1787
1786
1786
1785
1783
1781
1779
1779
1778
1777
1776
1773
1772
1770
1770
1770
1770
1770
1770
1769
1765
1765
1760
1760
1759
1759
1757
1757
1757
1754
1754
1749
1746
1746
1746
1744
1740
1740
1740
1739
1739
1738
1737
1736
1735
1735
1735
1733
1733
1731
1730
1730
1730
1730
1729
1729
1727
1725
1724
1723
1722
1722
1718
1718
1718
1718
1716
1716
1716
1714
1714
1713
1712
1712
1712
1712
1710
1710
1709
1709
1707
1702
1702
1701
1701
1700
1698
1697
1696
1695
1695
1694
1694
1694
1693
1692
1692
1692
1690
1690
1689
1685
1684
1683
1682
1681
1680
1679
1678
1677
1677
1674
1673
1673
1672
1671
1671
1671
1670
1669
1669
1668
1668
1668
1667
1665
1665
1663
1663
1662
1661
1659
1658
1654
1654
1654
1653
1651
1649
1648
1647
1646
1643
1642
1641
1640
1640
1639
1638
1638
1638
1636
1635
1635
1632
1631
1630
1630
1629
1629
1628
1628
1627
1624
1623
1622
1622
1621
1621
1621
1620
1617
1617
1616
1615
1615
1612
1611
1610
1610
1609
1608
1605
1604
1603
1603
1603
1603
1603
1601
1601
1600
1600
1600
1600
1598
1598
1597
1595
1593
1592
1591
1590
1590
1588
1588
1585
1585
1582
1581
1581
1581
1580
1580
1579
1578
1577
1576
1575
1575
1575
1574
1573
1572
1570
1568
1568
1566
1565
1562
1561
1560
1560
1558
1557
1556
1556
1554
1553
1551
1550
1549
1549
1549
1548
1546
1544
1543
1543
1542
1540
1540
1539
1537
1536
1536
1535
1535
1534
1532
1532
1531
1531
1530
1529
1528
1527
1527
1526
1525
1524
1524
1523
1523
1523
1520
1520
1520
1519
1518
1518
1518
1517
1516
1513
1513
1512
1511
1511
1510
1509
1509
1507
1503
1500
1500
1500
1499
1499
1497
1497
1496
1495
1494
1494
1493
1489
1489
1487
1486
1482
1481
1478
1477
1475
1474
1474
1473
1473
1473
1471
1471
1471
1470
1469
1468
1467
1465
1465
1465
1464
1463
1457
1457
1457
1457
1457
1457
1455
1453
1451
1451
1450
1450
1449
1448
1446
1446
1445
1445
1444
1444
1443
1436
1436
1435
1434
1434
1434
1433
1432
1431
1430
1430
1429
1427
1426
1425
1423
1422
1421
1420
1420
1420
1416
1415
1414
1414
1413
1412
1412
1411
1409
1408
1408
1407
1407
1407
1407
1406
1405
1405
1405
1404
1403
1402
1402
1400
1397
1394
1394
1392
1391
1391
1391
1389
1388
1387
1386
1385
1385
1382
1380
1379
1378
1378
1377
1376
1375
1374
1374
1373
1372
1372
1371
1370
1370
1369
1367
1365
1365
1365
1363
1361
1360
1360
1359
1358
1357
1357
1355
1354
1354
1354
1352
1351
1350
1348
1348
1348
1347
1346
1342
1342
1341
1339
1339
1339
1336
1335
1335
1334
1332
1332
1332
1331
1329
1329
1328
1328
1327
1327
1327
1325
1323
1322
1321
1319
1319
1318
1317
1316
1315
1315
1314
1312
1312
1312
1310
1310
1309
1308
1308
1307
1306
1305
1305
1304
1302
1301
1301
1299
1299
1298
1295
1294
1292
1292
1290
1289
1287
1285
1284
1284
1282
1281
1280
1279
1279
1274
1272
1271
1268
1265
1263
1262
1262
1260
1259
1258
1258
1258
1254
1254
1253
1252
1252
1251
1251
1251
1251
1250
1250
1249
1246
1244
1242
1241
1241
1241
1241
1238
1237
1236
1232
1227
1227
1224
1224
1223
1222
1221
1221
1221
1220
1219
1218
1217
1217
1217
1217
1216
1215
1214
1213
1211
1209
1209
1208
1207
1205
1205
1205
1204
1204
1203
1202
1197
1195
1194
1193
1192
1191
1189
1189
1187
1185
1182
1182
1181
1181
1180
1179
1178
1175
1174
1174
1173
1172
1171
1171
1170
1169
1168
1166
1164
1164
1164
1163
1163
1163
1163
1161
1161
1159
1158
1157
1154
1153
1152
1149
1147
1147
1146
1146
1145
1144
1144
1143
1143
1142
1138
1138
1138
1138
1137
1137
1135
1134
1133
1131
1130
1129
1129
1128
1128
1125
1125
1123
1122
1121
1117
1116
1116
1115
1115
1113
1113
1113
1110
1109
1109
1109
1109
1109
1108
1107
1104
1104
1103
1102
1101
1101
1099
1099
1098
1098
1096
1096
1094
1094
1093
1092
1090
1088
1087
1087
1086
1084
1084
1081
1080
1079
1078
1077
1075
1073
1072
1072
1072
1071
1071
1070
1067
1065
1064
1063
1063
1061
1059
1058
1058
1058
1057
1057
1056
1056
1056
1054
1054
1053
1052
1052
1051
1051
1048
1048
1048
1047
1046
1046
1045
1045
1044
1044
1043
1041
1041
1037
1037
1036
1036
1036
1035
1035
1034
1034
1033
1033
1029
1027
1025
1025
1024
1024
1024
1024
1024
1022
1020
1019
1016
1016
1014
1013
1013
1012
1012
1009
1007
1007
1006
1005
1002
1001
998
998
998
998
997
996
995
994
994
993
992
991
990
989
986
986
985
985
984
982
982
982
981
981
980
980
979
978
978
977
974
974
972
971
970
968
968
966
966
966
965
965
965
964
964
963
963
963
963
962
962
962
962
960
960
959
958
957
957
956
956
956
955
954
954
953
953
952
951
951
951
949
948
945
941
941
935
935
933
931
931
931
929
928
927
926
921
920
919
919
918
918
917
917
916
915
914
914
913
912
912
911
911
910
906
905
903
903
901
901
900
900
899
899
894
892
891
891
891
890
889
888
884
884
883
881
880
878
878
877
875
873
873
872
871
871
867
867
866
865
865
864
864
862
862
862
860
858
858
858
857
854
854
854
853
852
852
851
851
849
847
847
847
847
845
844
841
840
838
838
837
837
831
831
831
828
828
828
827
826
825
825
824
820
819
819
817
816
815
814
811
811
810
809
809
807
806
806
805
803
802
801
801
800
798
797
796
794
792
792
792
791
790
789
787
786
786
785
784
784
781
779
777
777
776
776
776
775
774
773
772
771
771
770
769
768
768
767
767
767
765
762
760
758
755
754
752
751
750
748
748
743
743
739
739
739
739
738
737
737
737
737
735
735
734
734
733
733
732
732
732
730
729
728
728
728
728
727
726
725
725
725
722
722
722
717
717
714
713
712
712
711
710
710
710
710
709
709
707
706
705
705
704
704
702
701
701
699
698
697
695
694
692
687
686
686
684
683
682
681
681
681
679
678
677
677
675
672
671
670
670
669
669
669
666
666
665
663
662
661
661
661
661
661
661
660
659
658
657
656
656
656
655
655
654
649
649
648
647
647
647
645
645
644
644
641
641
637
637
635
634
634
634
631
629
629
628
626
626
625
624
623
622
621
620
618
618
617
617
614
613
611
610
610
605
604
604
603
601
601
600
600
599
596
595
592
592
591
590
588
588
587
587
586
584
584
583
583
583
582
579
579
579
578
578
576
576
575
575
575
574
574
571
568
567
566
566
566
565
565
565
564
564
564
562
562
562
561
561
560
560
558
558
558
557
557
556
555
555
553
552
551
550
550
550
550
549
549
549
548
547
547
547
547
545
544
543
543
539
538
537
537
537
537
536
536
535
535
534
531
531
530
529
529
528
526
525
525
525
524
523
520
520
519
518
518
514
513
512
512
512
511
511
510
509
508
506
505
504
503
502
502
501
500
500
497
497
492
491
490
489
489
489
488
487
485
485
485
484
482
482
480
480
479
479
473
472
472
471
471
470
469
469
468
467
467
465
464
463
462
461
460
460
458
455
455
455
452
452
451
450
449
449
448
447
443
442
439
439
438
437
435
433
432
431
431
429
429
427
425
425
423
420
420
419
417
417
416
416
416
416
414
413
413
413
413
412
411
411
411
410
410
410
410
410
408
408
408
407
407
406
406
405
405
404
404
403
403
402
402
401
400
400
399
399
395
395
395
394
392
387
386
383
382
382
379
378
376
376
375
374
374
371
370
369
369
367
367
363
362
360
358
356
355
354
353
352
352
352
351
350
349
349
349
349
347
346
343
342
341
341
340
339
338
338
338
337
335
335
335
335
333
331
330
330
330
329
329
326
325
324
323
321
320
320
319
319
318
318
317
317
313
308
307
306
305
305
304
302
301
298
298
298
296
295
295
295
294
294
294
294
293
293
292
288
288
288
287
286
286
286
285
284
283
282
282
277
277
277
276
276
273
273
273
271
271
270
269
268
268
268
268
267
261
257
257
257
257
256
255
255
251
250
250
249
249
248
245
245
243
241
237
236
235
231
229
229
228
228
228
227
226
226
225
225
224
224
222
222
221
220
219
219
218
217
215
215
213
213
213
212
212
212
211
211
209
206
206
196
196
195
195
194
192
192
192
191
190
188
186
185
184
183
183
182
182
181
180
179
179
176
175
174
173
172
170
170
169
168
168
167
167
165
164
163
163
162
161
160
159
157
157
156
155
155
154
153
151
150
150
150
148
148
147
145
142
142
140
139
137
137
136
135
134
133
133
130
127
125
125
124
124
123
122
121
117
117
117
117
116
115
114
114
112
111
111
107
107
105
103
102
102
101
101
101
100
99
98
98
96
94
94
93
92
92
90
89
88
88
87
86
82
81
80
77
76
75
75
75
74
73
72
71
70
69
69
68
68
68
66
66
62
61
60
60
60
57
55
48
48
47
44
44
43
43
41
41
39
39
38
36
35
31
29
29
27
26
25
25
24
22
22
21
21
21
20
20
20
18
18
17
17
16
13
12
12
11
10
9
9
9
9
8
6
6
5
3
0
0
