9998
9995
9993
9991
9991
9990
9990
9990
9990
9989
9988
9984
9982
9980
9978
9977
9977
9976
9975
9975
9973
9973
9972
9971
9969
9969
9969
9969
9969
9969
9968
9967
9963
9962
9961
9961
9959
9958
9955
9954
9951
9950
9949
9949
9947
9947
9946
9945
9944
9943
9940
9940
9939
9938
9936
9936
9935
9932
9932
9931
9931
9931
9931
9930
9929
9929
9928
9927
9925
9924
9923
9923
9921
9920
9919
9918
9918
9915
9915
9912
9910
9910
9906
9906
9905
9904
9904
9904
9903
9903
9902
9898
9898
9898
9898
9898
9897
9896
9894
9893
9892
9892
9891
9891
9891
9889
9887
9887
9884
9884
9884
9884
9883
9881
9881
9880
9878
9877
9876
9875
9875
9875
9875
9872
9872
9871
9871
9870
9870
9867
9867
9864
9859
9859
9858
9857
9856
9856
9856
9855
9855
9854
9853
9852
9850
9850
9849
9849
9848
9847
9847
9846
9846
9845
9844
9844
9842
9841
9841
9840
9840
9840
9836
9835
9833
9832
9832
9830
9829
9828
9828
9825
9825
9824
9819
9819
9819
9819
9818
9817
9817
9815
9814
9814
9813
9813
9813
9813
9812
9808
9808
9808
9807
9807
9806
9805
9803
9802
9801
9800
9800
9796
9795
9795
9794
9794
9792
9792
9791
9790
9789
9789
9789
9787
9786
9786
9784
9782
9782
9781
9780
9780
9779
9775
9774
9772
9772
9770
9769
9769
9768
9767
9765
9763
9762
9761
9761
9759
9759
9755
9754
9754
9753
9752
9751
9750
9749
9748
9748
9747
9747
9746
9745
9744
9743
9743
9742
9742
9742
9741
9740
9740
9738
9737
9736
9736
9733
9733
9731
9729
9727
9725
9725
9724
9724
9722
9722
9720
9719
9717
9713
9711
9711
9710
9710
9709
9707
9706
9705
9705
9704
9703
9701
9700
9700
9699
9698
9697
9696
9695
9694
9692
9692
9689
9688
9688
9686
9685
9684
9679
9679
9676
9675
9675
9672
9672
9671
9670
9670
9669
9669
9669
9669
9668
9666
9665
9664
9664
9664
9659
9658
9657
9657
9657
9657
9656
9656
9653
9653
9653
9652
9652
9649
9648
9648
9648
9648
9646
9644
9644
9643
9642
9640
9640
9640
9638
9638
9636
9636
9634
9633
9632
9631
9630
9629
9629
9629
9628
9627
9627
9627
9622
9622
9622
9622
9621
9617
9616
9614
9614
9614
9614
9612
9611
9608
9608
9606
9606
9605
9603
9601
9598
9598
9597
9595
9595
9594
9593
9593
9592
9589
9589
9588
9588
9587
9587
9586
9586
9585
9584
9583
9582
9582
9581
9580
9580
9580
9577
9576
9575
9570
9570
9567
9566
9565
9564
9564
9563
9563
9562
9561
9561
9560
9560
9559
9559
9557
9557
9557
9555
9554
9553
9553
9549
9548
9548
9547
9547
9547
9544
9543
9542
9541
9541
9541
9540
9537
9537
9536
9534
9534
9534
9533
9531
9531
9529
9529
9527
9526
9525
9522
9521
9519
9519
9519
9519
9518
9517
9515
9514
9512
9509
9508
9507
9507
9506
9504
9499
9499
9499
9499
9498
9498
9497
9497
9495
9495
9494
9493
9492
9490
9489
9489
9489
9488
9488
9488
9487
9487
9487
9486
9486
9486
9486
9486
9484
9484
9483
9482
9482
9481
9479
9479
9476
9476
9475
9475
9472
9472
9471
9469
9468
9467
9467
9467
9466
9465
9465
9464
9463
9462
9459
9456
9456
9455
9453
9452
9450
9450
9449
9448
9446
9445
9444
9443
9442
9441
9440
9439
9438
9437
9436
9436
9433
9432
9431
9431
9429
9427
9427
9425
9422
9422
9422
9422
9421
9420
9419
9419
9418
9417
9416
9416
9416
9416
9415
9414
9413
9413
9412
9412
9411
9411
9410
9410
9410
9409
9409
9407
9406
9405
9404
9404
9403
9401
9399
9399
9398
9398
9398
9396
9396
9395
9394
9393
9391
9390
9390
9389
9388
9388
9388
9386
9386
9384
9384
9383
9383
9382
9381
9380
9380
9379
9378
9378
9377
9376
9376
9375
9374
9371
9370
9368
9367
9366
9364
9362
9358
9357
9356
9356
9355
9355
9354
9353
9351
9351
9350
9349
9347
9347
9346
9344
9342
9342
9342
9340
9339
9339
9337
9337
9337
9335
9334
9330
9330
9329
9329
9329
9328
9325
9325
9325
9324
9323
9322
9321
9321
9321
9317
9313
9312
9312
9311
9308
9308
9307
9307
9306
9304
9300
9300
9299
9299
9299
9299
9299
9297
9294
9294
9289
9289
9287
9287
9285
9283
9282
9281
9279
9279
9278
9278
9278
9277
9277
9277
9277
9276
9274
9273
9273
9272
9269
9269
9268
9267
9266
9266
9264
9264
9262
9261
9260
9260
9260
9260
9259
9259
9257
9255
9254
9254
9248
9248
9247
9244
9244
9243
9242
9239
9239
9239
9237
9237
9236
9235
9234
9233
9231
9230
9229
9229
9229
9228
9228
9227
9226
9225
9224
9224
9223
9223
9220
9219
9218
9218
9218
9217
9217
9211
9207
9206
9205
9204
9204
9203
9203
9203
9202
9202
9202
9201
9200
9200
9200
9199
9192
9192
9191
9190
9189
9189
9187
9186
9186
9184
9180
9179
9179
9178
9176
9176
9175
9174
9173
9173
9173
9172
9172
9171
9170
9170
9169
9168
9166
9166
9166
9165
9165
9164
9164
9162
9162
9161
9161
9161
9160
9159
9159
9157
9157
9156
9155
9154
9153
9152
9152
9152
9149
9148
9144
9143
9143
9143
9141
9141
9141
9138
9138
9135
9133
9132
9132
9131
9130
9128
9128
9126
9124
9122
9122
9122
9120
9119
9117
9116
9116
9114
9114
9113
9111
9110
9110
9108
9108
9106
9105
9104
9104
9104
9104
9103
9103
9102
9102
9101
9101
9101
9100
9099
9099
9098
9097
9096
9093
9093
9093
9092
9090
9090
9087
9086
9085
9085
9085
9084
9084
9082
9082
9081
9079
9079
9078
9078
9077
9075
9073
9073
9072
9072
9070
9070
9069
9068
9067
9067
9067
9066
9066
9064
9064
9064
9064
9063
9062
9062
9061
9060
9060
9059
9059
9058
9056
9054
9052
9051
9050
9047
9047
9046
9046
9046
9045
9044
9041
9041
9041
9040
9038
9038
9038
9036
9035
9033
9032
9030
9028
9028
9026
9026
9025
9024
9023
9019
9019
9019
9018
9018
9018
9017
9016
9015
9014
9013
9012
9012
9010
9009
9007
9006
9004
9004
9001
9001
9000
9000
8998
8997
8996
8995
8995
8991
8990
8990
8990
8990
8990
8987
8987
8984
8982
8979
8977
8976
8976
8974
8972
8971
8970
8970
8970
8968
8968
8967
8967
8967
8966
8965
8964
8963
8962
8962
8962
8961
8960
8960
8958
8957
8954
8954
8953
8952
8952
8951
8949
8947
8947
8946
8944
8944
8943
8943
8942
8941
8940
8940
8940
8939
8939
8939
8938
8936
8936
8936
8936
8933
8932
8931
8930
8930
8929
8928
8926
8926
8926
8926
8924
8923
8921
8920
8919
8916
8914
8913
8913
8913
8910
8910
8910
8909
8909
8909
8907
8906
8904
8902
8902
8899
8899
8894
8893
8892
8891
8891
8891
8891
8889
8888
8888
8887
8885
8883
8879
8876
8874
8874
8874
8871
8871
8870
8869
8867
8866
8864
8864
8864
8864
8863
8863
8862
8861
8860
8859
8859
8858
8857
8856
8855
8855
8854
8854
8853
8852
8850
8849
8849
8848
8848
8846
8846
8845
8841
8841
8841
8841
8841
8839
8839
8838
8838
8837
8836
8835
8834
8832
8832
8831
8831
8831
8830
8830
8830
8830
8826
8823
8819
8819
8818
8818
8816
8815
8815
8815
8815
8814
8813
8813
8812
8810
8809
8809
8807
8807
8806
8805
8805
8804
8803
8803
8801
8799
8798
8796
8795
8793
8791
8791
8788
8788
8788
8786
8783
8781
8780
8780
8779
8778
8778
8776
8775
8773
8772
8769
8768
8766
8765
8765
8764
8763
8761
8761
8759
8757
8756
8755
8755
8753
8753
8752
8752
8750
8749
8749
8748
8747
8744
8743
8743
8740
8737
8736
8735
8734
8734
8733
8730
8729
8728
8726
8725
8725
8724
8723
8723
8722
8721
8721
8721
8720
8718
8717
8716
8715
8712
8710
8709
8706
8706
8704
8703
8701
8699
8698
8697
8696
8696
8693
8692
8691
8691
8690
8690
8689
8689
8687
8685
8685
8681
8679
8678
8678
8677
8676
8675
8675
8674
8673
8672
8671
8670
8669
8669
8667
8667
8667
8665
8663
8663
8662
8662
8662
8661
8661
8660
8660
8659
8659
8659
8658
8657
8656
8656
8655
8653
8653
8652
8651
8650
8649
8647
8646
8646
8645
8645
8643
8642
8642
8641
8640
8640
8639
8639
8638
8638
8638
8636
8635
8635
8635
8635
8633
8632
8631
8629
8628
8627
8627
8625
8621
8620
8620
8620
8618
8617
8616
8615
8612
8610
8609
8608
8608
8606
8606
8605
8602
8602
8602
8601
8600
8599
8598
8597
8597
8596
8593
8593
8590
8589
8588
8588
8588
8587
8586
8586
8584
8583
8582
8581
8581
8580
8578
8578
8577
8577
8576
8576
8576
8575
8573
8571
8571
8571
8567
8567
8567
8566
8565
8564
8563
8562
8562
8561
8561
8557
8557
8557
8556
8555
8554
8553
8552
8550
8550
8550
8547
8547
8545
8544
8544
8542
8541
8540
8540
8539
8538
8538
8538
8536
8536
8535
8534
8534
8531
8530
8530
8530
8529
8529
8528
8527
8527
8525
8525
8524
8523
8522
8521
8521
8519
8518
8516
8516
8516
8515
8514
8513
8511
8510
8509
8508
8505
8505
8504
8503
8502
8501
8499
8499
8499
8498
8496
8495
8493
8492
8491
8490
8490
8489
8489
8489
8488
8487
8486
8485
8484
8483
8483
8483
8480
8480
8479
8477
8476
8476
8476
8474
8473
8473
8471
8471
8471
8465
8464
8464
8464
8461
8460
8460
8459
8459
8459
8458
8453
8453
8453
8451
8450
8449
8449
8448
8448
8448
8447
8446
8445
8444
8443
8443
8441
8441
8438
8438
8438
8435
8435
8434
8434
8434
8433
8433
8432
8432
8431
8429
8428
8428
8427
8427
8426
8425
8425
8425
8425
8425
8425
8422
8419
8419
8419
8418
8418
8416
8414
8413
8413
8413
8412
8412
8411
8409
8408
8408
8407
8407
8407
8406
8406
8406
8406
8405
8404
8404
8403
8403
8402
8402
8401
8400
8399
8397
8397
8397
8396
8395
8395
8394
8393
8392
8392
8390
8390
8388
8388
8386
8386
8384
8384
8383
8383
8382
8381
8381
8380
8379
8379
8379
8379
8376
8376
8375
8373
8373
8373
8371
8370
8368
8368
8366
8363
8360
8358
8358
8358
8358
8357
8356
8356
8356
8355
8354
8354
8354
8351
8350
8349
8349
8348
8348
8347
8346
8346
8345
8342
8342
8342
8342
8342
8340
8338
8338
8338
8337
8333
8328
8328
8328
8326
8326
8325
8324
8324
8321
8321
8320
8319
8318
8318
8318
8317
8317
8314
8314
8314
8312
8311
8310
8309
8309
8307
8307
8306
8305
8303
8303
8302
8302
8299
8299
8298
8298
8297
8297
8295
8294
8293
8293
8293
8291
8291
8291
8290
8289
8287
8286
8285
8285
8284
8284
8281
8281
8281
8278
8278
8276
8275
8273
8273
8272
8271
8271
8270
8270
8268
8268
8268
8268
8268
8265
8262
8261
8260
8256
8247
8245
8244
8244
8244
8242
8241
8241
8240
8238
8236
8234
8234
8234
8232
8232
8231
8230
8230
8230
8227
8226
8225
8224
8224
8223
8223
8222
8222
8222
8221
8219
8217
8217
8216
8215
8213
8212
8211
8211
8211
8211
8210
8209
8208
8208
8208
8208
8207
8206
8204
8203
8203
8201
8199
8198
8197
8195
8193
8193
8191
8190
8187
8186
8184
8182
8182
8181
8180
8180
8179
8179
8178
8178
8178
8176
8176
8176
8176
8175
8175
8172
8171
8171
8170
8169
8168
8167
8164
8163
8163
8159
8158
8156
8155
8155
8152
8150
8150
8150
8149
8148
8148
8147
8146
8146
8145
8144
8144
8144
8144
8144
8143
8143
8141
8140
8138
8138
8138
8138
8138
8135
8135
8134
8132
8131
8131
8130
8130
8130
8129
8127
8127
8124
8119
8119
8118
8117
8117
8117
8116
8115
8115
8115
8113
8112
8109
8109
8104
8103
8102
8099
8099
8097
8097
8096
8094
8094
8093
8093
8091
8091
8090
8090
8090
8088
8087
8086
8083
8083
8083
8082
8081
8080
8079
8078
8077
8077
8075
8074
8069
8067
8067
8066
8065
8062
8062
8061
8061
8061
8058
8058
8057
8056
8054
8054
8051
8049
8049
8049
8048
8045
8044
8044
8044
8043
8042
8041
8040
8039
8037
8037
8036
8035
8034
8034
8034
8032
8031
8030
8027
8027
8027
8026
8026
8026
8025
8024
8024
8023
8022
8022
8021
8019
8019
8019
8017
8016
8016
8015
8015
8013
8011
8010
8010
8009
8008
8007
8007
8006
8004
8004
8004
8003
8003
8003
8003
8002
8001
8001
8001
8000
7998
7998
7997
7994
7992
7991
7989
7989
7988
7988
7988
7986
7986
7986
7985
7985
7983
7981
7981
7980
7979
7978
7977
7976
7974
7969
7969
7969
7969
7967
7966
7966
7966
7965
7965
7965
7964
7964
7960
7957
7956
7955
7954
7954
7951
7950
7949
7947
7947
7947
7946
7944
7944
7942
7942
7940
7939
7938
7937
7934
7931
7928
7926
7925
7925
7925
7922
7922
7922
7921
7919
7918
7917
7916
7916
7916
7916
7915
7913
7912
7911
7909
7908
7906
7904
7904
7903
7901
7901
7900
7897
7896
7895
7893
7892
7892
7892
7891
7890
7890
7890
7888
7887
7886
7884
7883
7879
7877
7877
7876
7876
7875
7874
7874
7873
7873
7872
7872
7871
7870
7869
7866
7865
7865
7863
7863
7859
7858
7856
7854
7850
7849
7849
7848
7848
7847
7846
7846
7846
7846
7845
7845
7844
7843
7842
7842
7841
7839
7839
7839
7838
7835
7835
7835
7835
7835
7833
7833
7833
7832
7830
7829
7829
7828
7828
7827
7823
7823
7819
7819
7816
7815
7815
7815
7814
7812
7812
7811
7809
7807
7803
7803
7800
7798
7797
7794
7794
7792
7792
7790
7790
7790
7788
7788
7787
7786
7786
7783
7783
7781
7781
7781
7777
7777
7774
7773
7773
7771
7769
7768
7767
7765
7763
7759
7759
7758
7758
7757
7757
7757
7756
7756
7753
7752
7751
7749
7749
7747
7747
7747
7747
7744
7744
7742
7742
7741
7738
7738
7737
7737
7736
7736
7734
7733
7732
7731
7730
7730
7729
7729
7729
7727
7727
7726
7726
7725
7723
7723
7722
7719
7718
7716
7715
7711
7709
7706
7704
7701
7699
7699
7698
7698
7696
7696
7695
7695
7694
7690
7689
7688
7687
7687
7685
7685
7685
7684
7683
7683
7682
7681
7680
7679
7679
7678
7678
7677
7674
7673
7673
7672
7670
7666
7666
7665
7665
7663
7661
7660
7660
7656
7656
7656
7653
7653
7653
7652
7651
7648
7645
7643
7643
7642
7642
7642
7642
7641
7641
7640
7640
7638
7638
7638
7637
7637
7637
7636
7635
7635
7631
7630
7630
7628
7627
7624
7623
7623
7622
7620
7620
7619
7619
7618
7618
7618
7616
7616
7615
7615
7614
7614
7614
7614
7613
7612
7611
7611
7611
7611
7609
7608
7607
7606
7606
7605
7605
7604
7603
7602
7601
7601
7600
7600
7599
7598
7596
7594
7594
7592
7592
7586
7586
7583
7583
7583
7583
7583
7581
7579
7579
7579
7579
7578
7577
7576
7576
7575
7575
7574
7574
7572
7569
7566
7566
7565
7565
7564
7563
7562
7562
7561
7560
7557
7557
7557
7555
7554
7554
7554
7553
7553
7551
7548
7546
7543
7541
7540
7540
7539
7538
7536
7535
7535
7534
7533
7531
7529
7529
7528
7521
7521
7520
7518
7516
7516
7515
7514
7513
7512
7511
7509
7509
7508
7506
7498
7494
7494
7493
7491
7491
7490
7489
7488
7487
7485
7484
7483
7482
7481
7480
7479
7479
7478
7478
7477
7474
7473
7473
7473
7473
7472
7472
7471
7470
7470
7470
7467
7466
7466
7466
7465
7464
7464
7462
7462
7460
7459
7459
7458
7456
7451
7451
7450
7450
7450
7448
7448
7448
7447
7446
7443
7443
7442
7441
7441
7441
7437
7437
7428
7427
7427
7427
7424
7422
7422
7419
7418
7417
7415
7415
7414
7414
7414
7410
7409
7409
7409
7407
7406
7406
7406
7406
7405
7404
7403
7400
7400
7398
7395
7395
7393
7392
7391
7390
7390
7389
7388
7388
7387
7386
7386
7385
7385
7383
7381
7380
7380
7377
7376
7375
7375
7371
7368
7368
7365
7364
7362
7362
7362
7361
7361
7359
7358
7358
7357
7355
7354
7354
7354
7354
7353
7353
7353
7352
7350
7350
7348
7348
7346
7345
7344
7344
7341
7340
7340
7340
7337
7337
7337
7337
7335
7335
7335
7333
7330
7330
7329
7328
7327
7326
7326
7323
7323
7322
7322
7322
7320
7316
7315
7313
7313
7312
7312
7311
7309
7309
7308
7308
7307
7307
7307
7305
7304
7304
7303
7303
7301
7300
7300
7300
7298
7298
7297
7296
7295
7291
7291
7291
7291
7290
7289
7289
7288
7288
7282
7281
7281
7280
7279
7279
7279
7278
7275
7274
7273
7273
7272
7271
7270
7269
7269
7268
7268
7263
7263
7260
7260
7258
7258
7258
7252
7251
7246
7246
7245
7243
7242
7242
7240
7239
7238
7236
7235
7234
7234
7233
7232
7231
7231
7230
7230
7228
7225
7225
7223
7223
7222
7221
7221
7219
7216
7215
7215
7214
7213
7213
7211
7210
7209
7208
7208
7208
7207
7206
7205
7205
7204
7204
7201
7200
7198
7197
7196
7195
7195
7192
7192
7190
7188
7188
7188
7185
7182
7181
7181
7180
7179
7178
7178
7178
7176
7175
7174
7173
7173
7170
7170
7170
7169
7168
7166
7166
7165
7165
7160
7160
7159
7158
7155
7155
7154
7153
7153
7152
7149
7148
7146
7145
7141
7138
7138
7138
7137
7134
7134
7134
7133
7133
7133
7130
7129
7129
7129
7127
7126
7125
7122
7120
7120
7120
7118
7118
7118
7118
7118
7117
7116
7116
7116
7115
7115
7113
7112
7111
7111
7110
7110
7110
7109
7109
7108
7107
7107
7107
7107
7106
7105
7103
7101
7100
7100
7099
7096
7095
7094
7093
7091
7090
7089
7088
7087
7085
7084
7083
7082
7080
7078
7078
7075
7070
7070
7070
7069
7067
7066
7066
7064
7056
7055
7055
7054
7053
7049
7048
7048
7046
7045
7045
7041
7041
7040
7039
7039
7038
7037
7037
7036
7035
7034
7034
7034
7033
7031
7027
7026
7024
7021
7019
7019
7016
7015
7015
7014
7013
7013
7012
7010
7008
7008
7007
7006
7005
7005
7004
7000
6998
6998
6997
6997
6994
6992
6992
6991
6990
6989
6989
6987
6986
6985
6984
6983
6980
6980
6979
6979
6978
6978
6977
6976
6974
6973
6973
6972
6972
6972
6971
6970
6969
6969
6968
6968
6968
6967
6966
6966
6965
6965
6965
6964
6962
6962
6962
6961
6961
6960
6960
6956
6954
6954
6952
6950
6950
6950
6949
6949
6949
6948
6947
6946
6946
6946
6944
6944
6944
6943
6941
6940
6940
6939
6935
6935
6935
6934
6934
6932
6932
6932
6930
6929
6928
6927
6927
6926
6925
6925
6924
6924
6924
6923
6923
6922
6921
6920
6920
6918
6916
6914
6911
6911
6909
6909
6909
6908
6908
6908
6907
6907
6905
6905
6905
6904
6904
6902
6902
6900
6900
6899
6898
6898
6897
6897
6896
6894
6893
6893
6893
6893
6893
6892
6890
6889
6888
6888
6887
6883
6880
6879
6876
6874
6873
6872
6872
6872
6871
6868
6863
6862
6861
6861
6861
6860
6859
6859
6859
6858
6858
6856
6855
6855
6855
6854
6853
6852
6852
6850
6847
6846
6845
6845
6843
6840
6840
6839
6838
6838
6836
6835
6835
6834
6830
6829
6829
6828
6825
6825
6823
6822
6822
6821
6821
6817
6816
6816
6813
6813
6812
6811
6809
6809
6809
6809
6808
6806
6806
6804
6803
6803
6802
6802
6802
6799
6798
6797
6797
6796
6795
6793
6792
6789
6784
6784
6784
6783
6780
6779
6777
6776
6776
6775
6773
6773
6772
6771
6769
6768
6766
6765
6765
6762
6761
6760
6759
6759
6757
6757
6756
6756
6755
6752
6752
6751
6749
6749
6748
6747
6747
6747
6747
6746
6745
6745
6743
6742
6741
6741
6739
6739
6738
6735
6735
6734
6734
6733
6733
6732
6731
6730
6730
6730
6729
6728
6728
6728
6727
6725
6725
6723
6723
6722
6720
6720
6718
6717
6717
6717
6717
6717
6711
6711
6709
6708
6706
6704
6703
6703
6702
6702
6702
6700
6699
6698
6697
6697
6697
6696
6695
6694
6694
6693
6692
6692
6691
6689
6689
6689
6689
6688
6688
6688
6688
6687
6686
6684
6684
6682
6681
6680
6680
6679
6678
6677
6677
6677
6675
6674
6672
6670
6667
6664
6664
6663
6662
6661
6659
6658
6657
6656
6655
6654
6653
6650
6649
6647
6647
6646
6643
6641
6640
6639
6639
6638
6635
6633
6633
6632
6631
6630
6629
6626
6626
6626
6626
6625
6625
6623
6622
6620
6619
6618
6616
6616
6615
6614
6612
6611
6611
6607
6607
6605
6604
6604
6603
6601
6600
6598
6595
6593
6593
6592
6591
6589
6587
6587
6587
6586
6583
6583
6582
6581
6579
6575
6574
6574
6573
6572
6571
6570
6570
6570
6569
6569
6567
6566
6563
6559
6557
6556
6556
6556
6555
6554
6553
6552
6552
6551
6551
6550
6549
6549
6548
6548
6547
6547
6547
6545
6543
6543
6542
6539
6538
6537
6537
6536
6535
6534
6534
6533
6533
6532
6531
6530
6529
6528
6528
6528
6527
6527
6523
6522
6522
6522
6522
6520
6516
6516
6515
6515
6515
6513
6510
6510
6508
6507
6506
6505
6504
6501
6500
6498
6498
6496
6493
6492
6492
6491
6490
6489
6489
6488
6486
6484
6484
6483
6482
6482
6480
6475
6474
6473
6473
6472
6471
6471
6471
6470
6470
6470
6469
6465
6465
6465
6465
6461
6460
6460
6460
6458
6456
6455
6454
6451
6450
6450
6448
6447
6447
6446
6444
6443
6442
6441
6441
6441
6438
6437
6435
6434
6434
6432
6431
6430
6428
6428
6427
6426
6425
6424
6423
6418
6416
6415
6414
6414
6413
6413
6412
6412
6412
6411
6410
6410
6409
6409
6408
6408
6408
6407
6407
6406
6404
6401
6399
6396
6395
6395
6395
6394
6394
6393
6392
6390
6389
6389
6385
6383
6381
6378
6378
6378
6377
6376
6375
6372
6371
6371
6370
6370
6369
6368
6368
6366
6365
6365
6364
6364
6363
6362
6361
6359
6358
6357
6356
6354
6353
6353
6349
6348
6346
6346
6345
6344
6344
6343
6343
6342
6342
6342
6341
6339
6339
6338
6338
6338
6337
6335
6335
6334
6334
6332
6332
6331
6328
6323
6320
6319
6319
6318
6317
6316
6315
6314
6314
6313
6312
6311
6311
6310
6309
6307
6302
6301
6297
6296
6290
6289
6288
6287
6287
6285
6285
6284
6283
6283
6283
6282
6282
6281
6281
6280
6277
6276
6274
6273
6271
6270
6269
6268
6268
6268
6267
6266
6265
6265
6264
6264
6262
6261
6260
6259
6258
6257
6256
6254
6253
6251
6250
6250
6249
6249
6247
6246
6244
6242
6239
6237
6237
6237
6236
6236
6234
6233
6232
6229
6229
6229
6228
6226
6223
6223
6223
6222
6221
6221
6218
6217
6216
6216
6216
6215
6213
6213
6211
6206
6205
6205
6203
6202
6200
6199
6199
6198
6198
6197
6197
6197
6197
6195
6195
6192
6191
6190
6188
6188
6187
6184
6184
6181
6181
6179
6178
6177
6176
6172
6171
6170
6170
6169
6166
6166
6165
6165
6162
6159
6158
6158
6157
6155
6155
6153
6150
6147
6147
6147
6146
6146
6146
6141
6140
6138
6138
6137
6137
6136
6135
6134
6133
6131
6130
6129
6129
6127
6127
6127
6126
6126
6126
6123
6123
6123
6122
6121
6121
6121
6119
6118
6117
6117
6116
6116
6112
6110
6110
6107
6107
6106
6103
6098
6098
6098
6098
6097
6096
6095
6095
6095
6094
6093
6093
6092
6089
6089
6087
6086
6086
6086
6085
6085
6084
6083
6081
6080
6079
6079
6078
6078
6077
6077
6077
6074
6073
6072
6067
6067
6066
6065
6064
6063
6063
6062
6060
6059
6057
6057
6054
6053
6052
6052
6051
6050
6049
6047
6047
6046
6046
6045
6044
6043
6039
6039
6039
6039
6038
6037
6036
6035
6035
6034
6034
6033
6031
6030
6030
6029
6029
6029
6028
6027
6027
6026
6025
6025
6024
6023
6022
6021
6021
6021
6020
6019
6018
6018
6017
6016
6015
6014
6014
6012
6012
6011
6011
6010
6010
6006
6005
6003
6002
5999
5999
5998
5997
5995
5994
5994
5992
5992
5991
5991
5991
5990
5990
5986
5986
5983
5983
5982
5980
5978
5977
5974
5971
5971
5969
5968
5968
5967
5966
5965
5965
5963
5962
5961
5960
5960
5959
5958
5958
5958
5957
5957
5957
5956
5956
5953
5953
5952
5952
5951
5950
5949
5948
5944
5941
5940
5940
5939
5935
5933
5931
5931
5929
5929
5926
5926
5924
5922
5922
5921
5920
5918
5917
5917
5916
5914
5908
5908
5908
5906
5906
5905
5904
5903
5903
5903
5902
5901
5901
5897
5897
5897
5896
5895
5894
5893
5892
5892
5891
5891
5891
5887
5887
5887
5887
5884
5883
5881
5879
5879
5876
5876
5876
5874
5874
5873
5872
5872
5870
5870
5869
5867
5865
5864
5863
5863
5862
5859
5859
5858
5858
5857
5857
5856
5856
5855
5854
5853
5852
5852
5852
5851
5851
5850
5849
5848
5848
5846
5843
5842
5841
5840
5838
5837
5837
5837
5835
5833
5832
5831
5830
5828
5827
5825
5823
5823
5821
5817
5814
5814
5814
5813
5812
5811
5811
5809
5808
5807
5805
5804
5804
5801
5801
5801
5801
5800
5800
5795
5794
5794
5793
5792
5791
5787
5786
5783
5782
5781
5781
5780
5779
5778
5778
5774
5773
5773
5772
5772
5771
5770
5769
5769
5767
5767
5767
5766
5766
5765
5763
5762
5761
5759
5759
5758
5756
5755
5754
5754
5753
5751
5748
5747
5747
5746
5746
5745
5743
5743
5742
5741
5738
5737
5736
5734
5733
5730
5730
5728
5728
5727
5727
5727
5726
5726
5725
5725
5724
5724
5723
5723
5722
5722
5717
5717
5716
5714
5712
5709
5708
5707
5707
5707
5704
5704
5701
5701
5700
5700
5697
5694
5690
5690
5687
5687
5687
5687
5685
5684
5684
5683
5683
5683
5682
5682
5681
5679
5679
5677
5676
5676
5675
5672
5672
5671
5671
5670
5669
5665
5664
5663
5662
5662
5660
5660
5659
5657
5656
5656
5651
5648
5648
5647
5646
5644
5644
5644
5643
5641
5636
5635
5634
5634
5633
5633
5633
5630
5630
5627
5626
5625
5624
5624
5623
5623
5621
5620
5619
5619
5618
5616
5615
5612
5612
5611
5610
5610
5610
5609
5608
5607
5606
5606
5604
5602
5602
5602
5601
5600
5600
5598
5595
5595
5592
5592
5591
5589
5587
5587
5585
5583
5583
5582
5582
5581
5581
5580
5580
5579
5579
5578
5578
5577
5574
5574
5573
5572
5572
5571
5570
5569
5567
5567
5565
5563
5563
5562
5561
5559
5559
5559
5559
5558
5558
5555
5555
5554
5554
5550
5549
5549
5548
5548
5547
5544
5541
5540
5538
5537
5536
5535
5535
5534
5534
5534
5532
5531
5531
5530
5529
5529
5529
5526
5526
5523
5521
5521
5518
5517
5515
5513
5513
5512
5512
5511
5510
5510
5510
5509
5509
5509
5508
5508
5507
5506
5506
5506
5505
5504
5503
5502
5502
5502
5498
5498
5497
5497
5497
5495
5495
5494
5492
5491
5491
5491
5489
5489
5489
5485
5485
5484
5482
5481
5481
5481
5480
5480
5478
5478
5477
5476
5475
5474
5473
5472
5472
5471
5470
5469
5469
5468
5468
5467
5464
5463
5463
5462
5461
5461
5460
5460
5458
5458
5456
5454
5454
5453
5453
5451
5451
5450
5445
5445
5443
5442
5442
5440
5439
5439
5438
5437
5436
5436
5435
5435
5435
5434
5431
5428
5426
5426
5425
5425
5424
5424
5423
5423
5423
5421
5419
5418
5416
5416
5416
5416
5415
5413
5412
5412
5412
5412
5408
5408
5407
5406
5406
5406
5405
5405
5403
5400
5400
5400
5397
5394
5393
5392
5391
5390
5390
5389
5389
5389
5389
5388
5387
5387
5386
5385
5384
5383
5383
5382
5382
5382
5381
5380
5379
5379
5378
5377
5377
5377
5374
5374
5372
5370
5370
5370
5368
5365
5364
5363
5363
5362
5361
5360
5359
5357
5356
5355
5354
5354
5353
5350
5345
5344
5344
5343
5340
5338
5335
5334
5334
5331
5331
5331
5329
5329
5328
5328
5327
5327
5325
5325
5325
5324
5322
5321
5321
5321
5320
5320
5319
5318
5318
5316
5314
5314
5313
5311
5310
5310
5308
5308
5308
5307
5306
5301
5300
5299
5297
5297
5296
5296
5295
5295
5293
5292
5291
5289
5288
5286
5286
5284
5282
5282
5280
5279
5279
5279
5276
5276
5275
5273
5273
5273
5272
5272
5271
5271
5271
5269
5268
5266
5262
5260
5260
5260
5259
5258
5258
5257
5257
5256
5256
5256
5255
5253
5253
5252
5251
5251
5250
5249
5249
5249
5247
5247
5247
5246
5244
5243
5242
5242
5241
5241
5241
5239
5236
5235
5235
5234
5234
5234
5233
5232
5232
5231
5228
5228
5228
5228
5227
5227
5227
5226
5223
5223
5222
5220
5219
5218
5217
5217
5216
5215
5211
5211
5210
5210
5208
5206
5204
5204
5204
5203
5199
5199
5198
5198
5198
5196
5191
5190
5190
5190
5189
5189
5188
5186
5183
5179
5176
5175
5174
5173
5172
5171
5170
5170
5169
5167
5165
5164
5164
5162
5161
5160
5160
5159
5158
5158
5158
5157
5157
5157
5157
5156
5156
5155
5154
5152
5152
5152
5151
5150
5147
5147
5143
5142
5140
5139
5139
5139
5137
5136
5133
5132
5131
5128
5126
5126
5124
5123
5123
5122
5119
5119
5118
5118
5117
5114
5114
5113
5112
5110
5109
5108
5107
5107
5105
5105
5104
5101
5101
5101
5100
5099
5099
5098
5098
5097
5097
5095
5094
5094
5094
5094
5094
5093
5092
5090
5087
5086
5085
5084
5084
5084
5083
5083
5082
5081
5080
5080
5077
5077
5077
5076
5076
5076
5072
5072
5072
5071
5070
5067
5066
5066
5066
5065
5064
5063
5062
5061
5059
5059
5059
5057
5056
5056
5054
5052
5049
5048
5047
5046
5046
5042
5042
5041
5039
5038
5038
5036
5036
5031
5030
5030
5030
5027
5027
5027
5025
5025
5024
5024
5024
5021
5019
5017
5017
5014
5014
5014
5010
5010
5006
5005
5005
5002
5000
4998
4997
4996
4994
4992
4991
4989
4988
4987
4987
4986
4985
4985
4984
4984
4982
4981
4981
4980
4979
4979
4979
4978
4972
4972
4972
4971
4971
4971
4969
4968
4966
4964
4964
4964
4962
4961
4960
4960
4958
4955
4955
4953
4951
4949
4948
4947
4944
4943
4942
4942
4942
4941
4940
4939
4937
4937
4936
4935
4935
4933
4932
4932
4932
4931
4931
4929
4929
4926
4926
4925
4924
4924
4924
4921
4920
4920
4918
4917
4917
4915
4915
4915
4914
4914
4912
4911
4910
4910
4909
4908
4908
4907
4906
4906
4906
4906
4905
4905
4903
4903
4901
4901
4900
4899
4896
4894
4893
4890
4886
4885
4885
4883
4882
4882
4881
4880
4879
4878
4877
4876
4875
4874
4873
4873
4873
4872
4869
4868
4868
4867
4867
4866
4865
4865
4865
4863
4861
4860
4860
4860
4858
4857
4857
4855
4854
4853
4851
4851
4849
4848
4848
4847
4847
4846
4845
4844
4844
4841
4839
4838
4838
4838
4838
4837
4835
4833
4827
4826
4820
4820
4819
4819
4818
4818
4818
4817
4816
4815
4814
4813
4813
4812
4811
4810
4809
4809
4807
4807
4807
4807
4806
4803
4799
4796
4796
4795
4795
4795
4793
4792
4788
4787
4787
4786
4786
4786
4785
4783
4782
4781
4781
4781
4778
4777
4776
4776
4775
4774
4772
4772
4770
4770
4769
4768
4768
4767
4766
4765
4765
4763
4762
4762
4761
4761
4757
4757
4755
4754
4752
4751
4751
4751
4751
4750
4749
4748
4746
4746
4745
4744
4743
4742
4740
4740
4738
4736
4735
4735
4733
4732
4730
4727
4727
4724
4722
4722
4721
4721
4720
4719
4719
4719
4716
4716
4715
4713
4712
4711
4711
4706
4706
4706
4703
4703
4701
4698
4697
4697
4693
4690
4690
4689
4689
4689
4688
4688
4687
4687
4686
4686
4686
4685
4684
4681
4681
4681
4680
4677
4676
4673
4673
4673
4672
4672
4670
4669
4668
4668
4668
4666
4665
4662
4661
4658
4657
4657
4656
4655
4654
4653
4653
4652
4652
4652
4652
4650
4650
4649
4646
4646
4646
4646
4645
4645
4644
4643
4643
4642
4642
4639
4639
4639
4638
4635
4635
4634
4633
4633
4630
4629
4628
4626
4623
4621
4619
4617
4617
4616
4615
4613
4612
4612
4609
4606
4599
4599
4598
4597
4597
4596
4595
4592
4585
4584
4583
4582
4581
4581
4578
4578
4578
4575
4574
4573
4573
4572
4572
4569
4567
4567
4566
4565
4563
4563
4562
4559
4559
4558
4557
4556
4552
4552
4552
4551
4550
4550
4550
4550
4549
4549
4549
4547
4547
4546
4545
4544
4542
4542
4538
4535
4535
4534
4534
4533
4532
4531
4529
4528
4527
4526
4525
4524
4524
4523
4523
4522
4521
4520
4519
4519
4519
4518
4518
4518
4517
4516
4516
4515
4514
4513
4512
4512
4509
4508
4508
4508
4507
4505
4504
4504
4503
4503
4502
4499
4499
4499
4498
4497
4496
4495
4494
4493
4492
4489
4487
4487
4486
4486
4480
4477
4476
4475
4475
4474
4471
4471
4470
4469
4469
4467
4466
4465
4461
4460
4460
4460
4460
4453
4452
4451
4450
4449
4448
4448
4447
4447
4447
4446
4445
4443
4443
4442
4442
4441
4440
4440
4439
4438
4438
4437
4436
4436
4436
4435
4435
4434
4433
4432
4431
4430
4430
4425
4424
4423
4423
4422
4421
4421
4420
4420
4419
4418
4415
4413
4413
4411
4411
4411
4411
4410
4406
4405
4405
4404
4403
4402
4402
4400
4400
4399
4398
4398
4397
4396
4396
4396
4396
4395
4395
4392
4392
4392
4391
4390
4389
4388
4387
4387
4386
4386
4386
4385
4384
4384
4384
4383
4383
4383
4383
4382
4382
4382
4381
4380
4380
4379
4379
4376
4374
4374
4373
4372
4372
4371
4369
4367
4363
4362
4362
4362
4361
4361
4360
4359
4357
4357
4356
4355
4355
4354
4353
4352
4351
4351
4351
4348
4348
4348
4347
4346
4346
4345
4344
4340
4340
4338
4338
4335
4335
4332
4331
4330
4329
4327
4327
4327
4325
4324
4324
4321
4321
4320
4319
4319
4316
4315
4314
4314
4313
4313
4312
4310
4307
4306
4304
4303
4303
4301
4301
4300
4298
4297
4296
4295
4294
4294
4294
4292
4292
4292
4291
4291
4291
4291
4289
4289
4288
4288
4287
4287
4286
4285
4285
4284
4284
4282
4282
4281
4281
4279
4279
4279
4278
4278
4278
4277
4276
4276
4275
4273
4271
4271
4269
4268
4268
4268
4266
4265
4264
4263
4261
4260
4258
4258
4257
4257
4254
4254
4253
4252
4251
4250
4244
4244
4244
4242
4241
4241
4240
4237
4235
4234
4233
4231
4230
4229
4228
4228
4225
4224
4222
4222
4221
4220
4220
4219
4219
4218
4218
4217
4217
4216
4214
4214
4213
4213
4213
4212
4211
4210
4209
4209
4206
4206
4206
4205
4204
4204
4203
4201
4199
4199
4198
4195
4193
4192
4192
4192
4191
4188
4187
4187
4186
4186
4183
4183
4182
4180
4179
4179
4179
4177
4176
4175
4174
4172
4171
4171
4169
4168
4168
4167
4165
4164
4164
4164
4163
4163
4163
4163
4162
4159
4159
4158
4157
4156
4155
4152
4150
4150
4148
4146
4146
4145
4145
4142
4140
4139
4139
4138
4136
4135
4134
4133
4132
4131
4130
4129
4129
4126
4126
4124
4122
4121
4121
4120
4120
4119
4117
4117
4117
4117
4116
4116
4114
4111
4111
4110
4110
4108
4108
4107
4106
4102
4101
4100
4100
4098
4098
4096
4096
4094
4093
4093
4092
4091
4091
4091
4091
4090
4089
4088
4086
4086
4086
4084
4084
4084
4083
4083
4082
4082
4081
4081
4080
4079
4077
4073
4073
4072
4071
4071
4070
4068
4068
4066
4065
4064
4064
4064
4063
4062
4061
4060
4060
4058
4058
4057
4057
4056
4056
4054
4052
4052
4052
4048
4046
4045
4043
4042
4039
4035
4034
4033
4033
4028
4024
4024
4023
4023
4022
4021
4020
4020
4020
4020
4019
4018
4017
4016
4014
4014
4010
4009
4009
4008
4007
4007
4007
4006
4004
4004
4003
4001
4001
4001
3996
3995
3994
3994
3994
3993
3993
3992
3991
3990
3989
3989
3988
3987
3987
3987
3983
3982
3982
3982
3978
3978
3978
3977
3974
3972
3970
3968
3965
3964
3963
3963
3962
3962
3961
3959
3959
3958
3957
3956
3956
3953
3949
3947
3947
3945
3945
3945
3945
3943
3943
3942
3941
3939
3938
3938
3938
3937
3935
3931
3931
3930
3930
3929
3927
3926
3926
3925
3925
3925
3924
3923
3922
3922
3922
3921
3921
3920
3917
3917
3914
3914
3914
3913
3913
3913
3911
3909
3908
3908
3907
3906
3904
3904
3904
3901
3900
3899
3899
3897
3895
3895
3894
3892
3892
3891
3891
3890
3888
3888
3884
3883
3882
3881
3881
3880
3879
3879
3878
3878
3878
3876
3876
3874
3869
3868
3866
3865
3864
3864
3863
3862
3862
3859
3859
3859
3858
3857
3856
3856
3856
3856
3855
3854
3850
3850
3850
3850
3850
3849
3849
3849
3848
3848
3848
3847
3846
3844
3843
3842
3842
3841
3841
3840
3839
3839
3838
3838
3835
3833
3833
3832
3831
3829
3828
3827
3827
3825
3825
3823
3823
3821
3821
3820
3820
3816
3816
3815
3815
3814
3814
3814
3814
3809
3807
3807
3806
3805
3805
3803
3803
3800
3799
3798
3797
3792
3791
3790
3789
3785
3783
3782
3781
3780
3780
3779
3779
3777
3777
3776
3776
3776
3774
3774
3773
3772
3770
3769
3768
3768
3764
3762
3762
3761
3761
3761
3759
3758
3757
3757
3755
3752
3748
3748
3748
3748
3747
3745
3745
3741
3741
3740
3740
3739
3739
3738
3737
3737
3736
3735
3733
3732
3729
3728
3724
3722
3722
3721
3719
3719
3718
3717
3716
3716
3716
3715
3714
3713
3711
3711
3711
3710
3709
3709
3709
3708
3707
3707
3707
3706
3705
3704
3704
3702
3702
3700
3699
3697
3695
3695
3695
3694
3691
3691
3691
3690
3688
3688
3688
3687
3686
3686
3685
3684
3682
3681
3681
3680
3680
3679
3679
3679
3678
3676
3675
3675
3674
3674
3674
3673
3673
3672
3672
3672
3670
3668
3668
3665
3665
3662
3661
3657
3657
3656
3656
3653
3652
3650
3649
3648
3647
3645
3643
3641
3641
3641
3639
3638
3638
3637
3637
3636
3635
3633
3632
3632
3631
3631
3629
3627
3627
3625
3622
3621
3620
3619
3618
3618
3617
3616
3616
3615
3615
3614
3610
3609
3609
3605
3605
3603
3603
3602
3601
3600
3599
3599
3597
3597
3596
3593
3593
3587
3587
3585
3584
3579
3579
3578
3576
3575
3575
3574
3574
3574
3573
3570
3570
3569
3568
3568
3566
3564
3564
3562
3562
3560
3558
3557
3557
3557
3555
3555
3554
3554
3553
3552
3551
3549
3549
3548
3546
3544
3544
3544
3543
3543
3539
3539
3538
3538
3535
3534
3534
3534
3531
3531
3529
3526
3524
3522
3522
3521
3521
3521
3520
3519
3518
3518
3518
3518
3517
3517
3516
3516
3515
3515
3514
3513
3512
3512
3512
3510
3510
3509
3508
3507
3506
3506
3506
3506
3506
3506
3505
3505
3505
3504
3504
3501
3501
3501
3500
3500
3499
3498
3496
3495
3493
3492
3492
3492
3489
3488
3488
3488
3486
3485
3483
3483
3482
3480
3480
3479
3478
3477
3477
3476
3476
3476
3475
3473
3473
3472
3472
3471
3469
3468
3465
3465
3465
3464
3463
3462
3460
3459
3459
3457
3457
3455
3454
3453
3453
3452
3452
3451
3450
3450
3449
3448
3448
3447
3446
3445
3445
3444
3443
3441
3439
3437
3437
3436
3435
3434
3434
3433
3433
3433
3432
3429
3429
3428
3428
3427
3427
3427
3426
3425
3425
3424
3424
3423
3422
3421
3420
3419
3418
3417
3417
3416
3414
3413
3413
3411
3409
3409
3408
3407
3406
3405
3404
3403
3403
3402
3401
3401
3400
3393
3391
3391
3390
3389
3389
3389
3389
3388
3388
3387
3386
3386
3385
3384
3384
3383
3379
3378
3378
3378
3377
3376
3375
3374
3372
3372
3372
3371
3370
3368
3367
3367
3365
3364
3362
3360
3360
3358
3358
3358
3357
3357
3357
3357
3356
3356
3353
3351
3348
3347
3347
3346
3346
3343
3340
3340
3339
3336
3336
3333
3333
3331
3331
3331
3330
3330
3330
3329
3329
3328
3327
3327
3326
3325
3324
3324
3322
3321
3319
3319
3318
3317
3316
3314
3314
3313
3313
3308
3305
3305
3303
3303
3301
3297
3297
3296
3296
3296
3295
3294
3294
3294
3293
3293
3288
3287
3287
3286
3286
3283
3282
3279
3279
3278
3277
3276
3276
3275
3274
3274
3273
3273
3272
3271
3271
3271
3271
3268
3268
3266
3266
3266
3263
3260
3259
3258
3257
3257
3257
3256
3256
3254
3254
3254
3254
3253
3253
3252
3252
3251
3251
3250
3247
3245
3245
3243
3242
3242
3241
3239
3237
3236
3235
3229
3228
3226
3225
3224
3223
3221
3220
3218
3218
3218
3217
3216
3216
3215
3214
3213
3213
3212
3212
3211
3211
3210
3209
3208
3208
3208
3207
3206
3205
3204
3203
3203
3203
3203
3203
3202
3200
3200
3199
3199
3196
3196
3194
3193
3192
3191
3191
3191
3191
3190
3189
3189
3187
3187
3184
3183
3182
3182
3176
3176
3172
3169
3168
3166
3166
3163
3162
3161
3160
3159
3159
3159
3158
3157
3156
3155
3153
3151
3149
3149
3144
3144
3142
3142
3141
3140
3137
3136
3134
3131
3129
3129
3127
3127
3125
3125
3124
3123
3123
3122
3122
3121
3121
3121
3120
3119
3117
3116
3115
3115
3114
3114
3112
3108
3108
3107
3105
3104
3099
3097
3095
3093
3090
3090
3089
3087
3087
3086
3085
3085
3085
3083
3083
3082
3082
3081
3080
3079
3078
3077
3074
3073
3073
3072
3071
3070
3068
3067
3067
3067
3066
3065
3062
3060
3058
3058
3057
3055
3054
3052
3052
3051
3051
3050
3050
3048
3047
3046
3045
3043
3043
3042
3041
3041
3040
3040
3038
3036
3036
3035
3034
3033
3032
3032
3031
3031
3031
3030
3027
3025
3024
3024
3023
3022
3020
3016
3016
3015
3015
3013
3013
3011
3011
3011
3007
3006
3006
3005
3005
3004
3004
3001
3000
3000
3000
2999
2998
2998
2996
2996
2996
2996
2996
2995
2995
2995
2994
2993
2993
2993
2993
2992
2991
2989
2988
2987
2979
2978
2976
2976
2975
2975
2973
2972
2970
2970
2970
2968
2968
2968
2968
2967
2964
2963
2961
2961
2961
2960
2960
2959
2958
2957
2955
2952
2952
2947
2947
2944
2943
2942
2941
2941
2941
2941
2939
2938
2936
2936
2935
2935
2934
2934
2933
2933
2932
2931
2931
2931
2929
2929
2928
2926
2926
2925
2925
2924
2924
2923
2921
2916
2915
2915
2912
2912
2911
2911
2910
2910
2909
2908
2906
2906
2906
2905
2904
2903
2901
2901
2900
2900
2898
2897
2894
2894
2890
2889
2889
2888
2888
2887
2887
2886
2885
2884
2883
2883
2883
2882
2881
2881
2881
2879
2879
2879
2878
2876
2876
2875
2874
2873
2873
2872
2871
2871
2869
2868
2868
2866
2865
2864
2862
2862
2861
2860
2860
2859
2858
2857
2854
2854
2853
2852
2851
2849
2848
2848
2846
2844
2843
2842
2842
2841
2841
2840
2839
2837
2836
2836
2836
2836
2834
2832
2832
2832
2830
2830
2829
2828
2827
2827
2827
2826
2825
2825
2824
2822
2822
2821
2821
2819
2819
2817
2816
2815
2815
2812
2812
2810
2810
2810
2810
2809
2808
2807
2806
2805
2805
2800
2797
2797
2794
2793
2793
2792
2792
2792
2792
2791
2789
2788
2787
2785
2785
2784
2783
2782
2781
2781
2779
2779
2778
2778
2777
2777
2776
2775
2773
2773
2773
2772
2771
2770
2769
2768
2766
2765
2765
2764
2764
2764
2763
2760
2759
2759
2758
2756
2755
2754
2753
2751
2751
2750
2747
2747
2744
2743
2743
2742
2738
2738
2737
2737
2737
2736
2736
2735
2735
2733
2733
2731
2730
2730
2730
2730
2729
2728
2727
2727
2726
2726
2725
2724
2724
2722
2721
2721
2721
2720
2718
2717
2716
2716
2715
2715
2715
2715
2714
2713
2711
2710
2710
2709
2707
2707
2705
2705
2704
2704
2704
2703
2703
2703
2702
2702
2702
2701
2701
2699
2698
2697
2697
2694
2694
2694
2692
2689
2689
2688
2686
2684
2678
2678
2678
2677
2677
2676
2675
2675
2674
2674
2674
2674
2672
2671
2671
2670
2670
2668
2667
2666
2666
2664
2664
2661
2657
2656
2656
2653
2653
2653
2652
2651
2651
2651
2651
2649
2645
2644
2642
2642
2641
2641
2641
2641
2641
2640
2638
2637
2636
2635
2635
2634
2634
2633
2633
2633
2632
2632
2632
2631
2630
2630
2628
2627
2625
2625
2625
2624
2623
2622
2621
2620
2620
2619
2619
2618
2618
2618
2616
2615
2615
2614
2613
2612
2612
2611
2610
2610
2608
2608
2607
2606
2606
2605
2605
2604
2604
2603
2603
2603
2603
2601
2601
2600
2599
2597
2597
2595
2594
2592
2588
2588
2588
2586
2585
2585
2584
2584
2583
2583
2582
2581
2580
2578
2578
2577
2577
2577
2577
2574
2574
2572
2571
2568
2568
2565
2565
2564
2564
2559
2559
2557
2554
2553
2553
2552
2551
2551
2549
2546
2546
2542
2542
2541
2540
2540
2539
2539
2538
2537
2536
2536
2535
2535
2535
2534
2534
2533
2533
2533
2531
2529
2529
2529
2528
2527
2525
2522
2522
2521
2521
2520
2519
2518
2518
2518
2517
2516
2515
2515
2513
2512
2511
2511
2511
2510
2510
2508
2506
2506
2505
2505
2505
2504
2502
2501
2501
2500
2500
2499
2499
2497
2494
2493
2490
2490
2490
2488
2487
2485
2485
2483
2481
2479
2478
2477
2477
2477
2477
2475
2475
2474
2472
2471
2471
2470
2468
2468
2466
2466
2466
2465
2463
2461
2461
2461
2458
2458
2458
2456
2456
2455
2453
2450
2450
2448
2447
2446
2446
2444
2443
2443
2443
2442
2441
2441
2441
2439
2439
2439
2438
2435
2435
2435
2435
2435
2433
2433
2433
2432
2432
2431
2431
2431
2429
2427
2426
2425
2425
2424
2423
2422
2419
2419
2419
2418
2418
2416
2415
2413
2409
2407
2407
2406
2405
2404
2403
2403
2403
2402
2401
2401
2400
2399
2399
2398
2398
2397
2396
2396
2395
2394
2389
2389
2389
2384
2384
2383
2383
2379
2377
2376
2376
2375
2373
2373
2371
2371
2369
2369
2368
2366
2365
2365
2365
2363
2361
2360
2359
2359
2358
2356
2356
2355
2355
2354
2353
2353
2352
2351
2350
2350
2350
2349
2349
2348
2347
2346
2345
2345
2342
2342
2342
2341
2337
2337
2337
2336
2334
2334
2334
2331
2329
2325
2324
2321
2321
2320
2316
2313
2313
2313
2312
2311
2309
2308
2307
2306
2306
2304
2304
2303
2302
2297
2296
2296
2295
2294
2293
2290
2290
2288
2288
2287
2286
2285
2285
2284
2283
2283
2282
2281
2280
2277
2276
2274
2274
2273
2272
2270
2270
2270
2269
2264
2262
2261
2261
2260
2258
2256
2255
2254
2252
2252
2250
2250
2249
2249
2248
2247
2245
2244
2242
2242
2240
2237
2237
2237
2237
2236
2234
2233
2233
2229
2226
2226
2223
2223
2223
2222
2222
2219
2218
2218
2217
2216
2215
2215
2215
2214
2213
2212
2211
2207
2204
2204
2202
2201
2199
2198
2198
2196
2196
2195
2195
2193
2191
2191
2191
2191
2187
2183
2183
2182
2180
2179
2178
2178
2176
2175
2175
2174
2173
2172
2168
2167
2167
2166
2164
2164
2162
2162
2162
2160
2160
2159
2158
2158
2155
2153
2153
2152
2152
2151
2150
2150
2150
2149
2149
2149
2148
2147
2147
2146
2146
2144
2144
2143
2143
2143
2142
2141
2140
2140
2137
2137
2137
2136
2134
2134
2128
2128
2128
2128
2126
2126
2126
2125
2125
2125
2124
2124
2122
2122
2121
2121
2118
2117
2115
2115
2115
2114
2113
2113
2112
2110
2109
2109
2109
2108
2108
2108
2106
2106
2106
2106
2103
2103
2102
2102
2101
2099
2095
2095
2094
2094
2094
2092
2088
2088
2087
2087
2087
2087
2084
2083
2083
2082
2079
2078
2077
2076
2076
2076
2076
2075
2074
2073
2071
2070
2069
2068
2066
2066
2065
2064
2062
2059
2058
2058
2058
2058
2055
2055
2054
2054
2052
2051
2050
2049
2047
2045
2044
2043
2043
2041
2041
2041
2041
2040
2040
2039
2038
2036
2036
2035
2035
2035
2034
2033
2032
2030
2029
2026
2025
2022
2022
2021
2021
2021
2020
2020
2019
2014
2013
2013
2013
2012
2012
2011
2010
2009
2008
2007
2006
2005
2005
2005
2004
2001
1999
1998
1997
1996
1996
1995
1995
1995
1995
1994
1993
1992
1989
1987
1985
1983
1983
1982
1982
1981
1979
1979
1979
1979
1978
1978
1977
1976
1975
1974
1974
1971
1971
1971
1970
1969
1968
1968
1967
1966
1966
1966
1965
1965
1965
1963
1963
1962
1960
1960
1959
1959
1957
1957
1956
1956
1956
1955
1954
1954
1953
1951
1948
1947
1946
1945
1945
1945
1945
1943
1942
1942
1940
1939
1939
1938
1936
1936
1936
1936
1933
1933
1932
1931
1930
1930
1929
1929
1928
1928
1928
1927
1927
1926
1925
1925
1924
1924
1923
1923
1922
1922
1922
1922
1922
1920
1918
1917
1916
1913
1912
1912
1912
1911
1910
1910
1909
1907
1905
1905
1902
1901
1901
1901
1901
1900
1900
1898
1897
1897
1896
1894
1894
1894
1893
1890
1889
1889
1889
1888
1888
1888
1887
1885
1885
1884
1883
1883
1880
1880
1880
1880
1879
1879
1878
1878
1878
1875
1875
1875
1874
1874
1873
1873
1871
1868
1868
1868
1867
1863
1862
1861
1861
1857
1856
1856
1854
1854
1854
1853
1851
1850
1850
1849
1848
1847
1845
1844
1844
1843
1841
1839
1839
1839
1837
1835
1835
1835
1834
1834
1833
1833
1833
1832
1830
1829
1829
1829
1828
1828
1827
1827
1826
1826
1826
1825
1824
1822
1822
1821
1820
1820
1817
1814
1813
1810
1809
1809
1808
1807
1807
1806
1805
1803
1801
1801
1800
1799
1798
1797
1796
1796
1795
1794
1794
1793
1792
1791
1790
1790
1790
1788
1787
1785
1784
1783
1780
1779
1779
1779
1779
1778
1777
1777
1776
1776
1776
1775
1775
1775
1773
1772
1771
1768
1767
1766
1764
1763
1762
1762
1761
1760
1759
1758
1756
1756
1756
1755
1755
1754
1752
1752
1752
1750
1750
1749
1746
1745
1741
1740
1740
1737
1736
1735
1735
1731
1731
1731
1730
1730
1727
1726
1724
1724
1722
1721
1721
1720
1720
1719
1717
1717
1715
1714
1714
1714
1713
1711
1711
1708
1707
1705
1704
1704
1701
1700
1699
1697
1697
1696
1694
1693
1693
1692
1690
1688
1687
1686
1686
1685
1684
1683
1682
1679
1679
1678
1677
1677
1677
1676
1675
1674
1672
1671
1671
1670
1669
1668
1666
1666
1666
1664
1662
1661
1660
1659
1659
1659
1658
1658
1657
1657
1656
1654
1651
1651
1651
1650
1650
1649
1649
1648
1648
1648
1648
1645
1644
1643
1643
1640
1639
1638
1637
1636
1635
1635
1634
1633
1633
1632
1632
1630
1629
1628
1628
1626
1625
1624
1623
1622
1622
1621
1620
1620
1619
1618
1618
1617
1617
1617
1616
1615
1615
1612
1612
1612
1612
1610
1609
1608
1606
1605
1604
1603
1602
1601
1601
1599
1599
1598
1597
1596
1595
1595
1595
1594
1592
1590
1590
1590
1585
1583
1582
1582
1581
1581
1581
1580
1579
1579
1578
1578
1575
1574
1573
1572
1572
1571
1570
1570
1569
1569
1568
1567
1566
1565
1564
1563
1563
1563
1556
1555
1553
1553
1552
1550
1546
1546
1544
1544
1543
1542
1542
1539
1539
1536
1532
1532
1532
1532
1531
1529
1529
1528
1527
1527
1526
1525
1522
1519
1519
1518
1516
1516
1515
1514
1513
1512
1510
1510
1508
1507
1507
1503
1503
1501
1501
1501
1500
1499
1499
1499
1498
1497
1496
1495
1494
1492
1491
1491
1489
1487
1487
1487
1484
1483
1483
1482
1482
1481
1481
1480
1478
1478
1476
1476
1474
1474
1472
1472
1470
1470
1470
1469
1465
1465
1464
1464
1463
1462
1462
1460
1459
1458
1458
1458
1458
1457
1457
1455
1455
1454
1453
1453
1451
1447
1446
1445
1444
1443
1443
1441
1441
1439
1438
1438
1437
1437
1436
1436
1435
1435
1435
1434
1433
1432
1431
1431
1429
1428
1427
1425
1424
1423
1423
1422
1422
1422
1421
1420
1419
1416
1416
1414
1414
1413
1413
1412
1411
1411
1411
1410
1410
1410
1408
1408
1408
1406
1404
1403
1402
1401
1400
1399
1399
1398
1397
1396
1393
1393
1393
1388
1385
1384
1384
1383
1382
1382
1381
1380
1379
1378
1378
1376
1376
1375
1374
1374
1374
1370
1370
1370
1369
1368
1368
1367
1367
1366
1366
1365
1364
1363
1362
1362
1360
1360
1359
1359
1359
1353
1353
1352
1351
1346
1346
1345
1342
1342
1342
1341
1339
1339
1339
1338
1333
1330
1328
1328
1327
1326
1322
1319
1319
1317
1317
1316
1314
1314
1313
1313
1313
1312
1311
1311
1308
1308
1307
1306
1305
1304
1304
1304
1303
1302
1301
1301
1301
1300
1299
1297
1296
1296
1294
1294
1293
1293
1292
1291
1291
1291
1290
1288
1285
1283
1283
1283
1283
1282
1282
1281
1280
1280
1279
1278
1277
1276
1275
1274
1274
1274
1274
1271
1270
1270
1269
1267
1265
1262
1262
1261
1261
1258
1255
1255
1254
1252
1252
1251
1249
1246
1246
1246
1244
1242
1242
1242
1241
1241
1241
1240
1240
1237
1234
1234
1233
1233
1231
1231
1230
1230
1228
1227
1225
1225
1224
1223
1223
1222
1221
1218
1218
1218
1216
1216
1214
1214
1210
1206
1205
1205
1201
1198
1198
1198
1197
1197
1194
1193
1191
1190
1188
1188
1187
1185
1183
1182
1182
1182
1181
1181
1180
1178
1178
1178
1177
1177
1175
1175
1175
1174
1173
1173
1168
1168
1166
1165
1165
1165
1164
1163
1161
1161
1160
1160
1157
1156
1155
1155
1153
1153
1152
1150
1150
1149
1148
1147
1145
1145
1144
1144
1143
1142
1140
1139
1139
1138
1137
1136
1136
1134
1134
1132
1131
1131
1130
1129
1124
1123
1122
1121
1121
1121
1120
1120
1119
1118
1116
1116
1116
1114
1112
1109
1108
1108
1107
1107
1107
1107
1105
1105
1104
1103
1102
1102
1102
1098
1097
1096
1095
1090
1089
1089
1088
1087
1087
1087
1086
1085
1084
1083
1081
1081
1081
1080
1076
1076
1075
1074
1073
1071
1070
1069
1068
1068
1068
1067
1066
1066
1065
1065
1065
1063
1062
1062
1061
1059
1058
1057
1056
1054
1054
1053
1053
1052
1052
1052
1047
1047
1046
1046
1043
1043
1042
1038
1037
1035
1033
1031
1031
1030
1030
1029
1029
1027
1027
1026
1026
1026
1025
1025
1025
1024
1024
1021
1020
1019
1019
1014
1014
1012
1011
1010
1008
1005
1005
1005
999
998
996
995
994
994
993
992
992
991
990
990
986
985
984
983
983
982
982
981
978
978
976
974
973
973
972
970
969
968
968
968
967
966
963
963
963
962
961
961
960
960
959
959
957
957
955
954
953
948
946
946
944
943
943
941
940
940
939
938
934
934
933
933
933
932
931
929
929
929
929
928
928
926
925
924
923
922
921
921
917
917
917
916
914
914
914
913
912
912
911
911
910
909
908
907
906
902
902
900
900
898
897
896
896
896
894
892
891
889
889
887
887
887
886
885
883
883
882
882
882
881
881
881
879
878
878
878
878
877
877
877
875
874
874
873
873
872
872
872
870
870
869
867
864
862
860
860
858
858
856
856
856
855
854
852
851
851
850
849
848
847
846
845
844
842
841
841
840
840
840
839
838
838
837
836
836
836
836
835
834
833
833
833
832
831
828
823
823
822
820
820
818
816
815
815
814
814
814
813
812
810
809
808
808
808
807
806
806
805
804
803
802
801
800
800
799
798
798
796
796
795
794
792
791
790
789
789
789
789
787
786
786
783
780
780
779
779
778
777
777
775
773
772
771
770
769
767
766
764
764
763
763
762
762
762
759
756
755
753
752
752
751
750
749
748
747
746
745
745
745
744
741
740
737
735
734
734
734
733
733
732
731
729
725
725
724
722
721
721
720
720
719
719
719
717
717
717
716
716
714
714
712
712
711
711
709
708
708
708
708
706
706
703
702
702
701
700
698
697
696
694
693
693
692
691
690
688
688
687
687
685
685
681
681
679
678
677
677
676
675
675
672
672
671
670
669
668
667
667
666
666
665
663
663
662
662
656
655
654
653
652
652
650
649
649
648
647
646
644
643
642
641
641
639
639
639
639
637
636
635
635
634
633
632
630
629
628
628
628
626
625
623
619
619
618
615
615
614
614
612
612
612
612
612
611
611
610
610
608
607
605
604
602
601
600
598
595
593
593
592
592
590
589
589
588
588
587
585
584
584
583
583
583
583
580
580
580
580
580
579
577
576
574
573
573
572
572
572
569
569
566
564
564
564
563
562
562
561
561
557
557
557
555
554
553
553
553
552
552
550
549
549
549
548
547
545
545
544
542
540
540
537
537
537
536
536
536
533
533
530
530
529
527
527
525
524
517
517
515
515
510
510
508
505
504
504
503
501
501
501
500
500
495
494
491
490
489
488
487
486
485
485
484
484
484
483
483
482
481
481
480
479
476
475
474
474
474
473
471
471
470
469
468
467
466
465
464
464
463
461
461
460
460
460
459
458
458
453
452
451
451
450
449
448
447
445
442
442
441
440
439
438
437
437
436
434
433
433
432
430
430
430
426
424
424
420
420
420
419
419
418
418
418
416
414
413
413
412
412
411
411
410
409
407
406
405
405
404
404
402
401
400
399
399
398
398
397
397
395
395
395
394
394
393
391
390
389
388
387
386
385
385
385
384
384
382
381
381
380
377
376
370
369
368
367
364
364
363
363
361
361
358
357
355
355
355
354
351
347
343
343
339
338
337
337
337
336
335
333
333
333
333
333
333
333
333
333
332
331
330
330
324
324
323
321
320
319
318
316
315
314
311
310
308
308
306
306
306
296
296
293
293
290
289
288
287
287
286
285
285
285
284
284
283
283
283
282
282
282
281
281
281
280
280
279
279
279
277
277
275
275
274
274
273
272
272
271
271
270
269
268
266
266
263
262
262
261
259
259
258
258
256
254
254
250
250
249
246
246
245
245
244
244
243
242
241
241
241
240
237
237
236
234
233
232
232
232
231
229
229
229
229
227
225
223
222
222
221
221
219
218
218
214
213
213
213
213
213
211
211
209
208
207
207
206
206
205
204
204
203
203
201
200
198
197
197
190
189
189
188
187
184
183
183
182
181
180
180
180
180
178
178
176
175
174
172
171
170
169
168
167
167
167
166
165
165
164
163
161
160
155
155
152
148
147
147
147
146
144
144
144
143
142
142
142
139
139
139
137
136
136
135
134
134
133
133
132
129
129
128
128
127
126
124
124
123
123
122
122
121
120
119
117
115
115
114
114
113
113
111
110
110
109
108
108
107
106
106
104
104
104
103
102
100
100
97
97
97
93
93
91
91
91
89
89
88
87
86
84
81
80
78
77
77
76
75
75
73
73
73
72
72
69
68
67
66
65
64
63
63
61
61
61
58
54
50
50
49
49
47
46
46
46
45
45
44
44
43
42
42
42
41
40
39
39
38
36
33
33
32
32
32
30
30
30
29
28
27
27
25
22
22
21
21
19
19
19
19
18
17
16
13
12
11
10
9
9
5
4
3
3
2
1
1
0
