9996
9994
9993
9989
9986
9985
9985
9984
9982
9981
9981
9979
9976
9975
9975
9972
9972
9969
9969
9968
9968
9967
9966
9966
9966
9963
9963
9962
9962
9959
9958
9957
9955
9955
9955
9955
9954
9954
9952
9950
9950
9948
9947
9946
9945
9943
9941
9940
9939
9939
9938
9935
9934
9933
9932
9932
9932
9929
9927
9927
9925
9925
9923
9922
9921
9919
9919
9919
9916
9915
9914
9910
9909
9909
9906
9905
9904
9903
9903
9902
9900
9898
9898
9898
9896
9895
9895
9895
9892
9892
9892
9892
9891
9890
9889
9889
9888
9887
9885
9885
9884
9884
9883
9882
9880
9878
9878
9877
9876
9875
9875
9874
9873
9873
9873
9872
9871
9871
9870
9869
9869
9867
9866
9865
9865
9865
9865
9863
9863
9862
9859
9857
9857
9856
9855
9854
9850
9850
9850
9849
9849
9849
9848
9848
9847
9847
9846
9846
9845
9845
9845
9844
9843
9841
9839
9837
9836
9836
9833
9833
9832
9827
9826
9826
9824
9824
9823
9822
9821
9821
9821
9820
9819
9818
9818
9818
9818
9817
9815
9815
9815
9814
9814
9813
9812
9811
9810
9810
9809
9806
9805
9805
9805
9803
9802
9800
9800
9797
9797
9797
9794
9793
9792
9791
9790
9790
9787
9785
9784
9783
9783
9783
9781
9781
9780
9778
9778
9778
9777
9773
9773
9772
9770
9770
9768
9768
9768
9767
9767
9766
9766
9766
9765
9765
9765
9765
9764
9763
9763
9763
9763
9763
9762
9762
9760
9760
9759
9758
9757
9756
9755
9754
9753
9752
9752
9752
9751
9750
9748
9747
9746
9746
9746
9746
9741
9740
9740
9739
9737
9736
9736
9734
9732
9732
9730
9729
9728
9724
9723
9722
9721
9721
9718
9718
9718
9718
9716
9716
9716
9715
9714
9710
9710
9709
9707
9707
9705
9702
9701
9700
9699
9696
9696
9695
9694
9694
9693
9693
9691
9690
9689
9689
9688
9687
9687
9687
9687
9686
9685
9685
9680
9680
9679
9679
9678
9676
9674
9673
9670
9669
9669
9668
9666
9666
9665
9664
9663
9662
9662
9661
9661
9660
9659
9658
9657
9657
9657
9653
9653
9650
9649
9649
9647
9643
9642
9640
9639
9638
9638
9638
9638
9638
9636
9636
9635
9634
9630
9629
9628
9628
9626
9625
9624
9624
9622
9621
9621
9619
9618
9617
9613
9613
9613
9612
9611
9611
9610
9610
9610
9606
9606
9606
9605
9605
9604
9602
9601
9601
9597
9596
9595
9594
9594
9593
9592
9588
9587
9586
9583
9583
9583
9583
9582
9582
9581
9580
9579
9577
9575
9575
9574
9573
9573
9572
9568
9567
9566
9565
9565
9565
9565
9565
9564
9562
9562
9561
9560
9558
9557
9555
9554
9553
9553
9553
9552
9551
9550
9550
9547
9543
9543
9543
9543
9541
9538
9537
9535
9535
9535
9535
9535
9535
9535
9532
9530
9530
9529
9527
9527
9525
9523
9520
9519
9518
9517
9517
9514
9514
9512
9512
9512
9512
9511
9511
9511
9510
9509
9507
9505
9505
9503
9502
9502
9502
9501
9499
9499
9499
9499
9496
9495
9495
9494
9492
9490
9490
9488
9485
9484
9479
9478
9478
9476
9476
9475
9473
9470
9469
9466
9464
9463
9463
9462
9462
9460
9459
9458
9455
9455
9455
9454
9450
9450
9449
9449
9448
9445
9445
9445
9444
9444
9442
9440
9438
9438
9438
9438
9437
9436
9434
9434
9433
9432
9432
9432
9432
9431
9429
9428
9427
9427
9425
9424
9424
9422
9422
9419
9419
9415
9414
9414
9413
9411
9410
9409
9408
9407
9407
9405
9405
9404
9403
9403
9401
9400
9400
9400
9399
9398
9398
9397
9397
9394
9394
9394
9393
9393
9391
9390
9388
9387
9384
9384
9381
9380
9377
9376
9376
9376
9375
9375
9374
9372
9371
9371
9369
9368
9367
9367
9367
9365
9362
9359
9358
9357
9353
9351
9351
9349
9348
9346
9345
9343
9342
9340
9340
9340
9339
9338
9337
9337
9336
9335
9335
9332
9329
9326
9326
9326
9326
9322
9322
9320
9318
9318
9317
9317
9315
9314
9314
9313
9310
9308
9307
9307
9307
9304
9303
9302
9300
9300
9297
9297
9295
9294
9293
9292
9292
9288
9288
9283
9282
9281
9281
9280
9279
9278
9275
9275
9274
9273
9273
9272
9270
9270
9269
9269
9269
9268
9266
9265
9264
9264
9263
9261
9260
9260
9259
9259
9258
9258
9257
9256
9256
9256
9256
9255
9255
9255
9255
9254
9254
9253
9253
9251
9250
9248
9246
9245
9245
9244
9244
9240
9239
9239
9236
9235
9232
9229
9227
9227
9225
9225
9225
9223
9219
9219
9218
9218
9218
9218
9217
9217
9215
9213
9211
9210
9208
9208
9204
9204
9204
9204
9202
9201
9201
9201
9201
9200
9198
9196
9193
9192
9191
9190
9189
9189
9188
9188
9187
9187
9187
9185
9184
9184
9183
9181
9180
9180
9178
9177
9174
9174
9174
9173
9172
9171
9169
9169
9169
9169
9166
9166
9165
9165
9163
9161
9160
9160
9157
9156
9152
9150
9149
9148
9147
9145
9142
9141
9139
9137
9136
9136
9134
9133
9126
9126
9125
9124
9124
9123
9121
9120
9120
9119
9117
9115
9115
9115
9111
9109
9108
9108
9107
9106
9106
9105
9100
9099
9099
9096
9096
9096
9094
9094
9094
9093
9092
9089
9088
9088
9087
9086
9086
9086
9084
9084
9083
9083
9083
9080
9080
9079
9078
9077
9077
9077
9077
9075
9075
9073
9073
9073
9072
9071
9070
9069
9069
9069
9068
9068
9068
9067
9067
9066
9065
9065
9064
9062
9061
9058
9055
9054
9054
9054
9053
9053
9053
9052
9052
9052
9050
9050
9050
9048
9047
9043
9043
9043
9042
9041
9040
9040
9040
9037
9036
9034
9031
9031
9030
9030
9030
9028
9028
9026
9026
9025
9025
9024
9023
9020
9020
9018
9018
9018
9016
9016
9014
9013
9012
9010
9007
9007
9003
9003
9003
9002
9001
8999
8999
8999
8998
8998
8995
8995
8995
8993
8992
8990
8990
8990
8989
8988
8988
8985
8985
8984
8983
8983
8982
8980
8977
8976
8973
8971
8970
8970
8964
8964
8959
8958
8955
8954
8953
8952
8951
8950
8949
8949
8948
8948
8946
8945
8945
8944
8944
8944
8944
8944
8943
8942
8942
8941
8940
8940
8938
8937
8934
8933
8933
8932
8931
8931
8929
8929
8926
8926
8923
8922
8921
8921
8920
8916
8915
8912
8912
8908
8908
8908
8904
8902
8902
8902
8901
8900
8900
8900
8899
8899
8898
8895
8895
8895
8892
8892
8890
8887
8886
8886
8885
8885
8885
8884
8883
8882
8882
8879
8878
8878
8877
8876
8876
8872
8869
8868
8866
8866
8865
8862
8858
8858
8857
8853
8852
8852
8852
8852
8850
8849
8846
8845
8845
8843
8843
8842
8841
8840
8839
8838
8838
8838
8837
8836
8836
8834
8834
8833
8833
8832
8831
8829
8829
8827
8825
8825
8824
8824
8823
8823
8822
8820
8818
8818
8817
8817
8815
8814
8814
8813
8812
8811
8811
8810
8810
8810
8809
8808
8807
8806
8804
8803
8803
8802
8801
8801
8799
8799
8798
8797
8797
8797
8796
8794
8794
8792
8792
8790
8787
8787
8787
8786
8785
8785
8784
8782
8781
8781
8781
8781
8780
8779
8779
8777
8777
8777
8772
8771
8770
8768
8768
8768
8766
8765
8764
8764
8762
8760
8759
8759
8759
8758
8757
8757
8757
8755
8753
8751
8747
8746
8745
8745
8744
8743
8741
8741
8741
8739
8739
8738
8738
8737
8735
8734
8732
8731
8730
8730
8729
8727
8727
8727
8726
8725
8724
8724
8723
8723
8723
8721
8721
8721
8719
8717
8717
8716
8715
8713
8712
8711
8710
8707
8707
8706
8706
8705
8703
8703
8703
8703
8699
8698
8698
8697
8695
8694
8693
8691
8691
8687
8687
8686
8686
8686
8683
8682
8680
8680
8679
8676
8676
8676
8676
8676
8674
8674
8673
8672
8671
8671
8671
8671
8670
8670
8670
8669
8667
8667
8666
8666
8664
8663
8662
8661
8660
8659
8658
8657
8656
8655
8654
8654
8654
8649
8648
8647
8647
8645
8645
8644
8643
8642
8642
8640
8638
8638
8636
8634
8634
8633
8631
8629
8628
8625
8625
8623
8622
8622
8618
8616
8615
8615
8614
8614
8612
8612
8611
8609
8608
8608
8605
8605
8605
8605
8605
8603
8603
8602
8602
8598
8597
8596
8595
8591
8591
8590
8589
8589
8587
8585
8584
8584
8582
8582
8581
8581
8580
8579
8577
8575
8572
8572
8571
8571
8570
8570
8569
8568
8568
8567
8567
8566
8564
8563
8561
8558
8557
8557
8557
8557
8556
8555
8555
8553
8553
8551
8551
8551
8550
8550
8549
8548
8548
8547
8546
8546
8545
8544
8544
8544
8543
8542
8541
8541
8540
8538
8537
8537
8537
8536
8535
8534
8534
8534
8532
8530
8530
8527
8525
8525
8524
8524
8522
8521
8520
8518
8518
8515
8514
8513
8512
8511
8510
8510
8509
8507
8505
8504
8504
8502
8500
8499
8498
8498
8497
8495
8492
8491
8490
8487
8486
8486
8483
8483
8482
8480
8478
8475
8473
8471
8471
8471
8470
8470
8469
8468
8467
8466
8466
8466
8464
8464
8463
8461
8460
8460
8459
8457
8456
8455
8455
8455
8454
8454
8452
8452
8450
8448
8447
8446
8446
8445
8442
8441
8441
8440
8439
8439
8437
8436
8436
8434
8432
8429
8428
8427
8425
8424
8423
8423
8423
8422
8421
8420
8419
8418
8418
8416
8415
8414
8413
8412
8411
8410
8410
8409
8408
8408
8407
8406
8405
8404
8401
8401
8401
8399
8398
8398
8398
8397
8394
8393
8391
8390
8390
8390
8388
8387
8386
8386
8386
8386
8383
8383
8382
8381
8381
8379
8377
8377
8376
8376
8375
8370
8370
8369
8369
8368
8367
8367
8367
8367
8367
8366
8366
8365
8365
8364
8364
8364
8364
8363
8362
8359
8359
8357
8355
8354
8353
8352
8351
8351
8349
8349
8349
8349
8346
8344
8343
8343
8342
8341
8341
8340
8339
8339
8338
8337
8334
8333
8333
8329
8327
8327
8325
8324
8323
8322
8322
8319
8319
8318
8316
8315
8313
8313
8312
8312
8311
8309
8309
8309
8308
8307
8307
8306
8306
8303
8302
8301
8301
8299
8299
8298
8297
8296
8295
8295
8294
8292
8290
8290
8287
8287
8285
8285
8284
8283
8275
8275
8274
8273
8272
8272
8272
8270
8268
8268
8267
8267
8267
8265
8265
8265
8264
8263
8263
8262
8262
8262
8261
8256
8255
8250
8250
8250
8249
8248
8248
8246
8246
8244
8244
8244
8244
8242
8241
8240
8238
8237
8236
8235
8234
8233
8232
8232
8230
8228
8228
8227
8227
8226
8226
8222
8220
8220
8220
8219
8219
8217
8215
8214
8213
8213
8212
8211
8211
8210
8210
8209
8207
8206
8203
8202
8201
8200
8199
8198
8197
8196
8195
8194
8192
8190
8189
8189
8189
8189
8187
8185
8184
8184
8184
8183
8179
8178
8175
8174
8172
8171
8170
8169
8166
8165
8164
8163
8162
8161
8160
8157
8156
8155
8155
8155
8154
8153
8152
8150
8150
8146
8145
8142
8141
8140
8140
8139
8139
8138
8138
8137
8137
8136
8134
8133
8131
8128
8128
8127
8125
8123
8122
8121
8120
8120
8120
8120
8119
8119
8117
8114
8113
8113
8113
8112
8110
8109
8109
8107
8107
8106
8105
8105
8101
8100
8098
8097
8096
8096
8096
8095
8095
8094
8092
8092
8092
8091
8089
8089
8089
8088
8088
8086
8084
8084
8081
8081
8079
8078
8073
8072
8072
8071
8070
8069
8069
8069
8068
8067
8065
8065
8065
8064
8058
8058
8056
8055
8052
8052
8052
8051
8050
8050
8048
8048
8047
8047
8045
8045
8045
8044
8043
8043
8043
8043
8042
8039
8038
8037
8037
8036
8035
8033
8030
8030
8029
8029
8024
8023
8022
8018
8017
8016
8016
8015
8014
8014
8013
8013
8013
8013
8012
8012
8009
8009
8008
8007
8007
8007
8007
8006
8004
8003
8001
7999
7999
7998
7997
7997
7996
7994
7991
7991
7987
7985
7985
7984
7984
7983
7983
7979
7977
7975
7975
7974
7973
7973
7972
7970
7970
7970
7969
7968
7968
7968
7968
7967
7967
7965
7965
7965
7964
7960
7957
7954
7953
7953
7953
7951
7949
7947
7947
7944
7942
7942
7941
7941
7941
7939
7939
7937
7935
7934
7933
7931
7931
7929
7927
7925
7925
7925
7921
7921
7920
7919
7919
7919
7917
7917
7916
7916
7915
7914
7914
7912
7910
7909
7908
7908
7908
7905
7905
7904
7904
7903
7902
7902
7902
7902
7901
7899
7899
7894
7893
7893
7893
7892
7892
7890
7889
7889
7886
7885
7885
7884
7884
7883
7883
7881
7881
7877
7876
7876
7875
7874
7872
7871
7866
7864
7862
7861
7860
7860
7855
7854
7854
7852
7850
7850
7849
7848
7847
7846
7846
7846
7844
7840
7840
7838
7837
7837
7836
7835
7834
7834
7833
7832
7832
7831
7831
7830
7830
7826
7825
7824
7824
7823
7822
7821
7821
7821
7820
7819
7818
7818
7815
7812
7810
7810
7809
7809
7808
7808
7804
7802
7802
7802
7801
7801
7800
7799
7798
7797
7796
7790
7789
7789
7789
7788
7786
7785
7784
7784
7783
7782
7782
7781
7781
7779
7778
7777
7775
7775
7774
7773
7771
7771
7771
7770
7767
7766
7766
7764
7763
7761
7760
7760
7760
7758
7757
7757
7757
7757
7751
7751
7749
7749
7749
7748
7748
7748
7747
7747
7746
7746
7744
7744
7744
7740
7735
7734
7734
7733
7732
7731
7730
7730
7730
7729
7729
7727
7726
7726
7725
7723
7723
7722
7717
7715
7715
7712
7711
7708
7707
7707
7705
7704
7702
7701
7698
7697
7696
7695
7694
7694
7693
7690
7688
7684
7683
7682
7681
7681
7679
7676
7675
7674
7674
7673
7673
7667
7663
7661
7659
7659
7658
7657
7657
7657
7654
7653
7650
7649
7649
7647
7643
7638
7638
7637
7637
7635
7634
7634
7634
7633
7633
7632
7630
7627
7626
7625
7624
7624
7622
7621
7621
7621
7621
7619
7619
7617
7617
7613
7613
7612
7610
7609
7609
7607
7604
7603
7603
7601
7601
7600
7599
7598
7598
7596
7595
7592
7591
7590
7590
7589
7589
7589
7588
7588
7588
7585
7585
7584
7583
7581
7581
7581
7580
7580
7579
7579
7579
7578
7577
7575
7574
7574
7573
7572
7572
7571
7571
7570
7570
7568
7568
7563
7563
7562
7562
7561
7560
7560
7559
7558
7555
7555
7552
7552
7551
7550
7549
7549
7549
7543
7541
7537
7537
7536
7533
7532
7532
7531
7529
7528
7528
7527
7526
7526
7526
7525
7524
7524
7523
7522
7520
7519
7519
7519
7516
7516
7513
7512
7510
7510
7508
7507
7505
7505
7504
7504
7504
7503
7503
7502
7501
7501
7498
7498
7497
7493
7492
7491
7490
7489
7488
7487
7487
7486
7485
7484
7484
7483
7479
7479
7477
7476
7476
7476
7475
7475
7473
7473
7472
7472
7471
7471
7468
7466
7464
7464
7464
7461
7461
7460
7460
7459
7458
7458
7457
7456
7454
7454
7454
7453
7452
7452
7451
7450
7448
7445
7445
7444
7444
7443
7442
7442
7441
7441
7439
7438
7437
7437
7437
7436
7436
7435
7435
7435
7434
7432
7431
7429
7428
7425
7423
7423
7422
7422
7420
7418
7418
7417
7417
7417
7417
7415
7413
7412
7411
7410
7409
7406
7406
7405
7404
7403
7403
7403
7401
7399
7398
7397
7397
7394
7394
7391
7387
7386
7384
7384
7384
7384
7383
7382
7381
7378
7376
7375
7374
7371
7369
7367
7367
7365
7365
7364
7364
7362
7361
7360
7360
7356
7356
7354
7353
7352
7351
7350
7349
7349
7349
7347
7347
7347
7346
7346
7346
7345
7345
7341
7340
7340
7340
7337
7337
7336
7335
7334
7333
7333
7333
7332
7331
7327
7326
7325
7324
7322
7320
7319
7318
7317
7317
7316
7315
7314
7314
7314
7313
7312
7311
7310
7309
7308
7308
7306
7304
7303
7302
7302
7302
7301
7301
7301
7297
7297
7295
7293
7291
7290
7290
7290
7289
7287
7283
7281
7280
7278
7277
7277
7277
7276
7275
7274
7271
7270
7269
7268
7267
7266
7266
7266
7266
7265
7263
7261
7261
7259
7259
7258
7257
7256
7252
7248
7247
7246
7246
7245
7245
7244
7243
7243
7242
7241
7240
7240
7237
7235
7234
7234
7234
7233
7231
7231
7230
7229
7227
7227
7227
7226
7225
7223
7223
7223
7222
7221
7220
7220
7219
7219
7218
7218
7216
7215
7215
7215
7214
7212
7208
7207
7206
7206
7205
7205
7204
7204
7203
7202
7202
7201
7201
7200
7198
7196
7196
7193
7192
7190
7190
7189
7189
7188
7188
7186
7184
7184
7180
7178
7177
7177
7176
7175
7173
7172
7172
7172
7172
7171
7168
7167
7167
7166
7164
7164
7164
7163
7162
7161
7161
7160
7160
7159
7158
7158
7158
7156
7156
7156
7155
7154
7154
7152
7149
7147
7147
7146
7145
7145
7145
7144
7143
7143
7142
7141
7140
7139
7137
7137
7137
7137
7137
7135
7134
7132
7131
7131
7130
7130
7130
7129
7128
7127
7126
7126
7126
7125
7124
7124
7124
7121
7121
7120
7119
7119
7119
7116
7116
7115
7114
7110
7110
7109
7108
7107
7107
7107
7107
7104
7102
7101
7099
7098
7097
7095
7095
7094
7094
7093
7093
7093
7093
7092
7090
7089
7088
7083
7083
7082
7077
7076
7076
7073
7073
7070
7069
7069
7065
7063
7063
7063
7062
7060
7059
7055
7052
7052
7051
7051
7050
7045
7045
7042
7040
7039
7039
7038
7037
7036
7036
7036
7035
7034
7033
7032
7032
7031
7029
7029
7028
7028
7028
7028
7027
7027
7026
7025
7024
7023
7020
7017
7016
7014
7014
7014
7013
7013
7009
7007
7007
7005
7005
7001
7001
6999
6999
6998
6997
6997
6997
6997
6997
6997
6997
6996
6996
6996
6996
6996
6995
6992
6991
6988
6987
6986
6986
6985
6985
6985
6984
6984
6983
6982
6981
6979
6977
6977
6977
6976
6975
6974
6974
6973
6973
6972
6972
6971
6971
6971
6970
6969
6968
6967
6964
6963
6960
6960
6959
6958
6958
6957
6956
6953
6953
6953
6951
6950
6947
6945
6945
6943
6942
6942
6938
6938
6937
6936
6936
6933
6931
6931
6930
6928
6926
6924
6923
6923
6923
6919
6918
6918
6915
6914
6911
6910
6909
6909
6908
6906
6905
6905
6901
6900
6895
6895
6894
6894
6894
6892
6892
6891
6890
6889
6889
6887
6887
6886
6885
6885
6883
6882
6878
6877
6877
6877
6877
6877
6876
6873
6868
6867
6866
6865
6864
6864
6861
6859
6856
6856
6856
6855
6855
6854
6849
6847
6847
6846
6846
6846
6846
6841
6841
6837
6835
6834
6834
6832
6830
6830
6829
6828
6828
6827
6827
6825
6824
6821
6818
6817
6816
6815
6814
6813
6813
6811
6811
6811
6807
6806
6800
6799
6798
6797
6797
6795
6792
6790
6790
6790
6789
6788
6788
6786
6786
6785
6784
6783
6781
6781
6781
6781
6780
6779
6779
6779
6778
6778
6776
6774
6774
6773
6773
6772
6772
6771
6770
6770
6767
6767
6765
6764
6763
6763
6762
6761
6761
6760
6760
6759
6759
6755
6754
6753
6753
6752
6750
6748
6747
6746
6746
6745
6743
6742
6742
6741
6741
6741
6739
6739
6738
6738
6736
6733
6732
6729
6729
6729
6728
6728
6727
6725
6725
6725
6725
6724
6724
6724
6723
6723
6722
6722
6721
6720
6720
6719
6717
6716
6716
6716
6716
6716
6716
6714
6714
6714
6711
6711
6710
6709
6708
6708
6708
6704
6704
6701
6700
6699
6695
6693
6692
6690
6690
6689
6689
6688
6686
6686
6685
6684
6684
6684
6682
6681
6681
6680
6678
6677
6674
6673
6673
6672
6671
6671
6669
6669
6669
6668
6668
6666
6666
6665
6664
6658
6658
6658
6657
6654
6653
6653
6653
6652
6651
6650
6649
6649
6649
6648
6647
6647
6644
6643
6643
6642
6640
6638
6637
6636
6634
6634
6633
6632
6632
6631
6631
6631
6630
6630
6629
6629
6628
6628
6626
6625
6622
6622
6622
6621
6621
6621
6620
6619
6619
6619
6618
6617
6616
6616
6615
6615
6612
6611
6609
6609
6608
6605
6604
6601
6601
6600
6600
6597
6596
6595
6594
6593
6592
6591
6590
6590
6588
6586
6585
6585
6584
6581
6578
6577
6577
6576
6575
6575
6575
6574
6573
6572
6570
6569
6569
6569
6569
6566
6565
6565
6565
6564
6563
6562
6560
6558
6557
6554
6553
6553
6549
6548
6547
6542
6539
6537
6534
6534
6534
6534
6534
6533
6530
6530
6530
6530
6527
6524
6523
6523
6521
6519
6518
6517
6517
6517
6516
6515
6514
6512
6510
6510
6508
6507
6504
6503
6501
6500
6499
6498
6498
6496
6494
6494
6494
6493
6492
6492
6489
6489
6488
6488
6484
6483
6482
6482
6480
6479
6478
6478
6476
6475
6474
6474
6474
6473
6473
6472
6470
6470
6469
6467
6466
6465
6465
6464
6463
6462
6461
6461
6461
6459
6457
6457
6457
6456
6452
6452
6450
6449
6449
6448
6448
6446
6446
6446
6445
6444
6443
6441
6441
6440
6439
6437
6436
6434
6433
6433
6432
6431
6430
6430
6429
6428
6423
6422
6422
6421
6420
6420
6420
6419
6417
6417
6416
6416
6413
6413
6412
6412
6411
6411
6410
6409
6407
6405
6404
6402
6401
6400
6397
6397
6397
6396
6395
6394
6394
6390
6389
6388
6388
6388
6387
6387
6386
6386
6384
6384
6383
6380
6378
6378
6377
6377
6377
6375
6375
6374
6373
6372
6371
6365
6364
6363
6361
6361
6359
6359
6358
6358
6357
6357
6356
6355
6354
6353
6353
6353
6353
6352
6351
6350
6349
6349
6349
6346
6345
6345
6343
6342
6339
6339
6338
6337
6333
6333
6329
6328
6328
6328
6328
6327
6326
6326
6325
6325
6323
6323
6323
6321
6319
6319
6318
6317
6316
6316
6315
6313
6313
6312
6310
6310
6310
6309
6303
6303
6301
6301
6300
6300
6299
6299
6299
6298
6297
6297
6296
6296
6294
6293
6293
6290
6289
6287
6285
6285
6284
6283
6282
6282
6279
6278
6276
6275
6274
6274
6273
6272
6271
6270
6268
6266
6266
6264
6264
6264
6264
6263
6260
6259
6257
6257
6256
6255
6255
6255
6254
6254
6252
6252
6251
6250
6250
6248
6247
6246
6246
6246
6245
6245
6245
6243
6241
6240
6240
6239
6238
6237
6237
6237
6236
6236
6233
6232
6230
6230
6229
6227
6227
6226
6225
6225
6224
6224
6223
6221
6220
6220
6220
6220
6220
6219
6217
6216
6214
6213
6212
6212
6212
6212
6211
6209
6209
6209
6209
6207
6205
6204
6203
6203
6203
6201
6200
6198
6197
6196
6196
6196
6194
6194
6193
6191
6190
6188
6188
6187
6186
6186
6185
6185
6183
6183
6183
6181
6181
6180
6180
6179
6179
6179
6177
6176
6176
6175
6175
6173
6172
6168
6165
6164
6164
6162
6161
6160
6159
6157
6156
6156
6156
6155
6154
6151
6151
6148
6147
6146
6143
6140
6140
6139
6138
6137
6136
6135
6134
6132
6132
6129
6129
6128
6128
6127
6125
6124
6124
6123
6123
6122
6121
6121
6120
6120
6120
6119
6117
6116
6115
6114
6112
6108
6108
6106
6106
6106
6103
6100
6100
6098
6098
6098
6097
6096
6096
6095
6094
6092
6092
6086
6085
6084
6084
6084
6083
6081
6080
6079
6078
6077
6077
6076
6075
6074
6072
6069
6068
6067
6066
6066
6066
6063
6062
6061
6060
6058
6058
6057
6057
6056
6053
6052
6051
6049
6048
6044
6043
6043
6043
6043
6042
6041
6041
6040
6037
6037
6037
6036
6036
6035
6035
6034
6033
6029
6029
6028
6028
6027
6027
6026
6026
6025
6023
6021
6020
6018
6017
6017
6017
6017
6017
6016
6016
6014
6014
6011
6009
6008
6007
6007
6007
6006
6006
6003
6001
6000
5994
5994
5994
5992
5989
5988
5987
5986
5986
5985
5985
5985
5985
5984
5983
5983
5982
5979
5978
5974
5973
5973
5972
5971
5969
5969
5968
5967
5966
5965
5963
5963
5963
5962
5961
5961
5960
5958
5958
5956
5956
5955
5954
5951
5951
5950
5950
5949
5947
5947
5946
5945
5944
5941
5939
5937
5937
5937
5936
5935
5934
5932
5930
5924
5923
5922
5921
5920
5919
5918
5918
5917
5917
5914
5914
5914
5914
5914
5913
5911
5910
5909
5907
5907
5907
5906
5905
5905
5904
5904
5903
5903
5903
5901
5900
5899
5898
5898
5897
5896
5896
5896
5895
5895
5894
5893
5892
5892
5892
5891
5891
5887
5886
5884
5882
5878
5878
5876
5874
5874
5874
5873
5873
5873
5872
5871
5870
5870
5869
5869
5869
5868
5864
5864
5862
5862
5862
5861
5856
5855
5854
5852
5851
5850
5849
5849
5848
5847
5847
5847
5846
5844
5844
5843
5840
5840
5839
5837
5835
5835
5832
5829
5829
5826
5823
5822
5822
5818
5817
5817
5817
5817
5816
5815
5815
5815
5815
5815
5814
5812
5812
5811
5811
5810
5809
5808
5808
5807
5807
5805
5803
5802
5801
5800
5800
5800
5798
5797
5796
5794
5791
5790
5789
5787
5784
5783
5781
5780
5779
5778
5777
5775
5774
5774
5771
5770
5768
5767
5765
5765
5764
5764
5763
5763
5761
5760
5757
5755
5754
5753
5750
5750
5747
5746
5745
5744
5743
5742
5741
5740
5739
5737
5737
5734
5731
5731
5730
5729
5729
5729
5729
5727
5727
5726
5725
5723
5720
5718
5717
5717
5716
5716
5716
5716
5716
5714
5713
5713
5711
5710
5708
5707
5707
5705
5705
5705
5703
5702
5701
5698
5697
5694
5694
5693
5693
5691
5690
5690
5689
5687
5683
5682
5681
5681
5680
5680
5680
5680
5676
5676
5675
5674
5670
5669
5669
5667
5667
5665
5663
5663
5663
5661
5660
5657
5653
5653
5652
5650
5649
5649
5647
5647
5644
5644
5643
5642
5641
5641
5640
5640
5640
5639
5639
5638
5638
5638
5636
5636
5635
5633
5633
5632
5631
5631
5630
5630
5630
5627
5626
5626
5625
5625
5625
5624
5624
5623
5623
5622
5622
5621
5619
5619
5619
5619
5617
5615
5615
5614
5613
5613
5612
5612
5612
5609
5608
5607
5606
5606
5606
5603
5603
5603
5602
5602
5602
5602
5601
5601
5600
5599
5598
5598
5595
5593
5593
5592
5592
5589
5589
5588
5588
5587
5586
5586
5583
5582
5582
5582
5582
5581
5581
5581
5581
5580
5580
5580
5579
5576
5575
5575
5575
5574
5574
5573
5572
5571
5571
5571
5570
5570
5567
5564
5562
5562
5559
5555
5554
5553
5553
5552
5552
5552
5551
5549
5549
5549
5547
5547
5544
5541
5540
5540
5540
5539
5538
5536
5535
5534
5533
5533
5533
5533
5531
5531
5530
5529
5527
5525
5524
5521
5520
5520
5519
5519
5518
5517
5516
5514
5514
5511
5509
5508
5507
5507
5506
5505
5505
5502
5500
5498
5496
5496
5495
5494
5492
5492
5491
5491
5491
5490
5489
5488
5487
5487
5486
5486
5485
5485
5484
5483
5483
5482
5482
5482
5480
5478
5477
5475
5475
5474
5474
5474
5473
5472
5471
5469
5467
5466
5466
5466
5465
5463
5463
5462
5462
5461
5460
5460
5460
5459
5456
5452
5452
5451
5449
5445
5445
5444
5444
5443
5442
5442
5442
5441
5441
5437
5437
5437
5436
5435
5434
5431
5431
5430
5430
5427
5426
5425
5424
5422
5422
5421
5420
5420
5420
5417
5416
5414
5413
5413
5413
5412
5412
5408
5408
5408
5407
5407
5406
5405
5404
5403
5401
5401
5399
5397
5397
5396
5396
5395
5394
5392
5392
5389
5389
5387
5385
5384
5383
5383
5382
5381
5379
5379
5378
5378
5377
5375
5375
5371
5371
5369
5369
5367
5367
5365
5364
5364
5363
5363
5362
5361
5361
5358
5358
5358
5358
5356
5356
5355
5355
5353
5352
5352
5351
5349
5348
5348
5346
5346
5345
5344
5343
5343
5342
5342
5341
5339
5338
5338
5338
5337
5336
5335
5334
5333
5331
5328
5327
5327
5327
5326
5326
5323
5323
5321
5321
5319
5318
5318
5317
5317
5317
5315
5313
5312
5311
5306
5305
5304
5304
5303
5301
5300
5299
5298
5295
5293
5293
5293
5293
5291
5290
5290
5289
5288
5287
5284
5284
5281
5281
5281
5279
5278
5276
5276
5276
5273
5273
5271
5268
5268
5267
5266
5266
5266
5264
5264
5262
5262
5259
5258
5257
5257
5254
5253
5253
5252
5251
5251
5250
5250
5249
5248
5247
5247
5247
5245
5244
5244
5242
5240
5240
5239
5238
5237
5235
5235
5234
5232
5232
5230
5229
5229
5228
5228
5226
5226
5225
5225
5225
5222
5220
5219
5217
5217
5216
5216
5215
5213
5213
5211
5211
5210
5210
5209
5209
5208
5208
5207
5207
5203
5203
5202
5202
5202
5202
5201
5197
5197
5196
5196
5196
5195
5195
5194
5194
5193
5192
5191
5190
5189
5187
5186
5185
5185
5184
5183
5182
5182
5181
5179
5179
5177
5176
5174
5173
5171
5171
5171
5171
5168
5163
5162
5161
5161
5159
5156
5154
5154
5153
5153
5153
5152
5152
5152
5152
5151
5151
5150
5150
5150
5149
5148
5148
5147
5147
5141
5141
5141
5140
5139
5137
5137
5135
5135
5135
5133
5132
5130
5128
5126
5124
5121
5120
5120
5118
5116
5116
5115
5115
5113
5112
5112
5112
5110
5109
5108
5108
5105
5105
5098
5098
5097
5096
5096
5095
5095
5095
5094
5094
5089
5089
5089
5087
5086
5085
5085
5085
5084
5083
5082
5081
5081
5081
5078
5076
5073
5072
5072
5069
5069
5067
5066
5065
5064
5064
5063
5059
5059
5057
5057
5057
5057
5055
5054
5054
5054
5053
5050
5049
5049
5047
5047
5045
5045
5044
5043
5042
5042
5042
5041
5040
5040
5039
5038
5038
5036
5035
5035
5034
5033
5033
5033
5032
5032
5031
5031
5030
5030
5029
5029
5029
5027
5027
5026
5024
5023
5022
5022
5022
5021
5020
5019
5018
5018
5017
5017
5016
5016
5015
5015
5015
5014
5014
5014
5013
5012
5008
5008
5007
5007
5006
5006
5006
5006
5005
5003
5003
5002
5000
4999
4996
4995
4994
4992
4992
4989
4988
4987
4987
4987
4986
4985
4984
4983
4982
4981
4981
4980
4980
4979
4979
4979
4977
4976
4974
4972
4970
4970
4970
4969
4969
4968
4968
4968
4967
4966
4965
4964
4963
4962
4961
4960
4960
4960
4960
4959
4958
4957
4955
4955
4954
4953
4953
4951
4951
4951
4951
4950
4947
4945
4945
4944
4943
4943
4943
4943
4942
4940
4938
4937
4936
4934
4933
4932
4930
4930
4925
4923
4921
4917
4917
4917
4916
4916
4916
4916
4915
4914
4914
4913
4912
4909
4909
4909
4907
4906
4905
4904
4904
4902
4901
4900
4900
4898
4898
4896
4896
4895
4895
4894
4892
4892
4892
4889
4886
4885
4884
4884
4883
4882
4882
4882
4881
4880
4880
4878
4877
4875
4875
4874
4873
4873
4873
4872
4870
4870
4870
4869
4867
4865
4864
4861
4859
4858
4857
4853
4852
4851
4851
4850
4848
4847
4846
4846
4841
4840
4840
4839
4839
4838
4837
4835
4828
4827
4825
4824
4819
4818
4816
4815
4814
4814
4814
4813
4813
4809
4805
4803
4801
4798
4796
4796
4795
4795
4793
4793
4790
4789
4787
4786
4784
4783
4783
4782
4780
4779
4778
4777
4776
4775
4775
4775
4774
4772
4772
4771
4768
4765
4764
4763
4761
4760
4759
4759
4757
4756
4755
4755
4751
4750
4750
4749
4748
4748
4747
4747
4747
4746
4746
4746
4745
4745
4745
4743
4742
4738
4737
4733
4733
4732
4732
4732
4729
4728
4727
4725
4722
4722
4721
4721
4720
4720
4720
4719
4719
4718
4716
4713
4713
4712
4712
4711
4711
4710
4709
4709
4708
4708
4708
4707
4705
4703
4702
4701
4700
4700
4699
4699
4698
4697
4695
4694
4691
4690
4690
4684
4684
4683
4682
4681
4681
4680
4680
4679
4678
4678
4676
4675
4674
4672
4672
4671
4668
4668
4666
4664
4664
4662
4662
4662
4661
4661
4661
4659
4659
4659
4659
4658
4658
4658
4657
4657
4657
4655
4654
4654
4652
4652
4652
4651
4650
4650
4649
4649
4648
4647
4645
4645
4642
4642
4642
4640
4639
4639
4637
4637
4636
4635
4635
4635
4635
4634
4632
4631
4630
4630
4628
4627
4626
4625
4623
4621
4621
4620
4619
4618
4617
4617
4616
4615
4615
4614
4613
4613
4612
4612
4612
4611
4611
4610
4610
4610
4609
4606
4606
4606
4604
4604
4603
4603
4602
4601
4601
4600
4599
4598
4598
4598
4597
4593
4591
4590
4589
4587
4584
4582
4582
4581
4580
4580
4578
4574
4573
4570
4570
4569
4568
4567
4565
4564
4563
4562
4560
4558
4556
4555
4554
4554
4554
4553
4553
4552
4552
4551
4549
4548
4548
4547
4546
4546
4545
4545
4545
4545
4544
4543
4543
4541
4539
4539
4538
4538
4537
4537
4536
4535
4534
4534
4533
4533
4532
4529
4528
4527
4527
4526
4525
4522
4522
4522
4521
4521
4520
4517
4517
4517
4517
4515
4514
4514
4514
4513
4511
4510
4508
4507
4507
4505
4504
4504
4504
4503
4503
4502
4501
4501
4500
4500
4498
4496
4496
4495
4493
4492
4492
4491
4491
4489
4488
4487
4486
4485
4485
4484
4482
4478
4478
4476
4476
4476
4472
4471
4471
4470
4470
4470
4465
4465
4465
4464
4463
4462
4462
4462
4461
4460
4460
4460
4460
4459
4456
4456
4456
4454
4454
4452
4451
4449
4449
4448
4448
4445
4445
4444
4444
4442
4442
4441
4439
4439
4438
4434
4433
4432
4431
4431
4431
4430
4429
4427
4427
4427
4426
4426
4425
4424
4424
4423
4422
4421
4420
4418
4416
4415
4415
4415
4415
4414
4414
4414
4413
4412
4412
4411
4411
4411
4410
4408
4401
4400
4400
4396
4395
4395
4395
4394
4394
4392
4389
4388
4386
4385
4385
4384
4382
4381
4381
4380
4379
4379
4379
4378
4375
4375
4373
4372
4371
4370
4369
4369
4368
4367
4367
4366
4366
4366
4365
4364
4363
4362
4360
4360
4359
4359
4359
4358
4355
4351
4351
4349
4348
4348
4346
4346
4346
4346
4345
4343
4343
4342
4341
4341
4340
4340
4340
4340
4338
4336
4336
4335
4335
4334
4331
4330
4330
4329
4323
4323
4323
4323
4322
4322
4321
4320
4320
4320
4320
4318
4314
4313
4312
4311
4310
4310
4310
4309
4309
4307
4307
4305
4304
4303
4303
4302
4301
4299
4298
4298
4297
4296
4295
4295
4294
4293
4292
4291
4290
4290
4289
4287
4287
4287
4287
4286
4285
4283
4283
4281
4281
4280
4280
4280
4278
4276
4275
4274
4274
4274
4273
4269
4268
4267
4262
4262
4261
4261
4260
4260
4260
4259
4257
4257
4254
4254
4254
4253
4250
4248
4245
4244
4244
4243
4243
4243
4243
4241
4241
4240
4240
4238
4236
4236
4236
4233
4232
4231
4229
4229
4228
4228
4228
4227
4225
4224
4224
4223
4223
4220
4220
4218
4216
4215
4215
4215
4214
4213
4212
4211
4210
4208
4208
4207
4205
4204
4204
4199
4199
4199
4198
4198
4192
4191
4191
4191
4190
4189
4188
4188
4186
4184
4184
4181
4176
4174
4174
4173
4172
4170
4169
4169
4169
4166
4165
4164
4163
4162
4161
4159
4158
4157
4157
4154
4153
4150
4150
4148
4148
4148
4147
4147
4146
4145
4145
4145
4143
4141
4141
4139
4139
4138
4135
4134
4133
4132
4131
4131
4131
4130
4130
4130
4130
4128
4128
4128
4128
4125
4125
4124
4123
4122
4122
4122
4121
4121
4120
4120
4120
4120
4120
4118
4117
4116
4115
4114
4114
4114
4113
4112
4112
4112
4112
4110
4109
4109
4108
4107
4106
4103
4103
4102
4101
4101
4100
4097
4097
4097
4096
4096
4096
4096
4094
4092
4092
4092
4091
4090
4089
4088
4088
4086
4084
4083
4083
4081
4081
4081
4079
4079
4078
4078
4077
4077
4075
4075
4074
4074
4073
4072
4070
4070
4070
4068
4068
4068
4067
4066
4066
4066
4062
4062
4061
4061
4060
4057
4057
4057
4055
4055
4054
4053
4053
4052
4052
4051
4051
4050
4049
4049
4047
4047
4046
4042
4039
4038
4038
4036
4036
4034
4033
4032
4032
4031
4031
4030
4029
4027
4026
4025
4025
4024
4023
4023
4022
4018
4017
4017
4017
4017
4016
4010
4009
4008
4004
4004
4004
4003
4002
4002
4001
4001
3999
3998
3996
3995
3995
3995
3994
3994
3994
3993
3992
3991
3989
3988
3988
3987
3986
3986
3984
3984
3983
3983
3983
3981
3981
3980
3979
3977
3976
3975
3973
3973
3970
3969
3968
3968
3968
3966
3966
3966
3965
3963
3961
3961
3961
3960
3959
3958
3957
3956
3956
3955
3953
3953
3950
3949
3949
3948
3948
3947
3947
3947
3947
3946
3946
3946
3945
3945
3945
3944
3944
3944
3944
3943
3943
3943
3938
3935
3935
3934
3934
3933
3932
3931
3930
3930
3927
3927
3927
3925
3924
3922
3922
3922
3920
3920
3920
3918
3918
3917
3917
3916
3916
3916
3916
3915
3914
3912
3912
3912
3909
3909
3905
3904
3904
3904
3900
3899
3898
3898
3896
3896
3895
3894
3891
3891
3890
3890
3889
3889
3889
3888
3887
3885
3885
3883
3882
3878
3878
3878
3877
3877
3876
3876
3875
3875
3875
3874
3874
3874
3872
3872
3871
3870
3870
3869
3869
3869
3868
3867
3867
3866
3862
3862
3862
3859
3859
3857
3856
3855
3854
3854
3854
3852
3849
3848
3848
3848
3848
3844
3844
3842
3841
3840
3840
3840
3838
3838
3836
3834
3833
3831
3831
3830
3828
3827
3826
3826
3825
3825
3824
3824
3821
3818
3817
3816
3816
3816
3815
3815
3815
3815
3813
3812
3810
3810
3807
3806
3806
3804
3803
3801
3800
3800
3797
3796
3795
3794
3792
3792
3792
3792
3791
3791
3788
3786
3786
3783
3779
3778
3777
3776
3775
3773
3773
3772
3772
3771
3770
3769
3768
3768
3767
3767
3765
3763
3762
3760
3759
3759
3758
3757
3756
3756
3755
3754
3752
3752
3749
3749
3748
3748
3747
3747
3747
3745
3745
3742
3742
3741
3741
3740
3740
3739
3735
3733
3731
3730
3730
3729
3728
3728
3728
3727
3727
3727
3726
3726
3726
3724
3724
3724
3724
3723
3722
3722
3721
3720
3719
3719
3718
3718
3717
3717
3717
3715
3714
3713
3712
3709
3708
3708
3708
3707
3705
3704
3703
3700
3699
3697
3697
3696
3696
3695
3695
3694
3694
3693
3693
3692
3692
3692
3691
3690
3690
3688
3688
3687
3687
3686
3685
3685
3684
3680
3680
3678
3677
3676
3675
3674
3674
3674
3674
3674
3672
3672
3671
3670
3669
3668
3668
3667
3667
3665
3665
3665
3664
3663
3661
3661
3660
3660
3659
3658
3657
3657
3656
3655
3655
3654
3653
3652
3651
3650
3649
3649
3649
3647
3647
3647
3646
3646
3646
3645
3644
3644
3643
3643
3643
3641
3639
3638
3637
3636
3634
3634
3630
3629
3629
3624
3623
3622
3621
3620
3619
3618
3618
3618
3615
3614
3614
3613
3612
3611
3611
3611
3608
3607
3604
3604
3601
3601
3600
3600
3600
3599
3599
3598
3597
3596
3594
3593
3591
3591
3591
3589
3589
3589
3589
3589
3587
3584
3583
3583
3583
3582
3582
3582
3582
3581
3580
3579
3577
3577
3576
3576
3575
3575
3574
3573
3573
3571
3571
3570
3569
3569
3566
3565
3564
3564
3563
3559
3559
3558
3555
3554
3554
3552
3552
3551
3550
3545
3543
3542
3540
3538
3536
3534
3534
3534
3533
3532
3532
3531
3530
3530
3530
3530
3530
3528
3526
3525
3524
3523
3523
3523
3522
3522
3522
3521
3518
3515
3515
3514
3513
3511
3511
3510
3510
3510
3508
3506
3506
3505
3505
3505
3505
3505
3504
3504
3501
3500
3498
3497
3497
3497
3497
3496
3495
3493
3492
3490
3490
3489
3487
3487
3483
3483
3482
3480
3479
3479
3479
3478
3478
3477
3475
3473
3472
3472
3472
3471
3470
3470
3469
3469
3468
3467
3464
3463
3463
3462
3461
3461
3460
3458
3457
3457
3456
3456
3456
3455
3453
3453
3452
3451
3449
3449
3449
3448
3446
3446
3446
3444
3444
3442
3440
3439
3436
3434
3434
3434
3432
3431
3430
3430
3429
3428
3428
3426
3425
3425
3424
3423
3423
3423
3422
3421
3420
3419
3417
3416
3416
3415
3414
3413
3411
3409
3409
3408
3408
3406
3403
3402
3402
3402
3401
3399
3399
3399
3398
3398
3394
3394
3391
3389
3388
3387
3387
3386
3385
3384
3384
3384
3383
3382
3382
3381
3381
3379
3379
3379
3378
3377
3374
3373
3372
3371
3370
3370
3367
3365
3365
3365
3365
3364
3363
3362
3356
3354
3354
3353
3349
3349
3346
3345
3345
3345
3345
3345
3344
3343
3342
3341
3339
3338
3337
3336
3335
3333
3332
3330
3330
3330
3330
3329
3329
3328
3328
3324
3322
3321
3319
3319
3319
3318
3318
3317
3317
3317
3317
3316
3316
3316
3316
3315
3315
3314
3313
3312
3311
3310
3309
3308
3308
3306
3306
3304
3302
3302
3302
3301
3300
3299
3298
3297
3297
3297
3295
3294
3294
3293
3293
3292
3291
3291
3291
3289
3288
3286
3285
3285
3284
3284
3284
3282
3280
3280
3279
3279
3275
3274
3272
3271
3271
3269
3269
3267
3267
3265
3264
3264
3262
3261
3261
3260
3258
3257
3256
3256
3253
3252
3251
3250
3250
3249
3246
3246
3246
3246
3245
3242
3241
3239
3238
3237
3236
3234
3234
3233
3232
3232
3231
3230
3230
3229
3228
3228
3228
3227
3226
3226
3223
3220
3220
3218
3218
3214
3213
3212
3212
3211
3211
3211
3210
3207
3207
3205
3205
3205
3204
3202
3202
3197
3196
3195
3195
3193
3192
3191
3188
3188
3188
3186
3185
3184
3184
3183
3183
3182
3181
3181
3181
3180
3177
3176
3176
3174
3173
3172
3172
3172
3170
3169
3166
3166
3165
3164
3163
3162
3158
3157
3154
3152
3151
3151
3150
3149
3149
3148
3147
3147
3146
3146
3143
3139
3138
3137
3137
3136
3136
3135
3135
3135
3134
3132
3131
3131
3128
3128
3128
3127
3127
3126
3126
3122
3122
3121
3121
3120
3119
3118
3117
3116
3116
3116
3116
3115
3114
3111
3111
3110
3109
3109
3107
3107
3106
3105
3104
3102
3100
3099
3098
3098
3097
3097
3096
3095
3094
3092
3091
3091
3086
3083
3082
3079
3077
3077
3075
3074
3073
3072
3072
3071
3071
3070
3067
3067
3066
3066
3062
3059
3053
3053
3052
3051
3050
3050
3048
3047
3047
3046
3045
3045
3045
3044
3043
3039
3038
3037
3035
3035
3034
3034
3033
3033
3032
3030
3028
3026
3024
3024
3024
3023
3022
3021
3020
3020
3019
3018
3018
3018
3014
3013
3011
3011
3010
3010
3006
3005
3004
3004
3002
3002
3001
2999
2999
2998
2996
2994
2994
2993
2992
2992
2990
2989
2989
2989
2986
2985
2984
2983
2982
2982
2982
2982
2979
2979
2978
2978
2978
2978
2974
2972
2972
2972
2969
2968
2966
2966
2964
2963
2961
2960
2959
2958
2956
2955
2954
2952
2951
2947
2946
2946
2946
2943
2943
2942
2940
2939
2936
2934
2931
2931
2930
2928
2927
2925
2923
2923
2921
2918
2918
2917
2917
2917
2916
2914
2914
2913
2912
2911
2909
2909
2909
2907
2906
2906
2905
2903
2899
2898
2898
2897
2896
2895
2895
2894
2894
2893
2892
2892
2892
2891
2890
2890
2889
2887
2886
2884
2884
2883
2882
2882
2882
2879
2878
2878
2875
2875
2874
2874
2873
2873
2873
2873
2872
2870
2869
2868
2867
2864
2862
2861
2859
2858
2856
2855
2853
2852
2852
2849
2849
2849
2847
2844
2843
2842
2841
2841
2841
2841
2839
2839
2837
2836
2836
2836
2831
2831
2826
2826
2825
2825
2824
2824
2823
2822
2819
2818
2818
2818
2816
2815
2811
2807
2807
2805
2804
2804
2804
2802
2801
2799
2798
2797
2796
2795
2794
2794
2793
2792
2792
2791
2791
2790
2790
2789
2788
2787
2785
2784
2782
2782
2781
2779
2778
2777
2776
2776
2775
2774
2774
2771
2771
2768
2767
2767
2767
2765
2765
2763
2762
2762
2761
2761
2760
2758
2758
2757
2755
2754
2754
2753
2751
2750
2750
2749
2746
2745
2743
2743
2743
2741
2738
2737
2736
2735
2732
2732
2732
2732
2731
2730
2730
2729
2729
2728
2727
2726
2725
2725
2724
2722
2721
2719
2715
2712
2711
2711
2710
2710
2708
2708
2706
2704
2701
2700
2700
2700
2700
2697
2695
2694
2693
2693
2690
2690
2687
2685
2685
2684
2683
2681
2679
2679
2677
2676
2676
2676
2675
2675
2675
2674
2672
2672
2671
2671
2669
2668
2665
2665
2664
2663
2663
2663
2662
2662
2661
2661
2660
2660
2659
2658
2658
2658
2658
2657
2657
2657
2657
2656
2656
2654
2654
2653
2652
2651
2648
2648
2647
2646
2645
2643
2640
2640
2639
2637
2637
2636
2635
2633
2632
2632
2626
2626
2626
2625
2625
2623
2622
2620
2620
2619
2619
2618
2617
2617
2617
2616
2615
2612
2611
2609
2608
2606
2606
2606
2605
2605
2604
2604
2604
2604
2603
2603
2601
2598
2597
2597
2596
2596
2596
2596
2594
2593
2593
2591
2591
2590
2590
2589
2587
2587
2586
2585
2584
2583
2583
2583
2583
2580
2580
2580
2579
2576
2573
2571
2571
2571
2570
2569
2568
2567
2567
2565
2563
2559
2559
2558
2558
2557
2556
2556
2556
2554
2554
2552
2552
2552
2550
2550
2549
2549
2548
2548
2548
2548
2547
2546
2545
2543
2538
2537
2535
2534
2534
2531
2531
2528
2527
2525
2524
2521
2521
2519
2517
2515
2513
2511
2507
2507
2506
2506
2505
2505
2504
2503
2503
2502
2502
2502
2500
2499
2499
2498
2497
2496
2493
2492
2491
2490
2490
2490
2489
2489
2489
2489
2488
2488
2487
2487
2486
2486
2485
2483
2480
2479
2478
2477
2473
2473
2472
2472
2471
2471
2470
2468
2468
2467
2467
2466
2465
2464
2463
2462
2461
2461
2460
2458
2457
2457
2456
2455
2455
2454
2453
2451
2451
2451
2451
2450
2448
2448
2448
2447
2446
2445
2443
2443
2442
2442
2440
2439
2439
2439
2439
2438
2438
2437
2437
2435
2432
2429
2428
2427
2426
2425
2425
2420
2418
2417
2416
2415
2415
2415
2415
2414
2413
2408
2407
2407
2406
2406
2405
2403
2403
2402
2400
2400
2399
2397
2396
2394
2394
2393
2392
2391
2391
2389
2389
2387
2386
2384
2384
2383
2383
2381
2381
2381
2380
2379
2379
2378
2378
2375
2374
2373
2373
2372
2371
2370
2370
2368
2368
2366
2366
2365
2365
2363
2363
2363
2363
2363
2363
2363
2361
2358
2356
2356
2355
2354
2353
2350
2349
2349
2347
2345
2343
2342
2341
2341
2339
2338
2337
2336
2336
2336
2334
2333
2332
2331
2325
2324
2324
2323
2323
2323
2322
2321
2321
2320
2319
2318
2316
2315
2314
2313
2313
2311
2311
2311
2311
2310
2309
2307
2301
2301
2301
2300
2299
2299
2299
2298
2296
2296
2296
2294
2293
2292
2292
2289
2288
2288
2286
2285
2284
2284
2283
2283
2283
2281
2281
2281
2281
2281
2280
2277
2276
2274
2273
2272
2272
2270
2268
2267
2266
2265
2264
2264
2263
2262
2261
2261
2260
2260
2260
2259
2257
2254
2253
2252
2252
2252
2251
2250
2250
2249
2249
2249
2249
2245
2244
2243
2241
2240
2240
2240
2240
2239
2239
2236
2235
2235
2234
2232
2231
2230
2230
2229
2229
2229
2226
2225
2222
2220
2219
2219
2219
2218
2218
2216
2214
2214
2212
2211
2211
2208
2205
2204
2203
2200
2199
2198
2197
2197
2196
2195
2191
2191
2189
2189
2188
2187
2187
2186
2186
2186
2185
2184
2183
2182
2177
2177
2177
2176
2172
2171
2169
2168
2168
2168
2167
2166
2165
2164
2164
2163
2162
2161
2161
2161
2160
2160
2159
2158
2156
2156
2155
2153
2153
2149
2149
2149
2148
2148
2148
2147
2147
2147
2146
2146
2146
2145
2145
2144
2143
2143
2142
2141
2141
2140
2139
2137
2137
2136
2136
2136
2134
2133
2133
2132
2132
2131
2130
2129
2127
2125
2123
2122
2120
2118
2115
2114
2114
2113
2113
2112
2110
2108
2106
2105
2104
2103
2100
2100
2099
2099
2099
2096
2095
2095
2094
2093
2091
2091
2091
2091
2090
2090
2088
2086
2085
2085
2085
2084
2084
2084
2082
2082
2082
2081
2080
2080
2080
2079
2078
2077
2075
2072
2066
2066
2066
2066
2065
2064
2063
2060
2058
2058
2057
2056
2055
2053
2052
2052
2050
2049
2048
2048
2046
2046
2046
2046
2045
2045
2044
2042
2041
2039
2039
2039
2039
2038
2038
2037
2037
2036
2033
2033
2033
2032
2032
2031
2030
2029
2029
2027
2027
2022
2022
2022
2019
2017
2017
2016
2015
2012
2012
2011
2011
2011
2009
2007
2007
2007
2006
2005
2003
2003
2003
2002
2000
1999
1998
1998
1997
1997
1996
1995
1994
1993
1993
1991
1990
1988
1987
1985
1985
1981
1981
1981
1979
1979
1979
1977
1976
1975
1974
1970
1970
1970
1969
1969
1967
1967
1965
1965
1965
1964
1964
1961
1961
1960
1958
1957
1957
1956
1953
1952
1952
1952
1951
1950
1950
1950
1949
1949
1948
1947
1947
1946
1946
1945
1945
1945
1943
1943
1941
1940
1939
1938
1938
1937
1935
1934
1933
1933
1931
1928
1927
1927
1926
1924
1924
1921
1919
1918
1918
1917
1914
1914
1913
1907
1905
1904
1902
1902
1901
1899
1899
1899
1898
1897
1895
1893
1892
1891
1889
1888
1888
1886
1885
1885
1885
1884
1883
1883
1883
1882
1881
1881
1880
1879
1876
1876
1876
1876
1872
1868
1867
1866
1866
1865
1864
1864
1862
1861
1860
1860
1859
1859
1859
1858
1857
1856
1855
1855
1854
1854
1853
1853
1852
1852
1851
1851
1851
1851
1850
1849
1849
1849
1849
1848
1848
1848
1848
1847
1847
1845
1842
1839
1837
1837
1836
1835
1834
1831
1831
1830
1829
1829
1828
1826
1826
1825
1822
1821
1820
1819
1819
1818
1818
1816
1815
1814
1813
1812
1812
1811
1808
1808
1808
1807
1806
1806
1806
1804
1804
1802
1802
1801
1799
1799
1797
1794
1794
1793
1793
1792
1792
1792
1792
1791
1791
1790
1790
1787
1787
1787
1786
1786
1783
1782
1781
1780
1779
1778
1777
1775
1774
1773
1770
1769
1769
1769
1768
1767
1766
1765
1764
1763
1763
1762
1759
1758
1757
1756
1755
1754
1752
1751
1751
1750
1750
1749
1747
1746
1745
1743
1742
1742
1741
1741
1740
1739
1737
1736
1736
1736
1735
1735
1735
1734
1733
1732
1731
1730
1729
1728
1728
1727
1726
1724
1722
1722
1722
1721
1720
1720
1719
1719
1718
1716
1716
1716
1714
1712
1711
1711
1710
1709
1709
1707
1707
1705
1705
1705
1703
1702
1701
1700
1699
1698
1697
1697
1697
1696
1696
1695
1695
1693
1691
1691
1691
1689
1688
1688
1687
1687
1683
1682
1679
1679
1679
1677
1676
1675
1674
1673
1672
1672
1671
1670
1669
1668
1667
1666
1663
1663
1663
1662
1660
1659
1659
1659
1658
1658
1658
1657
1656
1655
1654
1651
1651
1650
1648
1645
1645
1645
1644
1643
1643
1640
1639
1637
1635
1634
1633
1633
1631
1631
1631
1628
1628
1627
1627
1624
1622
1620
1619
1619
1619
1618
1617
1617
1615
1613
1613
1612
1612
1611
1608
1608
1605
1605
1604
1603
1602
1601
1601
1601
1600
1599
1599
1598
1597
1597
1596
1596
1596
1595
1595
1594
1593
1593
1593
1592
1591
1589
1585
1584
1582
1582
1582
1581
1580
1579
1578
1577
1577
1575
1575
1574
1574
1574
1573
1573
1573
1573
1573
1572
1571
1570
1570
1569
1568
1567
1567
1566
1566
1566
1564
1563
1563
1563
1563
1562
1561
1561
1559
1559
1559
1554
1554
1553
1551
1549
1547
1547
1545
1545
1544
1543
1543
1542
1542
1542
1541
1540
1540
1540
1540
1537
1534
1534
1532
1532
1531
1531
1529
1525
1524
1523
1522
1518
1518
1518
1517
1516
1516
1515
1513
1513
1509
1509
1506
1505
1501
1500
1499
1499
1498
1498
1496
1495
1495
1494
1493
1492
1491
1490
1488
1488
1487
1487
1486
1485
1484
1482
1481
1480
1480
1480
1479
1479
1477
1475
1475
1475
1473
1473
1473
1471
1470
1469
1469
1466
1466
1466
1465
1465
1464
1463
1463
1462
1462
1461
1460
1459
1458
1458
1458
1456
1455
1454
1453
1449
1448
1448
1447
1446
1445
1442
1441
1440
1439
1435
1433
1432
1432
1431
1430
1429
1428
1428
1427
1427
1426
1426
1425
1423
1423
1422
1422
1421
1421
1420
1420
1418
1417
1417
1416
1416
1416
1415
1414
1413
1412
1412
1411
1410
1410
1409
1407
1406
1406
1405
1405
1404
1403
1402
1402
1400
1400
1399
1398
1397
1397
1396
1396
1395
1394
1394
1393
1392
1390
1389
1388
1388
1387
1386
1384
1384
1383
1383
1382
1381
1380
1378
1378
1377
1377
1377
1376
1376
1376
1375
1375
1374
1372
1372
1372
1370
1370
1367
1364
1362
1362
1360
1360
1360
1359
1359
1359
1358
1357
1356
1354
1354
1353
1352
1349
1349
1349
1349
1348
1348
1344
1344
1344
1342
1341
1340
1339
1338
1338
1338
1337
1337
1337
1336
1333
1331
1331
1330
1329
1328
1328
1326
1325
1324
1324
1324
1323
1322
1322
1321
1321
1320
1319
1318
1318
1317
1315
1315
1314
1313
1312
1311
1311
1310
1309
1307
1307
1306
1306
1305
1305
1303
1302
1302
1302
1301
1301
1300
1297
1297
1295
1295
1293
1292
1290
1290
1286
1284
1284
1281
1280
1280
1280
1280
1280
1277
1276
1274
1272
1272
1272
1271
1270
1269
1268
1268
1266
1266
1266
1266
1265
1265
1264
1264
1263
1263
1261
1259
1258
1257
1256
1254
1252
1249
1249
1249
1249
1247
1245
1242
1242
1241
1239
1238
1238
1238
1235
1234
1231
1230
1228
1227
1225
1225
1225
1224
1223
1223
1223
1222
1222
1221
1221
1219
1218
1218
1218
1216
1214
1214
1213
1213
1213
1213
1213
1213
1212
1211
1210
1208
1207
1206
1206
1205
1204
1204
1204
1203
1202
1202
1202
1201
1200
1200
1200
1198
1198
1197
1197
1196
1193
1193
1193
1192
1190
1189
1189
1186
1185
1181
1179
1178
1175
1175
1170
1170
1169
1169
1168
1166
1165
1162
1162
1161
1161
1158
1157
1157
1157
1156
1156
1154
1154
1154
1153
1153
1152
1152
1152
1151
1151
1151
1150
1149
1149
1147
1147
1145
1144
1143
1142
1139
1139
1137
1137
1137
1137
1136
1133
1129
1129
1129
1129
1129
1128
1127
1125
1123
1122
1121
1121
1120
1120
1118
1117
1116
1115
1115
1115
1114
1114
1110
1110
1108
1107
1105
1103
1102
1098
1098
1098
1095
1095
1094
1094
1093
1092
1090
1089
1088
1088
1086
1086
1085
1085
1085
1085
1084
1084
1083
1083
1083
1083
1082
1081
1080
1080
1079
1078
1078
1076
1074
1074
1074
1073
1071
1071
1071
1069
1069
1069
1069
1068
1065
1064
1064
1063
1063
1063
1062
1062
1059
1059
1058
1058
1057
1056
1055
1054
1053
1051
1049
1049
1048
1045
1045
1045
1045
1041
1040
1040
1040
1038
1037
1033
1032
1031
1030
1030
1028
1027
1026
1026
1025
1025
1025
1024
1024
1022
1021
1021
1021
1020
1020
1020
1019
1019
1018
1016
1012
1012
1010
1010
1010
1010
1009
1009
1008
1007
1006
1006
1006
1004
1003
1002
1001
998
997
996
996
996
995
991
991
991
990
988
988
986
984
983
983
982
981
981
980
980
979
979
979
978
977
977
976
975
975
975
974
974
974
974
973
971
969
968
966
966
966
964
962
961
961
960
959
956
956
955
955
952
952
952
952
952
951
948
948
946
946
945
944
943
942
941
940
939
937
936
935
934
934
932
932
929
926
926
926
923
923
920
920
919
918
917
915
913
913
912
911
911
911
910
910
910
909
908
908
907
906
904
900
899
899
898
897
894
893
891
890
889
889
888
888
886
886
886
886
885
884
884
881
881
880
879
879
878
875
874
870
870
870
869
869
868
868
868
868
867
864
860
857
856
854
854
853
853
853
852
851
850
849
848
848
847
846
845
843
840
839
838
837
837
835
835
834
834
834
832
831
827
827
823
822
820
819
819
817
814
813
811
811
809
809
809
808
808
807
806
804
803
801
801
799
799
798
797
795
793
793
793
791
791
791
790
790
789
787
786
786
784
783
782
779
779
778
777
777
776
775
774
774
773
773
771
771
769
769
767
766
763
763
762
759
759
759
757
756
753
753
753
752
750
746
744
743
741
738
738
737
737
736
736
735
735
735
730
730
730
724
723
722
721
720
720
720
718
717
711
710
709
708
707
706
704
702
701
700
700
699
695
694
691
690
690
689
688
687
684
684
684
679
679
677
676
676
675
674
674
672
672
670
668
668
668
667
666
665
665
665
664
664
663
663
663
662
659
659
658
657
656
655
652
652
651
650
650
650
649
648
647
647
646
645
642
641
640
639
635
634
634
633
632
630
630
628
628
626
624
624
619
619
618
617
616
616
615
614
613
610
610
609
609
608
607
607
606
603
603
597
597
595
594
594
593
593
592
591
591
590
589
589
589
588
586
585
583
582
582
580
579
578
578
575
575
575
574
573
573
572
572
570
570
569
569
568
567
567
565
565
563
562
560
560
558
558
556
556
555
555
553
553
553
551
550
550
550
547
547
545
541
540
540
540
539
537
537
534
533
529
527
527
525
523
523
522
521
521
521
521
521
520
519
519
514
514
513
513
512
512
512
511
510
509
508
507
507
506
506
505
505
505
504
502
502
501
501
501
499
498
496
496
496
493
493
492
491
490
489
488
487
486
486
485
485
484
482
481
481
481
480
480
479
479
479
476
475
474
474
472
471
470
470
463
463
463
462
461
461
459
459
457
457
455
455
454
454
454
454
453
451
449
447
446
445
444
444
443
442
441
441
441
440
440
440
439
438
437
435
434
433
431
430
429
427
426
426
425
424
423
423
422
421
420
420
419
418
418
417
416
414
409
409
408
408
407
406
406
406
404
401
401
399
398
397
397
395
395
395
394
393
390
390
389
389
388
388
387
387
387
385
384
384
383
382
382
381
380
380
379
379
378
377
376
375
372
370
369
368
368
366
364
361
360
360
357
356
355
352
351
351
351
346
346
346
343
343
341
341
339
337
337
335
335
334
333
332
330
330
330
325
325
325
324
323
322
320
320
318
316
315
314
313
313
313
313
311
309
309
306
305
305
305
304
303
302
302
298
298
297
297
296
296
295
293
293
292
292
290
289
288
288
286
285
285
283
282
280
280
280
280
276
276
275
275
275
273
273
272
271
270
261
261
261
260
260
258
254
254
252
251
250
249
248
248
247
246
244
243
241
241
241
240
240
239
238
237
237
237
236
235
235
234
232
232
230
230
229
228
226
225
222
222
222
219
217
216
215
212
211
211
210
210
210
208
206
206
204
204
204
203
202
202
201
201
201
200
200
199
198
198
197
196
196
196
195
195
190
189
189
188
188
187
185
185
185
185
184
184
184
184
182
182
181
181
180
180
179
179
178
178
176
176
175
174
174
173
167
167
167
166
166
166
165
164
164
163
163
162
160
158
158
157
157
157
156
155
153
152
152
152
151
151
151
150
149
149
149
146
146
146
145
145
144
144
143
142
141
140
139
136
134
133
130
129
129
129
129
129
125
124
123
122
122
122
121
120
119
118
116
116
113
113
110
110
109
109
108
107
107
106
102
101
101
100
100
99
98
97
97
97
92
91
89
88
86
85
84
83
83
81
79
79
79
77
76
75
74
74
74
73
71
71
68
66
64
62
62
60
59
58
55
54
52
52
50
50
47
46
46
45
43
40
40
39
38
37
36
35
34
34
33
32
32
32
32
32
31
31
31
31
30
28
24
24
24
21
20
20
19
18
16
15
15
13
11
11
7
6
5
5
3
3
2
1
1
0
