9998
9997
9997
9996
9995
9994
9994
9994
9994
9994
9993
9992
9992
9991
9991
9990
9990
9987
9987
9987
9986
9985
9984
9984
9979
9978
9977
9976
9976
9976
9975
9974
9972
9972
9971
9971
9970
9968
9968
9968
9968
9967
9966
9965
9965
9965
9964
9963
9962
9962
9962
9960
9960
9959
9959
9958
9958
9957
9957
9956
9956
9954
9952
9952
9948
9944
9944
9942
9941
9940
9940
9940
9940
9940
9940
9939
9938
9936
9935
9932
9931
9931
9928
9928
9926
9926
9924
9924
9922
9922
9918
9918
9918
9916
9912
9911
9911
9909
9909
9909
9908
9908
9908
9908
9908
9906
9906
9905
9904
9903
9902
9900
9899
9898
9896
9895
9894
9892
9892
9892
9892
9891
9890
9889
9889
9887
9885
9885
9884
9883
9881
9880
9880
9880
9879
9879
9878
9878
9877
9877
9876
9876
9874
9873
9872
9870
9867
9864
9863
9862
9860
9859
9859
9858
9855
9854
9854
9854
9853
9850
9849
9848
9846
9846
9846
9845
9844
9844
9844
9844
9843
9842
9842
9841
9840
9837
9836
9834
9833
9832
9831
9831
9830
9829
9829
9829
9829
9828
9828
9828
9827
9827
9824
9823
9823
9823
9823
9822
9821
9820
9818
9815
9815
9815
9815
9814
9814
9814
9813
9813
9812
9812
9810
9809
9809
9808
9807
9806
9806
9806
9805
9802
9802
9802
9795
9794
9794
9793
9793
9793
9788
9787
9786
9785
9783
9782
9782
9781
9781
9781
9779
9778
9777
9775
9775
9775
9774
9771
9771
9770
9768
9768
9768
9767
9766
9765
9764
9764
9763
9763
9761
9760
9760
9759
9757
9756
9755
9753
9751
9750
9750
9749
9748
9748
9747
9744
9744
9743
9742
9742
9741
9740
9739
9739
9739
9737
9737
9734
9732
9732
9731
9731
9731
9731
9730
9730
9729
9728
9728
9726
9726
9725
9724
9724
9722
9721
9721
9720
9718
9716
9715
9713
9712
9711
9710
9707
9707
9707
9704
9703
9700
9700
9700
9698
9696
9696
9689
9688
9688
9688
9688
9684
9684
9682
9682
9681
9681
9681
9680
9680
9678
9676
9676
9675
9675
9674
9672
9671
9670
9670
9669
9669
9668
9668
9665
9665
9665
9664
9663
9663
9662
9662
9660
9659
9658
9655
9655
9654
9649
9648
9648
9647
9647
9638
9637
9637
9636
9634
9632
9632
9631
9631
9630
9628
9627
9626
9626
9626
9624
9621
9621
9621
9620
9619
9619
9618
9617
9612
9609
9608
9608
9607
9607
9603
9603
9601
9601
9600
9598
9598
9597
9597
9597
9596
9595
9593
9592
9592
9589
9587
9586
9584
9583
9581
9581
9580
9578
9578
9577
9577
9577
9574
9574
9574
9573
9573
9571
9570
9569
9566
9562
9560
9559
9558
9552
9552
9552
9551
9551
9550
9549
9549
9549
9548
9548
9548
9544
9542
9540
9540
9540
9539
9539
9539
9539
9538
9538
9538
9538
9535
9534
9534
9533
9532
9532
9530
9529
9528
9528
9527
9526
9525
9523
9523
9521
9518
9517
9517
9516
9515
9514
9514
9513
9513
9513
9512
9512
9511
9511
9510
9507
9507
9507
9507
9503
9503
9501
9498
9498
9498
9494
9492
9492
9491
9490
9487
9487
9485
9484
9483
9482
9482
9482
9478
9477
9477
9475
9475
9474
9472
9472
9470
9470
9470
9467
9467
9467
9465
9465
9465
9464
9464
9462
9462
9460
9459
9459
9458
9455
9453
9452
9451
9451
9448
9447
9443
9441
9441
9441
9441
9440
9439
9438
9437
9434
9432
9432
9431
9430
9428
9428
9428
9428
9428
9426
9426
9426
9425
9424
9424
9424
9421
9421
9418
9418
9418
9417
9417
9414
9413
9413
9411
9411
9407
9407
9407
9406
9406
9405
9405
9404
9404
9403
9402
9399
9397
9397
9393
9390
9390
9389
9389
9386
9386
9386
9384
9384
9384
9383
9383
9382
9381
9380
9380
9379
9379
9378
9378
9377
9375
9372
9372
9372
9372
9371
9371
9370
9369
9365
9364
9364
9364
9359
9359
9358
9357
9355
9355
9354
9354
9351
9351
9350
9350
9350
9348
9347
9346
9346
9345
9343
9343
9343
9340
9340
9340
9339
9337
9335
9332
9332
9332
9330
9330
9328
9327
9327
9326
9326
9326
9325
9323
9323
9322
9320
9318
9317
9317
9315
9310
9309
9308
9307
9306
9306
9306
9305
9305
9304
9303
9303
9303
9302
9301
9300
9298
9298
9298
9296
9295
9295
9295
9293
9293
9293
9292
9291
9290
9290
9289
9285
9285
9284
9284
9283
9283
9283
9282
9282
9280
9279
9279
9278
9278
9276
9274
9273
9272
9271
9268
9268
9266
9266
9265
9265
9265
9263
9263
9262
9262
9261
9261
9260
9259
9259
9258
9258
9256
9256
9255
9252
9251
9251
9250
9248
9247
9246
9246
9245
9244
9244
9244
9243
9242
9242
9242
9241
9241
9240
9240
9240
9239
9239
9237
9233
9232
9228
9227
9226
9226
9224
9221
9218
9217
9217
9216
9216
9216
9216
9212
9211
9211
9211
9208
9208
9206
9205
9204
9203
9202
9201
9201
9198
9197
9197
9197
9196
9194
9192
9191
9191
9187
9186
9183
9182
9180
9180
9180
9179
9177
9175
9174
9173
9172
9172
9171
9170
9169
9168
9167
9166
9162
9160
9159
9159
9157
9156
9155
9153
9150
9148
9148
9145
9145
9144
9143
9142
9140
9139
9138
9137
9137
9134
9132
9132
9130
9130
9130
9130
9129
9125
9124
9124
9123
9121
9121
9120
9120
9120
9119
9118
9117
9116
9115
9114
9114
9114
9112
9112
9112
9111
9110
9109
9108
9108
9107
9106
9105
9104
9103
9103
9102
9101
9101
9099
9099
9098
9097
9097
9097
9096
9096
9094
9089
9086
9081
9080
9079
9078
9078
9077
9076
9076
9075
9074
9073
9072
9071
9070
9070
9069
9066
9065
9064
9063
9061
9060
9060
9059
9059
9059
9058
9057
9057
9055
9054
9053
9052
9052
9052
9052
9051
9049
9048
9046
9046
9044
9042
9038
9036
9036
9034
9033
9032
9032
9031
9030
9029
9025
9024
9023
9023
9021
9021
9020
9020
9020
9017
9017
9016
9015
9013
9011
9011
9009
9007
9007
9005
9004
9003
9002
9002
8999
8997
8996
8996
8995
8993
8992
8992
8991
8989
8989
8989
8988
8987
8984
8982
8981
8980
8980
8979
8978
8978
8977
8977
8977
8974
8973
8971
8970
8970
8970
8969
8969
8966
8966
8965
8964
8964
8963
8963
8962
8962
8959
8959
8957
8957
8956
8956
8956
8956
8955
8954
8954
8954
8954
8953
8952
8952
8951
8946
8945
8944
8943
8943
8942
8942
8940
8939
8938
8938
8937
8937
8936
8936
8935
8935
8934
8934
8933
8930
8929
8928
8928
8928
8927
8925
8925
8923
8921
8921
8920
8920
8918
8917
8916
8915
8915
8915
8915
8914
8909
8909
8909
8908
8906
8906
8906
8905
8905
8905
8904
8904
8903
8903
8902
8900
8900
8900
8899
8898
8896
8895
8895
8894
8891
8891
8889
8887
8886
8884
8884
8882
8882
8880
8880
8879
8879
8878
8878
8877
8877
8876
8876
8875
8874
8872
8871
8868
8864
8863
8863
8861
8859
8858
8858
8857
8856
8855
8854
8854
8854
8853
8853
8852
8852
8851
8850
8850
8849
8848
8846
8846
8845
8845
8845
8843
8843
8841
8841
8839
8836
8836
8835
8832
8832
8828
8828
8827
8825
8824
8823
8822
8820
8820
8819
8819
8818
8816
8813
8812
8812
8811
8811
8810
8809
8808
8807
8807
8806
8804
8804
8803
8803
8799
8798
8798
8798
8797
8796
8795
8795
8791
8790
8788
8788
8787
8786
8784
8784
8783
8781
8780
8780
8780
8777
8776
8774
8771
8768
8767
8767
8766
8765
8764
8763
8763
8761
8761
8760
8759
8758
8757
8755
8754
8754
8751
8749
8747
8746
8746
8744
8743
8741
8737
8735
8735
8734
8733
8732
8731
8728
8727
8725
8724
8720
8719
8719
8719
8716
8714
8712
8712
8710
8710
8708
8708
8707
8706
8704
8702
8698
8698
8697
8697
8695
8694
8693
8693
8692
8692
8691
8689
8687
8686
8686
8685
8682
8677
8676
8676
8676
8674
8673
8670
8670
8670
8669
8669
8669
8667
8667
8666
8662
8662
8661
8661
8659
8659
8657
8654
8654
8653
8650
8646
8646
8646
8645
8645
8645
8642
8642
8642
8641
8640
8640
8640
8638
8637
8637
8635
8634
8634
8634
8633
8633
8632
8632
8632
8632
8628
8628
8627
8627
8627
8625
8625
8624
8622
8622
8621
8621
8620
8620
8619
8619
8618
8618
8616
8615
8614
8613
8612
8611
8609
8608
8607
8605
8604
8603
8603
8603
8602
8601
8601
8600
8600
8596
8587
8585
8585
8581
8580
8579
8579
8578
8575
8574
8573
8571
8569
8568
8567
8567
8566
8566
8565
8564
8562
8562
8560
8560
8559
8558
8556
8556
8556
8555
8554
8552
8552
8551
8551
8550
8550
8549
8548
8548
8547
8547
8546
8544
8543
8543
8543
8543
8542
8541
8540
8540
8538
8538
8538
8537
8537
8537
8536
8535
8535
8534
8532
8532
8530
8529
8529
8529
8528
8528
8524
8519
8516
8516
8514
8511
8511
8510
8509
8508
8507
8507
8505
8504
8503
8502
8500
8500
8500
8500
8499
8497
8496
8496
8493
8492
8489
8489
8487
8487
8484
8483
8480
8478
8477
8476
8475
8475
8475
8474
8472
8472
8471
8470
8470
8469
8468
8467
8467
8465
8465
8465
8464
8464
8463
8463
8460
8460
8458
8456
8456
8456
8454
8454
8451
8450
8449
8448
8447
8446
8446
8445
8441
8440
8439
8439
8439
8438
8438
8438
8436
8435
8435
8434
8434
8433
8433
8430
8430
8429
8429
8429
8429
8424
8424
8423
8421
8418
8418
8418
8417
8417
8416
8415
8414
8413
8412
8412
8409
8409
8408
8406
8405
8402
8402
8401
8400
8399
8399
8399
8394
8390
8390
8390
8388
8387
8387
8384
8384
8383
8381
8380
8380
8378
8375
8375
8374
8371
8370
8368
8368
8368
8368
8367
8363
8362
8361
8360
8360
8357
8357
8356
8355
8355
8354
8354
8354
8353
8353
8353
8353
8352
8351
8350
8348
8347
8347
8347
8347
8346
8345
8345
8342
8342
8339
8338
8338
8338
8337
8336
8335
8335
8334
8333
8332
8332
8331
8331
8328
8327
8327
8325
8325
8325
8324
8323
8322
8321
8321
8320
8318
8317
8316
8315
8315
8314
8314
8313
8313
8311
8308
8308
8308
8307
8307
8306
8304
8303
8303
8302
8301
8300
8299
8298
8296
8296
8295
8295
8294
8294
8292
8291
8289
8289
8289
8287
8286
8285
8285
8285
8281
8281
8280
8280
8279
8278
8277
8277
8276
8275
8274
8274
8273
8273
8272
8269
8269
8269
8267
8267
8266
8266
8264
8264
8264
8264
8263
8262
8262
8261
8258
8257
8256
8256
8255
8254
8253
8253
8252
8252
8251
8250
8249
8248
8247
8246
8245
8245
8244
8243
8240
8240
8238
8237
8235
8234
8234
8233
8231
8230
8230
8228
8228
8228
8226
8223
8221
8220
8219
8218
8218
8217
8217
8217
8217
8216
8216
8214
8212
8212
8211
8210
8210
8209
8208
8208
8208
8208
8205
8205
8205
8203
8203
8203
8203
8202
8202
8200
8199
8199
8199
8199
8197
8197
8193
8191
8189
8186
8185
8182
8181
8180
8178
8178
8178
8177
8176
8176
8174
8174
8173
8173
8171
8167
8167
8167
8167
8166
8165
8164
8164
8163
8163
8163
8162
8161
8160
8160
8157
8153
8153
8153
8148
8147
8145
8144
8142
8142
8138
8136
8135
8133
8131
8130
8129
8127
8127
8125
8125
8124
8121
8117
8115
8115
8113
8109
8109
8108
8108
8107
8107
8106
8104
8104
8102
8101
8101
8099
8099
8096
8095
8095
8095
8095
8092
8092
8091
8090
8088
8088
8087
8087
8083
8080
8079
8079
8078
8078
8077
8077
8076
8075
8075
8075
8075
8074
8074
8073
8072
8072
8070
8068
8067
8067
8066
8066
8065
8065
8063
8063
8062
8061
8061
8060
8059
8056
8056
8056
8052
8051
8050
8049
8047
8044
8044
8043
8043
8042
8039
8038
8037
8037
8035
8034
8033
8032
8030
8030
8028
8027
8027
8021
8020
8018
8018
8017
8017
8017
8016
8013
8011
8010
8009
8007
8002
8002
8002
8002
8001
7999
7998
7998
7996
7995
7994
7994
7994
7994
7993
7993
7992
7991
7991
7991
7991
7989
7988
7987
7987
7986
7985
7984
7984
7984
7981
7980
7979
7978
7976
7976
7976
7975
7975
7975
7975
7972
7971
7970
7970
7969
7968
7967
7966
7965
7962
7961
7960
7960
7960
7958
7954
7954
7953
7952
7952
7952
7952
7952
7950
7949
7949
7949
7949
7948
7945
7944
7944
7944
7944
7939
7939
7939
7939
7939
7938
7938
7937
7936
7935
7935
7934
7933
7932
7932
7932
7931
7930
7928
7928
7927
7926
7926
7925
7923
7919
7919
7918
7916
7916
7914
7912
7912
7912
7911
7911
7911
7908
7907
7907
7906
7905
7903
7900
7900
7898
7897
7897
7897
7895
7895
7894
7894
7893
7889
7889
7889
7883
7882
7877
7877
7876
7876
7875
7875
7875
7873
7873
7872
7871
7870
7870
7870
7869
7869
7869
7867
7867
7866
7863
7862
7862
7862
7860
7859
7859
7856
7855
7855
7854
7851
7851
7851
7850
7849
7847
7845
7844
7843
7843
7841
7840
7840
7839
7839
7836
7834
7834
7832
7831
7831
7830
7830
7830
7830
7830
7829
7826
7825
7823
7823
7822
7822
7822
7820
7820
7819
7818
7817
7817
7817
7816
7815
7812
7810
7809
7808
7808
7808
7806
7804
7804
7804
7804
7803
7801
7800
7800
7800
7800
7798
7797
7796
7796
7796
7796
7795
7795
7794
7793
7793
7793
7793
7790
7789
7789
7786
7785
7784
7782
7781
7781
7780
7778
7778
7777
7776
7776
7775
7775
7771
7771
7770
7770
7769
7769
7768
7768
7768
7768
7767
7765
7765
7765
7763
7763
7763
7762
7762
7761
7760
7760
7760
7759
7758
7758
7757
7757
7756
7756
7755
7754
7752
7752
7751
7750
7747
7747
7747
7747
7747
7746
7745
7744
7743
7743
7742
7742
7742
7741
7740
7737
7736
7735
7734
7733
7731
7730
7729
7729
7728
7728
7727
7725
7723
7721
7721
7720
7720
7719
7717
7717
7717
7716
7715
7714
7713
7713
7711
7711
7707
7707
7706
7705
7705
7702
7702
7700
7700
7699
7698
7695
7694
7694
7694
7693
7693
7693
7692
7691
7690
7687
7687
7687
7684
7683
7679
7677
7677
7673
7673
7673
7672
7672
7672
7672
7670
7670
7669
7666
7666
7666
7665
7665
7665
7663
7663
7662
7662
7661
7661
7661
7661
7661
7658
7656
7656
7655
7654
7652
7652
7651
7650
7649
7648
7647
7645
7644
7644
7643
7643
7641
7639
7637
7637
7637
7636
7635
7635
7634
7633
7633
7630
7628
7627
7626
7626
7625
7624
7623
7622
7621
7620
7620
7618
7617
7616
7615
7615
7614
7611
7611
7610
7610
7607
7607
7607
7607
7606
7606
7605
7603
7602
7601
7597
7597
7597
7596
7596
7596
7595
7594
7593
7593
7592
7592
7592
7591
7591
7589
7587
7587
7586
7585
7584
7583
7583
7583
7583
7582
7580
7579
7579
7579
7576
7576
7576
7575
7572
7569
7569
7568
7567
7564
7561
7560
7559
7557
7557
7557
7557
7557
7554
7552
7551
7551
7547
7546
7545
7544
7543
7540
7538
7538
7537
7535
7535
7534
7532
7531
7530
7530
7529
7529
7528
7528
7527
7522
7522
7521
7521
7519
7518
7516
7515
7513
7511
7511
7509
7508
7508
7507
7506
7505
7505
7504
7504
7504
7503
7502
7501
7501
7500
7500
7499
7499
7499
7499
7499
7497
7496
7495
7492
7490
7486
7485
7483
7483
7481
7477
7473
7472
7471
7471
7469
7469
7468
7467
7467
7466
7466
7466
7464
7463
7460
7460
7458
7457
7456
7456
7455
7454
7452
7448
7448
7446
7445
7444
7443
7443
7440
7438
7436
7436
7436
7435
7434
7433
7431
7430
7429
7428
7427
7426
7426
7426
7423
7423
7422
7421
7421
7419
7416
7416
7415
7415
7414
7414
7414
7412
7411
7408
7408
7406
7406
7406
7402
7402
7402
7401
7398
7398
7398
7397
7395
7395
7392
7391
7391
7390
7390
7390
7388
7385
7382
7381
7381
7379
7379
7378
7378
7377
7377
7376
7376
7376
7375
7374
7374
7372
7372
7371
7369
7368
7368
7367
7367
7367
7367
7366
7366
7365
7364
7361
7361
7361
7361
7360
7359
7359
7358
7357
7354
7354
7353
7353
7352
7352
7352
7351
7350
7350
7347
7346
7346
7346
7345
7344
7343
7343
7341
7339
7339
7339
7337
7335
7329
7328
7327
7327
7326
7324
7323
7322
7322
7322
7321
7319
7317
7317
7316
7316
7315
7314
7311
7310
7309
7308
7307
7305
7302
7301
7301
7300
7299
7299
7297
7294
7294
7293
7293
7291
7291
7291
7290
7290
7288
7287
7286
7284
7283
7282
7279
7279
7278
7278
7278
7278
7275
7275
7273
7271
7271
7268
7268
7267
7267
7267
7266
7263
7263
7262
7261
7260
7259
7259
7257
7257
7257
7256
7256
7255
7250
7249
7248
7247
7247
7246
7245
7245
7244
7244
7242
7242
7240
7240
7238
7237
7236
7235
7233
7232
7232
7231
7229
7228
7227
7225
7223
7223
7222
7221
7221
7220
7220
7220
7218
7218
7218
7216
7216
7213
7213
7212
7212
7211
7211
7210
7208
7207
7207
7205
7204
7203
7203
7203
7202
7201
7200
7199
7199
7199
7199
7195
7195
7194
7193
7192
7192
7191
7187
7186
7184
7182
7179
7178
7177
7177
7176
7174
7174
7172
7171
7171
7170
7170
7170
7170
7169
7169
7166
7165
7163
7158
7156
7156
7156
7155
7155
7152
7152
7152
7151
7151
7148
7147
7146
7143
7143
7141
7139
7139
7138
7138
7137
7136
7134
7134
7128
7128
7128
7126
7121
7121
7120
7120
7119
7118
7117
7117
7117
7116
7115
7115
7113
7112
7110
7109
7108
7108
7108
7107
7107
7104
7103
7103
7103
7103
7103
7102
7101
7100
7098
7097
7097
7097
7096
7092
7091
7090
7090
7089
7089
7088
7088
7088
7087
7086
7082
7079
7079
7079
7079
7077
7076
7076
7076
7076
7075
7074
7073
7073
7073
7072
7072
7071
7070
7070
7069
7068
7067
7066
7066
7060
7060
7059
7058
7057
7056
7056
7054
7053
7053
7053
7051
7051
7050
7047
7046
7046
7045
7043
7042
7042
7041
7040
7040
7040
7038
7035
7034
7033
7032
7032
7031
7029
7027
7027
7025
7023
7023
7021
7020
7020
7019
7019
7017
7016
7016
7014
7013
7012
7010
7010
7008
7008
7007
7007
7005
7005
7003
7003
7003
7002
7001
6999
6997
6996
6996
6995
6990
6989
6981
6980
6979
6978
6977
6977
6976
6976
6975
6974
6973
6972
6971
6971
6970
6969
6969
6968
6967
6967
6967
6966
6965
6965
6964
6964
6963
6963
6962
6962
6961
6953
6951
6950
6948
6948
6948
6946
6945
6944
6942
6940
6939
6936
6936
6936
6936
6936
6935
6934
6933
6930
6926
6924
6924
6924
6923
6922
6920
6919
6918
6916
6916
6915
6915
6914
6913
6913
6913
6913
6912
6911
6911
6910
6910
6907
6904
6904
6904
6903
6902
6901
6897
6897
6896
6894
6894
6892
6891
6890
6890
6889
6889
6888
6888
6886
6883
6883
6882
6879
6877
6875
6875
6871
6869
6867
6866
6866
6864
6864
6863
6863
6863
6862
6862
6861
6861
6860
6860
6859
6859
6858
6857
6857
6856
6855
6854
6854
6851
6851
6851
6850
6850
6850
6849
6848
6848
6847
6844
6843
6842
6842
6842
6841
6838
6838
6837
6836
6834
6834
6833
6832
6831
6831
6830
6829
6829
6826
6825
6825
6823
6822
6822
6820
6819
6819
6819
6818
6817
6815
6815
6814
6814
6813
6812
6811
6811
6810
6806
6806
6806
6804
6801
6801
6798
6798
6796
6796
6795
6792
6791
6791
6790
6790
6789
6787
6784
6783
6782
6782
6782
6782
6779
6779
6774
6773
6772
6770
6768
6767
6765
6764
6762
6762
6760
6757
6757
6755
6753
6751
6750
6750
6747
6744
6744
6742
6742
6741
6740
6739
6739
6737
6735
6735
6735
6734
6734
6734
6733
6731
6731
6729
6729
6729
6728
6728
6728
6728
6727
6726
6726
6726
6724
6723
6721
6720
6719
6719
6719
6718
6718
6714
6714
6714
6713
6712
6712
6710
6709
6709
6708
6708
6707
6706
6702
6701
6699
6698
6697
6696
6695
6692
6692
6691
6691
6690
6690
6689
6689
6689
6688
6688
6688
6687
6686
6685
6685
6682
6682
6681
6681
6679
6679
6679
6678
6673
6673
6672
6671
6667
6665
6664
6662
6662
6662
6661
6660
6659
6659
6658
6658
6658
6657
6656
6655
6655
6654
6653
6650
6649
6648
6646
6645
6643
6642
6638
6638
6637
6636
6635
6634
6634
6633
6632
6632
6631
6630
6629
6628
6628
6627
6626
6626
6625
6624
6623
6623
6623
6622
6622
6620
6619
6618
6617
6616
6616
6616
6614
6614
6614
6611
6610
6610
6607
6607
6606
6606
6604
6603
6599
6598
6597
6596
6594
6593
6592
6591
6591
6591
6590
6589
6587
6586
6586
6585
6585
6585
6585
6585
6585
6583
6583
6583
6582
6581
6580
6578
6577
6577
6577
6575
6574
6574
6574
6573
6573
6572
6572
6571
6570
6570
6569
6565
6565
6563
6561
6560
6559
6557
6555
6554
6553
6552
6552
6551
6549
6549
6548
6547
6544
6544
6544
6540
6539
6539
6538
6538
6537
6535
6534
6530
6527
6527
6526
6525
6525
6523
6522
6522
6521
6520
6520
6520
6518
6517
6515
6514
6514
6510
6507
6506
6506
6506
6505
6505
6505
6504
6504
6502
6502
6502
6501
6501
6501
6498
6497
6497
6497
6496
6496
6495
6493
6492
6490
6490
6490
6488
6488
6488
6487
6487
6486
6486
6484
6481
6479
6479
6478
6474
6474
6474
6473
6473
6471
6470
6470
6469
6467
6467
6465
6465
6465
6464
6462
6458
6458
6457
6457
6457
6457
6457
6456
6455
6454
6454
6453
6451
6451
6451
6450
6449
6445
6443
6443
6442
6441
6441
6440
6440
6440
6439
6438
6437
6437
6436
6436
6433
6433
6433
6432
6431
6430
6430
6429
6429
6429
6429
6427
6426
6424
6424
6424
6423
6422
6422
6421
6421
6421
6420
6417
6414
6411
6408
6408
6407
6406
6406
6406
6403
6403
6402
6399
6399
6398
6398
6397
6396
6395
6394
6393
6393
6392
6391
6391
6389
6389
6388
6387
6385
6384
6383
6383
6382
6380
6380
6379
6378
6377
6377
6376
6373
6372
6372
6372
6372
6371
6371
6370
6369
6368
6367
6366
6366
6363
6363
6362
6361
6361
6360
6358
6357
6356
6356
6355
6354
6353
6352
6352
6351
6351
6351
6351
6350
6347
6346
6346
6345
6342
6340
6339
6336
6336
6334
6334
6334
6332
6331
6329
6328
6328
6327
6327
6325
6323
6323
6323
6322
6322
6322
6321
6318
6315
6309
6308
6308
6308
6307
6303
6301
6300
6300
6300
6300
6299
6298
6296
6295
6292
6291
6290
6290
6290
6289
6288
6287
6287
6287
6286
6286
6285
6285
6285
6284
6284
6281
6278
6277
6276
6275
6275
6274
6274
6273
6273
6272
6272
6271
6270
6268
6267
6267
6266
6266
6265
6265
6264
6264
6261
6261
6259
6259
6258
6258
6257
6256
6255
6254
6253
6253
6253
6253
6252
6251
6250
6250
6249
6247
6247
6245
6244
6242
6240
6238
6236
6234
6231
6229
6227
6226
6226
6226
6226
6224
6224
6223
6221
6219
6219
6219
6218
6217
6216
6215
6214
6214
6211
6211
6210
6209
6208
6208
6205
6204
6204
6203
6202
6202
6199
6198
6197
6196
6195
6194
6194
6192
6191
6191
6191
6190
6190
6189
6189
6189
6187
6186
6186
6185
6184
6181
6179
6176
6175
6174
6174
6172
6172
6171
6170
6170
6165
6163
6157
6157
6155
6154
6153
6151
6151
6148
6148
6148
6146
6145
6144
6144
6144
6144
6143
6143
6140
6138
6137
6134
6134
6134
6134
6133
6132
6130
6130
6125
6125
6123
6123
6123
6122
6119
6118
6118
6115
6115
6114
6112
6111
6111
6110
6109
6108
6108
6108
6107
6102
6101
6099
6098
6098
6097
6097
6096
6094
6094
6093
6092
6090
6089
6088
6087
6087
6086
6085
6085
6084
6083
6080
6079
6079
6077
6075
6075
6075
6073
6072
6072
6071
6071
6070
6069
6067
6067
6067
6065
6063
6063
6062
6061
6060
6060
6060
6060
6057
6056
6056
6056
6055
6054
6051
6051
6048
6048
6047
6047
6045
6045
6045
6042
6040
6035
6033
6031
6029
6029
6027
6025
6025
6022
6019
6017
6017
6016
6016
6016
6015
6015
6014
6013
6013
6013
6012
6012
6011
6010
6007
6007
6006
6006
6006
6005
6005
6004
6002
6002
6002
5999
5998
5998
5997
5997
5995
5995
5995
5994
5994
5991
5990
5988
5987
5986
5986
5985
5984
5981
5980
5980
5980
5979
5978
5977
5976
5975
5974
5973
5972
5972
5971
5969
5969
5969
5969
5968
5967
5966
5965
5964
5963
5962
5961
5961
5960
5960
5959
5958
5958
5956
5956
5955
5955
5954
5951
5951
5950
5949
5949
5949
5947
5946
5946
5944
5943
5942
5942
5940
5940
5940
5939
5938
5938
5938
5936
5935
5933
5930
5930
5929
5926
5924
5924
5923
5920
5918
5917
5917
5914
5913
5912
5911
5910
5910
5909
5909
5906
5906
5903
5903
5900
5900
5899
5896
5894
5894
5894
5894
5893
5892
5892
5891
5891
5890
5890
5886
5886
5886
5886
5885
5885
5885
5884
5883
5882
5881
5881
5879
5877
5876
5873
5872
5868
5867
5865
5864
5863
5862
5862
5861
5858
5858
5858
5857
5853
5853
5852
5850
5849
5849
5848
5848
5847
5847
5846
5845
5843
5843
5842
5841
5840
5839
5839
5834
5832
5831
5829
5829
5828
5828
5827
5826
5826
5825
5824
5824
5822
5822
5820
5819
5818
5818
5816
5816
5816
5815
5814
5813
5812
5812
5808
5805
5804
5803
5799
5798
5797
5796
5795
5795
5793
5793
5792
5791
5791
5791
5791
5790
5789
5787
5785
5784
5781
5779
5778
5777
5776
5775
5775
5774
5774
5774
5773
5772
5772
5771
5771
5769
5767
5767
5767
5766
5766
5765
5763
5762
5762
5756
5756
5756
5755
5755
5754
5753
5753
5753
5753
5753
5753
5751
5751
5750
5749
5747
5747
5746
5745
5741
5740
5740
5739
5739
5738
5738
5737
5736
5733
5732
5732
5729
5729
5729
5728
5727
5726
5725
5722
5722
5722
5721
5721
5721
5720
5717
5716
5713
5712
5711
5710
5710
5708
5707
5705
5705
5704
5704
5701
5700
5699
5698
5698
5696
5693
5692
5692
5690
5689
5689
5686
5686
5685
5685
5684
5684
5681
5680
5679
5677
5677
5672
5671
5670
5670
5669
5669
5667
5666
5665
5665
5664
5662
5661
5661
5660
5658
5658
5658
5656
5656
5655
5655
5654
5654
5652
5651
5648
5646
5646
5645
5645
5645
5645
5644
5643
5643
5642
5640
5639
5639
5637
5637
5636
5635
5634
5632
5632
5632
5631
5629
5627
5627
5627
5626
5623
5622
5621
5619
5616
5615
5614
5613
5612
5610
5609
5609
5608
5607
5606
5604
5604
5604
5601
5599
5599
5598
5598
5597
5596
5596
5596
5595
5594
5593
5592
5591
5591
5591
5589
5589
5587
5585
5585
5585
5585
5582
5582
5579
5579
5579
5578
5577
5572
5572
5572
5571
5571
5569
5568
5567
5565
5561
5558
5558
5558
5557
5556
5556
5555
5553
5552
5552
5551
5549
5547
5543
5540
5539
5539
5538
5537
5536
5536
5535
5535
5534
5534
5534
5532
5532
5532
5531
5529
5528
5527
5525
5524
5523
5523
5523
5523
5522
5522
5522
5521
5519
5518
5517
5515
5514
5513
5511
5510
5510
5510
5510
5509
5509
5508
5507
5505
5505
5505
5504
5504
5503
5500
5499
5496
5496
5495
5494
5494
5494
5493
5493
5492
5491
5490
5490
5489
5488
5487
5486
5485
5483
5482
5482
5481
5481
5481
5480
5480
5479
5477
5475
5474
5473
5472
5469
5466
5466
5464
5463
5461
5460
5459
5458
5457
5456
5455
5454
5453
5452
5452
5450
5450
5450
5448
5448
5448
5447
5447
5445
5444
5443
5440
5440
5439
5438
5438
5437
5437
5436
5435
5435
5434
5433
5433
5432
5432
5431
5431
5431
5431
5429
5429
5429
5425
5424
5422
5421
5420
5420
5420
5419
5417
5416
5416
5415
5411
5410
5410
5409
5409
5409
5408
5408
5407
5406
5404
5404
5401
5400
5398
5395
5395
5394
5394
5394
5394
5393
5393
5391
5391
5391
5391
5389
5386
5385
5384
5380
5378
5377
5376
5374
5374
5372
5372
5371
5370
5370
5370
5369
5368
5368
5367
5366
5365
5364
5362
5358
5358
5357
5357
5357
5357
5357
5356
5354
5353
5353
5352
5349
5348
5346
5345
5344
5343
5343
5339
5336
5336
5336
5335
5335
5335
5334
5334
5333
5332
5331
5331
5330
5330
5329
5329
5327
5327
5325
5320
5319
5319
5317
5315
5315
5315
5315
5313
5313
5313
5313
5312
5309
5309
5309
5309
5308
5308
5307
5306
5305
5301
5300
5297
5296
5295
5293
5293
5291
5290
5289
5288
5287
5286
5286
5285
5284
5283
5281
5279
5277
5277
5276
5275
5273
5273
5272
5271
5269
5265
5264
5264
5263
5263
5262
5260
5259
5258
5257
5257
5257
5254
5254
5253
5250
5250
5250
5249
5246
5246
5241
5241
5237
5236
5235
5234
5233
5231
5230
5230
5226
5226
5225
5224
5223
5222
5219
5218
5217
5216
5215
5212
5212
5211
5211
5211
5211
5210
5209
5209
5208
5207
5204
5203
5202
5202
5200
5199
5198
5196
5196
5196
5195
5194
5193
5193
5190
5190
5188
5187
5187
5185
5185
5184
5184
5181
5179
5179
5179
5177
5176
5174
5174
5173
5171
5170
5169
5169
5169
5165
5165
5163
5161
5161
5161
5161
5160
5155
5155
5155
5154
5152
5152
5151
5150
5148
5147
5147
5147
5146
5144
5141
5140
5140
5136
5136
5134
5132
5131
5131
5130
5125
5124
5124
5123
5122
5122
5121
5120
5120
5118
5118
5117
5116
5115
5112
5111
5110
5109
5108
5108
5108
5107
5107
5106
5105
5102
5101
5100
5099
5098
5098
5095
5093
5091
5090
5088
5088
5088
5084
5084
5084
5083
5082
5082
5081
5081
5080
5079
5078
5076
5076
5076
5076
5075
5075
5074
5074
5071
5070
5070
5070
5064
5062
5060
5058
5057
5057
5057
5057
5056
5056
5055
5055
5055
5052
5052
5052
5051
5051
5051
5050
5050
5049
5046
5045
5045
5044
5044
5040
5040
5039
5038
5038
5037
5036
5033
5033
5033
5027
5027
5026
5025
5020
5016
5016
5013
5013
5013
5013
5010
5009
5007
5007
5007
5005
5005
5002
5000
4999
4998
4998
4995
4994
4993
4992
4992
4992
4991
4991
4989
4987
4986
4983
4983
4983
4982
4981
4981
4980
4978
4977
4976
4976
4976
4975
4975
4973
4971
4970
4969
4969
4968
4966
4966
4966
4965
4964
4964
4964
4963
4961
4960
4960
4960
4960
4960
4958
4957
4957
4955
4953
4953
4953
4952
4952
4951
4950
4945
4945
4945
4945
4943
4940
4939
4938
4937
4937
4936
4936
4936
4936
4935
4935
4934
4932
4931
4931
4930
4930
4927
4927
4927
4927
4926
4925
4924
4924
4923
4921
4918
4918
4918
4918
4915
4913
4912
4912
4911
4911
4910
4909
4909
4909
4908
4908
4908
4906
4901
4901
4899
4899
4897
4897
4895
4894
4889
4889
4888
4887
4886
4886
4885
4885
4885
4884
4882
4881
4880
4878
4876
4874
4874
4873
4871
4871
4870
4870
4869
4867
4867
4867
4866
4866
4865
4864
4864
4863
4863
4863
4862
4862
4861
4860
4858
4858
4857
4855
4854
4852
4851
4850
4850
4849
4849
4847
4847
4846
4846
4844
4844
4843
4841
4841
4840
4840
4840
4839
4838
4838
4836
4835
4832
4832
4832
4831
4831
4830
4829
4829
4828
4828
4827
4827
4827
4827
4826
4825
4824
4824
4823
4822
4821
4820
4820
4820
4818
4818
4816
4816
4816
4814
4811
4810
4808
4808
4806
4804
4801
4799
4798
4798
4795
4795
4794
4793
4793
4792
4791
4791
4790
4789
4787
4787
4784
4784
4784
4783
4781
4781
4778
4778
4777
4777
4768
4768
4768
4766
4766
4765
4765
4764
4764
4764
4763
4763
4762
4762
4761
4760
4759
4759
4758
4756
4754
4754
4754
4752
4752
4752
4749
4749
4749
4749
4748
4747
4747
4746
4746
4745
4745
4745
4745
4745
4745
4742
4742
4742
4742
4739
4739
4737
4737
4737
4736
4735
4734
4732
4732
4731
4731
4731
4730
4730
4730
4729
4728
4727
4725
4725
4725
4724
4721
4721
4721
4721
4720
4719
4718
4716
4714
4713
4713
4712
4711
4709
4708
4708
4707
4707
4707
4706
4703
4703
4701
4701
4701
4700
4699
4698
4697
4697
4697
4696
4696
4694
4694
4693
4691
4690
4688
4687
4686
4683
4681
4678
4677
4677
4676
4673
4670
4669
4668
4667
4667
4665
4664
4664
4663
4663
4662
4661
4660
4658
4657
4655
4655
4655
4651
4651
4648
4648
4647
4647
4647
4646
4646
4645
4643
4642
4642
4642
4638
4636
4636
4634
4634
4634
4632
4632
4631
4630
4629
4627
4626
4623
4623
4620
4620
4620
4619
4619
4618
4617
4617
4617
4615
4615
4615
4614
4613
4612
4612
4612
4612
4611
4609
4608
4607
4607
4606
4605
4604
4603
4603
4603
4602
4600
4600
4599
4599
4598
4598
4597
4597
4596
4596
4595
4595
4594
4594
4594
4593
4592
4592
4590
4589
4587
4586
4584
4584
4584
4583
4582
4582
4582
4582
4580
4578
4576
4575
4575
4573
4571
4570
4568
4566
4566
4564
4564
4564
4563
4563
4561
4560
4559
4558
4556
4556
4556
4556
4555
4554
4554
4554
4554
4553
4551
4550
4549
4549
4547
4543
4543
4541
4541
4540
4540
4539
4535
4533
4532
4531
4530
4530
4530
4529
4529
4529
4525
4524
4523
4522
4522
4521
4521
4520
4519
4519
4518
4518
4517
4515
4511
4510
4510
4509
4507
4507
4503
4501
4500
4500
4500
4500
4499
4496
4496
4495
4495
4495
4494
4494
4493
4491
4489
4488
4487
4487
4486
4485
4483
4480
4480
4480
4477
4476
4476
4470
4470
4469
4468
4467
4466
4465
4464
4463
4462
4461
4461
4461
4458
4457
4456
4455
4453
4452
4452
4451
4451
4451
4451
4450
4450
4449
4448
4448
4446
4445
4445
4444
4442
4442
4441
4441
4439
4439
4439
4438
4438
4438
4438
4437
4437
4436
4435
4435
4431
4431
4427
4427
4427
4426
4424
4424
4423
4419
4417
4417
4417
4416
4416
4416
4413
4413
4411
4411
4411
4410
4408
4407
4407
4407
4406
4406
4405
4403
4402
4401
4401
4400
4398
4394
4393
4390
4390
4387
4387
4387
4386
4386
4385
4384
4384
4383
4383
4380
4379
4377
4376
4376
4376
4374
4372
4371
4370
4370
4369
4369
4367
4367
4366
4366
4364
4361
4358
4357
4356
4354
4354
4351
4349
4348
4348
4348
4347
4346
4345
4343
4342
4342
4341
4340
4340
4339
4337
4337
4335
4335
4333
4332
4332
4332
4331
4330
4329
4329
4329
4328
4328
4328
4328
4327
4327
4327
4325
4325
4324
4323
4322
4320
4319
4319
4319
4319
4319
4318
4317
4315
4311
4311
4311
4309
4309
4308
4308
4306
4304
4300
4298
4298
4297
4293
4293
4291
4291
4287
4286
4286
4286
4284
4282
4282
4282
4281
4281
4281
4280
4279
4278
4278
4275
4275
4275
4274
4274
4273
4272
4270
4268
4268
4265
4265
4265
4264
4264
4263
4262
4260
4260
4259
4258
4257
4256
4256
4254
4254
4253
4253
4252
4251
4251
4251
4251
4250
4250
4249
4249
4247
4246
4244
4244
4241
4240
4240
4240
4239
4236
4236
4235
4235
4235
4234
4234
4234
4233
4231
4230
4227
4226
4226
4226
4225
4222
4220
4218
4218
4217
4217
4214
4212
4212
4211
4208
4207
4205
4204
4202
4202
4202
4201
4201
4200
4200
4197
4197
4195
4194
4193
4192
4192
4190
4190
4187
4187
4185
4184
4183
4180
4180
4179
4179
4177
4177
4176
4176
4174
4170
4170
4169
4168
4168
4167
4166
4166
4165
4164
4164
4164
4163
4163
4162
4162
4157
4157
4154
4151
4149
4149
4149
4147
4147
4147
4147
4146
4146
4145
4144
4144
4143
4142
4142
4141
4141
4140
4139
4139
4139
4139
4137
4137
4137
4137
4134
4133
4131
4130
4129
4128
4128
4127
4127
4127
4126
4122
4121
4120
4120
4119
4113
4112
4112
4112
4111
4111
4111
4110
4109
4109
4105
4103
4100
4100
4100
4099
4097
4095
4094
4094
4093
4090
4090
4090
4089
4089
4089
4088
4088
4087
4087
4085
4085
4082
4082
4082
4081
4081
4080
4080
4080
4079
4078
4075
4074
4074
4072
4072
4072
4070
4068
4067
4065
4065
4063
4060
4060
4059
4054
4053
4052
4051
4050
4049
4049
4049
4048
4048
4044
4041
4039
4039
4039
4038
4037
4034
4033
4033
4031
4030
4030
4029
4029
4029
4028
4028
4021
4019
4019
4018
4017
4016
4016
4016
4016
4016
4015
4015
4014
4013
4012
4011
4009
4009
4009
4005
4003
4003
4001
3999
3998
3998
3998
3998
3996
3994
3994
3994
3993
3993
3993
3992
3991
3989
3988
3987
3982
3980
3978
3976
3975
3974
3971
3970
3969
3969
3968
3967
3967
3966
3964
3961
3960
3958
3958
3958
3956
3955
3954
3952
3949
3947
3946
3946
3944
3944
3942
3942
3941
3941
3940
3940
3940
3938
3937
3936
3934
3934
3933
3933
3932
3928
3928
3928
3925
3925
3925
3924
3922
3922
3919
3919
3919
3918
3918
3918
3916
3913
3911
3911
3911
3911
3905
3905
3905
3903
3902
3902
3902
3900
3900
3899
3898
3898
3897
3895
3894
3892
3892
3892
3891
3891
3891
3890
3889
3889
3888
3887
3887
3886
3885
3883
3882
3882
3881
3879
3879
3879
3879
3879
3878
3878
3876
3876
3876
3872
3870
3870
3869
3867
3866
3864
3864
3863
3862
3861
3860
3860
3859
3859
3859
3857
3857
3857
3856
3856
3855
3854
3854
3853
3851
3849
3849
3848
3846
3843
3843
3842
3841
3840
3840
3839
3838
3838
3837
3837
3837
3836
3836
3835
3835
3835
3833
3832
3828
3828
3828
3828
3828
3826
3826
3825
3825
3824
3823
3822
3821
3821
3820
3820
3820
3817
3815
3815
3814
3813
3812
3812
3811
3809
3809
3809
3809
3808
3807
3806
3806
3806
3803
3803
3803
3802
3802
3801
3801
3801
3800
3800
3799
3797
3795
3795
3795
3795
3794
3794
3793
3793
3789
3787
3784
3783
3783
3781
3781
3780
3780
3780
3778
3768
3768
3768
3768
3764
3761
3759
3758
3756
3753
3753
3753
3751
3749
3749
3746
3742
3742
3741
3740
3739
3737
3737
3737
3736
3736
3734
3733
3733
3731
3731
3730
3729
3726
3726
3726
3725
3724
3722
3722
3719
3718
3718
3718
3717
3716
3715
3714
3714
3714
3713
3706
3702
3700
3699
3698
3698
3697
3697
3695
3695
3693
3692
3692
3691
3689
3687
3686
3686
3686
3681
3679
3678
3675
3675
3673
3673
3670
3669
3669
3669
3669
3668
3668
3666
3664
3662
3662
3660
3660
3660
3657
3657
3657
3656
3653
3652
3652
3652
3651
3651
3648
3648
3648
3647
3647
3646
3644
3643
3642
3642
3642
3642
3641
3638
3635
3635
3634
3634
3634
3633
3633
3631
3630
3629
3628
3627
3627
3626
3623
3621
3618
3616
3616
3614
3614
3614
3611
3610
3610
3610
3609
3609
3608
3608
3607
3604
3601
3600
3600
3600
3597
3597
3593
3593
3592
3592
3591
3590
3589
3589
3589
3587
3583
3583
3582
3581
3581
3581
3578
3578
3577
3576
3574
3573
3572
3570
3570
3568
3568
3561
3560
3559
3558
3557
3555
3555
3551
3551
3548
3547
3547
3547
3546
3543
3542
3542
3538
3537
3537
3536
3535
3535
3535
3533
3533
3532
3531
3530
3529
3528
3528
3527
3526
3523
3523
3523
3522
3521
3518
3518
3517
3516
3516
3513
3512
3511
3510
3509
3506
3504
3502
3499
3498
3497
3496
3494
3492
3492
3492
3491
3491
3491
3489
3489
3487
3487
3487
3486
3485
3485
3485
3484
3483
3481
3480
3478
3476
3474
3472
3471
3471
3470
3469
3468
3468
3466
3465
3464
3461
3460
3460
3460
3460
3460
3459
3459
3456
3454
3451
3450
3448
3448
3445
3445
3444
3443
3441
3440
3440
3439
3436
3435
3435
3435
3433
3432
3432
3431
3430
3430
3429
3429
3429
3427
3426
3426
3426
3426
3425
3424
3423
3423
3422
3422
3421
3421
3419
3419
3418
3417
3415
3414
3413
3412
3411
3410
3410
3409
3409
3406
3406
3406
3404
3400
3398
3398
3397
3397
3393
3393
3392
3391
3391
3389
3388
3387
3386
3386
3386
3385
3385
3384
3384
3381
3380
3377
3377
3376
3375
3374
3372
3372
3371
3370
3369
3368
3368
3367
3367
3366
3365
3365
3365
3364
3364
3363
3363
3363
3361
3361
3360
3358
3356
3356
3354
3354
3353
3350
3349
3349
3346
3346
3345
3345
3344
3344
3344
3343
3343
3342
3341
3340
3340
3338
3334
3333
3333
3333
3329
3327
3327
3326
3325
3324
3322
3322
3320
3320
3319
3318
3318
3317
3316
3316
3314
3314
3314
3312
3311
3311
3310
3309
3306
3306
3305
3305
3304
3304
3304
3303
3303
3302
3301
3300
3300
3299
3298
3298
3296
3295
3294
3294
3292
3291
3290
3289
3289
3289
3288
3285
3284
3283
3282
3281
3281
3281
3279
3278
3277
3277
3276
3276
3274
3274
3272
3272
3271
3271
3270
3270
3268
3267
3267
3266
3261
3260
3259
3258
3258
3257
3256
3256
3254
3253
3253
3248
3248
3247
3245
3243
3243
3242
3242
3240
3238
3235
3235
3234
3233
3232
3230
3230
3230
3228
3227
3225
3225
3223
3221
3221
3220
3219
3218
3218
3218
3217
3214
3213
3212
3211
3211
3209
3208
3208
3207
3207
3207
3206
3205
3204
3204
3203
3202
3199
3198
3198
3198
3197
3197
3197
3196
3195
3195
3195
3194
3194
3193
3192
3191
3190
3190
3189
3189
3187
3187
3187
3186
3185
3182
3181
3181
3180
3179
3179
3177
3177
3176
3174
3174
3172
3171
3169
3168
3168
3165
3162
3160
3160
3160
3158
3157
3156
3155
3155
3154
3153
3151
3150
3147
3147
3147
3145
3141
3140
3140
3139
3138
3138
3137
3135
3133
3132
3131
3129
3127
3126
3125
3124
3123
3123
3122
3121
3121
3121
3121
3120
3120
3118
3116
3114
3111
3110
3109
3109
3109
3108
3107
3107
3106
3105
3103
3102
3101
3096
3093
3093
3092
3090
3089
3087
3086
3084
3084
3084
3083
3082
3080
3080
3077
3077
3077
3077
3076
3075
3073
3073
3072
3072
3071
3068
3067
3066
3065
3065
3063
3062
3061
3057
3056
3056
3055
3054
3054
3051
3050
3050
3049
3049
3048
3048
3048
3045
3045
3043
3043
3042
3040
3040
3039
3036
3035
3034
3032
3032
3029
3028
3028
3026
3022
3021
3019
3017
3016
3015
3014
3012
3012
3011
3010
3008
3008
3007
3004
3004
3003
3002
3000
2996
2995
2994
2993
2993
2991
2990
2990
2990
2989
2989
2988
2988
2986
2986
2984
2984
2984
2983
2980
2980
2977
2977
2976
2973
2970
2970
2967
2966
2965
2965
2965
2964
2964
2963
2963
2963
2962
2961
2960
2960
2959
2959
2959
2959
2958
2958
2956
2955
2955
2954
2953
2953
2950
2949
2946
2943
2941
2941
2939
2938
2938
2938
2933
2933
2932
2932
2929
2927
2927
2925
2924
2921
2919
2918
2917
2917
2915
2912
2911
2911
2911
2911
2910
2909
2908
2905
2905
2904
2903
2903
2903
2901
2901
2899
2898
2896
2896
2895
2893
2893
2892
2889
2889
2887
2884
2883
2882
2880
2880
2877
2876
2875
2874
2870
2870
2869
2868
2867
2867
2867
2867
2866
2866
2864
2863
2862
2861
2861
2861
2861
2860
2859
2858
2858
2858
2857
2857
2857
2856
2855
2855
2853
2852
2852
2851
2849
2848
2847
2846
2844
2843
2843
2842
2841
2840
2836
2834
2833
2833
2831
2830
2829
2829
2824
2823
2822
2822
2821
2817
2816
2815
2813
2813
2813
2813
2811
2811
2811
2811
2811
2809
2808
2808
2806
2801
2800
2799
2798
2797
2797
2796
2796
2796
2795
2795
2794
2792
2789
2789
2789
2788
2788
2785
2783
2782
2782
2781
2781
2781
2780
2779
2779
2778
2777
2775
2772
2772
2772
2772
2771
2770
2768
2767
2765
2764
2764
2762
2761
2760
2760
2758
2757
2756
2754
2753
2752
2750
2749
2749
2748
2747
2747
2746
2745
2744
2744
2743
2742
2741
2739
2738
2736
2736
2735
2735
2732
2731
2730
2730
2730
2729
2728
2728
2728
2728
2728
2727
2727
2726
2725
2725
2725
2724
2724
2723
2723
2720
2718
2718
2715
2714
2714
2713
2711
2711
2710
2710
2709
2704
2703
2702
2701
2700
2699
2699
2698
2698
2698
2697
2696
2695
2694
2691
2690
2690
2689
2686
2686
2686
2685
2684
2684
2681
2677
2676
2676
2675
2674
2674
2673
2670
2669
2669
2667
2665
2664
2664
2663
2663
2661
2661
2661
2659
2656
2656
2653
2653
2653
2652
2652
2650
2648
2647
2647
2647
2646
2645
2645
2644
2643
2642
2642
2641
2640
2639
2639
2639
2639
2639
2635
2634
2633
2633
2629
2629
2628
2627
2626
2626
2625
2624
2621
2619
2618
2618
2616
2615
2613
2612
2610
2609
2609
2609
2607
2607
2606
2604
2604
2603
2603
2601
2601
2599
2598
2598
2597
2596
2596
2593
2592
2591
2590
2589
2588
2584
2584
2583
2583
2580
2578
2577
2576
2575
2571
2571
2571
2568
2566
2564
2560
2560
2557
2557
2557
2556
2551
2551
2547
2547
2546
2546
2541
2540
2539
2539
2538
2537
2537
2536
2535
2534
2528
2528
2527
2526
2526
2523
2521
2521
2521
2520
2519
2518
2517
2517
2514
2514
2514
2513
2512
2511
2510
2510
2510
2510
2509
2509
2509
2509
2508
2507
2506
2505
2504
2503
2502
2501
2500
2500
2499
2498
2494
2494
2494
2494
2492
2492
2491
2490
2489
2486
2486
2486
2486
2485
2485
2484
2484
2482
2481
2481
2477
2476
2476
2475
2472
2471
2471
2469
2469
2466
2465
2462
2462
2460
2460
2459
2459
2458
2458
2458
2458
2455
2455
2455
2454
2453
2452
2450
2446
2445
2444
2443
2442
2441
2440
2440
2439
2439
2438
2437
2436
2433
2432
2431
2430
2430
2429
2429
2429
2428
2427
2424
2424
2423
2423
2423
2423
2422
2422
2422
2421
2420
2418
2417
2415
2415
2414
2414
2411
2410
2410
2410
2410
2409
2408
2408
2405
2405
2405
2405
2404
2403
2402
2402
2402
2401
2401
2401
2400
2400
2398
2398
2394
2394
2393
2391
2391
2390
2390
2389
2389
2388
2388
2388
2387
2386
2385
2385
2384
2383
2382
2380
2378
2377
2371
2370
2368
2367
2366
2366
2366
2365
2364
2364
2364
2363
2362
2361
2361
2360
2358
2358
2357
2355
2353
2352
2350
2349
2349
2347
2346
2345
2344
2344
2340
2338
2337
2336
2335
2334
2334
2332
2332
2331
2331
2329
2329
2328
2327
2327
2326
2324
2321
2320
2318
2317
2317
2317
2315
2314
2312
2311
2311
2309
2308
2307
2306
2305
2305
2303
2303
2303
2299
2299
2297
2297
2297
2296
2293
2293
2293
2292
2289
2286
2285
2285
2284
2283
2282
2282
2281
2281
2279
2278
2278
2276
2275
2275
2274
2273
2273
2273
2273
2273
2271
2271
2270
2269
2269
2269
2269
2269
2269
2268
2268
2267
2266
2265
2265
2264
2264
2261
2261
2259
2258
2254
2253
2253
2253
2253
2253
2252
2252
2252
2252
2250
2245
2244
2244
2244
2244
2242
2241
2240
2238
2238
2237
2233
2232
2230
2229
2228
2226
2225
2222
2222
2222
2221
2220
2219
2218
2218
2218
2218
2217
2217
2212
2212
2210
2210
2208
2208
2205
2205
2201
2201
2200
2200
2199
2198
2198
2197
2195
2195
2192
2192
2191
2191
2189
2186
2185
2184
2183
2181
2180
2179
2178
2178
2177
2176
2176
2176
2175
2175
2174
2174
2174
2173
2173
2173
2173
2171
2171
2169
2169
2168
2168
2168
2166
2166
2165
2162
2161
2156
2155
2155
2154
2153
2152
2151
2147
2146
2146
2146
2145
2145
2144
2144
2143
2140
2140
2139
2136
2136
2133
2133
2132
2132
2131
2130
2130
2128
2127
2127
2127
2126
2124
2123
2120
2120
2120
2119
2119
2117
2117
2117
2116
2116
2115
2115
2115
2114
2114
2113
2113
2112
2112
2111
2110
2110
2110
2107
2105
2105
2105
2104
2102
2101
2101
2100
2100
2098
2098
2095
2093
2093
2093
2092
2088
2088
2087
2087
2086
2086
2085
2085
2083
2082
2082
2082
2081
2080
2079
2077
2077
2070
2068
2067
2067
2066
2065
2064
2064
2063
2063
2060
2060
2059
2058
2057
2057
2057
2056
2056
2055
2054
2054
2052
2052
2052
2050
2050
2050
2048
2047
2046
2045
2042
2042
2041
2041
2041
2040
2039
2039
2038
2038
2037
2037
2036
2035
2034
2034
2033
2030
2030
2030
2029
2028
2027
2026
2026
2026
2024
2023
2023
2021
2021
2020
2020
2020
2019
2019
2019
2019
2018
2018
2017
2016
2016
2015
2015
2014
2012
2011
2011
2010
2009
2008
2008
2008
2008
2007
2006
2006
2004
2003
2002
2002
2001
1998
1997
1993
1991
1991
1990
1988
1987
1986
1983
1983
1982
1980
1980
1980
1980
1979
1978
1978
1976
1976
1974
1973
1973
1973
1973
1972
1972
1971
1971
1971
1969
1967
1967
1966
1965
1963
1963
1961
1960
1957
1956
1956
1956
1954
1953
1953
1952
1951
1948
1947
1946
1944
1943
1942
1941
1939
1937
1937
1936
1936
1936
1933
1933
1931
1930
1929
1928
1924
1924
1924
1923
1921
1920
1918
1917
1914
1913
1912
1912
1912
1912
1912
1911
1908
1907
1906
1906
1906
1905
1903
1902
1899
1899
1899
1896
1895
1895
1894
1894
1893
1893
1892
1890
1888
1886
1885
1885
1884
1883
1880
1879
1878
1878
1877
1877
1876
1875
1874
1874
1873
1871
1871
1870
1869
1868
1868
1861
1861
1861
1860
1858
1856
1856
1854
1854
1853
1851
1850
1849
1848
1847
1846
1846
1845
1844
1843
1843
1842
1842
1842
1841
1841
1840
1839
1839
1837
1835
1835
1834
1832
1829
1828
1828
1827
1827
1827
1826
1826
1823
1821
1820
1818
1818
1818
1816
1815
1814
1812
1812
1811
1810
1810
1810
1809
1809
1808
1808
1808
1807
1807
1807
1807
1803
1802
1802
1801
1801
1800
1798
1796
1796
1795
1794
1793
1791
1789
1788
1787
1787
1787
1786
1785
1784
1783
1782
1782
1778
1777
1776
1775
1774
1774
1774
1773
1772
1770
1769
1768
1768
1768
1767
1766
1765
1764
1764
1764
1763
1762
1758
1757
1757
1756
1756
1755
1754
1754
1752
1752
1750
1749
1747
1746
1744
1743
1743
1740
1739
1739
1739
1737
1737
1737
1736
1736
1735
1732
1732
1731
1730
1729
1728
1728
1727
1726
1725
1725
1725
1724
1724
1724
1723
1723
1723
1722
1721
1720
1718
1717
1717
1713
1709
1707
1706
1705
1705
1704
1700
1700
1700
1700
1698
1698
1698
1696
1696
1695
1694
1692
1691
1690
1690
1689
1688
1688
1687
1687
1686
1685
1685
1685
1684
1684
1683
1683
1678
1678
1677
1676
1672
1670
1669
1668
1668
1667
1667
1664
1661
1660
1657
1655
1654
1652
1651
1651
1651
1650
1650
1650
1649
1646
1645
1642
1640
1640
1638
1637
1637
1636
1635
1633
1633
1632
1632
1632
1632
1630
1630
1630
1630
1629
1629
1629
1628
1628
1627
1627
1627
1627
1625
1625
1625
1624
1624
1623
1623
1621
1620
1617
1617
1616
1616
1615
1615
1615
1614
1614
1614
1612
1611
1611
1610
1610
1609
1608
1608
1606
1605
1605
1604
1603
1603
1602
1602
1602
1601
1600
1600
1599
1595
1595
1594
1594
1593
1590
1590
1588
1586
1585
1583
1581
1580
1579
1578
1577
1576
1576
1575
1575
1574
1574
1572
1571
1570
1568
1567
1562
1561
1560
1560
1559
1558
1557
1557
1552
1550
1549
1548
1547
1545
1544
1543
1541
1541
1539
1538
1537
1537
1535
1534
1534
1534
1531
1531
1531
1528
1528
1527
1527
1526
1526
1520
1520
1519
1519
1517
1515
1515
1515
1513
1512
1511
1511
1510
1508
1506
1506
1505
1505
1504
1504
1503
1502
1502
1501
1500
1499
1499
1498
1497
1497
1496
1496
1495
1495
1494
1493
1493
1492
1492
1491
1490
1488
1488
1488
1487
1487
1487
1486
1482
1481
1480
1480
1479
1479
1478
1476
1474
1474
1474
1472
1470
1468
1463
1462
1462
1460
1460
1459
1458
1458
1454
1453
1451
1450
1449
1449
1449
1445
1442
1442
1439
1439
1438
1437
1437
1437
1436
1436
1435
1435
1431
1431
1430
1430
1429
1429
1428
1427
1426
1423
1422
1416
1415
1414
1414
1414
1414
1413
1413
1412
1410
1409
1407
1407
1407
1406
1406
1405
1405
1404
1403
1403
1403
1403
1401
1401
1401
1400
1400
1399
1396
1394
1393
1392
1391
1390
1389
1385
1384
1381
1381
1381
1380
1379
1379
1377
1376
1375
1375
1374
1373
1373
1373
1372
1372
1371
1365
1364
1363
1362
1360
1359
1359
1358
1357
1357
1354
1354
1353
1353
1353
1353
1346
1346
1346
1345
1344
1342
1342
1341
1337
1337
1334
1333
1332
1332
1331
1330
1329
1329
1328
1328
1326
1325
1323
1320
1319
1319
1318
1318
1317
1317
1317
1315
1315
1314
1314
1312
1311
1310
1310
1310
1307
1306
1304
1303
1301
1300
1295
1294
1293
1291
1291
1290
1290
1290
1288
1287
1287
1286
1284
1284
1283
1282
1280
1280
1279
1278
1278
1275
1275
1271
1269
1268
1267
1267
1261
1261
1259
1258
1258
1257
1256
1256
1255
1254
1252
1248
1247
1247
1246
1244
1244
1243
1241
1241
1240
1239
1239
1234
1234
1233
1232
1231
1231
1230
1229
1228
1227
1227
1226
1222
1220
1217
1217
1215
1215
1215
1215
1215
1214
1212
1212
1211
1211
1210
1206
1206
1206
1204
1204
1203
1202
1202
1201
1199
1196
1196
1196
1195
1195
1194
1191
1190
1190
1189
1187
1187
1186
1186
1186
1185
1185
1183
1182
1181
1180
1178
1177
1176
1176
1176
1176
1176
1175
1175
1175
1174
1174
1174
1173
1170
1168
1168
1164
1162
1162
1160
1159
1159
1158
1157
1156
1155
1153
1149
1145
1145
1144
1142
1142
1141
1140
1140
1139
1138
1136
1135
1134
1134
1133
1132
1131
1131
1130
1130
1129
1128
1127
1126
1125
1123
1123
1123
1122
1120
1120
1120
1120
1119
1119
1118
1116
1114
1113
1111
1110
1109
1108
1105
1105
1104
1104
1104
1104
1103
1102
1102
1101
1101
1101
1101
1099
1098
1098
1097
1096
1095
1094
1093
1091
1091
1091
1090
1090
1089
1087
1086
1086
1086
1086
1085
1084
1083
1081
1081
1080
1079
1078
1078
1077
1076
1075
1074
1073
1073
1071
1070
1069
1069
1069
1069
1068
1067
1065
1063
1062
1061
1061
1059
1057
1056
1054
1054
1053
1050
1046
1046
1045
1045
1044
1041
1041
1041
1041
1040
1040
1039
1035
1034
1033
1032
1029
1029
1028
1028
1027
1026
1026
1025
1024
1024
1023
1022
1022
1021
1020
1019
1019
1018
1018
1017
1017
1016
1014
1014
1012
1011
1010
1008
1007
1004
1004
1002
1001
997
991
989
987
987
985
984
983
983
982
981
981
980
980
980
979
978
978
976
976
976
971
970
969
968
967
963
962
962
962
962
961
961
961
960
959
959
958
958
957
954
954
950
949
947
947
946
946
945
945
943
942
942
941
941
940
938
938
938
937
936
936
934
933
933
930
930
928
927
926
925
925
923
923
922
922
919
918
918
916
916
915
915
914
912
911
909
909
908
907
904
903
902
901
901
901
900
900
898
896
895
895
893
892
892
888
886
886
886
885
885
885
883
882
882
882
882
881
878
878
878
875
875
873
873
872
872
871
867
866
863
863
862
860
859
859
859
859
856
856
853
853
853
852
852
851
851
849
848
848
847
846
846
844
844
843
842
842
842
841
838
838
838
837
835
835
834
833
833
832
830
830
830
829
829
828
828
826
826
825
824
824
823
822
821
819
819
819
818
815
815
814
812
812
812
811
810
809
809
807
807
806
805
803
801
797
796
796
795
795
794
793
792
791
791
790
790
789
787
786
786
784
782
782
780
780
778
777
777
776
775
774
774
774
773
772
770
768
766
766
765
764
764
762
762
762
762
761
759
759
759
757
755
755
754
754
754
753
752
751
751
749
749
747
742
741
741
740
738
738
735
734
731
729
728
727
725
724
724
724
724
723
723
722
719
718
717
717
716
716
716
713
712
711
709
709
708
707
706
705
704
704
704
704
704
702
700
700
699
699
698
697
697
694
692
690
689
688
688
688
687
687
685
685
685
684
682
682
682
682
681
680
679
679
678
676
676
676
672
671
670
670
670
670
668
666
666
665
665
665
664
664
662
662
662
659
658
658
657
657
655
654
654
652
652
652
650
649
646
646
646
646
645
645
645
644
644
643
643
642
642
641
641
638
638
637
635
635
634
633
633
631
630
629
629
628
628
622
620
620
619
619
618
617
616
613
613
610
607
606
605
603
601
600
599
598
596
594
594
593
593
591
591
591
591
587
586
585
585
583
582
582
580
580
579
579
578
573
572
569
568
568
567
565
561
561
560
559
557
555
554
554
553
553
553
552
551
551
549
549
545
545
544
539
538
538
537
535
534
533
533
532
530
530
530
530
529
528
528
528
526
526
525
525
525
523
522
518
518
515
514
513
512
511
509
509
509
508
508
506
502
501
500
499
498
496
496
493
490
490
487
487
487
485
484
483
480
478
477
475
475
475
472
471
470
470
470
468
468
466
466
465
465
465
463
461
460
457
455
455
454
454
453
452
451
451
444
443
442
441
438
438
438
438
437
436
436
435
434
434
427
427
427
426
426
426
422
420
418
417
417
416
415
412
412
410
410
409
409
408
408
407
406
404
403
398
398
398
398
397
397
396
395
395
392
392
391
391
390
389
388
388
385
384
382
381
378
378
377
377
376
374
374
373
372
372
369
366
366
365
365
365
362
362
361
357
356
355
355
354
353
352
351
350
350
350
349
349
348
347
346
346
346
346
345
343
342
341
339
338
338
337
337
336
334
333
333
333
332
329
328
328
325
325
324
322
322
321
321
320
318
317
316
314
314
313
312
310
309
307
307
307
306
304
303
303
303
302
301
301
301
300
300
300
298
297
297
295
295
294
293
291
291
289
288
287
287
286
284
284
284
284
281
280
280
278
278
277
277
277
276
276
274
273
273
272
270
270
269
268
267
266
264
262
262
262
261
261
259
258
257
256
256
256
255
255
253
252
252
251
251
249
248
246
245
244
243
242
240
239
239
237
237
237
236
231
231
230
229
229
229
227
227
227
226
226
224
223
221
221
221
221
220
220
219
219
218
218
217
217
215
215
214
213
213
212
210
208
207
206
206
205
205
202
202
200
199
198
194
190
188
187
185
183
182
182
182
182
180
180
180
177
176
176
173
173
173
172
172
169
168
168
167
165
164
164
163
161
159
159
158
157
156
155
155
151
150
149
148
148
145
144
144
142
140
139
138
137
135
133
131
130
129
126
125
124
122
122
122
121
120
119
119
119
116
115
115
114
113
112
112
111
110
109
107
107
107
106
105
104
104
103
102
100
100
98
95
95
93
93
91
89
89
88
88
88
87
86
84
84
84
83
82
82
81
81
81
81
79
78
78
77
75
75
75
73
72
72
70
68
68
68
68
67
67
67
66
66
64
63
62
62
62
61
61
61
59
59
57
55
52
52
51
49
47
47
46
45
45
45
45
43
41
39
38
38
37
36
35
34
33
32
32
32
31
31
28
27
24
23
23
19
18
17
17
17
16
15
14
13
12
12
8
8
6
6
5
5
4
3
1
1
0
