9998
9997
9997
9994
9993
9992
9990
9990
9989
9989
9989
9987
9985
9985
9984
9984
9984
9983
9983
9982
9981
9981
9977
9976
9976
9973
9973
9968
9966
9965
9965
9960
9957
9956
9956
9952
9952
9951
9950
9949
9945
9945
9943
9943
9943
9943
9942
9941
9941
9940
9940
9939
9939
9938
9938
9937
9936
9936
9934
9933
9933
9932
9931
9931
9931
9930
9930
9928
9928
9926
9925
9925
9924
9924
9920
9920
9919
9918
9918
9917
9917
9917
9916
9914
9911
9910
9909
9909
9908
9908
9906
9906
9905
9905
9905
9901
9900
9899
9899
9899
9898
9897
9896
9896
9895
9895
9894
9892
9891
9890
9890
9889
9889
9889
9889
9888
9887
9886
9885
9885
9884
9884
9882
9882
9881
9881
9876
9875
9874
9872
9872
9871
9871
9867
9867
9866
9863
9860
9858
9858
9858
9857
9856
9855
9854
9853
9853
9850
9847
9847
9845
9844
9844
9843
9843
9843
9841
9841
9841
9840
9839
9838
9837
9837
9836
9835
9834
9831
9831
9831
9830
9829
9829
9829
9827
9826
9825
9824
9824
9823
9818
9818
9816
9814
9814
9812
9811
9809
9808
9807
9807
9806
9802
9801
9801
9801
9797
9797
9797
9796
9796
9795
9794
9792
9792
9792
9792
9792
9791
9790
9789
9788
9785
9785
9785
9784
9784
9784
9783
9780
9778
9778
9776
9776
9775
9774
9773
9772
9770
9770
9769
9766
9764
9761
9756
9756
9752
9750
9749
9749
9749
9748
9748
9746
9745
9744
9743
9742
9742
9742
9742
9741
9740
9739
9739
9738
9734
9734
9734
9733
9733
9729
9729
9728
9727
9726
9724
9724
9722
9722
9722
9720
9718
9718
9718
9717
9717
9716
9715
9715
9710
9709
9709
9709
9709
9708
9708
9705
9704
9701
9699
9696
9696
9696
9694
9694
9694
9692
9692
9691
9690
9690
9690
9690
9687
9687
9686
9686
9686
9686
9684
9684
9682
9682
9681
9680
9679
9678
9676
9676
9675
9675
9674
9672
9672
9671
9668
9666
9662
9662
9661
9661
9659
9659
9659
9658
9656
9656
9653
9650
9648
9648
9647
9647
9647
9646
9644
9644
9643
9643
9642
9640
9639
9637
9637
9636
9634
9634
9634
9632
9631
9631
9631
9630
9630
9630
9629
9629
9629
9628
9626
9624
9624
9624
9624
9624
9622
9622
9621
9620
9619
9619
9618
9618
9615
9612
9611
9609
9608
9607
9607
9607
9604
9600
9600
9600
9598
9597
9596
9594
9594
9593
9593
9593
9592
9591
9590
9590
9588
9583
9583
9581
9580
9580
9579
9579
9578
9576
9573
9573
9573
9572
9572
9571
9570
9569
9568
9568
9568
9567
9566
9566
9565
9565
9565
9563
9560
9560
9557
9556
9556
9555
9555
9553
9553
9553
9552
9551
9550
9548
9548
9548
9547
9547
9545
9544
9540
9539
9537
9537
9537
9536
9536
9532
9530
9529
9529
9528
9526
9526
9525
9525
9525
9524
9523
9523
9522
9522
9521
9520
9518
9515
9514
9513
9511
9511
9510
9510
9509
9509
9507
9506
9506
9505
9505
9505
9504
9504
9503
9502
9501
9500
9500
9499
9499
9498
9498
9498
9496
9496
9495
9492
9491
9486
9483
9483
9482
9482
9479
9478
9476
9475
9475
9475
9474
9474
9473
9472
9471
9471
9469
9468
9467
9467
9466
9465
9464
9463
9463
9461
9460
9459
9456
9456
9455
9454
9454
9454
9454
9452
9451
9450
9450
9450
9449
9448
9447
9446
9446
9445
9444
9444
9444
9443
9439
9438
9438
9436
9434
9433
9432
9432
9432
9431
9429
9428
9426
9426
9426
9425
9425
9425
9424
9424
9423
9423
9423
9423
9422
9422
9419
9418
9417
9416
9416
9415
9412
9410
9409
9405
9404
9403
9402
9401
9401
9400
9400
9399
9397
9393
9392
9391
9391
9390
9389
9389
9389
9389
9388
9388
9388
9388
9388
9388
9387
9386
9385
9383
9382
9379
9379
9378
9377
9376
9375
9375
9373
9371
9371
9370
9370
9369
9367
9367
9366
9365
9364
9362
9361
9361
9360
9360
9359
9358
9358
9357
9356
9355
9355
9354
9353
9352
9351
9351
9350
9345
9344
9344
9343
9343
9343
9341
9341
9340
9340
9338
9337
9337
9333
9333
9332
9332
9329
9329
9327
9327
9321
9319
9317
9316
9315
9313
9312
9311
9310
9310
9310
9308
9308
9306
9305
9302
9300
9300
9299
9298
9294
9292
9292
9291
9290
9290
9290
9288
9287
9287
9286
9285
9284
9284
9284
9281
9281
9280
9279
9277
9277
9276
9275
9275
9275
9274
9273
9272
9272
9271
9271
9270
9270
9269
9269
9268
9268
9267
9266
9265
9265
9265
9264
9263
9263
9259
9259
9257
9256
9256
9252
9250
9250
9250
9248
9248
9248
9248
9247
9247
9246
9243
9243
9243
9242
9242
9240
9239
9239
9239
9239
9238
9237
9236
9236
9235
9235
9234
9233
9233
9233
9232
9232
9230
9229
9229
9227
9227
9226
9226
9226
9226
9226
9225
9225
9224
9223
9222
9221
9221
9220
9220
9219
9218
9216
9216
9216
9212
9212
9210
9206
9203
9202
9202
9201
9199
9199
9198
9198
9197
9194
9193
9193
9189
9189
9186
9186
9185
9184
9184
9183
9182
9181
9179
9179
9177
9176
9175
9171
9170
9169
9166
9165
9165
9164
9164
9164
9163
9163
9162
9161
9157
9155
9151
9148
9146
9145
9143
9142
9141
9141
9140
9139
9138
9137
9135
9135
9134
9134
9133
9132
9132
9132
9132
9131
9131
9131
9130
9129
9129
9127
9125
9124
9124
9122
9121
9121
9120
9117
9116
9115
9115
9115
9113
9112
9111
9111
9111
9110
9110
9107
9107
9105
9104
9103
9103
9102
9101
9099
9094
9094
9093
9093
9093
9092
9092
9091
9090
9089
9087
9083
9083
9078
9078
9077
9076
9075
9073
9073
9071
9070
9069
9068
9067
9067
9066
9066
9066
9064
9062
9060
9058
9057
9056
9053
9051
9050
9049
9049
9049
9047
9046
9045
9045
9044
9043
9042
9041
9040
9037
9036
9036
9036
9036
9034
9031
9031
9030
9029
9029
9028
9027
9025
9025
9024
9023
9022
9022
9021
9021
9020
9020
9019
9019
9019
9018
9018
9017
9017
9017
9016
9014
9012
9010
9007
9006
9005
9003
9001
8997
8994
8994
8993
8989
8986
8986
8981
8977
8976
8976
8973
8973
8973
8971
8969
8968
8967
8967
8965
8965
8963
8962
8960
8960
8959
8959
8959
8958
8958
8957
8955
8955
8954
8951
8950
8950
8948
8948
8948
8946
8946
8946
8944
8944
8944
8943
8943
8942
8942
8937
8936
8935
8935
8935
8934
8933
8930
8930
8929
8929
8928
8928
8927
8926
8925
8924
8923
8922
8921
8920
8920
8920
8918
8916
8915
8915
8915
8914
8912
8911
8909
8909
8909
8908
8908
8907
8906
8906
8905
8904
8904
8904
8902
8901
8900
8899
8899
8899
8898
8898
8897
8897
8895
8894
8893
8890
8888
8887
8886
8884
8882
8880
8879
8877
8876
8876
8874
8874
8874
8872
8871
8871
8870
8867
8866
8863
8862
8860
8857
8854
8853
8852
8850
8849
8849
8848
8846
8845
8843
8843
8842
8841
8840
8836
8835
8835
8834
8832
8830
8830
8830
8827
8827
8825
8824
8824
8824
8823
8823
8821
8821
8821
8820
8820
8819
8818
8818
8817
8816
8815
8815
8814
8813
8812
8811
8810
8810
8809
8807
8807
8807
8807
8806
8806
8805
8805
8804
8801
8801
8799
8795
8795
8794
8794
8793
8792
8791
8791
8788
8788
8787
8785
8785
8785
8784
8784
8784
8783
8781
8781
8778
8775
8775
8775
8774
8770
8769
8769
8768
8767
8767
8766
8766
8765
8763
8763
8762
8761
8759
8758
8757
8756
8756
8755
8752
8751
8751
8751
8750
8750
8748
8747
8747
8745
8745
8745
8745
8745
8744
8743
8742
8741
8739
8736
8735
8733
8732
8730
8729
8728
8728
8727
8726
8724
8724
8722
8721
8721
8721
8719
8719
8717
8717
8714
8712
8710
8709
8708
8708
8707
8706
8704
8703
8703
8703
8702
8699
8697
8695
8692
8690
8690
8689
8688
8687
8687
8687
8686
8685
8684
8683
8680
8679
8677
8677
8676
8675
8672
8671
8670
8670
8669
8669
8667
8667
8667
8666
8665
8664
8664
8664
8662
8661
8660
8656
8656
8653
8652
8648
8648
8645
8644
8643
8640
8640
8640
8639
8638
8638
8637
8637
8635
8633
8633
8632
8631
8630
8627
8626
8624
8623
8622
8620
8619
8619
8619
8619
8617
8616
8616
8615
8614
8614
8613
8613
8612
8612
8609
8609
8608
8607
8606
8606
8606
8605
8605
8603
8602
8600
8600
8599
8596
8595
8593
8593
8592
8592
8591
8590
8590
8589
8589
8588
8588
8587
8587
8586
8585
8583
8583
8582
8582
8582
8581
8581
8581
8581
8581
8580
8580
8579
8578
8577
8576
8575
8574
8573
8572
8570
8569
8569
8568
8568
8566
8565
8560
8557
8557
8555
8554
8554
8553
8552
8552
8552
8548
8548
8548
8547
8546
8545
8543
8541
8541
8539
8539
8539
8538
8536
8534
8531
8531
8530
8529
8529
8528
8528
8526
8526
8526
8525
8525
8523
8523
8523
8521
8520
8520
8517
8516
8516
8516
8514
8513
8513
8512
8512
8511
8510
8509
8508
8507
8507
8506
8502
8502
8501
8500
8498
8494
8494
8493
8491
8490
8488
8487
8486
8485
8485
8485
8485
8484
8484
8481
8481
8480
8480
8479
8476
8476
8475
8475
8473
8472
8470
8468
8468
8468
8464
8464
8462
8461
8460
8460
8458
8457
8456
8455
8454
8454
8453
8453
8452
8449
8447
8447
8447
8446
8446
8446
8444
8443
8442
8442
8441
8441
8438
8437
8436
8436
8434
8433
8433
8432
8432
8431
8430
8429
8429
8424
8424
8422
8421
8418
8417
8416
8416
8415
8413
8412
8412
8411
8411
8411
8409
8409
8406
8404
8404
8404
8404
8401
8400
8400
8399
8397
8397
8397
8395
8395
8395
8394
8393
8392
8390
8389
8388
8388
8388
8388
8385
8383
8382
8382
8378
8375
8374
8373
8371
8369
8367
8364
8362
8362
8361
8360
8357
8355
8352
8351
8351
8350
8350
8349
8348
8347
8347
8346
8344
8344
8343
8343
8342
8342
8339
8339
8338
8338
8337
8336
8335
8334
8334
8333
8332
8328
8328
8328
8327
8327
8326
8326
8325
8324
8324
8324
8322
8322
8322
8320
8320
8320
8320
8319
8318
8317
8316
8314
8311
8310
8309
8309
8308
8308
8308
8308
8306
8305
8304
8304
8303
8302
8302
8301
8301
8300
8298
8297
8296
8293
8291
8290
8290
8289
8289
8288
8288
8287
8284
8282
8282
8280
8279
8278
8277
8276
8275
8274
8273
8273
8273
8271
8270
8269
8267
8266
8265
8264
8264
8264
8264
8263
8263
8262
8260
8258
8256
8255
8255
8254
8253
8252
8252
8250
8250
8249
8249
8248
8247
8246
8245
8245
8245
8242
8240
8239
8238
8238
8237
8236
8236
8236
8235
8234
8233
8228
8227
8227
8227
8226
8225
8225
8225
8224
8222
8218
8213
8213
8212
8211
8211
8211
8210
8209
8208
8207
8203
8203
8203
8202
8200
8198
8197
8194
8191
8190
8186
8185
8185
8183
8182
8181
8181
8179
8178
8177
8174
8174
8174
8170
8167
8165
8163
8163
8163
8162
8162
8161
8160
8159
8159
8155
8153
8151
8147
8146
8146
8145
8145
8145
8142
8142
8141
8141
8140
8138
8136
8136
8134
8133
8133
8132
8131
8131
8130
8130
8130
8129
8129
8129
8129
8128
8128
8127
8126
8125
8124
8122
8122
8121
8121
8119
8119
8119
8119
8118
8117
8116
8115
8114
8113
8111
8110
8108
8107
8106
8105
8104
8104
8103
8103
8102
8102
8101
8100
8100
8099
8097
8096
8096
8096
8095
8094
8094
8090
8090
8090
8088
8087
8087
8087
8087
8086
8085
8084
8084
8082
8081
8081
8079
8078
8078
8077
8076
8076
8074
8073
8072
8071
8071
8070
8070
8069
8068
8068
8068
8068
8067
8065
8064
8063
8063
8062
8061
8061
8061
8061
8061
8060
8058
8056
8056
8054
8052
8052
8050
8050
8049
8049
8048
8046
8046
8043
8042
8042
8041
8040
8040
8040
8037
8037
8034
8033
8032
8032
8026
8023
8023
8021
8019
8017
8016
8016
8016
8015
8015
8014
8014
8014
8013
8013
8013
8012
8011
8010
8009
8009
8007
8006
8004
8004
8003
8000
7999
7998
7997
7995
7992
7991
7991
7990
7989
7988
7984
7984
7983
7982
7982
7980
7980
7980
7980
7980
7980
7979
7977
7976
7976
7975
7970
7968
7966
7966
7964
7964
7963
7961
7957
7957
7956
7955
7955
7954
7953
7952
7951
7950
7948
7948
7946
7946
7945
7944
7942
7942
7942
7942
7941
7941
7939
7939
7939
7939
7938
7938
7937
7937
7936
7936
7936
7935
7932
7932
7930
7928
7926
7926
7926
7924
7922
7922
7920
7920
7920
7920
7919
7919
7918
7918
7913
7911
7907
7907
7906
7904
7903
7903
7902
7901
7900
7899
7898
7895
7894
7894
7892
7891
7888
7887
7886
7886
7885
7884
7880
7874
7869
7868
7866
7866
7865
7865
7860
7860
7858
7858
7858
7853
7853
7851
7850
7847
7847
7846
7845
7845
7843
7843
7842
7842
7842
7842
7840
7838
7836
7835
7835
7833
7832
7831
7830
7830
7830
7827
7827
7822
7822
7821
7820
7820
7820
7820
7818
7817
7817
7816
7816
7816
7815
7815
7814
7814
7813
7812
7812
7812
7811
7810
7809
7808
7807
7806
7805
7805
7805
7802
7800
7800
7800
7800
7799
7798
7794
7793
7792
7792
7792
7791
7790
7789
7788
7786
7784
7781
7779
7778
7778
7776
7776
7776
7775
7775
7771
7771
7770
7768
7765
7765
7763
7763
7760
7760
7758
7757
7756
7756
7755
7754
7753
7752
7751
7750
7750
7749
7748
7747
7746
7746
7746
7744
7742
7742
7742
7741
7739
7736
7734
7732
7732
7732
7732
7731
7728
7727
7725
7724
7724
7724
7723
7723
7723
7721
7721
7720
7720
7720
7719
7719
7717
7717
7716
7715
7715
7711
7711
7709
7706
7706
7704
7703
7702
7702
7699
7699
7699
7697
7695
7694
7693
7691
7687
7686
7685
7680
7680
7680
7680
7679
7677
7677
7675
7675
7675
7673
7672
7668
7666
7665
7665
7664
7663
7662
7662
7658
7656
7656
7655
7655
7654
7653
7653
7650
7648
7648
7646
7646
7643
7641
7637
7636
7636
7636
7633
7633
7630
7628
7628
7627
7626
7625
7623
7621
7621
7619
7617
7617
7617
7614
7612
7612
7611
7611
7610
7609
7608
7608
7608
7607
7607
7606
7605
7604
7603
7602
7602
7599
7597
7597
7593
7592
7591
7590
7589
7588
7588
7586
7586
7585
7583
7581
7580
7579
7578
7578
7576
7575
7574
7574
7573
7572
7571
7571
7571
7571
7570
7570
7569
7568
7568
7566
7566
7565
7564
7563
7562
7560
7559
7558
7558
7557
7556
7555
7554
7554
7553
7552
7551
7551
7551
7549
7548
7547
7545
7543
7543
7542
7541
7541
7540
7538
7537
7536
7536
7536
7535
7535
7534
7534
7533
7531
7530
7528
7524
7523
7523
7523
7523
7522
7518
7517
7517
7517
7516
7515
7515
7513
7513
7513
7511
7510
7510
7510
7509
7509
7508
7508
7508
7507
7507
7506
7504
7503
7503
7501
7500
7500
7495
7494
7492
7491
7489
7489
7489
7489
7488
7488
7487
7485
7485
7483
7482
7482
7476
7476
7475
7473
7472
7471
7471
7471
7471
7468
7467
7466
7466
7466
7463
7462
7462
7461
7461
7461
7460
7459
7458
7458
7458
7458
7458
7457
7456
7455
7454
7453
7453
7452
7451
7451
7449
7448
7445
7443
7441
7441
7441
7440
7440
7440
7439
7439
7438
7438
7438
7437
7437
7436
7435
7435
7432
7432
7432
7432
7429
7428
7428
7428
7427
7422
7421
7420
7420
7419
7419
7419
7415
7414
7412
7410
7409
7409
7409
7408
7406
7404
7402
7402
7401
7400
7398
7398
7398
7397
7397
7396
7395
7395
7391
7390
7390
7389
7389
7386
7386
7385
7385
7384
7384
7382
7382
7381
7379
7378
7377
7377
7376
7375
7375
7375
7374
7374
7374
7373
7373
7373
7372
7372
7370
7370
7369
7368
7368
7367
7367
7364
7362
7361
7361
7360
7357
7355
7355
7355
7354
7353
7350
7350
7350
7349
7348
7347
7347
7347
7345
7345
7345
7344
7343
7343
7342
7341
7335
7334
7334
7333
7333
7333
7331
7331
7329
7328
7327
7324
7322
7322
7321
7321
7320
7318
7318
7317
7316
7315
7315
7315
7314
7314
7312
7311
7309
7309
7309
7308
7307
7307
7305
7305
7304
7304
7304
7301
7301
7301
7301
7298
7298
7297
7297
7295
7294
7294
7293
7293
7293
7292
7290
7290
7288
7287
7286
7286
7285
7284
7283
7282
7280
7279
7277
7275
7275
7274
7274
7274
7271
7268
7268
7268
7267
7266
7266
7261
7261
7254
7252
7252
7250
7249
7249
7248
7248
7246
7246
7244
7244
7243
7242
7242
7239
7239
7239
7239
7238
7237
7237
7237
7235
7235
7229
7229
7228
7228
7228
7225
7225
7224
7223
7218
7216
7213
7212
7208
7208
7207
7207
7206
7205
7205
7204
7199
7199
7198
7196
7194
7193
7193
7193
7193
7191
7190
7190
7189
7189
7188
7188
7188
7185
7185
7185
7185
7182
7180
7179
7176
7175
7174
7174
7172
7169
7169
7168
7167
7164
7164
7163
7162
7161
7159
7155
7154
7154
7153
7153
7152
7151
7150
7149
7148
7148
7148
7147
7146
7146
7146
7145
7144
7144
7141
7141
7141
7139
7139
7139
7137
7136
7135
7131
7129
7127
7126
7125
7124
7124
7122
7121
7120
7120
7117
7117
7116
7116
7116
7116
7115
7111
7110
7108
7107
7105
7104
7103
7103
7103
7101
7101
7100
7100
7099
7099
7097
7095
7093
7093
7092
7091
7089
7089
7088
7088
7087
7086
7085
7085
7084
7083
7083
7083
7082
7082
7081
7080
7078
7077
7077
7077
7075
7075
7075
7075
7074
7073
7070
7070
7070
7070
7069
7067
7067
7064
7064
7060
7060
7060
7059
7057
7057
7056
7056
7054
7051
7051
7051
7050
7048
7047
7047
7044
7042
7041
7040
7040
7039
7039
7039
7038
7038
7037
7035
7035
7034
7033
7032
7027
7027
7026
7024
7024
7023
7022
7022
7022
7021
7020
7019
7017
7016
7015
7014
7013
7011
7010
7009
7009
7009
7008
7006
7006
7005
7005
7005
7004
7004
7002
7001
7000
7000
6999
6998
6996
6996
6995
6995
6993
6992
6987
6987
6985
6985
6985
6980
6977
6976
6976
6975
6975
6973
6971
6971
6971
6971
6969
6969
6968
6968
6967
6966
6965
6965
6962
6961
6961
6961
6960
6959
6956
6956
6956
6953
6951
6950
6950
6949
6946
6946
6945
6945
6945
6944
6943
6942
6941
6941
6940
6940
6940
6938
6938
6937
6936
6936
6935
6935
6931
6931
6929
6929
6927
6926
6926
6926
6925
6924
6924
6923
6921
6921
6920
6919
6919
6918
6918
6917
6916
6915
6914
6913
6913
6912
6911
6911
6910
6909
6909
6909
6909
6906
6905
6904
6904
6904
6904
6904
6903
6903
6902
6902
6901
6901
6900
6899
6899
6898
6898
6897
6896
6895
6893
6892
6890
6887
6887
6886
6885
6884
6882
6881
6878
6877
6876
6874
6874
6873
6873
6872
6871
6870
6869
6866
6863
6863
6860
6860
6858
6857
6854
6852
6852
6850
6847
6845
6844
6844
6841
6841
6839
6838
6837
6837
6836
6834
6831
6829
6828
6827
6827
6826
6825
6825
6824
6822
6822
6820
6818
6818
6817
6817
6816
6816
6815
6815
6813
6813
6810
6810
6810
6810
6808
6808
6808
6805
6805
6805
6805
6803
6802
6802
6799
6797
6796
6795
6793
6793
6786
6786
6785
6784
6782
6782
6781
6781
6781
6780
6778
6776
6775
6772
6769
6769
6765
6764
6763
6763
6762
6761
6760
6759
6757
6757
6756
6754
6754
6752
6749
6748
6748
6748
6746
6746
6744
6743
6743
6742
6742
6741
6739
6739
6738
6738
6737
6736
6735
6734
6733
6733
6731
6731
6731
6731
6730
6725
6723
6723
6723
6722
6718
6718
6718
6717
6716
6716
6715
6715
6714
6714
6714
6711
6711
6711
6711
6710
6709
6709
6708
6706
6706
6705
6704
6704
6704
6704
6702
6701
6700
6700
6699
6698
6695
6695
6692
6691
6691
6689
6688
6687
6687
6686
6684
6683
6682
6681
6680
6680
6679
6679
6676
6675
6672
6672
6671
6669
6668
6667
6666
6666
6666
6662
6662
6661
6661
6659
6659
6658
6657
6656
6656
6655
6654
6654
6652
6652
6651
6650
6649
6648
6648
6647
6647
6647
6646
6645
6644
6643
6643
6643
6643
6643
6642
6642
6641
6640
6639
6638
6636
6636
6635
6634
6633
6631
6631
6631
6630
6630
6630
6629
6629
6628
6627
6626
6626
6624
6614
6613
6611
6611
6610
6610
6610
6606
6603
6603
6602
6600
6598
6598
6597
6596
6594
6593
6592
6591
6591
6589
6588
6588
6585
6583
6580
6580
6578
6577
6577
6577
6577
6576
6576
6576
6575
6574
6573
6572
6572
6570
6568
6568
6568
6567
6567
6565
6564
6564
6563
6563
6563
6562
6562
6562
6560
6559
6558
6556
6556
6555
6554
6549
6549
6549
6549
6546
6546
6545
6544
6544
6542
6542
6541
6540
6539
6539
6539
6537
6536
6536
6533
6532
6527
6526
6524
6524
6523
6522
6521
6521
6520
6517
6516
6515
6514
6514
6513
6513
6512
6511
6511
6511
6510
6509
6509
6509
6508
6508
6508
6507
6503
6502
6500
6498
6497
6497
6496
6496
6495
6495
6493
6493
6492
6492
6491
6490
6490
6490
6489
6489
6487
6484
6484
6484
6484
6483
6482
6481
6480
6480
6479
6478
6478
6478
6476
6475
6475
6475
6474
6474
6473
6471
6471
6471
6470
6469
6466
6463
6462
6459
6459
6459
6458
6457
6455
6451
6443
6443
6442
6441
6440
6440
6440
6439
6439
6438
6434
6434
6434
6433
6433
6431
6429
6427
6427
6427
6426
6424
6419
6419
6419
6419
6418
6417
6416
6416
6416
6416
6415
6415
6414
6414
6412
6411
6409
6409
6408
6405
6404
6403
6402
6402
6400
6399
6399
6397
6396
6396
6396
6396
6391
6389
6389
6388
6387
6386
6383
6381
6381
6380
6380
6380
6379
6377
6377
6375
6375
6374
6373
6371
6371
6371
6371
6371
6369
6369
6368
6366
6365
6365
6362
6361
6360
6358
6357
6357
6356
6353
6351
6351
6348
6347
6347
6347
6347
6345
6345
6343
6343
6342
6341
6341
6341
6341
6340
6337
6336
6336
6336
6335
6334
6331
6329
6327
6327
6324
6321
6318
6318
6317
6317
6317
6316
6315
6314
6311
6310
6308
6306
6304
6304
6303
6299
6299
6299
6297
6297
6296
6293
6291
6290
6290
6288
6287
6287
6285
6284
6283
6280
6280
6279
6278
6277
6277
6277
6274
6273
6272
6272
6272
6269
6269
6268
6267
6267
6266
6266
6265
6264
6264
6263
6262
6261
6261
6259
6258
6257
6253
6253
6251
6251
6251
6249
6249
6248
6248
6248
6246
6243
6242
6242
6242
6240
6239
6239
6239
6238
6238
6238
6238
6237
6237
6236
6233
6231
6228
6228
6227
6227
6225
6224
6224
6224
6224
6222
6222
6221
6218
6217
6216
6215
6215
6214
6213
6209
6208
6206
6202
6201
6201
6200
6200
6200
6199
6198
6198
6197
6197
6197
6196
6194
6194
6194
6194
6193
6190
6189
6187
6187
6186
6183
6182
6182
6182
6180
6178
6177
6174
6173
6173
6171
6171
6169
6168
6168
6167
6167
6166
6165
6164
6164
6164
6163
6161
6156
6155
6149
6149
6147
6147
6146
6146
6145
6144
6144
6142
6142
6141
6138
6138
6137
6130
6130
6130
6129
6129
6129
6128
6128
6128
6127
6123
6122
6121
6120
6119
6119
6118
6118
6116
6115
6115
6115
6114
6113
6113
6112
6111
6111
6111
6111
6110
6110
6108
6108
6107
6105
6104
6104
6104
6104
6104
6103
6102
6099
6099
6098
6096
6096
6095
6094
6094
6094
6094
6093
6088
6086
6085
6085
6084
6083
6083
6080
6079
6078
6077
6076
6075
6075
6074
6073
6070
6070
6069
6067
6067
6067
6066
6064
6063
6063
6063
6062
6061
6061
6060
6059
6059
6059
6059
6058
6057
6057
6056
6053
6053
6049
6049
6047
6044
6044
6043
6040
6038
6038
6036
6034
6033
6033
6032
6029
6028
6027
6024
6024
6024
6024
6022
6022
6022
6022
6021
6020
6019
6018
6017
6015
6012
6012
6010
6010
6010
6009
6009
6008
6007
6006
6003
6001
5999
5995
5993
5993
5992
5991
5991
5990
5989
5989
5989
5988
5987
5986
5986
5985
5985
5983
5983
5983
5981
5980
5979
5976
5975
5974
5974
5972
5970
5970
5970
5969
5968
5966
5965
5965
5965
5965
5964
5962
5962
5962
5961
5961
5961
5960
5959
5959
5956
5955
5954
5953
5952
5950
5950
5948
5947
5945
5945
5944
5943
5939
5938
5938
5936
5936
5936
5934
5933
5932
5931
5930
5929
5929
5926
5925
5922
5922
5922
5921
5921
5920
5918
5916
5915
5914
5912
5912
5911
5911
5910
5905
5905
5905
5904
5903
5902
5902
5898
5897
5895
5893
5892
5891
5890
5890
5886
5885
5885
5885
5884
5882
5881
5880
5880
5880
5879
5878
5877
5875
5874
5867
5867
5866
5866
5865
5862
5861
5860
5858
5857
5857
5856
5855
5855
5854
5852
5852
5849
5848
5847
5847
5847
5846
5845
5845
5845
5844
5843
5842
5842
5841
5840
5839
5838
5836
5836
5834
5834
5834
5833
5830
5829
5828
5827
5826
5825
5825
5825
5825
5824
5822
5820
5820
5819
5818
5817
5817
5816
5816
5814
5814
5813
5812
5812
5811
5811
5810
5810
5808
5807
5803
5802
5801
5801
5800
5800
5800
5799
5799
5799
5799
5796
5795
5794
5792
5790
5789
5789
5787
5786
5784
5784
5783
5780
5777
5777
5775
5774
5771
5770
5769
5768
5767
5767
5767
5765
5763
5762
5761
5761
5760
5760
5760
5758
5758
5756
5756
5755
5754
5753
5753
5752
5750
5749
5747
5747
5747
5744
5743
5742
5742
5741
5740
5739
5739
5739
5738
5737
5736
5736
5734
5732
5728
5728
5728
5725
5724
5724
5724
5724
5723
5722
5721
5719
5719
5718
5718
5717
5716
5715
5714
5714
5713
5709
5709
5709
5709
5708
5707
5707
5704
5704
5703
5703
5702
5699
5698
5698
5697
5696
5695
5692
5690
5689
5689
5689
5688
5687
5686
5686
5685
5685
5684
5683
5682
5682
5681
5680
5679
5679
5678
5678
5677
5673
5672
5672
5672
5671
5671
5670
5670
5669
5669
5664
5664
5662
5660
5658
5658
5657
5653
5652
5651
5646
5646
5645
5644
5644
5643
5642
5642
5641
5640
5639
5638
5638
5635
5631
5630
5630
5627
5626
5626
5624
5623
5623
5622
5622
5621
5621
5621
5620
5618
5618
5616
5614
5613
5611
5610
5609
5609
5609
5606
5606
5606
5606
5605
5604
5603
5603
5601
5599
5599
5599
5598
5598
5597
5596
5596
5595
5594
5593
5593
5592
5591
5591
5591
5589
5588
5585
5585
5582
5579
5579
5578
5576
5576
5576
5574
5569
5569
5568
5568
5566
5565
5564
5564
5560
5559
5559
5558
5557
5555
5555
5553
5553
5553
5550
5550
5549
5548
5547
5546
5545
5543
5543
5542
5541
5540
5539
5538
5537
5536
5533
5530
5526
5526
5525
5525
5525
5524
5523
5523
5522
5522
5520
5519
5518
5517
5516
5516
5516
5513
5513
5512
5511
5511
5511
5507
5506
5506
5505
5503
5503
5501
5501
5501
5501
5501
5500
5500
5497
5497
5495
5494
5494
5493
5493
5491
5491
5490
5490
5489
5487
5487
5486
5486
5484
5482
5482
5481
5480
5478
5476
5476
5476
5473
5472
5472
5471
5471
5471
5470
5469
5467
5467
5465
5464
5464
5462
5457
5456
5455
5454
5454
5453
5451
5449
5447
5447
5445
5443
5442
5441
5440
5437
5437
5436
5436
5435
5432
5431
5429
5429
5429
5428
5427
5426
5425
5422
5422
5422
5420
5420
5418
5418
5417
5416
5415
5414
5413
5412
5411
5409
5409
5408
5408
5405
5398
5396
5395
5395
5394
5394
5392
5391
5390
5385
5384
5384
5384
5383
5383
5382
5382
5381
5381
5378
5376
5375
5374
5374
5373
5372
5372
5372
5370
5369
5369
5368
5368
5367
5366
5363
5362
5362
5361
5360
5360
5359
5358
5358
5352
5352
5351
5350
5348
5346
5346
5345
5344
5344
5343
5343
5342
5338
5337
5337
5337
5336
5336
5335
5335
5333
5333
5332
5331
5331
5330
5327
5326
5323
5322
5322
5322
5322
5322
5319
5318
5318
5318
5317
5317
5317
5316
5315
5313
5313
5312
5312
5311
5311
5310
5308
5308
5308
5307
5307
5306
5305
5305
5304
5303
5301
5300
5299
5299
5299
5298
5297
5296
5294
5294
5293
5293
5292
5291
5290
5290
5287
5286
5285
5284
5281
5281
5281
5280
5279
5278
5276
5276
5276
5274
5272
5272
5271
5270
5269
5269
5268
5268
5265
5263
5262
5260
5258
5258
5257
5254
5252
5252
5251
5250
5250
5250
5246
5246
5242
5241
5239
5237
5237
5236
5236
5234
5230
5229
5228
5227
5225
5224
5224
5223
5221
5221
5220
5219
5217
5217
5214
5214
5212
5212
5210
5207
5204
5201
5201
5200
5199
5199
5196
5196
5195
5194
5194
5191
5191
5190
5190
5189
5184
5184
5183
5182
5181
5181
5180
5180
5180
5179
5174
5174
5173
5173
5172
5170
5167
5166
5166
5166
5165
5165
5163
5162
5162
5162
5161
5160
5159
5159
5158
5155
5154
5153
5152
5152
5151
5151
5151
5150
5149
5149
5147
5146
5146
5146
5143
5142
5142
5140
5140
5140
5139
5139
5137
5135
5133
5132
5125
5125
5125
5123
5123
5123
5122
5121
5120
5120
5120
5119
5115
5115
5112
5111
5111
5110
5110
5109
5109
5109
5109
5108
5106
5104
5103
5102
5102
5101
5098
5098
5098
5098
5097
5097
5096
5096
5094
5094
5094
5090
5089
5087
5087
5086
5084
5083
5083
5083
5079
5076
5075
5075
5075
5073
5071
5071
5070
5070
5070
5068
5068
5068
5067
5066
5066
5066
5065
5064
5064
5063
5063
5059
5059
5058
5057
5057
5057
5055
5053
5051
5047
5046
5045
5044
5044
5044
5043
5042
5041
5041
5040
5039
5039
5039
5039
5037
5037
5036
5036
5033
5031
5031
5030
5030
5028
5028
5028
5027
5024
5023
5021
5020
5020
5020
5019
5018
5016
5015
5014
5014
5013
5012
5012
5009
5008
5008
5005
5004
5003
5002
4999
4998
4998
4994
4993
4993
4991
4991
4990
4990
4990
4990
4989
4989
4987
4986
4985
4984
4983
4983
4982
4982
4979
4977
4977
4977
4976
4976
4974
4973
4973
4971
4971
4969
4967
4966
4964
4963
4961
4960
4960
4958
4958
4956
4954
4953
4953
4952
4951
4951
4950
4949
4949
4948
4947
4944
4944
4942
4941
4939
4938
4938
4938
4936
4936
4935
4935
4935
4934
4934
4934
4934
4933
4933
4933
4931
4931
4931
4930
4929
4929
4928
4927
4927
4927
4927
4926
4925
4923
4922
4921
4920
4919
4918
4918
4918
4917
4916
4916
4915
4915
4914
4914
4913
4913
4913
4912
4911
4911
4911
4911
4910
4909
4909
4909
4909
4908
4908
4908
4907
4907
4905
4902
4902
4902
4900
4899
4899
4899
4898
4897
4897
4897
4894
4893
4891
4891
4887
4886
4886
4885
4885
4884
4884
4883
4883
4882
4881
4880
4879
4878
4878
4878
4878
4877
4877
4876
4876
4874
4872
4872
4872
4869
4867
4867
4866
4865
4864
4864
4861
4860
4859
4858
4858
4856
4856
4854
4853
4852
4852
4850
4850
4849
4849
4849
4848
4847
4847
4847
4846
4845
4844
4843
4842
4841
4841
4841
4839
4838
4838
4838
4837
4836
4835
4834
4834
4833
4832
4829
4829
4829
4828
4828
4826
4825
4824
4824
4823
4823
4822
4821
4819
4819
4819
4818
4817
4817
4815
4814
4810
4808
4807
4805
4804
4804
4803
4803
4803
4802
4800
4800
4799
4795
4795
4793
4790
4789
4789
4786
4785
4785
4784
4784
4781
4780
4774
4774
4773
4771
4770
4769
4766
4766
4764
4764
4764
4761
4761
4760
4759
4758
4758
4756
4756
4756
4755
4755
4755
4753
4752
4752
4751
4751
4749
4748
4748
4747
4747
4744
4743
4742
4742
4741
4741
4739
4738
4736
4735
4733
4733
4731
4731
4730
4730
4729
4728
4728
4722
4722
4722
4719
4718
4716
4715
4713
4710
4709
4709
4709
4708
4708
4708
4707
4706
4705
4705
4704
4704
4700
4698
4698
4698
4698
4697
4697
4694
4693
4693
4692
4692
4692
4691
4691
4690
4689
4688
4686
4685
4685
4683
4683
4682
4681
4680
4679
4678
4678
4677
4676
4675
4675
4673
4672
4672
4672
4671
4671
4666
4664
4664
4663
4663
4663
4662
4662
4661
4660
4657
4657
4656
4656
4654
4653
4650
4650
4649
4649
4648
4648
4648
4647
4647
4646
4645
4645
4643
4642
4641
4641
4640
4640
4639
4638
4636
4636
4635
4633
4631
4631
4628
4625
4624
4624
4620
4619
4617
4616
4614
4612
4611
4609
4609
4609
4608
4606
4605
4604
4604
4604
4604
4603
4601
4599
4599
4597
4597
4595
4595
4594
4593
4592
4592
4588
4588
4585
4585
4584
4584
4580
4579
4579
4578
4578
4577
4577
4577
4576
4576
4576
4574
4572
4572
4571
4570
4570
4568
4567
4567
4566
4565
4564
4563
4561
4559
4557
4555
4555
4554
4552
4550
4549
4548
4548
4547
4545
4543
4538
4537
4536
4535
4533
4533
4533
4532
4529
4528
4527
4527
4526
4525
4525
4524
4522
4522
4521
4520
4520
4519
4518
4518
4516
4514
4514
4514
4513
4510
4510
4510
4508
4504
4504
4503
4503
4502
4501
4500
4498
4498
4495
4493
4493
4491
4491
4491
4491
4490
4489
4489
4489
4488
4486
4485
4482
4481
4481
4481
4479
4478
4472
4470
4469
4469
4468
4467
4465
4465
4464
4463
4462
4459
4459
4459
4458
4458
4457
4457
4455
4455
4454
4453
4452
4451
4451
4447
4445
4445
4445
4443
4443
4442
4440
4440
4438
4437
4436
4435
4435
4434
4432
4432
4428
4428
4428
4428
4428
4427
4427
4426
4424
4422
4422
4422
4421
4420
4420
4420
4418
4418
4418
4418
4417
4415
4414
4413
4407
4407
4407
4405
4403
4403
4402
4401
4401
4400
4398
4396
4396
4395
4395
4393
4393
4393
4393
4392
4391
4381
4380
4378
4378
4377
4377
4376
4375
4375
4373
4372
4372
4368
4367
4367
4366
4365
4363
4361
4361
4359
4356
4356
4355
4355
4354
4351
4351
4351
4349
4347
4346
4346
4344
4344
4344
4342
4341
4340
4340
4339
4338
4338
4336
4336
4334
4333
4332
4327
4326
4325
4323
4323
4323
4322
4321
4320
4318
4317
4315
4315
4314
4313
4313
4312
4310
4309
4307
4307
4305
4304
4300
4300
4300
4299
4296
4296
4294
4291
4289
4289
4287
4285
4285
4285
4284
4282
4280
4280
4279
4279
4279
4278
4278
4278
4274
4273
4270
4269
4268
4268
4266
4265
4265
4265
4265
4264
4264
4262
4261
4261
4258
4257
4257
4256
4256
4255
4255
4253
4253
4252
4251
4250
4249
4247
4247
4246
4243
4241
4241
4241
4241
4241
4238
4236
4236
4234
4232
4229
4229
4229
4228
4227
4226
4226
4226
4225
4224
4223
4223
4222
4221
4220
4217
4214
4213
4210
4210
4209
4209
4209
4206
4204
4204
4202
4201
4201
4199
4198
4198
4196
4195
4194
4193
4192
4192
4190
4190
4190
4188
4185
4184
4184
4184
4184
4183
4183
4183
4182
4181
4181
4176
4174
4174
4173
4173
4173
4170
4169
4169
4169
4168
4166
4165
4163
4163
4162
4161
4160
4158
4156
4155
4155
4152
4152
4151
4145
4145
4144
4143
4141
4141
4139
4139
4138
4138
4137
4137
4136
4133
4130
4130
4124
4124
4122
4122
4120
4119
4118
4118
4117
4117
4116
4115
4115
4114
4113
4112
4109
4107
4107
4106
4104
4103
4103
4101
4100
4097
4097
4096
4095
4093
4090
4089
4088
4088
4087
4087
4086
4085
4082
4082
4080
4079
4078
4076
4076
4075
4070
4069
4068
4067
4067
4066
4065
4063
4062
4062
4061
4061
4058
4057
4056
4055
4055
4055
4054
4053
4053
4052
4051
4050
4050
4050
4049
4046
4046
4045
4041
4041
4040
4039
4039
4038
4037
4036
4035
4035
4034
4034
4028
4027
4026
4025
4025
4023
4023
4022
4021
4020
4018
4018
4018
4013
4013
4011
4011
4011
4011
4010
4009
4005
4005
4003
4000
3997
3997
3997
3996
3996
3996
3995
3995
3995
3994
3994
3993
3992
3990
3988
3987
3986
3985
3985
3984
3982
3981
3980
3979
3979
3977
3977
3976
3976
3975
3974
3973
3971
3971
3970
3970
3969
3969
3969
3967
3965
3965
3964
3964
3963
3962
3961
3956
3955
3955
3952
3951
3950
3950
3949
3949
3949
3949
3947
3947
3944
3943
3943
3940
3939
3937
3937
3936
3934
3934
3934
3932
3931
3929
3928
3927
3927
3924
3923
3923
3921
3917
3917
3917
3915
3914
3914
3914
3913
3913
3911
3911
3911
3908
3908
3908
3908
3907
3906
3905
3905
3904
3904
3902
3901
3901
3900
3899
3898
3898
3897
3895
3892
3891
3891
3889
3886
3886
3886
3885
3884
3883
3881
3880
3878
3878
3878
3876
3875
3874
3873
3870
3868
3865
3864
3863
3861
3860
3860
3859
3858
3857
3856
3855
3853
3848
3847
3847
3846
3843
3841
3839
3838
3835
3833
3830
3830
3829
3828
3825
3821
3821
3820
3820
3819
3819
3817
3816
3815
3814
3812
3809
3807
3805
3803
3802
3802
3801
3800
3800
3800
3798
3798
3798
3797
3796
3795
3793
3791
3791
3790
3787
3786
3786
3784
3784
3783
3780
3775
3774
3773
3771
3771
3770
3770
3770
3770
3767
3765
3764
3763
3762
3759
3758
3758
3758
3758
3757
3755
3754
3753
3753
3752
3750
3750
3745
3743
3740
3739
3738
3736
3736
3734
3733
3732
3730
3730
3729
3726
3726
3722
3722
3718
3718
3715
3714
3714
3713
3712
3711
3710
3709
3708
3708
3707
3706
3706
3705
3705
3702
3699
3697
3697
3696
3693
3693
3692
3689
3686
3686
3685
3685
3684
3683
3682
3682
3680
3680
3679
3678
3677
3676
3671
3671
3670
3670
3669
3669
3668
3666
3666
3664
3662
3660
3660
3660
3659
3657
3657
3656
3655
3653
3652
3652
3649
3646
3645
3645
3644
3644
3643
3643
3641
3640
3640
3639
3638
3638
3634
3631
3627
3626
3626
3625
3624
3623
3623
3622
3622
3622
3622
3621
3621
3620
3619
3619
3618
3617
3616
3616
3616
3615
3614
3613
3613
3612
3611
3611
3611
3610
3608
3608
3605
3603
3602
3602
3601
3601
3601
3600
3598
3598
3598
3598
3598
3597
3596
3593
3593
3592
3591
3589
3587
3585
3585
3584
3583
3581
3580
3580
3575
3575
3574
3572
3571
3571
3571
3569
3569
3568
3567
3566
3564
3564
3563
3562
3561
3560
3560
3559
3559
3558
3558
3557
3557
3555
3553
3553
3553
3552
3551
3551
3550
3550
3548
3547
3547
3546
3544
3543
3541
3539
3538
3538
3538
3537
3535
3534
3533
3530
3529
3529
3528
3527
3526
3524
3521
3521
3520
3520
3520
3518
3518
3516
3515
3514
3513
3513
3512
3511
3511
3511
3509
3509
3506
3506
3506
3504
3503
3503
3503
3503
3502
3502
3501
3501
3501
3500
3499
3499
3498
3498
3498
3497
3497
3496
3495
3495
3494
3494
3494
3493
3492
3491
3491
3490
3490
3487
3485
3484
3483
3481
3481
3480
3480
3480
3479
3477
3477
3476
3476
3476
3474
3473
3472
3471
3471
3470
3470
3469
3466
3466
3466
3464
3464
3463
3462
3462
3461
3459
3458
3458
3458
3458
3458
3457
3457
3457
3456
3456
3456
3456
3455
3454
3453
3452
3451
3449
3449
3448
3448
3447
3444
3443
3443
3440
3438
3437
3436
3436
3435
3434
3433
3433
3432
3431
3431
3431
3429
3429
3428
3426
3426
3426
3425
3425
3424
3423
3423
3420
3420
3417
3416
3416
3416
3414
3411
3409
3408
3406
3404
3403
3401
3400
3398
3393
3392
3391
3391
3388
3388
3387
3387
3386
3385
3384
3382
3382
3380
3380
3380
3379
3379
3379
3378
3377
3376
3376
3376
3376
3375
3374
3374
3373
3372
3371
3371
3369
3369
3369
3368
3367
3367
3366
3364
3364
3363
3363
3362
3360
3359
3359
3359
3359
3358
3357
3357
3355
3354
3352
3352
3351
3351
3351
3350
3350
3348
3347
3346
3345
3344
3344
3344
3344
3343
3342
3342
3341
3341
3340
3340
3336
3336
3335
3334
3333
3333
3333
3331
3331
3331
3330
3327
3325
3325
3324
3323
3321
3321
3320
3319
3318
3318
3318
3318
3318
3317
3316
3315
3315
3314
3314
3314
3313
3312
3310
3309
3307
3304
3302
3302
3302
3302
3299
3298
3297
3296
3295
3294
3294
3293
3292
3292
3292
3290
3290
3289
3288
3287
3287
3287
3284
3283
3283
3282
3282
3281
3281
3280
3279
3278
3277
3276
3276
3275
3274
3273
3273
3271
3270
3269
3266
3265
3264
3263
3263
3262
3262
3261
3260
3259
3257
3256
3255
3252
3252
3251
3250
3249
3249
3248
3248
3246
3246
3246
3245
3245
3244
3243
3242
3242
3242
3241
3240
3239
3238
3238
3237
3236
3235
3234
3232
3232
3229
3229
3229
3227
3226
3225
3223
3223
3222
3222
3222
3221
3220
3219
3218
3218
3218
3215
3215
3214
3214
3212
3212
3210
3210
3208
3208
3207
3205
3204
3204
3204
3203
3203
3203
3202
3202
3201
3200
3199
3198
3198
3197
3197
3197
3196
3195
3194
3194
3193
3192
3191
3191
3191
3191
3190
3190
3189
3188
3188
3187
3186
3186
3186
3185
3184
3183
3183
3182
3181
3181
3180
3179
3179
3178
3177
3175
3175
3174
3173
3172
3170
3170
3170
3169
3169
3169
3166
3166
3165
3164
3163
3163
3162
3160
3159
3159
3158
3157
3155
3154
3153
3153
3152
3152
3152
3150
3150
3149
3146
3144
3143
3143
3141
3140
3140
3138
3137
3136
3135
3134
3134
3134
3133
3132
3128
3126
3126
3125
3125
3123
3121
3119
3119
3118
3116
3115
3114
3111
3111
3110
3110
3109
3108
3107
3107
3106
3105
3104
3104
3101
3100
3098
3097
3097
3095
3093
3091
3091
3090
3088
3088
3088
3082
3082
3081
3081
3081
3080
3078
3078
3075
3073
3073
3073
3066
3066
3063
3062
3061
3060
3060
3059
3059
3058
3057
3057
3057
3054
3052
3051
3050
3050
3050
3050
3050
3049
3047
3047
3045
3045
3043
3043
3042
3042
3041
3038
3038
3036
3035
3035
3035
3035
3034
3034
3034
3033
3031
3030
3030
3029
3029
3027
3026
3025
3024
3023
3023
3023
3021
3021
3020
3019
3018
3017
3015
3015
3013
3011
3011
3010
3009
3009
3003
3000
2999
2999
2999
2997
2996
2994
2994
2994
2991
2989
2988
2988
2987
2986
2983
2981
2981
2980
2980
2980
2979
2976
2975
2975
2973
2973
2972
2971
2971
2969
2967
2966
2966
2965
2963
2960
2960
2958
2954
2954
2953
2952
2951
2951
2950
2949
2948
2947
2945
2945
2943
2943
2942
2942
2941
2940
2940
2940
2939
2938
2938
2937
2936
2933
2932
2931
2928
2928
2927
2926
2925
2923
2922
2921
2920
2918
2916
2916
2915
2915
2914
2913
2913
2911
2909
2908
2907
2907
2903
2903
2903
2901
2899
2894
2893
2893
2891
2889
2889
2887
2886
2886
2885
2884
2883
2882
2881
2881
2880
2879
2877
2876
2874
2873
2871
2869
2869
2869
2868
2867
2866
2866
2865
2864
2864
2861
2861
2860
2859
2858
2857
2853
2852
2851
2851
2850
2850
2849
2848
2847
2846
2845
2845
2844
2842
2841
2841
2839
2838
2837
2836
2836
2835
2835
2834
2834
2834
2833
2833
2833
2832
2832
2831
2831
2830
2830
2830
2828
2827
2827
2826
2826
2826
2824
2820
2818
2818
2818
2818
2815
2815
2814
2814
2813
2813
2812
2811
2810
2810
2809
2808
2808
2807
2807
2807
2805
2803
2802
2802
2802
2802
2800
2800
2799
2799
2799
2796
2795
2794
2793
2791
2790
2789
2788
2787
2787
2787
2785
2785
2784
2783
2780
2780
2780
2777
2776
2776
2775
2774
2771
2771
2770
2770
2770
2768
2768
2765
2764
2763
2763
2761
2761
2761
2761
2759
2758
2758
2755
2753
2753
2752
2752
2751
2751
2751
2748
2748
2748
2747
2747
2746
2742
2742
2741
2741
2740
2739
2738
2737
2737
2736
2730
2728
2726
2726
2725
2724
2723
2723
2722
2721
2721
2721
2720
2719
2719
2715
2715
2715
2714
2714
2713
2711
2711
2711
2711
2707
2707
2707
2707
2703
2703
2703
2702
2701
2701
2700
2699
2699
2697
2696
2696
2696
2695
2694
2693
2690
2689
2689
2688
2687
2684
2684
2684
2683
2683
2683
2681
2681
2680
2678
2676
2673
2671
2670
2669
2669
2669
2667
2667
2665
2662
2660
2660
2658
2658
2657
2654
2654
2652
2652
2650
2650
2650
2649
2647
2647
2647
2646
2645
2644
2643
2643
2641
2640
2638
2638
2637
2636
2635
2634
2631
2631
2631
2630
2629
2629
2629
2629
2625
2625
2624
2618
2617
2616
2616
2616
2615
2615
2613
2611
2611
2610
2610
2610
2609
2607
2606
2605
2604
2604
2602
2601
2601
2601
2601
2600
2600
2597
2597
2597
2596
2595
2593
2591
2590
2590
2590
2589
2588
2588
2588
2588
2585
2585
2585
2585
2583
2582
2581
2581
2580
2579
2579
2578
2578
2577
2576
2574
2574
2572
2572
2571
2571
2571
2570
2570
2568
2568
2566
2565
2564
2564
2563
2560
2559
2558
2557
2555
2552
2552
2551
2551
2549
2548
2548
2547
2546
2545
2545
2545
2544
2543
2542
2542
2540
2539
2539
2539
2538
2538
2538
2537
2537
2537
2536
2534
2532
2531
2529
2525
2524
2523
2522
2522
2520
2519
2518
2518
2516
2515
2511
2509
2509
2509
2508
2507
2505
2504
2502
2502
2501
2500
2500
2500
2497
2495
2494
2490
2487
2487
2485
2485
2482
2481
2479
2479
2479
2478
2478
2478
2476
2475
2475
2475
2474
2473
2471
2470
2469
2469
2467
2464
2463
2462
2460
2460
2459
2459
2459
2459
2457
2455
2454
2453
2452
2451
2451
2451
2450
2450
2450
2449
2449
2448
2448
2447
2446
2446
2445
2445
2444
2444
2444
2444
2441
2440
2439
2439
2438
2438
2436
2436
2435
2434
2434
2433
2432
2431
2428
2421
2421
2420
2418
2417
2415
2414
2414
2414
2413
2412
2412
2412
2411
2411
2410
2410
2410
2407
2406
2402
2402
2401
2401
2399
2399
2396
2395
2395
2394
2394
2394
2393
2391
2390
2389
2389
2389
2389
2388
2387
2386
2384
2383
2382
2378
2377
2375
2374
2373
2373
2371
2369
2368
2368
2368
2367
2367
2366
2365
2365
2364
2363
2361
2361
2360
2360
2360
2359
2359
2359
2359
2358
2358
2358
2357
2356
2355
2352
2350
2348
2348
2346
2344
2343
2343
2342
2342
2339
2339
2335
2335
2332
2331
2331
2331
2331
2329
2329
2326
2325
2323
2321
2321
2321
2320
2318
2318
2318
2318
2317
2316
2316
2315
2315
2314
2313
2312
2309
2309
2308
2308
2305
2304
2303
2303
2303
2302
2302
2301
2301
2301
2300
2299
2299
2299
2298
2297
2297
2295
2290
2290
2290
2287
2287
2286
2286
2286
2284
2283
2282
2282
2282
2279
2275
2275
2275
2274
2274
2274
2272
2270
2269
2269
2267
2267
2267
2262
2260
2259
2258
2257
2254
2252
2251
2250
2250
2249
2246
2245
2243
2241
2241
2240
2239
2239
2237
2236
2236
2236
2234
2233
2233
2232
2231
2230
2229
2228
2228
2226
2226
2222
2220
2218
2218
2216
2216
2215
2214
2213
2211
2211
2208
2208
2207
2207
2206
2203
2203
2202
2200
2199
2198
2196
2196
2195
2194
2194
2191
2190
2189
2187
2186
2185
2184
2183
2183
2183
2182
2180
2179
2178
2178
2178
2177
2177
2175
2174
2174
2172
2171
2171
2171
2170
2170
2169
2168
2167
2166
2164
2164
2164
2161
2159
2157
2157
2156
2156
2156
2155
2154
2153
2152
2151
2151
2149
2148
2146
2145
2145
2144
2144
2141
2139
2139
2137
2133
2133
2129
2129
2128
2126
2125
2125
2124
2123
2123
2122
2120
2119
2118
2116
2116
2116
2114
2114
2112
2111
2110
2109
2108
2108
2108
2107
2106
2104
2104
2104
2102
2101
2101
2101
2099
2099
2097
2096
2095
2094
2094
2093
2093
2090
2089
2089
2088
2086
2082
2081
2080
2079
2076
2076
2075
2075
2074
2074
2073
2073
2071
2071
2068
2068
2068
2068
2067
2067
2067
2066
2065
2065
2065
2064
2063
2063
2061
2058
2058
2058
2056
2055
2053
2051
2051
2049
2049
2048
2046
2044
2043
2042
2042
2041
2041
2038
2037
2036
2035
2034
2034
2033
2031
2031
2030
2029
2027
2026
2025
2021
2021
2020
2019
2019
2019
2017
2015
2013
2013
2011
2010
2009
2008
2007
2005
2005
2004
2001
1999
1997
1996
1995
1994
1994
1992
1992
1991
1990
1989
1989
1988
1986
1986
1986
1986
1985
1984
1981
1981
1980
1978
1978
1977
1977
1977
1976
1976
1974
1974
1973
1971
1970
1970
1970
1970
1968
1968
1967
1967
1966
1959
1957
1957
1957
1955
1952
1951
1949
1948
1948
1945
1945
1944
1941
1941
1940
1940
1939
1936
1935
1934
1934
1933
1933
1932
1930
1929
1929
1927
1926
1925
1923
1922
1920
1920
1920
1919
1919
1918
1918
1916
1916
1915
1911
1911
1910
1909
1908
1906
1906
1906
1905
1905
1904
1904
1903
1901
1898
1898
1898
1894
1894
1894
1892
1891
1891
1891
1887
1886
1886
1886
1885
1884
1883
1882
1881
1881
1875
1875
1875
1871
1870
1870
1870
1869
1868
1867
1867
1866
1864
1862
1862
1861
1861
1861
1859
1857
1854
1850
1850
1850
1849
1848
1847
1845
1845
1845
1843
1842
1842
1842
1841
1841
1840
1840
1839
1839
1838
1837
1837
1836
1834
1833
1833
1832
1831
1830
1829
1828
1827
1826
1824
1824
1823
1823
1822
1822
1822
1822
1822
1821
1821
1820
1818
1817
1817
1815
1813
1813
1813
1811
1811
1809
1809
1809
1808
1807
1807
1805
1803
1801
1800
1798
1797
1797
1796
1793
1790
1789
1786
1785
1784
1784
1783
1782
1782
1781
1780
1779
1778
1778
1776
1776
1773
1772
1772
1771
1771
1770
1769
1767
1767
1766
1766
1766
1765
1765
1765
1763
1763
1762
1761
1761
1761
1758
1757
1756
1756
1756
1756
1755
1755
1753
1751
1751
1750
1748
1746
1744
1744
1744
1743
1740
1730
1730
1726
1726
1725
1725
1724
1724
1724
1722
1722
1721
1721
1720
1719
1718
1717
1715
1715
1715
1714
1714
1714
1713
1708
1707
1706
1706
1705
1705
1704
1704
1704
1704
1703
1702
1702
1701
1699
1699
1698
1694
1694
1694
1693
1692
1692
1691
1691
1688
1685
1683
1683
1678
1678
1676
1676
1675
1674
1673
1672
1672
1671
1671
1669
1667
1666
1666
1665
1665
1665
1662
1661
1661
1659
1658
1656
1655
1655
1655
1654
1653
1653
1653
1653
1652
1651
1651
1650
1650
1648
1647
1647
1647
1646
1646
1645
1645
1640
1638
1638
1637
1635
1631
1630
1629
1628
1626
1625
1625
1624
1624
1624
1624
1623
1622
1621
1619
1617
1614
1613
1612
1611
1611
1610
1610
1609
1608
1607
1605
1604
1604
1597
1597
1596
1595
1595
1592
1592
1592
1591
1591
1589
1583
1581
1577
1575
1574
1574
1574
1572
1571
1571
1570
1570
1569
1569
1569
1568
1567
1566
1562
1561
1561
1561
1560
1558
1558
1558
1557
1557
1557
1556
1554
1551
1549
1547
1545
1545
1545
1543
1543
1543
1542
1541
1540
1539
1538
1538
1536
1535
1535
1534
1533
1533
1533
1533
1531
1530
1530
1525
1525
1524
1524
1524
1522
1520
1516
1515
1515
1515
1514
1514
1514
1513
1513
1511
1511
1511
1510
1510
1509
1509
1508
1507
1506
1506
1506
1504
1503
1502
1500
1500
1499
1497
1495
1494
1493
1493
1493
1491
1490
1490
1490
1489
1488
1487
1486
1485
1484
1483
1482
1481
1480
1480
1478
1475
1470
1468
1468
1466
1466
1465
1464
1464
1463
1462
1461
1460
1460
1460
1458
1458
1457
1455
1455
1454
1454
1452
1452
1452
1450
1449
1449
1448
1448
1447
1445
1444
1440
1440
1440
1439
1438
1437
1437
1436
1435
1434
1432
1432
1431
1431
1430
1430
1429
1429
1427
1426
1424
1424
1424
1423
1423
1423
1423
1422
1421
1418
1418
1416
1415
1414
1414
1414
1413
1412
1412
1412
1412
1410
1409
1409
1409
1408
1408
1407
1407
1407
1405
1404
1404
1403
1402
1402
1401
1401
1400
1399
1399
1399
1398
1398
1398
1395
1392
1391
1388
1388
1388
1386
1386
1386
1385
1385
1383
1382
1381
1380
1379
1378
1377
1373
1371
1370
1369
1368
1367
1365
1364
1364
1364
1362
1362
1361
1360
1360
1357
1357
1355
1354
1353
1352
1352
1351
1351
1351
1349
1346
1343
1343
1343
1340
1339
1337
1335
1334
1334
1332
1328
1328
1327
1327
1326
1326
1324
1323
1322
1320
1319
1319
1317
1317
1317
1314
1312
1312
1312
1311
1311
1310
1310
1309
1306
1302
1299
1297
1296
1295
1295
1295
1294
1293
1292
1291
1290
1290
1289
1284
1283
1283
1282
1282
1282
1282
1280
1278
1277
1276
1274
1274
1274
1274
1273
1272
1272
1271
1271
1271
1270
1268
1267
1267
1265
1265
1264
1264
1262
1259
1257
1256
1255
1254
1254
1253
1252
1252
1251
1251
1250
1250
1249
1246
1246
1245
1244
1243
1242
1241
1239
1239
1238
1238
1237
1237
1236
1235
1235
1235
1235
1235
1234
1234
1233
1232
1232
1231
1228
1226
1225
1223
1222
1221
1220
1219
1219
1219
1219
1215
1215
1214
1213
1212
1210
1209
1207
1207
1206
1205
1204
1204
1204
1204
1204
1203
1203
1203
1200
1199
1199
1199
1198
1196
1196
1193
1193
1191
1189
1188
1187
1187
1186
1185
1185
1181
1179
1179
1178
1178
1177
1177
1174
1172
1172
1170
1170
1169
1169
1167
1167
1166
1166
1164
1164
1162
1161
1161
1161
1161
1160
1159
1158
1157
1157
1155
1155
1154
1152
1149
1148
1147
1146
1145
1145
1143
1142
1142
1142
1141
1141
1138
1137
1137
1137
1135
1134
1134
1133
1133
1131
1130
1127
1126
1126
1125
1124
1124
1122
1122
1122
1121
1120
1120
1119
1118
1116
1115
1114
1113
1113
1112
1111
1110
1105
1104
1104
1103
1102
1101
1099
1099
1097
1097
1096
1096
1096
1094
1094
1094
1094
1093
1092
1092
1092
1091
1089
1089
1088
1086
1086
1083
1081
1081
1081
1081
1080
1079
1079
1079
1077
1077
1077
1076
1076
1075
1074
1074
1072
1072
1071
1069
1069
1069
1069
1068
1068
1066
1066
1062
1062
1061
1061
1061
1060
1059
1059
1054
1053
1051
1050
1048
1047
1047
1045
1043
1043
1043
1043
1042
1041
1041
1041
1034
1033
1031
1030
1028
1027
1027
1026
1025
1024
1024
1021
1015
1015
1013
1012
1012
1012
1011
1009
1008
1007
1006
1005
1005
1005
1003
1002
999
996
995
991
991
989
988
988
987
984
983
983
982
982
981
980
980
977
975
974
974
974
974
973
973
973
972
972
972
972
969
966
963
962
957
957
956
956
956
955
955
954
954
953
952
952
952
952
950
950
950
949
947
947
944
942
941
941
939
939
939
939
939
938
938
936
935
933
933
931
930
930
930
930
926
926
925
924
922
921
920
919
918
918
917
917
916
915
915
913
910
909
908
908
908
907
906
906
906
905
904
902
902
901
901
898
896
896
894
894
893
893
890
890
886
886
886
885
883
883
882
881
880
880
879
878
877
877
876
875
872
871
871
869
869
869
868
868
867
866
865
864
863
863
862
861
858
855
855
855
852
850
848
848
848
846
846
845
844
840
838
837
832
831
831
830
829
828
828
826
824
822
821
820
817
817
817
816
816
815
812
811
809
806
803
803
801
798
797
796
796
795
794
794
793
793
792
790
790
789
787
786
786
786
784
783
780
780
778
777
775
771
771
771
771
771
771
770
768
768
767
764
764
761
761
761
760
760
759
754
753
750
750
749
749
749
749
749
748
746
745
745
745
745
744
743
742
738
736
736
735
735
734
734
733
731
731
730
730
729
728
728
728
727
727
726
725
723
723
723
722
722
722
721
718
718
718
716
714
712
710
709
708
708
707
705
705
700
700
697
696
695
695
695
693
693
691
691
690
690
688
688
688
684
683
682
680
678
678
678
675
675
672
671
671
670
670
668
668
665
665
665
664
663
663
661
660
659
657
656
656
655
653
653
653
652
652
652
651
650
649
648
647
646
644
643
642
641
638
637
637
634
633
633
632
629
629
629
628
627
627
627
625
625
624
623
622
620
619
618
618
616
616
616
615
615
615
613
612
611
611
609
609
609
608
608
607
604
600
598
598
596
596
595
595
593
592
591
590
590
588
585
583
583
582
581
580
580
579
579
577
576
576
575
574
572
571
570
568
567
566
565
564
563
562
560
560
559
558
557
557
556
556
555
554
553
553
550
549
547
547
546
546
546
545
545
544
541
539
538
537
537
536
535
535
534
532
531
530
529
528
527
526
524
523
523
519
519
518
517
517
516
516
515
515
514
513
510
510
510
509
508
507
507
506
505
505
504
503
503
502
501
500
500
500
499
497
492
492
492
491
489
486
485
485
485
485
484
482
482
482
481
479
479
477
475
475
473
472
472
472
471
470
467
467
466
465
464
464
464
464
462
461
461
460
458
458
457
457
456
456
456
454
453
452
450
450
450
448
448
447
445
445
445
445
442
438
437
436
433
433
432
431
430
430
428
426
426
425
424
423
423
422
420
420
420
420
419
418
417
415
414
414
413
412
411
410
409
409
408
406
405
405
402
402
400
400
399
399
398
398
397
396
395
394
394
393
392
391
391
391
390
389
388
388
387
387
386
385
385
384
384
383
383
382
382
379
377
376
375
375
375
370
367
366
366
366
366
363
363
362
361
359
359
356
355
355
355
353
353
353
351
351
348
345
344
341
338
337
336
336
336
335
335
334
333
331
330
330
330
330
329
329
329
328
326
326
326
325
325
325
325
324
320
319
318
317
317
315
314
313
312
309
307
306
306
306
305
301
300
298
298
298
296
295
295
293
293
293
292
290
290
288
288
288
287
286
285
284
283
282
281
280
278
277
277
277
276
275
275
273
272
270
270
269
268
268
267
267
266
265
263
261
260
260
259
258
257
257
257
256
255
255
251
250
250
248
247
247
246
246
246
245
243
243
241
241
240
239
239
239
238
238
237
236
236
236
235
234
233
231
229
229
229
228
227
226
226
224
224
224
223
223
221
220
218
218
218
218
217
216
215
214
213
213
213
211
210
208
208
207
205
205
204
203
203
201
200
199
199
199
197
197
196
194
193
193
192
191
191
189
188
188
185
185
184
183
183
179
178
177
176
176
175
174
174
172
172
172
172
168
168
168
165
165
164
164
164
164
163
162
162
162
162
162
161
161
160
160
159
157
157
156
155
154
154
153
153
152
152
151
150
148
148
147
147
147
145
144
143
140
140
139
139
139
138
137
137
134
132
132
131
130
127
126
125
124
124
122
122
122
117
115
113
112
112
111
110
110
108
107
106
104
104
104
104
103
103
102
99
97
97
95
95
93
90
89
89
88
86
85
84
83
81
81
81
80
79
79
78
78
77
75
75
74
74
74
74
71
71
71
71
70
70
69
68
68
67
64
64
60
60
60
60
58
58
58
57
55
53
53
51
49
48
46
45
43
42
42
42
40
40
39
38
38
38
38
38
36
35
33
31
31
31
29
29
29
28
28
27
27
27
27
25
25
24
24
23
23
22
20
18
16
16
16
14
13
12
12
12
12
12
11
11
11
11
9
5
4
4
3
2
2
0
0
