9998
9996
9996
9995
9995
9995
9993
9993
9992
9992
9992
9992
9990
9989
9988
9988
9987
9986
9985
9985
9982
9978
9978
9978
9978
9976
9976
9975
9975
9973
9973
9970
9969
9969
9968
9968
9967
9966
9965
9964
9964
9964
9963
9962
9961
9959
9959
9956
9953
9953
9952
9952
9952
9951
9951
9951
9950
9949
9947
9946
9946
9945
9944
9943
9940
9938
9936
9933
9932
9931
9931
9931
9930
9929
9929
9929
9927
9927
9927
9924
9924
9923
9922
9918
9916
9914
9910
9909
9909
9908
9908
9906
9905
9905
9905
9904
9902
9902
9902
9901
9895
9894
9893
9892
9892
9891
9891
9890
9889
9888
9886
9885
9885
9885
9884
9884
9884
9883
9883
9882
9881
9880
9879
9879
9878
9877
9874
9872
9871
9871
9871
9867
9867
9866
9864
9863
9862
9859
9858
9855
9855
9852
9851
9850
9849
9847
9847
9846
9843
9840
9838
9837
9835
9835
9835
9834
9833
9831
9831
9831
9829
9829
9828
9827
9825
9824
9824
9822
9820
9819
9817
9812
9812
9811
9810
9809
9804
9804
9803
9801
9795
9795
9794
9794
9792
9791
9791
9790
9787
9786
9785
9785
9781
9780
9779
9779
9779
9778
9778
9776
9776
9775
9774
9772
9769
9769
9769
9769
9768
9768
9767
9766
9765
9765
9764
9763
9763
9762
9762
9762
9761
9758
9756
9756
9755
9755
9754
9753
9753
9752
9752
9751
9751
9745
9743
9742
9742
9741
9740
9740
9739
9738
9734
9733
9732
9731
9731
9726
9725
9724
9722
9722
9722
9719
9718
9718
9717
9717
9717
9715
9714
9714
9714
9713
9711
9710
9708
9708
9707
9707
9706
9706
9704
9702
9701
9701
9701
9700
9697
9696
9695
9695
9694
9694
9694
9692
9690
9689
9689
9687
9686
9686
9683
9683
9682
9680
9678
9678
9675
9674
9674
9674
9673
9672
9670
9670
9670
9670
9666
9665
9663
9661
9661
9659
9656
9655
9655
9655
9654
9653
9653
9651
9651
9649
9648
9647
9647
9646
9644
9638
9636
9634
9633
9632
9630
9629
9627
9626
9624
9624
9623
9623
9622
9621
9621
9621
9621
9620
9618
9617
9617
9616
9615
9615
9615
9613
9613
9612
9612
9611
9610
9609
9608
9607
9605
9601
9601
9601
9600
9600
9599
9599
9598
9598
9598
9596
9595
9594
9594
9593
9592
9591
9590
9588
9588
9584
9584
9582
9582
9582
9580
9579
9579
9576
9576
9576
9575
9575
9572
9572
9572
9572
9569
9566
9564
9563
9562
9561
9560
9558
9557
9556
9555
9553
9553
9552
9552
9552
9551
9548
9547
9546
9546
9546
9545
9542
9538
9538
9538
9537
9537
9536
9530
9529
9528
9527
9526
9526
9526
9525
9523
9523
9523
9521
9520
9520
9519
9519
9518
9518
9516
9516
9516
9515
9513
9513
9512
9512
9511
9508
9508
9508
9508
9506
9506
9503
9503
9502
9501
9500
9498
9498
9497
9492
9492
9491
9491
9491
9490
9488
9487
9487
9486
9485
9485
9483
9482
9482
9481
9481
9480
9479
9479
9478
9478
9477
9476
9475
9474
9473
9472
9471
9470
9470
9468
9467
9466
9466
9464
9464
9463
9462
9461
9460
9459
9458
9453
9453
9453
9453
9453
9453
9453
9451
9450
9448
9447
9447
9447
9447
9446
9446
9446
9445
9445
9443
9443
9441
9441
9440
9439
9438
9436
9436
9436
9433
9431
9430
9429
9426
9425
9424
9424
9423
9422
9421
9421
9420
9420
9419
9419
9418
9415
9415
9414
9414
9411
9411
9411
9410
9409
9409
9409
9407
9405
9404
9402
9402
9397
9396
9396
9395
9395
9392
9391
9390
9390
9390
9389
9388
9388
9386
9386
9386
9385
9384
9383
9381
9380
9379
9379
9378
9378
9378
9377
9376
9376
9376
9375
9374
9374
9373
9372
9370
9368
9367
9365
9363
9363
9361
9358
9357
9357
9353
9351
9350
9350
9350
9349
9347
9347
9346
9344
9340
9337
9336
9333
9332
9331
9329
9329
9327
9327
9326
9325
9324
9324
9323
9322
9321
9320
9318
9314
9314
9313
9312
9312
9311
9310
9310
9310
9308
9307
9306
9304
9303
9299
9299
9299
9298
9298
9298
9298
9297
9297
9296
9295
9295
9294
9294
9293
9292
9291
9290
9289
9287
9287
9286
9285
9284
9281
9281
9278
9276
9276
9274
9270
9268
9265
9262
9261
9260
9259
9259
9258
9258
9256
9255
9252
9252
9247
9246
9245
9244
9244
9244
9244
9243
9242
9242
9241
9241
9241
9240
9238
9236
9235
9232
9231
9230
9230
9229
9228
9226
9226
9225
9224
9223
9223
9222
9221
9221
9220
9220
9218
9218
9218
9217
9216
9215
9214
9212
9211
9211
9210
9209
9209
9207
9205
9204
9204
9203
9203
9201
9200
9200
9200
9199
9199
9199
9198
9197
9196
9195
9195
9195
9194
9193
9193
9193
9193
9191
9191
9187
9187
9185
9185
9184
9184
9180
9179
9179
9179
9179
9178
9178
9177
9177
9176
9175
9175
9172
9172
9169
9167
9167
9165
9165
9165
9164
9163
9161
9161
9158
9156
9156
9156
9155
9155
9151
9150
9148
9147
9145
9145
9143
9142
9141
9141
9140
9138
9137
9137
9137
9137
9136
9136
9135
9133
9131
9131
9129
9127
9126
9125
9123
9122
9122
9121
9120
9119
9118
9118
9117
9117
9117
9116
9115
9114
9114
9112
9112
9111
9110
9108
9108
9103
9103
9103
9102
9101
9101
9101
9100
9099
9099
9097
9095
9095
9094
9094
9093
9090
9088
9087
9086
9086
9085
9085
9083
9081
9080
9079
9078
9077
9073
9073
9072
9072
9072
9071
9071
9070
9069
9069
9069
9069
9069
9067
9066
9065
9064
9064
9064
9064
9062
9062
9062
9060
9060
9060
9060
9059
9059
9058
9056
9055
9055
9055
9053
9053
9051
9051
9051
9046
9045
9044
9043
9042
9040
9037
9036
9036
9036
9033
9031
9031
9031
9030
9029
9028
9028
9027
9026
9025
9024
9022
9022
9021
9020
9018
9016
9016
9016
9016
9010
9010
9009
9007
9007
9007
9006
9006
9002
9002
9001
8995
8993
8992
8990
8988
8988
8987
8986
8985
8985
8984
8984
8981
8981
8980
8979
8979
8978
8976
8976
8975
8975
8975
8972
8971
8970
8968
8968
8966
8965
8965
8965
8964
8964
8963
8963
8962
8962
8962
8961
8960
8958
8957
8956
8954
8954
8953
8953
8952
8952
8951
8951
8950
8949
8948
8946
8945
8944
8943
8943
8942
8940
8939
8938
8937
8936
8934
8934
8934
8934
8934
8934
8932
8932
8930
8929
8925
8923
8922
8922
8919
8916
8916
8915
8915
8915
8913
8912
8912
8912
8911
8911
8911
8910
8909
8908
8906
8905
8905
8904
8903
8903
8901
8900
8892
8892
8892
8889
8885
8885
8884
8883
8883
8882
8882
8881
8881
8881
8881
8881
8877
8877
8876
8876
8876
8875
8874
8870
8870
8868
8868
8868
8867
8867
8867
8866
8865
8865
8864
8862
8862
8862
8859
8859
8858
8854
8853
8853
8852
8848
8848
8848
8847
8847
8846
8845
8844
8842
8841
8841
8840
8838
8838
8837
8836
8836
8835
8834
8831
8831
8830
8830
8829
8829
8828
8827
8827
8826
8824
8824
8824
8823
8821
8820
8819
8819
8818
8817
8816
8811
8809
8808
8808
8807
8807
8807
8807
8806
8805
8804
8803
8803
8802
8801
8798
8798
8796
8795
8795
8794
8793
8793
8792
8791
8788
8787
8787
8787
8786
8786
8784
8782
8780
8779
8778
8778
8777
8775
8774
8772
8771
8768
8766
8765
8762
8762
8762
8761
8761
8760
8760
8758
8758
8757
8757
8756
8754
8754
8752
8751
8751
8751
8750
8749
8749
8749
8747
8746
8745
8744
8742
8742
8741
8741
8740
8740
8740
8738
8738
8738
8738
8737
8737
8736
8735
8734
8733
8733
8733
8731
8731
8730
8729
8727
8727
8726
8724
8724
8719
8718
8716
8716
8715
8714
8714
8713
8713
8712
8712
8711
8710
8709
8709
8707
8707
8705
8705
8702
8702
8702
8700
8699
8699
8698
8697
8696
8696
8695
8694
8693
8693
8692
8691
8691
8689
8689
8687
8687
8687
8687
8685
8684
8684
8684
8683
8682
8679
8679
8679
8677
8676
8673
8673
8673
8670
8670
8670
8668
8667
8665
8665
8663
8663
8662
8662
8661
8658
8657
8657
8657
8656
8654
8651
8648
8645
8645
8642
8641
8639
8639
8638
8634
8634
8633
8633
8632
8632
8629
8629
8627
8626
8625
8624
8624
8622
8622
8621
8621
8619
8617
8616
8615
8614
8614
8612
8612
8611
8611
8611
8610
8606
8605
8603
8603
8602
8601
8600
8596
8595
8593
8592
8591
8590
8589
8588
8587
8584
8584
8584
8580
8575
8575
8574
8573
8573
8572
8572
8571
8570
8564
8564
8561
8558
8558
8556
8554
8553
8552
8551
8548
8546
8546
8545
8544
8544
8544
8544
8544
8543
8542
8541
8541
8541
8540
8540
8534
8534
8534
8534
8533
8531
8530
8530
8530
8529
8528
8527
8527
8526
8526
8525
8525
8525
8525
8524
8524
8524
8522
8522
8521
8520
8518
8517
8517
8516
8515
8512
8512
8511
8507
8503
8502
8502
8502
8500
8499
8498
8497
8497
8497
8496
8494
8493
8493
8493
8492
8492
8492
8489
8488
8485
8484
8483
8483
8483
8482
8480
8480
8480
8478
8477
8475
8471
8469
8469
8469
8468
8468
8467
8467
8467
8464
8464
8462
8462
8460
8459
8458
8456
8454
8452
8452
8451
8450
8448
8447
8446
8446
8445
8444
8444
8444
8443
8442
8441
8440
8440
8440
8439
8439
8439
8438
8438
8437
8436
8435
8434
8434
8433
8432
8431
8431
8430
8430
8429
8429
8429
8427
8427
8426
8425
8424
8424
8422
8421
8421
8420
8420
8419
8417
8416
8415
8413
8413
8412
8411
8410
8410
8408
8407
8406
8406
8405
8403
8402
8402
8400
8398
8396
8394
8394
8394
8393
8390
8390
8389
8387
8387
8385
8385
8384
8384
8384
8383
8382
8381
8381
8381
8380
8379
8377
8377
8374
8374
8374
8372
8371
8371
8370
8370
8369
8369
8368
8368
8366
8366
8364
8364
8361
8361
8359
8358
8356
8355
8352
8352
8351
8351
8350
8350
8350
8349
8349
8347
8346
8345
8343
8342
8341
8340
8340
8340
8338
8338
8337
8336
8333
8332
8331
8331
8331
8327
8326
8326
8325
8324
8323
8323
8321
8321
8321
8320
8320
8320
8317
8316
8315
8312
8312
8311
8311
8309
8308
8307
8307
8306
8306
8304
8303
8300
8297
8294
8294
8293
8293
8292
8290
8290
8289
8287
8285
8283
8282
8282
8282
8279
8277
8276
8276
8275
8274
8274
8272
8272
8271
8269
8268
8267
8267
8266
8266
8265
8264
8263
8262
8262
8261
8261
8261
8260
8259
8257
8256
8256
8253
8253
8251
8251
8251
8249
8249
8249
8248
8245
8243
8242
8242
8241
8241
8239
8239
8239
8238
8236
8236
8235
8234
8234
8232
8232
8231
8230
8229
8229
8228
8228
8227
8225
8225
8224
8222
8222
8220
8218
8218
8217
8217
8216
8216
8212
8211
8211
8210
8210
8210
8207
8206
8206
8205
8205
8202
8202
8202
8202
8201
8201
8197
8196
8195
8194
8191
8190
8187
8186
8185
8184
8184
8183
8183
8181
8181
8180
8179
8179
8176
8176
8175
8173
8173
8172
8171
8170
8170
8170
8167
8167
8164
8163
8163
8159
8156
8156
8155
8154
8148
8147
8147
8147
8145
8143
8143
8142
8141
8141
8140
8139
8137
8135
8134
8133
8132
8129
8129
8125
8125
8124
8124
8123
8122
8122
8121
8119
8116
8114
8113
8113
8112
8111
8107
8107
8107
8107
8106
8104
8104
8103
8102
8102
8101
8100
8099
8098
8098
8098
8097
8095
8094
8093
8092
8086
8085
8081
8080
8079
8079
8078
8078
8076
8075
8074
8073
8073
8071
8068
8067
8066
8066
8065
8064
8064
8064
8063
8061
8061
8061
8058
8057
8056
8056
8055
8054
8052
8052
8050
8048
8047
8045
8045
8045
8044
8043
8042
8042
8041
8041
8040
8037
8035
8034
8033
8029
8029
8028
8027
8024
8022
8022
8022
8019
8018
8017
8016
8016
8016
8015
8014
8014
8013
8013
8009
8009
8008
8007
8006
8006
8005
8005
8003
8003
8003
8003
8003
8000
8000
7999
7998
7997
7996
7995
7994
7992
7991
7990
7990
7990
7989
7987
7987
7986
7985
7985
7984
7983
7982
7982
7977
7974
7973
7973
7972
7969
7969
7966
7966
7964
7963
7962
7961
7961
7961
7960
7958
7956
7956
7955
7954
7954
7954
7954
7952
7950
7950
7949
7949
7947
7946
7946
7946
7944
7943
7943
7943
7940
7940
7940
7939
7939
7936
7936
7935
7932
7932
7929
7929
7927
7927
7925
7925
7924
7921
7920
7919
7918
7918
7917
7916
7916
7913
7912
7911
7909
7908
7908
7904
7903
7902
7902
7901
7899
7899
7899
7898
7898
7896
7896
7895
7894
7894
7893
7891
7891
7889
7889
7888
7886
7884
7884
7882
7878
7877
7876
7876
7875
7875
7874
7873
7873
7872
7872
7871
7870
7869
7868
7868
7868
7868
7868
7864
7861
7861
7860
7860
7860
7858
7857
7855
7854
7853
7853
7852
7849
7849
7848
7848
7845
7844
7842
7841
7840
7840
7839
7839
7837
7836
7834
7834
7834
7834
7833
7832
7832
7831
7830
7829
7828
7828
7828
7827
7826
7825
7825
7824
7823
7821
7821
7821
7820
7818
7817
7815
7815
7815
7813
7813
7812
7812
7810
7807
7806
7805
7805
7804
7803
7802
7800
7799
7798
7797
7796
7796
7795
7795
7794
7794
7793
7792
7792
7790
7787
7781
7780
7778
7776
7775
7775
7772
7772
7771
7771
7770
7768
7767
7767
7765
7765
7765
7765
7764
7764
7761
7761
7760
7759
7759
7758
7757
7757
7756
7753
7751
7750
7749
7747
7746
7746
7745
7743
7741
7738
7738
7736
7735
7735
7734
7732
7731
7731
7731
7729
7729
7729
7729
7727
7724
7723
7723
7723
7721
7720
7719
7719
7718
7718
7718
7717
7717
7717
7715
7715
7712
7712
7708
7708
7707
7707
7706
7706
7706
7705
7702
7702
7701
7700
7700
7699
7694
7692
7691
7691
7690
7690
7689
7689
7689
7689
7688
7688
7687
7686
7683
7683
7683
7682
7682
7681
7681
7680
7679
7679
7676
7676
7676
7674
7674
7672
7669
7668
7667
7666
7663
7661
7661
7660
7658
7658
7658
7654
7654
7652
7652
7651
7651
7650
7650
7649
7646
7645
7644
7643
7642
7642
7641
7640
7640
7638
7638
7637
7637
7636
7636
7635
7635
7635
7635
7632
7631
7631
7628
7628
7627
7627
7626
7626
7625
7625
7623
7620
7620
7620
7616
7616
7616
7615
7614
7612
7611
7610
7610
7608
7608
7608
7607
7607
7607
7606
7605
7603
7603
7601
7600
7600
7599
7597
7597
7596
7595
7595
7594
7593
7592
7592
7591
7590
7583
7581
7581
7578
7576
7575
7574
7571
7570
7569
7569
7568
7567
7567
7567
7566
7563
7563
7562
7562
7562
7561
7560
7560
7560
7559
7559
7558
7557
7555
7554
7554
7552
7551
7550
7550
7548
7548
7547
7546
7546
7546
7546
7544
7542
7541
7541
7539
7539
7538
7537
7534
7531
7529
7529
7529
7528
7527
7527
7526
7524
7524
7523
7522
7522
7521
7520
7518
7517
7517
7517
7515
7513
7511
7509
7509
7509
7509
7508
7508
7505
7504
7504
7503
7503
7503
7503
7503
7502
7502
7502
7501
7500
7498
7497
7496
7494
7494
7493
7492
7492
7491
7489
7489
7487
7484
7484
7483
7482
7482
7482
7481
7480
7479
7478
7478
7477
7477
7477
7473
7472
7470
7470
7470
7470
7470
7470
7469
7467
7466
7466
7465
7464
7461
7459
7458
7458
7454
7453
7453
7452
7451
7450
7449
7448
7446
7445
7445
7444
7443
7443
7441
7441
7440
7435
7435
7434
7433
7431
7429
7429
7428
7427
7424
7422
7421
7416
7415
7414
7414
7414
7411
7410
7410
7410
7408
7403
7403
7403
7401
7401
7400
7399
7397
7397
7397
7397
7394
7394
7393
7393
7393
7392
7390
7390
7388
7388
7387
7387
7386
7386
7386
7386
7385
7385
7385
7385
7384
7383
7383
7383
7382
7382
7381
7381
7380
7377
7376
7375
7375
7374
7374
7374
7373
7372
7371
7370
7369
7369
7367
7366
7366
7364
7364
7364
7364
7363
7362
7359
7359
7358
7357
7357
7357
7355
7355
7355
7354
7354
7353
7353
7353
7352
7352
7351
7351
7351
7348
7347
7347
7347
7347
7346
7345
7345
7343
7336
7334
7334
7334
7332
7331
7330
7329
7329
7327
7326
7326
7324
7324
7324
7323
7323
7322
7319
7319
7318
7318
7317
7316
7314
7313
7311
7310
7309
7308
7306
7305
7305
7304
7303
7303
7302
7298
7296
7295
7294
7294
7293
7291
7289
7289
7288
7288
7287
7287
7283
7283
7283
7282
7282
7280
7279
7279
7276
7275
7275
7274
7271
7269
7269
7269
7268
7268
7268
7267
7267
7266
7263
7263
7263
7262
7261
7261
7259
7258
7257
7255
7253
7253
7252
7250
7250
7250
7249
7248
7244
7243
7243
7240
7239
7238
7238
7234
7234
7233
7233
7232
7232
7232
7231
7227
7227
7226
7223
7221
7220
7219
7217
7217
7216
7215
7215
7214
7214
7214
7209
7208
7206
7206
7206
7205
7204
7203
7203
7201
7201
7200
7200
7199
7199
7199
7198
7198
7197
7192
7189
7185
7184
7183
7181
7179
7179
7176
7173
7173
7173
7169
7167
7167
7165
7165
7165
7164
7164
7163
7161
7161
7161
7158
7157
7157
7156
7153
7152
7151
7147
7146
7146
7145
7144
7136
7136
7133
7133
7132
7132
7130
7129
7127
7126
7126
7126
7125
7125
7123
7123
7123
7121
7119
7119
7118
7117
7115
7114
7113
7113
7112
7110
7110
7109
7108
7106
7104
7103
7102
7102
7102
7101
7101
7101
7101
7101
7100
7099
7098
7098
7098
7096
7096
7096
7095
7094
7093
7093
7090
7090
7089
7088
7088
7086
7086
7084
7083
7083
7080
7077
7075
7075
7072
7072
7072
7072
7070
7070
7067
7065
7065
7064
7064
7064
7063
7063
7063
7063
7062
7062
7060
7058
7058
7058
7058
7058
7054
7050
7049
7049
7047
7044
7043
7042
7042
7041
7038
7038
7037
7036
7036
7033
7032
7031
7029
7028
7027
7024
7024
7021
7021
7020
7020
7019
7018
7017
7015
7012
7011
7010
7010
7010
7010
7009
7007
7006
7005
7005
7004
7003
7003
7000
7000
6998
6998
6996
6995
6994
6994
6993
6992
6992
6992
6991
6989
6988
6988
6985
6984
6983
6983
6981
6981
6980
6980
6977
6976
6975
6975
6974
6974
6974
6972
6972
6970
6970
6968
6966
6966
6966
6965
6964
6964
6963
6962
6961
6961
6961
6960
6960
6959
6958
6956
6955
6955
6955
6949
6949
6948
6948
6947
6947
6946
6946
6943
6943
6943
6942
6940
6940
6939
6938
6938
6937
6936
6932
6930
6930
6929
6927
6927
6927
6920
6920
6920
6919
6918
6918
6916
6916
6916
6915
6915
6914
6914
6914
6912
6912
6910
6907
6905
6903
6901
6900
6899
6899
6899
6899
6895
6894
6894
6892
6892
6891
6890
6890
6889
6888
6886
6885
6885
6884
6883
6882
6882
6878
6878
6877
6876
6874
6871
6870
6869
6866
6866
6866
6864
6862
6862
6861
6861
6861
6859
6856
6856
6856
6855
6854
6853
6852
6851
6851
6850
6850
6849
6848
6848
6847
6845
6845
6840
6839
6839
6838
6838
6836
6836
6835
6834
6832
6832
6832
6832
6830
6829
6829
6828
6824
6822
6822
6821
6820
6819
6818
6817
6816
6816
6816
6814
6811
6810
6810
6808
6806
6805
6805
6805
6805
6804
6803
6801
6797
6797
6796
6796
6794
6794
6793
6792
6792
6792
6791
6787
6787
6786
6786
6786
6786
6785
6785
6784
6782
6782
6779
6776
6775
6774
6773
6772
6771
6770
6769
6768
6768
6766
6765
6764
6761
6760
6758
6757
6757
6757
6757
6756
6756
6755
6755
6754
6754
6750
6749
6748
6745
6745
6744
6743
6741
6741
6740
6740
6737
6737
6737
6736
6736
6735
6734
6731
6729
6728
6725
6725
6725
6725
6724
6724
6724
6723
6723
6720
6719
6718
6717
6717
6715
6713
6712
6712
6710
6708
6708
6707
6706
6706
6705
6705
6705
6705
6704
6704
6704
6704
6703
6702
6701
6701
6700
6699
6698
6698
6698
6698
6697
6695
6694
6693
6692
6691
6691
6691
6690
6690
6690
6690
6689
6688
6687
6686
6685
6685
6685
6685
6685
6684
6682
6682
6682
6680
6679
6679
6678
6676
6675
6674
6674
6673
6672
6672
6671
6671
6670
6670
6669
6668
6667
6665
6663
6661
6660
6660
6658
6657
6655
6655
6652
6652
6652
6651
6650
6649
6648
6648
6648
6646
6646
6645
6644
6639
6639
6637
6637
6637
6637
6635
6635
6634
6634
6633
6632
6631
6631
6629
6626
6624
6623
6622
6622
6622
6620
6619
6618
6616
6616
6616
6615
6614
6611
6611
6611
6611
6610
6610
6605
6601
6597
6596
6596
6596
6595
6595
6593
6593
6592
6592
6591
6590
6589
6589
6588
6588
6585
6585
6584
6583
6582
6581
6581
6580
6580
6579
6579
6578
6572
6572
6570
6570
6568
6567
6567
6567
6566
6566
6566
6564
6564
6564
6563
6559
6559
6557
6557
6557
6555
6555
6554
6551
6549
6549
6549
6549
6549
6549
6548
6547
6544
6543
6543
6543
6542
6542
6540
6537
6537
6536
6534
6534
6533
6533
6533
6532
6532
6531
6530
6529
6528
6526
6523
6522
6520
6518
6518
6518
6517
6517
6516
6512
6512
6512
6511
6510
6510
6507
6506
6504
6504
6503
6503
6502
6502
6501
6500
6500
6500
6499
6498
6498
6496
6495
6494
6493
6490
6488
6488
6488
6487
6487
6486
6486
6483
6483
6481
6479
6476
6475
6472
6472
6470
6469
6469
6469
6468
6468
6467
6466
6465
6462
6461
6461
6461
6460
6459
6458
6457
6455
6454
6453
6453
6453
6452
6451
6450
6450
6449
6449
6448
6448
6448
6447
6447
6447
6445
6442
6441
6441
6441
6441
6440
6439
6439
6439
6438
6438
6437
6436
6435
6434
6434
6432
6431
6430
6427
6426
6425
6424
6424
6423
6422
6421
6421
6419
6419
6419
6419
6417
6417
6417
6416
6415
6414
6412
6411
6411
6411
6409
6409
6408
6407
6407
6406
6406
6402
6402
6400
6399
6397
6396
6396
6395
6394
6393
6393
6392
6392
6392
6392
6391
6390
6389
6388
6387
6387
6387
6385
6384
6383
6383
6383
6381
6377
6375
6371
6369
6369
6367
6363
6362
6360
6359
6358
6356
6355
6355
6353
6351
6351
6351
6351
6347
6347
6346
6346
6345
6345
6344
6343
6342
6342
6342
6341
6340
6340
6339
6339
6339
6337
6337
6337
6336
6336
6335
6334
6334
6333
6332
6330
6329
6328
6328
6327
6327
6326
6324
6324
6322
6321
6321
6320
6320
6319
6317
6316
6315
6314
6314
6313
6312
6312
6311
6311
6309
6307
6307
6307
6306
6304
6303
6303
6302
6300
6299
6298
6298
6297
6296
6296
6296
6295
6295
6295
6290
6289
6289
6288
6288
6286
6284
6284
6282
6282
6281
6280
6280
6278
6277
6277
6276
6276
6274
6272
6272
6271
6270
6270
6270
6269
6267
6264
6264
6264
6262
6262
6260
6260
6259
6259
6259
6258
6257
6256
6254
6253
6252
6252
6251
6251
6249
6248
6244
6243
6242
6242
6240
6240
6240
6240
6239
6239
6239
6238
6236
6235
6235
6231
6230
6230
6228
6228
6228
6227
6226
6226
6223
6223
6222
6222
6222
6221
6221
6220
6220
6219
6218
6217
6216
6212
6212
6212
6211
6210
6209
6207
6207
6206
6205
6205
6204
6203
6203
6203
6202
6202
6202
6202
6202
6201
6201
6201
6200
6199
6199
6198
6198
6197
6196
6196
6195
6195
6194
6193
6192
6190
6190
6189
6187
6184
6183
6182
6182
6182
6181
6181
6180
6179
6177
6176
6176
6173
6173
6172
6171
6170
6170
6169
6168
6168
6167
6167
6165
6165
6164
6161
6160
6160
6160
6158
6156
6156
6155
6155
6154
6153
6153
6153
6151
6151
6148
6148
6147
6146
6146
6145
6139
6139
6136
6135
6135
6134
6134
6133
6133
6132
6131
6131
6131
6131
6128
6128
6126
6125
6125
6124
6122
6121
6120
6118
6117
6116
6115
6114
6111
6111
6111
6110
6108
6107
6107
6107
6102
6102
6102
6101
6098
6096
6096
6095
6095
6095
6094
6094
6093
6092
6091
6091
6090
6088
6087
6085
6084
6084
6083
6079
6079
6079
6077
6076
6074
6070
6067
6065
6065
6064
6063
6058
6057
6056
6056
6055
6053
6051
6050
6050
6048
6047
6045
6044
6044
6042
6042
6041
6039
6038
6037
6035
6035
6035
6035
6035
6035
6034
6034
6034
6033
6032
6030
6029
6029
6028
6027
6026
6024
6022
6022
6021
6021
6020
6020
6019
6019
6018
6018
6018
6017
6017
6013
6012
6012
6010
6009
6008
6008
6007
6006
6006
6005
6005
6004
6003
5999
5999
5999
5998
5996
5996
5995
5994
5994
5987
5987
5986
5985
5983
5982
5981
5978
5978
5976
5975
5975
5975
5975
5974
5970
5970
5969
5969
5969
5966
5966
5964
5964
5963
5963
5962
5962
5961
5961
5961
5958
5958
5957
5957
5956
5956
5955
5953
5953
5953
5951
5951
5951
5950
5949
5949
5949
5947
5946
5946
5945
5945
5943
5943
5943
5942
5942
5942
5940
5940
5940
5938
5937
5936
5936
5936
5935
5935
5935
5934
5933
5933
5933
5931
5931
5931
5929
5927
5926
5926
5923
5921
5921
5921
5918
5918
5917
5916
5915
5915
5915
5914
5912
5912
5912
5911
5910
5909
5909
5908
5908
5905
5903
5903
5903
5903
5901
5901
5900
5900
5899
5897
5897
5895
5894
5894
5894
5892
5892
5890
5890
5889
5889
5889
5888
5888
5885
5885
5885
5884
5882
5880
5879
5878
5876
5875
5874
5872
5871
5871
5871
5870
5870
5869
5868
5866
5864
5863
5863
5862
5862
5860
5858
5858
5857
5857
5857
5856
5856
5855
5854
5848
5844
5844
5843
5842
5841
5841
5838
5838
5838
5837
5834
5834
5833
5832
5831
5831
5831
5831
5830
5830
5829
5828
5828
5828
5827
5826
5825
5825
5824
5824
5824
5823
5821
5820
5820
5818
5817
5816
5816
5816
5815
5813
5811
5810
5809
5808
5807
5802
5799
5799
5799
5798
5798
5798
5797
5797
5795
5793
5793
5792
5792
5791
5789
5788
5788
5788
5787
5782
5782
5776
5774
5774
5774
5773
5769
5769
5767
5766
5766
5765
5764
5763
5762
5759
5758
5758
5758
5753
5752
5752
5751
5751
5751
5751
5750
5749
5748
5746
5742
5742
5742
5740
5740
5738
5735
5735
5734
5733
5733
5732
5731
5728
5728
5727
5726
5725
5724
5724
5722
5722
5722
5721
5721
5721
5721
5720
5719
5719
5716
5716
5715
5714
5714
5713
5711
5711
5711
5709
5708
5707
5704
5704
5702
5702
5700
5700
5700
5698
5696
5694
5694
5692
5691
5691
5690
5690
5689
5689
5688
5686
5685
5684
5683
5682
5682
5681
5680
5679
5679
5678
5676
5675
5674
5674
5671
5668
5667
5664
5664
5663
5663
5661
5660
5660
5660
5660
5660
5659
5659
5657
5657
5657
5657
5657
5655
5655
5654
5651
5651
5650
5649
5648
5648
5645
5645
5645
5643
5641
5640
5637
5636
5635
5634
5632
5631
5631
5631
5631
5630
5630
5627
5626
5625
5625
5624
5623
5621
5618
5617
5616
5614
5614
5613
5612
5612
5609
5609
5608
5608
5608
5608
5607
5607
5606
5606
5605
5604
5603
5602
5595
5595
5594
5594
5594
5593
5593
5592
5590
5588
5587
5585
5585
5581
5578
5578
5576
5576
5576
5574
5574
5572
5571
5570
5570
5569
5568
5566
5565
5564
5563
5562
5559
5558
5558
5557
5555
5554
5554
5554
5553
5553
5552
5551
5550
5547
5544
5544
5543
5543
5543
5542
5541
5541
5541
5539
5537
5536
5535
5534
5533
5530
5528
5527
5527
5525
5524
5524
5520
5519
5518
5517
5516
5516
5516
5515
5514
5514
5514
5512
5512
5511
5511
5509
5509
5506
5506
5504
5501
5501
5500
5500
5499
5499
5499
5498
5498
5498
5496
5495
5493
5492
5491
5491
5488
5487
5485
5483
5483
5482
5480
5480
5479
5479
5478
5478
5477
5476
5476
5474
5471
5470
5470
5469
5469
5469
5466
5465
5463
5463
5462
5461
5460
5459
5457
5453
5453
5452
5452
5451
5449
5448
5447
5447
5445
5443
5439
5438
5437
5437
5436
5435
5435
5431
5430
5429
5428
5427
5427
5427
5424
5423
5423
5422
5421
5420
5419
5418
5418
5418
5415
5415
5415
5413
5413
5413
5412
5411
5411
5409
5407
5407
5406
5405
5405
5404
5404
5404
5404
5403
5403
5402
5402
5402
5402
5398
5397
5397
5394
5392
5392
5391
5391
5391
5390
5390
5390
5388
5387
5387
5386
5384
5384
5383
5382
5382
5382
5381
5379
5378
5378
5376
5376
5376
5375
5375
5373
5373
5371
5369
5369
5369
5369
5368
5366
5366
5366
5366
5365
5365
5363
5361
5360
5360
5360
5359
5358
5356
5354
5354
5353
5353
5352
5351
5351
5351
5349
5348
5347
5347
5347
5344
5343
5342
5339
5338
5338
5337
5337
5336
5335
5334
5334
5330
5330
5328
5327
5326
5326
5325
5325
5324
5323
5323
5322
5321
5321
5320
5320
5318
5318
5317
5316
5316
5313
5312
5312
5312
5309
5308
5306
5306
5305
5305
5305
5303
5303
5303
5303
5302
5302
5300
5300
5298
5296
5296
5296
5295
5293
5292
5292
5290
5288
5286
5285
5285
5284
5284
5283
5282
5282
5281
5281
5281
5280
5280
5280
5280
5279
5278
5278
5277
5276
5276
5275
5274
5274
5274
5272
5270
5270
5270
5269
5269
5268
5268
5266
5266
5265
5265
5265
5264
5263
5262
5262
5262
5261
5259
5258
5258
5257
5255
5255
5254
5253
5253
5252
5251
5251
5250
5250
5250
5249
5248
5248
5248
5244
5242
5241
5241
5241
5240
5238
5238
5236
5235
5235
5233
5232
5230
5229
5224
5223
5222
5222
5220
5218
5214
5212
5212
5210
5209
5208
5205
5205
5205
5204
5203
5202
5200
5199
5198
5197
5197
5197
5195
5195
5195
5190
5190
5190
5189
5189
5188
5188
5188
5187
5187
5187
5184
5184
5184
5184
5183
5180
5180
5180
5179
5179
5179
5178
5178
5177
5177
5176
5175
5174
5173
5173
5171
5168
5168
5166
5165
5165
5165
5164
5162
5160
5159
5158
5158
5158
5156
5155
5154
5154
5153
5152
5152
5150
5149
5147
5147
5145
5144
5142
5142
5141
5141
5140
5140
5139
5138
5138
5136
5135
5135
5132
5131
5131
5129
5128
5127
5126
5125
5123
5122
5120
5119
5117
5117
5116
5115
5114
5114
5113
5112
5111
5110
5107
5106
5106
5104
5103
5100
5099
5099
5097
5093
5092
5092
5090
5088
5088
5087
5086
5086
5085
5084
5082
5081
5080
5080
5079
5078
5078
5077
5077
5077
5076
5075
5075
5074
5073
5072
5072
5071
5071
5070
5070
5069
5069
5067
5064
5064
5063
5061
5060
5059
5058
5056
5055
5054
5053
5050
5048
5046
5046
5045
5043
5043
5042
5041
5039
5038
5038
5037
5036
5036
5036
5035
5035
5034
5032
5029
5029
5029
5027
5027
5027
5027
5027
5026
5024
5021
5020
5020
5018
5014
5012
5009
5009
5008
5007
5006
5005
5005
5004
5002
5001
5001
4999
4997
4996
4995
4994
4994
4992
4992
4991
4988
4985
4985
4983
4983
4982
4982
4981
4979
4979
4978
4977
4973
4971
4971
4970
4968
4967
4967
4967
4967
4966
4964
4963
4963
4963
4962
4954
4953
4949
4948
4947
4946
4946
4945
4944
4943
4943
4942
4942
4941
4941
4941
4940
4940
4939
4939
4938
4938
4937
4936
4936
4933
4933
4933
4932
4928
4928
4926
4925
4925
4924
4923
4922
4921
4921
4920
4919
4918
4917
4916
4916
4916
4915
4914
4911
4911
4908
4908
4907
4905
4904
4904
4903
4903
4902
4901
4900
4900
4899
4899
4897
4897
4896
4894
4893
4892
4892
4890
4889
4888
4887
4887
4886
4883
4883
4882
4881
4880
4878
4877
4875
4875
4875
4875
4874
4872
4872
4872
4871
4870
4870
4869
4865
4865
4865
4862
4861
4861
4861
4860
4860
4859
4858
4856
4856
4854
4854
4853
4853
4851
4848
4848
4848
4847
4847
4847
4847
4846
4845
4845
4842
4839
4839
4838
4837
4836
4836
4836
4836
4835
4835
4834
4831
4831
4830
4829
4828
4828
4828
4827
4826
4825
4824
4822
4820
4819
4817
4817
4817
4816
4815
4813
4812
4807
4806
4806
4804
4803
4803
4803
4802
4802
4802
4801
4801
4798
4794
4792
4790
4789
4786
4785
4785
4785
4783
4783
4781
4781
4781
4780
4778
4778
4777
4777
4776
4776
4775
4774
4772
4772
4772
4772
4771
4771
4767
4766
4766
4766
4766
4765
4760
4759
4758
4758
4758
4757
4757
4755
4755
4755
4754
4754
4750
4749
4748
4747
4746
4746
4746
4745
4744
4744
4744
4743
4741
4741
4740
4735
4733
4732
4731
4731
4730
4728
4727
4725
4724
4724
4723
4723
4723
4722
4722
4721
4721
4717
4717
4717
4716
4715
4714
4713
4713
4713
4713
4712
4711
4710
4710
4707
4705
4703
4703
4701
4701
4700
4699
4698
4694
4694
4693
4693
4692
4692
4691
4689
4688
4687
4687
4686
4686
4684
4684
4682
4682
4682
4682
4680
4677
4676
4675
4675
4673
4672
4671
4670
4667
4667
4666
4664
4664
4663
4662
4661
4658
4653
4653
4651
4649
4647
4644
4644
4642
4641
4638
4637
4637
4636
4635
4635
4634
4634
4633
4631
4631
4631
4631
4630
4627
4627
4625
4624
4623
4622
4622
4618
4618
4616
4616
4614
4613
4612
4612
4609
4609
4606
4606
4604
4603
4601
4599
4597
4596
4595
4595
4595
4595
4594
4593
4590
4590
4590
4588
4588
4587
4586
4586
4586
4586
4585
4584
4583
4583
4582
4582
4582
4582
4581
4581
4581
4581
4579
4577
4572
4572
4570
4570
4570
4567
4566
4565
4565
4563
4562
4562
4559
4558
4558
4557
4556
4556
4555
4555
4551
4549
4549
4549
4548
4547
4545
4545
4545
4545
4545
4544
4544
4542
4542
4541
4540
4540
4539
4538
4538
4537
4537
4536
4535
4535
4535
4534
4534
4533
4529
4528
4527
4526
4526
4525
4525
4524
4524
4523
4522
4522
4521
4521
4519
4516
4515
4513
4511
4510
4509
4508
4508
4507
4507
4505
4502
4501
4499
4499
4496
4496
4495
4495
4494
4493
4492
4492
4492
4491
4490
4488
4488
4487
4486
4484
4483
4482
4481
4481
4480
4480
4478
4477
4476
4475
4473
4473
4472
4471
4470
4470
4469
4468
4468
4467
4467
4466
4464
4460
4460
4458
4457
4456
4456
4454
4454
4452
4452
4450
4449
4449
4447
4447
4445
4444
4443
4443
4439
4439
4439
4439
4438
4438
4437
4436
4435
4435
4434
4434
4430
4427
4423
4423
4423
4421
4419
4419
4419
4418
4417
4417
4416
4416
4414
4413
4412
4412
4410
4410
4409
4408
4407
4403
4399
4398
4398
4397
4397
4396
4396
4394
4394
4393
4392
4392
4392
4391
4390
4390
4388
4387
4387
4386
4386
4386
4386
4386
4385
4383
4383
4382
4382
4382
4381
4381
4378
4377
4375
4374
4374
4373
4373
4373
4372
4371
4371
4370
4369
4367
4367
4367
4364
4364
4364
4363
4362
4361
4360
4358
4355
4355
4353
4352
4352
4351
4351
4351
4351
4350
4349
4347
4346
4345
4345
4344
4344
4342
4342
4339
4339
4339
4338
4337
4337
4336
4335
4335
4334
4333
4331
4330
4330
4329
4329
4328
4327
4327
4327
4326
4326
4324
4323
4322
4321
4320
4319
4319
4319
4319
4317
4317
4316
4316
4313
4312
4312
4310
4310
4310
4308
4308
4305
4304
4304
4302
4301
4300
4300
4299
4296
4295
4294
4289
4289
4287
4287
4286
4285
4284
4283
4282
4281
4281
4281
4280
4279
4279
4278
4277
4277
4276
4273
4273
4272
4267
4267
4266
4264
4262
4262
4260
4260
4259
4258
4257
4256
4255
4254
4254
4253
4251
4250
4249
4249
4248
4247
4247
4247
4246
4246
4245
4244
4242
4242
4241
4240
4240
4239
4238
4237
4234
4233
4233
4233
4232
4231
4230
4229
4226
4226
4221
4220
4219
4218
4215
4215
4215
4214
4214
4213
4212
4211
4210
4209
4209
4209
4209
4208
4207
4207
4206
4202
4201
4200
4199
4198
4198
4197
4194
4192
4191
4190
4189
4187
4187
4186
4186
4185
4184
4184
4184
4181
4180
4178
4178
4178
4178
4177
4175
4175
4173
4173
4172
4172
4169
4168
4167
4166
4165
4163
4162
4161
4161
4159
4158
4156
4156
4156
4156
4154
4153
4153
4148
4148
4145
4141
4141
4140
4139
4139
4138
4138
4137
4137
4135
4135
4133
4129
4127
4126
4124
4123
4123
4123
4123
4121
4120
4120
4120
4116
4115
4114
4111
4111
4111
4110
4109
4109
4106
4106
4105
4103
4103
4103
4102
4102
4100
4098
4096
4095
4093
4093
4093
4092
4092
4089
4086
4085
4082
4081
4079
4077
4073
4072
4070
4070
4070
4069
4068
4068
4066
4063
4062
4060
4060
4059
4059
4059
4056
4055
4055
4054
4052
4052
4050
4048
4047
4046
4046
4045
4045
4043
4043
4042
4041
4041
4039
4038
4037
4036
4036
4033
4032
4032
4032
4031
4030
4030
4028
4026
4025
4024
4023
4023
4020
4019
4017
4016
4016
4014
4013
4013
4012
4011
4011
4010
4009
4008
4007
4004
4003
4002
4001
4000
4000
3998
3998
3998
3998
3997
3996
3995
3995
3993
3992
3990
3989
3988
3988
3988
3987
3985
3985
3985
3985
3984
3984
3983
3981
3980
3979
3979
3978
3978
3976
3970
3969
3969
3967
3966
3965
3964
3963
3962
3961
3961
3957
3953
3953
3950
3948
3947
3946
3945
3943
3941
3941
3940
3939
3938
3938
3938
3937
3937
3937
3935
3932
3932
3931
3930
3930
3929
3928
3927
3926
3926
3926
3925
3923
3921
3920
3920
3919
3918
3917
3917
3917
3916
3915
3915
3915
3914
3912
3910
3908
3908
3907
3906
3905
3905
3904
3903
3903
3900
3897
3896
3895
3895
3895
3894
3894
3894
3893
3892
3892
3890
3889
3888
3888
3887
3887
3887
3886
3886
3885
3883
3883
3882
3880
3880
3879
3878
3878
3875
3873
3873
3872
3871
3871
3870
3870
3869
3868
3868
3867
3867
3866
3866
3863
3861
3861
3861
3861
3859
3855
3853
3851
3851
3848
3848
3846
3845
3845
3843
3843
3841
3840
3839
3833
3833
3830
3827
3827
3827
3822
3820
3820
3818
3818
3818
3815
3813
3813
3812
3811
3810
3808
3808
3808
3807
3805
3805
3803
3802
3801
3800
3799
3796
3793
3793
3792
3792
3790
3790
3787
3787
3785
3785
3784
3784
3783
3782
3780
3779
3777
3775
3774
3773
3772
3772
3770
3770
3770
3768
3767
3767
3767
3767
3766
3766
3765
3764
3764
3762
3762
3761
3761
3757
3756
3755
3754
3753
3752
3751
3749
3748
3748
3746
3746
3746
3740
3740
3739
3738
3737
3737
3735
3734
3734
3734
3733
3733
3733
3731
3730
3729
3729
3729
3726
3726
3725
3724
3721
3721
3718
3716
3716
3715
3710
3707
3706
3705
3703
3703
3702
3699
3698
3696
3696
3696
3694
3694
3692
3690
3689
3689
3687
3687
3686
3685
3683
3682
3681
3676
3675
3675
3675
3673
3673
3672
3672
3672
3670
3668
3666
3666
3666
3664
3663
3662
3662
3660
3660
3659
3657
3657
3656
3655
3654
3653
3653
3651
3651
3651
3650
3649
3647
3645
3645
3644
3644
3642
3642
3642
3641
3640
3640
3639
3639
3639
3638
3638
3637
3635
3635
3634
3633
3632
3628
3628
3626
3624
3624
3623
3622
3620
3618
3618
3618
3617
3617
3617
3616
3616
3615
3615
3615
3614
3613
3611
3608
3607
3607
3606
3605
3604
3604
3604
3603
3602
3600
3600
3599
3599
3598
3597
3597
3596
3595
3595
3595
3594
3593
3592
3592
3592
3591
3591
3589
3588
3588
3585
3585
3584
3584
3583
3582
3581
3581
3580
3580
3580
3579
3578
3578
3577
3577
3577
3576
3576
3575
3575
3575
3575
3574
3573
3573
3572
3572
3571
3568
3568
3568
3567
3566
3565
3565
3564
3563
3562
3562
3561
3561
3560
3559
3559
3557
3556
3556
3555
3551
3551
3551
3550
3550
3549
3549
3547
3547
3547
3546
3545
3545
3540
3540
3538
3537
3537
3535
3534
3533
3533
3532
3532
3532
3532
3531
3531
3529
3527
3523
3522
3522
3520
3519
3517
3515
3515
3514
3514
3513
3512
3510
3507
3506
3506
3504
3503
3501
3500
3497
3496
3496
3496
3493
3493
3491
3491
3489
3489
3488
3487
3486
3484
3482
3482
3480
3480
3479
3478
3477
3477
3476
3475
3474
3474
3474
3472
3472
3470
3470
3468
3467
3467
3467
3466
3466
3464
3462
3462
3462
3462
3460
3460
3459
3458
3457
3456
3455
3454
3454
3453
3453
3453
3450
3448
3447
3447
3444
3443
3442
3440
3436
3434
3433
3432
3432
3432
3431
3430
3429
3428
3427
3425
3425
3424
3423
3423
3422
3421
3419
3419
3418
3417
3416
3415
3414
3414
3414
3412
3410
3407
3406
3406
3405
3405
3404
3403
3402
3401
3398
3397
3396
3396
3396
3395
3395
3394
3394
3394
3393
3391
3391
3390
3388
3388
3388
3386
3386
3384
3382
3382
3381
3381
3381
3380
3378
3378
3377
3374
3373
3372
3370
3369
3369
3369
3369
3367
3367
3366
3365
3365
3364
3363
3360
3360
3358
3358
3358
3357
3355
3355
3354
3354
3353
3352
3351
3350
3350
3350
3346
3346
3346
3345
3345
3345
3345
3344
3344
3343
3343
3342
3342
3339
3338
3338
3338
3337
3336
3336
3335
3334
3333
3332
3330
3329
3329
3328
3328
3327
3327
3326
3326
3325
3325
3324
3323
3322
3321
3319
3318
3318
3317
3315
3312
3312
3311
3311
3311
3308
3307
3306
3305
3305
3304
3304
3304
3304
3303
3302
3302
3302
3300
3298
3297
3296
3295
3293
3292
3292
3292
3291
3291
3291
3290
3288
3286
3285
3285
3284
3284
3284
3284
3281
3281
3280
3278
3277
3276
3274
3272
3272
3272
3271
3271
3270
3270
3269
3269
3264
3263
3263
3261
3258
3258
3258
3258
3257
3257
3254
3254
3253
3253
3250
3249
3248
3247
3246
3244
3244
3243
3243
3242
3242
3241
3240
3239
3239
3238
3235
3235
3235
3235
3232
3231
3231
3230
3229
3228
3227
3227
3225
3222
3221
3218
3218
3218
3217
3214
3213
3211
3209
3209
3208
3208
3207
3205
3205
3204
3203
3202
3202
3201
3199
3198
3196
3196
3194
3193
3193
3193
3192
3192
3191
3191
3191
3189
3187
3184
3181
3181
3180
3180
3180
3179
3179
3178
3178
3176
3174
3173
3172
3172
3172
3170
3170
3168
3168
3168
3166
3164
3162
3162
3161
3161
3161
3161
3160
3157
3157
3156
3156
3155
3154
3154
3154
3152
3152
3152
3152
3151
3149
3147
3147
3146
3146
3145
3144
3144
3144
3143
3143
3142
3142
3140
3139
3138
3137
3136
3134
3133
3131
3131
3131
3129
3129
3127
3126
3124
3121
3119
3118
3116
3116
3107
3105
3105
3104
3103
3103
3103
3102
3101
3101
3100
3099
3095
3095
3095
3094
3093
3088
3087
3087
3087
3086
3084
3083
3083
3082
3081
3081
3080
3079
3078
3077
3077
3077
3077
3076
3076
3075
3073
3073
3072
3070
3068
3067
3066
3066
3065
3063
3061
3060
3060
3058
3056
3055
3055
3055
3052
3052
3052
3051
3050
3045
3045
3044
3044
3043
3043
3038
3038
3036
3036
3035
3035
3034
3034
3033
3033
3032
3032
3029
3029
3028
3026
3024
3022
3021
3021
3020
3020
3020
3019
3018
3016
3016
3014
3011
3010
3010
3008
3008
3007
3003
3002
3002
3001
3000
3000
3000
3000
2998
2998
2997
2997
2995
2994
2994
2993
2990
2990
2986
2983
2983
2980
2980
2980
2980
2979
2977
2976
2974
2974
2973
2972
2972
2971
2969
2968
2967
2966
2966
2964
2963
2963
2962
2960
2960
2959
2959
2959
2959
2958
2955
2952
2951
2950
2950
2950
2949
2948
2947
2947
2945
2944
2944
2942
2942
2941
2940
2939
2939
2937
2937
2935
2934
2934
2932
2932
2930
2930
2928
2928
2928
2927
2926
2924
2924
2922
2919
2918
2918
2918
2917
2917
2916
2915
2914
2914
2913
2912
2910
2910
2910
2907
2907
2906
2906
2905
2903
2898
2896
2895
2895
2894
2892
2892
2890
2888
2887
2886
2886
2882
2881
2881
2880
2880
2879
2879
2878
2878
2878
2876
2875
2874
2874
2874
2873
2872
2872
2872
2872
2871
2871
2869
2869
2867
2867
2866
2866
2865
2865
2863
2862
2860
2859
2857
2857
2856
2856
2852
2852
2851
2850
2850
2848
2848
2847
2847
2844
2839
2838
2838
2838
2836
2832
2831
2831
2828
2827
2826
2826
2825
2822
2822
2821
2821
2820
2819
2818
2816
2815
2813
2811
2810
2810
2809
2809
2808
2808
2807
2807
2806
2805
2805
2805
2803
2800
2800
2798
2798
2797
2796
2794
2794
2793
2792
2792
2791
2790
2789
2787
2787
2787
2785
2784
2784
2784
2782
2781
2777
2777
2776
2775
2775
2774
2771
2766
2763
2763
2761
2760
2759
2759
2751
2751
2750
2749
2747
2745
2742
2741
2741
2740
2738
2738
2737
2736
2735
2735
2735
2733
2732
2732
2724
2724
2721
2720
2719
2719
2718
2718
2716
2716
2715
2715
2715
2714
2713
2713
2712
2712
2712
2709
2708
2707
2707
2705
2705
2704
2703
2702
2702
2699
2699
2699
2699
2697
2697
2695
2693
2693
2693
2693
2692
2691
2690
2688
2688
2688
2686
2685
2684
2683
2682
2682
2681
2681
2680
2674
2673
2672
2671
2670
2669
2668
2667
2665
2664
2664
2663
2661
2661
2661
2661
2659
2658
2656
2656
2655
2654
2654
2652
2652
2651
2651
2649
2649
2648
2648
2647
2646
2645
2645
2642
2640
2640
2639
2638
2638
2637
2637
2635
2634
2634
2629
2629
2628
2628
2628
2627
2627
2626
2626
2625
2624
2624
2622
2620
2619
2619
2618
2617
2616
2615
2614
2614
2613
2613
2611
2611
2611
2609
2609
2599
2590
2590
2589
2589
2588
2588
2588
2587
2584
2581
2578
2577
2577
2576
2576
2574
2571
2570
2568
2567
2567
2566
2565
2564
2563
2562
2560
2559
2559
2558
2557
2557
2556
2554
2553
2553
2552
2552
2551
2551
2549
2548
2547
2547
2547
2546
2544
2543
2542
2542
2542
2542
2540
2540
2540
2539
2539
2538
2538
2537
2536
2536
2535
2531
2531
2531
2528
2528
2527
2527
2522
2521
2520
2519
2517
2517
2516
2516
2514
2513
2513
2512
2511
2511
2510
2509
2508
2507
2507
2506
2506
2504
2504
2503
2502
2501
2500
2499
2499
2497
2496
2495
2494
2493
2491
2490
2489
2485
2485
2485
2483
2480
2480
2478
2478
2478
2477
2477
2476
2475
2475
2474
2474
2472
2472
2471
2470
2470
2468
2465
2465
2464
2464
2463
2461
2460
2459
2458
2458
2457
2455
2455
2454
2452
2452
2452
2452
2451
2451
2447
2447
2445
2444
2443
2443
2442
2442
2440
2440
2439
2437
2437
2437
2436
2435
2434
2434
2434
2434
2433
2433
2432
2431
2426
2424
2424
2423
2423
2423
2423
2423
2421
2417
2416
2415
2415
2415
2413
2408
2408
2403
2402
2400
2400
2400
2393
2393
2393
2392
2391
2390
2389
2388
2386
2386
2385
2384
2384
2383
2383
2379
2376
2373
2372
2372
2371
2369
2368
2366
2366
2365
2364
2362
2361
2361
2361
2361
2358
2357
2356
2355
2355
2353
2353
2352
2352
2351
2351
2350
2349
2347
2347
2346
2345
2345
2345
2345
2345
2344
2343
2342
2342
2341
2341
2341
2340
2339
2337
2336
2334
2333
2333
2333
2329
2328
2327
2327
2326
2325
2324
2324
2323
2321
2320
2320
2317
2316
2316
2316
2316
2315
2314
2313
2312
2312
2312
2310
2309
2306
2306
2304
2304
2303
2303
2302
2302
2301
2301
2300
2300
2297
2297
2295
2294
2293
2293
2293
2292
2290
2288
2287
2286
2285
2283
2281
2279
2278
2276
2274
2274
2272
2271
2268
2267
2262
2262
2261
2260
2259
2259
2258
2257
2256
2256
2253
2251
2249
2249
2249
2248
2247
2246
2246
2245
2243
2242
2241
2240
2240
2238
2236
2235
2235
2235
2234
2234
2233
2232
2232
2229
2229
2229
2229
2228
2226
2219
2219
2218
2217
2216
2216
2213
2211
2210
2210
2209
2209
2208
2208
2207
2206
2204
2202
2202
2202
2200
2199
2198
2197
2196
2196
2194
2189
2188
2185
2184
2184
2184
2182
2182
2181
2181
2181
2181
2180
2177
2175
2172
2171
2171
2166
2165
2163
2163
2159
2158
2157
2157
2156
2155
2153
2152
2152
2150
2149
2148
2147
2146
2145
2145
2142
2142
2142
2142
2141
2141
2141
2140
2137
2132
2127
2125
2124
2121
2119
2118
2118
2116
2109
2107
2106
2106
2105
2104
2104
2103
2102
2102
2101
2101
2099
2099
2099
2097
2097
2093
2092
2089
2089
2087
2086
2085
2084
2083
2083
2082
2081
2080
2079
2078
2077
2077
2076
2076
2076
2074
2073
2072
2070
2068
2068
2067
2067
2066
2066
2063
2063
2063
2061
2061
2060
2057
2055
2053
2052
2049
2048
2047
2046
2045
2044
2044
2043
2038
2037
2036
2035
2034
2033
2028
2028
2027
2024
2024
2022
2022
2022
2022
2020
2019
2018
2017
2014
2014
2013
2012
2011
2011
2011
2011
2010
2009
2009
2008
2007
2006
2005
2004
2003
2003
2002
2002
2002
2002
1999
1998
1998
1994
1992
1991
1991
1985
1982
1981
1981
1979
1979
1976
1976
1975
1972
1971
1971
1971
1970
1969
1967
1966
1966
1962
1962
1960
1960
1959
1959
1959
1958
1953
1953
1952
1951
1950
1949
1949
1949
1948
1947
1945
1944
1944
1943
1943
1943
1940
1938
1936
1935
1933
1933
1932
1932
1932
1931
1931
1931
1930
1930
1929
1929
1929
1928
1928
1925
1923
1923
1922
1921
1918
1917
1916
1916
1915
1915
1914
1914
1913
1912
1911
1911
1909
1907
1906
1905
1905
1903
1903
1903
1903
1900
1899
1898
1897
1897
1897
1896
1895
1895
1894
1893
1892
1892
1890
1889
1888
1886
1885
1883
1883
1883
1883
1882
1880
1879
1874
1873
1871
1870
1869
1868
1868
1868
1867
1867
1866
1866
1865
1865
1863
1863
1860
1859
1858
1856
1855
1854
1853
1851
1847
1847
1845
1845
1843
1842
1841
1840
1840
1840
1840
1838
1838
1838
1835
1835
1834
1834
1833
1832
1832
1831
1831
1829
1829
1829
1826
1826
1826
1825
1825
1825
1823
1822
1820
1819
1818
1816
1816
1815
1813
1812
1809
1809
1806
1805
1803
1801
1801
1800
1800
1800
1798
1797
1794
1793
1793
1791
1791
1789
1788
1787
1787
1786
1786
1786
1785
1783
1783
1782
1781
1780
1779
1778
1777
1777
1775
1774
1774
1773
1771
1770
1769
1768
1768
1768
1766
1766
1765
1765
1764
1764
1762
1760
1760
1760
1759
1757
1756
1756
1755
1755
1754
1749
1747
1746
1745
1745
1743
1742
1742
1742
1741
1739
1739
1738
1737
1736
1734
1733
1732
1731
1731
1731
1731
1730
1729
1729
1727
1727
1727
1725
1724
1724
1722
1722
1721
1720
1718
1717
1717
1716
1715
1715
1714
1714
1714
1714
1713
1712
1710
1709
1706
1706
1706
1704
1704
1702
1702
1702
1702
1701
1701
1699
1699
1695
1695
1694
1693
1693
1690
1687
1687
1687
1687
1686
1686
1683
1680
1680
1679
1678
1678
1678
1678
1677
1677
1672
1672
1671
1669
1669
1668
1668
1667
1666
1666
1665
1663
1663
1661
1661
1661
1659
1659
1657
1657
1655
1655
1655
1652
1652
1651
1649
1649
1648
1647
1646
1644
1644
1643
1643
1642
1642
1640
1639
1635
1635
1635
1635
1634
1633
1627
1627
1627
1626
1626
1626
1625
1625
1624
1623
1623
1623
1622
1620
1618
1618
1617
1616
1616
1614
1614
1613
1613
1611
1608
1607
1606
1605
1605
1602
1602
1601
1598
1597
1596
1595
1595
1594
1594
1592
1591
1590
1587
1587
1586
1586
1586
1585
1584
1584
1582
1582
1581
1579
1579
1578
1575
1574
1571
1571
1568
1567
1565
1564
1563
1563
1562
1561
1559
1559
1557
1556
1556
1556
1554
1554
1553
1551
1551
1548
1548
1546
1546
1546
1545
1544
1543
1543
1541
1540
1539
1539
1535
1535
1535
1534
1532
1531
1531
1530
1529
1528
1527
1527
1527
1525
1525
1523
1523
1523
1521
1519
1519
1517
1516
1515
1514
1513
1512
1511
1510
1510
1509
1509
1507
1501
1501
1501
1499
1498
1498
1498
1497
1495
1494
1494
1494
1492
1492
1491
1489
1489
1487
1485
1484
1484
1483
1482
1480
1480
1479
1479
1477
1477
1477
1475
1474
1473
1472
1471
1468
1468
1468
1467
1467
1466
1466
1462
1461
1461
1460
1457
1457
1456
1456
1455
1455
1454
1451
1451
1450
1450
1450
1450
1449
1448
1448
1447
1445
1442
1441
1439
1439
1438
1438
1436
1435
1435
1430
1430
1428
1428
1427
1426
1423
1422
1422
1421
1420
1420
1419
1419
1417
1416
1416
1414
1414
1413
1410
1408
1404
1402
1401
1401
1400
1399
1399
1398
1396
1395
1392
1392
1391
1390
1390
1388
1386
1385
1385
1384
1382
1382
1382
1381
1380
1379
1377
1376
1376
1374
1372
1372
1371
1371
1371
1368
1368
1367
1367
1367
1367
1365
1365
1364
1364
1363
1356
1355
1354
1354
1353
1353
1353
1352
1351
1350
1348
1347
1345
1344
1342
1338
1337
1336
1336
1335
1334
1334
1332
1329
1329
1328
1325
1325
1324
1324
1323
1323
1321
1321
1320
1320
1319
1315
1313
1311
1310
1310
1309
1306
1306
1303
1303
1303
1303
1302
1301
1301
1301
1300
1300
1294
1293
1293
1292
1291
1291
1290
1288
1287
1287
1285
1284
1284
1283
1282
1280
1278
1278
1274
1274
1270
1270
1269
1264
1263
1262
1262
1262
1262
1262
1260
1260
1258
1258
1256
1253
1253
1251
1250
1249
1248
1248
1245
1245
1245
1241
1241
1241
1239
1239
1238
1236
1236
1233
1233
1232
1232
1229
1227
1226
1226
1225
1225
1225
1221
1219
1218
1217
1216
1216
1214
1213
1212
1211
1211
1211
1210
1209
1207
1207
1206
1203
1202
1201
1200
1196
1196
1195
1195
1195
1195
1193
1192
1190
1189
1188
1188
1187
1184
1184
1182
1182
1181
1179
1178
1177
1176
1175
1175
1174
1173
1173
1172
1170
1169
1166
1164
1164
1164
1162
1162
1159
1159
1158
1158
1157
1157
1156
1156
1155
1154
1153
1152
1152
1150
1150
1150
1149
1148
1148
1147
1146
1146
1145
1145
1144
1144
1143
1142
1141
1138
1137
1136
1132
1132
1131
1129
1129
1127
1127
1127
1125
1125
1125
1122
1121
1121
1120
1119
1119
1119
1116
1114
1113
1113
1112
1112
1110
1109
1109
1109
1108
1106
1106
1106
1105
1104
1104
1102
1101
1100
1099
1099
1098
1098
1095
1095
1094
1093
1093
1092
1091
1089
1088
1087
1086
1085
1084
1082
1082
1082
1080
1080
1079
1078
1078
1077
1077
1076
1075
1074
1074
1073
1071
1070
1069
1065
1064
1063
1063
1062
1062
1059
1059
1058
1057
1057
1053
1053
1053
1051
1050
1049
1049
1047
1047
1046
1046
1044
1044
1043
1041
1037
1034
1033
1033
1031
1029
1029
1027
1027
1026
1025
1020
1018
1018
1017
1017
1015
1015
1015
1013
1013
1012
1011
1011
1011
1008
1007
1007
1006
1004
1004
1004
1004
1004
1003
1003
1002
1002
1001
1000
999
999
999
997
997
996
996
995
993
993
991
991
991
986
985
984
983
983
983
982
980
980
979
979
979
978
974
974
973
973
971
969
968
968
967
965
965
964
964
962
960
960
959
958
955
955
954
954
954
953
953
953
952
951
951
951
951
951
950
949
948
947
947
947
946
945
944
944
943
943
942
942
942
941
941
941
940
940
939
937
937
935
935
934
932
932
930
929
929
928
925
924
922
922
922
922
921
921
920
919
919
919
918
917
917
916
915
915
911
911
910
909
909
908
905
905
904
903
902
902
896
896
894
892
890
890
888
888
888
888
887
883
882
882
881
881
880
879
877
877
877
875
874
872
871
871
870
869
868
866
865
865
863
862
861
861
859
858
857
856
855
855
855
853
852
851
850
850
849
848
847
844
841
840
839
839
837
836
835
834
832
831
830
828
827
827
827
826
825
825
825
825
824
824
824
821
820
820
819
818
818
818
817
815
812
810
810
810
809
809
806
804
802
802
802
802
800
800
798
797
797
796
795
792
789
785
785
785
784
782
777
776
775
773
769
768
767
767
767
766
766
766
763
763
763
760
758
757
757
756
756
754
754
753
748
748
747
744
744
743
743
742
742
742
739
737
737
735
733
733
733
732
730
730
728
728
726
725
724
724
723
722
721
721
717
717
714
714
713
712
711
710
708
708
707
707
706
705
704
704
704
701
698
697
697
697
697
697
697
695
692
692
690
689
689
689
688
688
683
682
682
680
678
678
677
677
676
676
673
673
669
669
667
667
666
664
664
662
660
660
658
657
655
654
654
653
653
651
650
648
647
646
645
645
644
644
644
642
640
639
639
638
637
636
636
635
634
633
631
629
628
628
626
625
624
623
616
616
615
615
613
611
608
607
606
606
605
601
600
599
599
599
597
596
594
592
591
591
590
589
588
587
587
586
583
581
581
580
579
578
578
578
574
573
573
573
572
572
567
566
564
564
560
559
558
558
558
555
553
552
549
547
546
546
545
544
543
540
540
539
538
538
536
535
531
531
530
528
526
526
525
525
524
523
523
520
520
518
518
518
515
514
512
512
512
510
508
507
507
504
504
503
503
502
502
501
500
498
497
495
494
493
493
492
491
490
490
487
487
484
484
482
482
482
479
477
475
474
474
473
472
470
469
469
467
466
466
464
464
463
462
460
460
460
460
457
457
455
454
453
452
452
451
451
449
448
447
446
446
445
445
444
443
443
442
442
441
440
439
438
437
437
435
433
433
432
432
431
429
428
428
427
426
425
424
422
422
421
420
419
419
417
417
416
416
416
413
413
412
412
411
409
408
408
404
404
403
402
402
402
396
394
394
393
392
392
391
389
389
387
386
386
386
385
384
382
382
381
378
377
377
375
374
374
373
372
372
369
369
368
368
367
366
366
366
366
366
366
364
363
362
360
360
358
357
357
355
351
351
349
349
349
349
348
346
345
343
342
340
339
336
336
336
335
333
332
332
332
331
330
327
326
324
321
321
320
320
319
319
318
315
312
312
310
310
310
309
309
307
307
306
305
305
303
302
302
301
301
300
299
299
299
296
295
295
294
294
294
293
293
293
289
289
284
284
283
282
281
280
279
279
278
277
277
276
276
276
275
274
273
269
269
267
267
267
266
264
262
262
262
261
258
258
258
257
256
253
252
251
251
249
248
248
248
247
247
247
246
245
242
241
240
240
240
238
238
237
235
235
235
234
232
232
232
231
231
230
230
229
228
226
224
220
218
218
218
217
216
216
215
214
214
213
212
210
210
209
208
207
206
203
202
201
199
199
197
194
193
192
192
192
192
191
190
187
187
185
183
181
181
181
180
180
179
178
177
175
175
174
173
173
172
172
171
171
170
169
167
167
166
166
165
165
159
159
159
158
158
157
157
155
155
155
155
154
151
151
150
149
149
148
146
144
143
141
140
138
137
136
135
134
134
132
130
129
128
128
128
126
126
125
123
123
122
118
117
117
117
115
112
110
110
110
109
109
108
108
107
107
106
105
104
102
101
101
99
97
97
96
95
95
95
95
94
93
90
89
89
86
85
84
79
77
76
74
74
74
72
72
71
69
69
68
68
66
65
64
64
64
63
62
62
61
61
58
56
55
55
54
53
51
51
49
49
48
48
48
46
46
46
46
44
42
41
39
39
39
38
36
36
36
35
35
34
32
31
30
30
29
29
28
28
27
26
25
25
24
24
24
21
20
14
13
11
11
11
3
3
2
1
