9998
9998
9997
9997
9997
9996
9996
9996
9996
9995
9994
9994
9994
9993
9993
9993
9992
9991
9990
9990
9990
9989
9987
9985
9985
9984
9984
9983
9982
9982
9982
9982
9981
9981
9979
9978
9975
9975
9974
9974
9973
9973
9972
9969
9969
9969
9967
9966
9964
9963
9962
9962
9961
9961
9961
9961
9960
9958
9958
9953
9952
9951
9949
9948
9948
9944
9943
9942
9942
9941
9940
9939
9938
9938
9937
9936
9936
9935
9934
9932
9931
9931
9930
9927
9927
9925
9922
9921
9921
9920
9919
9918
9918
9917
9917
9917
9917
9916
9916
9914
9914
9913
9913
9912
9911
9910
9910
9910
9908
9908
9907
9907
9907
9906
9905
9903
9903
9901
9900
9900
9899
9899
9899
9898
9897
9897
9896
9896
9895
9895
9893
9892
9890
9890
9889
9889
9886
9885
9884
9884
9884
9879
9878
9878
9876
9875
9875
9874
9873
9873
9872
9872
9870
9869
9868
9868
9867
9863
9862
9862
9861
9860
9860
9859
9859
9858
9857
9853
9853
9852
9852
9851
9848
9847
9847
9846
9845
9845
9845
9844
9843
9841
9838
9838
9838
9836
9835
9828
9828
9827
9826
9826
9825
9824
9822
9822
9822
9820
9818
9815
9815
9813
9812
9812
9810
9808
9808
9808
9807
9806
9805
9804
9804
9803
9803
9803
9801
9800
9800
9799
9799
9799
9799
9798
9797
9796
9796
9796
9795
9793
9792
9792
9791
9791
9791
9789
9787
9785
9785
9784
9784
9781
9781
9780
9778
9778
9777
9777
9777
9776
9775
9775
9774
9771
9771
9768
9768
9767
9766
9766
9765
9763
9760
9759
9758
9757
9755
9755
9755
9754
9754
9749
9747
9747
9746
9745
9745
9744
9744
9744
9743
9743
9742
9742
9741
9740
9739
9737
9737
9736
9735
9735
9733
9733
9732
9731
9731
9731
9730
9729
9729
9728
9727
9726
9726
9725
9725
9724
9723
9722
9721
9721
9720
9719
9717
9715
9712
9712
9711
9709
9706
9706
9703
9703
9702
9702
9700
9699
9698
9697
9696
9696
9694
9694
9694
9692
9691
9690
9689
9687
9686
9686
9685
9682
9682
9680
9680
9678
9674
9673
9673
9670
9669
9667
9664
9664
9664
9662
9661
9659
9659
9657
9657
9654
9653
9653
9652
9651
9651
9651
9649
9648
9648
9647
9644
9643
9643
9641
9636
9635
9633
9632
9629
9628
9628
9628
9627
9627
9624
9624
9624
9622
9622
9622
9620
9618
9616
9616
9616
9616
9614
9611
9611
9611
9608
9607
9607
9607
9606
9606
9605
9605
9604
9603
9602
9598
9598
9596
9596
9593
9591
9589
9589
9588
9588
9588
9587
9587
9587
9587
9586
9585
9582
9581
9581
9581
9578
9578
9577
9577
9577
9576
9575
9574
9574
9572
9572
9572
9571
9568
9568
9567
9567
9565
9565
9564
9564
9562
9562
9560
9560
9559
9557
9557
9556
9556
9554
9554
9553
9553
9552
9551
9547
9547
9545
9544
9541
9541
9540
9539
9536
9535
9532
9532
9531
9530
9530
9529
9528
9527
9527
9524
9523
9522
9520
9519
9516
9515
9513
9512
9512
9510
9509
9506
9506
9503
9503
9500
9500
9500
9497
9497
9496
9496
9494
9494
9493
9490
9490
9489
9487
9487
9486
9485
9484
9483
9481
9480
9479
9478
9477
9476
9475
9474
9474
9471
9470
9470
9470
9470
9470
9467
9467
9466
9465
9465
9463
9462
9461
9460
9459
9459
9458
9458
9457
9457
9454
9454
9453
9453
9452
9451
9449
9449
9449
9449
9449
9448
9448
9447
9445
9444
9444
9444
9443
9439
9438
9436
9435
9434
9433
9433
9432
9429
9428
9427
9427
9427
9426
9426
9424
9423
9422
9421
9421
9420
9420
9420
9419
9418
9417
9417
9415
9413
9412
9410
9409
9409
9409
9409
9409
9409
9409
9408
9408
9405
9403
9403
9396
9394
9394
9393
9392
9392
9391
9391
9387
9386
9385
9384
9384
9384
9383
9381
9380
9380
9379
9379
9379
9379
9378
9378
9377
9376
9375
9375
9375
9374
9372
9371
9371
9370
9370
9369
9369
9367
9367
9365
9365
9365
9364
9363
9362
9362
9361
9360
9360
9360
9359
9359
9359
9357
9357
9356
9356
9356
9356
9355
9354
9354
9354
9351
9351
9351
9349
9349
9347
9345
9344
9344
9343
9341
9341
9340
9339
9338
9338
9338
9337
9336
9336
9335
9333
9332
9331
9331
9330
9330
9330
9330
9329
9326
9325
9325
9325
9325
9325
9322
9321
9320
9320
9318
9316
9316
9316
9315
9314
9314
9313
9313
9312
9312
9307
9306
9306
9305
9304
9303
9302
9301
9300
9300
9299
9298
9297
9296
9296
9296
9293
9292
9291
9290
9289
9288
9288
9288
9287
9286
9286
9285
9284
9282
9282
9281
9280
9279
9279
9277
9277
9277
9275
9271
9271
9270
9269
9268
9267
9266
9266
9266
9265
9265
9263
9263
9263
9262
9262
9261
9261
9260
9259
9257
9256
9253
9253
9253
9252
9252
9252
9252
9251
9250
9249
9248
9247
9246
9244
9244
9243
9242
9242
9241
9241
9241
9240
9238
9236
9235
9235
9233
9233
9231
9231
9230
9230
9229
9228
9227
9225
9223
9223
9221
9221
9221
9220
9220
9219
9218
9218
9215
9214
9212
9211
9210
9208
9208
9208
9208
9207
9205
9203
9202
9200
9199
9199
9196
9196
9195
9195
9194
9194
9193
9190
9190
9187
9186
9185
9184
9183
9182
9181
9179
9178
9178
9178
9176
9174
9174
9172
9168
9167
9167
9167
9167
9166
9166
9165
9165
9164
9163
9162
9161
9161
9160
9160
9160
9159
9158
9158
9157
9157
9156
9155
9154
9153
9153
9153
9151
9151
9150
9148
9148
9147
9147
9144
9144
9144
9143
9140
9140
9139
9139
9135
9135
9132
9128
9127
9127
9126
9124
9123
9121
9121
9120
9120
9119
9119
9118
9118
9117
9117
9117
9117
9116
9116
9116
9114
9111
9110
9108
9108
9107
9106
9104
9104
9103
9102
9101
9100
9096
9096
9094
9093
9092
9091
9089
9089
9088
9088
9087
9087
9086
9085
9083
9083
9081
9081
9080
9079
9078
9075
9074
9074
9073
9072
9069
9068
9068
9067
9067
9067
9066
9065
9064
9064
9064
9064
9061
9060
9058
9055
9053
9052
9052
9052
9050
9049
9049
9044
9044
9044
9042
9042
9041
9041
9041
9039
9039
9036
9035
9032
9031
9031
9030
9030
9029
9025
9024
9023
9022
9022
9021
9019
9018
9017
9015
9015
9012
9012
9009
9008
9007
9006
9006
9005
9005
9005
9005
9004
9003
9002
9000
8996
8995
8994
8994
8993
8991
8991
8989
8989
8989
8988
8988
8988
8983
8982
8979
8979
8976
8975
8974
8974
8973
8973
8972
8971
8970
8970
8969
8968
8967
8966
8966
8964
8963
8962
8961
8961
8960
8959
8958
8957
8957
8957
8956
8956
8955
8955
8953
8952
8952
8951
8950
8950
8949
8947
8946
8945
8945
8945
8944
8943
8942
8942
8941
8939
8938
8938
8937
8937
8937
8937
8936
8935
8934
8934
8934
8932
8931
8930
8930
8927
8925
8924
8923
8921
8919
8915
8915
8914
8912
8911
8911
8911
8911
8911
8908
8907
8905
8904
8904
8904
8903
8903
8900
8900
8899
8899
8898
8897
8896
8896
8896
8894
8894
8894
8892
8891
8890
8889
8888
8887
8886
8886
8886
8884
8881
8881
8881
8879
8876
8875
8872
8872
8869
8868
8867
8866
8865
8864
8864
8863
8863
8862
8858
8857
8856
8856
8854
8852
8852
8851
8851
8849
8847
8846
8842
8841
8841
8840
8839
8839
8838
8838
8837
8837
8835
8834
8834
8833
8832
8830
8829
8828
8823
8821
8820
8820
8819
8818
8817
8817
8816
8814
8814
8813
8812
8810
8809
8808
8807
8807
8806
8806
8804
8804
8803
8802
8802
8800
8799
8799
8798
8795
8795
8794
8794
8787
8787
8782
8782
8782
8781
8778
8776
8775
8775
8774
8772
8772
8772
8772
8771
8770
8770
8770
8768
8767
8765
8764
8763
8761
8761
8759
8759
8759
8754
8753
8752
8752
8749
8748
8746
8746
8746
8745
8745
8745
8744
8743
8743
8743
8743
8742
8742
8741
8740
8740
8737
8736
8734
8734
8732
8731
8731
8727
8723
8722
8721
8720
8720
8719
8718
8717
8717
8717
8717
8715
8712
8712
8709
8709
8708
8708
8707
8706
8705
8705
8705
8704
8703
8702
8701
8701
8700
8699
8698
8697
8696
8696
8695
8694
8694
8693
8693
8692
8691
8691
8691
8688
8688
8688
8688
8688
8687
8686
8686
8684
8683
8681
8675
8674
8674
8672
8671
8669
8669
8666
8666
8665
8664
8662
8660
8655
8654
8654
8652
8650
8650
8650
8649
8647
8646
8646
8646
8646
8643
8642
8641
8641
8638
8637
8636
8635
8634
8633
8632
8632
8632
8632
8631
8629
8628
8628
8626
8626
8626
8626
8625
8625
8624
8624
8623
8623
8622
8622
8621
8619
8619
8619
8618
8618
8618
8618
8617
8616
8615
8614
8614
8613
8612
8611
8611
8610
8610
8609
8609
8608
8607
8606
8606
8605
8605
8603
8602
8602
8601
8600
8600
8599
8597
8597
8597
8595
8595
8594
8592
8592
8591
8591
8590
8589
8588
8585
8585
8584
8583
8583
8582
8582
8581
8581
8579
8579
8578
8573
8573
8572
8571
8570
8569
8568
8568
8566
8566
8565
8564
8563
8562
8562
8562
8559
8558
8557
8555
8555
8555
8554
8553
8553
8553
8552
8552
8548
8547
8546
8544
8541
8540
8539
8539
8538
8537
8536
8534
8532
8531
8531
8531
8530
8530
8529
8527
8526
8522
8520
8519
8518
8518
8517
8512
8512
8511
8510
8508
8506
8505
8505
8501
8500
8499
8499
8498
8496
8496
8496
8495
8494
8493
8493
8492
8492
8489
8488
8487
8487
8486
8485
8485
8480
8480
8480
8480
8479
8477
8477
8475
8474
8474
8473
8473
8473
8473
8472
8471
8469
8468
8468
8466
8465
8463
8462
8462
8461
8461
8460
8460
8460
8459
8459
8458
8457
8456
8453
8450
8450
8449
8449
8448
8447
8447
8447
8447
8446
8446
8445
8444
8441
8439
8438
8437
8436
8434
8433
8431
8430
8428
8428
8427
8426
8425
8425
8424
8423
8423
8422
8422
8422
8422
8421
8419
8417
8417
8416
8415
8415
8413
8413
8411
8410
8409
8408
8407
8405
8405
8405
8404
8403
8403
8402
8402
8402
8402
8401
8400
8398
8398
8397
8396
8395
8394
8393
8393
8393
8391
8391
8391
8390
8390
8390
8390
8388
8387
8386
8386
8385
8385
8385
8383
8381
8381
8381
8381
8381
8380
8379
8377
8377
8375
8374
8374
8373
8370
8369
8367
8367
8366
8365
8365
8362
8362
8361
8358
8356
8356
8355
8353
8351
8350
8348
8346
8346
8344
8342
8341
8341
8340
8340
8340
8340
8339
8338
8338
8336
8336
8336
8334
8333
8333
8332
8332
8332
8331
8330
8330
8328
8327
8327
8327
8324
8323
8323
8322
8320
8319
8319
8317
8316
8314
8314
8314
8313
8312
8312
8310
8307
8306
8306
8305
8304
8303
8302
8299
8298
8297
8297
8297
8296
8294
8293
8291
8290
8289
8289
8287
8287
8286
8286
8285
8283
8281
8280
8279
8279
8279
8279
8279
8279
8278
8277
8277
8277
8276
8276
8276
8275
8274
8273
8273
8272
8272
8271
8271
8271
8268
8267
8266
8265
8263
8262
8262
8261
8260
8257
8255
8253
8252
8252
8250
8249
8249
8249
8247
8247
8246
8245
8244
8244
8244
8243
8242
8242
8242
8241
8241
8241
8240
8240
8239
8236
8236
8235
8234
8232
8231
8231
8230
8229
8229
8229
8229
8227
8227
8226
8226
8225
8224
8222
8218
8218
8215
8215
8214
8214
8214
8212
8212
8208
8206
8206
8205
8205
8202
8202
8201
8201
8200
8199
8199
8198
8196
8195
8194
8193
8193
8192
8191
8190
8190
8190
8190
8189
8189
8188
8187
8187
8187
8186
8186
8185
8185
8184
8179
8179
8179
8179
8178
8178
8178
8178
8177
8176
8176
8176
8172
8170
8169
8169
8168
8168
8167
8167
8166
8165
8165
8163
8163
8161
8160
8159
8154
8153
8153
8151
8151
8151
8151
8150
8148
8148
8148
8146
8146
8146
8145
8144
8142
8142
8137
8136
8134
8133
8132
8132
8131
8131
8131
8130
8129
8129
8128
8128
8128
8127
8127
8125
8124
8124
8124
8121
8119
8118
8115
8115
8115
8112
8112
8109
8109
8108
8107
8107
8106
8106
8105
8105
8105
8104
8104
8100
8099
8098
8097
8095
8094
8093
8090
8090
8088
8088
8087
8086
8086
8084
8077
8077
8076
8076
8076
8076
8075
8074
8074
8069
8069
8068
8067
8067
8067
8067
8066
8066
8065
8062
8062
8058
8054
8053
8052
8050
8050
8049
8047
8046
8045
8044
8043
8043
8042
8042
8037
8036
8030
8030
8027
8025
8025
8024
8019
8019
8017
8016
8016
8016
8015
8015
8014
8014
8013
8012
8011
8010
8010
8008
8006
8006
8006
8006
8005
8004
8003
8003
8002
8002
7999
7999
7998
7997
7995
7993
7991
7991
7991
7989
7989
7989
7989
7987
7985
7985
7984
7982
7980
7976
7976
7974
7973
7972
7969
7969
7969
7966
7964
7964
7963
7961
7959
7959
7958
7958
7957
7957
7956
7955
7954
7954
7953
7952
7952
7951
7948
7948
7947
7946
7945
7945
7943
7943
7940
7939
7939
7939
7938
7937
7936
7934
7934
7933
7932
7930
7928
7928
7928
7928
7928
7927
7926
7925
7924
7923
7922
7922
7920
7920
7919
7919
7919
7917
7917
7914
7914
7914
7913
7913
7913
7912
7912
7912
7911
7911
7911
7908
7908
7908
7908
7907
7907
7906
7903
7903
7903
7902
7902
7901
7901
7899
7897
7894
7893
7893
7891
7891
7890
7890
7888
7887
7887
7885
7884
7883
7883
7882
7881
7879
7878
7878
7877
7877
7875
7873
7872
7872
7871
7871
7870
7870
7868
7865
7865
7864
7862
7862
7860
7860
7859
7858
7857
7857
7857
7855
7854
7853
7852
7851
7849
7847
7845
7845
7845
7845
7844
7844
7843
7843
7842
7841
7840
7840
7840
7840
7840
7839
7837
7836
7836
7836
7834
7834
7833
7833
7832
7828
7828
7826
7821
7820
7819
7818
7816
7814
7812
7811
7811
7810
7809
7809
7808
7805
7804
7803
7802
7802
7802
7802
7801
7799
7798
7798
7797
7795
7795
7793
7793
7793
7791
7788
7787
7787
7786
7785
7785
7784
7784
7783
7783
7783
7782
7781
7779
7778
7776
7775
7775
7773
7771
7771
7765
7764
7764
7764
7764
7763
7761
7760
7760
7752
7750
7749
7748
7747
7747
7745
7745
7745
7745
7742
7742
7742
7741
7741
7738
7734
7734
7732
7731
7730
7728
7728
7725
7724
7724
7722
7721
7720
7719
7718
7718
7717
7715
7713
7713
7713
7713
7712
7710
7710
7707
7707
7704
7702
7700
7698
7692
7691
7691
7689
7689
7689
7689
7688
7687
7687
7685
7685
7684
7684
7682
7682
7681
7679
7675
7674
7673
7671
7671
7671
7669
7669
7666
7665
7665
7664
7664
7663
7662
7662
7662
7659
7658
7658
7658
7657
7657
7657
7655
7655
7655
7655
7654
7653
7652
7651
7648
7648
7647
7646
7646
7646
7645
7645
7644
7642
7642
7635
7635
7634
7634
7634
7633
7633
7633
7629
7626
7626
7625
7625
7624
7623
7623
7623
7622
7622
7620
7620
7618
7615
7613
7612
7612
7610
7610
7610
7608
7608
7608
7607
7606
7606
7606
7605
7604
7603
7601
7601
7599
7598
7598
7597
7597
7597
7596
7595
7594
7594
7594
7594
7591
7591
7589
7589
7588
7587
7586
7583
7581
7579
7578
7578
7577
7577
7575
7574
7574
7572
7571
7571
7571
7570
7570
7569
7569
7567
7566
7566
7564
7564
7564
7564
7564
7561
7560
7559
7556
7555
7553
7553
7553
7551
7551
7550
7548
7547
7547
7546
7541
7541
7541
7537
7536
7535
7534
7534
7534
7534
7533
7532
7530
7529
7529
7528
7527
7527
7527
7526
7525
7522
7521
7518
7517
7516
7515
7514
7513
7510
7509
7509
7508
7507
7506
7504
7503
7503
7499
7499
7498
7497
7497
7492
7490
7488
7488
7488
7486
7486
7485
7485
7485
7485
7484
7484
7484
7483
7482
7481
7481
7480
7480
7478
7478
7477
7477
7476
7476
7475
7475
7474
7474
7474
7474
7471
7471
7469
7469
7469
7468
7468
7467
7466
7466
7466
7465
7463
7463
7462
7462
7461
7461
7460
7459
7458
7458
7457
7454
7453
7452
7451
7450
7449
7449
7447
7447
7445
7444
7442
7441
7441
7440
7440
7437
7437
7436
7435
7434
7434
7433
7431
7430
7429
7429
7429
7429
7428
7428
7428
7426
7425
7424
7420
7420
7419
7419
7417
7416
7414
7410
7409
7407
7406
7405
7404
7403
7400
7400
7400
7399
7398
7397
7397
7396
7396
7395
7391
7389
7388
7388
7387
7380
7378
7377
7376
7375
7375
7375
7372
7370
7369
7369
7366
7366
7363
7363
7362
7358
7355
7352
7351
7347
7347
7346
7344
7342
7340
7336
7334
7333
7332
7332
7331
7328
7328
7328
7326
7326
7326
7326
7325
7324
7321
7321
7320
7320
7319
7319
7318
7318
7317
7317
7316
7314
7313
7313
7312
7311
7309
7309
7307
7307
7306
7305
7303
7303
7303
7302
7302
7302
7302
7301
7300
7300
7297
7297
7297
7297
7296
7296
7295
7293
7292
7292
7290
7289
7289
7289
7289
7288
7287
7286
7286
7284
7283
7282
7281
7280
7279
7279
7278
7278
7278
7276
7271
7270
7270
7270
7267
7267
7265
7264
7264
7263
7262
7262
7261
7260
7258
7257
7257
7254
7253
7251
7250
7250
7250
7249
7247
7246
7246
7245
7245
7244
7244
7243
7242
7242
7242
7241
7239
7239
7238
7237
7237
7237
7237
7236
7236
7235
7233
7229
7225
7222
7222
7222
7222
7221
7220
7220
7219
7218
7218
7217
7217
7216
7216
7215
7215
7209
7207
7206
7205
7205
7205
7204
7202
7201
7201
7199
7197
7196
7195
7194
7193
7193
7192
7192
7192
7191
7191
7189
7187
7187
7185
7185
7182
7181
7181
7180
7177
7176
7176
7175
7175
7174
7172
7172
7171
7169
7168
7168
7168
7166
7163
7163
7162
7160
7158
7158
7156
7154
7154
7153
7149
7147
7147
7147
7144
7143
7140
7138
7138
7135
7134
7132
7130
7129
7129
7126
7124
7124
7123
7121
7121
7120
7120
7118
7118
7117
7116
7113
7111
7111
7110
7110
7110
7109
7109
7107
7107
7106
7102
7102
7102
7102
7099
7098
7097
7097
7096
7093
7093
7093
7091
7090
7090
7088
7086
7085
7085
7084
7083
7081
7080
7079
7078
7078
7077
7074
7073
7071
7071
7069
7069
7068
7066
7066
7065
7065
7065
7064
7064
7063
7063
7059
7056
7056
7056
7056
7055
7053
7053
7050
7049
7048
7048
7048
7041
7036
7036
7035
7035
7034
7031
7030
7029
7028
7028
7027
7027
7026
7025
7025
7024
7021
7020
7020
7019
7017
7017
7016
7016
7015
7012
7012
7011
7011
7011
7009
7009
7008
7008
7007
7007
7005
7004
7003
7002
7002
7001
6999
6998
6998
6998
6998
6997
6997
6994
6992
6991
6990
6989
6986
6986
6986
6986
6986
6985
6985
6983
6982
6982
6982
6981
6981
6980
6979
6979
6978
6977
6977
6976
6976
6974
6974
6974
6973
6973
6972
6972
6971
6969
6969
6968
6967
6967
6965
6964
6962
6962
6962
6962
6961
6960
6960
6958
6957
6957
6957
6955
6955
6954
6952
6952
6949
6948
6948
6945
6945
6945
6943
6943
6942
6942
6942
6941
6939
6937
6937
6935
6935
6934
6934
6933
6933
6929
6929
6928
6927
6927
6925
6924
6921
6921
6920
6920
6917
6916
6915
6915
6915
6913
6912
6912
6911
6910
6910
6909
6907
6903
6903
6903
6903
6901
6898
6897
6896
6895
6894
6893
6891
6884
6883
6883
6882
6881
6881
6881
6880
6878
6876
6875
6875
6875
6875
6874
6872
6871
6871
6870
6870
6870
6869
6869
6868
6866
6865
6864
6864
6863
6860
6860
6859
6859
6858
6858
6857
6857
6856
6856
6855
6855
6855
6854
6854
6853
6852
6852
6850
6849
6848
6845
6845
6845
6843
6842
6842
6842
6841
6841
6839
6839
6838
6836
6836
6835
6835
6835
6834
6832
6827
6827
6826
6826
6826
6825
6822
6821
6821
6820
6820
6819
6818
6818
6817
6816
6815
6815
6814
6814
6813
6812
6812
6812
6811
6807
6807
6806
6805
6805
6803
6803
6801
6799
6798
6796
6796
6796
6795
6795
6794
6794
6790
6790
6790
6789
6788
6787
6787
6787
6785
6784
6781
6780
6779
6778
6776
6775
6774
6774
6772
6771
6770
6770
6769
6768
6766
6764
6763
6762
6762
6760
6760
6760
6759
6759
6758
6757
6756
6754
6754
6754
6753
6753
6752
6752
6750
6750
6750
6748
6747
6746
6744
6744
6744
6743
6743
6743
6742
6742
6742
6742
6740
6739
6739
6737
6737
6733
6733
6732
6731
6731
6729
6728
6728
6728
6727
6726
6723
6721
6720
6719
6719
6717
6713
6713
6712
6711
6711
6709
6708
6708
6706
6706
6706
6705
6705
6703
6702
6701
6699
6698
6697
6695
6695
6693
6693
6691
6691
6690
6690
6689
6689
6689
6689
6687
6687
6686
6685
6682
6677
6676
6672
6671
6667
6667
6662
6660
6660
6659
6659
6658
6655
6654
6654
6649
6649
6647
6642
6642
6641
6640
6639
6638
6638
6637
6636
6636
6635
6635
6633
6631
6631
6628
6628
6628
6628
6627
6626
6625
6625
6625
6624
6623
6622
6620
6619
6619
6619
6618
6618
6615
6610
6610
6608
6607
6605
6604
6603
6602
6599
6597
6597
6597
6596
6595
6594
6594
6593
6591
6591
6590
6589
6588
6588
6587
6587
6586
6586
6585
6585
6584
6583
6583
6582
6580
6580
6580
6576
6575
6575
6575
6573
6571
6571
6570
6569
6567
6567
6567
6561
6561
6560
6560
6559
6557
6555
6555
6554
6554
6553
6553
6552
6551
6550
6549
6549
6548
6547
6546
6546
6545
6543
6543
6538
6538
6537
6536
6536
6535
6534
6534
6534
6533
6533
6533
6532
6531
6531
6528
6528
6527
6525
6525
6524
6523
6522
6521
6520
6518
6518
6517
6517
6516
6515
6514
6513
6513
6512
6512
6510
6508
6506
6506
6506
6505
6505
6504
6504
6503
6502
6502
6500
6500
6499
6498
6497
6497
6495
6494
6493
6493
6487
6486
6485
6485
6482
6482
6481
6481
6480
6479
6479
6479
6478
6477
6477
6477
6477
6476
6476
6473
6472
6469
6468
6468
6468
6463
6463
6462
6458
6457
6456
6456
6454
6454
6453
6452
6451
6450
6449
6448
6448
6448
6446
6446
6445
6439
6437
6437
6436
6435
6434
6432
6431
6431
6429
6426
6423
6422
6421
6420
6420
6419
6417
6416
6416
6415
6414
6413
6412
6411
6411
6410
6410
6408
6408
6405
6404
6404
6404
6401
6399
6399
6398
6398
6396
6396
6392
6391
6391
6389
6388
6385
6385
6385
6384
6384
6384
6383
6381
6381
6380
6375
6374
6370
6370
6368
6368
6367
6365
6365
6365
6365
6363
6363
6361
6361
6361
6360
6359
6358
6357
6356
6356
6356
6355
6354
6353
6353
6352
6351
6350
6350
6349
6349
6348
6347
6346
6345
6344
6344
6343
6343
6342
6341
6341
6340
6340
6338
6338
6338
6337
6336
6335
6334
6330
6329
6328
6327
6327
6326
6326
6325
6324
6323
6323
6322
6322
6320
6320
6319
6318
6317
6317
6314
6313
6313
6311
6310
6310
6307
6306
6304
6303
6302
6302
6300
6295
6295
6294
6294
6292
6292
6292
6290
6289
6288
6288
6288
6288
6287
6287
6286
6285
6284
6282
6282
6279
6274
6273
6273
6272
6272
6271
6271
6270
6270
6268
6268
6267
6266
6265
6264
6264
6264
6263
6260
6259
6258
6258
6255
6254
6253
6253
6251
6250
6249
6248
6244
6244
6244
6243
6242
6241
6240
6240
6238
6238
6237
6237
6235
6234
6233
6230
6229
6228
6226
6225
6220
6217
6217
6216
6216
6215
6215
6215
6215
6214
6214
6213
6212
6209
6208
6204
6203
6202
6201
6201
6199
6198
6197
6196
6196
6196
6196
6195
6195
6194
6194
6193
6192
6191
6191
6190
6188
6188
6186
6185
6185
6185
6185
6181
6181
6178
6177
6176
6175
6173
6173
6171
6170
6170
6168
6168
6168
6167
6166
6166
6165
6165
6165
6164
6164
6163
6162
6162
6162
6161
6161
6161
6158
6157
6154
6150
6149
6149
6149
6148
6148
6147
6146
6145
6144
6143
6143
6142
6140
6137
6137
6137
6137
6136
6135
6135
6134
6134
6133
6130
6130
6129
6128
6128
6128
6126
6125
6123
6122
6116
6115
6114
6114
6113
6113
6113
6111
6111
6110
6110
6110
6110
6109
6108
6107
6106
6105
6104
6104
6103
6103
6102
6101
6101
6097
6095
6094
6093
6093
6092
6091
6091
6091
6091
6090
6088
6088
6087
6085
6084
6084
6083
6082
6082
6080
6079
6078
6075
6074
6074
6071
6071
6070
6070
6069
6069
6069
6069
6067
6067
6067
6066
6065
6063
6063
6062
6062
6061
6061
6061
6060
6060
6059
6058
6058
6057
6053
6053
6050
6048
6046
6045
6042
6041
6038
6035
6034
6034
6033
6029
6028
6026
6023
6023
6022
6021
6020
6018
6018
6017
6016
6015
6014
6012
6011
6008
6008
6007
6007
6006
6006
6005
6005
6005
6004
6003
6003
6001
5998
5998
5997
5997
5997
5995
5994
5993
5992
5991
5991
5989
5989
5987
5987
5986
5984
5984
5983
5983
5982
5979
5978
5977
5977
5977
5975
5975
5975
5973
5973
5971
5970
5968
5966
5965
5964
5964
5961
5961
5961
5961
5961
5957
5957
5957
5955
5955
5954
5950
5949
5949
5948
5948
5944
5943
5942
5942
5941
5941
5939
5939
5938
5938
5938
5937
5936
5936
5935
5934
5934
5932
5931
5931
5931
5931
5931
5930
5930
5924
5924
5924
5923
5921
5918
5915
5915
5915
5912
5912
5911
5910
5910
5910
5909
5907
5904
5904
5901
5898
5898
5896
5895
5894
5891
5888
5888
5886
5885
5885
5884
5884
5882
5881
5881
5881
5881
5881
5880
5879
5878
5877
5876
5875
5875
5875
5874
5874
5874
5872
5871
5871
5870
5869
5869
5867
5867
5866
5865
5864
5861
5860
5859
5858
5858
5856
5856
5855
5855
5853
5852
5852
5851
5850
5848
5848
5848
5847
5842
5840
5840
5837
5837
5837
5837
5836
5836
5835
5835
5834
5833
5831
5831
5831
5830
5828
5827
5827
5826
5823
5823
5820
5819
5819
5819
5817
5816
5816
5815
5813
5812
5811
5810
5809
5808
5806
5805
5804
5804
5804
5804
5804
5803
5802
5802
5801
5801
5800
5799
5799
5799
5798
5796
5795
5794
5794
5792
5791
5790
5789
5788
5787
5787
5785
5783
5783
5783
5782
5782
5782
5779
5778
5778
5777
5776
5776
5775
5774
5771
5770
5769
5768
5766
5766
5766
5766
5765
5764
5764
5763
5759
5754
5754
5752
5750
5746
5746
5745
5745
5744
5742
5742
5741
5741
5739
5739
5737
5737
5735
5735
5733
5731
5731
5729
5729
5727
5726
5726
5726
5725
5725
5724
5722
5720
5720
5720
5719
5716
5715
5714
5714
5713
5712
5712
5711
5707
5706
5706
5706
5705
5705
5703
5700
5698
5698
5698
5697
5697
5695
5695
5694
5693
5693
5692
5691
5691
5689
5682
5680
5680
5679
5679
5679
5677
5675
5674
5674
5673
5672
5672
5672
5671
5670
5668
5667
5665
5662
5660
5660
5660
5660
5660
5656
5655
5655
5655
5653
5653
5652
5652
5651
5650
5650
5650
5649
5647
5647
5643
5641
5640
5639
5636
5635
5634
5634
5634
5632
5631
5630
5629
5628
5628
5627
5625
5625
5624
5624
5623
5623
5622
5620
5619
5619
5619
5619
5617
5616
5615
5614
5614
5612
5612
5610
5610
5609
5609
5608
5606
5606
5605
5604
5603
5603
5602
5602
5602
5601
5601
5601
5600
5600
5599
5598
5598
5597
5596
5596
5596
5595
5595
5595
5594
5594
5592
5592
5591
5589
5587
5585
5582
5582
5581
5581
5580
5580
5579
5579
5578
5577
5574
5573
5573
5573
5572
5570
5570
5570
5570
5569
5569
5565
5565
5565
5565
5565
5564
5564
5564
5563
5562
5562
5562
5561
5560
5559
5557
5557
5556
5555
5554
5554
5551
5545
5544
5543
5543
5542
5541
5537
5537
5537
5534
5534
5534
5531
5529
5525
5518
5512
5512
5512
5511
5511
5510
5509
5508
5508
5507
5507
5506
5506
5506
5502
5502
5501
5500
5500
5500
5496
5496
5496
5496
5495
5493
5493
5490
5487
5486
5486
5485
5481
5480
5479
5479
5476
5475
5475
5475
5474
5473
5467
5463
5463
5460
5457
5457
5456
5456
5456
5456
5455
5455
5455
5454
5453
5453
5453
5452
5452
5451
5451
5450
5450
5450
5449
5448
5448
5448
5448
5447
5446
5445
5443
5443
5442
5441
5440
5438
5437
5437
5436
5436
5433
5433
5432
5431
5431
5431
5428
5428
5426
5426
5426
5425
5422
5422
5422
5421
5416
5414
5413
5412
5412
5411
5409
5407
5406
5405
5405
5404
5404
5403
5403
5401
5401
5400
5400
5400
5400
5399
5396
5395
5393
5393
5391
5391
5390
5390
5387
5385
5382
5381
5381
5381
5381
5378
5377
5377
5377
5376
5376
5376
5374
5373
5373
5372
5371
5368
5368
5367
5367
5365
5365
5363
5362
5360
5359
5359
5358
5357
5357
5357
5356
5353
5352
5352
5351
5350
5349
5346
5343
5341
5341
5340
5339
5339
5338
5337
5332
5332
5331
5329
5328
5326
5326
5325
5323
5320
5319
5318
5318
5317
5313
5311
5310
5310
5309
5307
5306
5306
5304
5303
5303
5301
5300
5298
5297
5292
5290
5290
5289
5289
5289
5287
5286
5285
5282
5282
5281
5280
5280
5279
5277
5277
5277
5276
5275
5275
5275
5274
5272
5271
5271
5271
5271
5269
5268
5267
5266
5266
5264
5264
5264
5263
5262
5259
5259
5258
5258
5258
5258
5255
5254
5251
5249
5248
5248
5246
5243
5241
5240
5240
5237
5235
5233
5232
5232
5230
5230
5230
5228
5225
5224
5223
5222
5222
5219
5219
5218
5216
5216
5216
5215
5215
5215
5214
5213
5210
5209
5209
5209
5207
5207
5207
5206
5205
5204
5199
5198
5197
5196
5196
5194
5190
5190
5189
5189
5188
5188
5187
5183
5183
5182
5180
5180
5177
5177
5176
5174
5173
5172
5171
5169
5168
5167
5166
5165
5164
5164
5160
5160
5160
5158
5157
5155
5154
5152
5151
5150
5149
5148
5146
5145
5144
5144
5143
5142
5140
5140
5139
5139
5138
5138
5137
5131
5131
5129
5129
5128
5128
5128
5128
5127
5125
5125
5124
5121
5121
5121
5120
5119
5119
5117
5117
5116
5115
5114
5113
5113
5113
5111
5111
5111
5110
5108
5107
5106
5104
5103
5101
5101
5101
5100
5098
5097
5096
5096
5095
5095
5094
5093
5093
5092
5092
5090
5087
5087
5087
5086
5086
5085
5081
5081
5080
5080
5079
5079
5079
5078
5078
5078
5078
5078
5078
5077
5077
5077
5076
5076
5074
5074
5073
5072
5072
5072
5071
5071
5071
5070
5070
5069
5069
5068
5067
5066
5065
5063
5062
5060
5060
5059
5059
5058
5057
5054
5052
5050
5047
5046
5046
5044
5043
5042
5041
5041
5040
5039
5039
5038
5038
5036
5036
5035
5033
5033
5031
5030
5029
5027
5025
5025
5023
5022
5021
5019
5017
5016
5016
5014
5011
5011
5010
5009
5008
5007
5007
5007
5004
5004
5004
5004
5003
5003
5003
5002
5001
5000
5000
4999
4998
4997
4997
4995
4995
4994
4993
4989
4984
4982
4981
4981
4981
4978
4978
4977
4975
4975
4973
4972
4972
4969
4969
4968
4968
4967
4966
4966
4964
4964
4962
4960
4960
4959
4958
4957
4956
4956
4954
4952
4952
4951
4951
4951
4948
4945
4945
4943
4942
4941
4940
4937
4935
4934
4933
4932
4929
4927
4926
4924
4924
4922
4921
4920
4918
4917
4917
4916
4915
4913
4911
4911
4910
4910
4909
4908
4908
4905
4905
4904
4904
4901
4901
4900
4900
4899
4899
4898
4897
4896
4896
4894
4894
4893
4893
4893
4890
4889
4889
4888
4888
4888
4887
4886
4884
4883
4883
4882
4877
4877
4876
4875
4875
4874
4874
4873
4872
4869
4868
4867
4867
4867
4865
4864
4862
4861
4861
4861
4861
4860
4858
4857
4856
4856
4856
4855
4853
4853
4853
4852
4852
4851
4851
4849
4846
4845
4845
4842
4840
4839
4838
4838
4837
4836
4835
4834
4833
4832
4831
4829
4827
4827
4827
4825
4825
4822
4821
4819
4818
4817
4816
4815
4810
4810
4809
4809
4808
4807
4806
4806
4806
4806
4805
4803
4803
4803
4802
4801
4801
4800
4796
4795
4795
4791
4790
4789
4789
4788
4786
4785
4785
4785
4784
4784
4782
4780
4778
4778
4776
4774
4774
4774
4773
4772
4772
4772
4769
4769
4768
4767
4766
4765
4765
4764
4763
4762
4761
4761
4761
4761
4760
4759
4759
4757
4757
4756
4756
4755
4755
4755
4755
4754
4753
4752
4752
4752
4750
4750
4750
4749
4749
4748
4748
4747
4745
4743
4743
4741
4741
4741
4739
4736
4735
4734
4734
4730
4730
4729
4729
4727
4727
4726
4725
4724
4724
4720
4718
4716
4715
4712
4711
4710
4708
4707
4700
4699
4699
4698
4695
4690
4689
4689
4689
4688
4687
4686
4686
4685
4685
4685
4684
4681
4681
4678
4677
4676
4675
4674
4673
4670
4668
4668
4668
4667
4665
4665
4663
4661
4661
4660
4660
4659
4659
4658
4656
4656
4655
4654
4653
4652
4650
4650
4649
4645
4644
4642
4642
4640
4639
4638
4637
4635
4635
4634
4633
4633
4631
4630
4630
4630
4629
4628
4627
4627
4624
4624
4623
4622
4622
4620
4620
4620
4619
4618
4616
4616
4616
4612
4612
4610
4609
4607
4607
4605
4605
4604
4600
4599
4598
4595
4594
4593
4592
4590
4589
4587
4586
4585
4583
4583
4581
4580
4580
4580
4580
4579
4579
4576
4573
4573
4571
4571
4570
4569
4568
4566
4565
4565
4565
4565
4564
4564
4563
4563
4562
4561
4560
4559
4559
4557
4557
4556
4555
4555
4551
4551
4547
4547
4547
4544
4543
4543
4542
4542
4542
4541
4539
4539
4538
4536
4534
4533
4533
4531
4529
4529
4527
4526
4524
4523
4522
4521
4520
4519
4518
4516
4516
4514
4514
4512
4512
4512
4511
4511
4510
4510
4509
4508
4508
4508
4507
4506
4506
4504
4503
4501
4500
4500
4500
4500
4497
4497
4496
4495
4494
4493
4492
4491
4491
4491
4490
4487
4485
4483
4482
4481
4480
4474
4473
4473
4472
4472
4472
4471
4471
4469
4468
4467
4466
4466
4466
4463
4463
4463
4463
4462
4462
4461
4458
4455
4454
4453
4453
4452
4452
4452
4452
4449
4449
4449
4448
4441
4439
4438
4434
4434
4433
4431
4429
4428
4428
4428
4427
4427
4426
4426
4426
4425
4425
4425
4424
4423
4422
4416
4414
4414
4413
4412
4412
4411
4410
4408
4407
4407
4406
4406
4406
4405
4405
4405
4402
4401
4399
4397
4396
4393
4393
4393
4392
4391
4391
4390
4390
4390
4388
4388
4387
4385
4384
4384
4384
4383
4383
4382
4379
4378
4377
4377
4377
4376
4376
4375
4375
4374
4374
4373
4373
4372
4371
4370
4368
4368
4365
4364
4363
4363
4362
4362
4359
4357
4356
4355
4354
4353
4353
4353
4352
4352
4350
4350
4348
4348
4345
4344
4344
4343
4342
4342
4341
4341
4339
4339
4336
4336
4335
4334
4333
4330
4329
4328
4327
4324
4324
4323
4321
4320
4320
4317
4317
4317
4316
4316
4315
4313
4313
4312
4312
4309
4309
4307
4306
4305
4305
4305
4301
4300
4299
4299
4298
4298
4297
4297
4296
4296
4294
4292
4292
4290
4290
4289
4289
4289
4288
4288
4286
4285
4282
4280
4278
4278
4275
4275
4274
4273
4273
4273
4270
4269
4269
4268
4267
4266
4263
4261
4261
4260
4260
4260
4259
4259
4257
4255
4253
4253
4250
4250
4247
4243
4243
4243
4240
4238
4235
4232
4231
4230
4227
4224
4224
4221
4221
4220
4218
4216
4215
4214
4213
4211
4210
4210
4210
4207
4206
4205
4203
4202
4202
4200
4198
4198
4198
4196
4195
4195
4194
4194
4194
4193
4193
4192
4192
4191
4190
4188
4187
4187
4186
4181
4181
4180
4180
4180
4176
4173
4173
4172
4172
4170
4170
4168
4168
4167
4163
4163
4162
4159
4158
4157
4157
4155
4154
4154
4153
4152
4148
4145
4143
4136
4136
4135
4135
4135
4134
4131
4130
4130
4129
4126
4125
4124
4123
4122
4119
4119
4116
4116
4115
4111
4111
4110
4110
4109
4108
4108
4107
4107
4106
4106
4104
4103
4100
4100
4098
4097
4094
4093
4093
4093
4093
4093
4092
4090
4085
4085
4084
4084
4083
4083
4081
4080
4079
4078
4074
4074
4073
4072
4071
4069
4068
4067
4066
4066
4066
4065
4064
4063
4063
4062
4062
4061
4061
4059
4057
4056
4055
4054
4053
4052
4051
4051
4051
4049
4048
4048
4047
4046
4046
4045
4043
4040
4039
4038
4037
4036
4035
4034
4033
4033
4033
4032
4030
4027
4027
4026
4026
4026
4025
4023
4022
4021
4020
4019
4019
4018
4017
4017
4015
4011
4008
4002
3999
3998
3997
3991
3989
3989
3989
3988
3985
3985
3979
3977
3976
3976
3976
3975
3974
3969
3968
3967
3966
3965
3965
3962
3961
3961
3961
3961
3960
3959
3959
3959
3958
3958
3958
3958
3957
3956
3956
3954
3951
3950
3948
3948
3946
3945
3944
3944
3942
3941
3938
3938
3936
3935
3933
3932
3931
3930
3928
3927
3927
3926
3926
3925
3924
3924
3924
3923
3918
3918
3917
3917
3916
3916
3913
3912
3909
3909
3909
3908
3908
3906
3905
3905
3904
3904
3903
3901
3900
3900
3899
3897
3897
3896
3895
3895
3893
3893
3893
3892
3892
3890
3889
3889
3888
3888
3887
3885
3883
3882
3881
3881
3880
3880
3877
3877
3876
3875
3873
3869
3868
3867
3866
3865
3865
3864
3862
3861
3861
3860
3858
3857
3857
3855
3854
3853
3853
3853
3852
3852
3852
3852
3851
3849
3848
3847
3843
3843
3842
3841
3840
3837
3836
3836
3835
3835
3834
3834
3834
3833
3832
3831
3831
3830
3830
3829
3828
3824
3824
3824
3823
3823
3821
3819
3818
3816
3815
3815
3815
3815
3814
3814
3812
3811
3809
3808
3808
3806
3806
3805
3804
3803
3802
3799
3799
3798
3796
3796
3795
3795
3795
3794
3792
3791
3791
3790
3790
3790
3786
3784
3783
3781
3780
3779
3779
3779
3778
3771
3771
3771
3771
3771
3770
3770
3770
3768
3768
3767
3765
3764
3764
3764
3762
3761
3760
3760
3760
3759
3757
3756
3756
3755
3755
3754
3754
3754
3754
3753
3752
3750
3748
3746
3746
3746
3745
3745
3744
3744
3743
3742
3741
3740
3739
3738
3737
3736
3736
3736
3735
3735
3734
3734
3734
3732
3732
3732
3732
3730
3729
3726
3726
3725
3721
3720
3719
3717
3717
3716
3715
3713
3711
3711
3710
3709
3708
3708
3707
3705
3705
3705
3704
3704
3704
3704
3704
3703
3703
3700
3699
3696
3696
3695
3695
3693
3693
3691
3691
3691
3691
3691
3690
3686
3686
3684
3684
3684
3683
3683
3681
3681
3680
3677
3676
3674
3674
3674
3674
3673
3672
3672
3671
3671
3667
3666
3666
3664
3664
3663
3662
3662
3660
3660
3660
3659
3658
3658
3658
3657
3657
3656
3656
3656
3655
3653
3653
3653
3652
3649
3649
3648
3648
3648
3646
3646
3644
3642
3640
3639
3638
3638
3638
3638
3637
3635
3634
3634
3633
3632
3631
3631
3630
3629
3629
3628
3627
3627
3626
3625
3624
3623
3622
3620
3616
3614
3614
3614
3614
3613
3611
3611
3611
3609
3609
3608
3606
3606
3605
3603
3602
3600
3600
3599
3596
3596
3594
3592
3592
3592
3592
3591
3591
3589
3588
3587
3587
3587
3585
3584
3583
3583
3582
3582
3580
3580
3580
3579
3578
3576
3575
3573
3571
3569
3567
3565
3564
3563
3563
3562
3562
3562
3561
3559
3559
3559
3559
3556
3554
3554
3554
3553
3552
3551
3551
3546
3546
3546
3546
3545
3542
3541
3539
3539
3538
3538
3537
3536
3536
3536
3535
3532
3532
3532
3531
3531
3528
3528
3527
3526
3525
3525
3525
3523
3521
3520
3519
3518
3518
3518
3518
3517
3516
3516
3515
3515
3513
3513
3511
3511
3511
3510
3509
3506
3506
3506
3505
3504
3504
3503
3503
3502
3501
3500
3500
3499
3498
3497
3495
3495
3494
3494
3493
3493
3492
3491
3491
3490
3490
3490
3488
3488
3488
3488
3486
3486
3485
3485
3482
3482
3482
3480
3480
3479
3478
3477
3477
3476
3473
3472
3471
3468
3468
3467
3466
3466
3463
3462
3461
3461
3459
3458
3458
3457
3455
3454
3453
3451
3448
3445
3443
3441
3440
3440
3440
3439
3439
3436
3436
3436
3435
3435
3433
3432
3431
3430
3430
3430
3429
3429
3429
3427
3427
3426
3425
3425
3424
3422
3421
3421
3420
3420
3419
3418
3417
3417
3416
3414
3413
3413
3413
3412
3411
3410
3410
3409
3409
3408
3407
3404
3403
3402
3400
3399
3397
3396
3395
3393
3392
3390
3385
3385
3384
3382
3381
3376
3376
3374
3372
3372
3372
3370
3370
3368
3368
3366
3365
3364
3363
3362
3362
3361
3360
3360
3358
3358
3357
3357
3356
3354
3353
3353
3353
3353
3352
3349
3349
3348
3348
3347
3346
3345
3343
3341
3341
3340
3339
3337
3337
3337
3337
3336
3336
3335
3334
3333
3332
3330
3328
3328
3328
3328
3327
3321
3321
3319
3318
3318
3317
3317
3317
3315
3315
3314
3314
3313
3313
3311
3310
3310
3309
3307
3306
3306
3306
3306
3306
3306
3306
3302
3302
3302
3302
3300
3300
3299
3298
3298
3298
3297
3296
3295
3294
3293
3292
3289
3289
3286
3286
3286
3284
3280
3280
3277
3276
3276
3275
3274
3271
3271
3270
3268
3268
3263
3263
3262
3262
3262
3261
3261
3259
3256
3255
3255
3253
3252
3251
3250
3249
3249
3248
3248
3247
3246
3245
3245
3241
3241
3239
3239
3239
3239
3239
3237
3236
3235
3235
3233
3233
3233
3231
3231
3230
3230
3229
3228
3226
3226
3225
3222
3222
3221
3219
3219
3217
3216
3216
3213
3213
3212
3207
3207
3207
3207
3207
3205
3204
3204
3201
3200
3200
3196
3195
3195
3194
3194
3194
3193
3193
3193
3191
3189
3187
3186
3185
3184
3182
3182
3182
3181
3179
3178
3177
3176
3176
3172
3170
3169
3169
3167
3167
3166
3164
3164
3164
3163
3163
3162
3161
3159
3159
3157
3155
3155
3154
3152
3151
3149
3148
3148
3147
3147
3146
3146
3145
3145
3145
3143
3142
3141
3135
3130
3122
3122
3120
3116
3115
3115
3113
3113
3113
3113
3113
3112
3111
3109
3108
3107
3106
3106
3105
3102
3102
3098
3095
3094
3094
3092
3091
3091
3090
3090
3089
3088
3088
3087
3086
3086
3086
3085
3085
3084
3080
3079
3078
3074
3073
3071
3070
3067
3067
3065
3064
3064
3064
3063
3059
3058
3058
3056
3053
3052
3051
3051
3050
3049
3049
3049
3046
3046
3044
3044
3043
3038
3037
3034
3032
3032
3029
3028
3027
3026
3025
3025
3024
3024
3021
3020
3020
3018
3018
3017
3008
3008
3008
3007
3007
3005
3005
3005
3004
3004
3003
3003
3003
3000
2999
2999
2999
2998
2996
2996
2996
2995
2992
2990
2990
2989
2987
2987
2987
2987
2986
2985
2984
2983
2982
2981
2981
2979
2979
2979
2979
2977
2976
2975
2974
2974
2973
2970
2970
2970
2969
2969
2967
2967
2967
2967
2964
2964
2963
2961
2961
2959
2957
2955
2953
2952
2952
2951
2951
2950
2948
2948
2947
2946
2946
2945
2945
2945
2945
2941
2940
2940
2940
2939
2938
2936
2935
2934
2933
2933
2933
2933
2932
2932
2932
2932
2932
2930
2929
2928
2927
2927
2925
2925
2924
2924
2923
2922
2922
2919
2919
2919
2918
2917
2917
2916
2915
2914
2913
2913
2913
2911
2909
2907
2905
2904
2904
2903
2902
2899
2899
2898
2897
2897
2896
2895
2893
2893
2893
2892
2892
2892
2891
2889
2888
2888
2888
2887
2886
2885
2884
2884
2882
2881
2881
2881
2880
2879
2878
2878
2877
2877
2876
2876
2876
2875
2874
2872
2872
2872
2870
2868
2868
2867
2867
2862
2862
2861
2859
2858
2857
2857
2855
2854
2853
2852
2851
2851
2851
2851
2849
2848
2847
2847
2845
2843
2839
2838
2836
2835
2835
2834
2829
2828
2826
2822
2821
2820
2820
2819
2819
2818
2817
2817
2816
2814
2814
2814
2812
2811
2811
2811
2810
2810
2810
2809
2808
2807
2807
2804
2803
2801
2801
2797
2796
2796
2794
2793
2792
2792
2792
2791
2790
2790
2789
2789
2785
2785
2784
2780
2778
2778
2776
2775
2774
2773
2772
2771
2770
2770
2770
2770
2770
2768
2765
2765
2765
2764
2763
2763
2763
2763
2761
2761
2759
2759
2758
2758
2757
2756
2755
2755
2754
2754
2753
2753
2752
2752
2752
2751
2751
2751
2750
2750
2749
2744
2741
2737
2737
2735
2735
2734
2734
2732
2732
2731
2726
2726
2722
2722
2721
2720
2720
2719
2717
2716
2716
2714
2712
2710
2710
2709
2707
2706
2706
2703
2702
2702
2699
2699
2696
2694
2691
2688
2687
2686
2681
2681
2680
2680
2680
2679
2677
2677
2675
2672
2672
2671
2671
2671
2671
2669
2668
2667
2666
2666
2665
2665
2662
2662
2661
2660
2659
2658
2654
2654
2654
2653
2653
2653
2652
2651
2651
2650
2648
2648
2648
2645
2645
2642
2642
2641
2641
2641
2640
2640
2639
2639
2639
2638
2637
2637
2637
2636
2634
2633
2632
2632
2631
2630
2630
2629
2628
2628
2625
2624
2622
2621
2620
2618
2618
2618
2618
2617
2616
2615
2614
2614
2613
2612
2612
2611
2610
2607
2605
2604
2604
2604
2603
2602
2602
2601
2600
2600
2598
2598
2596
2594
2594
2594
2593
2593
2590
2588
2587
2585
2585
2584
2584
2584
2582
2581
2581
2580
2579
2579
2579
2577
2577
2575
2575
2573
2571
2571
2571
2570
2570
2568
2567
2566
2566
2566
2564
2564
2563
2561
2559
2557
2557
2554
2554
2554
2553
2553
2548
2546
2545
2544
2544
2540
2540
2539
2536
2534
2532
2531
2531
2530
2527
2526
2524
2523
2522
2520
2520
2516
2514
2514
2513
2512
2508
2507
2507
2506
2505
2505
2505
2505
2504
2503
2503
2502
2502
2501
2501
2500
2498
2497
2491
2491
2489
2488
2488
2488
2486
2486
2484
2483
2482
2482
2481
2479
2479
2477
2476
2475
2475
2474
2472
2471
2470
2468
2467
2467
2466
2465
2465
2464
2464
2463
2463
2463
2463
2463
2462
2462
2462
2461
2461
2461
2461
2460
2456
2456
2456
2454
2454
2452
2451
2448
2447
2446
2441
2441
2441
2441
2440
2438
2438
2437
2437
2436
2436
2435
2433
2433
2433
2432
2430
2428
2428
2427
2427
2426
2424
2421
2419
2418
2414
2414
2411
2411
2409
2409
2408
2408
2408
2407
2406
2405
2405
2405
2403
2402
2401
2398
2397
2397
2396
2395
2395
2393
2393
2389
2388
2387
2387
2386
2385
2383
2382
2382
2381
2380
2380
2378
2378
2376
2375
2375
2374
2372
2370
2368
2367
2367
2366
2364
2364
2362
2362
2361
2360
2359
2356
2356
2356
2353
2353
2350
2349
2349
2348
2347
2346
2345
2345
2344
2344
2344
2343
2343
2343
2341
2340
2339
2338
2334
2333
2332
2331
2330
2330
2329
2329
2329
2328
2328
2326
2325
2325
2323
2323
2322
2319
2318
2317
2316
2316
2314
2314
2313
2312
2308
2307
2307
2306
2305
2305
2304
2304
2302
2301
2301
2299
2297
2297
2295
2294
2293
2289
2289
2289
2287
2286
2284
2284
2283
2281
2280
2279
2277
2275
2275
2274
2273
2272
2272
2267
2267
2265
2263
2260
2259
2258
2258
2254
2253
2252
2248
2245
2245
2244
2243
2243
2242
2240
2240
2239
2238
2237
2236
2236
2236
2234
2234
2232
2232
2231
2231
2230
2230
2229
2228
2226
2226
2225
2225
2225
2222
2220
2220
2219
2219
2219
2217
2216
2214
2213
2213
2211
2210
2209
2208
2208
2208
2208
2207
2207
2202
2201
2200
2197
2197
2194
2193
2193
2192
2190
2190
2187
2187
2187
2186
2186
2186
2185
2184
2181
2180
2178
2177
2176
2173
2173
2172
2170
2170
2169
2169
2167
2165
2165
2164
2163
2162
2162
2161
2161
2160
2159
2158
2155
2155
2154
2152
2150
2149
2149
2145
2144
2143
2143
2142
2141
2140
2138
2138
2136
2133
2133
2132
2131
2131
2131
2130
2130
2128
2127
2127
2126
2126
2126
2125
2124
2123
2123
2123
2123
2121
2120
2118
2115
2113
2108
2108
2108
2108
2107
2107
2107
2106
2106
2106
2105
2105
2103
2102
2102
2102
2101
2100
2100
2100
2099
2099
2098
2095
2095
2094
2094
2092
2092
2092
2091
2090
2088
2087
2085
2084
2084
2083
2083
2083
2082
2082
2080
2079
2078
2076
2076
2075
2074
2073
2072
2070
2068
2068
2065
2065
2062
2062
2062
2062
2061
2060
2060
2058
2057
2057
2056
2056
2056
2055
2055
2054
2054
2054
2053
2052
2052
2052
2051
2050
2050
2049
2048
2047
2047
2046
2045
2044
2043
2042
2042
2041
2040
2038
2038
2035
2034
2033
2032
2032
2032
2031
2029
2029
2028
2028
2025
2024
2024
2024
2023
2022
2021
2020
2016
2015
2014
2014
2011
2010
2010
2008
2008
2007
2007
2007
2005
2004
2003
2001
2000
2000
1999
1999
1997
1997
1997
1997
1995
1994
1993
1993
1993
1990
1989
1989
1987
1985
1985
1984
1983
1980
1977
1975
1975
1975
1975
1975
1974
1973
1971
1971
1970
1968
1968
1966
1965
1965
1964
1964
1963
1963
1962
1962
1961
1961
1961
1959
1959
1957
1955
1955
1952
1950
1947
1947
1946
1946
1945
1945
1944
1940
1940
1939
1939
1938
1936
1934
1934
1932
1932
1931
1929
1928
1928
1926
1924
1923
1922
1921
1921
1919
1919
1919
1919
1917
1917
1916
1915
1914
1913
1913
1912
1912
1912
1910
1909
1909
1908
1908
1907
1907
1904
1904
1902
1902
1902
1901
1901
1899
1898
1894
1893
1893
1893
1890
1889
1888
1887
1887
1886
1886
1886
1883
1883
1882
1880
1880
1879
1877
1877
1875
1874
1874
1872
1872
1871
1870
1870
1869
1869
1868
1865
1865
1864
1863
1862
1861
1861
1861
1859
1859
1859
1857
1857
1854
1854
1853
1851
1851
1850
1850
1850
1849
1848
1842
1842
1840
1839
1838
1836
1834
1833
1833
1833
1832
1832
1832
1830
1830
1830
1825
1821
1819
1819
1818
1817
1815
1814
1813
1810
1809
1807
1806
1805
1803
1801
1798
1798
1797
1796
1795
1795
1793
1793
1792
1791
1790
1789
1788
1788
1788
1786
1786
1784
1784
1783
1781
1780
1780
1779
1779
1774
1773
1772
1771
1771
1770
1768
1768
1768
1766
1764
1762
1760
1759
1758
1757
1754
1754
1753
1751
1751
1751
1750
1749
1749
1747
1747
1746
1745
1744
1744
1741
1740
1737
1735
1735
1731
1731
1730
1728
1728
1727
1727
1727
1726
1724
1716
1715
1711
1709
1708
1705
1703
1703
1701
1701
1700
1698
1697
1697
1695
1694
1692
1690
1689
1688
1688
1688
1688
1686
1686
1686
1685
1685
1684
1684
1683
1683
1681
1681
1680
1680
1679
1676
1675
1673
1672
1672
1672
1671
1670
1669
1668
1668
1667
1667
1666
1662
1660
1659
1658
1657
1656
1651
1650
1649
1649
1645
1643
1642
1642
1641
1638
1637
1636
1635
1635
1634
1634
1634
1633
1632
1632
1631
1631
1631
1629
1628
1627
1627
1627
1626
1626
1625
1623
1622
1618
1618
1618
1616
1615
1615
1615
1615
1615
1612
1612
1611
1610
1610
1609
1605
1604
1603
1602
1602
1602
1601
1599
1598
1596
1594
1594
1593
1593
1592
1592
1592
1590
1588
1584
1579
1578
1576
1576
1575
1574
1574
1573
1573
1572
1570
1570
1569
1568
1568
1566
1565
1565
1565
1565
1564
1564
1563
1563
1560
1559
1559
1559
1559
1559
1559
1559
1557
1557
1557
1557
1554
1551
1550
1550
1548
1548
1546
1545
1543
1542
1542
1541
1541
1541
1539
1538
1538
1537
1536
1536
1536
1535
1535
1535
1535
1534
1534
1533
1532
1530
1530
1529
1526
1526
1525
1524
1522
1521
1520
1520
1518
1518
1518
1515
1515
1511
1510
1506
1505
1504
1503
1502
1501
1499
1497
1497
1496
1495
1493
1492
1489
1488
1488
1488
1487
1487
1486
1483
1482
1481
1481
1478
1478
1477
1477
1476
1474
1473
1473
1470
1470
1469
1469
1469
1468
1467
1466
1466
1466
1465
1465
1462
1461
1461
1460
1460
1458
1457
1455
1454
1454
1453
1452
1452
1451
1451
1450
1450
1449
1447
1447
1446
1443
1442
1441
1440
1439
1439
1436
1435
1434
1434
1432
1432
1430
1429
1428
1428
1427
1426
1422
1422
1422
1420
1418
1418
1417
1417
1415
1414
1414
1411
1410
1409
1407
1404
1401
1401
1400
1400
1400
1399
1399
1399
1396
1396
1395
1395
1395
1395
1393
1392
1392
1391
1389
1388
1386
1386
1385
1385
1382
1381
1381
1381
1380
1379
1379
1378
1378
1377
1377
1376
1374
1374
1373
1373
1372
1372
1371
1370
1370
1369
1368
1366
1365
1365
1363
1362
1361
1361
1360
1358
1358
1357
1357
1356
1355
1353
1352
1351
1351
1350
1348
1348
1347
1346
1346
1345
1344
1344
1343
1342
1342
1341
1340
1339
1338
1337
1337
1337
1334
1331
1331
1331
1331
1330
1329
1329
1329
1328
1327
1326
1325
1325
1324
1323
1321
1320
1319
1318
1317
1316
1316
1316
1316
1315
1314
1313
1312
1311
1311
1310
1306
1304
1303
1302
1301
1300
1300
1300
1298
1296
1294
1294
1294
1293
1291
1288
1287
1285
1285
1284
1283
1283
1281
1281
1280
1280
1278
1275
1275
1273
1273
1273
1272
1271
1270
1269
1268
1268
1267
1266
1264
1263
1262
1259
1259
1258
1256
1256
1254
1253
1253
1252
1251
1251
1251
1249
1249
1249
1249
1248
1247
1246
1245
1244
1244
1244
1241
1240
1239
1238
1238
1234
1234
1234
1233
1231
1231
1229
1228
1226
1225
1223
1223
1223
1222
1222
1221
1219
1218
1218
1217
1216
1216
1215
1215
1210
1209
1208
1207
1205
1203
1202
1202
1201
1201
1201
1200
1199
1199
1197
1195
1195
1195
1193
1191
1190
1189
1186
1185
1182
1182
1181
1180
1179
1179
1177
1176
1176
1176
1174
1170
1170
1169
1166
1166
1163
1163
1161
1161
1161
1160
1159
1159
1157
1157
1155
1154
1153
1152
1152
1151
1151
1151
1148
1147
1146
1143
1142
1141
1141
1139
1139
1137
1134
1134
1132
1132
1132
1130
1129
1129
1129
1129
1127
1125
1124
1124
1118
1118
1117
1117
1116
1116
1112
1111
1105
1104
1104
1103
1103
1102
1102
1101
1101
1100
1099
1099
1098
1097
1096
1096
1096
1095
1092
1092
1091
1091
1090
1090
1089
1087
1087
1086
1085
1085
1084
1083
1083
1082
1080
1080
1080
1080
1078
1078
1078
1074
1074
1074
1073
1070
1070
1069
1068
1068
1068
1064
1063
1063
1063
1063
1063
1060
1060
1060
1059
1059
1057
1057
1056
1055
1054
1053
1053
1051
1051
1051
1049
1048
1045
1044
1043
1042
1040
1040
1040
1040
1039
1039
1039
1039
1036
1034
1033
1032
1032
1030
1030
1029
1029
1026
1025
1024
1024
1024
1023
1022
1020
1020
1020
1020
1019
1018
1018
1018
1017
1016
1016
1016
1015
1014
1012
1011
1009
1009
1007
1005
1005
1004
1004
1002
1000
997
997
996
995
994
994
994
994
992
991
990
989
988
985
982
980
979
979
978
977
977
976
976
976
976
974
974
973
972
972
971
970
969
967
966
966
965
962
962
959
959
959
958
957
953
952
952
952
951
951
948
948
947
947
946
944
943
941
941
939
939
938
936
936
935
932
931
930
929
928
926
925
924
922
921
919
916
916
914
912
910
909
909
909
908
908
906
905
904
902
902
902
901
901
899
897
896
894
893
893
893
891
889
889
887
886
886
885
885
884
884
883
882
880
880
880
879
878
877
876
876
876
876
872
872
872
871
871
870
870
870
868
866
866
865
864
864
863
863
863
858
858
857
857
856
855
853
853
853
853
853
851
849
846
846
846
846
845
844
844
843
843
843
842
840
836
835
830
828
828
826
826
825
823
823
820
819
819
818
813
810
808
805
804
803
803
802
801
801
799
798
796
796
794
793
791
791
790
790
789
789
789
789
787
787
780
780
778
777
777
775
775
774
772
771
770
768
768
768
768
766
764
760
760
758
757
753
751
750
749
749
748
745
745
744
742
740
740
740
739
736
732
728
728
727
727
726
725
723
721
719
719
718
718
717
715
713
710
710
709
708
708
707
705
704
704
703
702
700
700
699
697
697
697
695
694
693
693
688
687
686
686
684
684
683
683
682
680
680
672
671
668
668
668
668
668
668
666
666
664
662
662
661
661
660
658
658
654
652
652
652
650
650
647
647
647
644
643
642
642
641
640
639
638
638
638
637
636
636
636
634
634
634
633
633
632
632
632
632
631
631
629
627
626
624
623
623
619
618
617
617
612
611
610
606
606
605
605
605
604
604
603
598
598
596
595
594
594
591
588
587
587
585
584
584
581
579
579
579
578
577
576
575
574
574
571
569
569
568
567
565
565
563
560
558
555
553
551
551
550
548
547
547
545
544
543
541
539
538
538
537
534
534
534
534
534
533
533
533
531
531
529
528
527
526
522
521
521
521
521
519
518
518
514
513
513
512
512
509
509
508
508
508
507
507
506
506
505
505
501
501
500
496
496
494
492
489
488
488
487
487
483
483
482
481
481
478
477
476
475
475
474
473
470
470
469
467
466
465
464
464
462
461
460
460
459
459
458
458
458
458
457
457
455
453
452
452
452
452
451
449
446
445
444
444
444
443
443
442
442
441
439
439
438
437
437
437
436
436
436
435
433
433
431
430
429
429
428
427
424
422
422
421
421
420
420
415
415
413
412
412
409
409
408
407
406
406
405
402
400
399
398
397
397
396
394
394
393
393
393
392
388
386
384
382
382
381
379
378
376
376
376
375
375
374
374
374
374
372
369
369
367
367
366
365
365
363
362
361
360
360
359
357
357
354
352
351
351
350
350
349
347
347
346
345
345
344
344
343
343
343
343
342
342
341
341
341
341
340
339
339
338
335
335
333
333
332
331
330
329
328
326
326
325
324
324
324
323
323
322
321
321
320
319
318
318
316
313
313
312
311
311
311
311
310
309
308
305
305
304
304
303
303
301
301
301
301
300
298
298
297
295
294
293
293
292
291
291
291
289
289
289
287
286
286
286
285
284
283
281
281
280
278
278
277
277
276
276
275
275
275
273
272
272
272
272
271
271
269
269
268
266
266
266
266
265
264
261
260
259
259
258
258
257
257
256
256
253
252
252
252
251
250
250
249
249
247
245
245
245
245
244
243
242
242
239
237
237
235
235
235
235
234
233
233
232
231
229
229
227
227
225
223
222
221
221
220
217
215
214
214
213
213
213
212
211
210
209
208
204
204
202
202
202
202
201
201
200
199
196
195
194
193
192
191
189
187
187
186
183
182
181
181
179
179
178
177
177
177
176
176
175
174
172
171
171
168
168
166
163
162
161
160
158
158
157
154
153
149
148
146
145
145
145
141
140
138
137
135
134
132
132
132
131
131
130
129
129
128
125
124
122
121
120
118
117
117
116
115
115
113
110
109
107
105
104
103
103
102
101
100
99
97
97
94
92
91
91
90
88
88
86
85
84
84
84
83
80
80
78
76
75
72
72
72
71
70
70
69
67
66
65
65
62
59
58
57
57
56
55
53
48
48
48
48
47
47
46
46
44
44
44
43
42
41
41
39
38
37
35
35
34
33
33
31
30
30
28
28
27
27
26
25
24
22
21
21
19
19
17
17
16
16
15
15
12
11
8
8
7
6
6
4
3
2
1
1
0
0
0
