9998
9997
9993
9992
9992
9990
9989
9986
9986
9982
9981
9979
9977
9977
9974
9973
9973
9973
9972
9972
9972
9971
9970
9969
9969
9969
9968
9968
9967
9967
9966
9965
9965
9964
9963
9963
9961
9961
9960
9959
9959
9958
9958
9957
9957
9955
9953
9952
9952
9952
9951
9948
9948
9948
9947
9945
9944
9944
9943
9941
9940
9940
9940
9940
9939
9938
9937
9936
9935
9932
9931
9931
9931
9929
9924
9922
9922
9922
9921
9920
9919
9917
9917
9916
9915
9915
9915
9913
9912
9911
9910
9909
9908
9907
9906
9903
9903
9903
9903
9900
9899
9899
9898
9896
9896
9896
9896
9894
9892
9892
9892
9890
9889
9888
9888
9887
9887
9887
9885
9885
9883
9882
9881
9881
9880
9879
9878
9877
9875
9874
9873
9873
9873
9871
9871
9869
9865
9865
9865
9863
9861
9861
9859
9858
9856
9855
9855
9854
9854
9854
9851
9851
9850
9850
9850
9849
9846
9844
9842
9842
9842
9841
9840
9840
9839
9839
9839
9839
9838
9838
9837
9837
9836
9836
9836
9835
9835
9834
9834
9833
9832
9832
9830
9829
9826
9826
9825
9825
9824
9822
9820
9820
9819
9815
9815
9814
9813
9812
9810
9809
9805
9805
9804
9803
9803
9802
9801
9798
9798
9797
9796
9796
9793
9793
9793
9793
9791
9789
9787
9786
9783
9783
9782
9781
9779
9778
9778
9778
9777
9776
9775
9774
9773
9773
9771
9771
9771
9770
9770
9768
9767
9767
9767
9766
9766
9765
9764
9764
9764
9762
9762
9761
9761
9761
9760
9758
9758
9755
9752
9752
9750
9749
9749
9748
9745
9742
9742
9742
9740
9739
9738
9737
9736
9736
9735
9734
9730
9729
9728
9727
9724
9724
9724
9722
9720
9717
9715
9714
9712
9709
9709
9709
9707
9707
9707
9706
9705
9703
9703
9703
9702
9701
9700
9697
9697
9696
9696
9695
9695
9695
9694
9693
9692
9692
9690
9690
9690
9688
9688
9686
9686
9682
9682
9679
9678
9676
9675
9675
9674
9672
9670
9670
9666
9663
9660
9659
9657
9656
9655
9655
9654
9654
9653
9650
9650
9649
9648
9648
9647
9646
9646
9644
9643
9643
9641
9639
9637
9635
9635
9635
9633
9633
9631
9630
9629
9628
9628
9627
9626
9626
9626
9625
9625
9625
9625
9623
9622
9622
9619
9618
9617
9616
9616
9612
9611
9607
9607
9606
9606
9606
9605
9602
9602
9600
9600
9599
9598
9598
9597
9594
9594
9593
9593
9593
9592
9591
9591
9590
9589
9588
9588
9587
9586
9586
9585
9584
9582
9581
9581
9580
9579
9578
9577
9576
9575
9573
9571
9570
9570
9569
9568
9566
9566
9565
9564
9564
9564
9564
9563
9561
9561
9558
9556
9556
9553
9553
9553
9552
9550
9550
9546
9546
9546
9544
9542
9542
9541
9540
9540
9540
9538
9538
9536
9535
9534
9534
9534
9531
9529
9528
9525
9525
9524
9524
9524
9524
9524
9523
9521
9520
9519
9518
9517
9514
9514
9514
9514
9511
9509
9508
9508
9507
9506
9506
9505
9501
9501
9501
9500
9499
9498
9495
9495
9494
9492
9488
9486
9485
9482
9482
9480
9479
9477
9476
9475
9475
9474
9474
9474
9473
9471
9471
9470
9469
9468
9468
9468
9467
9466
9465
9465
9464
9462
9461
9459
9458
9457
9456
9454
9454
9454
9454
9453
9449
9446
9446
9446
9445
9444
9442
9440
9437
9435
9434
9433
9433
9430
9428
9427
9426
9424
9423
9423
9422
9421
9419
9419
9419
9418
9418
9416
9412
9411
9411
9411
9410
9409
9408
9407
9406
9403
9399
9398
9395
9395
9395
9395
9393
9391
9391
9390
9390
9389
9388
9387
9387
9386
9383
9383
9382
9380
9380
9379
9376
9376
9375
9373
9373
9372
9371
9371
9369
9369
9369
9368
9367
9367
9366
9366
9365
9364
9363
9363
9362
9361
9361
9361
9359
9359
9358
9356
9356
9356
9354
9354
9350
9350
9349
9348
9347
9345
9343
9341
9341
9338
9335
9335
9330
9330
9330
9329
9329
9328
9326
9325
9325
9325
9324
9323
9322
9322
9321
9319
9318
9318
9316
9316
9314
9314
9312
9312
9312
9311
9311
9310
9308
9308
9306
9305
9304
9301
9301
9300
9300
9300
9299
9298
9298
9297
9296
9295
9295
9293
9292
9291
9291
9290
9289
9289
9287
9286
9286
9285
9284
9283
9282
9279
9278
9278
9278
9277
9274
9274
9272
9271
9271
9271
9271
9269
9266
9266
9261
9261
9260
9260
9259
9255
9254
9253
9253
9253
9253
9253
9252
9251
9251
9250
9249
9246
9245
9244
9243
9243
9239
9237
9236
9232
9232
9232
9231
9230
9229
9228
9226
9226
9225
9224
9222
9221
9220
9218
9217
9216
9215
9215
9212
9211
9210
9208
9207
9207
9204
9202
9201
9199
9199
9198
9198
9197
9195
9193
9191
9190
9189
9187
9186
9185
9184
9184
9183
9180
9180
9180
9180
9179
9179
9178
9175
9175
9174
9174
9173
9173
9172
9170
9167
9167
9166
9163
9162
9161
9158
9158
9157
9157
9156
9156
9154
9153
9151
9151
9150
9146
9144
9142
9141
9141
9140
9139
9137
9135
9133
9133
9132
9132
9131
9131
9131
9129
9129
9129
9128
9127
9126
9126
9125
9125
9125
9124
9123
9123
9120
9119
9119
9119
9117
9116
9116
9113
9111
9109
9109
9108
9108
9108
9105
9104
9103
9103
9101
9100
9097
9095
9095
9094
9093
9091
9091
9091
9089
9089
9086
9086
9086
9085
9085
9084
9082
9082
9082
9077
9077
9076
9076
9076
9075
9074
9073
9073
9072
9070
9070
9069
9068
9068
9068
9064
9063
9062
9062
9060
9059
9058
9058
9058
9057
9055
9054
9052
9052
9052
9048
9047
9046
9045
9045
9044
9044
9043
9043
9041
9041
9041
9040
9038
9038
9037
9036
9034
9034
9034
9033
9032
9031
9029
9027
9026
9026
9025
9024
9022
9021
9021
9020
9020
9019
9019
9018
9017
9017
9015
9015
9015
9014
9013
9011
9010
9009
9007
9007
9005
9005
9003
9002
9000
8997
8996
8996
8995
8994
8993
8992
8992
8990
8988
8986
8986
8985
8985
8985
8985
8985
8982
8981
8979
8979
8978
8977
8976
8975
8975
8973
8970
8970
8970
8969
8969
8967
8964
8961
8960
8960
8959
8957
8955
8954
8953
8953
8950
8950
8949
8949
8949
8948
8947
8945
8945
8944
8944
8944
8942
8941
8939
8935
8932
8932
8931
8931
8931
8931
8930
8929
8926
8924
8924
8924
8923
8921
8919
8919
8918
8918
8917
8915
8913
8913
8912
8912
8911
8911
8910
8910
8909
8908
8908
8908
8906
8904
8903
8902
8900
8899
8899
8898
8896
8896
8896
8895
8894
8892
8892
8892
8892
8892
8890
8890
8888
8887
8887
8886
8886
8885
8885
8885
8884
8881
8879
8878
8877
8873
8873
8872
8871
8870
8870
8869
8868
8867
8867
8865
8865
8865
8865
8862
8861
8860
8859
8857
8856
8855
8855
8853
8853
8852
8851
8850
8849
8849
8846
8846
8845
8845
8845
8844
8844
8844
8841
8841
8838
8836
8836
8834
8832
8832
8831
8831
8830
8829
8826
8824
8824
8824
8819
8818
8818
8816
8816
8815
8809
8809
8808
8807
8805
8805
8804
8803
8802
8802
8801
8800
8799
8798
8797
8797
8797
8797
8796
8794
8788
8788
8785
8785
8784
8784
8782
8782
8781
8781
8780
8780
8777
8777
8776
8776
8775
8775
8775
8774
8774
8774
8773
8772
8771
8771
8769
8768
8768
8768
8767
8765
8765
8763
8762
8762
8761
8761
8758
8758
8757
8757
8756
8754
8754
8753
8753
8753
8752
8752
8750
8750
8750
8747
8743
8743
8742
8742
8739
8738
8738
8737
8735
8732
8732
8730
8728
8727
8727
8726
8723
8723
8722
8721
8720
8720
8719
8718
8718
8717
8716
8715
8715
8715
8714
8714
8713
8712
8710
8709
8708
8707
8707
8706
8701
8699
8698
8697
8696
8694
8690
8690
8689
8689
8687
8686
8686
8686
8685
8685
8685
8684
8684
8683
8683
8682
8681
8680
8680
8678
8678
8676
8675
8675
8674
8674
8674
8673
8673
8673
8670
8670
8669
8669
8669
8667
8666
8666
8666
8664
8664
8663
8662
8661
8660
8660
8659
8658
8658
8658
8657
8657
8656
8656
8654
8654
8654
8652
8650
8650
8648
8644
8643
8642
8641
8640
8640
8639
8638
8638
8638
8634
8634
8633
8633
8632
8632
8631
8631
8630
8629
8628
8627
8627
8626
8626
8626
8620
8619
8619
8617
8616
8614
8613
8612
8609
8607
8606
8605
8605
8605
8604
8604
8604
8603
8603
8602
8602
8602
8601
8598
8597
8596
8594
8593
8593
8591
8590
8590
8589
8586
8583
8580
8580
8579
8577
8577
8576
8576
8575
8575
8572
8571
8570
8570
8569
8569
8567
8566
8565
8563
8561
8561
8560
8559
8558
8555
8555
8554
8552
8552
8551
8549
8549
8546
8545
8545
8544
8542
8542
8542
8540
8538
8537
8535
8534
8530
8527
8527
8526
8525
8524
8523
8523
8522
8522
8522
8519
8518
8518
8517
8517
8516
8514
8513
8511
8511
8507
8507
8507
8506
8506
8506
8505
8503
8503
8503
8502
8501
8499
8499
8499
8498
8497
8497
8497
8496
8494
8493
8493
8491
8490
8490
8486
8486
8485
8483
8481
8481
8480
8479
8477
8477
8476
8476
8476
8476
8475
8475
8474
8473
8473
8472
8472
8472
8471
8469
8469
8468
8468
8468
8468
8467
8466
8466
8464
8463
8460
8460
8460
8459
8459
8459
8458
8455
8455
8453
8452
8450
8449
8449
8447
8447
8445
8445
8444
8442
8442
8442
8440
8439
8437
8437
8437
8436
8435
8435
8433
8433
8432
8432
8431
8430
8430
8429
8429
8429
8429
8427
8427
8427
8427
8427
8426
8425
8422
8421
8419
8418
8417
8416
8416
8415
8415
8415
8415
8413
8413
8413
8412
8411
8411
8411
8410
8407
8405
8405
8405
8401
8400
8399
8398
8398
8397
8397
8395
8394
8392
8391
8389
8388
8388
8388
8384
8384
8383
8383
8382
8382
8381
8381
8380
8378
8378
8378
8378
8375
8373
8372
8372
8371
8371
8371
8369
8369
8368
8367
8366
8366
8366
8365
8364
8364
8361
8359
8359
8359
8358
8358
8358
8357
8356
8355
8355
8354
8354
8352
8352
8351
8351
8350
8349
8346
8346
8343
8342
8342
8341
8340
8340
8339
8339
8339
8338
8337
8336
8336
8335
8335
8334
8333
8333
8332
8332
8329
8328
8328
8323
8320
8320
8319
8313
8313
8313
8313
8312
8310
8309
8307
8306
8306
8306
8306
8305
8305
8303
8302
8301
8301
8298
8298
8297
8295
8293
8293
8288
8284
8283
8282
8282
8278
8277
8277
8276
8273
8271
8271
8271
8270
8268
8268
8266
8265
8264
8264
8264
8263
8262
8261
8261
8261
8260
8260
8259
8258
8258
8258
8257
8257
8256
8254
8254
8252
8252
8251
8251
8250
8250
8248
8248
8246
8246
8245
8243
8243
8241
8241
8239
8239
8238
8236
8234
8234
8233
8233
8232
8232
8232
8231
8230
8229
8229
8227
8227
8226
8225
8224
8223
8222
8221
8220
8219
8219
8216
8216
8216
8213
8212
8212
8211
8210
8209
8206
8206
8205
8204
8201
8200
8200
8199
8198
8194
8194
8193
8191
8191
8189
8189
8189
8189
8187
8187
8184
8181
8181
8180
8178
8175
8174
8171
8170
8170
8169
8168
8168
8165
8165
8165
8163
8161
8160
8160
8160
8159
8158
8158
8157
8154
8152
8150
8148
8147
8147
8145
8145
8145
8143
8142
8142
8142
8140
8139
8139
8135
8133
8133
8129
8128
8126
8125
8124
8124
8123
8123
8122
8121
8121
8118
8117
8117
8116
8112
8111
8111
8109
8109
8108
8103
8102
8101
8101
8099
8098
8097
8095
8095
8095
8094
8091
8089
8085
8085
8084
8084
8083
8083
8082
8082
8082
8080
8076
8075
8073
8071
8070
8070
8069
8067
8066
8066
8064
8063
8063
8063
8062
8060
8059
8059
8057
8054
8053
8053
8052
8052
8051
8050
8050
8049
8049
8048
8047
8045
8044
8042
8042
8042
8041
8040
8040
8039
8035
8034
8034
8034
8033
8032
8032
8030
8030
8029
8028
8028
8027
8027
8025
8025
8023
8020
8019
8019
8017
8017
8016
8015
8015
8014
8014
8012
8011
8011
8011
8010
8010
8008
8007
8006
8005
8004
8003
8003
8002
8001
8001
8001
8001
8000
7995
7995
7993
7992
7991
7991
7991
7991
7989
7989
7989
7989
7988
7988
7988
7987
7986
7986
7984
7984
7984
7983
7982
7980
7980
7977
7976
7976
7975
7975
7974
7974
7972
7972
7972
7971
7971
7969
7969
7969
7967
7967
7966
7965
7965
7963
7963
7963
7963
7962
7962
7961
7960
7958
7958
7958
7957
7956
7955
7955
7954
7952
7950
7950
7949
7947
7946
7942
7942
7941
7939
7939
7937
7937
7937
7934
7933
7933
7932
7931
7931
7930
7929
7928
7928
7928
7927
7926
7925
7924
7922
7921
7921
7921
7919
7917
7917
7917
7917
7916
7915
7915
7914
7914
7913
7912
7912
7911
7910
7910
7910
7910
7909
7907
7907
7907
7905
7905
7905
7904
7904
7901
7900
7899
7897
7897
7896
7895
7893
7892
7892
7890
7890
7889
7889
7887
7886
7886
7886
7886
7884
7884
7884
7884
7882
7880
7878
7875
7874
7872
7871
7871
7870
7870
7870
7870
7869
7869
7865
7863
7859
7859
7859
7857
7855
7855
7854
7853
7850
7850
7849
7848
7848
7847
7846
7845
7844
7844
7844
7843
7843
7842
7842
7842
7842
7839
7838
7838
7835
7833
7831
7830
7830
7830
7829
7829
7826
7826
7825
7825
7824
7823
7823
7822
7819
7817
7816
7815
7815
7814
7813
7812
7811
7811
7811
7810
7808
7808
7805
7804
7803
7803
7803
7801
7800
7800
7799
7798
7795
7793
7793
7790
7788
7787
7787
7786
7786
7784
7783
7781
7781
7780
7777
7777
7777
7776
7776
7775
7773
7772
7771
7769
7768
7767
7766
7765
7765
7765
7765
7763
7763
7762
7762
7760
7760
7759
7757
7756
7756
7756
7755
7755
7754
7754
7752
7751
7750
7749
7749
7749
7747
7744
7743
7742
7741
7740
7738
7737
7737
7737
7737
7735
7734
7734
7733
7733
7732
7732
7731
7730
7730
7729
7726
7726
7725
7723
7721
7718
7718
7718
7717
7715
7712
7711
7711
7711
7711
7709
7709
7708
7708
7706
7706
7705
7704
7704
7701
7701
7701
7701
7700
7699
7698
7698
7698
7697
7697
7696
7696
7695
7694
7694
7693
7692
7692
7692
7691
7691
7690
7688
7686
7686
7685
7684
7682
7682
7678
7678
7677
7674
7671
7670
7667
7663
7663
7661
7661
7661
7659
7657
7657
7657
7655
7652
7652
7652
7651
7649
7648
7647
7646
7645
7644
7642
7641
7641
7640
7634
7632
7632
7632
7627
7627
7627
7626
7625
7624
7623
7622
7622
7622
7621
7619
7619
7618
7616
7613
7613
7612
7612
7612
7611
7607
7606
7604
7603
7601
7601
7600
7599
7598
7598
7598
7595
7593
7593
7592
7591
7591
7590
7590
7588
7587
7585
7585
7585
7585
7584
7583
7583
7583
7582
7581
7580
7579
7578
7578
7578
7577
7577
7576
7574
7574
7574
7573
7573
7571
7571
7569
7569
7569
7568
7567
7565
7564
7563
7563
7562
7560
7559
7557
7555
7554
7551
7551
7550
7550
7549
7549
7548
7547
7547
7547
7546
7546
7545
7545
7543
7543
7543
7542
7535
7534
7533
7533
7533
7531
7529
7529
7529
7529
7527
7527
7525
7524
7523
7523
7522
7522
7520
7520
7519
7518
7515
7515
7514
7512
7512
7511
7511
7510
7510
7510
7508
7508
7508
7507
7507
7505
7503
7502
7501
7500
7499
7497
7496
7496
7496
7495
7495
7495
7492
7491
7490
7490
7490
7488
7486
7486
7485
7485
7484
7484
7482
7481
7481
7481
7481
7480
7480
7479
7479
7477
7475
7475
7473
7473
7472
7472
7470
7469
7468
7468
7468
7467
7466
7466
7466
7465
7465
7462
7459
7458
7457
7456
7455
7451
7451
7451
7449
7449
7448
7446
7444
7444
7444
7444
7443
7442
7441
7438
7437
7436
7436
7436
7434
7431
7431
7431
7431
7431
7431
7430
7429
7429
7428
7427
7426
7425
7425
7424
7422
7418
7416
7416
7416
7415
7414
7413
7408
7407
7407
7407
7406
7405
7405
7405
7404
7403
7402
7400
7398
7397
7396
7395
7393
7392
7392
7392
7392
7390
7389
7389
7387
7386
7385
7384
7384
7383
7383
7383
7383
7382
7380
7380
7379
7378
7377
7376
7376
7376
7375
7373
7371
7366
7366
7364
7364
7362
7362
7361
7361
7360
7359
7358
7358
7358
7358
7358
7357
7355
7354
7353
7352
7351
7351
7351
7349
7349
7349
7347
7347
7346
7346
7343
7342
7342
7341
7341
7340
7339
7337
7336
7334
7331
7331
7329
7329
7328
7328
7327
7324
7324
7323
7322
7322
7320
7318
7317
7317
7315
7315
7315
7314
7311
7308
7307
7307
7307
7305
7304
7304
7301
7299
7299
7297
7297
7295
7294
7294
7289
7288
7287
7285
7285
7284
7283
7282
7282
7281
7280
7279
7277
7275
7273
7272
7272
7271
7271
7271
7270
7270
7265
7265
7265
7261
7259
7258
7254
7252
7250
7250
7250
7249
7248
7247
7246
7243
7242
7242
7240
7239
7238
7238
7237
7236
7235
7233
7232
7231
7228
7227
7226
7224
7221
7221
7219
7219
7219
7218
7217
7215
7215
7215
7214
7214
7213
7212
7211
7209
7207
7206
7206
7205
7203
7202
7199
7198
7198
7197
7197
7197
7196
7194
7193
7191
7190
7190
7188
7188
7187
7187
7186
7186
7186
7185
7185
7185
7183
7182
7182
7182
7181
7181
7181
7180
7178
7176
7176
7175
7175
7174
7172
7172
7171
7169
7168
7168
7168
7168
7167
7166
7166
7165
7163
7162
7160
7160
7159
7159
7158
7157
7155
7155
7155
7153
7151
7149
7148
7148
7148
7145
7145
7144
7143
7140
7139
7138
7136
7136
7136
7135
7134
7134
7133
7132
7131
7130
7130
7128
7128
7127
7126
7126
7125
7125
7123
7122
7122
7122
7121
7119
7119
7118
7118
7118
7115
7115
7115
7114
7113
7113
7113
7112
7111
7111
7110
7110
7110
7109
7109
7107
7107
7105
7102
7102
7100
7100
7100
7098
7097
7096
7096
7096
7095
7093
7091
7089
7087
7087
7087
7085
7083
7082
7082
7080
7080
7080
7078
7077
7076
7073
7072
7071
7071
7070
7069
7069
7068
7067
7067
7065
7064
7064
7063
7062
7060
7060
7059
7059
7056
7055
7054
7054
7054
7052
7051
7049
7049
7048
7047
7047
7045
7045
7043
7040
7039
7039
7039
7036
7035
7034
7034
7033
7029
7028
7028
7028
7026
7025
7022
7021
7021
7021
7020
7019
7017
7017
7016
7016
7015
7012
7006
7006
7005
7001
7000
6997
6993
6991
6990
6990
6989
6989
6986
6986
6982
6982
6980
6979
6978
6978
6976
6974
6973
6972
6972
6972
6971
6971
6969
6967
6967
6965
6965
6964
6963
6963
6960
6959
6959
6958
6958
6957
6957
6957
6957
6956
6954
6953
6953
6952
6951
6948
6946
6945
6945
6944
6943
6943
6942
6940
6939
6937
6937
6936
6935
6935
6935
6935
6933
6932
6931
6930
6928
6926
6925
6925
6923
6922
6922
6920
6917
6916
6916
6915
6915
6914
6913
6912
6911
6910
6909
6909
6907
6907
6904
6904
6903
6903
6903
6901
6901
6901
6899
6898
6898
6896
6896
6896
6896
6895
6894
6893
6892
6890
6889
6888
6888
6887
6886
6885
6883
6881
6878
6877
6876
6875
6874
6874
6872
6872
6871
6867
6867
6867
6866
6864
6862
6862
6861
6861
6857
6857
6856
6855
6855
6854
6854
6853
6851
6851
6851
6850
6849
6849
6849
6843
6843
6841
6840
6840
6840
6840
6839
6838
6838
6838
6837
6837
6834
6834
6833
6832
6832
6830
6830
6829
6829
6829
6828
6828
6828
6828
6824
6823
6823
6822
6822
6822
6822
6821
6820
6819
6818
6815
6813
6812
6812
6811
6809
6808
6807
6805
6805
6804
6803
6803
6802
6801
6798
6798
6796
6794
6794
6794
6793
6792
6791
6790
6790
6789
6788
6783
6783
6782
6782
6781
6780
6779
6775
6773
6772
6770
6769
6769
6768
6768
6763
6763
6762
6761
6761
6761
6761
6759
6759
6759
6757
6755
6755
6753
6753
6753
6752
6752
6750
6750
6750
6750
6746
6744
6744
6744
6743
6742
6742
6742
6741
6740
6739
6738
6737
6736
6735
6735
6734
6734
6733
6732
6732
6731
6731
6731
6731
6730
6730
6728
6724
6724
6724
6721
6720
6720
6720
6717
6715
6713
6711
6711
6709
6708
6707
6706
6703
6702
6702
6701
6701
6699
6699
6697
6691
6690
6689
6689
6688
6688
6687
6686
6683
6682
6682
6679
6678
6678
6677
6677
6676
6675
6674
6673
6672
6670
6670
6670
6668
6668
6666
6666
6666
6665
6664
6664
6662
6662
6659
6658
6658
6658
6657
6656
6654
6654
6653
6651
6651
6651
6647
6645
6643
6642
6641
6641
6639
6639
6637
6636
6633
6633
6632
6632
6631
6630
6630
6630
6629
6628
6627
6624
6624
6624
6622
6621
6621
6617
6616
6615
6614
6611
6610
6610
6609
6609
6608
6608
6607
6607
6605
6603
6602
6601
6600
6599
6594
6594
6593
6592
6591
6591
6588
6587
6586
6582
6582
6581
6581
6581
6579
6578
6575
6574
6574
6573
6572
6571
6569
6569
6567
6566
6565
6565
6565
6562
6562
6560
6560
6559
6559
6558
6556
6554
6553
6553
6553
6551
6550
6549
6548
6546
6545
6543
6543
6543
6542
6542
6541
6540
6540
6540
6540
6540
6540
6540
6537
6535
6535
6535
6528
6527
6527
6526
6526
6526
6526
6525
6523
6522
6520
6520
6519
6519
6519
6519
6518
6516
6515
6515
6511
6511
6511
6510
6509
6507
6505
6502
6502
6501
6498
6497
6497
6496
6495
6493
6492
6490
6484
6481
6481
6481
6479
6478
6478
6478
6478
6477
6476
6474
6474
6473
6470
6470
6469
6468
6467
6466
6465
6465
6465
6464
6464
6462
6460
6459
6459
6452
6449
6448
6448
6447
6446
6445
6442
6442
6441
6440
6440
6439
6439
6439
6438
6435
6434
6433
6433
6432
6430
6428
6428
6428
6428
6426
6426
6426
6423
6420
6419
6417
6417
6416
6415
6414
6413
6411
6409
6409
6409
6409
6408
6407
6406
6406
6405
6403
6403
6402
6402
6401
6400
6398
6398
6397
6396
6396
6396
6396
6395
6395
6394
6392
6392
6390
6390
6390
6390
6389
6389
6388
6386
6385
6384
6384
6383
6383
6381
6376
6376
6376
6375
6374
6372
6371
6371
6371
6370
6370
6366
6366
6365
6363
6361
6361
6360
6359
6357
6356
6355
6354
6354
6350
6348
6346
6345
6345
6345
6345
6344
6343
6341
6341
6338
6337
6337
6336
6336
6334
6333
6333
6331
6331
6330
6329
6327
6325
6323
6322
6322
6320
6320
6319
6319
6316
6316
6316
6315
6315
6314
6314
6312
6312
6309
6308
6307
6307
6307
6306
6306
6306
6305
6305
6305
6304
6304
6300
6297
6296
6295
6295
6294
6291
6290
6290
6289
6288
6288
6288
6286
6286
6285
6285
6284
6284
6284
6284
6283
6282
6281
6280
6278
6278
6276
6275
6274
6273
6272
6271
6269
6267
6265
6263
6262
6262
6261
6259
6259
6258
6257
6255
6254
6254
6254
6253
6253
6252
6251
6250
6249
6248
6246
6244
6244
6243
6241
6240
6237
6236
6236
6234
6234
6234
6232
6232
6231
6231
6230
6230
6229
6226
6226
6225
6225
6223
6222
6221
6220
6220
6219
6219
6218
6218
6217
6216
6216
6213
6213
6211
6211
6211
6211
6210
6207
6207
6206
6206
6206
6206
6205
6205
6205
6204
6201
6196
6196
6193
6190
6189
6188
6188
6187
6186
6183
6182
6182
6182
6179
6176
6176
6175
6175
6173
6171
6171
6171
6169
6167
6166
6166
6166
6164
6164
6164
6163
6162
6161
6160
6160
6159
6159
6158
6157
6157
6156
6156
6155
6154
6153
6153
6152
6152
6152
6152
6151
6151
6150
6150
6150
6149
6148
6146
6145
6143
6138
6136
6135
6134
6132
6131
6130
6129
6125
6124
6124
6124
6123
6123
6119
6117
6116
6116
6113
6112
6112
6111
6109
6106
6105
6104
6104
6104
6103
6102
6102
6101
6101
6099
6099
6098
6096
6096
6093
6092
6089
6088
6086
6086
6083
6081
6077
6076
6075
6074
6073
6071
6071
6070
6068
6066
6065
6065
6064
6064
6063
6063
6060
6060
6059
6059
6057
6056
6055
6054
6054
6053
6050
6050
6048
6048
6047
6046
6046
6043
6043
6041
6039
6038
6037
6037
6036
6033
6031
6030
6028
6028
6027
6026
6025
6024
6024
6024
6023
6023
6022
6021
6021
6020
6019
6018
6017
6016
6015
6014
6014
6013
6011
6011
6009
6007
6007
6004
6003
6003
5995
5993
5992
5992
5991
5986
5986
5986
5983
5982
5980
5980
5979
5978
5977
5977
5976
5974
5973
5972
5970
5966
5966
5966
5964
5964
5964
5963
5963
5961
5960
5960
5960
5959
5958
5958
5956
5956
5955
5954
5952
5952
5951
5951
5951
5950
5947
5947
5946
5945
5944
5943
5942
5941
5941
5941
5941
5939
5938
5937
5937
5936
5934
5934
5932
5932
5931
5931
5931
5931
5931
5930
5927
5926
5926
5924
5923
5922
5921
5920
5920
5918
5918
5917
5914
5912
5912
5911
5911
5911
5910
5909
5908
5908
5906
5905
5905
5904
5903
5902
5901
5900
5898
5897
5892
5890
5890
5889
5889
5889
5888
5887
5886
5885
5884
5883
5882
5882
5881
5880
5879
5878
5878
5877
5876
5876
5875
5870
5867
5866
5866
5865
5863
5863
5862
5861
5860
5860
5859
5858
5857
5855
5855
5855
5855
5854
5853
5853
5852
5852
5851
5850
5848
5848
5848
5847
5846
5845
5844
5844
5842
5841
5841
5839
5839
5839
5836
5836
5836
5835
5834
5834
5833
5831
5831
5829
5828
5826
5825
5825
5824
5824
5823
5822
5821
5820
5820
5819
5818
5818
5818
5818
5817
5817
5815
5815
5815
5814
5813
5812
5812
5811
5809
5809
5808
5808
5806
5806
5805
5804
5802
5802
5801
5800
5799
5799
5796
5796
5796
5795
5794
5793
5793
5793
5793
5793
5792
5792
5792
5792
5790
5786
5785
5785
5785
5784
5783
5780
5777
5776
5775
5772
5769
5769
5766
5764
5761
5761
5760
5757
5757
5755
5754
5753
5753
5753
5752
5752
5751
5748
5747
5746
5743
5743
5743
5742
5741
5740
5739
5738
5737
5737
5736
5735
5735
5734
5733
5733
5730
5730
5728
5728
5728
5727
5726
5725
5724
5723
5722
5719
5719
5718
5718
5716
5714
5714
5713
5712
5712
5711
5711
5711
5711
5710
5709
5708
5708
5707
5706
5703
5701
5701
5699
5699
5699
5699
5697
5697
5697
5695
5694
5693
5693
5693
5691
5691
5690
5690
5688
5688
5688
5687
5687
5687
5686
5684
5683
5683
5683
5682
5681
5680
5678
5677
5676
5676
5674
5674
5670
5669
5669
5668
5667
5663
5660
5657
5657
5657
5654
5654
5654
5654
5651
5651
5650
5650
5650
5649
5649
5649
5648
5647
5647
5646
5645
5644
5644
5643
5643
5641
5641
5639
5639
5639
5638
5638
5634
5634
5633
5630
5630
5629
5628
5626
5626
5625
5623
5623
5622
5621
5621
5616
5615
5615
5615
5614
5614
5612
5611
5608
5608
5608
5607
5605
5605
5604
5603
5600
5600
5600
5599
5599
5599
5599
5597
5596
5595
5594
5593
5592
5591
5587
5584
5582
5582
5582
5580
5579
5579
5577
5576
5575
5574
5574
5571
5569
5568
5565
5565
5564
5563
5561
5559
5559
5558
5557
5554
5554
5554
5552
5551
5548
5547
5547
5547
5545
5544
5544
5543
5543
5542
5541
5541
5539
5539
5538
5537
5535
5532
5530
5530
5529
5529
5528
5526
5526
5526
5523
5521
5520
5519
5516
5516
5514
5514
5512
5510
5510
5509
5507
5505
5505
5504
5502
5502
5500
5498
5497
5497
5497
5496
5494
5491
5490
5490
5489
5489
5489
5488
5488
5488
5487
5486
5486
5485
5485
5484
5484
5484
5481
5481
5480
5478
5477
5477
5476
5475
5473
5472
5471
5470
5468
5467
5466
5465
5464
5463
5462
5462
5459
5458
5458
5458
5457
5457
5457
5457
5456
5454
5453
5452
5451
5450
5449
5447
5447
5447
5446
5445
5445
5444
5444
5443
5442
5442
5441
5440
5440
5440
5439
5439
5438
5438
5436
5436
5435
5435
5431
5430
5429
5427
5427
5426
5426
5425
5423
5422
5420
5420
5420
5419
5418
5418
5417
5416
5412
5409
5407
5405
5405
5402
5400
5399
5399
5398
5398
5397
5397
5395
5393
5392
5392
5391
5389
5389
5388
5388
5387
5386
5386
5385
5385
5385
5384
5383
5381
5380
5379
5378
5378
5377
5377
5376
5375
5374
5374
5372
5371
5371
5371
5368
5366
5362
5361
5360
5359
5359
5359
5359
5358
5358
5356
5355
5355
5353
5353
5351
5351
5351
5349
5348
5347
5347
5347
5346
5346
5346
5346
5345
5345
5344
5343
5341
5341
5339
5338
5337
5335
5334
5334
5333
5333
5332
5331
5329
5328
5327
5327
5326
5326
5325
5325
5325
5325
5324
5322
5322
5321
5321
5320
5319
5318
5317
5316
5315
5315
5315
5314
5311
5309
5308
5308
5305
5304
5304
5304
5304
5303
5300
5300
5300
5300
5299
5299
5298
5298
5297
5294
5294
5294
5293
5293
5293
5291
5291
5287
5285
5285
5282
5281
5281
5280
5280
5280
5279
5274
5274
5273
5272
5272
5271
5270
5270
5269
5269
5269
5268
5268
5267
5265
5264
5263
5261
5261
5259
5258
5258
5257
5257
5257
5254
5254
5253
5252
5251
5249
5249
5248
5246
5245
5244
5244
5242
5241
5240
5239
5239
5238
5238
5236
5235
5234
5234
5234
5234
5233
5232
5232
5232
5231
5231
5230
5229
5229
5228
5227
5225
5224
5224
5224
5224
5223
5223
5222
5221
5219
5219
5218
5218
5218
5218
5217
5217
5216
5215
5214
5211
5210
5207
5207
5206
5206
5206
5201
5200
5200
5200
5199
5197
5197
5197
5196
5196
5195
5194
5193
5192
5192
5191
5191
5185
5185
5184
5181
5181
5181
5180
5179
5178
5177
5176
5173
5169
5168
5165
5163
5159
5159
5154
5153
5153
5152
5147
5145
5145
5145
5144
5143
5143
5142
5142
5141
5140
5138
5138
5137
5137
5135
5135
5134
5133
5133
5131
5130
5130
5129
5127
5125
5121
5120
5119
5119
5116
5115
5115
5114
5114
5113
5113
5113
5112
5110
5110
5110
5110
5108
5108
5107
5107
5107
5104
5098
5096
5096
5095
5091
5089
5088
5087
5087
5086
5086
5085
5085
5084
5083
5083
5081
5081
5080
5079
5079
5078
5078
5075
5074
5074
5073
5071
5071
5070
5068
5066
5058
5057
5054
5052
5051
5051
5051
5049
5049
5048
5047
5047
5046
5046
5046
5042
5040
5040
5039
5036
5035
5035
5032
5031
5030
5029
5029
5028
5028
5027
5025
5025
5025
5021
5020
5020
5019
5018
5018
5017
5016
5014
5012
5012
5011
5010
5009
5009
5008
5008
5007
5007
5006
5006
5005
5005
5005
5005
5004
5003
5002
5001
5000
4997
4997
4997
4996
4994
4993
4992
4991
4990
4990
4987
4986
4986
4986
4985
4983
4983
4981
4978
4978
4976
4976
4975
4973
4972
4972
4971
4968
4968
4966
4964
4963
4963
4962
4962
4961
4960
4960
4959
4959
4959
4958
4957
4956
4955
4955
4955
4954
4952
4951
4950
4950
4948
4947
4944
4944
4943
4943
4941
4939
4938
4937
4936
4935
4935
4933
4932
4932
4931
4930
4929
4929
4928
4928
4928
4927
4924
4922
4922
4920
4919
4917
4917
4917
4916
4915
4914
4914
4913
4912
4911
4909
4908
4908
4906
4904
4903
4902
4900
4899
4899
4899
4899
4898
4898
4897
4896
4892
4891
4891
4890
4888
4888
4888
4886
4885
4885
4885
4885
4880
4879
4878
4878
4878
4876
4874
4874
4873
4873
4873
4869
4866
4866
4864
4863
4862
4862
4861
4861
4859
4858
4858
4857
4855
4855
4849
4848
4846
4844
4844
4843
4843
4843
4842
4836
4835
4834
4833
4832
4832
4832
4832
4828
4828
4826
4826
4825
4825
4825
4825
4825
4825
4823
4822
4820
4819
4816
4815
4815
4815
4815
4814
4813
4811
4810
4809
4808
4807
4806
4806
4806
4804
4804
4802
4802
4801
4799
4799
4798
4797
4796
4796
4796
4796
4795
4795
4792
4790
4789
4789
4787
4786
4785
4785
4784
4784
4783
4782
4782
4782
4781
4780
4778
4778
4777
4776
4773
4773
4772
4771
4770
4769
4768
4766
4765
4764
4763
4759
4756
4755
4755
4754
4752
4752
4751
4750
4750
4749
4749
4749
4748
4746
4745
4744
4743
4742
4741
4740
4735
4733
4732
4732
4731
4731
4731
4731
4730
4729
4729
4726
4726
4726
4724
4724
4723
4721
4719
4717
4717
4717
4716
4716
4715
4713
4713
4710
4709
4709
4708
4707
4707
4707
4706
4705
4704
4703
4700
4698
4697
4697
4695
4693
4693
4692
4691
4689
4688
4687
4686
4685
4685
4684
4683
4682
4682
4680
4679
4678
4677
4676
4676
4674
4671
4671
4670
4670
4668
4666
4666
4665
4665
4663
4663
4662
4661
4661
4661
4658
4658
4657
4657
4657
4654
4653
4652
4650
4650
4650
4649
4649
4647
4644
4642
4641
4639
4637
4636
4635
4633
4633
4632
4630
4629
4629
4628
4627
4626
4626
4626
4625
4623
4623
4623
4622
4621
4620
4618
4617
4617
4616
4615
4615
4614
4611
4610
4609
4608
4608
4606
4605
4605
4605
4602
4602
4601
4600
4600
4597
4596
4596
4593
4593
4593
4589
4587
4586
4586
4585
4583
4583
4582
4579
4578
4578
4578
4577
4576
4576
4576
4574
4574
4574
4573
4571
4570
4570
4569
4568
4567
4567
4565
4565
4563
4562
4559
4559
4556
4556
4555
4553
4551
4551
4551
4550
4547
4545
4542
4540
4539
4538
4534
4534
4533
4532
4531
4531
4531
4530
4530
4527
4524
4522
4520
4520
4519
4519
4518
4518
4517
4517
4517
4515
4514
4513
4512
4512
4511
4509
4506
4506
4505
4505
4505
4500
4500
4499
4498
4497
4496
4492
4491
4490
4487
4486
4484
4484
4483
4482
4482
4479
4478
4478
4477
4477
4475
4473
4473
4471
4471
4470
4469
4469
4467
4466
4465
4463
4463
4462
4460
4459
4459
4459
4457
4455
4454
4453
4453
4452
4451
4450
4449
4447
4446
4445
4445
4444
4444
4444
4443
4441
4441
4440
4439
4439
4439
4438
4437
4437
4436
4435
4430
4430
4429
4428
4428
4427
4427
4424
4420
4420
4418
4418
4417
4416
4415
4415
4415
4414
4412
4411
4410
4409
4409
4408
4408
4407
4407
4407
4406
4406
4405
4405
4404
4404
4402
4400
4396
4391
4389
4389
4389
4388
4388
4388
4387
4386
4385
4385
4380
4378
4376
4376
4375
4373
4373
4373
4371
4369
4369
4368
4366
4365
4363
4361
4361
4360
4360
4356
4356
4353
4353
4351
4351
4349
4348
4348
4347
4347
4345
4344
4344
4342
4342
4338
4337
4335
4335
4335
4334
4333
4332
4330
4328
4327
4326
4326
4325
4324
4322
4321
4319
4318
4317
4317
4316
4316
4315
4315
4312
4312
4311
4310
4309
4308
4307
4307
4307
4306
4305
4303
4303
4302
4302
4302
4302
4299
4299
4295
4295
4294
4293
4292
4291
4291
4288
4287
4285
4284
4283
4283
4283
4280
4279
4278
4277
4276
4276
4275
4274
4274
4273
4271
4270
4268
4268
4267
4265
4265
4263
4263
4262
4262
4259
4259
4258
4258
4256
4256
4256
4252
4251
4248
4247
4247
4246
4246
4246
4243
4242
4239
4236
4236
4235
4235
4234
4232
4231
4231
4231
4229
4228
4228
4228
4228
4227
4227
4223
4223
4222
4220
4219
4219
4219
4219
4218
4218
4218
4217
4215
4215
4215
4214
4213
4213
4213
4212
4212
4210
4206
4205
4205
4205
4205
4204
4202
4202
4202
4201
4201
4196
4196
4191
4191
4188
4187
4187
4186
4185
4182
4182
4176
4174
4173
4173
4173
4173
4173
4172
4172
4172
4171
4170
4169
4169
4167
4166
4164
4163
4162
4160
4158
4157
4157
4156
4156
4155
4155
4154
4151
4150
4150
4148
4147
4146
4146
4146
4145
4145
4144
4144
4143
4143
4142
4140
4140
4139
4138
4138
4138
4137
4136
4135
4134
4134
4133
4132
4132
4130
4130
4129
4129
4128
4128
4126
4125
4124
4124
4122
4122
4122
4122
4119
4118
4117
4116
4116
4112
4111
4108
4107
4106
4105
4105
4104
4104
4102
4099
4098
4097
4096
4096
4095
4095
4094
4093
4093
4090
4086
4086
4085
4085
4083
4082
4077
4077
4077
4074
4074
4074
4073
4073
4072
4071
4068
4068
4067
4066
4064
4063
4062
4061
4060
4059
4057
4056
4056
4055
4052
4052
4052
4051
4050
4050
4049
4049
4048
4048
4048
4047
4045
4045
4044
4042
4042
4041
4039
4037
4034
4034
4034
4031
4031
4031
4031
4030
4029
4028
4026
4026
4024
4023
4023
4023
4021
4021
4020
4020
4019
4019
4018
4018
4017
4016
4015
4014
4014
4012
4012
4011
4010
4010
4009
4009
4009
4007
4006
4006
4005
4005
4003
4003
4002
4002
4002
4002
4000
3999
3999
3996
3996
3995
3994
3993
3989
3986
3983
3979
3978
3978
3978
3977
3976
3976
3975
3975
3973
3972
3970
3968
3967
3966
3965
3965
3964
3963
3962
3960
3960
3957
3957
3955
3954
3952
3951
3951
3951
3949
3949
3948
3948
3947
3946
3945
3944
3943
3942
3940
3938
3937
3937
3933
3933
3932
3932
3931
3929
3928
3928
3926
3925
3924
3923
3922
3921
3919
3917
3917
3915
3914
3913
3912
3911
3907
3907
3906
3905
3905
3904
3903
3901
3900
3900
3900
3899
3898
3897
3895
3895
3893
3892
3891
3890
3889
3888
3887
3885
3884
3884
3883
3881
3880
3880
3878
3876
3876
3876
3876
3875
3872
3870
3870
3870
3869
3869
3869
3868
3867
3867
3866
3865
3864
3864
3862
3862
3860
3860
3858
3857
3855
3855
3854
3854
3853
3852
3849
3849
3848
3847
3847
3845
3844
3844
3843
3843
3842
3840
3838
3838
3837
3837
3833
3831
3830
3830
3829
3829
3829
3828
3828
3826
3824
3823
3821
3821
3819
3818
3817
3815
3815
3813
3813
3812
3811
3810
3804
3804
3803
3803
3802
3800
3799
3798
3797
3797
3796
3795
3794
3794
3794
3793
3793
3792
3791
3791
3791
3790
3790
3790
3789
3789
3787
3786
3785
3783
3780
3779
3779
3777
3776
3776
3773
3773
3772
3772
3771
3770
3768
3768
3766
3765
3765
3762
3760
3759
3758
3758
3757
3757
3757
3756
3755
3754
3754
3753
3752
3752
3750
3749
3748
3747
3746
3745
3744
3744
3744
3741
3738
3737
3734
3734
3734
3733
3729
3727
3727
3726
3726
3726
3725
3725
3723
3721
3720
3720
3719
3719
3717
3716
3715
3714
3713
3711
3710
3710
3707
3707
3707
3703
3702
3702
3701
3698
3698
3698
3697
3696
3693
3691
3691
3689
3688
3688
3687
3686
3685
3683
3682
3681
3680
3680
3679
3677
3676
3673
3670
3669
3667
3666
3666
3666
3665
3663
3663
3663
3662
3661
3661
3661
3660
3658
3657
3656
3655
3651
3648
3646
3645
3642
3642
3641
3641
3641
3639
3639
3637
3635
3635
3635
3630
3630
3629
3627
3627
3627
3626
3626
3626
3625
3625
3624
3622
3621
3621
3620
3619
3617
3617
3617
3614
3614
3611
3611
3608
3608
3608
3606
3604
3603
3598
3597
3597
3597
3595
3593
3593
3587
3586
3586
3584
3584
3581
3580
3578
3578
3578
3577
3577
3577
3575
3574
3573
3572
3572
3571
3571
3570
3570
3570
3569
3568
3568
3567
3567
3566
3566
3565
3563
3563
3562
3561
3560
3558
3557
3556
3555
3554
3554
3554
3551
3550
3549
3548
3548
3547
3545
3545
3544
3542
3542
3542
3541
3539
3538
3538
3538
3537
3537
3536
3536
3536
3536
3534
3532
3529
3529
3525
3524
3523
3520
3520
3519
3518
3518
3518
3515
3514
3514
3512
3510
3510
3510
3507
3505
3505
3505
3504
3503
3502
3501
3500
3500
3500
3499
3499
3499
3499
3498
3497
3497
3494
3491
3491
3490
3489
3489
3487
3486
3486
3484
3483
3482
3482
3481
3481
3481
3479
3478
3476
3474
3474
3473
3473
3473
3473
3471
3471
3470
3470
3468
3467
3465
3465
3464
3464
3464
3464
3464
3463
3461
3461
3459
3458
3456
3455
3455
3454
3453
3453
3453
3452
3451
3450
3450
3448
3448
3448
3445
3443
3441
3440
3437
3437
3437
3436
3435
3434
3434
3434
3434
3432
3432
3430
3429
3428
3425
3425
3425
3424
3424
3423
3420
3419
3418
3417
3417
3416
3415
3415
3414
3411
3410
3406
3405
3402
3401
3400
3399
3398
3397
3397
3397
3396
3394
3389
3389
3386
3383
3382
3382
3380
3379
3377
3377
3377
3377
3377
3376
3375
3372
3370
3369
3369
3369
3366
3366
3366
3364
3363
3360
3360
3360
3359
3359
3358
3357
3354
3354
3353
3351
3350
3350
3350
3349
3349
3348
3348
3348
3347
3345
3345
3342
3342
3339
3338
3338
3338
3338
3337
3337
3336
3333
3333
3333
3332
3331
3330
3329
3329
3327
3327
3326
3325
3323
3322
3322
3321
3320
3320
3316
3313
3313
3313
3313
3312
3312
3312
3311
3310
3307
3305
3304
3304
3303
3302
3302
3302
3301
3299
3298
3298
3298
3298
3297
3296
3294
3292
3291
3290
3289
3289
3286
3284
3283
3283
3281
3281
3280
3280
3279
3277
3276
3275
3273
3273
3272
3271
3270
3268
3268
3267
3266
3266
3265
3264
3264
3264
3263
3262
3261
3260
3260
3259
3258
3257
3256
3256
3255
3255
3249
3248
3248
3245
3244
3242
3240
3239
3237
3236
3232
3230
3230
3227
3226
3226
3226
3224
3224
3224
3223
3222
3220
3219
3216
3216
3215
3213
3212
3211
3211
3209
3208
3208
3202
3202
3202
3200
3200
3200
3199
3199
3199
3198
3197
3195
3192
3189
3188
3187
3187
3184
3184
3183
3182
3182
3182
3182
3180
3178
3177
3176
3176
3175
3173
3173
3172
3171
3171
3170
3170
3167
3167
3167
3166
3164
3163
3161
3160
3156
3153
3153
3151
3150
3149
3148
3148
3147
3147
3146
3140
3140
3140
3138
3137
3135
3135
3134
3133
3132
3131
3130
3130
3130
3129
3128
3128
3126
3126
3122
3122
3122
3121
3120
3120
3119
3119
3119
3117
3117
3116
3114
3113
3113
3110
3105
3104
3104
3103
3103
3103
3101
3100
3099
3096
3095
3094
3093
3091
3089
3086
3086
3084
3084
3084
3083
3082
3081
3081
3080
3080
3080
3080
3079
3078
3077
3077
3076
3075
3074
3073
3071
3071
3071
3069
3068
3068
3068
3066
3066
3065
3062
3062
3059
3059
3058
3058
3057
3057
3057
3056
3056
3055
3055
3053
3052
3051
3051
3051
3050
3049
3048
3045
3042
3041
3039
3039
3039
3038
3037
3035
3035
3033
3033
3033
3031
3029
3028
3028
3026
3025
3024
3024
3023
3022
3019
3019
3019
3017
3017
3015
3015
3014
3013
3012
3012
3012
3011
3010
3007
3006
3005
3005
3002
3002
3002
2998
2997
2996
2996
2995
2995
2994
2993
2992
2992
2991
2990
2990
2990
2989
2988
2988
2987
2983
2982
2980
2978
2977
2976
2974
2974
2974
2972
2971
2971
2969
2969
2965
2965
2963
2963
2963
2962
2962
2961
2961
2961
2960
2959
2955
2954
2953
2952
2951
2951
2950
2948
2946
2945
2943
2942
2942
2942
2942
2940
2940
2940
2938
2937
2935
2933
2933
2933
2933
2932
2931
2931
2929
2929
2925
2925
2919
2919
2918
2918
2915
2914
2914
2914
2914
2911
2909
2908
2907
2907
2907
2905
2904
2904
2904
2903
2903
2903
2901
2900
2899
2898
2895
2895
2891
2890
2889
2887
2887
2886
2885
2885
2884
2884
2883
2883
2882
2882
2882
2881
2881
2881
2879
2876
2875
2875
2872
2871
2870
2870
2869
2869
2868
2867
2866
2866
2865
2865
2863
2863
2863
2862
2861
2861
2861
2860
2858
2858
2857
2857
2855
2853
2852
2851
2851
2851
2850
2850
2849
2849
2847
2847
2845
2844
2844
2842
2840
2840
2840
2838
2837
2836
2836
2835
2835
2833
2832
2832
2831
2830
2829
2827
2825
2823
2820
2820
2820
2818
2817
2816
2816
2814
2812
2812
2811
2809
2809
2808
2808
2807
2806
2805
2800
2797
2796
2795
2794
2793
2793
2793
2792
2792
2791
2790
2790
2790
2789
2789
2789
2788
2785
2784
2783
2783
2781
2780
2778
2778
2778
2774
2773
2773
2772
2772
2772
2770
2770
2770
2770
2769
2768
2766
2766
2765
2765
2765
2764
2763
2762
2761
2760
2759
2758
2757
2757
2755
2755
2754
2754
2753
2753
2752
2751
2749
2748
2747
2747
2746
2746
2745
2744
2742
2739
2739
2739
2738
2738
2738
2737
2737
2736
2727
2727
2726
2726
2725
2723
2723
2722
2722
2721
2721
2718
2718
2718
2717
2717
2716
2714
2712
2711
2711
2711
2711
2711
2708
2706
2706
2705
2703
2702
2701
2699
2697
2696
2695
2695
2694
2692
2692
2690
2689
2686
2686
2686
2685
2685
2685
2684
2684
2684
2681
2679
2679
2679
2679
2678
2677
2677
2675
2674
2674
2672
2670
2670
2669
2669
2668
2668
2667
2667
2664
2662
2662
2658
2656
2655
2654
2653
2652
2651
2651
2648
2647
2646
2646
2644
2643
2643
2642
2642
2640
2640
2639
2637
2637
2636
2636
2636
2635
2635
2634
2633
2631
2631
2629
2629
2628
2626
2626
2624
2623
2622
2620
2618
2618
2617
2616
2615
2613
2612
2612
2611
2609
2609
2608
2607
2606
2605
2605
2605
2604
2601
2601
2601
2600
2599
2599
2599
2598
2598
2597
2596
2595
2595
2594
2592
2591
2591
2591
2591
2591
2590
2590
2589
2588
2587
2587
2585
2584
2584
2582
2581
2580
2580
2579
2579
2577
2577
2576
2575
2575
2574
2574
2573
2572
2571
2570
2567
2567
2566
2565
2564
2562
2562
2561
2561
2561
2560
2560
2559
2559
2558
2557
2556
2555
2555
2555
2554
2553
2553
2551
2549
2547
2547
2546
2546
2545
2544
2544
2543
2543
2543
2543
2542
2539
2536
2533
2533
2531
2530
2530
2529
2529
2529
2523
2522
2522
2518
2518
2517
2517
2516
2516
2516
2514
2514
2511
2511
2511
2510
2510
2509
2508
2508
2507
2505
2505
2504
2501
2501
2500
2500
2500
2498
2496
2495
2495
2493
2491
2490
2489
2488
2487
2487
2487
2487
2486
2486
2486
2486
2485
2485
2484
2482
2481
2480
2479
2478
2477
2476
2476
2475
2474
2474
2473
2472
2471
2471
2469
2467
2467
2465
2464
2462
2461
2456
2456
2456
2455
2453
2452
2452
2452
2450
2448
2446
2444
2442
2440
2439
2438
2438
2438
2436
2434
2434
2434
2433
2433
2430
2430
2430
2429
2428
2427
2425
2425
2425
2424
2423
2422
2422
2420
2420
2419
2418
2416
2416
2414
2414
2414
2412
2412
2410
2407
2407
2404
2403
2403
2402
2399
2398
2398
2395
2395
2395
2393
2391
2391
2391
2390
2390
2389
2388
2388
2387
2386
2386
2385
2385
2382
2379
2377
2377
2375
2375
2371
2371
2369
2365
2363
2363
2361
2360
2359
2359
2358
2358
2356
2356
2354
2354
2353
2353
2353
2353
2352
2351
2350
2347
2346
2343
2343
2343
2343
2342
2342
2342
2340
2339
2339
2339
2338
2337
2335
2335
2335
2331
2331
2329
2328
2327
2327
2325
2325
2324
2324
2324
2323
2322
2322
2321
2320
2320
2320
2319
2319
2319
2318
2316
2316
2316
2315
2315
2315
2315
2314
2311
2311
2310
2310
2307
2306
2304
2300
2299
2298
2297
2297
2297
2296
2295
2295
2294
2292
2289
2288
2288
2287
2287
2286
2285
2284
2284
2281
2280
2278
2278
2276
2273
2272
2272
2271
2269
2269
2267
2267
2266
2266
2265
2265
2265
2264
2263
2261
2260
2259
2259
2258
2257
2256
2256
2255
2255
2252
2252
2251
2251
2249
2247
2247
2247
2246
2246
2244
2240
2240
2239
2239
2238
2238
2235
2235
2231
2231
2231
2229
2229
2228
2228
2227
2227
2227
2226
2225
2225
2222
2222
2221
2219
2219
2219
2217
2216
2215
2215
2215
2214
2213
2213
2212
2211
2211
2211
2211
2210
2210
2209
2209
2209
2209
2208
2207
2206
2205
2204
2203
2202
2202
2201
2200
2197
2196
2195
2194
2194
2194
2194
2193
2191
2189
2189
2188
2187
2184
2183
2183
2183
2182
2179
2179
2179
2178
2176
2175
2174
2174
2170
2170
2169
2169
2168
2168
2168
2168
2167
2166
2166
2166
2164
2164
2162
2160
2160
2160
2159
2159
2158
2157
2156
2155
2154
2151
2150
2149
2149
2148
2148
2147
2147
2146
2145
2141
2141
2141
2140
2140
2140
2140
2138
2137
2136
2136
2136
2134
2132
2128
2126
2126
2125
2125
2124
2123
2120
2120
2120
2118
2116
2116
2113
2111
2110
2108
2106
2106
2106
2105
2103
2101
2101
2100
2097
2097
2096
2095
2095
2095
2094
2094
2093
2093
2093
2092
2091
2091
2091
2091
2091
2090
2089
2088
2087
2087
2086
2085
2084
2082
2082
2080
2080
2079
2075
2075
2075
2074
2074
2074
2073
2073
2072
2071
2071
2070
2070
2069
2067
2067
2065
2065
2065
2064
2064
2063
2062
2061
2060
2059
2059
2059
2058
2058
2057
2057
2055
2055
2054
2054
2054
2054
2053
2051
2051
2051
2050
2049
2048
2048
2043
2043
2042
2042
2041
2039
2038
2036
2035
2033
2031
2031
2030
2029
2027
2025
2024
2022
2020
2020
2018
2017
2014
2014
2014
2012
2012
2010
2010
2008
2008
2005
2003
2001
2000
1999
1999
1997
1996
1996
1995
1992
1991
1991
1991
1991
1990
1989
1988
1987
1987
1987
1986
1985
1985
1985
1985
1984
1983
1983
1983
1982
1982
1978
1978
1974
1973
1971
1970
1969
1968
1968
1966
1965
1965
1964
1964
1964
1961
1958
1958
1956
1956
1953
1953
1952
1951
1950
1950
1949
1948
1948
1946
1946
1945
1945
1945
1945
1944
1943
1942
1942
1941
1941
1937
1936
1936
1935
1935
1935
1932
1932
1931
1931
1930
1930
1926
1925
1925
1919
1918
1914
1913
1912
1910
1910
1910
1906
1906
1905
1903
1900
1900
1899
1898
1897
1894
1894
1893
1893
1893
1893
1892
1892
1892
1890
1888
1888
1886
1884
1883
1881
1880
1880
1879
1877
1873
1871
1868
1868
1866
1865
1865
1864
1863
1862
1862
1861
1861
1859
1858
1858
1857
1856
1855
1855
1854
1854
1849
1848
1848
1847
1847
1844
1843
1839
1839
1836
1836
1835
1835
1835
1833
1832
1831
1830
1830
1830
1829
1827
1824
1824
1821
1820
1820
1819
1819
1818
1815
1815
1814
1813
1812
1811
1811
1809
1809
1809
1809
1808
1806
1804
1804
1804
1803
1799
1798
1798
1797
1795
1795
1795
1794
1794
1793
1791
1790
1789
1789
1788
1787
1785
1785
1784
1783
1780
1780
1777
1777
1776
1774
1774
1773
1767
1767
1765
1764
1764
1764
1763
1762
1761
1761
1760
1759
1758
1758
1758
1757
1757
1757
1757
1756
1754
1753
1753
1752
1751
1751
1750
1749
1747
1745
1745
1744
1743
1743
1742
1739
1738
1738
1738
1737
1735
1735
1734
1734
1734
1733
1732
1732
1732
1732
1732
1731
1731
1730
1729
1728
1728
1728
1728
1727
1727
1725
1723
1722
1721
1719
1717
1717
1716
1716
1712
1710
1709
1709
1709
1708
1706
1706
1704
1703
1702
1702
1701
1699
1699
1697
1696
1696
1695
1694
1694
1693
1693
1692
1688
1687
1687
1683
1680
1679
1678
1677
1676
1675
1674
1674
1674
1674
1674
1672
1672
1670
1669
1669
1668
1665
1664
1664
1662
1661
1661
1659
1658
1655
1653
1652
1649
1649
1648
1648
1648
1646
1645
1645
1642
1640
1640
1635
1634
1633
1631
1629
1629
1624
1622
1621
1617
1616
1616
1615
1614
1613
1613
1613
1610
1608
1607
1606
1604
1603
1602
1600
1599
1599
1599
1596
1595
1595
1594
1594
1593
1593
1592
1592
1591
1590
1588
1588
1587
1586
1586
1585
1584
1582
1581
1581
1581
1580
1578
1578
1578
1578
1578
1577
1577
1576
1576
1574
1570
1568
1567
1567
1566
1566
1566
1564
1564
1561
1561
1560
1560
1557
1556
1555
1555
1553
1552
1551
1551
1549
1548
1548
1548
1547
1544
1543
1542
1541
1539
1538
1537
1535
1535
1534
1533
1533
1531
1529
1528
1527
1525
1523
1523
1523
1523
1523
1522
1522
1521
1519
1519
1519
1519
1518
1518
1517
1517
1516
1516
1515
1515
1514
1513
1512
1511
1511
1511
1511
1510
1507
1507
1506
1506
1504
1503
1501
1501
1498
1494
1494
1494
1492
1492
1491
1490
1490
1490
1490
1489
1488
1486
1484
1483
1481
1480
1480
1480
1479
1477
1477
1476
1476
1476
1474
1470
1468
1467
1467
1467
1466
1464
1464
1463
1463
1463
1462
1462
1461
1461
1460
1459
1458
1457
1455
1453
1453
1452
1448
1447
1446
1445
1445
1445
1444
1443
1440
1436
1435
1432
1432
1432
1431
1428
1428
1428
1426
1426
1425
1425
1425
1425
1425
1423
1423
1423
1422
1421
1420
1418
1416
1414
1413
1412
1411
1411
1408
1408
1408
1408
1407
1406
1405
1404
1404
1403
1403
1402
1402
1400
1399
1399
1397
1396
1394
1393
1393
1391
1391
1390
1389
1389
1388
1388
1386
1386
1386
1386
1384
1382
1382
1381
1381
1380
1379
1379
1378
1376
1376
1376
1376
1372
1372
1371
1369
1368
1364
1360
1360
1358
1358
1357
1356
1354
1353
1353
1350
1348
1346
1344
1343
1343
1343
1340
1339
1339
1339
1338
1338
1338
1337
1337
1335
1335
1334
1333
1332
1332
1331
1330
1328
1328
1327
1327
1326
1325
1322
1321
1320
1320
1319
1319
1319
1318
1316
1315
1315
1314
1313
1313
1312
1312
1312
1312
1310
1305
1305
1304
1304
1303
1303
1302
1300
1299
1298
1298
1297
1296
1296
1295
1294
1294
1292
1291
1291
1290
1290
1289
1289
1287
1287
1285
1285
1285
1284
1284
1284
1283
1281
1281
1278
1278
1277
1276
1271
1270
1269
1269
1268
1267
1265
1264
1263
1261
1260
1259
1259
1257
1256
1255
1255
1253
1253
1252
1249
1247
1246
1244
1241
1240
1239
1239
1238
1238
1236
1234
1233
1232
1232
1229
1227
1226
1224
1223
1223
1223
1221
1221
1221
1220
1220
1219
1218
1215
1214
1214
1214
1214
1213
1212
1209
1207
1207
1207
1205
1204
1203
1203
1203
1203
1202
1201
1200
1195
1192
1191
1191
1188
1184
1184
1184
1183
1180
1179
1179
1178
1176
1175
1175
1174
1170
1170
1168
1167
1167
1166
1166
1166
1166
1165
1164
1159
1157
1155
1155
1154
1153
1152
1152
1151
1150
1150
1148
1147
1147
1146
1145
1144
1142
1141
1138
1138
1137
1136
1135
1135
1135
1135
1135
1134
1134
1133
1130
1128
1126
1124
1122
1119
1119
1118
1115
1113
1113
1112
1112
1111
1111
1111
1110
1110
1108
1107
1106
1105
1103
1100
1099
1099
1098
1098
1097
1096
1095
1092
1092
1092
1089
1087
1087
1086
1084
1084
1083
1082
1081
1081
1081
1078
1078
1077
1077
1074
1074
1072
1070
1068
1064
1064
1063
1061
1061
1059
1059
1058
1057
1057
1057
1055
1055
1054
1051
1051
1049
1049
1049
1047
1045
1045
1044
1044
1043
1040
1040
1040
1039
1038
1038
1037
1037
1034
1034
1033
1031
1030
1030
1029
1029
1028
1027
1026
1026
1025
1025
1023
1022
1022
1022
1021
1019
1019
1015
1014
1014
1013
1012
1011
1011
1011
1011
1011
1008
1007
1006
1005
1004
1003
1001
1001
1000
999
999
998
998
997
996
996
995
995
994
992
991
991
991
990
990
990
987
984
983
983
982
982
982
980
979
978
976
976
975
974
970
970
970
969
968
967
967
966
965
964
964
963
963
960
960
959
958
958
958
957
956
953
953
951
951
951
949
948
948
946
946
946
946
944
942
941
940
939
938
938
937
935
935
933
932
931
928
927
926
926
926
925
924
923
922
922
922
921
920
919
919
918
918
918
918
918
917
916
916
915
914
912
912
909
908
908
906
906
904
903
903
901
899
899
899
897
895
894
892
890
889
888
884
881
881
881
880
880
880
878
877
877
876
876
875
874
871
871
870
869
868
867
867
866
866
866
865
864
863
861
859
858
857
856
856
854
854
854
853
853
851
850
849
846
846
845
843
843
843
842
841
841
841
840
836
834
834
833
832
832
832
829
829
828
826
824
822
822
821
820
820
820
819
817
817
815
814
813
813
811
811
809
807
803
803
801
801
800
799
799
798
797
797
795
795
795
795
793
793
789
789
788
788
787
784
783
782
781
780
778
777
776
774
774
773
769
769
767
764
764
763
762
761
760
759
759
758
756
756
756
755
754
754
753
752
751
751
750
750
748
748
746
745
743
741
740
740
739
738
737
735
734
732
732
732
732
731
730
730
729
729
728
727
727
726
724
724
722
721
720
718
717
716
715
715
715
714
712
712
711
710
710
709
707
704
703
700
700
698
698
697
695
695
693
693
692
691
688
687
687
686
686
685
685
685
684
684
683
680
680
680
679
679
677
676
675
675
674
674
673
672
672
671
671
670
670
670
668
668
668
666
664
663
662
661
661
660
660
660
659
658
658
657
654
651
651
650
650
650
649
649
649
644
643
642
642
641
640
639
638
637
636
635
635
634
634
633
631
630
630
630
630
626
626
625
623
622
621
621
620
618
617
617
615
615
614
613
612
610
604
603
603
602
602
602
600
600
599
599
593
593
591
591
589
587
587
585
584
584
583
583
581
581
578
576
576
574
572
572
572
568
568
568
566
566
565
565
564
559
558
557
557
557
556
555
555
555
554
554
554
553
552
547
546
546
546
545
544
544
541
541
541
539
537
537
537
536
536
535
534
533
532
531
530
529
528
528
526
525
524
524
519
519
518
515
510
509
509
508
507
506
503
493
492
491
490
490
489
489
488
487
486
483
483
480
480
480
479
478
477
476
476
475
475
473
472
472
471
470
469
468
467
466
466
465
465
464
464
463
463
461
459
458
456
455
454
454
453
453
451
450
449
447
446
444
443
442
442
438
438
436
436
436
433
433
433
432
432
432
430
429
428
427
425
424
424
422
420
415
415
414
413
412
412
412
412
411
410
407
407
407
406
403
401
400
399
399
399
396
396
395
390
389
385
385
384
383
383
382
378
377
377
376
375
374
373
371
369
368
368
367
367
367
365
365
363
362
361
361
360
360
359
356
356
354
354
353
349
348
347
347
345
344
343
342
342
340
337
336
336
335
334
334
332
331
330
329
327
324
323
323
323
323
323
321
320
318
317
317
314
310
310
309
308
307
306
305
304
303
300
300
299
297
294
294
293
292
292
291
291
290
287
286
285
282
282
282
281
281
280
278
277
276
275
273
271
271
271
269
269
268
267
267
266
264
264
261
260
259
258
257
256
256
254
254
253
251
250
248
247
246
245
244
241
239
237
235
234
232
230
229
228
226
224
223
222
221
220
218
217
217
217
217
217
216
216
214
211
210
208
208
208
207
207
206
203
202
200
200
200
198
196
194
193
191
191
191
191
188
186
186
185
183
183
181
181
176
172
172
172
170
169
167
167
166
166
165
163
163
162
162
159
158
155
154
154
153
151
149
148
147
145
145
144
144
143
142
142
142
141
141
141
139
138
137
136
136
135
135
133
132
132
130
129
127
126
125
125
125
125
124
124
123
123
123
123
123
122
118
116
115
114
112
112
111
110
109
109
108
103
103
103
103
102
102
101
100
99
98
97
96
95
94
91
89
88
88
87
87
87
86
85
84
81
80
79
77
76
76
75
74
71
71
71
71
70
68
68
66
64
63
63
62
62
61
61
60
59
59
59
58
58
57
55
54
54
54
54
52
51
50
50
50
49
49
48
47
47
41
39
38
37
37
37
37
35
35
35
32
31
30
30
29
28
26
25
23
23
22
20
19
16
15
15
15
14
13
12
11
11
9
9
7
5
1
