9995
9994
9994
9991
9991
9991
9990
9990
9989
9988
9987
9986
9985
9983
9983
9983
9982
9981
9980
9976
9973
9973
9972
9972
9969
9966
9965
9964
9963
9963
9962
9962
9960
9959
9959
9958
9958
9958
9957
9957
9956
9953
9952
9951
9950
9949
9948
9948
9947
9947
9946
9946
9945
9945
9943
9943
9941
9939
9935
9935
9933
9931
9929
9928
9928
9926
9926
9925
9925
9923
9923
9923
9923
9922
9920
9919
9918
9918
9918
9917
9917
9916
9914
9913
9912
9911
9911
9907
9906
9906
9903
9903
9902
9902
9901
9901
9898
9895
9894
9891
9891
9888
9886
9885
9884
9882
9882
9881
9881
9879
9878
9875
9875
9872
9872
9871
9868
9868
9867
9867
9864
9862
9860
9859
9858
9857
9857
9857
9855
9855
9855
9855
9854
9853
9851
9851
9849
9847
9846
9843
9840
9840
9839
9839
9838
9836
9836
9835
9835
9835
9835
9833
9833
9832
9830
9829
9826
9826
9824
9824
9823
9823
9822
9822
9821
9818
9817
9816
9816
9816
9816
9815
9814
9813
9813
9812
9812
9812
9812
9810
9808
9808
9807
9804
9804
9804
9803
9803
9802
9802
9802
9802
9801
9799
9797
9796
9796
9795
9794
9794
9794
9793
9792
9791
9790
9789
9788
9788
9787
9783
9782
9782
9782
9781
9780
9780
9779
9776
9776
9776
9776
9775
9774
9774
9774
9772
9772
9772
9770
9769
9767
9767
9765
9764
9761
9759
9756
9755
9754
9753
9752
9752
9749
9748
9748
9747
9747
9747
9746
9745
9743
9741
9737
9737
9736
9735
9734
9731
9731
9731
9730
9730
9728
9728
9727
9726
9726
9726
9724
9723
9723
9723
9721
9719
9719
9719
9719
9719
9718
9714
9712
9709
9708
9707
9707
9706
9705
9702
9701
9698
9697
9695
9695
9694
9691
9691
9691
9687
9686
9685
9684
9684
9683
9683
9679
9678
9674
9673
9672
9671
9670
9669
9667
9666
9665
9664
9662
9662
9658
9657
9657
9657
9655
9655
9655
9653
9652
9650
9649
9648
9648
9647
9646
9645
9645
9644
9644
9644
9643
9641
9641
9639
9639
9639
9638
9638
9638
9637
9637
9636
9636
9635
9635
9634
9634
9631
9631
9630
9630
9628
9628
9626
9625
9625
9624
9624
9622
9622
9621
9618
9618
9618
9617
9617
9617
9615
9614
9613
9612
9609
9609
9609
9608
9608
9606
9603
9602
9598
9596
9596
9596
9594
9594
9593
9592
9592
9591
9591
9589
9588
9587
9587
9586
9585
9584
9584
9582
9578
9573
9573
9573
9572
9569
9569
9569
9567
9567
9565
9563
9563
9562
9562
9561
9560
9560
9560
9559
9559
9555
9555
9554
9553
9550
9548
9548
9548
9546
9545
9543
9542
9540
9539
9537
9535
9535
9533
9532
9531
9530
9529
9528
9528
9528
9525
9525
9524
9523
9522
9521
9520
9520
9517
9517
9516
9515
9514
9513
9513
9512
9510
9510
9510
9510
9509
9508
9508
9507
9505
9503
9503
9503
9503
9500
9497
9497
9495
9494
9493
9493
9492
9492
9491
9491
9490
9489
9489
9489
9488
9487
9485
9485
9484
9483
9483
9481
9481
9480
9479
9478
9478
9478
9475
9475
9474
9473
9471
9470
9469
9467
9466
9464
9462
9461
9459
9459
9459
9459
9458
9457
9456
9456
9456
9455
9454
9454
9454
9452
9451
9451
9451
9450
9449
9449
9449
9448
9447
9445
9445
9445
9443
9441
9441
9440
9438
9436
9430
9430
9428
9428
9428
9426
9426
9424
9423
9423
9421
9420
9419
9418
9417
9417
9416
9415
9415
9415
9415
9415
9413
9411
9410
9409
9408
9408
9407
9406
9405
9404
9404
9403
9402
9402
9401
9401
9398
9397
9396
9395
9395
9394
9392
9392
9391
9391
9389
9388
9388
9388
9386
9385
9384
9384
9383
9383
9382
9381
9381
9380
9379
9379
9377
9377
9376
9371
9370
9368
9367
9366
9364
9363
9363
9363
9363
9361
9360
9359
9356
9356
9355
9355
9354
9352
9352
9352
9351
9350
9347
9347
9345
9343
9342
9339
9337
9335
9335
9331
9328
9328
9328
9327
9327
9326
9326
9326
9325
9325
9323
9321
9319
9316
9316
9315
9315
9313
9311
9311
9310
9309
9308
9308
9306
9305
9302
9301
9301
9301
9299
9299
9296
9292
9292
9290
9288
9288
9283
9279
9278
9277
9277
9277
9275
9275
9274
9273
9273
9272
9270
9269
9268
9268
9268
9267
9266
9266
9265
9264
9264
9263
9263
9263
9263
9262
9262
9261
9261
9261
9261
9261
9261
9259
9258
9257
9255
9254
9253
9253
9251
9250
9250
9250
9249
9249
9247
9247
9247
9246
9245
9244
9244
9243
9243
9242
9241
9240
9240
9239
9238
9238
9237
9235
9235
9233
9233
9231
9231
9231
9229
9227
9225
9225
9225
9225
9225
9223
9223
9222
9222
9221
9221
9218
9217
9217
9217
9216
9215
9214
9212
9211
9209
9208
9207
9205
9204
9204
9203
9202
9200
9197
9197
9195
9194
9194
9194
9193
9192
9191
9190
9190
9189
9189
9187
9186
9185
9185
9184
9184
9183
9182
9182
9181
9181
9180
9178
9178
9177
9176
9175
9173
9173
9171
9170
9169
9169
9168
9166
9165
9162
9161
9160
9160
9160
9159
9158
9157
9157
9156
9155
9155
9153
9153
9152
9152
9151
9150
9149
9149
9147
9146
9146
9146
9146
9145
9143
9142
9142
9141
9139
9139
9137
9136
9135
9135
9134
9133
9133
9132
9132
9132
9131
9131
9130
9129
9128
9128
9126
9120
9120
9118
9117
9116
9114
9114
9114
9113
9113
9111
9111
9110
9108
9107
9105
9105
9103
9101
9100
9097
9095
9095
9094
9093
9093
9093
9093
9093
9090
9089
9089
9088
9088
9086
9083
9082
9082
9082
9082
9081
9079
9079
9078
9078
9078
9078
9077
9077
9075
9075
9075
9075
9074
9073
9072
9070
9069
9068
9066
9065
9064
9063
9063
9060
9060
9059
9056
9054
9050
9049
9048
9048
9047
9047
9045
9045
9044
9043
9041
9041
9040
9040
9038
9037
9036
9036
9036
9034
9033
9033
9032
9032
9032
9032
9031
9031
9030
9029
9029
9027
9026
9025
9025
9023
9023
9023
9023
9022
9022
9020
9020
9019
9016
9016
9015
9014
9013
9012
9011
9011
9010
9009
9008
9007
9006
9006
9006
9005
9002
9000
8998
8998
8997
8994
8994
8993
8993
8992
8992
8990
8989
8988
8986
8986
8985
8984
8984
8983
8981
8979
8979
8978
8978
8976
8973
8970
8969
8969
8968
8968
8967
8967
8966
8965
8964
8962
8960
8960
8960
8959
8958
8953
8953
8952
8950
8949
8948
8947
8946
8946
8943
8943
8941
8937
8936
8933
8933
8933
8931
8930
8930
8929
8926
8926
8925
8924
8924
8924
8922
8922
8921
8920
8920
8919
8918
8916
8916
8915
8912
8909
8909
8908
8907
8906
8904
8903
8903
8900
8898
8898
8898
8895
8894
8893
8893
8890
8890
8889
8889
8888
8888
8888
8887
8886
8882
8878
8878
8878
8878
8878
8877
8876
8874
8871
8871
8868
8864
8864
8863
8863
8862
8861
8861
8860
8858
8856
8855
8853
8852
8851
8850
8848
8847
8845
8845
8844
8844
8841
8838
8838
8836
8835
8835
8831
8830
8829
8829
8828
8827
8826
8825
8824
8823
8822
8822
8820
8819
8818
8817
8817
8816
8816
8815
8815
8813
8809
8808
8808
8807
8806
8804
8803
8803
8802
8801
8794
8792
8790
8789
8789
8787
8786
8786
8786
8785
8784
8783
8783
8783
8782
8781
8781
8780
8779
8779
8778
8778
8777
8777
8777
8777
8775
8773
8771
8770
8770
8770
8768
8768
8768
8766
8766
8765
8762
8762
8762
8762
8761
8760
8760
8759
8758
8758
8758
8757
8756
8756
8755
8754
8753
8751
8751
8749
8747
8746
8745
8742
8741
8740
8738
8738
8737
8736
8732
8732
8730
8720
8718
8717
8715
8714
8713
8713
8710
8709
8709
8707
8706
8706
8705
8705
8704
8703
8702
8701
8700
8699
8698
8698
8696
8696
8694
8694
8693
8692
8692
8692
8691
8691
8689
8689
8688
8687
8687
8687
8686
8686
8685
8684
8682
8681
8679
8679
8679
8678
8677
8677
8677
8677
8675
8674
8672
8671
8669
8668
8667
8666
8665
8664
8662
8660
8658
8657
8657
8655
8654
8654
8654
8652
8652
8651
8649
8649
8648
8648
8644
8642
8642
8642
8642
8637
8637
8637
8636
8635
8635
8633
8631
8630
8629
8628
8627
8627
8626
8623
8622
8619
8616
8615
8615
8615
8614
8614
8614
8613
8613
8612
8611
8610
8610
8609
8609
8609
8608
8606
8606
8606
8604
8601
8601
8599
8599
8598
8597
8594
8593
8590
8590
8589
8586
8585
8585
8585
8583
8578
8574
8573
8573
8571
8570
8570
8568
8562
8560
8560
8560
8560
8559
8558
8557
8557
8556
8556
8556
8554
8553
8553
8552
8550
8550
8550
8549
8549
8548
8548
8548
8547
8546
8546
8545
8544
8544
8543
8543
8542
8540
8539
8538
8538
8536
8536
8535
8534
8534
8534
8533
8532
8531
8530
8530
8529
8526
8523
8522
8521
8521
8520
8519
8519
8519
8519
8517
8517
8515
8515
8513
8513
8512
8512
8511
8510
8508
8508
8505
8505
8504
8503
8500
8500
8498
8496
8496
8493
8493
8492
8490
8490
8490
8489
8489
8488
8488
8487
8487
8486
8486
8483
8483
8483
8482
8480
8478
8476
8475
8473
8473
8472
8471
8471
8470
8467
8467
8465
8464
8463
8463
8462
8460
8459
8458
8458
8452
8452
8451
8450
8448
8448
8447
8446
8446
8443
8442
8441
8440
8440
8439
8438
8438
8437
8437
8437
8432
8432
8431
8430
8429
8429
8429
8428
8428
8425
8424
8422
8422
8419
8418
8416
8414
8414
8413
8410
8410
8410
8408
8408
8406
8406
8404
8403
8403
8402
8402
8401
8401
8401
8400
8398
8398
8396
8395
8394
8393
8392
8392
8391
8391
8391
8390
8390
8389
8389
8389
8389
8386
8386
8385
8382
8381
8380
8380
8379
8377
8377
8377
8377
8373
8372
8372
8370
8367
8367
8364
8363
8361
8360
8360
8359
8359
8357
8356
8356
8355
8355
8355
8353
8353
8353
8352
8352
8351
8350
8350
8349
8349
8346
8345
8341
8340
8338
8336
8332
8331
8329
8328
8328
8327
8326
8326
8323
8322
8322
8317
8314
8313
8313
8313
8312
8312
8311
8310
8309
8308
8308
8306
8306
8303
8303
8299
8298
8297
8293
8292
8291
8289
8288
8287
8286
8285
8284
8283
8282
8279
8277
8277
8275
8275
8274
8274
8273
8273
8272
8271
8271
8270
8269
8269
8266
8266
8265
8262
8262
8262
8261
8261
8261
8257
8256
8256
8255
8255
8255
8255
8254
8254
8253
8253
8252
8250
8248
8246
8245
8243
8243
8242
8242
8241
8240
8239
8239
8237
8235
8234
8234
8233
8232
8230
8230
8228
8227
8226
8225
8224
8224
8223
8222
8222
8219
8216
8216
8216
8216
8215
8214
8212
8212
8211
8211
8211
8210
8210
8210
8208
8207
8207
8207
8206
8205
8198
8196
8196
8195
8194
8193
8193
8192
8192
8191
8190
8189
8188
8188
8186
8186
8185
8185
8184
8184
8183
8183
8183
8183
8181
8181
8181
8180
8179
8178
8177
8174
8174
8174
8173
8173
8172
8172
8172
8171
8168
8168
8167
8167
8166
8165
8165
8165
8163
8162
8161
8161
8160
8160
8158
8156
8155
8154
8154
8154
8153
8153
8153
8152
8151
8151
8151
8148
8147
8145
8145
8145
8145
8144
8143
8143
8143
8143
8142
8140
8140
8140
8139
8139
8139
8139
8137
8136
8136
8135
8133
8132
8130
8130
8129
8129
8127
8127
8126
8126
8126
8123
8123
8120
8119
8119
8119
8117
8117
8116
8115
8115
8114
8114
8114
8113
8113
8112
8112
8112
8111
8110
8107
8106
8105
8105
8105
8104
8104
8104
8102
8100
8097
8096
8095
8095
8094
8094
8093
8089
8088
8088
8086
8085
8082
8080
8080
8079
8078
8077
8077
8076
8075
8075
8074
8074
8074
8074
8073
8073
8071
8071
8070
8066
8066
8066
8065
8064
8064
8064
8063
8062
8061
8060
8060
8060
8059
8058
8057
8057
8055
8054
8052
8052
8052
8051
8050
8050
8049
8049
8048
8045
8044
8044
8043
8042
8042
8041
8039
8034
8034
8032
8031
8031
8030
8029
8029
8028
8027
8027
8025
8025
8024
8021
8019
8019
8018
8015
8014
8014
8014
8014
8011
8011
8010
8007
8007
8007
8006
8005
8004
8004
8004
8001
8001
8000
8000
8000
7999
7997
7995
7995
7994
7992
7991
7991
7989
7987
7985
7984
7984
7983
7983
7981
7981
7981
7979
7979
7979
7978
7978
7977
7975
7974
7973
7972
7972
7971
7970
7969
7966
7964
7962
7962
7960
7958
7955
7954
7953
7952
7950
7950
7948
7945
7944
7939
7938
7938
7938
7937
7935
7935
7935
7935
7934
7934
7933
7932
7931
7931
7930
7929
7929
7929
7928
7928
7926
7926
7925
7921
7920
7919
7919
7918
7918
7917
7916
7914
7913
7912
7912
7910
7909
7908
7908
7908
7907
7907
7907
7906
7903
7903
7902
7902
7899
7899
7899
7898
7896
7896
7896
7895
7895
7895
7894
7890
7888
7886
7885
7884
7880
7878
7877
7877
7876
7876
7876
7872
7870
7869
7869
7868
7868
7867
7867
7866
7866
7866
7866
7865
7863
7861
7859
7856
7856
7856
7854
7851
7850
7850
7850
7849
7849
7847
7847
7846
7845
7843
7843
7842
7840
7839
7838
7838
7838
7837
7837
7837
7835
7834
7834
7832
7831
7831
7830
7830
7829
7828
7828
7827
7826
7825
7825
7822
7821
7821
7819
7816
7816
7813
7812
7811
7810
7810
7805
7805
7803
7799
7798
7798
7797
7795
7795
7795
7795
7794
7794
7792
7791
7789
7788
7788
7783
7783
7782
7781
7781
7780
7779
7778
7778
7778
7777
7776
7776
7774
7772
7770
7769
7767
7766
7766
7765
7765
7764
7763
7763
7762
7762
7762
7761
7760
7760
7759
7759
7758
7756
7756
7754
7753
7753
7751
7750
7748
7748
7747
7747
7747
7747
7746
7746
7744
7744
7744
7742
7742
7741
7740
7740
7739
7738
7738
7738
7737
7735
7735
7735
7735
7734
7734
7733
7733
7733
7730
7728
7728
7727
7727
7727
7726
7725
7724
7724
7723
7721
7719
7719
7717
7717
7716
7715
7715
7714
7712
7710
7706
7705
7705
7705
7703
7702
7702
7702
7702
7701
7701
7700
7698
7697
7697
7696
7696
7693
7692
7692
7690
7689
7689
7688
7688
7685
7682
7680
7678
7677
7675
7673
7672
7672
7671
7670
7669
7668
7667
7667
7666
7666
7665
7665
7661
7660
7660
7658
7656
7655
7655
7655
7655
7653
7653
7652
7651
7651
7647
7647
7647
7647
7645
7645
7644
7642
7642
7638
7638
7637
7637
7634
7633
7632
7631
7629
7629
7626
7625
7624
7623
7623
7622
7620
7620
7618
7618
7617
7615
7615
7614
7612
7611
7610
7610
7609
7606
7604
7603
7602
7602
7601
7601
7601
7600
7600
7600
7600
7597
7597
7595
7595
7593
7593
7592
7591
7590
7590
7590
7590
7587
7587
7586
7585
7585
7584
7582
7582
7581
7580
7580
7579
7578
7576
7573
7572
7567
7567
7565
7565
7563
7563
7562
7562
7562
7562
7561
7560
7559
7557
7556
7556
7555
7555
7554
7553
7551
7550
7549
7548
7543
7542
7542
7541
7540
7540
7538
7536
7536
7534
7534
7534
7534
7533
7533
7532
7532
7527
7527
7526
7526
7526
7525
7524
7523
7521
7521
7520
7519
7518
7515
7515
7514
7513
7513
7512
7509
7508
7508
7508
7508
7507
7505
7504
7504
7501
7501
7500
7500
7499
7498
7497
7497
7496
7494
7494
7493
7492
7489
7488
7488
7488
7487
7486
7485
7485
7479
7477
7476
7476
7476
7476
7474
7474
7471
7471
7471
7469
7467
7467
7467
7465
7464
7463
7463
7462
7461
7461
7460
7460
7459
7459
7458
7458
7458
7458
7457
7456
7453
7452
7449
7447
7446
7446
7446
7445
7445
7445
7443
7443
7442
7441
7441
7440
7438
7438
7438
7438
7437
7437
7437
7436
7435
7435
7434
7434
7433
7433
7433
7432
7431
7430
7430
7430
7429
7429
7429
7429
7425
7424
7423
7420
7419
7418
7416
7415
7415
7414
7414
7413
7412
7411
7410
7408
7408
7408
7406
7406
7404
7403
7402
7402
7402
7401
7400
7399
7399
7397
7396
7396
7395
7392
7391
7390
7390
7390
7389
7389
7385
7385
7384
7383
7383
7380
7378
7375
7374
7371
7371
7368
7368
7367
7367
7366
7365
7365
7363
7363
7362
7361
7361
7358
7358
7357
7357
7356
7355
7354
7353
7351
7351
7351
7348
7348
7347
7346
7346
7346
7346
7345
7345
7345
7344
7342
7341
7341
7341
7341
7340
7339
7338
7336
7335
7335
7333
7331
7330
7329
7329
7326
7325
7322
7319
7317
7316
7314
7313
7312
7310
7310
7309
7309
7307
7307
7306
7306
7304
7303
7301
7299
7298
7297
7296
7295
7295
7294
7293
7292
7292
7291
7291
7287
7286
7286
7285
7283
7283
7283
7283
7282
7281
7279
7276
7275
7274
7274
7274
7272
7272
7271
7271
7269
7268
7266
7264
7263
7262
7262
7261
7259
7259
7256
7252
7250
7250
7248
7248
7247
7246
7245
7244
7243
7241
7241
7241
7240
7240
7239
7238
7238
7236
7236
7236
7235
7235
7233
7233
7233
7233
7233
7232
7232
7231
7231
7230
7229
7229
7227
7226
7226
7225
7224
7224
7222
7221
7219
7219
7218
7217
7217
7216
7215
7215
7215
7211
7208
7208
7207
7207
7207
7206
7205
7201
7199
7199
7199
7199
7195
7195
7194
7194
7194
7192
7192
7192
7191
7190
7190
7190
7188
7186
7178
7178
7177
7177
7176
7176
7176
7175
7173
7173
7172
7171
7171
7171
7170
7170
7170
7169
7168
7167
7167
7166
7165
7164
7163
7163
7162
7158
7155
7155
7154
7149
7149
7148
7146
7144
7143
7143
7137
7137
7135
7134
7133
7132
7131
7128
7125
7124
7124
7123
7120
7120
7117
7117
7113
7112
7111
7109
7109
7108
7108
7107
7107
7107
7103
7100
7100
7098
7097
7097
7097
7096
7095
7095
7091
7089
7088
7087
7087
7086
7083
7083
7082
7080
7080
7080
7079
7079
7077
7076
7075
7074
7074
7074
7073
7070
7070
7069
7067
7066
7064
7060
7060
7059
7058
7056
7056
7055
7055
7051
7051
7051
7051
7050
7047
7046
7042
7040
7039
7037
7036
7036
7030
7029
7026
7026
7024
7024
7023
7022
7022
7021
7018
7017
7017
7016
7015
7015
7014
7013
7011
7008
7008
7007
7006
7006
7004
7004
7002
7001
6998
6997
6995
6992
6989
6988
6987
6987
6986
6986
6986
6986
6985
6984
6984
6983
6983
6982
6982
6982
6981
6977
6977
6975
6974
6973
6972
6972
6971
6970
6969
6968
6967
6966
6966
6965
6963
6963
6962
6962
6962
6962
6959
6957
6956
6955
6952
6952
6951
6951
6950
6948
6947
6945
6943
6942
6942
6942
6937
6937
6937
6936
6935
6933
6932
6931
6931
6927
6926
6925
6925
6924
6924
6924
6923
6919
6918
6918
6917
6917
6917
6917
6917
6916
6916
6915
6915
6914
6912
6910
6909
6908
6908
6907
6906
6905
6905
6905
6900
6899
6899
6898
6898
6896
6896
6894
6892
6891
6889
6889
6887
6887
6887
6884
6884
6882
6880
6879
6879
6877
6874
6874
6872
6871
6870
6870
6870
6868
6868
6868
6867
6867
6867
6867
6866
6865
6865
6864
6864
6863
6862
6862
6860
6860
6859
6857
6857
6856
6854
6854
6851
6849
6849
6848
6847
6847
6846
6845
6845
6844
6844
6844
6844
6844
6842
6842
6842
6841
6840
6840
6836
6836
6836
6836
6834
6833
6833
6832
6831
6831
6828
6828
6827
6827
6827
6826
6826
6826
6825
6825
6825
6825
6820
6820
6819
6817
6816
6816
6815
6811
6810
6810
6809
6808
6806
6805
6805
6804
6804
6801
6800
6800
6799
6799
6799
6797
6797
6797
6797
6796
6795
6795
6794
6793
6793
6792
6790
6790
6790
6789
6789
6789
6788
6788
6786
6784
6783
6782
6781
6778
6777
6776
6772
6771
6771
6769
6769
6768
6767
6766
6764
6761
6761
6760
6758
6757
6757
6755
6755
6754
6754
6752
6752
6751
6750
6749
6749
6745
6744
6742
6742
6742
6741
6741
6740
6740
6740
6740
6739
6739
6739
6736
6735
6734
6733
6733
6733
6733
6731
6731
6730
6728
6724
6724
6722
6721
6719
6718
6716
6715
6714
6714
6713
6712
6708
6708
6708
6708
6706
6706
6705
6702
6702
6701
6699
6699
6698
6694
6693
6691
6690
6689
6689
6687
6687
6686
6685
6684
6683
6682
6681
6681
6680
6680
6679
6677
6677
6676
6675
6675
6675
6674
6672
6672
6672
6666
6665
6664
6663
6663
6663
6663
6661
6661
6660
6659
6658
6658
6658
6653
6653
6653
6652
6651
6650
6650
6647
6646
6646
6646
6645
6642
6640
6640
6640
6638
6635
6634
6633
6631
6631
6630
6628
6628
6626
6625
6622
6622
6620
6619
6617
6614
6613
6613
6612
6611
6611
6611
6611
6609
6609
6608
6608
6607
6607
6606
6604
6602
6602
6601
6600
6600
6600
6598
6596
6595
6595
6595
6595
6593
6593
6593
6592
6591
6591
6587
6586
6585
6585
6584
6584
6584
6582
6582
6581
6581
6580
6579
6578
6577
6577
6576
6575
6574
6574
6574
6574
6572
6570
6570
6568
6568
6567
6565
6565
6564
6564
6562
6560
6559
6559
6559
6558
6557
6556
6552
6552
6551
6550
6550
6549
6548
6548
6546
6545
6544
6544
6544
6543
6543
6542
6540
6539
6538
6538
6538
6537
6537
6535
6535
6535
6533
6533
6531
6531
6530
6530
6530
6529
6529
6529
6529
6528
6527
6524
6523
6521
6521
6520
6520
6519
6519
6517
6517
6516
6516
6513
6510
6509
6508
6508
6506
6506
6506
6504
6503
6501
6501
6500
6499
6499
6498
6495
6494
6491
6488
6485
6485
6485
6484
6484
6484
6483
6483
6483
6480
6480
6480
6476
6473
6471
6471
6470
6470
6470
6470
6470
6468
6468
6467
6467
6467
6466
6466
6464
6464
6463
6463
6462
6462
6459
6458
6458
6458
6458
6457
6457
6457
6457
6454
6454
6453
6453
6452
6451
6450
6449
6448
6447
6447
6446
6445
6444
6442
6441
6440
6439
6438
6438
6437
6437
6435
6434
6434
6433
6432
6432
6431
6430
6428
6425
6423
6423
6423
6422
6421
6419
6419
6418
6416
6415
6415
6414
6413
6413
6412
6411
6406
6405
6405
6404
6404
6404
6401
6401
6398
6397
6397
6395
6393
6393
6393
6392
6392
6391
6389
6389
6388
6387
6383
6383
6379
6378
6376
6375
6374
6374
6373
6371
6369
6369
6366
6366
6366
6366
6365
6364
6363
6363
6362
6361
6360
6359
6357
6356
6354
6353
6352
6352
6351
6351
6350
6348
6347
6346
6345
6344
6344
6344
6343
6343
6341
6340
6338
6337
6337
6336
6335
6334
6333
6333
6332
6331
6331
6330
6328
6327
6326
6324
6323
6322
6322
6321
6321
6318
6316
6316
6316
6316
6313
6312
6312
6310
6308
6306
6305
6305
6304
6304
6302
6301
6300
6299
6299
6299
6299
6297
6297
6294
6292
6292
6292
6290
6289
6289
6288
6288
6287
6287
6286
6284
6283
6283
6282
6282
6280
6280
6279
6279
6277
6275
6275
6274
6274
6267
6265
6265
6264
6262
6260
6260
6258
6258
6257
6255
6255
6254
6252
6251
6251
6250
6250
6250
6249
6248
6248
6247
6245
6243
6241
6241
6241
6241
6239
6236
6236
6236
6234
6234
6232
6231
6228
6224
6224
6223
6222
6221
6221
6220
6220
6218
6216
6216
6216
6214
6213
6212
6211
6210
6210
6210
6205
6203
6203
6202
6200
6198
6197
6197
6196
6195
6194
6193
6193
6192
6191
6191
6188
6188
6187
6187
6187
6185
6185
6184
6182
6181
6180
6179
6179
6177
6177
6175
6172
6172
6169
6168
6166
6163
6162
6161
6160
6160
6159
6156
6155
6155
6155
6154
6152
6152
6152
6151
6150
6149
6147
6145
6145
6142
6142
6142
6141
6140
6136
6136
6136
6135
6134
6133
6132
6131
6131
6129
6128
6128
6128
6127
6127
6126
6123
6122
6122
6122
6120
6120
6117
6117
6116
6116
6115
6115
6114
6114
6113
6113
6113
6112
6111
6108
6108
6107
6107
6105
6101
6100
6100
6097
6097
6092
6090
6089
6088
6087
6086
6085
6085
6084
6083
6081
6080
6080
6080
6079
6079
6079
6078
6078
6078
6076
6075
6075
6075
6074
6074
6073
6071
6070
6069
6066
6065
6062
6061
6061
6061
6057
6056
6056
6055
6054
6054
6052
6051
6051
6051
6050
6048
6046
6046
6046
6045
6045
6044
6043
6041
6040
6039
6038
6037
6036
6035
6035
6034
6032
6032
6031
6030
6030
6028
6026
6025
6024
6024
6024
6023
6023
6022
6021
6020
6019
6019
6016
6016
6015
6015
6014
6014
6013
6012
6010
6009
6007
6006
6005
6003
6000
6000
6000
6000
5999
5996
5995
5995
5994
5993
5993
5993
5991
5990
5990
5989
5989
5989
5989
5988
5988
5988
5988
5987
5985
5983
5982
5982
5978
5977
5977
5976
5973
5973
5973
5972
5971
5969
5967
5965
5965
5965
5964
5964
5962
5962
5959
5956
5956
5953
5952
5952
5950
5949
5948
5947
5947
5946
5946
5946
5946
5944
5943
5943
5942
5939
5937
5937
5935
5935
5934
5933
5932
5931
5930
5929
5928
5926
5926
5925
5924
5922
5921
5921
5921
5920
5919
5919
5918
5917
5917
5917
5917
5917
5916
5916
5915
5915
5915
5914
5914
5914
5913
5913
5911
5909
5906
5906
5906
5904
5900
5898
5898
5898
5897
5896
5895
5894
5892
5891
5888
5887
5886
5886
5885
5882
5881
5881
5880
5878
5877
5876
5875
5872
5871
5870
5869
5869
5869
5869
5868
5868
5867
5866
5865
5865
5864
5863
5863
5863
5862
5862
5862
5862
5861
5861
5860
5860
5859
5859
5859
5858
5855
5854
5853
5852
5852
5851
5851
5850
5850
5849
5847
5845
5845
5844
5843
5843
5840
5839
5838
5838
5838
5837
5836
5836
5832
5832
5832
5832
5831
5831
5829
5828
5828
5827
5826
5825
5824
5823
5823
5822
5820
5820
5818
5818
5816
5814
5814
5814
5811
5810
5809
5808
5808
5806
5805
5801
5798
5798
5798
5797
5796
5795
5793
5793
5792
5792
5790
5790
5789
5787
5787
5786
5786
5785
5784
5784
5784
5784
5783
5780
5780
5778
5774
5773
5773
5772
5772
5771
5769
5766
5765
5765
5764
5764
5763
5762
5762
5762
5762
5761
5760
5760
5756
5755
5754
5753
5751
5749
5749
5748
5745
5744
5741
5740
5739
5739
5739
5737
5736
5736
5734
5732
5730
5729
5728
5726
5726
5721
5721
5720
5719
5719
5716
5715
5715
5715
5714
5714
5713
5713
5712
5711
5710
5710
5709
5709
5708
5707
5707
5702
5700
5700
5700
5698
5698
5698
5696
5696
5693
5693
5692
5692
5692
5692
5690
5690
5687
5687
5686
5685
5684
5684
5683
5681
5679
5678
5678
5677
5675
5675
5674
5670
5668
5664
5664
5662
5662
5660
5660
5656
5654
5653
5652
5649
5649
5649
5646
5646
5646
5644
5644
5642
5642
5640
5639
5639
5638
5637
5634
5634
5633
5633
5630
5629
5629
5628
5627
5626
5623
5620
5619
5618
5616
5615
5613
5612
5611
5611
5611
5610
5609
5607
5606
5606
5603
5603
5603
5602
5602
5600
5599
5598
5597
5597
5597
5592
5591
5590
5589
5589
5584
5582
5580
5580
5579
5579
5577
5575
5574
5574
5574
5571
5571
5570
5569
5569
5568
5568
5568
5565
5564
5564
5564
5564
5563
5560
5559
5557
5556
5556
5555
5554
5554
5554
5552
5552
5550
5550
5550
5549
5546
5546
5544
5541
5539
5539
5538
5537
5537
5536
5536
5535
5534
5533
5531
5531
5531
5531
5530
5529
5528
5528
5524
5523
5522
5519
5518
5517
5517
5516
5516
5515
5514
5512
5509
5508
5504
5503
5503
5503
5502
5501
5499
5496
5494
5494
5492
5492
5492
5491
5490
5490
5489
5488
5488
5487
5486
5486
5484
5483
5478
5475
5475
5473
5473
5472
5471
5471
5470
5468
5468
5467
5467
5467
5466
5464
5462
5461
5460
5460
5458
5456
5454
5453
5452
5451
5449
5448
5447
5447
5446
5445
5445
5443
5443
5442
5441
5440
5440
5438
5437
5436
5435
5435
5434
5434
5434
5432
5428
5428
5428
5427
5427
5426
5425
5423
5423
5422
5421
5420
5419
5418
5416
5415
5413
5411
5411
5408
5406
5402
5401
5401
5398
5397
5397
5396
5396
5395
5395
5394
5393
5393
5393
5389
5389
5389
5388
5387
5387
5387
5386
5385
5384
5383
5382
5382
5382
5379
5378
5378
5378
5377
5377
5377
5375
5374
5374
5370
5370
5370
5369
5368
5367
5367
5366
5366
5361
5360
5360
5359
5359
5358
5357
5357
5357
5356
5352
5352
5352
5351
5351
5351
5349
5348
5347
5346
5343
5343
5343
5342
5340
5340
5339
5339
5339
5338
5338
5337
5336
5335
5332
5332
5332
5331
5329
5329
5329
5329
5328
5326
5326
5326
5326
5324
5324
5322
5322
5322
5322
5322
5322
5320
5320
5319
5317
5316
5315
5310
5308
5308
5307
5307
5306
5305
5305
5303
5298
5297
5296
5295
5292
5291
5291
5290
5290
5290
5289
5288
5286
5285
5285
5285
5284
5282
5281
5278
5274
5274
5273
5272
5270
5270
5268
5267
5266
5265
5264
5264
5264
5264
5260
5260
5259
5259
5259
5258
5258
5257
5255
5255
5254
5252
5250
5249
5249
5248
5248
5248
5247
5246
5245
5245
5244
5243
5243
5242
5241
5239
5239
5238
5236
5236
5235
5234
5234
5233
5232
5230
5229
5223
5222
5222
5221
5220
5219
5219
5219
5218
5217
5217
5216
5215
5213
5212
5212
5212
5211
5211
5210
5210
5209
5209
5209
5207
5207
5204
5202
5202
5198
5197
5197
5197
5197
5195
5195
5194
5193
5193
5192
5192
5192
5191
5191
5189
5188
5187
5186
5186
5183
5182
5182
5181
5181
5179
5179
5178
5177
5176
5175
5171
5169
5169
5168
5167
5166
5166
5164
5164
5163
5161
5160
5160
5159
5157
5156
5155
5151
5150
5150
5150
5149
5148
5148
5148
5146
5146
5146
5144
5144
5144
5143
5141
5140
5139
5136
5135
5135
5133
5133
5132
5132
5131
5127
5126
5126
5126
5126
5125
5123
5119
5119
5119
5118
5117
5117
5115
5115
5114
5114
5114
5113
5112
5112
5111
5110
5110
5109
5108
5107
5106
5106
5105
5105
5103
5103
5103
5102
5101
5101
5096
5095
5095
5092
5090
5090
5090
5089
5089
5087
5087
5086
5086
5085
5085
5084
5082
5082
5082
5081
5081
5080
5080
5078
5078
5077
5077
5077
5076
5075
5074
5072
5070
5069
5069
5068
5067
5067
5066
5064
5062
5062
5062
5061
5061
5060
5060
5059
5059
5058
5057
5057
5057
5056
5055
5054
5053
5051
5050
5050
5049
5047
5045
5044
5042
5040
5039
5039
5039
5036
5036
5035
5035
5034
5034
5032
5031
5030
5030
5029
5029
5029
5027
5026
5023
5023
5022
5022
5022
5020
5020
5020
5019
5017
5012
5012
5009
5007
5005
5001
5001
5001
5000
4999
4999
4998
4998
4997
4997
4994
4992
4988
4986
4985
4985
4983
4983
4982
4981
4980
4980
4979
4979
4978
4973
4973
4973
4970
4970
4970
4969
4966
4961
4961
4961
4960
4959
4958
4957
4957
4956
4956
4954
4954
4953
4953
4953
4949
4949
4949
4947
4946
4945
4942
4941
4941
4941
4940
4937
4937
4937
4936
4936
4936
4934
4934
4932
4931
4929
4928
4928
4927
4926
4924
4923
4921
4920
4920
4920
4916
4913
4912
4911
4908
4900
4899
4899
4893
4890
4890
4889
4889
4888
4885
4884
4884
4884
4883
4883
4881
4881
4881
4880
4880
4878
4877
4876
4876
4876
4875
4874
4873
4873
4872
4871
4870
4869
4869
4867
4863
4861
4859
4858
4858
4856
4856
4854
4854
4853
4849
4849
4847
4840
4839
4838
4837
4835
4833
4832
4831
4830
4829
4829
4827
4826
4825
4822
4822
4821
4816
4816
4815
4814
4813
4812
4812
4811
4810
4809
4809
4808
4807
4807
4806
4806
4806
4804
4802
4802
4800
4800
4799
4798
4797
4797
4797
4797
4796
4796
4793
4793
4792
4792
4791
4789
4788
4787
4786
4784
4783
4783
4783
4783
4782
4782
4781
4780
4780
4780
4780
4778
4776
4774
4773
4772
4772
4772
4771
4769
4768
4767
4767
4766
4765
4765
4764
4762
4762
4762
4761
4761
4760
4758
4755
4754
4753
4751
4751
4749
4749
4747
4744
4743
4743
4743
4742
4741
4741
4740
4739
4739
4735
4734
4733
4731
4730
4730
4729
4723
4723
4723
4722
4721
4720
4719
4719
4716
4715
4715
4714
4713
4713
4712
4711
4710
4710
4709
4708
4707
4707
4707
4706
4706
4704
4704
4704
4704
4703
4703
4702
4699
4699
4699
4696
4695
4695
4695
4694
4694
4693
4693
4692
4692
4692
4691
4691
4691
4690
4689
4687
4687
4686
4685
4685
4685
4683
4683
4683
4682
4682
4682
4681
4679
4678
4677
4677
4677
4677
4675
4673
4670
4669
4666
4664
4663
4663
4661
4660
4658
4657
4657
4656
4656
4656
4656
4655
4655
4653
4652
4647
4645
4644
4643
4643
4642
4642
4641
4641
4641
4638
4637
4637
4636
4636
4636
4635
4635
4634
4633
4631
4631
4630
4630
4628
4628
4627
4626
4625
4624
4623
4621
4619
4618
4616
4612
4611
4610
4610
4609
4608
4608
4607
4606
4606
4603
4603
4603
4600
4599
4599
4599
4595
4594
4594
4590
4590
4589
4588
4586
4586
4585
4585
4585
4585
4583
4582
4582
4582
4581
4581
4580
4580
4579
4579
4577
4577
4574
4573
4570
4570
4567
4565
4565
4564
4564
4562
4560
4560
4559
4557
4557
4557
4556
4556
4555
4554
4551
4549
4545
4545
4544
4543
4543
4543
4543
4543
4542
4541
4541
4540
4540
4539
4537
4536
4536
4535
4533
4533
4531
4530
4529
4528
4527
4526
4526
4525
4524
4524
4523
4523
4522
4521
4520
4517
4516
4514
4511
4511
4509
4508
4508
4508
4507
4505
4504
4504
4504
4503
4503
4501
4501
4500
4500
4499
4496
4495
4495
4493
4493
4493
4492
4491
4488
4487
4486
4485
4485
4483
4481
4480
4479
4479
4479
4479
4479
4478
4477
4476
4476
4475
4474
4474
4473
4473
4471
4470
4468
4467
4467
4466
4465
4465
4464
4463
4462
4462
4461
4460
4460
4459
4457
4457
4457
4457
4454
4450
4450
4448
4448
4447
4444
4443
4443
4442
4442
4440
4440
4439
4438
4436
4436
4436
4432
4430
4429
4427
4427
4426
4424
4423
4423
4423
4420
4419
4418
4417
4416
4415
4414
4413
4411
4408
4406
4404
4404
4402
4402
4400
4399
4397
4393
4393
4393
4393
4392
4391
4390
4389
4388
4386
4385
4384
4382
4381
4380
4380
4379
4379
4379
4379
4378
4378
4376
4375
4375
4373
4372
4372
4371
4370
4370
4370
4369
4369
4368
4367
4367
4364
4364
4363
4362
4362
4362
4361
4360
4360
4358
4354
4354
4353
4352
4352
4350
4350
4349
4348
4346
4345
4345
4343
4342
4341
4341
4341
4339
4338
4335
4334
4332
4330
4328
4328
4327
4326
4324
4323
4322
4321
4320
4316
4314
4313
4313
4312
4308
4306
4305
4305
4303
4302
4302
4300
4300
4298
4298
4297
4297
4297
4294
4294
4292
4292
4292
4291
4288
4287
4287
4286
4286
4286
4285
4285
4285
4285
4284
4283
4282
4282
4276
4276
4274
4273
4272
4272
4272
4271
4270
4269
4269
4268
4268
4268
4267
4265
4265
4264
4263
4263
4263
4261
4261
4261
4260
4260
4259
4259
4259
4258
4257
4257
4257
4254
4253
4251
4250
4250
4250
4249
4245
4244
4244
4240
4240
4237
4236
4236
4234
4233
4230
4229
4227
4225
4224
4224
4223
4221
4220
4220
4219
4219
4217
4216
4215
4214
4214
4212
4212
4211
4211
4209
4208
4208
4207
4206
4205
4202
4201
4200
4199
4199
4198
4197
4196
4195
4195
4194
4193
4193
4192
4191
4191
4191
4188
4186
4186
4185
4182
4181
4181
4179
4177
4176
4176
4176
4174
4173
4173
4172
4172
4171
4169
4166
4166
4161
4161
4159
4158
4155
4155
4155
4154
4154
4153
4153
4151
4150
4150
4149
4149
4148
4147
4147
4146
4146
4145
4143
4140
4140
4137
4136
4134
4131
4129
4127
4127
4124
4124
4123
4122
4121
4121
4120
4120
4119
4119
4116
4115
4115
4114
4113
4113
4111
4110
4109
4109
4108
4108
4108
4107
4106
4106
4106
4104
4104
4100
4100
4099
4099
4099
4099
4098
4098
4097
4096
4096
4095
4093
4093
4093
4092
4091
4086
4084
4082
4082
4081
4080
4080
4080
4080
4079
4078
4076
4076
4075
4074
4073
4073
4072
4069
4068
4066
4063
4061
4061
4058
4057
4057
4056
4056
4055
4054
4054
4054
4053
4052
4052
4052
4051
4050
4048
4048
4047
4046
4043
4043
4042
4041
4041
4039
4038
4037
4036
4036
4035
4032
4032
4031
4031
4030
4027
4024
4024
4022
4022
4021
4020
4020
4019
4018
4017
4016
4015
4012
4011
4011
4006
4006
4005
4003
4003
4002
4002
3998
3996
3996
3996
3995
3994
3994
3993
3993
3992
3992
3991
3990
3989
3988
3988
3986
3985
3984
3984
3983
3981
3981
3979
3977
3974
3973
3972
3971
3970
3969
3968
3968
3967
3967
3967
3965
3964
3964
3964
3963
3963
3960
3960
3957
3957
3955
3954
3953
3952
3951
3949
3949
3948
3948
3947
3946
3945
3945
3944
3940
3940
3939
3938
3938
3935
3934
3932
3930
3928
3928
3927
3926
3925
3923
3920
3919
3919
3919
3919
3918
3917
3916
3916
3916
3914
3912
3910
3910
3910
3907
3907
3907
3904
3900
3899
3898
3897
3895
3893
3892
3891
3891
3889
3889
3889
3888
3887
3885
3884
3884
3884
3883
3881
3881
3880
3879
3879
3879
3879
3878
3878
3878
3878
3877
3876
3876
3876
3875
3875
3874
3874
3872
3872
3871
3868
3868
3866
3865
3863
3863
3862
3861
3860
3860
3858
3858
3857
3857
3856
3853
3853
3852
3850
3849
3848
3848
3847
3846
3844
3842
3842
3842
3841
3839
3838
3835
3834
3831
3830
3828
3827
3827
3827
3826
3824
3824
3820
3820
3819
3815
3815
3814
3813
3810
3809
3808
3807
3806
3806
3803
3801
3799
3798
3796
3794
3794
3790
3788
3785
3782
3782
3780
3780
3780
3778
3778
3775
3772
3771
3771
3769
3768
3766
3765
3765
3764
3764
3764
3764
3763
3761
3758
3756
3756
3755
3755
3755
3754
3752
3749
3747
3746
3746
3741
3741
3737
3736
3735
3735
3734
3733
3732
3730
3729
3729
3729
3728
3727
3726
3725
3725
3724
3723
3723
3723
3719
3716
3713
3713
3712
3712
3710
3710
3709
3708
3706
3706
3706
3704
3703
3703
3701
3701
3700
3697
3697
3696
3696
3696
3695
3695
3693
3693
3693
3688
3687
3687
3686
3686
3683
3682
3680
3680
3679
3675
3674
3674
3673
3673
3672
3672
3671
3671
3670
3669
3667
3667
3666
3665
3663
3662
3661
3658
3658
3657
3654
3653
3653
3652
3652
3649
3648
3644
3643
3643
3643
3643
3642
3642
3641
3640
3639
3638
3637
3637
3636
3636
3636
3633
3633
3632
3630
3629
3628
3624
3623
3623
3618
3616
3616
3613
3609
3608
3607
3604
3604
3602
3599
3598
3598
3597
3596
3595
3593
3593
3592
3591
3591
3590
3589
3588
3587
3587
3586
3585
3584
3584
3582
3582
3581
3580
3580
3579
3579
3578
3577
3577
3575
3572
3568
3568
3567
3563
3563
3562
3562
3560
3559
3559
3556
3555
3553
3553
3552
3552
3552
3551
3551
3549
3549
3549
3549
3548
3546
3545
3544
3543
3542
3541
3540
3539
3538
3537
3536
3535
3535
3534
3530
3529
3527
3526
3526
3525
3521
3520
3519
3519
3515
3515
3514
3513
3513
3511
3510
3509
3507
3506
3505
3504
3503
3503
3502
3502
3501
3499
3498
3497
3497
3497
3496
3496
3495
3495
3495
3492
3491
3489
3487
3486
3486
3482
3481
3480
3480
3479
3479
3479
3478
3476
3475
3475
3473
3472
3471
3470
3469
3468
3465
3464
3463
3462
3462
3461
3459
3458
3458
3457
3455
3454
3453
3453
3450
3449
3449
3447
3447
3443
3443
3442
3441
3441
3438
3437
3433
3433
3433
3432
3432
3431
3431
3431
3429
3429
3427
3427
3427
3426
3424
3423
3423
3421
3421
3421
3420
3419
3418
3417
3415
3415
3412
3412
3411
3410
3409
3408
3407
3406
3404
3404
3403
3403
3402
3402
3402
3401
3401
3401
3400
3400
3399
3399
3398
3398
3397
3395
3395
3395
3395
3394
3394
3389
3387
3386
3386
3384
3384
3383
3383
3381
3380
3378
3377
3375
3375
3374
3373
3373
3372
3371
3369
3369
3365
3364
3364
3364
3362
3360
3359
3358
3356
3354
3353
3352
3352
3351
3350
3349
3348
3348
3346
3346
3346
3344
3344
3343
3341
3341
3341
3337
3336
3334
3334
3334
3332
3331
3330
3329
3329
3327
3327
3326
3325
3325
3323
3323
3321
3320
3320
3319
3318
3316
3316
3315
3314
3314
3313
3312
3311
3311
3309
3308
3308
3308
3307
3306
3306
3306
3305
3304
3303
3300
3299
3299
3298
3298
3298
3298
3294
3293
3292
3289
3284
3282
3278
3275
3275
3271
3271
3269
3268
3267
3267
3267
3267
3265
3264
3264
3263
3261
3261
3260
3260
3258
3258
3258
3258
3258
3258
3257
3257
3255
3254
3254
3253
3253
3252
3252
3251
3250
3245
3245
3244
3243
3242
3242
3242
3239
3238
3237
3237
3231
3231
3231
3231
3231
3230
3229
3229
3227
3226
3225
3225
3224
3223
3223
3222
3221
3220
3218
3217
3216
3213
3213
3213
3211
3210
3210
3210
3210
3207
3207
3206
3206
3205
3204
3202
3201
3201
3200
3200
3198
3197
3197
3197
3197
3196
3195
3191
3189
3189
3189
3188
3186
3186
3185
3184
3183
3178
3178
3178
3177
3177
3176
3175
3174
3173
3171
3171
3170
3170
3170
3167
3166
3166
3164
3163
3162
3162
3162
3161
3159
3158
3157
3156
3156
3156
3153
3152
3149
3149
3149
3148
3145
3145
3144
3144
3143
3142
3142
3141
3139
3138
3138
3137
3137
3136
3136
3136
3135
3135
3134
3133
3131
3131
3128
3126
3125
3124
3123
3122
3121
3121
3121
3121
3120
3119
3119
3118
3118
3117
3117
3117
3116
3114
3113
3113
3111
3109
3107
3104
3104
3104
3103
3103
3102
3102
3100
3100
3098
3095
3095
3094
3093
3092
3091
3091
3090
3090
3090
3089
3088
3088
3087
3087
3086
3083
3082
3082
3081
3081
3080
3079
3079
3078
3078
3077
3076
3075
3074
3071
3071
3070
3068
3065
3063
3063
3062
3061
3059
3057
3057
3057
3056
3056
3055
3055
3055
3054
3052
3051
3048
3048
3047
3045
3044
3043
3043
3042
3042
3040
3040
3038
3038
3037
3037
3036
3035
3033
3033
3031
3030
3028
3028
3028
3027
3026
3026
3025
3025
3024
3023
3022
3022
3020
3020
3019
3019
3017
3015
3014
3013
3012
3008
3008
3008
3007
3005
3005
3005
3005
3004
3004
3002
3001
3000
3000
3000
2999
2998
2998
2997
2997
2997
2996
2994
2993
2991
2991
2989
2989
2987
2987
2987
2986
2984
2984
2984
2984
2983
2982
2980
2980
2980
2976
2975
2972
2971
2970
2967
2965
2965
2964
2964
2961
2961
2961
2960
2960
2959
2959
2955
2953
2952
2949
2948
2946
2946
2945
2945
2944
2944
2942
2942
2939
2939
2939
2939
2938
2937
2937
2936
2933
2932
2932
2931
2929
2929
2927
2927
2927
2927
2925
2925
2923
2921
2920
2919
2916
2915
2915
2913
2911
2910
2909
2907
2907
2904
2903
2903
2903
2902
2899
2899
2898
2897
2895
2894
2893
2892
2891
2891
2890
2889
2887
2886
2885
2884
2884
2883
2882
2882
2882
2881
2880
2880
2879
2878
2878
2874
2874
2873
2873
2872
2872
2870
2868
2866
2864
2864
2863
2863
2861
2860
2859
2859
2859
2858
2857
2857
2856
2855
2855
2854
2851
2851
2850
2849
2848
2848
2845
2845
2844
2844
2844
2842
2842
2841
2841
2840
2840
2840
2839
2837
2836
2836
2835
2834
2833
2832
2829
2828
2827
2826
2826
2826
2823
2823
2821
2820
2819
2818
2817
2817
2816
2816
2814
2814
2814
2813
2813
2812
2810
2809
2808
2807
2806
2805
2804
2803
2801
2799
2796
2795
2795
2793
2790
2788
2788
2785
2780
2778
2778
2777
2776
2775
2774
2774
2772
2772
2770
2769
2769
2768
2768
2765
2764
2763
2762
2761
2761
2761
2757
2756
2756
2755
2753
2753
2752
2752
2747
2746
2746
2746
2745
2743
2740
2739
2738
2737
2737
2734
2734
2732
2730
2730
2730
2729
2729
2729
2728
2728
2727
2726
2721
2720
2720
2718
2717
2716
2716
2716
2715
2714
2713
2712
2711
2710
2710
2709
2708
2708
2706
2704
2703
2702
2701
2701
2699
2698
2698
2695
2695
2693
2692
2691
2691
2689
2688
2686
2681
2681
2681
2678
2678
2678
2676
2676
2676
2675
2675
2675
2675
2674
2674
2674
2673
2672
2668
2667
2665
2665
2665
2664
2662
2662
2661
2660
2660
2659
2659
2657
2656
2655
2654
2653
2651
2650
2650
2647
2646
2646
2645
2644
2643
2643
2642
2637
2637
2635
2634
2634
2633
2632
2632
2630
2630
2628
2626
2625
2625
2624
2624
2622
2621
2621
2619
2615
2615
2615
2612
2611
2610
2609
2607
2606
2605
2601
2599
2599
2597
2596
2594
2594
2594
2593
2592
2592
2591
2591
2590
2589
2589
2588
2588
2588
2588
2587
2586
2585
2585
2584
2582
2581
2578
2577
2577
2575
2574
2574
2573
2572
2571
2571
2571
2568
2567
2567
2565
2564
2563
2563
2563
2563
2561
2560
2559
2558
2558
2557
2552
2551
2551
2551
2551
2550
2550
2550
2546
2546
2546
2545
2541
2540
2539
2533
2533
2532
2532
2532
2531
2530
2529
2528
2525
2525
2524
2524
2523
2523
2522
2520
2518
2517
2517
2515
2515
2515
2514
2514
2513
2511
2511
2511
2510
2509
2509
2507
2505
2505
2504
2503
2503
2502
2500
2500
2499
2498
2498
2497
2497
2497
2496
2494
2494
2493
2492
2491
2490
2489
2488
2486
2484
2483
2482
2481
2478
2474
2473
2472
2472
2469
2468
2465
2464
2463
2462
2462
2461
2461
2460
2459
2456
2454
2453
2453
2452
2451
2451
2449
2448
2446
2445
2445
2442
2441
2439
2439
2438
2436
2435
2435
2434
2432
2432
2431
2431
2429
2428
2428
2427
2426
2425
2423
2422
2422
2420
2418
2416
2415
2414
2414
2413
2413
2412
2412
2408
2408
2407
2406
2406
2405
2405
2404
2404
2402
2402
2399
2399
2399
2398
2397
2397
2396
2394
2394
2393
2393
2392
2390
2389
2388
2384
2382
2382
2381
2380
2379
2373
2371
2371
2369
2369
2368
2367
2367
2362
2362
2362
2362
2362
2361
2360
2360
2359
2358
2358
2357
2355
2354
2352
2351
2350
2349
2348
2348
2347
2347
2346
2345
2343
2342
2340
2338
2338
2337
2337
2335
2333
2331
2331
2330
2329
2329
2328
2328
2327
2327
2327
2325
2324
2323
2321
2321
2321
2319
2319
2317
2317
2315
2315
2314
2313
2312
2312
2310
2310
2310
2304
2304
2304
2300
2300
2299
2298
2297
2296
2295
2294
2293
2293
2289
2289
2288
2288
2288
2287
2287
2286
2286
2285
2284
2283
2283
2283
2283
2283
2282
2282
2279
2278
2278
2276
2276
2275
2274
2273
2273
2270
2270
2269
2267
2267
2267
2266
2266
2265
2265
2265
2265
2263
2262
2261
2260
2260
2260
2258
2257
2256
2253
2252
2251
2249
2249
2248
2248
2247
2247
2247
2245
2244
2243
2243
2241
2240
2239
2237
2237
2236
2236
2236
2235
2234
2234
2233
2229
2229
2229
2227
2227
2224
2224
2223
2222
2221
2221
2220
2219
2219
2217
2217
2217
2215
2215
2215
2215
2214
2211
2209
2208
2208
2208
2207
2206
2206
2206
2206
2205
2204
2202
2201
2201
2200
2200
2200
2199
2198
2197
2197
2196
2196
2192
2192
2192
2189
2188
2187
2186
2185
2184
2181
2179
2178
2178
2178
2176
2175
2172
2172
2171
2170
2170
2170
2170
2169
2167
2166
2166
2166
2165
2165
2163
2161
2161
2159
2158
2156
2155
2152
2152
2150
2149
2147
2147
2146
2145
2143
2143
2142
2140
2137
2137
2135
2135
2134
2129
2129
2129
2127
2126
2125
2124
2124
2123
2120
2118
2117
2117
2116
2116
2115
2115
2113
2113
2113
2112
2112
2109
2109
2108
2107
2107
2107
2105
2102
2102
2102
2101
2100
2100
2100
2099
2099
2098
2097
2096
2095
2094
2092
2091
2090
2090
2090
2089
2088
2087
2087
2085
2084
2084
2084
2082
2080
2077
2077
2077
2076
2073
2073
2073
2072
2071
2071
2070
2068
2067
2064
2064
2064
2063
2062
2060
2060
2059
2059
2057
2057
2057
2056
2056
2055
2055
2054
2054
2054
2052
2052
2051
2048
2048
2046
2046
2045
2045
2045
2045
2045
2044
2044
2042
2041
2040
2039
2039
2037
2036
2036
2031
2031
2030
2030
2028
2028
2027
2023
2021
2018
2017
2017
2014
2014
2011
2010
2010
2009
2008
2008
2008
2007
2007
2005
2005
2005
2004
2004
2003
2003
2002
2002
2001
2000
1999
1999
1998
1996
1996
1993
1993
1992
1992
1992
1988
1988
1987
1986
1986
1985
1985
1984
1983
1982
1981
1981
1980
1980
1977
1977
1976
1976
1975
1974
1973
1972
1971
1968
1968
1967
1967
1967
1967
1965
1965
1965
1964
1963
1963
1963
1962
1962
1962
1958
1957
1957
1955
1955
1953
1952
1951
1951
1951
1951
1950
1949
1949
1947
1946
1945
1944
1943
1940
1935
1935
1934
1934
1933
1932
1932
1931
1931
1930
1929
1929
1928
1928
1928
1927
1925
1924
1924
1923
1921
1921
1920
1919
1918
1917
1916
1914
1912
1911
1910
1910
1909
1908
1906
1905
1905
1904
1902
1901
1901
1900
1893
1893
1892
1889
1888
1888
1887
1884
1884
1883
1882
1882
1881
1881
1881
1880
1880
1874
1873
1872
1871
1870
1869
1869
1868
1866
1866
1864
1864
1863
1862
1862
1861
1860
1860
1858
1858
1858
1857
1857
1857
1855
1855
1851
1851
1851
1850
1849
1848
1847
1846
1846
1844
1843
1843
1843
1837
1833
1833
1831
1830
1829
1827
1824
1824
1823
1822
1818
1818
1817
1816
1814
1813
1810
1807
1806
1804
1803
1803
1803
1801
1799
1798
1796
1796
1794
1794
1794
1793
1792
1791
1791
1789
1787
1787
1786
1785
1782
1782
1782
1781
1779
1778
1777
1777
1776
1774
1773
1771
1771
1771
1769
1769
1769
1767
1766
1765
1763
1763
1762
1761
1761
1760
1759
1757
1754
1753
1751
1751
1748
1747
1747
1746
1743
1743
1741
1741
1741
1740
1740
1739
1738
1736
1734
1734
1728
1728
1726
1725
1725
1723
1723
1723
1723
1722
1722
1722
1721
1720
1719
1719
1718
1717
1716
1716
1714
1712
1712
1711
1711
1710
1709
1709
1706
1706
1704
1702
1701
1700
1699
1698
1698
1698
1698
1696
1693
1692
1691
1689
1688
1688
1687
1685
1685
1682
1680
1680
1680
1680
1679
1679
1678
1676
1676
1676
1675
1675
1674
1670
1670
1670
1668
1668
1666
1664
1664
1663
1662
1661
1661
1660
1660
1659
1658
1656
1655
1654
1652
1652
1651
1648
1647
1645
1643
1643
1639
1639
1638
1638
1637
1635
1635
1635
1634
1634
1634
1634
1632
1631
1630
1629
1629
1628
1628
1628
1627
1627
1626
1625
1622
1622
1621
1621
1619
1619
1618
1616
1616
1615
1613
1610
1610
1610
1608
1608
1605
1605
1605
1604
1604
1603
1602
1602
1601
1600
1599
1598
1598
1597
1597
1596
1596
1595
1594
1594
1594
1593
1592
1592
1592
1590
1589
1588
1588
1587
1587
1586
1586
1584
1583
1583
1583
1582
1582
1579
1579
1578
1577
1577
1577
1575
1574
1573
1572
1572
1571
1570
1570
1569
1567
1561
1560
1560
1558
1558
1555
1555
1555
1554
1554
1553
1545
1544
1544
1543
1542
1541
1541
1541
1540
1539
1537
1536
1535
1533
1531
1530
1529
1529
1528
1528
1525
1522
1521
1520
1519
1519
1517
1517
1516
1515
1515
1512
1511
1511
1511
1510
1509
1509
1508
1506
1502
1502
1500
1499
1499
1497
1497
1496
1495
1494
1493
1492
1492
1491
1488
1487
1485
1485
1483
1482
1481
1481
1480
1480
1480
1478
1478
1477
1477
1473
1471
1470
1468
1468
1468
1468
1467
1467
1466
1465
1463
1462
1462
1462
1462
1459
1457
1456
1456
1455
1455
1455
1454
1454
1453
1453
1452
1450
1449
1449
1447
1447
1446
1446
1446
1445
1444
1444
1443
1442
1441
1440
1439
1439
1439
1438
1435
1433
1433
1433
1431
1431
1431
1431
1429
1428
1425
1425
1424
1423
1422
1422
1419
1419
1419
1418
1417
1417
1413
1412
1411
1410
1409
1409
1407
1406
1405
1404
1404
1403
1403
1402
1401
1401
1398
1397
1397
1396
1396
1395
1394
1394
1393
1390
1389
1386
1385
1384
1383
1382
1381
1380
1379
1378
1377
1376
1375
1375
1374
1374
1373
1373
1371
1371
1370
1369
1368
1368
1368
1367
1366
1363
1362
1362
1361
1358
1357
1357
1356
1354
1352
1352
1352
1352
1351
1351
1348
1348
1348
1348
1348
1346
1344
1344
1342
1342
1340
1338
1337
1335
1334
1333
1333
1332
1331
1331
1331
1329
1325
1322
1320
1318
1317
1316
1315
1313
1312
1310
1308
1307
1307
1307
1307
1306
1305
1304
1304
1303
1302
1302
1302
1301
1299
1298
1297
1295
1294
1293
1293
1289
1286
1285
1285
1285
1284
1283
1283
1282
1280
1279
1276
1275
1273
1272
1269
1269
1265
1264
1262
1261
1261
1260
1258
1256
1253
1251
1248
1246
1246
1246
1243
1242
1242
1241
1240
1237
1236
1236
1236
1236
1235
1235
1235
1234
1233
1233
1232
1230
1229
1229
1228
1225
1224
1221
1218
1218
1217
1217
1216
1215
1213
1210
1208
1207
1206
1205
1204
1200
1199
1198
1198
1196
1196
1195
1194
1194
1194
1193
1192
1192
1191
1191
1191
1190
1188
1186
1186
1186
1186
1185
1184
1183
1181
1179
1178
1178
1178
1178
1178
1177
1173
1173
1173
1172
1169
1168
1168
1168
1167
1165
1165
1163
1162
1158
1157
1156
1154
1153
1151
1151
1150
1150
1146
1144
1143
1142
1139
1139
1135
1133
1131
1129
1127
1126
1125
1122
1120
1119
1119
1118
1118
1117
1117
1115
1114
1113
1112
1111
1107
1107
1103
1103
1102
1101
1100
1100
1100
1099
1099
1097
1095
1095
1095
1094
1094
1094
1094
1092
1092
1091
1090
1088
1088
1087
1087
1084
1083
1082
1081
1081
1080
1080
1079
1079
1078
1078
1078
1074
1074
1072
1070
1070
1070
1069
1068
1068
1066
1066
1066
1063
1062
1062
1060
1059
1057
1056
1056
1056
1056
1052
1051
1051
1050
1048
1048
1047
1047
1047
1046
1046
1045
1043
1042
1041
1041
1041
1039
1039
1038
1037
1036
1034
1033
1031
1030
1028
1028
1027
1027
1026
1025
1025
1025
1024
1023
1022
1021
1021
1021
1019
1019
1018
1017
1017
1014
1013
1012
1011
1011
1005
1004
1004
1004
1004
1002
1001
1000
997
995
995
995
994
994
992
992
990
989
989
989
988
988
987
985
985
983
983
982
982
982
982
981
981
980
979
978
977
975
974
973
973
973
973
972
972
972
969
969
968
967
966
965
965
964
964
964
964
963
962
962
960
959
958
958
956
955
953
950
948
948
948
946
945
945
944
944
942
941
941
941
939
939
938
938
937
936
933
933
932
929
928
928
927
927
927
926
926
926
923
921
921
919
919
917
917
916
915
914
914
914
912
912
910
910
907
905
905
904
903
902
902
900
899
899
897
897
897
895
894
891
890
890
888
887
886
884
884
882
880
880
879
879
878
875
874
873
873
873
872
871
871
870
870
868
867
867
866
866
865
864
863
860
858
855
851
851
848
847
845
844
843
843
841
839
838
838
838
836
835
835
833
832
830
830
830
828
828
822
822
822
821
818
817
815
815
811
811
811
809
808
807
807
806
805
805
804
804
803
801
800
799
799
796
796
795
795
794
793
793
793
792
790
787
782
782
782
781
780
779
779
778
777
775
773
773
772
771
770
770
769
769
769
768
768
768
767
767
767
767
766
766
764
763
762
762
762
762
761
759
758
756
756
756
756
755
755
754
753
751
749
748
746
744
744
744
742
741
740
739
738
736
736
733
732
731
730
727
727
726
725
725
724
722
722
721
719
719
719
718
717
713
710
709
708
708
706
705
705
703
702
701
701
701
700
699
698
697
695
695
694
693
693
691
690
688
688
687
684
680
679
679
676
675
673
672
672
672
671
669
668
667
667
667
666
666
665
665
663
663
663
662
661
661
661
661
659
659
659
659
657
657
657
653
652
651
650
649
649
647
646
641
640
640
639
638
634
633
632
632
630
630
628
628
627
626
626
626
625
624
624
624
622
618
618
616
614
614
614
614
612
610
610
608
607
607
606
606
605
604
603
603
602
601
601
600
599
598
597
597
596
595
594
592
591
591
591
587
586
584
583
582
582
581
580
580
580
579
579
578
576
574
574
573
572
572
570
569
567
565
565
564
564
564
564
563
563
561
561
558
556
556
555
554
554
554
553
552
551
550
550
546
546
539
539
539
538
538
537
537
537
537
536
536
531
530
529
525
524
522
520
520
520
519
519
518
517
514
514
514
514
513
513
512
512
512
511
510
510
509
509
509
508
508
505
504
504
503
502
502
499
496
494
494
492
492
491
490
490
490
489
489
489
484
483
482
482
481
477
477
475
474
473
473
472
472
472
471
471
469
468
467
466
463
460
459
458
457
457
456
456
456
455
453
453
452
450
449
449
446
446
444
442
441
440
439
438
437
437
432
432
430
427
426
426
425
423
422
419
418
416
416
415
414
414
414
413
413
411
408
407
406
405
405
405
403
403
401
401
400
399
398
398
398
398
397
396
396
395
394
394
393
390
390
390
389
389
387
386
385
385
385
385
384
384
384
383
383
382
379
379
379
377
377
376
376
375
375
375
374
374
374
374
372
372
371
370
369
368
368
366
366
365
365
364
364
362
362
362
361
361
359
359
356
355
353
352
351
351
350
349
348
347
346
345
343
343
342
342
341
337
336
335
335
335
333
330
330
327
327
326
326
325
324
323
322
319
319
318
316
315
315
314
313
313
311
311
305
303
303
302
301
300
299
299
298
298
298
297
295
292
290
289
289
289
288
288
287
286
286
285
284
284
282
281
281
281
281
280
280
279
278
278
277
276
275
273
273
272
271
270
267
266
263
261
260
258
257
257
256
256
254
253
253
253
251
249
249
249
247
247
244
241
241
240
240
239
239
239
239
238
237
236
234
233
231
231
230
229
229
228
225
224
224
221
220
218
217
216
216
212
210
209
208
207
207
204
204
203
203
201
200
199
197
197
196
196
196
194
194
194
193
193
193
192
192
189
189
188
187
185
183
183
181
181
181
181
180
179
178
177
175
175
173
173
171
169
169
168
168
168
167
166
165
165
164
163
160
159
159
158
158
157
157
155
155
153
153
152
151
150
150
148
147
145
145
142
140
139
138
138
137
136
133
133
132
132
132
131
131
129
129
129
129
128
128
128
128
127
126
126
121
120
120
120
118
118
115
114
112
110
109
107
107
106
106
102
101
100
99
99
96
95
95
94
94
92
92
90
90
89
89
89
86
85
84
83
82
82
81
81
80
79
78
76
73
71
67
67
66
65
65
64
64
61
60
59
58
58
57
57
55
54
53
52
51
50
49
48
47
46
45
45
42
41
41
40
40
39
37
37
36
36
36
34
34
31
30
28
26
26
25
25
24
24
23
23
23
22
22
22
21
21
20
20
19
18
17
16
16
15
15
14
14
14
13
11
10
10
8
8
5
4
