9998
9998
9998
9996
9996
9995
9993
9992
9991
9991
9991
9991
9990
9989
9987
9986
9986
9985
9985
9985
9984
9983
9983
9980
9980
9979
9978
9978
9976
9975
9975
9974
9972
9971
9971
9970
9969
9968
9968
9968
9968
9967
9966
9963
9962
9962
9961
9958
9958
9956
9956
9954
9954
9954
9952
9951
9950
9949
9947
9946
9946
9945
9944
9943
9942
9942
9940
9939
9937
9937
9937
9935
9933
9933
9931
9931
9931
9930
9930
9929
9929
9927
9926
9926
9925
9925
9924
9923
9920
9920
9918
9917
9917
9917
9915
9914
9914
9913
9913
9912
9911
9911
9909
9908
9908
9907
9906
9903
9902
9901
9901
9900
9900
9899
9897
9896
9896
9895
9894
9894
9894
9894
9893
9893
9891
9891
9890
9889
9888
9888
9888
9888
9887
9886
9886
9885
9885
9884
9883
9883
9875
9874
9874
9873
9873
9872
9870
9870
9870
9870
9868
9867
9866
9866
9865
9864
9863
9862
9860
9857
9854
9854
9853
9852
9847
9846
9846
9846
9844
9843
9841
9841
9839
9838
9838
9837
9836
9836
9835
9835
9834
9834
9833
9832
9832
9830
9830
9829
9829
9829
9827
9826
9825
9824
9821
9821
9821
9819
9812
9811
9811
9811
9811
9810
9808
9806
9806
9805
9804
9803
9803
9802
9802
9801
9801
9799
9796
9796
9795
9795
9790
9790
9787
9787
9787
9786
9786
9784
9784
9783
9783
9782
9779
9778
9777
9775
9775
9773
9773
9772
9772
9772
9771
9770
9768
9768
9767
9767
9765
9765
9764
9762
9761
9761
9760
9760
9759
9759
9756
9755
9755
9755
9755
9754
9753
9753
9751
9749
9749
9747
9745
9745
9743
9742
9740
9740
9739
9738
9737
9736
9734
9733
9732
9731
9731
9730
9730
9730
9727
9726
9726
9726
9726
9724
9724
9724
9723
9722
9722
9722
9721
9720
9720
9720
9719
9717
9716
9716
9715
9715
9714
9714
9713
9711
9711
9710
9709
9704
9702
9701
9701
9700
9700
9700
9699
9698
9698
9698
9698
9697
9697
9697
9696
9696
9696
9695
9695
9695
9694
9694
9693
9693
9693
9691
9688
9687
9687
9686
9684
9683
9682
9678
9676
9673
9670
9669
9668
9667
9666
9666
9665
9665
9665
9664
9664
9663
9663
9660
9656
9656
9654
9654
9653
9651
9650
9650
9650
9650
9644
9644
9644
9644
9642
9641
9641
9640
9639
9639
9638
9636
9636
9636
9634
9633
9633
9632
9631
9631
9631
9628
9626
9623
9622
9622
9621
9621
9620
9620
9617
9617
9617
9616
9616
9612
9609
9609
9608
9608
9608
9608
9606
9606
9605
9605
9604
9602
9601
9600
9600
9598
9598
9598
9597
9597
9596
9595
9595
9595
9594
9594
9593
9592
9589
9589
9586
9583
9583
9579
9578
9576
9576
9576
9576
9576
9575
9575
9573
9573
9572
9570
9569
9569
9569
9567
9567
9566
9565
9564
9564
9564
9563
9560
9560
9558
9555
9551
9551
9551
9551
9551
9550
9550
9549
9548
9548
9546
9545
9544
9544
9544
9543
9542
9542
9540
9539
9539
9538
9535
9535
9534
9534
9533
9532
9532
9531
9530
9529
9529
9529
9529
9528
9526
9524
9523
9523
9519
9519
9519
9518
9516
9515
9514
9513
9513
9510
9508
9508
9507
9504
9503
9501
9501
9500
9499
9496
9496
9495
9495
9495
9492
9490
9490
9489
9488
9487
9487
9486
9483
9480
9480
9478
9478
9477
9475
9474
9474
9471
9470
9469
9469
9468
9467
9465
9463
9463
9463
9462
9461
9461
9460
9460
9456
9455
9455
9454
9451
9448
9447
9446
9446
9445
9444
9443
9442
9441
9439
9437
9436
9435
9433
9431
9430
9430
9428
9427
9425
9424
9424
9424
9424
9423
9422
9422
9421
9421
9420
9420
9419
9418
9417
9415
9415
9414
9414
9412
9412
9411
9409
9408
9407
9406
9406
9405
9405
9404
9402
9402
9401
9401
9399
9398
9397
9397
9396
9396
9396
9396
9395
9394
9393
9392
9390
9389
9388
9386
9385
9383
9383
9383
9381
9380
9375
9368
9368
9367
9367
9367
9366
9366
9365
9362
9362
9361
9360
9358
9357
9357
9355
9353
9352
9350
9350
9349
9348
9348
9348
9347
9345
9345
9345
9343
9342
9340
9338
9337
9336
9336
9335
9335
9335
9334
9334
9333
9333
9332
9331
9331
9331
9331
9330
9330
9330
9330
9329
9325
9325
9323
9322
9322
9321
9320
9319
9318
9318
9316
9316
9315
9314
9314
9314
9313
9309
9307
9306
9305
9303
9303
9302
9301
9301
9296
9296
9295
9295
9295
9294
9293
9293
9290
9289
9289
9286
9285
9285
9281
9278
9275
9275
9272
9270
9269
9268
9261
9254
9254
9254
9253
9253
9248
9246
9245
9244
9243
9242
9242
9241
9240
9239
9238
9237
9236
9236
9234
9234
9234
9233
9233
9233
9232
9232
9230
9230
9230
9229
9228
9224
9223
9222
9219
9215
9214
9214
9212
9212
9211
9211
9210
9210
9209
9209
9209
9207
9207
9207
9206
9203
9203
9202
9201
9201
9200
9199
9199
9197
9197
9197
9195
9195
9194
9193
9192
9191
9190
9190
9189
9189
9188
9188
9186
9186
9183
9182
9182
9178
9177
9175
9174
9173
9173
9170
9168
9167
9167
9165
9164
9164
9163
9163
9161
9161
9160
9160
9158
9157
9156
9156
9156
9154
9152
9152
9152
9152
9149
9148
9148
9147
9146
9145
9144
9144
9143
9143
9142
9142
9140
9138
9138
9137
9136
9135
9134
9133
9132
9132
9132
9131
9130
9126
9125
9125
9125
9123
9122
9121
9120
9119
9119
9119
9117
9116
9114
9108
9107
9107
9106
9106
9104
9103
9102
9102
9101
9099
9098
9098
9097
9097
9095
9094
9094
9092
9091
9090
9090
9089
9088
9085
9083
9082
9082
9081
9081
9081
9080
9080
9077
9077
9076
9076
9076
9074
9073
9073
9072
9072
9071
9069
9069
9069
9068
9068
9068
9065
9064
9064
9063
9063
9062
9062
9061
9061
9060
9060
9059
9058
9057
9056
9054
9052
9052
9052
9051
9051
9050
9050
9050
9047
9045
9045
9045
9045
9043
9042
9039
9038
9037
9037
9036
9035
9035
9034
9033
9033
9031
9031
9029
9027
9027
9027
9024
9024
9024
9018
9018
9018
9017
9017
9016
9016
9014
9013
9013
9013
9012
9010
9009
9009
9007
9007
9005
9004
9001
9000
8999
8997
8997
8997
8995
8995
8994
8994
8993
8993
8991
8990
8990
8989
8988
8987
8986
8985
8984
8983
8983
8981
8980
8978
8978
8977
8975
8974
8974
8973
8973
8971
8971
8970
8969
8966
8962
8962
8960
8960
8959
8958
8954
8953
8952
8952
8950
8950
8949
8949
8949
8949
8945
8944
8943
8942
8942
8939
8939
8937
8937
8936
8936
8932
8931
8929
8929
8928
8928
8927
8925
8925
8924
8924
8924
8923
8922
8919
8919
8918
8918
8918
8917
8912
8912
8912
8911
8910
8910
8909
8909
8908
8907
8907
8907
8906
8906
8906
8905
8903
8903
8901
8900
8900
8900
8898
8898
8897
8895
8895
8894
8892
8889
8889
8889
8888
8888
8886
8883
8882
8881
8880
8879
8878
8878
8877
8874
8874
8873
8871
8871
8870
8868
8868
8866
8865
8865
8861
8861
8859
8858
8857
8856
8853
8853
8853
8852
8851
8849
8849
8849
8848
8848
8847
8845
8844
8843
8843
8842
8841
8839
8839
8838
8835
8835
8835
8835
8834
8829
8829
8828
8825
8824
8823
8820
8820
8819
8819
8818
8817
8817
8815
8813
8813
8812
8810
8808
8808
8807
8806
8806
8805
8804
8804
8802
8801
8800
8799
8798
8798
8794
8793
8793
8792
8791
8791
8790
8788
8785
8778
8778
8777
8777
8777
8777
8775
8774
8774
8772
8771
8769
8769
8768
8768
8766
8765
8764
8763
8763
8762
8761
8759
8758
8758
8758
8756
8754
8753
8752
8752
8752
8752
8750
8750
8749
8749
8748
8747
8746
8743
8743
8743
8742
8741
8740
8737
8737
8735
8734
8733
8732
8732
8731
8731
8729
8727
8727
8726
8725
8723
8723
8718
8717
8717
8716
8714
8712
8712
8711
8709
8706
8706
8705
8705
8704
8704
8703
8702
8702
8701
8700
8700
8696
8695
8695
8694
8694
8692
8689
8688
8684
8683
8681
8680
8680
8677
8676
8676
8672
8669
8668
8666
8665
8665
8662
8659
8657
8656
8656
8654
8653
8653
8652
8652
8651
8650
8650
8649
8649
8646
8645
8645
8643
8641
8641
8640
8640
8640
8637
8635
8635
8634
8634
8633
8633
8630
8628
8626
8626
8625
8622
8619
8618
8615
8614
8613
8612
8611
8609
8609
8608
8607
8606
8603
8603
8603
8599
8598
8598
8597
8597
8597
8596
8595
8595
8594
8590
8590
8589
8589
8589
8586
8585
8585
8582
8582
8581
8580
8579
8578
8578
8578
8577
8577
8575
8575
8574
8573
8572
8569
8568
8568
8566
8565
8564
8563
8559
8559
8558
8557
8557
8555
8555
8554
8554
8553
8553
8553
8552
8552
8551
8551
8549
8547
8547
8547
8546
8543
8541
8540
8538
8538
8538
8535
8535
8531
8531
8529
8529
8529
8528
8528
8528
8526
8524
8524
8523
8521
8520
8517
8516
8516
8515
8515
8514
8512
8510
8510
8508
8508
8505
8505
8504
8503
8503
8502
8502
8502
8501
8499
8499
8497
8496
8495
8495
8494
8492
8492
8490
8489
8489
8488
8488
8487
8486
8485
8478
8478
8477
8477
8477
8476
8475
8474
8474
8473
8470
8470
8469
8469
8468
8468
8468
8467
8467
8466
8465
8462
8462
8461
8460
8460
8459
8456
8456
8455
8455
8455
8454
8454
8450
8449
8446
8445
8443
8443
8442
8441
8441
8439
8439
8438
8438
8437
8436
8434
8432
8432
8431
8428
8427
8427
8425
8425
8424
8423
8422
8422
8422
8422
8419
8418
8417
8416
8415
8415
8415
8414
8412
8412
8412
8410
8407
8407
8405
8405
8404
8403
8403
8402
8401
8400
8397
8392
8392
8391
8391
8391
8389
8389
8389
8389
8387
8386
8384
8383
8383
8382
8380
8379
8376
8374
8373
8369
8369
8369
8368
8368
8367
8367
8366
8364
8364
8364
8363
8361
8361
8360
8359
8359
8359
8355
8347
8346
8345
8345
8343
8343
8339
8339
8339
8339
8337
8337
8337
8336
8335
8334
8334
8332
8332
8331
8329
8328
8328
8328
8327
8327
8327
8327
8326
8326
8326
8325
8324
8322
8319
8318
8317
8316
8312
8310
8309
8308
8304
8303
8303
8302
8302
8302
8301
8299
8296
8295
8295
8295
8294
8293
8291
8291
8291
8290
8290
8288
8287
8286
8284
8284
8283
8283
8281
8280
8278
8276
8274
8272
8269
8267
8267
8266
8265
8264
8259
8258
8257
8257
8256
8255
8254
8254
8253
8253
8252
8252
8252
8252
8251
8250
8249
8249
8249
8246
8245
8244
8244
8244
8243
8242
8242
8241
8241
8240
8238
8237
8236
8234
8233
8232
8232
8230
8230
8229
8229
8227
8227
8225
8225
8222
8221
8220
8220
8218
8218
8216
8216
8216
8215
8215
8214
8213
8211
8210
8209
8208
8208
8205
8205
8204
8204
8204
8204
8203
8203
8202
8202
8202
8202
8202
8202
8200
8200
8199
8199
8198
8198
8196
8193
8192
8192
8192
8190
8188
8186
8186
8185
8184
8184
8182
8182
8182
8181
8178
8178
8177
8176
8173
8172
8171
8171
8170
8170
8168
8165
8164
8164
8164
8163
8162
8160
8159
8159
8158
8158
8155
8154
8150
8149
8148
8148
8147
8145
8145
8145
8141
8139
8138
8138
8137
8134
8133
8132
8132
8131
8130
8129
8128
8124
8124
8123
8119
8119
8117
8115
8115
8114
8112
8112
8112
8112
8110
8110
8109
8108
8108
8107
8105
8105
8104
8103
8103
8102
8101
8099
8097
8093
8090
8090
8089
8088
8085
8083
8082
8081
8081
8079
8078
8078
8078
8077
8076
8075
8075
8075
8074
8073
8073
8073
8073
8072
8071
8070
8068
8068
8068
8066
8066
8065
8065
8064
8064
8062
8062
8059
8053
8052
8052
8051
8049
8049
8049
8047
8044
8044
8044
8043
8042
8042
8040
8036
8034
8032
8032
8032
8031
8026
8024
8024
8023
8022
8019
8019
8018
8016
8015
8014
8011
8008
8007
8007
8006
8006
8004
8004
8002
8002
7999
7998
7998
7996
7995
7995
7995
7994
7993
7992
7992
7991
7989
7988
7987
7986
7985
7984
7983
7981
7979
7978
7978
7975
7974
7973
7972
7972
7969
7968
7968
7967
7966
7965
7963
7962
7959
7959
7957
7956
7954
7954
7950
7949
7948
7947
7947
7946
7944
7942
7941
7940
7940
7938
7938
7934
7933
7933
7932
7932
7931
7930
7929
7928
7928
7927
7926
7926
7926
7925
7925
7923
7921
7921
7920
7920
7917
7917
7915
7915
7913
7912
7911
7909
7909
7907
7907
7906
7906
7903
7902
7902
7900
7900
7898
7897
7896
7896
7896
7895
7895
7892
7892
7891
7891
7890
7890
7889
7889
7887
7887
7886
7886
7886
7885
7884
7883
7883
7881
7881
7881
7880
7879
7879
7878
7876
7876
7875
7873
7873
7872
7871
7871
7868
7868
7867
7862
7862
7861
7861
7861
7860
7857
7856
7855
7853
7852
7851
7850
7850
7850
7847
7847
7846
7845
7844
7843
7841
7841
7841
7840
7839
7838
7836
7836
7834
7833
7833
7831
7829
7828
7827
7825
7825
7824
7823
7823
7823
7823
7822
7822
7821
7821
7821
7821
7821
7821
7821
7819
7818
7817
7816
7815
7815
7813
7810
7809
7807
7806
7805
7805
7803
7802
7801
7801
7800
7799
7799
7798
7798
7798
7791
7789
7789
7788
7788
7788
7787
7787
7787
7786
7784
7784
7784
7783
7783
7782
7781
7781
7781
7779
7779
7779
7778
7777
7776
7775
7773
7772
7770
7770
7769
7767
7767
7767
7766
7766
7766
7765
7764
7764
7764
7761
7761
7760
7759
7758
7756
7755
7754
7752
7752
7752
7752
7748
7748
7748
7747
7742
7741
7741
7740
7740
7737
7736
7736
7735
7734
7734
7733
7733
7733
7731
7730
7729
7728
7727
7727
7725
7724
7721
7719
7716
7715
7714
7714
7713
7713
7713
7712
7709
7708
7704
7700
7700
7698
7696
7695
7694
7694
7691
7690
7689
7688
7687
7687
7683
7682
7682
7681
7680
7677
7676
7675
7675
7672
7672
7672
7672
7671
7670
7669
7669
7666
7665
7662
7661
7661
7659
7658
7657
7656
7655
7654
7652
7651
7651
7650
7649
7649
7648
7648
7647
7646
7644
7644
7644
7643
7643
7643
7639
7638
7638
7637
7635
7633
7633
7632
7631
7631
7631
7629
7628
7625
7623
7622
7620
7615
7614
7614
7612
7612
7612
7609
7608
7608
7607
7606
7605
7605
7604
7602
7601
7599
7599
7596
7595
7595
7593
7591
7591
7589
7588
7587
7586
7586
7585
7585
7584
7582
7581
7581
7579
7577
7576
7572
7571
7571
7571
7570
7569
7568
7567
7566
7562
7562
7562
7561
7559
7554
7553
7551
7550
7548
7547
7546
7545
7545
7540
7539
7539
7538
7538
7537
7536
7534
7534
7534
7532
7532
7527
7526
7523
7523
7521
7521
7520
7519
7519
7519
7517
7515
7515
7515
7514
7513
7512
7511
7509
7509
7509
7504
7503
7502
7501
7499
7498
7498
7496
7496
7495
7495
7494
7492
7492
7491
7491
7488
7488
7487
7486
7483
7481
7480
7480
7480
7478
7476
7475
7475
7475
7475
7474
7474
7473
7473
7472
7472
7472
7469
7467
7466
7465
7464
7464
7464
7462
7459
7458
7458
7455
7455
7455
7453
7452
7452
7449
7449
7446
7446
7444
7444
7443
7442
7442
7437
7436
7435
7434
7434
7431
7430
7425
7420
7420
7419
7418
7418
7417
7417
7417
7416
7416
7415
7414
7414
7414
7412
7412
7412
7411
7411
7410
7408
7408
7407
7406
7405
7403
7402
7401
7401
7400
7397
7396
7394
7394
7394
7393
7393
7392
7390
7390
7389
7389
7387
7387
7387
7386
7385
7385
7384
7384
7382
7382
7381
7381
7379
7376
7375
7374
7373
7372
7371
7371
7370
7367
7367
7367
7367
7367
7365
7364
7363
7363
7362
7361
7360
7359
7358
7357
7356
7355
7354
7352
7350
7350
7349
7349
7349
7348
7345
7343
7341
7340
7338
7336
7335
7332
7329
7329
7328
7328
7327
7327
7325
7325
7324
7323
7323
7322
7322
7322
7321
7319
7318
7318
7318
7318
7318
7317
7315
7313
7313
7312
7311
7311
7310
7310
7310
7309
7309
7307
7306
7305
7305
7304
7303
7301
7299
7299
7298
7296
7296
7295
7295
7293
7292
7291
7289
7289
7288
7288
7288
7288
7287
7284
7284
7283
7281
7281
7278
7278
7277
7277
7276
7276
7276
7274
7273
7270
7269
7266
7265
7264
7263
7262
7261
7260
7259
7258
7258
7255
7254
7253
7252
7252
7252
7252
7251
7251
7249
7249
7247
7247
7247
7247
7247
7247
7247
7243
7243
7241
7238
7238
7237
7236
7230
7229
7225
7225
7224
7224
7221
7221
7220
7218
7218
7216
7216
7216
7215
7212
7211
7207
7207
7206
7206
7206
7205
7204
7204
7203
7203
7200
7199
7199
7198
7197
7196
7194
7194
7191
7191
7190
7187
7186
7186
7184
7184
7184
7184
7184
7184
7183
7182
7181
7177
7177
7176
7174
7174
7174
7174
7173
7170
7170
7170
7169
7168
7165
7165
7164
7164
7164
7163
7163
7161
7160
7158
7158
7156
7155
7155
7155
7155
7155
7155
7153
7153
7153
7151
7149
7148
7148
7147
7147
7146
7146
7144
7143
7143
7142
7141
7137
7136
7135
7135
7132
7132
7131
7131
7130
7129
7127
7126
7126
7125
7125
7119
7117
7117
7114
7114
7114
7109
7108
7107
7107
7106
7105
7105
7104
7104
7102
7101
7101
7101
7100
7100
7097
7096
7096
7096
7095
7095
7094
7090
7089
7088
7087
7086
7085
7084
7082
7082
7081
7080
7080
7079
7079
7076
7076
7076
7076
7072
7071
7070
7067
7066
7065
7065
7064
7063
7063
7062
7062
7062
7060
7059
7057
7057
7056
7055
7054
7052
7052
7051
7049
7049
7048
7048
7046
7046
7046
7046
7045
7043
7043
7041
7039
7038
7036
7035
7034
7033
7033
7028
7027
7025
7024
7024
7023
7023
7022
7021
7020
7020
7020
7020
7020
7019
7018
7016
7015
7015
7014
7014
7011
7010
7008
7007
7005
7005
7003
7002
7001
7000
6999
6999
6999
6998
6997
6996
6996
6993
6992
6992
6990
6988
6986
6986
6984
6983
6982
6982
6981
6981
6980
6978
6977
6976
6976
6975
6975
6975
6975
6974
6973
6973
6972
6972
6969
6966
6966
6962
6961
6960
6960
6958
6957
6956
6956
6955
6955
6953
6953
6950
6946
6945
6944
6943
6942
6941
6938
6937
6937
6935
6934
6933
6933
6933
6929
6928
6926
6924
6924
6924
6922
6919
6919
6919
6917
6917
6917
6915
6915
6914
6914
6913
6912
6912
6912
6909
6909
6907
6907
6906
6906
6906
6905
6904
6901
6900
6899
6899
6898
6898
6897
6897
6896
6896
6896
6894
6893
6890
6890
6886
6884
6884
6883
6883
6883
6879
6879
6879
6878
6877
6873
6873
6873
6872
6871
6871
6871
6871
6870
6868
6865
6865
6864
6862
6862
6861
6861
6861
6861
6859
6859
6858
6857
6857
6856
6855
6855
6855
6854
6852
6851
6851
6849
6849
6847
6847
6847
6841
6840
6838
6838
6837
6837
6836
6835
6834
6832
6831
6829
6827
6827
6826
6823
6821
6821
6818
6817
6817
6814
6814
6811
6811
6810
6810
6808
6807
6806
6806
6805
6802
6801
6799
6798
6798
6797
6797
6796
6794
6793
6791
6790
6785
6785
6784
6784
6784
6782
6782
6782
6782
6781
6780
6779
6779
6778
6778
6776
6776
6771
6771
6769
6769
6768
6767
6766
6765
6765
6764
6764
6761
6760
6759
6754
6753
6753
6752
6749
6748
6748
6747
6747
6746
6745
6743
6743
6742
6742
6740
6740
6738
6737
6733
6731
6730
6730
6730
6729
6729
6728
6727
6725
6725
6724
6723
6721
6720
6719
6719
6719
6719
6717
6717
6716
6714
6714
6713
6712
6712
6712
6710
6709
6709
6708
6708
6707
6707
6706
6706
6706
6706
6704
6704
6704
6703
6701
6701
6697
6696
6694
6693
6692
6692
6692
6692
6692
6692
6691
6690
6690
6690
6688
6688
6687
6687
6686
6684
6684
6683
6678
6677
6677
6676
6676
6675
6674
6673
6673
6672
6670
6667
6664
6663
6663
6662
6661
6661
6661
6661
6660
6657
6657
6656
6655
6653
6653
6652
6651
6651
6649
6647
6647
6645
6645
6643
6642
6641
6640
6639
6638
6636
6635
6635
6634
6634
6631
6629
6628
6628
6627
6627
6626
6625
6620
6619
6617
6617
6613
6613
6611
6609
6606
6606
6606
6605
6604
6604
6603
6602
6602
6600
6599
6598
6595
6595
6594
6594
6593
6592
6591
6590
6589
6588
6586
6586
6585
6584
6583
6582
6582
6581
6580
6577
6577
6576
6575
6573
6572
6570
6570
6569
6569
6569
6568
6568
6567
6566
6565
6565
6564
6563
6563
6563
6562
6561
6560
6559
6558
6558
6557
6555
6554
6554
6554
6553
6552
6552
6551
6549
6548
6547
6546
6546
6546
6545
6543
6541
6540
6540
6539
6538
6537
6537
6534
6533
6530
6529
6527
6527
6526
6524
6523
6523
6523
6522
6522
6521
6520
6519
6519
6519
6517
6517
6514
6514
6513
6512
6511
6508
6506
6506
6506
6504
6503
6503
6502
6501
6500
6499
6499
6496
6495
6494
6494
6493
6493
6493
6491
6491
6490
6489
6488
6488
6484
6483
6482
6481
6479
6477
6476
6474
6473
6472
6472
6472
6470
6469
6466
6466
6465
6465
6463
6462
6462
6461
6459
6459
6458
6455
6454
6453
6448
6448
6448
6447
6446
6445
6444
6443
6443
6441
6441
6440
6439
6438
6436
6436
6436
6434
6432
6430
6430
6430
6426
6426
6425
6424
6419
6418
6417
6417
6416
6415
6415
6415
6414
6414
6413
6412
6411
6411
6410
6409
6407
6405
6401
6400
6399
6398
6395
6391
6390
6390
6387
6386
6386
6385
6385
6384
6382
6381
6381
6381
6380
6380
6379
6378
6378
6377
6375
6375
6374
6374
6372
6371
6371
6369
6368
6367
6367
6366
6366
6364
6364
6362
6362
6361
6358
6358
6357
6357
6356
6355
6355
6353
6351
6350
6348
6346
6346
6343
6343
6342
6340
6340
6335
6334
6332
6332
6331
6331
6330
6330
6330
6329
6326
6325
6324
6321
6319
6317
6317
6316
6316
6314
6314
6313
6311
6310
6309
6308
6308
6307
6307
6305
6305
6304
6304
6302
6302
6302
6301
6300
6300
6300
6299
6299
6294
6294
6293
6292
6292
6292
6291
6289
6288
6288
6286
6285
6282
6282
6278
6278
6276
6275
6274
6272
6271
6269
6269
6267
6264
6263
6261
6261
6261
6259
6257
6257
6254
6254
6253
6252
6251
6251
6250
6249
6248
6245
6243
6242
6241
6240
6239
6239
6238
6238
6236
6236
6234
6234
6234
6230
6228
6228
6227
6224
6224
6223
6223
6222
6221
6221
6220
6219
6219
6218
6218
6218
6217
6215
6213
6213
6212
6211
6210
6209
6209
6209
6209
6209
6207
6207
6206
6204
6203
6203
6202
6202
6201
6201
6199
6199
6197
6196
6196
6193
6193
6191
6190
6189
6188
6187
6186
6185
6184
6184
6183
6179
6179
6176
6176
6175
6174
6174
6172
6171
6170
6170
6168
6168
6167
6166
6166
6166
6164
6164
6163
6162
6162
6161
6159
6159
6159
6156
6155
6155
6155
6155
6154
6154
6149
6149
6145
6145
6144
6144
6139
6138
6136
6134
6133
6132
6129
6128
6128
6128
6128
6127
6126
6125
6123
6123
6122
6121
6121
6121
6121
6119
6118
6111
6108
6107
6107
6106
6104
6103
6103
6101
6101
6100
6100
6099
6099
6098
6096
6093
6093
6093
6093
6093
6093
6092
6091
6091
6087
6087
6084
6083
6082
6081
6080
6080
6079
6079
6078
6076
6075
6075
6074
6070
6068
6065
6065
6065
6065
6065
6063
6063
6063
6062
6058
6058
6056
6056
6055
6052
6051
6051
6051
6048
6047
6047
6046
6046
6043
6043
6042
6041
6041
6040
6038
6036
6035
6034
6033
6033
6033
6030
6028
6027
6026
6025
6023
6023
6022
6022
6020
6020
6020
6018
6017
6017
6014
6013
6013
6011
6011
6011
6008
6007
6006
6002
6002
6001
6000
5999
5999
5998
5996
5996
5995
5994
5993
5990
5990
5990
5989
5988
5986
5985
5985
5985
5984
5984
5983
5983
5982
5981
5980
5979
5979
5979
5977
5977
5976
5973
5973
5972
5970
5970
5970
5968
5968
5967
5963
5960
5960
5957
5956
5956
5955
5955
5953
5952
5952
5951
5950
5949
5946
5946
5946
5946
5944
5944
5943
5942
5941
5941
5940
5940
5940
5939
5938
5937
5936
5932
5931
5930
5930
5927
5926
5925
5922
5922
5922
5921
5918
5916
5916
5913
5911
5911
5911
5910
5910
5909
5909
5909
5908
5908
5908
5907
5906
5906
5904
5904
5902
5902
5902
5901
5901
5901
5899
5898
5898
5896
5896
5895
5895
5895
5894
5892
5891
5891
5891
5891
5890
5889
5889
5888
5886
5882
5881
5881
5880
5879
5878
5876
5876
5876
5874
5872
5871
5868
5868
5867
5867
5866
5866
5866
5865
5864
5864
5864
5864
5863
5863
5862
5862
5861
5860
5858
5858
5856
5855
5855
5855
5854
5854
5852
5851
5849
5849
5849
5849
5848
5847
5846
5845
5844
5843
5842
5842
5841
5835
5834
5834
5831
5830
5830
5829
5829
5828
5827
5827
5827
5824
5823
5823
5823
5821
5821
5820
5819
5819
5819
5818
5817
5816
5813
5813
5809
5809
5806
5805
5804
5804
5803
5802
5802
5800
5799
5798
5797
5797
5796
5796
5795
5795
5794
5792
5791
5789
5787
5787
5786
5786
5783
5782
5778
5778
5777
5777
5775
5774
5771
5771
5770
5770
5770
5769
5767
5767
5767
5767
5765
5765
5765
5764
5764
5764
5763
5763
5763
5762
5761
5759
5758
5758
5757
5755
5754
5752
5751
5747
5747
5746
5745
5745
5743
5742
5742
5741
5741
5741
5738
5736
5734
5731
5731
5729
5729
5728
5727
5726
5726
5725
5725
5721
5720
5720
5719
5719
5719
5718
5718
5715
5715
5715
5714
5714
5713
5713
5711
5711
5707
5707
5707
5707
5707
5707
5706
5705
5705
5704
5704
5703
5701
5699
5696
5694
5693
5692
5690
5690
5690
5690
5690
5688
5687
5687
5687
5684
5683
5682
5682
5678
5678
5674
5674
5673
5673
5671
5671
5671
5670
5669
5668
5667
5665
5665
5664
5664
5662
5660
5660
5658
5658
5657
5657
5657
5657
5655
5655
5654
5653
5649
5649
5647
5646
5646
5645
5645
5642
5640
5639
5639
5635
5634
5633
5632
5631
5631
5630
5629
5628
5628
5625
5624
5623
5623
5621
5619
5619
5619
5619
5616
5616
5615
5615
5615
5611
5609
5607
5607
5606
5604
5604
5598
5597
5597
5596
5596
5595
5594
5594
5592
5592
5591
5582
5580
5579
5578
5578
5576
5576
5573
5568
5567
5566
5566
5564
5562
5562
5560
5560
5558
5558
5555
5555
5554
5554
5553
5553
5552
5551
5550
5548
5548
5545
5545
5545
5542
5542
5540
5539
5535
5535
5535
5534
5534
5533
5531
5530
5529
5528
5528
5527
5525
5525
5525
5523
5522
5521
5521
5520
5520
5520
5520
5519
5518
5517
5517
5516
5516
5516
5515
5515
5510
5510
5510
5509
5508
5508
5506
5506
5506
5506
5503
5503
5503
5502
5501
5501
5498
5497
5496
5495
5494
5493
5490
5489
5488
5488
5486
5484
5478
5477
5475
5475
5475
5474
5474
5474
5474
5473
5472
5470
5469
5469
5469
5467
5466
5466
5465
5465
5464
5463
5462
5457
5456
5455
5455
5455
5454
5453
5453
5453
5452
5452
5449
5449
5448
5447
5446
5445
5442
5439
5439
5438
5438
5436
5436
5436
5435
5435
5434
5434
5431
5431
5430
5430
5428
5427
5426
5424
5423
5423
5423
5423
5423
5422
5422
5421
5420
5420
5417
5417
5417
5415
5414
5413
5410
5410
5410
5409
5408
5406
5405
5404
5404
5404
5404
5403
5403
5402
5402
5399
5399
5398
5397
5397
5396
5396
5396
5395
5394
5394
5394
5394
5392
5391
5390
5389
5388
5384
5383
5382
5380
5377
5375
5375
5372
5371
5370
5370
5367
5366
5363
5363
5362
5362
5361
5360
5360
5359
5359
5359
5359
5358
5358
5357
5357
5356
5355
5354
5352
5352
5351
5351
5350
5347
5344
5341
5340
5336
5335
5335
5334
5331
5331
5330
5330
5327
5326
5326
5325
5324
5324
5323
5323
5323
5322
5322
5321
5320
5320
5317
5317
5316
5316
5315
5314
5313
5308
5306
5306
5304
5303
5303
5303
5302
5302
5301
5301
5300
5299
5298
5296
5293
5291
5291
5289
5287
5287
5287
5285
5285
5285
5285
5284
5284
5283
5283
5281
5279
5276
5275
5275
5275
5271
5270
5269
5268
5267
5265
5264
5263
5263
5263
5262
5257
5257
5256
5256
5256
5255
5255
5254
5254
5254
5253
5253
5253
5253
5252
5251
5251
5251
5250
5250
5249
5247
5247
5245
5244
5242
5241
5236
5233
5232
5232
5231
5229
5228
5227
5226
5225
5224
5222
5221
5219
5215
5214
5211
5211
5210
5208
5207
5207
5206
5205
5204
5202
5202
5201
5200
5199
5198
5197
5196
5195
5195
5194
5194
5192
5192
5190
5189
5188
5184
5183
5183
5183
5181
5180
5180
5180
5175
5173
5171
5170
5170
5170
5169
5167
5167
5167
5167
5166
5164
5164
5163
5163
5159
5159
5157
5156
5155
5155
5155
5154
5154
5153
5153
5150
5149
5149
5148
5146
5145
5145
5144
5143
5143
5142
5141
5141
5141
5140
5139
5139
5139
5138
5135
5134
5133
5131
5131
5130
5130
5129
5129
5128
5126
5124
5123
5122
5122
5122
5121
5121
5119
5116
5115
5115
5113
5113
5112
5112
5112
5111
5111
5108
5108
5108
5108
5106
5105
5102
5101
5100
5098
5098
5097
5097
5096
5094
5094
5093
5093
5092
5090
5090
5088
5087
5087
5086
5086
5083
5083
5082
5082
5079
5079
5078
5078
5076
5076
5075
5075
5075
5075
5074
5073
5072
5071
5070
5069
5068
5066
5066
5065
5063
5062
5060
5060
5060
5059
5059
5058
5057
5056
5056
5056
5056
5055
5055
5054
5054
5052
5048
5048
5047
5045
5045
5043
5043
5037
5037
5035
5035
5033
5031
5029
5029
5029
5025
5025
5025
5023
5022
5022
5020
5015
5015
5013
5010
5009
5008
5007
5006
5004
5004
5001
5000
4999
4999
4999
4999
4999
4998
4998
4997
4996
4996
4995
4994
4994
4994
4993
4990
4990
4986
4986
4986
4985
4984
4984
4984
4983
4983
4983
4982
4979
4979
4978
4978
4978
4978
4976
4976
4975
4975
4974
4974
4974
4971
4970
4969
4969
4968
4968
4966
4966
4964
4964
4963
4963
4963
4962
4962
4961
4960
4959
4958
4958
4957
4956
4956
4953
4953
4953
4952
4951
4949
4947
4946
4944
4944
4940
4940
4939
4938
4938
4937
4936
4931
4929
4929
4929
4928
4926
4923
4923
4920
4919
4919
4919
4917
4917
4917
4916
4915
4914
4913
4911
4910
4909
4909
4905
4904
4902
4902
4902
4899
4897
4895
4894
4891
4891
4890
4890
4887
4886
4885
4885
4884
4883
4883
4881
4878
4875
4874
4874
4872
4872
4870
4870
4870
4869
4869
4866
4866
4865
4864
4864
4863
4859
4858
4855
4854
4854
4850
4848
4848
4847
4847
4846
4845
4845
4844
4843
4843
4841
4841
4841
4840
4840
4838
4838
4837
4837
4836
4836
4836
4833
4832
4831
4830
4830
4829
4829
4829
4827
4826
4823
4821
4821
4818
4817
4817
4816
4814
4814
4813
4811
4811
4811
4810
4810
4809
4809
4808
4807
4806
4805
4805
4804
4803
4803
4802
4799
4797
4795
4792
4792
4790
4789
4788
4788
4788
4788
4787
4787
4787
4786
4785
4785
4784
4783
4783
4782
4781
4780
4780
4780
4778
4777
4777
4776
4775
4774
4774
4773
4772
4771
4771
4771
4771
4769
4768
4767
4767
4767
4767
4767
4766
4764
4763
4762
4762
4761
4756
4755
4754
4754
4752
4752
4751
4750
4750
4749
4747
4745
4744
4744
4743
4742
4741
4740
4739
4738
4736
4734
4734
4733
4732
4731
4731
4730
4729
4727
4727
4725
4721
4719
4715
4715
4713
4711
4711
4711
4710
4710
4710
4710
4709
4706
4705
4705
4705
4703
4701
4701
4697
4697
4697
4696
4695
4695
4695
4694
4692
4692
4691
4691
4689
4689
4689
4687
4687
4684
4684
4683
4682
4681
4680
4679
4678
4678
4676
4676
4674
4674
4674
4672
4671
4670
4669
4667
4667
4666
4666
4665
4662
4661
4661
4659
4659
4658
4658
4658
4656
4655
4654
4654
4653
4652
4652
4651
4651
4650
4650
4650
4649
4645
4645
4644
4641
4641
4640
4639
4638
4638
4635
4635
4634
4634
4632
4631
4631
4630
4630
4629
4628
4628
4626
4626
4624
4624
4623
4622
4621
4619
4617
4617
4615
4615
4614
4612
4612
4611
4610
4609
4609
4607
4606
4606
4605
4604
4604
4601
4600
4600
4599
4598
4596
4596
4591
4590
4590
4590
4589
4589
4588
4587
4587
4587
4585
4584
4584
4584
4583
4582
4582
4582
4580
4576
4576
4576
4575
4574
4573
4573
4571
4571
4570
4570
4566
4564
4563
4563
4561
4561
4560
4559
4558
4558
4558
4555
4555
4554
4554
4554
4550
4549
4548
4548
4548
4547
4546
4546
4546
4546
4545
4544
4541
4541
4540
4538
4537
4536
4536
4535
4534
4533
4533
4532
4532
4531
4530
4527
4523
4523
4522
4521
4521
4521
4520
4520
4520
4520
4519
4518
4518
4516
4516
4516
4516
4516
4515
4514
4514
4513
4513
4511
4511
4507
4507
4506
4505
4504
4504
4503
4502
4501
4500
4499
4498
4497
4496
4496
4496
4496
4494
4493
4491
4490
4488
4488
4488
4485
4483
4483
4482
4481
4479
4478
4478
4477
4475
4474
4472
4471
4469
4468
4465
4465
4461
4461
4459
4459
4456
4455
4455
4455
4455
4454
4453
4453
4448
4447
4446
4444
4444
4442
4442
4441
4441
4439
4439
4438
4437
4437
4435
4434
4434
4433
4431
4431
4431
4429
4429
4428
4427
4427
4426
4424
4424
4424
4423
4423
4421
4418
4417
4416
4415
4415
4415
4414
4413
4411
4411
4411
4410
4410
4410
4408
4408
4406
4404
4404
4404
4403
4403
4402
4401
4400
4400
4399
4399
4396
4395
4394
4393
4392
4389
4388
4388
4387
4387
4386
4386
4386
4384
4383
4382
4381
4380
4378
4378
4377
4375
4373
4370
4370
4369
4366
4366
4365
4362
4362
4361
4361
4361
4359
4359
4359
4358
4355
4355
4355
4354
4352
4350
4349
4348
4347
4347
4346
4346
4345
4344
4344
4342
4342
4339
4339
4339
4339
4336
4335
4335
4334
4334
4334
4334
4334
4332
4331
4330
4329
4328
4327
4325
4324
4320
4319
4318
4317
4317
4316
4316
4315
4315
4314
4309
4307
4307
4305
4304
4303
4303
4302
4300
4300
4300
4299
4299
4299
4298
4295
4294
4292
4292
4292
4291
4291
4291
4291
4289
4289
4286
4286
4285
4283
4282
4281
4280
4279
4276
4276
4272
4271
4269
4269
4269
4268
4268
4268
4265
4261
4260
4259
4259
4259
4258
4257
4255
4254
4253
4251
4251
4250
4250
4249
4248
4247
4246
4245
4244
4244
4244
4243
4243
4243
4242
4241
4241
4240
4240
4240
4239
4238
4237
4236
4233
4233
4230
4227
4225
4225
4225
4224
4223
4223
4223
4222
4222
4221
4217
4216
4215
4215
4212
4211
4211
4210
4209
4206
4205
4203
4201
4201
4199
4197
4196
4196
4196
4195
4194
4192
4192
4192
4191
4191
4190
4189
4189
4188
4185
4182
4182
4181
4180
4180
4180
4179
4178
4176
4175
4174
4174
4172
4172
4171
4170
4167
4166
4165
4165
4164
4164
4159
4159
4158
4157
4156
4155
4153
4152
4150
4149
4146
4146
4146
4146
4142
4141
4138
4136
4136
4136
4136
4136
4135
4134
4131
4130
4129
4129
4129
4128
4127
4124
4123
4122
4121
4121
4120
4120
4120
4120
4117
4114
4113
4113
4110
4110
4110
4110
4107
4106
4106
4105
4104
4102
4101
4100
4100
4099
4099
4099
4098
4098
4097
4095
4094
4093
4093
4089
4088
4086
4085
4085
4084
4083
4083
4083
4081
4080
4080
4079
4078
4078
4078
4075
4075
4074
4073
4071
4069
4065
4065
4064
4063
4062
4062
4061
4060
4060
4059
4058
4057
4057
4057
4056
4054
4054
4054
4053
4053
4052
4052
4052
4051
4050
4050
4048
4048
4048
4047
4046
4045
4045
4043
4043
4043
4042
4041
4040
4040
4038
4037
4036
4034
4034
4034
4034
4033
4032
4032
4031
4030
4030
4027
4027
4026
4025
4025
4020
4019
4019
4017
4017
4017
4016
4016
4015
4012
4011
4011
4010
4010
4010
4010
4009
4009
4008
4007
4006
4004
4004
4004
4003
4001
4000
4000
3998
3998
3998
3998
3995
3994
3993
3993
3992
3991
3991
3990
3988
3988
3985
3984
3983
3982
3980
3980
3978
3978
3976
3976
3975
3975
3974
3974
3971
3971
3970
3969
3969
3968
3968
3967
3966
3966
3966
3966
3965
3963
3963
3963
3962
3961
3958
3958
3958
3957
3956
3955
3953
3950
3948
3947
3945
3942
3942
3941
3941
3941
3940
3939
3939
3938
3937
3933
3932
3932
3931
3928
3926
3923
3920
3920
3919
3919
3916
3911
3910
3910
3910
3909
3909
3909
3907
3907
3906
3905
3905
3904
3904
3904
3902
3902
3900
3899
3899
3898
3897
3897
3897
3895
3894
3894
3891
3889
3889
3889
3889
3888
3887
3886
3885
3885
3882
3882
3882
3879
3878
3877
3877
3875
3873
3873
3872
3872
3871
3870
3870
3868
3868
3864
3863
3862
3861
3861
3859
3856
3855
3853
3853
3850
3850
3848
3843
3843
3841
3840
3840
3840
3838
3838
3836
3836
3833
3832
3831
3830
3830
3828
3828
3828
3828
3827
3827
3825
3824
3823
3823
3823
3822
3820
3819
3818
3817
3817
3817
3813
3812
3810
3809
3807
3806
3806
3804
3802
3800
3800
3800
3799
3796
3795
3794
3794
3791
3790
3788
3787
3787
3786
3786
3785
3783
3782
3780
3780
3780
3779
3779
3778
3777
3773
3773
3772
3772
3771
3770
3768
3768
3767
3766
3765
3765
3764
3763
3763
3761
3758
3758
3758
3756
3755
3755
3754
3754
3754
3753
3753
3752
3751
3751
3750
3750
3747
3745
3745
3743
3742
3742
3741
3740
3740
3739
3739
3738
3738
3738
3737
3735
3731
3730
3726
3726
3725
3724
3723
3722
3721
3720
3720
3719
3716
3713
3708
3707
3706
3706
3704
3703
3701
3700
3699
3698
3697
3695
3695
3695
3693
3693
3692
3692
3691
3691
3689
3689
3686
3686
3685
3683
3682
3682
3681
3679
3679
3677
3677
3677
3676
3676
3674
3674
3674
3673
3672
3671
3670
3670
3669
3669
3667
3667
3667
3667
3667
3665
3664
3662
3661
3661
3660
3659
3659
3658
3658
3657
3656
3655
3654
3652
3651
3651
3649
3647
3647
3646
3646
3646
3646
3645
3644
3642
3642
3642
3641
3634
3633
3633
3631
3630
3630
3628
3627
3624
3624
3623
3623
3622
3622
3621
3618
3615
3614
3614
3612
3612
3608
3606
3604
3604
3603
3601
3601
3600
3599
3598
3593
3593
3589
3588
3587
3585
3584
3583
3581
3580
3580
3579
3579
3578
3576
3574
3574
3573
3572
3572
3571
3570
3569
3568
3567
3567
3566
3565
3564
3564
3562
3560
3559
3559
3559
3556
3555
3554
3552
3551
3548
3547
3547
3546
3545
3545
3544
3543
3543
3542
3540
3539
3538
3538
3537
3537
3536
3535
3535
3535
3533
3532
3532
3531
3530
3528
3527
3526
3526
3524
3523
3519
3518
3518
3517
3516
3516
3516
3515
3515
3514
3514
3514
3514
3513
3512
3511
3510
3508
3508
3504
3504
3504
3503
3502
3502
3499
3498
3498
3496
3495
3494
3494
3492
3492
3492
3491
3489
3487
3485
3482
3481
3480
3479
3478
3478
3477
3476
3472
3472
3472
3472
3470
3470
3469
3469
3469
3469
3468
3467
3466
3464
3462
3462
3460
3460
3459
3459
3459
3458
3457
3456
3456
3454
3452
3452
3451
3451
3450
3448
3448
3447
3446
3444
3442
3442
3442
3441
3441
3440
3439
3439
3438
3437
3435
3433
3433
3432
3432
3431
3430
3429
3429
3428
3427
3427
3426
3424
3424
3423
3421
3418
3417
3414
3413
3413
3412
3411
3410
3410
3409
3408
3408
3408
3408
3407
3407
3406
3405
3404
3403
3399
3398
3398
3397
3396
3395
3394
3391
3391
3390
3388
3386
3386
3385
3385
3383
3383
3382
3382
3381
3379
3377
3376
3375
3375
3373
3372
3371
3371
3370
3369
3369
3369
3368
3367
3365
3363
3363
3363
3363
3362
3360
3359
3359
3359
3358
3358
3356
3356
3353
3353
3353
3353
3352
3350
3347
3347
3347
3347
3347
3347
3344
3342
3342
3342
3341
3340
3339
3339
3334
3333
3333
3327
3326
3325
3324
3320
3319
3318
3318
3316
3315
3314
3313
3313
3313
3312
3312
3311
3309
3308
3307
3305
3304
3303
3302
3301
3301
3300
3299
3299
3299
3299
3298
3298
3297
3297
3295
3295
3294
3293
3291
3291
3291
3291
3287
3286
3284
3284
3284
3282
3281
3280
3277
3274
3272
3272
3272
3271
3270
3270
3270
3269
3269
3268
3267
3267
3266
3264
3262
3262
3260
3259
3257
3255
3255
3255
3251
3250
3250
3248
3248
3248
3248
3246
3245
3245
3245
3244
3243
3243
3243
3243
3242
3242
3237
3236
3235
3235
3235
3232
3231
3228
3225
3224
3224
3224
3224
3222
3222
3222
3221
3219
3216
3216
3215
3215
3214
3211
3210
3210
3209
3206
3205
3205
3205
3205
3203
3202
3201
3200
3200
3199
3199
3198
3198
3198
3198
3197
3196
3195
3194
3193
3193
3192
3190
3189
3188
3188
3188
3187
3186
3186
3186
3185
3184
3183
3182
3182
3180
3179
3179
3179
3178
3178
3178
3177
3177
3177
3175
3175
3175
3173
3173
3173
3173
3171
3170
3169
3168
3165
3164
3163
3162
3159
3159
3156
3155
3154
3153
3152
3152
3151
3150
3148
3147
3146
3146
3145
3145
3144
3143
3143
3142
3138
3137
3134
3133
3133
3131
3130
3130
3129
3127
3126
3124
3123
3122
3121
3120
3119
3119
3118
3116
3116
3115
3114
3114
3113
3112
3111
3108
3107
3107
3107
3105
3104
3104
3101
3100
3098
3096
3096
3095
3094
3094
3092
3092
3092
3092
3091
3090
3090
3090
3089
3089
3089
3088
3087
3086
3085
3082
3078
3077
3076
3076
3076
3075
3075
3074
3073
3073
3072
3069
3067
3067
3065
3065
3064
3064
3062
3061
3061
3059
3058
3057
3057
3055
3055
3054
3054
3054
3053
3053
3053
3053
3052
3051
3051
3050
3049
3046
3046
3045
3045
3045
3039
3038
3038
3037
3036
3036
3035
3032
3032
3031
3031
3031
3027
3027
3025
3025
3025
3025
3025
3024
3023
3020
3019
3019
3015
3015
3013
3013
3013
3012
3011
3011
3010
3010
3007
3007
3005
3004
3002
3001
3001
3000
3000
3000
3000
2998
2998
2997
2996
2995
2995
2992
2991
2991
2990
2990
2989
2989
2987
2987
2984
2983
2983
2982
2980
2978
2978
2978
2974
2974
2974
2972
2972
2972
2971
2969
2968
2967
2966
2966
2965
2965
2964
2964
2963
2963
2963
2961
2960
2960
2958
2956
2956
2955
2955
2955
2954
2954
2950
2948
2948
2946
2946
2946
2946
2945
2944
2943
2942
2940
2940
2938
2937
2937
2937
2934
2934
2934
2934
2933
2933
2932
2931
2931
2929
2928
2924
2923
2920
2920
2917
2915
2915
2914
2914
2906
2906
2905
2904
2903
2898
2898
2897
2897
2897
2895
2894
2894
2893
2890
2889
2887
2885
2884
2881
2878
2878
2877
2877
2875
2875
2875
2872
2872
2872
2870
2869
2868
2867
2867
2866
2864
2864
2862
2862
2861
2861
2861
2861
2859
2858
2858
2856
2856
2855
2855
2855
2854
2854
2854
2852
2851
2850
2846
2845
2842
2842
2841
2841
2841
2840
2839
2836
2834
2833
2833
2832
2831
2831
2831
2830
2830
2829
2828
2828
2827
2827
2826
2822
2822
2820
2820
2819
2819
2818
2818
2816
2815
2814
2814
2814
2809
2809
2808
2808
2806
2805
2804
2804
2803
2802
2801
2801
2800
2800
2800
2798
2797
2797
2795
2793
2790
2788
2788
2787
2785
2784
2784
2784
2784
2783
2782
2780
2780
2779
2779
2777
2777
2777
2776
2771
2770
2769
2768
2766
2765
2763
2762
2760
2758
2758
2757
2756
2756
2756
2755
2754
2754
2753
2752
2751
2750
2750
2749
2748
2747
2747
2745
2743
2741
2741
2741
2740
2738
2738
2736
2733
2732
2732
2732
2731
2731
2730
2730
2730
2730
2729
2729
2728
2727
2725
2725
2723
2723
2723
2721
2721
2719
2718
2718
2717
2717
2716
2716
2716
2715
2715
2715
2714
2711
2710
2710
2708
2708
2705
2705
2702
2702
2701
2701
2699
2698
2693
2693
2693
2693
2692
2691
2690
2690
2689
2688
2687
2686
2685
2684
2682
2682
2682
2679
2679
2678
2677
2676
2675
2674
2673
2671
2670
2669
2669
2668
2665
2663
2663
2662
2662
2662
2661
2661
2660
2660
2656
2655
2655
2655
2653
2651
2649
2647
2647
2646
2645
2643
2642
2642
2641
2641
2639
2638
2638
2638
2636
2636
2634
2629
2628
2626
2626
2624
2624
2622
2622
2621
2619
2619
2619
2618
2617
2617
2616
2615
2614
2614
2610
2609
2609
2608
2607
2607
2604
2602
2600
2599
2599
2598
2598
2597
2597
2595
2594
2594
2594
2593
2592
2592
2591
2591
2591
2590
2589
2588
2588
2586
2586
2585
2585
2585
2584
2583
2582
2582
2582
2581
2580
2579
2578
2576
2573
2572
2572
2571
2570
2569
2569
2568
2568
2568
2567
2566
2564
2562
2561
2561
2560
2559
2558
2558
2556
2549
2547
2546
2546
2544
2544
2543
2543
2542
2541
2539
2539
2538
2537
2537
2534
2534
2531
2530
2530
2528
2527
2527
2527
2526
2526
2525
2524
2524
2522
2520
2520
2519
2519
2519
2518
2518
2518
2515
2514
2514
2510
2509
2509
2508
2506
2501
2500
2500
2499
2499
2498
2497
2496
2496
2494
2494
2492
2492
2487
2486
2485
2483
2483
2482
2482
2481
2478
2478
2478
2478
2478
2476
2475
2474
2473
2471
2470
2470
2468
2467
2467
2466
2464
2464
2464
2462
2462
2458
2455
2455
2452
2452
2452
2451
2447
2447
2447
2445
2444
2442
2441
2440
2439
2439
2439
2439
2437
2437
2436
2436
2432
2431
2431
2427
2424
2423
2423
2422
2421
2421
2420
2420
2420
2416
2416
2415
2411
2408
2408
2407
2407
2405
2403
2403
2402
2402
2401
2400
2399
2398
2397
2397
2396
2394
2394
2394
2393
2390
2390
2390
2389
2388
2385
2385
2384
2383
2382
2381
2381
2378
2373
2370
2370
2369
2367
2367
2366
2365
2363
2363
2363
2362
2362
2359
2358
2357
2356
2354
2352
2351
2351
2348
2348
2348
2348
2347
2345
2344
2343
2343
2342
2340
2340
2338
2337
2336
2335
2334
2334
2334
2334
2333
2333
2332
2329
2327
2327
2326
2325
2324
2320
2320
2316
2316
2314
2312
2311
2309
2308
2307
2307
2306
2304
2303
2302
2299
2296
2294
2294
2291
2291
2288
2288
2288
2286
2286
2285
2285
2284
2282
2281
2281
2279
2277
2275
2274
2274
2272
2271
2270
2269
2265
2265
2263
2262
2261
2261
2258
2257
2256
2255
2253
2252
2251
2251
2250
2247
2247
2247
2246
2246
2245
2244
2241
2240
2239
2239
2239
2238
2238
2237
2237
2236
2236
2235
2233
2233
2233
2229
2228
2228
2227
2227
2226
2225
2225
2224
2224
2222
2221
2220
2220
2218
2217
2215
2214
2214
2214
2213
2211
2211
2210
2210
2209
2207
2206
2203
2202
2200
2200
2200
2200
2199
2198
2198
2198
2197
2197
2195
2194
2193
2192
2191
2190
2190
2188
2187
2182
2181
2181
2179
2179
2179
2179
2178
2176
2174
2171
2170
2169
2167
2167
2164
2164
2163
2163
2162
2162
2159
2159
2159
2159
2158
2157
2156
2156
2154
2154
2154
2154
2153
2153
2152
2151
2151
2150
2150
2149
2148
2147
2145
2145
2144
2144
2143
2143
2138
2137
2136
2135
2134
2133
2133
2133
2132
2130
2130
2129
2128
2128
2127
2127
2126
2126
2126
2126
2126
2126
2124
2124
2124
2120
2119
2119
2116
2116
2113
2110
2110
2110
2109
2108
2108
2107
2106
2105
2103
2101
2100
2100
2098
2098
2097
2096
2095
2095
2095
2093
2093
2091
2091
2089
2088
2087
2086
2085
2082
2082
2079
2078
2078
2077
2077
2076
2075
2074
2074
2073
2073
2070
2069
2069
2066
2064
2061
2060
2059
2058
2058
2057
2056
2056
2055
2055
2055
2052
2051
2050
2050
2049
2047
2047
2046
2046
2046
2045
2045
2045
2044
2042
2039
2038
2038
2038
2032
2032
2031
2030
2028
2027
2025
2023
2022
2022
2021
2021
2019
2018
2018
2018
2017
2017
2017
2016
2016
2015
2011
2010
2010
2007
2006
2004
2003
2003
2003
2002
2001
2000
1999
1999
1998
1998
1998
1998
1997
1996
1994
1994
1993
1992
1992
1990
1990
1989
1987
1986
1985
1983
1983
1982
1978
1975
1974
1973
1972
1972
1970
1968
1968
1967
1965
1964
1963
1961
1960
1958
1958
1957
1954
1953
1953
1951
1947
1946
1945
1945
1945
1943
1942
1940
1939
1938
1938
1937
1935
1935
1930
1930
1929
1929
1928
1927
1926
1926
1926
1925
1924
1923
1922
1922
1921
1920
1920
1920
1919
1919
1918
1917
1917
1915
1915
1915
1914
1914
1913
1912
1912
1912
1911
1910
1905
1902
1902
1901
1900
1900
1900
1899
1898
1896
1895
1894
1893
1892
1891
1890
1888
1888
1887
1883
1883
1881
1881
1881
1880
1880
1878
1878
1876
1875
1872
1871
1871
1870
1870
1867
1867
1864
1863
1863
1861
1861
1860
1859
1858
1857
1856
1854
1853
1852
1848
1847
1846
1845
1844
1844
1842
1841
1840
1840
1837
1837
1836
1836
1836
1834
1833
1833
1832
1830
1829
1828
1827
1826
1825
1824
1824
1824
1821
1819
1819
1819
1819
1818
1815
1815
1814
1814
1814
1814
1813
1811
1810
1809
1808
1807
1807
1807
1804
1804
1801
1800
1799
1798
1797
1797
1795
1793
1792
1790
1790
1790
1789
1788
1787
1787
1785
1785
1785
1784
1784
1782
1782
1781
1781
1777
1777
1776
1776
1774
1774
1774
1773
1773
1773
1772
1772
1772
1772
1771
1769
1768
1766
1766
1766
1765
1764
1761
1759
1758
1757
1755
1755
1754
1752
1751
1750
1749
1749
1747
1744
1743
1742
1741
1739
1735
1734
1734
1733
1732
1731
1728
1725
1725
1723
1723
1723
1722
1722
1722
1722
1722
1721
1721
1720
1718
1716
1716
1713
1712
1712
1710
1709
1707
1703
1702
1702
1702
1701
1699
1699
1696
1695
1695
1693
1693
1692
1692
1691
1691
1691
1690
1687
1685
1683
1683
1680
1677
1677
1677
1677
1674
1674
1672
1672
1671
1671
1670
1670
1666
1663
1662
1661
1660
1660
1659
1656
1654
1653
1652
1652
1652
1651
1651
1650
1650
1648
1646
1646
1643
1643
1643
1642
1641
1640
1639
1638
1637
1635
1635
1634
1634
1634
1631
1631
1631
1630
1629
1629
1628
1625
1625
1624
1624
1624
1623
1623
1623
1618
1617
1617
1616
1616
1615
1615
1615
1613
1613
1613
1613
1612
1611
1610
1610
1610
1609
1609
1607
1598
1598
1597
1592
1591
1591
1588
1585
1584
1583
1582
1582
1581
1580
1580
1579
1578
1578
1578
1577
1575
1575
1574
1574
1572
1572
1572
1571
1569
1568
1568
1568
1567
1566
1565
1563
1562
1562
1562
1561
1561
1559
1559
1559
1556
1554
1553
1553
1552
1549
1548
1547
1546
1546
1544
1542
1541
1541
1539
1539
1539
1538
1536
1535
1535
1534
1533
1530
1530
1529
1529
1528
1526
1525
1523
1523
1522
1521
1518
1518
1517
1517
1516
1516
1515
1513
1509
1507
1505
1504
1502
1502
1501
1501
1500
1499
1498
1498
1494
1494
1493
1493
1492
1492
1491
1491
1490
1490
1490
1490
1489
1489
1489
1488
1487
1487
1487
1484
1483
1483
1482
1482
1482
1480
1479
1477
1476
1476
1475
1471
1471
1470
1469
1469
1465
1465
1463
1463
1463
1461
1458
1457
1457
1456
1456
1455
1455
1451
1449
1449
1447
1447
1445
1445
1444
1443
1442
1442
1441
1440
1439
1438
1437
1436
1436
1435
1433
1432
1432
1432
1430
1429
1429
1429
1428
1426
1426
1426
1425
1425
1424
1424
1424
1423
1423
1421
1421
1421
1420
1419
1419
1419
1418
1417
1416
1416
1413
1412
1412
1411
1411
1411
1410
1410
1409
1409
1407
1407
1406
1405
1404
1402
1402
1400
1400
1400
1399
1399
1398
1398
1398
1398
1396
1392
1389
1388
1387
1387
1385
1385
1384
1384
1384
1383
1382
1382
1382
1381
1381
1380
1380
1377
1376
1376
1373
1373
1373
1372
1369
1369
1369
1368
1368
1368
1367
1365
1364
1363
1363
1361
1360
1359
1356
1356
1356
1355
1354
1353
1352
1351
1348
1348
1347
1346
1346
1345
1345
1344
1344
1343
1342
1340
1339
1339
1338
1337
1335
1335
1334
1333
1333
1332
1327
1327
1326
1326
1326
1325
1324
1323
1322
1321
1320
1320
1319
1319
1319
1316
1314
1314
1312
1311
1310
1309
1308
1307
1306
1304
1304
1300
1299
1298
1298
1297
1297
1297
1296
1294
1294
1293
1292
1292
1292
1291
1291
1289
1289
1288
1284
1281
1280
1280
1280
1278
1275
1270
1268
1267
1266
1266
1266
1264
1263
1262
1262
1262
1261
1261
1260
1258
1258
1255
1254
1254
1253
1249
1249
1249
1247
1245
1243
1243
1242
1241
1241
1241
1241
1240
1239
1239
1239
1235
1233
1233
1232
1231
1230
1230
1230
1229
1229
1226
1226
1226
1223
1223
1220
1220
1219
1218
1218
1217
1217
1216
1215
1213
1213
1213
1213
1213
1212
1212
1211
1211
1211
1210
1209
1209
1205
1205
1204
1203
1203
1203
1202
1200
1200
1198
1198
1198
1193
1193
1192
1190
1189
1188
1188
1187
1186
1184
1183
1181
1181
1181
1179
1179
1174
1173
1172
1169
1169
1168
1167
1167
1165
1164
1164
1160
1159
1159
1158
1157
1157
1155
1155
1154
1154
1154
1153
1153
1153
1152
1150
1147
1144
1144
1142
1142
1142
1140
1140
1139
1137
1130
1129
1125
1124
1123
1122
1121
1120
1118
1118
1118
1116
1116
1116
1115
1114
1114
1114
1112
1110
1110
1110
1109
1109
1108
1107
1106
1104
1103
1103
1102
1101
1099
1098
1097
1092
1092
1092
1091
1091
1089
1088
1087
1086
1086
1084
1083
1080
1080
1079
1079
1077
1076
1076
1076
1076
1075
1075
1074
1074
1070
1069
1068
1068
1068
1065
1064
1064
1062
1062
1061
1059
1059
1058
1055
1055
1055
1053
1053
1051
1051
1050
1050
1049
1048
1048
1046
1044
1043
1041
1041
1038
1038
1034
1033
1028
1027
1027
1027
1027
1026
1026
1026
1026
1026
1024
1022
1022
1022
1021
1020
1018
1018
1016
1016
1015
1013
1012
1008
1007
1005
1005
1004
1004
1001
1001
1000
1000
998
994
993
993
992
989
988
988
987
985
985
983
979
978
978
977
975
975
975
974
971
971
970
970
969
969
968
968
967
967
966
966
963
963
962
962
961
961
961
959
959
959
959
957
956
956
956
954
954
953
953
952
951
948
945
944
944
944
942
941
940
940
940
939
939
939
937
936
935
934
932
931
930
930
929
928
928
927
927
927
926
926
925
924
923
922
922
921
919
919
918
916
913
912
910
909
908
907
906
905
902
901
900
899
898
897
897
897
897
897
896
895
894
890
888
888
888
887
887
886
886
885
885
884
883
883
882
882
881
881
880
880
877
876
874
874
873
872
871
870
869
868
867
865
865
864
862
861
860
860
856
856
856
856
854
854
853
851
850
850
849
849
847
846
846
845
843
842
841
839
838
838
837
836
834
834
832
831
831
831
829
829
829
827
825
825
824
824
824
823
822
820
819
818
816
815
814
813
813
813
811
809
806
803
802
802
800
799
798
796
795
793
792
791
790
790
790
789
787
787
787
785
783
783
783
782
781
781
780
779
779
778
777
777
777
774
774
771
770
769
768
767
766
766
766
763
763
762
760
757
757
756
752
752
751
750
749
749
747
746
745
744
744
743
743
743
740
740
738
737
736
736
735
734
733
732
731
730
730
729
729
728
728
727
727
727
726
726
725
722
722
722
721
720
720
720
719
716
716
713
711
710
708
707
705
703
702
702
700
699
698
698
698
698
697
695
695
694
693
692
691
690
689
689
688
687
686
685
684
684
683
681
681
680
677
674
674
673
673
672
671
671
671
671
670
669
668
668
666
664
662
662
661
660
660
659
655
650
650
650
649
648
647
647
644
643
643
643
642
638
636
635
630
628
628
626
626
626
624
624
624
624
622
622
620
620
618
617
616
615
615
615
614
613
609
609
608
608
607
607
606
605
605
604
601
601
599
599
597
596
592
589
589
589
589
587
587
586
586
586
585
585
583
583
583
581
581
581
580
576
576
574
574
574
573
572
572
571
569
568
568
568
568
567
566
565
565
561
561
560
558
558
557
557
556
556
555
555
552
551
550
550
549
548
547
544
544
542
541
539
539
539
538
535
532
531
530
530
530
527
526
524
524
523
521
520
519
519
519
518
514
513
513
512
511
510
509
508
508
507
507
507
506
506
502
502
501
501
497
497
497
496
493
493
493
493
492
492
492
492
491
490
490
490
488
487
487
485
484
483
483
482
481
481
480
480
480
477
477
476
475
474
473
473
473
471
469
469
468
467
460
460
460
458
458
457
457
457
456
455
455
454
454
454
451
449
448
442
439
438
437
431
430
429
428
428
427
427
427
425
425
424
424
424
423
423
422
421
419
419
416
415
414
414
413
412
412
412
412
411
410
409
409
409
407
407
407
405
404
403
403
402
401
401
400
400
396
396
395
393
393
392
390
390
389
387
387
386
385
384
383
382
381
379
377
377
376
376
376
371
370
369
368
368
367
367
366
364
364
361
359
358
357
357
357
357
354
353
353
352
351
351
350
350
349
349
347
344
342
342
341
335
335
335
335
333
333
333
332
330
330
327
327
327
326
326
326
325
324
324
322
321
320
319
318
317
316
315
315
314
314
312
312
312
309
309
308
308
308
307
307
306
306
305
304
303
303
302
302
301
299
299
299
298
297
297
296
294
294
293
293
291
291
289
289
288
287
286
284
282
281
279
277
277
275
275
274
273
273
273
271
270
268
268
267
267
266
264
263
261
261
260
259
259
258
258
258
257
257
257
257
256
255
253
253
253
251
250
249
248
247
247
245
244
242
242
241
241
240
238
235
234
233
232
232
232
232
231
231
230
230
230
230
227
227
227
227
226
225
225
225
223
219
219
218
216
216
215
213
213
211
210
209
209
207
207
206
205
204
203
201
201
201
200
200
198
197
196
196
195
194
194
190
188
187
186
185
185
185
182
180
179
179
179
179
177
177
176
176
174
174
173
172
172
170
169
167
167
167
166
166
164
164
163
162
162
161
161
161
158
157
157
156
154
154
153
152
150
148
145
145
145
145
145
144
143
143
143
142
141
141
139
137
137
136
133
132
132
131
129
126
125
125
123
123
122
114
111
111
108
108
108
108
104
104
103
100
100
100
98
98
98
97
96
95
92
90
90
90
89
88
88
88
87
84
84
83
83
82
81
81
79
79
76
74
74
74
73
70
70
69
66
65
65
64
64
64
63
62
62
61
61
60
59
59
59
59
58
58
58
55
54
53
49
49
49
49
46
46
46
46
44
43
43
43
42
41
41
41
40
40
39
39
38
37
36
36
36
36
36
34
33
32
30
30
29
29
27
27
27
26
25
25
25
24
24
23
23
21
21
19
19
18
17
16
15
14
13
13
12
11
10
10
9
8
8
8
7
6
5
4
3
2
