9998
9996
9994
9993
9990
9990
9988
9988
9987
9985
9984
9984
9982
9982
9981
9981
9980
9980
9980
9978
9977
9977
9977
9975
9974
9974
9973
9973
9971
9971
9970
9969
9969
9969
9969
9968
9967
9967
9965
9959
9958
9957
9954
9954
9952
9951
9951
9951
9951
9951
9948
9946
9946
9945
9945
9941
9940
9939
9937
9937
9935
9935
9932
9931
9931
9930
9927
9925
9921
9921
9921
9921
9920
9919
9919
9918
9918
9915
9915
9915
9913
9912
9911
9909
9909
9907
9906
9906
9905
9905
9903
9902
9901
9901
9901
9899
9898
9895
9894
9894
9892
9892
9892
9890
9890
9888
9888
9887
9886
9886
9886
9883
9882
9880
9880
9880
9879
9879
9878
9878
9875
9873
9871
9870
9869
9867
9866
9866
9865
9864
9860
9858
9858
9858
9858
9857
9855
9855
9853
9852
9851
9851
9851
9850
9847
9847
9847
9847
9846
9844
9844
9843
9843
9842
9842
9842
9842
9841
9841
9840
9839
9838
9838
9837
9837
9836
9836
9834
9834
9834
9831
9831
9831
9830
9830
9827
9827
9827
9826
9825
9825
9821
9820
9819
9818
9818
9818
9818
9817
9815
9815
9812
9811
9810
9809
9807
9806
9803
9803
9802
9802
9801
9800
9798
9798
9796
9794
9793
9792
9791
9789
9786
9786
9784
9783
9781
9781
9780
9779
9776
9775
9775
9774
9773
9772
9772
9771
9771
9771
9770
9770
9769
9769
9769
9768
9768
9768
9767
9767
9767
9764
9764
9763
9763
9762
9762
9762
9762
9760
9759
9755
9755
9750
9749
9748
9747
9746
9746
9745
9744
9744
9744
9741
9741
9739
9738
9736
9734
9734
9733
9731
9730
9730
9730
9728
9728
9728
9727
9727
9726
9725
9725
9724
9722
9721
9721
9720
9719
9719
9717
9716
9716
9716
9715
9714
9711
9711
9709
9708
9708
9707
9707
9707
9706
9705
9704
9704
9703
9702
9701
9700
9698
9696
9694
9692
9691
9691
9689
9688
9687
9683
9681
9681
9680
9680
9678
9678
9678
9677
9677
9674
9674
9672
9669
9669
9666
9665
9665
9664
9664
9664
9663
9662
9662
9662
9660
9660
9660
9659
9659
9658
9657
9656
9655
9654
9654
9654
9652
9652
9652
9652
9650
9650
9649
9649
9648
9648
9648
9648
9647
9641
9641
9640
9640
9638
9636
9635
9635
9632
9630
9630
9628
9628
9626
9626
9626
9625
9625
9625
9624
9623
9622
9622
9622
9621
9621
9619
9619
9618
9616
9614
9614
9610
9607
9605
9605
9604
9603
9601
9600
9600
9600
9599
9598
9598
9597
9597
9597
9595
9594
9593
9593
9593
9593
9590
9588
9587
9587
9585
9585
9583
9582
9582
9579
9579
9579
9578
9576
9576
9576
9575
9574
9573
9573
9572
9571
9571
9568
9565
9565
9564
9563
9563
9563
9561
9559
9558
9556
9556
9554
9554
9553
9552
9549
9546
9546
9545
9545
9545
9544
9543
9543
9542
9542
9542
9540
9539
9539
9539
9538
9537
9537
9535
9533
9532
9527
9526
9526
9525
9525
9524
9522
9521
9520
9519
9516
9516
9516
9514
9513
9511
9511
9511
9509
9508
9506
9506
9505
9505
9505
9505
9504
9503
9503
9501
9500
9500
9499
9497
9497
9496
9494
9493
9492
9492
9492
9491
9490
9490
9487
9487
9487
9486
9486
9484
9482
9480
9480
9478
9477
9476
9473
9473
9471
9470
9470
9470
9469
9469
9468
9467
9466
9464
9464
9463
9462
9461
9461
9461
9461
9461
9458
9457
9456
9455
9455
9455
9453
9451
9450
9450
9449
9448
9447
9446
9445
9445
9442
9442
9442
9441
9437
9436
9436
9435
9434
9434
9433
9433
9433
9432
9432
9431
9431
9429
9428
9425
9424
9422
9420
9417
9416
9416
9415
9414
9414
9412
9412
9411
9410
9409
9409
9408
9406
9405
9404
9404
9403
9401
9400
9400
9400
9399
9398
9394
9393
9393
9392
9392
9392
9391
9391
9389
9389
9387
9386
9386
9380
9380
9380
9378
9377
9373
9372
9371
9370
9369
9369
9368
9367
9365
9365
9363
9363
9362
9361
9360
9360
9359
9358
9357
9356
9356
9356
9355
9353
9350
9350
9350
9350
9349
9349
9343
9341
9340
9338
9338
9337
9337
9336
9334
9334
9334
9333
9332
9332
9331
9331
9331
9330
9329
9329
9329
9328
9326
9325
9324
9323
9321
9320
9319
9318
9317
9316
9315
9314
9313
9312
9312
9311
9310
9308
9307
9307
9305
9304
9304
9304
9303
9303
9303
9300
9299
9299
9299
9298
9297
9297
9296
9294
9294
9293
9292
9288
9288
9287
9286
9285
9283
9282
9282
9282
9281
9280
9280
9274
9273
9270
9270
9270
9268
9268
9265
9264
9264
9262
9261
9261
9260
9259
9257
9257
9256
9256
9254
9253
9252
9252
9252
9252
9250
9249
9249
9249
9249
9247
9247
9247
9246
9246
9246
9245
9244
9244
9244
9243
9242
9241
9240
9240
9240
9239
9239
9238
9237
9237
9233
9232
9228
9228
9227
9224
9222
9221
9221
9220
9219
9219
9218
9218
9217
9217
9215
9214
9214
9214
9213
9210
9209
9207
9207
9207
9204
9203
9203
9201
9201
9200
9199
9198
9197
9195
9195
9195
9193
9193
9192
9192
9191
9191
9189
9189
9183
9176
9176
9175
9175
9171
9171
9170
9170
9168
9168
9165
9165
9165
9164
9164
9164
9162
9162
9161
9161
9160
9160
9159
9159
9159
9158
9158
9157
9154
9154
9153
9152
9152
9151
9150
9150
9148
9148
9146
9146
9146
9145
9145
9143
9142
9142
9142
9142
9141
9141
9139
9139
9138
9136
9135
9134
9133
9133
9133
9132
9131
9131
9131
9130
9128
9127
9126
9123
9120
9119
9117
9116
9116
9112
9111
9111
9110
9109
9108
9108
9106
9106
9105
9103
9101
9101
9099
9098
9097
9095
9093
9090
9090
9087
9087
9083
9082
9082
9081
9080
9079
9076
9075
9075
9075
9073
9072
9071
9071
9069
9068
9067
9065
9065
9065
9063
9063
9060
9058
9057
9056
9053
9053
9053
9053
9052
9050
9050
9049
9048
9048
9047
9046
9046
9046
9045
9044
9042
9040
9039
9039
9039
9038
9036
9035
9033
9033
9032
9032
9031
9030
9029
9029
9029
9028
9027
9026
9026
9026
9025
9025
9025
9024
9023
9023
9022
9022
9021
9020
9018
9018
9017
9017
9014
9013
9012
9012
9012
9012
9010
9009
9006
9002
9000
8999
8999
8998
8997
8997
8995
8994
8992
8992
8991
8991
8990
8990
8989
8986
8986
8986
8986
8984
8981
8981
8980
8977
8977
8977
8975
8973
8973
8971
8970
8969
8968
8966
8966
8962
8961
8959
8959
8958
8958
8957
8954
8952
8952
8952
8952
8952
8950
8950
8949
8949
8948
8948
8947
8947
8946
8946
8945
8944
8943
8943
8940
8940
8939
8939
8938
8938
8938
8937
8935
8935
8932
8930
8927
8924
8923
8922
8921
8921
8920
8920
8919
8918
8917
8915
8913
8911
8911
8911
8910
8910
8907
8907
8906
8905
8904
8903
8902
8899
8899
8899
8898
8898
8898
8897
8895
8894
8892
8891
8891
8890
8889
8888
8887
8883
8883
8882
8882
8880
8877
8877
8876
8875
8873
8873
8872
8871
8871
8870
8868
8867
8866
8866
8866
8864
8862
8860
8859
8859
8857
8857
8853
8852
8850
8850
8849
8848
8848
8848
8843
8843
8842
8842
8842
8839
8838
8838
8836
8836
8828
8825
8825
8824
8823
8823
8822
8821
8819
8818
8818
8818
8817
8817
8814
8813
8811
8810
8810
8810
8810
8808
8808
8808
8808
8808
8807
8806
8806
8806
8806
8805
8805
8804
8804
8804
8803
8802
8801
8800
8796
8796
8796
8796
8795
8794
8792
8792
8791
8790
8790
8789
8788
8785
8784
8783
8781
8780
8776
8776
8775
8774
8774
8774
8772
8771
8769
8769
8769
8768
8768
8766
8766
8765
8765
8765
8764
8763
8760
8760
8760
8759
8759
8759
8757
8757
8756
8753
8753
8752
8752
8751
8749
8748
8746
8745
8745
8745
8743
8743
8742
8741
8740
8738
8738
8738
8736
8736
8736
8735
8734
8734
8733
8733
8733
8732
8730
8729
8729
8729
8726
8726
8726
8724
8723
8722
8720
8719
8718
8718
8716
8716
8716
8715
8715
8714
8713
8712
8712
8711
8711
8710
8710
8709
8707
8707
8707
8706
8706
8704
8703
8702
8702
8701
8701
8699
8698
8698
8697
8697
8695
8694
8692
8692
8691
8689
8688
8687
8686
8686
8685
8685
8685
8684
8682
8682
8681
8681
8680
8680
8679
8679
8678
8677
8676
8675
8675
8672
8671
8671
8670
8669
8668
8667
8666
8666
8665
8664
8662
8661
8661
8657
8653
8652
8651
8650
8650
8648
8646
8646
8646
8645
8640
8638
8638
8637
8633
8633
8632
8630
8629
8629
8624
8623
8623
8623
8622
8621
8621
8618
8617
8613
8612
8612
8611
8607
8606
8606
8605
8604
8604
8603
8603
8603
8602
8602
8602
8600
8599
8599
8598
8597
8596
8595
8595
8594
8594
8594
8594
8594
8593
8592
8591
8589
8588
8588
8587
8587
8586
8584
8583
8583
8583
8583
8581
8579
8579
8578
8577
8577
8576
8576
8576
8575
8574
8574
8573
8572
8572
8571
8570
8569
8569
8568
8568
8567
8567
8563
8563
8560
8559
8556
8553
8552
8552
8550
8549
8549
8547
8547
8547
8546
8545
8545
8545
8544
8543
8541
8541
8541
8540
8538
8536
8535
8535
8534
8534
8533
8531
8531
8530
8529
8528
8528
8528
8528
8526
8526
8525
8520
8518
8515
8515
8513
8512
8512
8511
8510
8510
8509
8508
8507
8506
8505
8504
8503
8502
8501
8500
8500
8500
8500
8499
8498
8497
8496
8496
8495
8495
8495
8495
8492
8491
8488
8488
8488
8487
8487
8483
8482
8482
8481
8479
8479
8476
8476
8476
8473
8473
8472
8470
8470
8468
8468
8466
8466
8465
8465
8464
8464
8463
8462
8459
8459
8457
8457
8456
8456
8451
8450
8450
8449
8448
8447
8447
8447
8447
8446
8446
8446
8444
8444
8444
8444
8442
8442
8442
8441
8441
8441
8440
8440
8439
8437
8437
8437
8437
8436
8435
8433
8433
8432
8431
8430
8429
8427
8425
8425
8425
8424
8424
8422
8422
8421
8418
8418
8417
8417
8416
8415
8415
8415
8414
8413
8411
8411
8409
8404
8404
8402
8400
8399
8399
8396
8396
8395
8394
8393
8392
8392
8391
8390
8390
8390
8389
8387
8387
8384
8383
8380
8376
8376
8375
8373
8372
8371
8371
8370
8370
8370
8370
8369
8369
8368
8367
8367
8366
8365
8364
8364
8359
8359
8358
8358
8355
8353
8352
8352
8351
8350
8348
8347
8345
8345
8345
8344
8342
8342
8339
8338
8338
8336
8335
8335
8333
8332
8332
8331
8331
8331
8325
8324
8324
8322
8321
8320
8318
8318
8317
8317
8317
8317
8315
8315
8314
8313
8312
8312
8311
8310
8309
8309
8308
8308
8308
8307
8307
8306
8303
8303
8303
8302
8302
8301
8301
8298
8298
8295
8295
8295
8294
8293
8293
8291
8290
8289
8289
8289
8287
8287
8287
8286
8286
8285
8281
8280
8278
8278
8275
8274
8271
8271
8270
8269
8269
8267
8267
8266
8265
8265
8261
8260
8259
8257
8257
8257
8256
8255
8253
8251
8250
8249
8248
8247
8247
8247
8247
8246
8246
8245
8245
8244
8243
8243
8242
8241
8240
8239
8238
8236
8234
8233
8233
8231
8229
8229
8227
8226
8225
8225
8225
8224
8223
8223
8223
8223
8222
8221
8219
8218
8217
8216
8214
8214
8214
8213
8211
8211
8210
8210
8209
8209
8208
8207
8207
8206
8205
8205
8204
8203
8203
8201
8201
8200
8199
8198
8196
8194
8194
8193
8191
8191
8188
8188
8187
8186
8184
8183
8182
8179
8178
8178
8178
8178
8177
8177
8176
8175
8175
8174
8170
8167
8165
8164
8164
8163
8163
8161
8159
8159
8158
8158
8157
8157
8156
8156
8155
8154
8154
8153
8153
8152
8152
8151
8151
8151
8148
8148
8147
8146
8146
8144
8142
8141
8141
8139
8138
8137
8136
8136
8135
8135
8132
8132
8132
8129
8129
8129
8128
8128
8127
8126
8126
8126
8125
8125
8123
8123
8123
8122
8118
8118
8117
8116
8116
8115
8113
8112
8112
8111
8111
8110
8109
8107
8107
8105
8102
8100
8100
8099
8099
8099
8098
8096
8095
8095
8095
8094
8093
8092
8092
8090
8087
8086
8086
8086
8084
8083
8082
8081
8080
8079
8078
8078
8078
8076
8075
8074
8072
8072
8072
8065
8064
8062
8062
8061
8059
8058
8058
8056
8056
8054
8050
8050
8050
8047
8046
8045
8044
8043
8042
8041
8040
8040
8040
8039
8039
8039
8039
8037
8036
8036
8035
8035
8034
8034
8034
8033
8031
8030
8028
8026
8024
8023
8022
8021
8021
8019
8019
8018
8018
8018
8017
8017
8017
8017
8015
8015
8015
8014
8013
8012
8011
8010
8009
8009
8007
8006
8006
8002
8001
8000
7999
7997
7997
7997
7994
7992
7992
7992
7992
7987
7986
7986
7984
7981
7981
7977
7976
7975
7975
7974
7971
7971
7970
7970
7970
7969
7969
7967
7967
7966
7965
7964
7961
7960
7960
7958
7955
7953
7952
7951
7951
7949
7947
7945
7945
7944
7944
7944
7944
7944
7942
7940
7940
7940
7939
7939
7937
7937
7937
7936
7935
7935
7934
7929
7927
7927
7927
7927
7926
7925
7925
7924
7922
7921
7921
7920
7919
7918
7918
7917
7916
7916
7914
7913
7912
7911
7911
7909
7908
7908
7906
7906
7906
7906
7906
7905
7904
7902
7902
7901
7896
7896
7895
7894
7889
7888
7888
7886
7885
7881
7878
7878
7876
7875
7875
7874
7873
7873
7872
7872
7870
7869
7869
7869
7867
7867
7864
7864
7863
7863
7863
7862
7861
7861
7859
7858
7853
7852
7850
7849
7849
7848
7844
7840
7840
7840
7838
7838
7835
7832
7831
7831
7830
7830
7829
7829
7828
7828
7827
7826
7825
7825
7825
7823
7822
7821
7821
7821
7821
7820
7818
7816
7814
7813
7812
7811
7810
7810
7810
7809
7808
7808
7806
7805
7804
7803
7803
7802
7802
7801
7799
7795
7794
7793
7792
7791
7789
7789
7789
7788
7786
7786
7786
7783
7783
7782
7782
7779
7777
7775
7773
7773
7772
7771
7770
7769
7769
7768
7766
7766
7765
7765
7763
7762
7762
7761
7761
7761
7760
7759
7759
7758
7758
7757
7756
7755
7755
7754
7754
7752
7752
7751
7750
7748
7748
7748
7747
7745
7739
7738
7736
7736
7734
7731
7731
7729
7728
7728
7728
7727
7727
7725
7724
7724
7722
7720
7718
7715
7715
7714
7714
7713
7713
7711
7711
7709
7709
7708
7707
7707
7705
7705
7704
7702
7700
7697
7697
7697
7696
7695
7695
7693
7692
7689
7689
7688
7686
7684
7684
7684
7682
7679
7677
7676
7676
7675
7674
7674
7672
7672
7670
7670
7669
7669
7666
7665
7665
7663
7662
7662
7661
7660
7660
7659
7658
7657
7653
7653
7653
7651
7648
7647
7646
7646
7644
7643
7643
7643
7642
7639
7633
7633
7631
7626
7624
7624
7622
7620
7619
7617
7617
7613
7612
7611
7611
7607
7607
7606
7605
7605
7604
7604
7603
7602
7602
7601
7600
7596
7595
7593
7592
7591
7589
7589
7586
7585
7584
7584
7583
7582
7582
7581
7580
7580
7578
7578
7575
7575
7574
7573
7571
7571
7570
7570
7570
7567
7566
7564
7563
7562
7561
7560
7560
7559
7558
7556
7555
7555
7554
7554
7554
7552
7550
7550
7549
7548
7546
7546
7545
7545
7545
7544
7544
7542
7540
7540
7538
7537
7537
7535
7533
7531
7531
7531
7531
7529
7528
7527
7527
7526
7526
7524
7524
7521
7520
7520
7519
7519
7517
7513
7511
7509
7506
7506
7506
7504
7502
7501
7500
7500
7499
7498
7497
7497
7496
7496
7496
7495
7494
7492
7492
7491
7491
7490
7489
7488
7487
7486
7486
7486
7483
7482
7482
7481
7481
7478
7477
7474
7474
7473
7466
7466
7464
7464
7463
7462
7461
7460
7459
7459
7457
7455
7454
7454
7453
7453
7453
7453
7452
7450
7450
7449
7449
7449
7448
7448
7448
7447
7445
7443
7443
7443
7442
7440
7440
7440
7439
7438
7438
7437
7436
7435
7435
7434
7434
7433
7431
7431
7430
7429
7427
7426
7424
7423
7422
7421
7418
7418
7416
7414
7412
7411
7410
7409
7409
7408
7408
7407
7406
7405
7404
7402
7400
7399
7399
7397
7397
7396
7396
7395
7394
7394
7393
7393
7389
7386
7386
7385
7382
7382
7381
7380
7379
7379
7378
7377
7377
7376
7374
7373
7373
7373
7372
7372
7371
7371
7367
7363
7363
7362
7362
7361
7359
7356
7356
7354
7354
7353
7350
7348
7348
7348
7348
7347
7347
7345
7344
7343
7342
7339
7339
7339
7337
7337
7336
7334
7333
7330
7330
7329
7329
7327
7326
7325
7324
7324
7323
7322
7322
7321
7320
7320
7320
7319
7318
7315
7314
7312
7311
7309
7308
7308
7307
7305
7303
7302
7301
7300
7300
7300
7299
7298
7298
7297
7296
7296
7296
7295
7294
7294
7293
7293
7292
7292
7291
7289
7288
7287
7287
7285
7285
7285
7283
7283
7280
7279
7279
7277
7277
7277
7275
7274
7273
7272
7271
7269
7269
7267
7266
7264
7264
7262
7260
7260
7258
7255
7254
7253
7253
7253
7252
7252
7252
7251
7250
7250
7249
7249
7248
7247
7247
7247
7247
7246
7246
7245
7245
7245
7245
7241
7240
7240
7238
7238
7238
7236
7236
7236
7234
7233
7233
7233
7233
7232
7231
7229
7227
7226
7225
7224
7221
7221
7220
7219
7219
7219
7218
7218
7218
7216
7216
7215
7214
7214
7213
7212
7212
7212
7211
7211
7211
7211
7210
7209
7208
7206
7204
7204
7203
7202
7201
7201
7201
7201
7200
7200
7198
7198
7196
7193
7193
7193
7192
7191
7188
7186
7186
7184
7184
7184
7183
7180
7179
7177
7176
7175
7175
7173
7169
7169
7168
7168
7168
7167
7166
7165
7161
7161
7160
7159
7157
7156
7156
7156
7153
7151
7150
7147
7143
7143
7143
7141
7140
7139
7138
7138
7137
7136
7134
7134
7132
7130
7130
7128
7128
7126
7122
7120
7119
7118
7117
7117
7116
7116
7116
7114
7113
7113
7112
7110
7109
7108
7106
7106
7105
7104
7104
7103
7101
7100
7099
7099
7097
7096
7096
7096
7094
7093
7092
7090
7089
7087
7087
7087
7085
7084
7083
7080
7079
7075
7075
7074
7072
7072
7072
7071
7069
7067
7067
7066
7064
7063
7063
7062
7062
7060
7060
7059
7059
7056
7056
7054
7054
7054
7054
7054
7051
7051
7049
7048
7047
7046
7045
7045
7044
7042
7041
7041
7040
7038
7036
7032
7032
7030
7028
7026
7025
7025
7023
7021
7020
7019
7017
7016
7013
7012
7012
7011
7011
7008
7008
7008
7007
7007
7004
7003
7003
7003
7001
7001
7000
6999
6999
6999
6998
6996
6995
6993
6990
6989
6988
6988
6986
6986
6985
6983
6983
6981
6980
6978
6976
6975
6974
6973
6972
6971
6971
6970
6969
6969
6969
6968
6967
6967
6967
6966
6965
6964
6964
6963
6961
6960
6960
6958
6955
6954
6954
6954
6954
6953
6952
6951
6951
6950
6949
6948
6947
6946
6945
6945
6945
6945
6945
6944
6942
6942
6936
6936
6936
6935
6935
6934
6933
6933
6932
6932
6931
6930
6928
6928
6927
6922
6921
6921
6921
6920
6918
6917
6916
6914
6910
6908
6906
6905
6905
6903
6903
6902
6902
6900
6898
6897
6895
6893
6892
6892
6889
6889
6887
6886
6886
6883
6882
6882
6882
6882
6881
6880
6880
6880
6879
6878
6877
6877
6876
6875
6874
6871
6870
6870
6869
6868
6868
6868
6867
6863
6861
6859
6857
6854
6853
6852
6851
6849
6849
6849
6848
6848
6846
6844
6843
6837
6837
6836
6836
6835
6834
6834
6832
6832
6831
6831
6830
6828
6828
6826
6825
6822
6820
6819
6819
6817
6815
6814
6814
6814
6813
6813
6813
6811
6811
6811
6809
6807
6807
6807
6807
6806
6803
6803
6802
6801
6801
6800
6797
6797
6794
6794
6791
6789
6789
6788
6786
6786
6785
6783
6782
6781
6780
6780
6779
6776
6775
6774
6772
6771
6770
6768
6764
6763
6763
6762
6762
6762
6759
6757
6757
6756
6756
6756
6754
6754
6753
6751
6751
6748
6747
6745
6744
6744
6742
6742
6740
6740
6739
6737
6736
6735
6735
6733
6733
6732
6732
6732
6731
6731
6728
6727
6727
6726
6725
6724
6723
6721
6720
6718
6716
6716
6716
6714
6713
6711
6711
6710
6705
6704
6704
6704
6701
6701
6699
6699
6698
6697
6696
6694
6693
6691
6690
6690
6690
6686
6686
6685
6685
6681
6680
6675
6674
6674
6671
6670
6668
6667
6666
6665
6662
6662
6661
6661
6660
6660
6659
6658
6658
6657
6654
6654
6653
6653
6651
6651
6651
6650
6650
6649
6648
6648
6647
6647
6645
6645
6643
6641
6639
6639
6638
6636
6636
6635
6635
6635
6633
6633
6633
6631
6626
6626
6624
6624
6622
6622
6621
6621
6620
6619
6618
6617
6616
6616
6616
6615
6615
6613
6613
6612
6610
6609
6608
6607
6605
6600
6598
6598
6597
6597
6596
6595
6594
6594
6592
6592
6592
6591
6591
6590
6588
6588
6588
6587
6587
6586
6585
6585
6585
6583
6582
6580
6580
6580
6576
6575
6572
6572
6572
6571
6571
6570
6569
6569
6569
6565
6565
6564
6564
6564
6563
6562
6561
6561
6561
6561
6561
6561
6560
6558
6557
6556
6555
6555
6554
6553
6552
6550
6549
6548
6548
6547
6547
6547
6546
6544
6543
6542
6542
6539
6538
6538
6537
6531
6531
6531
6531
6529
6528
6526
6526
6525
6525
6525
6525
6524
6517
6517
6516
6516
6512
6511
6510
6510
6509
6509
6508
6508
6508
6508
6506
6505
6505
6504
6504
6503
6503
6503
6502
6499
6499
6499
6496
6496
6495
6495
6494
6493
6493
6492
6492
6492
6491
6490
6490
6488
6487
6486
6485
6484
6484
6483
6483
6482
6482
6481
6479
6478
6475
6475
6475
6474
6474
6474
6473
6472
6472
6471
6471
6471
6471
6470
6470
6470
6467
6466
6465
6460
6460
6459
6458
6458
6458
6457
6455
6455
6454
6453
6451
6450
6450
6450
6448
6448
6446
6445
6444
6443
6441
6441
6439
6437
6437
6436
6434
6429
6428
6428
6427
6424
6423
6422
6422
6420
6420
6418
6418
6418
6416
6415
6415
6414
6412
6412
6411
6410
6408
6408
6407
6406
6406
6406
6406
6405
6405
6405
6404
6400
6398
6398
6396
6396
6396
6394
6392
6392
6390
6389
6388
6386
6385
6385
6384
6384
6375
6375
6374
6374
6374
6373
6372
6372
6371
6370
6370
6369
6368
6368
6368
6367
6366
6366
6366
6364
6362
6361
6361
6360
6360
6360
6359
6359
6357
6355
6354
6352
6350
6349
6349
6349
6349
6348
6346
6346
6346
6345
6344
6343
6343
6342
6342
6342
6342
6341
6340
6340
6337
6335
6335
6335
6335
6332
6332
6327
6327
6327
6327
6326
6326
6326
6325
6325
6324
6324
6322
6322
6322
6322
6322
6320
6319
6319
6319
6318
6316
6313
6312
6311
6311
6311
6310
6310
6308
6306
6304
6304
6303
6302
6302
6300
6300
6299
6298
6297
6296
6296
6295
6294
6293
6293
6293
6292
6292
6291
6288
6288
6284
6284
6282
6280
6280
6279
6279
6278
6277
6276
6275
6274
6274
6273
6273
6273
6273
6272
6271
6271
6270
6269
6268
6268
6267
6265
6265
6263
6263
6263
6262
6260
6259
6259
6258
6258
6258
6257
6256
6255
6253
6251
6251
6251
6250
6250
6250
6249
6243
6243
6243
6243
6242
6242
6242
6241
6241
6241
6240
6239
6239
6239
6236
6236
6236
6236
6235
6235
6234
6233
6228
6228
6227
6226
6226
6226
6225
6225
6223
6222
6220
6218
6215
6215
6213
6212
6211
6209
6208
6207
6207
6206
6205
6203
6203
6200
6199
6199
6197
6197
6196
6195
6195
6194
6193
6193
6192
6191
6188
6188
6188
6186
6186
6186
6185
6184
6184
6183
6183
6183
6182
6182
6182
6181
6179
6178
6175
6175
6174
6172
6170
6169
6168
6168
6167
6164
6164
6164
6164
6163
6158
6158
6157
6157
6156
6156
6156
6153
6151
6150
6149
6149
6148
6146
6146
6143
6141
6141
6140
6140
6139
6137
6136
6135
6135
6134
6133
6133
6133
6132
6131
6131
6130
6130
6128
6128
6127
6127
6126
6125
6124
6123
6123
6122
6122
6121
6120
6120
6120
6118
6117
6117
6116
6115
6115
6115
6113
6110
6109
6108
6108
6108
6106
6105
6104
6104
6104
6100
6100
6099
6099
6099
6099
6099
6097
6096
6096
6095
6094
6094
6091
6091
6091
6089
6087
6086
6085
6085
6084
6082
6082
6080
6079
6078
6076
6075
6075
6075
6074
6073
6070
6068
6067
6064
6063
6058
6057
6056
6051
6050
6047
6046
6044
6044
6043
6043
6042
6041
6040
6038
6038
6036
6036
6036
6036
6035
6032
6032
6030
6028
6026
6026
6025
6025
6022
6022
6021
6020
6020
6019
6018
6015
6014
6014
6013
6011
6010
6010
6010
6009
6008
6006
6005
6005
6004
6003
6003
6003
6001
6001
6000
5998
5997
5997
5996
5995
5995
5993
5993
5992
5988
5985
5983
5983
5982
5980
5980
5980
5976
5974
5972
5971
5971
5969
5969
5969
5969
5968
5968
5968
5967
5967
5965
5964
5963
5960
5959
5957
5957
5957
5956
5956
5953
5953
5950
5950
5949
5949
5948
5948
5948
5948
5946
5946
5945
5944
5943
5943
5943
5942
5942
5941
5941
5940
5938
5938
5938
5937
5936
5936
5935
5935
5934
5932
5932
5931
5930
5922
5922
5922
5919
5916
5916
5916
5916
5915
5915
5915
5914
5913
5913
5912
5912
5911
5909
5908
5907
5906
5906
5906
5903
5901
5900
5898
5897
5897
5896
5895
5894
5893
5893
5891
5889
5889
5886
5886
5886
5884
5881
5880
5879
5878
5877
5874
5869
5868
5864
5863
5863
5862
5860
5858
5858
5857
5857
5856
5855
5855
5854
5853
5853
5853
5852
5851
5850
5850
5850
5850
5849
5847
5846
5846
5843
5841
5838
5837
5836
5835
5835
5834
5834
5834
5832
5831
5829
5829
5828
5828
5828
5826
5825
5824
5823
5823
5822
5822
5821
5820
5819
5817
5816
5816
5815
5815
5815
5815
5810
5810
5808
5807
5806
5805
5801
5801
5800
5799
5798
5796
5796
5794
5793
5791
5789
5787
5787
5786
5785
5784
5784
5784
5781
5780
5780
5777
5776
5776
5776
5775
5775
5772
5772
5771
5771
5771
5769
5769
5768
5768
5768
5767
5763
5762
5762
5761
5760
5760
5759
5759
5759
5758
5757
5756
5754
5751
5751
5750
5749
5749
5747
5747
5744
5744
5739
5737
5735
5734
5733
5732
5731
5729
5729
5728
5728
5727
5727
5725
5723
5722
5721
5716
5716
5713
5713
5712
5709
5708
5707
5707
5706
5706
5705
5704
5704
5703
5703
5703
5702
5701
5698
5698
5696
5694
5694
5693
5693
5693
5692
5691
5690
5689
5689
5689
5689
5689
5688
5688
5687
5687
5685
5682
5681
5679
5673
5670
5668
5667
5665
5665
5665
5659
5657
5657
5655
5653
5653
5652
5650
5646
5646
5642
5642
5641
5636
5634
5634
5631
5630
5629
5628
5628
5628
5628
5626
5625
5625
5625
5624
5623
5621
5620
5619
5617
5616
5616
5613
5612
5611
5611
5611
5609
5609
5608
5607
5607
5606
5604
5604
5603
5603
5603
5601
5596
5596
5596
5595
5590
5585
5580
5579
5578
5578
5578
5576
5574
5573
5573
5572
5572
5571
5570
5570
5570
5570
5569
5568
5566
5565
5562
5562
5561
5561
5559
5559
5556
5556
5554
5553
5553
5552
5552
5551
5551
5550
5548
5547
5547
5547
5544
5544
5544
5542
5541
5539
5538
5538
5537
5536
5536
5530
5529
5529
5528
5528
5527
5525
5525
5523
5523
5522
5520
5520
5518
5518
5515
5515
5513
5512
5511
5511
5510
5508
5507
5506
5504
5504
5501
5500
5498
5498
5498
5497
5497
5495
5494
5494
5492
5492
5491
5491
5491
5491
5485
5485
5484
5483
5482
5480
5480
5478
5476
5475
5475
5474
5473
5472
5471
5470
5470
5469
5469
5468
5468
5467
5467
5465
5465
5465
5464
5464
5463
5462
5460
5459
5459
5458
5457
5456
5455
5454
5453
5451
5451
5450
5450
5450
5448
5445
5445
5444
5444
5444
5443
5443
5440
5440
5439
5438
5437
5437
5435
5435
5433
5433
5433
5432
5431
5429
5427
5427
5427
5423
5423
5423
5423
5421
5420
5420
5419
5419
5417
5417
5416
5416
5413
5413
5412
5411
5411
5411
5411
5409
5409
5408
5407
5405
5405
5404
5403
5403
5402
5402
5401
5401
5401
5401
5401
5399
5399
5398
5396
5395
5395
5394
5394
5391
5391
5391
5390
5390
5387
5386
5385
5382
5382
5382
5381
5380
5378
5376
5374
5372
5371
5369
5368
5365
5364
5364
5362
5362
5362
5361
5361
5360
5360
5357
5357
5356
5356
5354
5353
5350
5349
5345
5345
5344
5344
5343
5340
5339
5338
5337
5335
5334
5333
5332
5332
5329
5329
5329
5327
5325
5324
5323
5321
5321
5321
5320
5319
5318
5317
5317
5315
5315
5315
5315
5313
5312
5312
5312
5312
5310
5308
5308
5307
5307
5307
5306
5305
5302
5301
5300
5299
5298
5297
5296
5295
5294
5293
5293
5293
5292
5291
5288
5288
5286
5286
5285
5284
5284
5281
5281
5280
5277
5276
5276
5276
5273
5269
5268
5268
5267
5265
5265
5263
5263
5261
5260
5260
5260
5260
5255
5255
5253
5252
5251
5248
5246
5245
5242
5241
5241
5238
5237
5235
5235
5235
5235
5234
5233
5233
5232
5231
5229
5229
5229
5226
5222
5221
5221
5218
5218
5215
5211
5211
5210
5207
5204
5201
5198
5197
5197
5195
5192
5192
5191
5191
5190
5189
5188
5188
5186
5185
5185
5183
5182
5182
5181
5180
5180
5179
5177
5176
5176
5175
5175
5174
5172
5172
5170
5168
5168
5167
5167
5167
5166
5162
5159
5159
5159
5158
5157
5156
5156
5156
5153
5151
5150
5149
5148
5147
5147
5146
5145
5144
5144
5144
5142
5141
5140
5139
5136
5135
5133
5133
5133
5131
5130
5130
5128
5125
5124
5123
5122
5122
5121
5117
5117
5116
5115
5112
5112
5111
5109
5107
5107
5105
5104
5104
5104
5103
5103
5102
5102
5101
5101
5101
5100
5100
5100
5100
5097
5095
5094
5094
5092
5088
5088
5084
5084
5082
5079
5079
5077
5076
5076
5074
5074
5071
5068
5065
5065
5063
5063
5063
5062
5061
5061
5059
5058
5056
5055
5053
5051
5051
5051
5051
5050
5049
5048
5047
5046
5044
5043
5042
5038
5037
5035
5034
5034
5032
5031
5031
5029
5028
5025
5025
5023
5023
5023
5022
5020
5019
5018
5017
5016
5016
5016
5015
5013
5013
5008
5006
5006
5006
5004
5003
5002
5001
5000
5000
4998
4998
4998
4997
4997
4996
4995
4993
4993
4991
4991
4990
4989
4989
4988
4987
4987
4985
4984
4983
4983
4983
4982
4981
4980
4976
4974
4973
4972
4972
4970
4970
4969
4969
4968
4967
4967
4966
4966
4965
4965
4964
4964
4964
4962
4962
4962
4961
4960
4959
4959
4959
4958
4957
4954
4954
4953
4951
4951
4949
4948
4945
4943
4942
4942
4940
4940
4940
4940
4939
4938
4935
4933
4933
4933
4933
4933
4932
4931
4929
4929
4928
4928
4928
4927
4927
4926
4925
4924
4924
4921
4921
4921
4921
4921
4921
4921
4920
4918
4918
4918
4916
4915
4915
4914
4913
4912
4912
4910
4906
4905
4903
4903
4902
4901
4900
4900
4899
4898
4896
4895
4895
4894
4894
4894
4893
4893
4893
4891
4891
4889
4888
4887
4887
4885
4884
4882
4881
4880
4880
4880
4879
4879
4879
4877
4877
4876
4874
4873
4871
4870
4869
4869
4868
4867
4867
4866
4866
4863
4863
4862
4862
4860
4859
4858
4856
4856
4853
4852
4852
4851
4850
4849
4849
4847
4847
4846
4846
4840
4839
4838
4837
4836
4836
4833
4832
4831
4830
4830
4826
4826
4826
4825
4825
4823
4822
4821
4819
4817
4816
4813
4813
4813
4809
4806
4806
4802
4801
4800
4799
4797
4796
4796
4796
4796
4794
4793
4793
4793
4792
4790
4790
4790
4786
4785
4784
4783
4781
4780
4778
4778
4778
4776
4769
4768
4767
4766
4764
4762
4761
4761
4760
4759
4758
4758
4757
4756
4756
4756
4756
4755
4755
4754
4753
4753
4749
4749
4748
4746
4746
4745
4744
4744
4740
4740
4737
4736
4735
4734
4731
4729
4728
4727
4725
4724
4724
4724
4723
4722
4721
4721
4720
4720
4709
4705
4704
4704
4703
4702
4701
4701
4701
4699
4698
4695
4695
4694
4693
4692
4691
4690
4689
4686
4686
4685
4685
4683
4681
4681
4679
4678
4677
4676
4674
4674
4673
4673
4672
4671
4670
4670
4670
4669
4668
4668
4667
4667
4666
4666
4665
4665
4662
4660
4658
4657
4656
4655
4655
4650
4649
4649
4649
4648
4647
4644
4644
4643
4643
4641
4640
4640
4638
4638
4636
4636
4633
4629
4629
4628
4627
4626
4625
4624
4624
4623
4622
4622
4620
4620
4619
4617
4615
4614
4614
4612
4612
4612
4612
4610
4607
4607
4606
4605
4605
4605
4604
4603
4603
4602
4599
4599
4598
4598
4597
4597
4595
4595
4593
4592
4592
4592
4591
4589
4587
4586
4585
4584
4583
4582
4581
4581
4581
4580
4580
4578
4578
4578
4577
4577
4575
4574
4573
4571
4570
4567
4567
4566
4566
4565
4563
4563
4562
4562
4561
4560
4559
4559
4559
4558
4558
4557
4557
4556
4555
4555
4554
4553
4553
4553
4551
4551
4550
4549
4545
4544
4544
4543
4543
4540
4539
4539
4538
4538
4536
4536
4535
4535
4534
4531
4527
4527
4526
4525
4525
4522
4521
4520
4518
4518
4518
4518
4517
4517
4517
4517
4515
4515
4513
4513
4511
4510
4509
4506
4505
4505
4505
4503
4503
4503
4503
4502
4501
4501
4500
4500
4500
4497
4497
4497
4496
4495
4493
4491
4491
4488
4487
4486
4484
4483
4481
4481
4481
4480
4480
4479
4479
4478
4477
4477
4475
4473
4473
4473
4473
4472
4471
4471
4469
4469
4467
4467
4464
4463
4462
4462
4461
4459
4459
4458
4457
4456
4455
4455
4455
4454
4454
4453
4453
4453
4451
4451
4450
4445
4443
4441
4440
4439
4438
4438
4437
4436
4436
4433
4433
4429
4429
4428
4428
4427
4426
4425
4424
4423
4421
4420
4420
4420
4419
4417
4417
4416
4414
4413
4412
4410
4408
4408
4407
4407
4405
4404
4403
4402
4401
4398
4397
4397
4396
4394
4394
4393
4392
4390
4389
4389
4387
4386
4384
4383
4380
4377
4376
4376
4375
4375
4375
4375
4375
4371
4370
4370
4370
4368
4365
4364
4363
4363
4362
4360
4359
4359
4359
4359
4358
4354
4353
4350
4349
4349
4349
4348
4348
4346
4346
4345
4344
4342
4341
4338
4338
4337
4337
4336
4335
4335
4334
4334
4334
4330
4329
4328
4328
4327
4327
4327
4326
4326
4326
4325
4323
4323
4322
4322
4322
4322
4321
4319
4319
4319
4315
4314
4314
4314
4314
4313
4313
4313
4312
4311
4311
4310
4309
4309
4309
4308
4308
4305
4305
4304
4302
4298
4298
4298
4297
4297
4296
4296
4295
4293
4292
4292
4292
4292
4290
4289
4288
4287
4286
4286
4285
4285
4283
4283
4279
4278
4277
4273
4273
4272
4270
4267
4267
4266
4265
4263
4263
4263
4262
4261
4261
4259
4259
4259
4258
4257
4256
4256
4255
4255
4255
4254
4254
4252
4250
4249
4248
4248
4244
4243
4240
4238
4235
4235
4234
4234
4232
4232
4230
4230
4229
4228
4227
4225
4223
4222
4222
4222
4221
4219
4218
4216
4215
4212
4212
4210
4208
4207
4207
4206
4206
4203
4203
4203
4202
4201
4201
4201
4200
4200
4197
4197
4196
4195
4191
4190
4189
4189
4187
4186
4184
4183
4183
4183
4183
4180
4179
4178
4178
4174
4171
4171
4168
4167
4165
4163
4155
4155
4155
4155
4155
4153
4153
4150
4150
4149
4148
4147
4144
4144
4143
4143
4142
4141
4141
4139
4139
4136
4135
4133
4132
4131
4130
4130
4130
4130
4129
4129
4128
4128
4127
4127
4126
4125
4122
4122
4120
4120
4120
4118
4116
4116
4115
4115
4115
4114
4114
4114
4111
4110
4109
4109
4108
4106
4105
4105
4105
4104
4104
4104
4103
4103
4102
4101
4101
4100
4092
4091
4091
4090
4086
4085
4082
4081
4080
4079
4078
4078
4076
4075
4074
4073
4073
4073
4072
4072
4070
4070
4070
4070
4069
4069
4067
4067
4064
4060
4060
4059
4057
4056
4054
4052
4052
4050
4049
4047
4046
4044
4043
4042
4040
4038
4037
4037
4035
4035
4035
4034
4034
4033
4029
4029
4028
4027
4027
4024
4024
4021
4021
4021
4020
4018
4018
4017
4016
4016
4010
4009
4008
4004
3998
3998
3998
3998
3997
3996
3995
3994
3993
3990
3990
3989
3988
3988
3986
3983
3983
3983
3979
3975
3975
3974
3973
3972
3972
3972
3972
3971
3971
3969
3969
3968
3967
3967
3965
3963
3963
3963
3963
3962
3961
3961
3957
3957
3955
3955
3955
3954
3953
3952
3951
3951
3950
3949
3948
3948
3948
3946
3942
3941
3941
3940
3940
3940
3940
3938
3938
3937
3937
3936
3931
3929
3929
3925
3925
3924
3923
3922
3921
3920
3919
3918
3918
3916
3916
3912
3911
3909
3908
3907
3907
3907
3906
3901
3901
3901
3898
3897
3893
3891
3890
3888
3888
3887
3885
3885
3885
3882
3880
3878
3877
3876
3876
3873
3873
3868
3867
3867
3866
3864
3863
3863
3862
3861
3861
3860
3858
3856
3855
3853
3852
3852
3850
3850
3850
3850
3849
3847
3845
3844
3844
3844
3842
3841
3840
3839
3838
3837
3836
3835
3833
3832
3831
3831
3830
3830
3829
3828
3827
3823
3823
3822
3822
3822
3821
3821
3819
3819
3817
3817
3815
3815
3814
3813
3813
3813
3813
3813
3812
3811
3810
3810
3809
3807
3805
3803
3803
3803
3802
3801
3801
3801
3800
3799
3799
3799
3798
3797
3797
3797
3796
3796
3795
3794
3794
3794
3793
3792
3791
3790
3790
3790
3789
3789
3788
3787
3784
3784
3783
3779
3779
3778
3776
3775
3774
3772
3771
3771
3768
3768
3768
3765
3765
3765
3764
3763
3760
3760
3759
3756
3755
3753
3753
3753
3752
3752
3752
3751
3751
3750
3750
3745
3744
3744
3744
3742
3742
3741
3741
3739
3738
3737
3737
3736
3732
3732
3730
3729
3728
3728
3727
3725
3724
3722
3720
3720
3720
3719
3714
3713
3712
3711
3711
3710
3709
3709
3708
3708
3707
3707
3706
3706
3704
3703
3701
3700
3699
3699
3697
3696
3696
3696
3695
3694
3694
3694
3693
3692
3692
3691
3690
3687
3686
3684
3684
3683
3683
3682
3682
3680
3679
3679
3679
3676
3675
3675
3674
3674
3672
3672
3671
3670
3667
3666
3665
3665
3665
3664
3664
3663
3663
3661
3659
3659
3658
3658
3657
3652
3651
3651
3650
3650
3649
3649
3648
3648
3647
3645
3644
3642
3642
3641
3640
3640
3639
3639
3638
3637
3637
3636
3635
3635
3634
3633
3630
3630
3628
3628
3627
3625
3624
3624
3623
3623
3622
3616
3613
3613
3611
3611
3609
3608
3608
3607
3604
3603
3601
3598
3597
3596
3596
3593
3592
3592
3591
3589
3589
3588
3584
3584
3584
3582
3582
3580
3580
3579
3578
3578
3578
3576
3576
3575
3572
3572
3570
3570
3570
3568
3567
3567
3566
3565
3564
3563
3563
3562
3560
3559
3559
3559
3558
3558
3557
3557
3556
3556
3555
3551
3550
3550
3549
3547
3547
3547
3546
3543
3543
3542
3540
3540
3538
3536
3535
3535
3534
3533
3533
3532
3531
3531
3528
3528
3528
3528
3527
3527
3526
3526
3525
3525
3524
3524
3523
3523
3521
3520
3520
3520
3520
3519
3514
3513
3513
3512
3512
3506
3506
3505
3505
3504
3504
3502
3501
3500
3497
3494
3492
3492
3490
3488
3486
3486
3486
3485
3485
3485
3483
3483
3482
3481
3480
3480
3479
3478
3477
3476
3476
3475
3474
3474
3474
3473
3471
3470
3470
3470
3470
3470
3469
3468
3467
3467
3466
3462
3461
3461
3461
3460
3459
3458
3458
3456
3455
3455
3454
3453
3453
3452
3450
3448
3446
3445
3444
3443
3442
3441
3440
3437
3437
3434
3434
3433
3432
3432
3430
3430
3426
3425
3424
3424
3419
3418
3417
3415
3415
3412
3410
3410
3409
3408
3408
3407
3405
3402
3400
3398
3397
3397
3397
3395
3394
3394
3394
3392
3392
3388
3388
3387
3386
3384
3383
3383
3382
3380
3378
3378
3376
3376
3374
3372
3372
3370
3369
3369
3366
3366
3366
3365
3365
3365
3363
3363
3361
3359
3359
3359
3357
3353
3352
3351
3351
3347
3346
3344
3344
3343
3343
3343
3342
3342
3339
3338
3338
3337
3336
3335
3335
3335
3335
3335
3335
3333
3333
3333
3332
3331
3331
3330
3330
3329
3329
3328
3328
3327
3324
3323
3322
3322
3321
3320
3320
3320
3318
3318
3317
3317
3317
3316
3315
3315
3314
3312
3308
3305
3303
3303
3302
3302
3301
3300
3299
3299
3298
3298
3298
3297
3296
3296
3296
3295
3295
3293
3292
3292
3292
3292
3289
3289
3289
3289
3288
3287
3285
3281
3281
3280
3280
3280
3280
3280
3278
3275
3274
3272
3271
3271
3270
3269
3269
3268
3267
3265
3265
3264
3263
3262
3260
3260
3258
3257
3257
3256
3255
3255
3251
3250
3250
3249
3248
3247
3246
3245
3244
3243
3241
3239
3238
3238
3236
3234
3233
3231
3231
3231
3230
3230
3230
3229
3229
3228
3228
3226
3225
3223
3222
3216
3216
3216
3215
3215
3214
3213
3212
3211
3210
3210
3209
3208
3207
3207
3207
3207
3205
3204
3204
3203
3201
3201
3200
3198
3198
3197
3197
3196
3196
3195
3194
3194
3193
3192
3192
3191
3191
3191
3190
3190
3190
3190
3190
3187
3186
3186
3183
3181
3181
3181
3180
3180
3180
3180
3177
3177
3177
3177
3176
3175
3174
3174
3172
3172
3171
3171
3170
3169
3167
3165
3165
3164
3164
3162
3162
3161
3160
3160
3158
3158
3157
3157
3156
3155
3154
3152
3152
3151
3151
3149
3149
3148
3148
3148
3147
3146
3146
3145
3145
3144
3142
3142
3142
3141
3141
3140
3138
3138
3135
3135
3134
3132
3132
3129
3128
3127
3126
3125
3125
3124
3123
3123
3123
3121
3120
3117
3117
3117
3114
3114
3114
3113
3113
3113
3111
3111
3111
3110
3110
3109
3108
3108
3107
3104
3101
3101
3101
3100
3100
3099
3099
3098
3098
3098
3097
3097
3097
3097
3095
3093
3090
3086
3086
3085
3085
3085
3083
3083
3082
3080
3079
3079
3078
3078
3078
3077
3077
3076
3075
3073
3072
3071
3069
3067
3064
3063
3061
3056
3055
3054
3053
3052
3052
3048
3047
3045
3045
3042
3041
3039
3039
3037
3036
3036
3034
3034
3033
3032
3032
3031
3030
3028
3027
3027
3027
3024
3023
3023
3023
3023
3022
3020
3019
3018
3018
3016
3016
3016
3016
3015
3014
3013
3013
3012
3012
3011
3010
3010
3009
3006
3005
3004
3003
3003
3003
3000
2999
2999
2998
2998
2995
2995
2993
2992
2992
2992
2991
2989
2988
2988
2988
2983
2981
2979
2978
2977
2975
2972
2972
2972
2972
2971
2969
2969
2966
2965
2960
2958
2956
2954
2954
2953
2952
2951
2951
2950
2950
2949
2948
2947
2946
2944
2943
2942
2942
2942
2941
2940
2940
2940
2940
2940
2939
2939
2938
2937
2936
2935
2934
2932
2932
2932
2932
2931
2930
2928
2928
2927
2927
2926
2926
2923
2923
2922
2921
2919
2914
2909
2908
2908
2907
2907
2906
2906
2901
2898
2898
2897
2897
2891
2890
2890
2890
2890
2890
2889
2889
2888
2888
2888
2888
2886
2885
2885
2884
2884
2884
2884
2883
2881
2881
2879
2878
2874
2872
2871
2870
2869
2868
2868
2867
2864
2864
2864
2863
2863
2857
2854
2854
2851
2851
2848
2844
2842
2842
2842
2842
2840
2840
2839
2839
2838
2837
2837
2836
2835
2834
2834
2833
2828
2828
2826
2824
2824
2823
2823
2822
2822
2822
2822
2821
2821
2821
2820
2820
2817
2817
2816
2816
2815
2814
2814
2813
2812
2812
2810
2808
2806
2805
2805
2804
2803
2802
2802
2802
2800
2800
2798
2798
2797
2797
2797
2796
2796
2795
2791
2791
2787
2787
2786
2785
2785
2784
2782
2781
2780
2779
2778
2778
2776
2775
2775
2774
2773
2773
2772
2771
2771
2770
2766
2765
2764
2763
2762
2762
2757
2756
2756
2755
2753
2753
2753
2752
2750
2748
2746
2743
2743
2742
2742
2739
2739
2739
2737
2736
2736
2735
2729
2728
2728
2728
2725
2725
2723
2721
2719
2719
2718
2717
2716
2716
2716
2714
2714
2713
2712
2712
2711
2708
2707
2706
2704
2704
2703
2703
2701
2699
2698
2698
2698
2698
2697
2696
2696
2696
2695
2695
2694
2690
2687
2687
2686
2685
2685
2685
2685
2684
2683
2682
2680
2680
2680
2679
2677
2674
2674
2670
2668
2667
2666
2666
2665
2664
2664
2661
2660
2656
2655
2655
2654
2654
2653
2652
2649
2648
2646
2645
2642
2641
2640
2636
2635
2633
2632
2631
2629
2627
2627
2627
2626
2626
2626
2625
2625
2625
2624
2623
2623
2623
2623
2623
2622
2622
2622
2622
2620
2615
2614
2614
2612
2610
2609
2609
2608
2607
2606
2605
2605
2603
2603
2602
2602
2602
2598
2597
2596
2596
2595
2593
2592
2592
2592
2590
2590
2589
2583
2583
2582
2582
2581
2580
2579
2578
2578
2575
2575
2575
2574
2571
2570
2569
2569
2568
2565
2564
2564
2562
2561
2561
2560
2560
2560
2558
2557
2557
2557
2554
2554
2554
2553
2550
2549
2549
2547
2546
2544
2543
2543
2543
2542
2540
2539
2539
2538
2538
2538
2538
2537
2534
2534
2533
2532
2531
2527
2520
2520
2516
2516
2515
2513
2513
2512
2511
2509
2507
2506
2502
2501
2501
2500
2500
2499
2497
2496
2494
2494
2494
2493
2493
2491
2489
2488
2485
2484
2484
2482
2482
2482
2481
2479
2478
2478
2477
2475
2475
2474
2474
2473
2473
2473
2472
2470
2466
2466
2465
2465
2465
2462
2462
2461
2460
2460
2458
2458
2458
2457
2457
2457
2456
2454
2454
2454
2453
2452
2452
2452
2451
2451
2449
2449
2448
2446
2445
2445
2442
2441
2440
2439
2438
2437
2437
2437
2436
2436
2433
2433
2431
2430
2430
2428
2427
2427
2426
2424
2423
2422
2421
2421
2421
2420
2416
2416
2411
2410
2408
2407
2406
2406
2403
2402
2402
2402
2401
2401
2401
2401
2401
2398
2397
2397
2396
2395
2393
2393
2392
2390
2388
2387
2385
2383
2383
2382
2381
2380
2379
2378
2378
2377
2377
2376
2375
2374
2374
2374
2373
2371
2370
2367
2367
2367
2366
2364
2359
2357
2355
2354
2354
2352
2351
2350
2350
2350
2350
2349
2348
2347
2346
2345
2344
2343
2343
2342
2340
2338
2337
2336
2336
2334
2331
2331
2330
2330
2330
2329
2328
2326
2325
2325
2324
2324
2323
2323
2322
2321
2318
2318
2317
2316
2316
2315
2313
2312
2312
2310
2309
2307
2307
2307
2307
2306
2306
2305
2305
2305
2304
2304
2303
2302
2302
2301
2301
2301
2301
2300
2299
2298
2297
2294
2293
2293
2291
2291
2290
2290
2289
2289
2288
2288
2287
2287
2286
2286
2285
2282
2280
2279
2278
2278
2277
2277
2276
2276
2274
2274
2274
2271
2271
2270
2269
2268
2264
2263
2262
2261
2260
2257
2253
2251
2249
2249
2248
2245
2244
2244
2243
2243
2242
2240
2238
2238
2236
2236
2235
2235
2233
2232
2227
2227
2227
2227
2226
2225
2224
2223
2222
2220
2220
2220
2219
2218
2218
2217
2217
2217
2216
2214
2213
2213
2211
2210
2210
2207
2207
2207
2206
2206
2206
2206
2206
2206
2205
2205
2204
2203
2202
2201
2199
2198
2198
2198
2196
2195
2193
2192
2192
2191
2190
2190
2188
2188
2183
2181
2179
2177
2176
2176
2175
2173
2173
2173
2172
2171
2171
2171
2169
2167
2165
2164
2164
2163
2163
2161
2159
2159
2157
2156
2156
2154
2151
2151
2151
2151
2151
2149
2148
2146
2145
2144
2141
2141
2139
2139
2138
2137
2132
2132
2132
2130
2129
2127
2126
2126
2126
2126
2126
2125
2122
2120
2120
2119
2119
2119
2116
2116
2114
2111
2110
2110
2108
2107
2105
2105
2104
2102
2102
2101
2098
2098
2097
2095
2094
2094
2093
2093
2092
2092
2090
2089
2088
2087
2087
2086
2083
2082
2080
2080
2079
2079
2078
2077
2075
2075
2075
2073
2071
2067
2065
2063
2063
2063
2061
2060
2060
2059
2059
2058
2058
2057
2057
2056
2053
2053
2049
2049
2048
2046
2043
2043
2043
2043
2042
2041
2040
2040
2039
2037
2037
2036
2036
2036
2036
2035
2033
2032
2031
2030
2029
2029
2028
2028
2027
2026
2026
2025
2023
2022
2022
2021
2019
2017
2017
2013
2012
2012
2012
2011
2011
2010
2010
2007
2004
2004
2002
2001
1999
1998
1998
1998
1995
1993
1992
1992
1989
1989
1988
1987
1987
1985
1984
1984
1983
1983
1979
1973
1972
1972
1971
1965
1964
1962
1961
1961
1959
1959
1958
1958
1956
1956
1954
1954
1953
1952
1951
1951
1950
1948
1947
1947
1947
1946
1946
1944
1943
1942
1941
1940
1940
1938
1937
1935
1935
1934
1932
1930
1926
1921
1918
1917
1917
1916
1915
1915
1915
1914
1914
1911
1911
1908
1906
1905
1904
1904
1901
1901
1900
1900
1899
1899
1898
1897
1896
1894
1893
1892
1890
1890
1889
1889
1888
1888
1888
1887
1886
1886
1884
1880
1880
1879
1877
1876
1876
1875
1873
1870
1869
1869
1867
1866
1864
1864
1864
1863
1862
1862
1862
1860
1859
1859
1859
1858
1855
1855
1855
1854
1854
1853
1852
1852
1850
1850
1848
1847
1847
1845
1843
1841
1840
1840
1840
1839
1838
1836
1835
1835
1835
1833
1833
1832
1830
1829
1829
1829
1827
1826
1825
1824
1822
1820
1819
1817
1816
1816
1815
1815
1815
1813
1813
1812
1812
1811
1810
1810
1810
1808
1806
1806
1805
1804
1804
1803
1802
1800
1797
1797
1796
1794
1794
1794
1792
1791
1790
1789
1788
1787
1785
1785
1785
1784
1784
1783
1782
1782
1779
1776
1774
1772
1772
1770
1769
1768
1768
1766
1762
1762
1761
1761
1759
1759
1758
1758
1757
1756
1754
1754
1754
1754
1753
1751
1751
1750
1750
1750
1749
1748
1746
1745
1741
1740
1740
1740
1740
1740
1739
1738
1738
1738
1737
1735
1734
1733
1733
1733
1732
1729
1729
1728
1726
1725
1723
1722
1721
1720
1719
1719
1715
1714
1713
1711
1711
1711
1711
1710
1709
1709
1709
1705
1705
1704
1704
1704
1700
1699
1698
1695
1693
1693
1693
1690
1690
1689
1688
1687
1687
1687
1686
1686
1686
1685
1684
1683
1683
1682
1681
1681
1675
1675
1675
1673
1672
1671
1671
1669
1668
1666
1663
1662
1662
1662
1659
1658
1657
1657
1657
1656
1655
1655
1655
1655
1655
1654
1653
1653
1653
1652
1650
1647
1647
1645
1644
1643
1641
1638
1635
1635
1633
1633
1632
1632
1632
1631
1630
1630
1630
1629
1629
1628
1628
1627
1623
1623
1623
1622
1622
1620
1620
1619
1618
1615
1614
1612
1611
1610
1609
1607
1607
1605
1605
1604
1604
1600
1600
1599
1598
1597
1593
1593
1593
1593
1592
1592
1592
1591
1590
1589
1588
1588
1588
1587
1587
1586
1584
1582
1582
1581
1581
1581
1580
1578
1577
1576
1566
1565
1564
1562
1562
1558
1558
1557
1557
1557
1556
1555
1555
1551
1549
1547
1547
1546
1544
1542
1542
1542
1538
1538
1535
1535
1535
1533
1533
1533
1532
1531
1531
1530
1530
1529
1528
1527
1527
1526
1525
1525
1525
1524
1523
1523
1522
1522
1520
1519
1517
1517
1516
1516
1515
1514
1514
1513
1513
1512
1512
1511
1509
1509
1508
1507
1506
1506
1505
1505
1504
1503
1503
1502
1502
1501
1501
1499
1498
1496
1494
1493
1493
1492
1492
1491
1489
1488
1487
1487
1486
1485
1484
1483
1483
1483
1482
1482
1481
1481
1481
1480
1478
1478
1477
1475
1475
1475
1475
1474
1474
1474
1474
1472
1471
1470
1467
1466
1463
1463
1462
1462
1460
1457
1454
1453
1453
1453
1453
1452
1451
1451
1449
1448
1447
1447
1447
1444
1443
1443
1443
1442
1441
1440
1439
1439
1438
1435
1435
1434
1434
1434
1434
1433
1432
1431
1431
1431
1429
1429
1427
1422
1422
1418
1418
1418
1415
1413
1413
1412
1412
1409
1408
1408
1408
1405
1404
1404
1402
1401
1401
1399
1399
1398
1397
1395
1395
1394
1394
1391
1391
1390
1389
1388
1388
1387
1385
1384
1382
1381
1381
1381
1380
1380
1379
1376
1376
1376
1375
1372
1372
1371
1371
1370
1369
1369
1365
1365
1364
1364
1363
1362
1361
1360
1358
1357
1356
1356
1355
1355
1355
1354
1352
1351
1349
1349
1347
1347
1346
1346
1345
1345
1345
1344
1343
1337
1336
1335
1334
1329
1325
1325
1324
1322
1322
1321
1320
1319
1319
1319
1317
1316
1315
1313
1313
1313
1313
1313
1312
1311
1310
1310
1310
1309
1309
1309
1307
1307
1306
1306
1306
1306
1305
1305
1305
1305
1304
1303
1301
1301
1300
1300
1299
1297
1295
1295
1295
1293
1293
1292
1292
1292
1292
1290
1288
1288
1288
1288
1286
1285
1284
1280
1279
1275
1275
1274
1274
1273
1272
1271
1269
1267
1267
1265
1265
1265
1264
1260
1258
1258
1257
1256
1256
1254
1251
1250
1248
1247
1247
1247
1246
1245
1245
1244
1243
1242
1241
1241
1240
1240
1237
1235
1235
1234
1234
1234
1234
1234
1234
1230
1230
1230
1229
1226
1225
1225
1221
1220
1219
1218
1215
1211
1211
1210
1210
1210
1210
1209
1208
1206
1203
1202
1201
1201
1200
1200
1200
1199
1198
1196
1196
1196
1193
1191
1191
1189
1187
1187
1186
1186
1185
1185
1184
1184
1184
1183
1183
1181
1181
1180
1180
1178
1178
1177
1176
1174
1174
1174
1174
1169
1169
1167
1166
1166
1165
1165
1162
1162
1162
1161
1161
1159
1157
1155
1154
1154
1154
1153
1152
1151
1149
1148
1148
1147
1147
1147
1146
1144
1142
1142
1140
1140
1139
1138
1137
1137
1137
1136
1136
1134
1133
1132
1130
1130
1126
1126
1125
1124
1121
1116
1115
1115
1113
1113
1111
1110
1110
1109
1109
1109
1108
1108
1108
1108
1107
1107
1106
1105
1101
1099
1098
1097
1095
1095
1092
1091
1091
1091
1089
1088
1086
1085
1084
1083
1081
1080
1080
1080
1079
1079
1079
1078
1078
1078
1077
1077
1074
1072
1070
1070
1067
1066
1066
1065
1064
1063
1062
1060
1059
1058
1057
1054
1053
1053
1050
1050
1049
1049
1048
1048
1045
1042
1042
1040
1040
1040
1039
1034
1032
1030
1030
1030
1029
1028
1027
1025
1025
1025
1023
1022
1020
1020
1019
1018
1018
1018
1018
1017
1016
1016
1015
1014
1010
1010
1008
1007
1007
1005
1004
1003
1003
1003
1002
1002
1002
1002
1001
1001
1000
999
999
996
994
991
991
991
990
990
989
987
987
987
986
984
984
982
981
980
980
979
978
977
976
976
975
972
972
971
970
967
966
966
964
963
962
961
959
957
957
954
952
951
948
948
947
946
946
946
942
941
941
941
940
937
937
937
936
936
936
935
935
934
933
933
933
932
930
929
929
926
925
924
924
923
922
921
920
919
919
919
918
918
914
913
913
913
911
911
911
911
910
910
909
908
908
907
906
906
905
903
901
900
900
896
895
895
894
894
894
893
893
891
891
887
887
886
885
884
882
882
881
881
880
880
879
879
878
877
876
876
876
873
872
871
871
871
869
867
867
867
866
864
864
863
863
859
858
857
854
854
853
852
852
852
850
850
849
849
846
846
845
845
843
843
842
842
840
839
839
838
838
838
836
834
833
831
831
831
830
830
827
826
824
823
822
822
821
819
818
816
814
813
812
812
811
811
810
807
807
807
807
806
804
804
803
803
802
801
801
797
797
797
796
796
795
792
791
791
791
789
789
789
789
788
788
785
785
785
785
784
783
782
782
781
781
780
778
778
775
775
775
774
774
774
771
769
767
767
766
766
766
764
762
761
760
758
757
755
754
753
752
749
748
748
747
747
744
741
739
739
739
738
738
737
735
734
733
733
733
732
730
729
728
725
724
722
721
721
720
720
719
719
718
718
717
717
717
717
716
713
712
706
705
704
703
702
702
702
701
701
700
695
695
695
694
693
692
688
687
685
685
685
684
684
678
678
676
674
673
672
671
670
670
669
668
666
666
665
665
665
664
662
660
658
657
657
656
655
655
654
653
653
649
648
647
647
646
645
641
640
640
638
638
635
635
635
628
628
627
626
624
623
621
620
620
619
617
615
615
615
614
611
610
609
608
607
602
601
598
598
597
594
591
588
588
588
586
584
583
582
581
578
577
577
577
576
574
574
573
571
570
570
569
568
568
563
563
555
555
553
553
553
552
551
551
548
548
547
544
544
543
542
541
541
541
540
540
539
539
539
539
539
539
538
538
536
534
533
532
532
529
529
527
526
522
522
522
522
520
519
518
518
517
517
517
517
516
516
512
510
509
508
507
507
507
505
505
504
503
503
502
502
501
500
500
499
499
499
497
492
491
490
490
489
488
486
486
484
484
482
482
481
479
479
479
479
478
477
476
474
474
474
474
472
472
472
472
472
468
468
467
466
466
465
464
463
463
463
462
461
460
460
460
459
459
458
456
456
454
454
452
450
450
449
449
448
447
446
444
444
443
441
440
440
439
439
437
437
436
436
435
434
432
431
431
429
428
425
425
424
424
422
422
420
419
418
418
418
417
416
413
413
411
411
410
409
408
404
403
403
399
399
398
398
397
396
396
396
394
393
390
390
390
389
389
389
387
386
386
386
385
384
384
384
384
380
380
380
378
377
376
376
374
374
374
374
373
372
372
372
369
368
368
367
367
366
365
365
365
364
364
362
362
361
358
358
358
358
358
355
355
354
353
352
352
350
349
348
346
344
344
344
343
343
337
336
335
334
334
331
331
329
328
328
327
326
326
324
323
320
317
316
315
313
313
310
309
308
308
304
303
303
302
302
302
301
300
300
298
298
298
297
297
293
292
292
292
291
287
286
286
286
284
283
282
281
281
279
277
276
275
274
273
273
272
272
270
269
268
268
268
268
266
265
265
264
264
264
263
263
259
259
259
259
256
256
256
251
249
249
248
247
246
245
243
242
242
242
241
241
240
239
239
238
238
237
236
235
234
233
233
232
232
231
230
228
228
227
227
224
224
221
221
221
219
218
218
217
216
214
213
213
212
212
210
209
208
203
203
199
199
198
196
195
193
192
192
191
190
189
189
187
187
186
186
186
185
182
182
181
181
181
181
181
179
178
173
173
172
172
170
170
168
166
166
165
164
163
163
162
161
160
160
159
159
158
157
157
156
156
155
154
154
152
149
149
149
148
148
147
146
146
146
145
143
143
143
141
141
137
137
135
134
134
134
133
132
132
132
132
132
131
129
128
127
127
126
125
125
124
122
121
121
118
117
116
115
115
115
113
111
110
109
108
108
108
107
106
106
105
104
103
103
102
101
99
99
98
96
95
94
94
92
91
91
90
90
90
88
87
86
85
84
83
82
81
81
80
80
80
79
79
77
75
75
74
71
70
69
69
68
68
67
65
65
65
62
62
62
60
57
57
56
56
56
56
55
54
54
53
51
51
51
51
50
49
49
48
47
47
45
42
40
40
39
37
36
35
35
33
33
30
29
28
26
25
25
20
20
19
18
17
16
15
15
15
13
13
12
12
11
9
7
7
7
7
6
6
6
5
5
4
3
1
0
