9998
9997
9994
9993
9989
9988
9987
9987
9985
9985
9983
9981
9980
9980
9980
9978
9977
9976
9975
9973
9973
9972
9972
9970
9970
9969
9969
9968
9968
9966
9966
9965
9964
9964
9964
9961
9961
9960
9960
9957
9957
9957
9954
9953
9953
9952
9950
9950
9950
9949
9948
9948
9948
9947
9944
9944
9943
9943
9940
9940
9940
9939
9939
9938
9938
9938
9938
9936
9934
9934
9932
9930
9928
9927
9925
9925
9924
9924
9923
9923
9923
9923
9921
9921
9919
9919
9917
9916
9915
9915
9914
9912
9912
9912
9911
9910
9909
9909
9908
9908
9907
9905
9905
9903
9902
9902
9901
9901
9899
9899
9899
9898
9895
9894
9894
9894
9893
9890
9888
9887
9885
9885
9884
9884
9883
9882
9882
9880
9880
9879
9879
9878
9877
9875
9874
9873
9873
9873
9871
9870
9869
9869
9868
9867
9865
9863
9863
9862
9860
9859
9856
9856
9856
9855
9855
9854
9850
9850
9849
9849
9848
9847
9847
9846
9845
9845
9841
9839
9839
9838
9838
9837
9836
9834
9833
9833
9831
9831
9827
9826
9826
9826
9826
9825
9825
9822
9822
9819
9819
9817
9816
9815
9815
9814
9814
9813
9811
9811
9809
9808
9807
9807
9807
9804
9804
9801
9801
9800
9799
9797
9794
9794
9793
9792
9791
9791
9791
9791
9790
9790
9789
9788
9786
9786
9785
9781
9781
9781
9780
9778
9774
9774
9773
9772
9771
9771
9769
9765
9764
9764
9763
9762
9762
9762
9761
9758
9754
9753
9751
9751
9750
9748
9748
9748
9748
9748
9747
9744
9744
9743
9743
9742
9741
9740
9740
9739
9738
9738
9738
9737
9736
9735
9733
9732
9732
9731
9730
9729
9726
9726
9725
9722
9718
9717
9716
9716
9715
9715
9713
9711
9710
9710
9710
9708
9708
9708
9706
9705
9705
9705
9704
9704
9698
9698
9698
9697
9692
9692
9691
9688
9687
9685
9685
9685
9685
9684
9683
9682
9682
9681
9681
9680
9680
9680
9680
9679
9679
9679
9678
9678
9677
9677
9677
9676
9674
9672
9671
9669
9668
9667
9666
9666
9665
9663
9661
9661
9659
9657
9654
9654
9652
9651
9651
9650
9649
9649
9649
9648
9644
9642
9642
9641
9641
9641
9638
9638
9637
9637
9637
9636
9635
9635
9633
9632
9632
9632
9626
9626
9624
9621
9621
9621
9621
9618
9618
9616
9615
9615
9613
9609
9609
9609
9609
9606
9606
9605
9605
9605
9604
9602
9601
9601
9601
9601
9600
9600
9598
9598
9597
9597
9596
9595
9594
9592
9590
9589
9587
9587
9586
9586
9585
9585
9585
9583
9583
9582
9582
9581
9580
9580
9574
9573
9569
9568
9567
9566
9565
9565
9564
9564
9562
9561
9560
9555
9553
9550
9549
9548
9546
9544
9544
9541
9538
9538
9537
9533
9533
9531
9531
9531
9531
9529
9529
9529
9528
9527
9527
9527
9524
9523
9523
9523
9522
9522
9521
9520
9515
9514
9514
9513
9512
9510
9510
9507
9506
9505
9504
9504
9504
9504
9504
9504
9502
9501
9500
9500
9499
9498
9495
9494
9494
9494
9492
9491
9490
9489
9487
9487
9486
9486
9485
9485
9485
9484
9483
9482
9480
9479
9477
9474
9474
9474
9473
9473
9471
9471
9471
9468
9468
9467
9464
9464
9464
9460
9458
9456
9455
9455
9454
9450
9449
9449
9449
9446
9444
9443
9442
9442
9440
9439
9438
9438
9436
9434
9434
9433
9430
9430
9428
9428
9426
9420
9420
9419
9419
9416
9416
9416
9415
9415
9414
9414
9414
9414
9410
9410
9410
9407
9404
9403
9403
9403
9403
9402
9401
9398
9398
9397
9396
9395
9395
9395
9395
9394
9394
9391
9391
9390
9388
9388
9385
9383
9381
9381
9377
9376
9375
9374
9373
9370
9368
9368
9367
9367
9366
9364
9363
9362
9360
9360
9359
9359
9359
9359
9353
9353
9353
9352
9352
9350
9349
9349
9349
9348
9347
9347
9347
9345
9345
9344
9344
9344
9344
9338
9338
9338
9337
9337
9333
9333
9333
9332
9332
9332
9332
9332
9332
9330
9328
9327
9325
9323
9322
9321
9319
9319
9319
9319
9317
9309
9309
9309
9308
9307
9306
9305
9305
9304
9304
9303
9299
9298
9297
9297
9296
9295
9295
9294
9293
9290
9290
9290
9288
9286
9286
9284
9284
9284
9283
9282
9282
9281
9280
9279
9279
9279
9278
9277
9276
9276
9276
9275
9275
9271
9271
9269
9269
9268
9267
9266
9266
9265
9263
9261
9258
9256
9254
9253
9252
9251
9251
9249
9249
9249
9249
9247
9247
9246
9246
9245
9242
9239
9238
9236
9235
9234
9234
9231
9230
9230
9229
9228
9227
9227
9226
9226
9226
9225
9225
9223
9223
9223
9222
9219
9219
9218
9217
9215
9213
9213
9213
9212
9211
9208
9208
9206
9206
9203
9201
9200
9200
9198
9196
9193
9193
9192
9192
9192
9189
9188
9188
9188
9188
9187
9186
9185
9184
9182
9182
9181
9180
9179
9173
9172
9171
9170
9169
9167
9167
9164
9163
9163
9162
9162
9161
9160
9158
9158
9157
9157
9157
9157
9157
9155
9154
9153
9152
9152
9152
9152
9151
9149
9149
9148
9144
9142
9142
9142
9141
9141
9140
9138
9136
9135
9135
9132
9131
9130
9129
9129
9126
9125
9125
9125
9124
9122
9122
9121
9120
9119
9119
9119
9119
9118
9118
9118
9114
9114
9112
9111
9108
9107
9105
9105
9104
9104
9104
9104
9102
9101
9100
9099
9099
9098
9098
9097
9095
9093
9093
9093
9093
9091
9091
9091
9090
9089
9088
9087
9086
9085
9085
9083
9083
9082
9082
9082
9082
9082
9080
9080
9077
9076
9075
9075
9073
9073
9072
9069
9068
9066
9066
9064
9063
9062
9062
9060
9059
9056
9056
9055
9055
9055
9055
9054
9054
9054
9053
9053
9050
9048
9046
9046
9046
9045
9043
9043
9041
9040
9039
9035
9034
9034
9033
9033
9031
9031
9030
9030
9029
9029
9027
9027
9026
9025
9023
9023
9021
9021
9015
9014
9013
9012
9012
9011
9009
9009
9009
9007
9006
9004
9004
9003
8999
8999
8997
8994
8993
8993
8992
8992
8991
8990
8989
8989
8988
8988
8988
8988
8988
8987
8987
8986
8984
8983
8983
8983
8983
8982
8982
8980
8979
8979
8979
8979
8978
8978
8976
8976
8976
8974
8973
8972
8971
8971
8970
8967
8967
8966
8965
8964
8962
8960
8960
8959
8958
8958
8958
8957
8957
8954
8954
8952
8951
8950
8950
8949
8947
8946
8945
8944
8941
8941
8940
8940
8939
8938
8937
8937
8936
8934
8934
8933
8931
8931
8930
8926
8926
8923
8923
8923
8922
8922
8921
8918
8918
8918
8917
8917
8916
8909
8907
8907
8907
8907
8906
8905
8904
8903
8903
8902
8901
8901
8901
8901
8900
8899
8895
8894
8893
8893
8892
8892
8892
8890
8887
8884
8884
8883
8881
8881
8879
8878
8877
8876
8875
8875
8875
8874
8873
8873
8873
8872
8871
8870
8869
8868
8866
8865
8864
8864
8863
8863
8862
8861
8861
8860
8857
8856
8855
8854
8853
8852
8851
8849
8847
8847
8846
8846
8845
8845
8845
8844
8842
8841
8840
8839
8838
8838
8838
8837
8836
8832
8832
8832
8832
8831
8829
8828
8828
8828
8823
8822
8822
8819
8819
8818
8818
8818
8817
8817
8815
8813
8813
8813
8812
8811
8808
8808
8808
8807
8807
8807
8805
8804
8803
8803
8801
8800
8799
8798
8797
8797
8797
8793
8793
8791
8790
8790
8789
8788
8788
8788
8788
8787
8787
8787
8784
8784
8782
8782
8782
8782
8779
8778
8778
8777
8776
8775
8774
8771
8770
8769
8768
8767
8764
8761
8758
8755
8755
8751
8751
8748
8747
8747
8747
8744
8743
8743
8742
8741
8740
8739
8738
8738
8737
8736
8736
8734
8734
8731
8731
8731
8731
8730
8729
8729
8728
8728
8727
8727
8726
8726
8726
8724
8723
8722
8720
8718
8718
8717
8717
8713
8711
8710
8708
8708
8707
8707
8706
8705
8705
8702
8701
8701
8700
8700
8697
8695
8692
8691
8690
8690
8688
8688
8688
8687
8687
8687
8686
8686
8686
8684
8682
8681
8680
8680
8680
8680
8674
8673
8673
8671
8671
8669
8667
8667
8666
8666
8664
8662
8662
8661
8659
8657
8657
8656
8656
8655
8655
8655
8653
8652
8652
8651
8650
8649
8647
8647
8647
8645
8645
8645
8644
8644
8644
8643
8641
8639
8639
8638
8638
8637
8636
8636
8634
8633
8633
8632
8632
8632
8632
8631
8631
8630
8630
8628
8627
8626
8623
8623
8621
8621
8620
8619
8618
8614
8614
8614
8614
8614
8612
8608
8605
8602
8601
8600
8600
8599
8599
8598
8596
8595
8595
8593
8593
8593
8593
8592
8591
8591
8588
8588
8585
8585
8585
8585
8584
8584
8584
8583
8582
8582
8582
8581
8580
8576
8575
8574
8573
8573
8571
8571
8568
8567
8565
8565
8562
8562
8562
8559
8559
8557
8556
8555
8554
8553
8552
8552
8547
8545
8545
8540
8536
8536
8535
8534
8533
8532
8531
8530
8530
8528
8526
8525
8525
8524
8523
8522
8522
8522
8520
8517
8517
8516
8515
8511
8510
8509
8507
8507
8504
8502
8502
8500
8498
8498
8498
8498
8497
8492
8492
8490
8490
8489
8488
8485
8484
8484
8484
8483
8481
8479
8478
8474
8472
8470
8469
8468
8467
8467
8467
8466
8465
8464
8463
8462
8462
8462
8462
8462
8461
8458
8454
8454
8452
8451
8451
8451
8450
8450
8449
8448
8447
8447
8446
8445
8444
8442
8442
8441
8441
8440
8439
8438
8436
8435
8433
8432
8432
8428
8428
8427
8426
8426
8425
8425
8425
8425
8424
8424
8424
8423
8423
8423
8423
8422
8422
8418
8417
8417
8414
8411
8410
8410
8409
8408
8407
8407
8407
8406
8406
8405
8405
8404
8400
8400
8399
8396
8396
8395
8394
8392
8389
8388
8386
8385
8385
8384
8384
8384
8383
8383
8383
8382
8379
8378
8377
8374
8372
8372
8371
8370
8366
8366
8366
8366
8364
8364
8364
8363
8361
8356
8356
8355
8354
8354
8354
8353
8352
8352
8351
8350
8349
8348
8344
8344
8344
8343
8343
8342
8341
8340
8340
8340
8339
8338
8337
8335
8333
8333
8330
8329
8329
8328
8326
8326
8325
8325
8324
8324
8322
8321
8321
8319
8317
8317
8316
8316
8313
8313
8313
8312
8311
8311
8311
8311
8311
8309
8309
8306
8300
8300
8300
8300
8298
8298
8295
8294
8293
8292
8290
8287
8284
8283
8283
8282
8281
8281
8281
8280
8278
8276
8275
8275
8272
8272
8266
8264
8263
8261
8261
8261
8260
8259
8257
8256
8256
8254
8252
8251
8251
8251
8249
8249
8246
8244
8244
8241
8241
8241
8240
8238
8237
8237
8236
8235
8235
8234
8234
8234
8233
8232
8232
8230
8226
8226
8224
8222
8221
8221
8220
8219
8216
8215
8215
8213
8213
8213
8211
8211
8207
8206
8206
8206
8205
8204
8203
8203
8203
8198
8198
8195
8194
8193
8193
8193
8191
8187
8185
8181
8178
8176
8173
8172
8171
8170
8166
8165
8165
8163
8163
8162
8161
8159
8157
8156
8155
8155
8155
8155
8154
8154
8154
8153
8152
8152
8151
8151
8150
8149
8149
8147
8147
8145
8145
8145
8144
8143
8140
8139
8139
8138
8138
8138
8138
8137
8136
8136
8134
8134
8133
8131
8131
8130
8127
8125
8125
8125
8121
8119
8118
8117
8117
8108
8104
8104
8104
8102
8101
8100
8099
8098
8097
8096
8092
8090
8088
8086
8084
8083
8083
8082
8082
8082
8081
8080
8077
8076
8073
8072
8072
8071
8071
8070
8069
8069
8064
8064
8064
8063
8061
8060
8060
8059
8056
8055
8054
8054
8053
8053
8052
8052
8052
8050
8049
8048
8047
8046
8045
8043
8042
8042
8041
8041
8041
8040
8039
8038
8038
8038
8036
8033
8032
8031
8030
8029
8029
8028
8028
8027
8025
8025
8025
8024
8024
8024
8023
8023
8022
8020
8020
8019
8018
8018
8015
8015
8014
8013
8011
8010
8008
8007
8007
8005
8005
8005
8003
8001
7999
7999
7997
7994
7993
7993
7992
7985
7985
7984
7983
7983
7979
7978
7977
7976
7975
7974
7970
7970
7969
7969
7967
7965
7965
7964
7964
7964
7963
7963
7963
7961
7961
7960
7958
7956
7955
7954
7952
7951
7950
7948
7948
7948
7945
7944
7944
7943
7942
7938
7938
7938
7938
7937
7936
7936
7936
7935
7935
7933
7933
7933
7933
7933
7931
7930
7929
7928
7928
7927
7925
7925
7925
7923
7923
7922
7920
7919
7919
7919
7919
7919
7917
7917
7916
7916
7916
7916
7914
7913
7911
7911
7911
7909
7908
7907
7906
7905
7905
7903
7902
7902
7901
7901
7899
7897
7896
7895
7895
7894
7893
7893
7892
7891
7890
7890
7889
7889
7888
7888
7887
7887
7886
7885
7880
7878
7877
7875
7874
7873
7873
7872
7872
7871
7870
7867
7867
7866
7866
7866
7865
7863
7861
7860
7857
7854
7854
7852
7852
7852
7851
7851
7851
7850
7850
7850
7848
7847
7843
7842
7842
7839
7839
7838
7837
7836
7836
7835
7835
7834
7833
7832
7829
7829
7829
7827
7827
7826
7824
7823
7822
7822
7822
7821
7821
7819
7818
7814
7813
7811
7811
7810
7807
7807
7806
7805
7804
7803
7803
7802
7802
7801
7801
7800
7800
7799
7797
7797
7795
7795
7794
7793
7792
7790
7790
7789
7788
7788
7787
7787
7785
7784
7784
7784
7783
7782
7780
7779
7778
7778
7776
7775
7774
7773
7768
7767
7767
7766
7764
7763
7762
7762
7761
7761
7761
7760
7760
7760
7759
7759
7759
7757
7756
7756
7753
7752
7750
7750
7748
7745
7744
7742
7742
7742
7741
7738
7738
7736
7735
7735
7734
7734
7733
7731
7729
7728
7727
7727
7726
7726
7726
7725
7724
7722
7722
7718
7717
7717
7716
7714
7713
7713
7712
7711
7711
7710
7706
7704
7703
7703
7699
7697
7696
7695
7695
7695
7694
7692
7691
7688
7687
7686
7685
7683
7678
7676
7676
7674
7674
7673
7673
7672
7671
7671
7671
7671
7670
7670
7670
7670
7668
7666
7665
7665
7665
7664
7661
7661
7661
7659
7659
7657
7657
7657
7654
7654
7653
7653
7651
7651
7651
7648
7646
7644
7644
7643
7642
7641
7638
7638
7637
7636
7633
7632
7632
7631
7631
7630
7622
7621
7621
7620
7619
7618
7616
7615
7615
7614
7613
7611
7611
7609
7608
7602
7601
7601
7600
7600
7599
7599
7599
7598
7598
7595
7595
7594
7592
7592
7590
7589
7589
7587
7586
7586
7586
7586
7585
7585
7582
7581
7580
7580
7580
7580
7579
7578
7578
7578
7578
7577
7576
7575
7574
7570
7570
7569
7567
7565
7562
7561
7560
7559
7559
7559
7558
7558
7556
7555
7555
7553
7552
7552
7550
7550
7550
7549
7546
7545
7545
7544
7543
7543
7542
7540
7539
7537
7537
7535
7535
7535
7534
7533
7532
7531
7531
7530
7529
7529
7526
7525
7524
7522
7522
7521
7521
7520
7520
7520
7520
7518
7518
7518
7515
7514
7514
7513
7512
7511
7510
7508
7508
7508
7504
7504
7502
7501
7500
7500
7498
7498
7497
7496
7496
7496
7493
7492
7491
7490
7489
7489
7489
7487
7487
7486
7481
7480
7476
7476
7474
7474
7472
7472
7471
7471
7470
7470
7470
7470
7468
7468
7467
7467
7466
7466
7464
7460
7459
7458
7458
7455
7454
7452
7450
7450
7448
7448
7447
7447
7447
7445
7445
7443
7441
7441
7440
7439
7437
7433
7431
7430
7429
7428
7428
7428
7428
7428
7427
7427
7426
7426
7425
7424
7423
7421
7420
7418
7417
7416
7415
7413
7412
7412
7411
7407
7406
7406
7406
7404
7399
7398
7397
7397
7397
7396
7395
7393
7391
7391
7390
7388
7386
7384
7383
7382
7380
7379
7379
7379
7378
7377
7374
7373
7372
7372
7372
7370
7370
7368
7367
7366
7366
7365
7364
7363
7362
7362
7361
7361
7360
7359
7359
7359
7359
7358
7350
7350
7349
7348
7345
7345
7344
7343
7342
7341
7339
7339
7338
7337
7337
7336
7333
7333
7332
7332
7329
7329
7329
7329
7328
7328
7326
7326
7324
7322
7321
7321
7320
7320
7319
7318
7317
7316
7314
7314
7314
7312
7312
7308
7308
7307
7307
7307
7306
7305
7305
7305
7305
7303
7302
7302
7301
7299
7298
7298
7296
7293
7293
7290
7290
7288
7287
7286
7285
7283
7282
7282
7281
7281
7280
7278
7277
7275
7274
7273
7273
7273
7272
7271
7271
7268
7266
7266
7262
7262
7262
7262
7261
7258
7252
7251
7249
7249
7248
7246
7245
7243
7242
7241
7240
7236
7236
7235
7235
7235
7233
7229
7228
7227
7225
7225
7225
7224
7224
7224
7223
7223
7223
7221
7220
7219
7218
7218
7217
7217
7215
7214
7213
7212
7211
7211
7210
7209
7208
7206
7205
7204
7202
7202
7201
7201
7200
7200
7199
7199
7198
7197
7196
7194
7194
7194
7194
7192
7191
7191
7189
7187
7186
7185
7185
7184
7184
7183
7182
7174
7171
7170
7170
7170
7168
7168
7168
7167
7166
7166
7166
7165
7164
7163
7161
7161
7159
7157
7155
7155
7154
7153
7152
7151
7150
7150
7149
7148
7148
7148
7146
7146
7143
7142
7141
7139
7139
7135
7134
7133
7132
7127
7127
7126
7124
7122
7120
7120
7119
7117
7115
7115
7115
7113
7112
7112
7111
7110
7108
7108
7107
7106
7106
7105
7104
7104
7104
7104
7103
7102
7102
7102
7102
7100
7099
7099
7096
7093
7093
7093
7092
7092
7091
7091
7090
7090
7087
7087
7086
7085
7084
7082
7082
7081
7077
7077
7077
7074
7072
7072
7071
7071
7069
7067
7067
7064
7062
7062
7060
7060
7059
7058
7057
7056
7054
7051
7050
7050
7047
7045
7045
7044
7042
7041
7039
7037
7036
7035
7034
7031
7031
7029
7029
7027
7027
7026
7026
7026
7025
7020
7019
7018
7016
7016
7013
7013
7013
7012
7010
7009
7008
7007
7007
7006
7006
7005
7003
7003
7003
7001
6997
6997
6996
6995
6995
6994
6993
6993
6992
6990
6990
6988
6988
6987
6985
6983
6982
6981
6981
6980
6980
6980
6977
6975
6972
6971
6970
6970
6970
6970
6969
6968
6968
6967
6965
6964
6964
6963
6961
6961
6960
6957
6957
6956
6956
6955
6954
6953
6953
6952
6950
6949
6948
6945
6943
6941
6940
6940
6940
6939
6938
6938
6938
6937
6937
6937
6936
6936
6936
6935
6934
6934
6933
6932
6931
6929
6927
6925
6925
6924
6923
6923
6923
6917
6916
6912
6910
6910
6909
6909
6909
6909
6907
6905
6905
6903
6902
6900
6900
6900
6899
6898
6897
6896
6896
6895
6895
6895
6894
6892
6891
6890
6889
6889
6889
6889
6888
6888
6888
6887
6886
6886
6885
6885
6882
6879
6877
6875
6873
6873
6873
6872
6871
6869
6869
6869
6868
6867
6867
6866
6866
6863
6862
6861
6861
6859
6858
6857
6856
6856
6856
6853
6853
6852
6852
6852
6847
6847
6845
6845
6845
6843
6843
6841
6840
6840
6840
6837
6836
6835
6835
6835
6834
6830
6829
6829
6828
6827
6825
6824
6824
6820
6820
6819
6818
6818
6814
6810
6809
6808
6807
6807
6806
6805
6805
6803
6801
6801
6800
6799
6798
6795
6795
6794
6793
6793
6792
6792
6790
6789
6788
6787
6786
6785
6783
6781
6781
6780
6778
6778
6777
6775
6774
6773
6773
6772
6771
6771
6769
6768
6767
6766
6765
6765
6765
6764
6764
6762
6761
6758
6758
6755
6755
6754
6754
6753
6752
6751
6750
6750
6750
6746
6745
6745
6745
6744
6744
6743
6740
6739
6737
6736
6736
6735
6734
6733
6732
6731
6730
6729
6729
6728
6727
6727
6725
6724
6724
6723
6723
6723
6722
6722
6722
6722
6722
6720
6720
6719
6718
6717
6717
6713
6712
6711
6709
6709
6707
6707
6707
6705
6705
6705
6704
6704
6704
6703
6702
6702
6700
6698
6696
6694
6693
6693
6693
6692
6692
6692
6691
6690
6690
6689
6688
6688
6687
6686
6685
6684
6683
6682
6681
6679
6679
6675
6674
6673
6673
6670
6670
6668
6667
6667
6664
6663
6661
6657
6654
6653
6652
6651
6650
6649
6647
6645
6641
6640
6639
6638
6637
6637
6637
6636
6636
6635
6635
6633
6633
6633
6631
6631
6627
6627
6627
6626
6625
6623
6622
6620
6620
6619
6619
6618
6616
6615
6613
6611
6609
6607
6607
6607
6606
6605
6605
6605
6601
6598
6597
6594
6593
6593
6591
6590
6589
6589
6589
6588
6588
6584
6584
6583
6582
6582
6582
6582
6581
6581
6580
6579
6576
6576
6574
6573
6572
6570
6569
6568
6568
6567
6567
6567
6566
6566
6564
6563
6563
6562
6561
6561
6559
6558
6558
6556
6556
6554
6552
6552
6550
6549
6548
6548
6545
6544
6543
6543
6541
6541
6541
6540
6537
6537
6537
6535
6534
6533
6533
6532
6531
6530
6530
6529
6528
6528
6528
6525
6525
6524
6523
6523
6522
6522
6521
6519
6519
6518
6517
6517
6516
6514
6513
6513
6513
6512
6511
6509
6508
6507
6507
6505
6504
6504
6503
6499
6499
6498
6497
6497
6496
6495
6494
6493
6492
6490
6490
6489
6487
6487
6485
6485
6484
6484
6482
6478
6477
6476
6475
6474
6473
6472
6472
6471
6471
6469
6469
6469
6469
6468
6467
6466
6465
6464
6463
6463
6460
6460
6459
6458
6457
6456
6456
6455
6455
6454
6454
6454
6453
6452
6451
6451
6450
6446
6446
6445
6444
6440
6440
6438
6438
6438
6438
6438
6436
6436
6436
6434
6431
6431
6430
6430
6429
6428
6428
6427
6427
6427
6425
6424
6423
6423
6423
6422
6422
6421
6420
6420
6419
6419
6418
6417
6416
6416
6416
6415
6414
6414
6414
6413
6411
6410
6409
6409
6408
6407
6407
6405
6405
6405
6404
6404
6403
6403
6403
6403
6402
6402
6401
6400
6400
6397
6397
6396
6396
6396
6395
6395
6395
6394
6394
6393
6391
6389
6388
6388
6388
6387
6386
6386
6386
6385
6383
6381
6380
6379
6379
6377
6376
6376
6374
6373
6372
6372
6372
6371
6370
6369
6369
6369
6368
6368
6365
6363
6361
6361
6360
6359
6359
6358
6358
6358
6355
6355
6355
6354
6352
6352
6351
6350
6348
6348
6348
6347
6347
6346
6345
6345
6344
6344
6342
6341
6340
6340
6339
6339
6338
6337
6336
6335
6335
6334
6334
6333
6332
6332
6330
6330
6329
6329
6329
6326
6325
6325
6323
6323
6323
6323
6323
6322
6321
6320
6319
6319
6317
6314
6314
6314
6310
6309
6303
6302
6301
6301
6300
6299
6299
6299
6299
6298
6298
6297
6297
6296
6294
6294
6293
6293
6291
6291
6289
6288
6288
6288
6288
6288
6287
6283
6282
6281
6281
6280
6279
6278
6276
6274
6273
6272
6270
6269
6268
6267
6265
6265
6264
6262
6262
6262
6260
6258
6258
6257
6257
6254
6254
6253
6253
6253
6253
6252
6252
6252
6251
6251
6251
6250
6250
6250
6248
6248
6246
6246
6246
6246
6245
6244
6244
6240
6240
6240
6237
6234
6234
6232
6231
6231
6230
6230
6228
6228
6227
6227
6226
6225
6225
6225
6225
6223
6222
6218
6217
6214
6214
6212
6211
6210
6207
6207
6207
6207
6206
6204
6203
6203
6203
6202
6201
6200
6200
6200
6196
6194
6194
6193
6192
6192
6189
6188
6188
6187
6187
6186
6185
6185
6184
6184
6184
6182
6182
6181
6180
6180
6179
6176
6176
6175
6175
6174
6174
6169
6167
6167
6165
6165
6164
6164
6163
6163
6162
6160
6160
6159
6158
6157
6157
6156
6156
6155
6154
6154
6154
6154
6152
6151
6151
6150
6149
6148
6148
6148
6148
6147
6147
6146
6144
6144
6142
6141
6140
6139
6138
6137
6135
6134
6134
6134
6132
6132
6132
6130
6130
6129
6126
6125
6124
6124
6124
6123
6121
6121
6118
6117
6117
6116
6112
6111
6111
6106
6106
6106
6104
6102
6101
6101
6098
6096
6095
6094
6094
6092
6092
6092
6090
6090
6089
6086
6083
6079
6077
6076
6076
6075
6075
6074
6073
6072
6072
6071
6070
6069
6067
6067
6067
6067
6061
6059
6055
6054
6053
6053
6052
6050
6049
6048
6048
6046
6046
6045
6043
6042
6042
6042
6037
6035
6035
6034
6033
6033
6032
6031
6029
6029
6029
6028
6027
6026
6026
6026
6026
6025
6024
6024
6022
6018
6018
6014
6013
6012
6010
6010
6009
6007
6007
6004
6002
6002
6001
6000
5998
5997
5997
5996
5996
5995
5995
5994
5992
5992
5992
5992
5991
5991
5990
5990
5989
5988
5987
5987
5986
5985
5985
5984
5982
5982
5981
5981
5981
5978
5977
5974
5972
5972
5970
5969
5968
5967
5967
5966
5965
5965
5964
5961
5960
5960
5960
5957
5956
5956
5955
5955
5955
5955
5954
5953
5953
5951
5951
5950
5949
5949
5948
5948
5948
5945
5943
5942
5942
5941
5941
5940
5939
5937
5936
5936
5935
5933
5933
5932
5932
5931
5929
5928
5926
5926
5924
5924
5922
5922
5920
5918
5917
5917
5917
5916
5916
5915
5915
5914
5912
5910
5909
5909
5909
5907
5906
5906
5906
5906
5905
5905
5905
5905
5901
5898
5898
5896
5895
5893
5891
5889
5889
5888
5888
5887
5885
5885
5883
5883
5883
5883
5881
5880
5877
5876
5874
5874
5873
5873
5873
5872
5872
5871
5870
5870
5869
5868
5868
5868
5867
5866
5866
5864
5864
5864
5862
5860
5860
5859
5859
5859
5857
5854
5853
5853
5851
5849
5847
5846
5846
5845
5843
5840
5840
5839
5839
5839
5837
5836
5835
5834
5831
5829
5829
5828
5827
5824
5823
5823
5822
5821
5818
5817
5817
5817
5816
5816
5816
5814
5814
5812
5812
5811
5811
5809
5809
5809
5808
5805
5805
5804
5802
5801
5801
5799
5798
5798
5797
5794
5792
5791
5789
5789
5787
5786
5786
5784
5784
5784
5783
5782
5782
5781
5780
5779
5779
5778
5778
5777
5775
5774
5771
5771
5771
5768
5766
5762
5760
5758
5757
5756
5755
5754
5751
5751
5751
5749
5748
5748
5747
5747
5746
5746
5745
5745
5744
5743
5743
5742
5741
5741
5738
5738
5737
5736
5734
5734
5734
5732
5730
5730
5728
5726
5725
5724
5722
5721
5720
5720
5719
5715
5714
5713
5710
5709
5708
5706
5706
5704
5703
5701
5700
5700
5698
5698
5697
5695
5695
5694
5694
5692
5692
5691
5691
5691
5687
5685
5681
5681
5681
5681
5680
5678
5677
5676
5675
5674
5674
5673
5672
5672
5671
5665
5664
5662
5659
5658
5658
5656
5655
5653
5652
5646
5646
5645
5644
5644
5640
5640
5637
5637
5634
5632
5627
5627
5626
5625
5623
5622
5619
5618
5617
5617
5614
5614
5614
5613
5613
5613
5612
5612
5609
5604
5603
5602
5601
5601
5601
5600
5597
5597
5597
5596
5595
5595
5593
5590
5586
5585
5585
5584
5583
5583
5581
5580
5579
5578
5577
5576
5575
5574
5572
5571
5571
5569
5568
5566
5566
5565
5561
5557
5557
5556
5556
5554
5554
5553
5552
5550
5550
5548
5547
5546
5544
5543
5542
5539
5537
5537
5537
5535
5532
5530
5530
5529
5527
5522
5522
5520
5520
5519
5516
5515
5514
5514
5514
5514
5514
5513
5509
5508
5505
5504
5504
5503
5502
5498
5498
5496
5496
5494
5492
5491
5489
5488
5487
5485
5484
5483
5482
5482
5480
5479
5479
5479
5478
5478
5476
5474
5474
5473
5469
5469
5468
5467
5463
5462
5462
5460
5460
5460
5459
5458
5458
5457
5456
5456
5454
5454
5454
5452
5449
5446
5446
5446
5445
5445
5443
5443
5443
5442
5441
5440
5439
5437
5435
5435
5433
5431
5430
5429
5429
5428
5428
5426
5426
5426
5425
5425
5423
5423
5422
5422
5421
5420
5420
5420
5419
5418
5417
5417
5416
5415
5414
5414
5413
5412
5409
5408
5408
5408
5408
5408
5408
5407
5406
5406
5406
5406
5404
5404
5402
5400
5398
5396
5396
5395
5395
5394
5394
5393
5388
5385
5385
5384
5383
5381
5381
5379
5378
5377
5377
5377
5376
5375
5374
5373
5371
5370
5369
5368
5365
5364
5363
5361
5358
5357
5355
5354
5353
5353
5352
5352
5351
5350
5347
5346
5345
5344
5342
5341
5341
5340
5340
5340
5337
5333
5332
5332
5332
5332
5330
5330
5329
5329
5325
5322
5322
5316
5314
5313
5311
5310
5309
5309
5308
5308
5306
5306
5306
5304
5303
5303
5301
5299
5298
5298
5298
5297
5297
5296
5295
5295
5294
5292
5291
5290
5288
5284
5283
5283
5282
5282
5282
5277
5276
5276
5275
5275
5275
5275
5275
5274
5273
5273
5272
5271
5271
5271
5269
5266
5266
5265
5265
5264
5264
5263
5262
5262
5262
5261
5260
5259
5255
5254
5254
5254
5252
5251
5248
5246
5245
5245
5245
5242
5242
5241
5239
5238
5236
5236
5235
5232
5232
5232
5231
5231
5231
5228
5228
5227
5227
5227
5225
5224
5224
5224
5224
5221
5220
5219
5218
5218
5217
5217
5217
5214
5214
5213
5211
5211
5211
5210
5208
5208
5206
5204
5203
5202
5202
5202
5201
5201
5200
5200
5200
5199
5199
5197
5197
5197
5196
5195
5195
5194
5193
5193
5192
5192
5192
5192
5192
5189
5187
5186
5186
5185
5185
5183
5182
5182
5182
5180
5179
5178
5177
5176
5175
5174
5172
5171
5170
5169
5168
5168
5167
5163
5162
5162
5161
5161
5160
5159
5158
5158
5157
5157
5155
5155
5154
5153
5153
5152
5151
5149
5148
5147
5146
5146
5146
5146
5145
5144
5143
5143
5142
5140
5139
5139
5138
5138
5137
5136
5135
5135
5134
5133
5131
5131
5130
5129
5128
5128
5127
5126
5126
5126
5125
5125
5123
5121
5121
5118
5117
5116
5116
5115
5115
5115
5114
5114
5112
5112
5111
5111
5111
5110
5107
5107
5105
5102
5102
5100
5098
5097
5095
5095
5094
5094
5094
5093
5093
5091
5091
5089
5088
5088
5088
5087
5087
5087
5084
5083
5079
5078
5077
5076
5076
5076
5075
5075
5074
5073
5072
5072
5070
5068
5068
5068
5067
5066
5063
5063
5062
5062
5061
5061
5060
5059
5058
5058
5057
5055
5053
5053
5052
5052
5051
5050
5047
5045
5044
5042
5041
5040
5035
5033
5032
5031
5029
5028
5028
5027
5026
5026
5025
5023
5022
5020
5019
5019
5018
5017
5017
5016
5015
5015
5015
5014
5014
5013
5013
5012
5012
5011
5011
5011
5008
5008
5007
5005
5004
5004
5003
5001
5000
5000
4998
4998
4997
4997
4995
4995
4995
4993
4993
4992
4990
4990
4988
4987
4987
4982
4981
4978
4977
4976
4974
4974
4973
4973
4972
4971
4971
4970
4969
4969
4965
4964
4963
4963
4961
4961
4960
4959
4959
4959
4956
4956
4955
4955
4952
4952
4948
4948
4947
4944
4942
4941
4941
4940
4940
4939
4939
4938
4937
4937
4937
4935
4931
4930
4929
4928
4927
4927
4925
4923
4923
4920
4919
4919
4917
4916
4916
4916
4914
4914
4914
4913
4913
4912
4909
4905
4903
4903
4901
4900
4900
4899
4899
4899
4898
4898
4897
4894
4894
4894
4894
4892
4891
4890
4890
4889
4889
4886
4886
4885
4885
4885
4883
4882
4879
4879
4879
4878
4878
4878
4877
4874
4873
4871
4871
4870
4869
4868
4868
4867
4865
4865
4865
4863
4861
4860
4860
4860
4859
4858
4855
4855
4854
4853
4852
4852
4852
4851
4851
4850
4849
4846
4842
4841
4841
4840
4840
4840
4839
4838
4837
4837
4835
4835
4833
4831
4831
4829
4827
4827
4825
4823
4823
4822
4821
4821
4820
4819
4815
4815
4814
4814
4813
4811
4811
4811
4810
4810
4809
4809
4808
4807
4806
4806
4805
4803
4802
4802
4801
4800
4798
4796
4795
4792
4792
4788
4787
4786
4786
4786
4786
4784
4784
4784
4783
4780
4780
4779
4779
4779
4778
4775
4775
4774
4774
4774
4774
4773
4773
4772
4772
4770
4766
4766
4766
4762
4762
4761
4761
4758
4757
4756
4755
4755
4755
4755
4754
4754
4754
4752
4751
4750
4750
4750
4750
4749
4747
4745
4745
4745
4743
4741
4741
4740
4739
4739
4739
4737
4737
4737
4734
4733
4732
4732
4732
4731
4731
4726
4725
4725
4724
4721
4721
4718
4718
4716
4715
4714
4714
4713
4711
4711
4710
4708
4706
4704
4703
4703
4702
4702
4701
4700
4698
4697
4696
4695
4694
4694
4693
4692
4691
4690
4688
4687
4685
4685
4684
4682
4680
4679
4673
4671
4671
4670
4670
4670
4670
4668
4667
4666
4665
4665
4664
4664
4662
4662
4660
4659
4657
4657
4657
4657
4656
4654
4653
4653
4652
4651
4651
4651
4650
4650
4649
4649
4647
4646
4646
4646
4646
4644
4643
4642
4640
4640
4638
4638
4636
4635
4634
4632
4631
4631
4631
4630
4630
4629
4628
4627
4627
4627
4625
4624
4624
4623
4622
4622
4621
4619
4619
4618
4618
4618
4618
4617
4617
4615
4615
4610
4610
4609
4609
4608
4608
4607
4607
4605
4603
4603
4603
4602
4602
4601
4598
4597
4596
4596
4594
4592
4591
4591
4590
4590
4589
4588
4587
4586
4586
4584
4584
4584
4583
4582
4581
4580
4580
4580
4579
4578
4578
4575
4575
4574
4573
4569
4569
4569
4569
4568
4568
4567
4565
4564
4564
4564
4563
4562
4562
4561
4560
4560
4558
4557
4556
4555
4555
4553
4553
4552
4550
4549
4549
4549
4548
4546
4543
4543
4543
4543
4542
4541
4540
4540
4540
4538
4537
4536
4536
4536
4535
4535
4534
4533
4533
4532
4532
4532
4530
4530
4529
4528
4527
4527
4527
4526
4525
4523
4523
4521
4520
4520
4519
4519
4517
4516
4516
4515
4513
4513
4512
4511
4508
4507
4507
4507
4507
4506
4506
4505
4503
4502
4499
4498
4498
4496
4496
4496
4494
4491
4486
4486
4486
4483
4483
4481
4479
4479
4479
4477
4477
4476
4474
4474
4474
4473
4473
4473
4472
4472
4472
4469
4467
4465
4460
4459
4459
4458
4457
4457
4457
4456
4456
4456
4456
4455
4453
4449
4449
4449
4448
4448
4446
4445
4445
4445
4445
4444
4443
4439
4438
4438
4434
4433
4432
4432
4430
4429
4428
4427
4427
4427
4426
4425
4425
4424
4423
4423
4422
4422
4422
4421
4418
4416
4415
4413
4412
4411
4410
4408
4408
4408
4407
4407
4404
4403
4400
4399
4399
4398
4398
4395
4395
4394
4392
4392
4391
4391
4390
4389
4388
4385
4384
4381
4379
4376
4376
4375
4375
4374
4373
4369
4367
4366
4364
4361
4361
4360
4360
4359
4358
4358
4358
4358
4357
4357
4356
4356
4355
4355
4352
4351
4350
4350
4350
4349
4349
4347
4345
4345
4344
4344
4344
4343
4343
4342
4342
4340
4339
4336
4336
4335
4335
4334
4333
4331
4331
4331
4331
4329
4329
4326
4326
4326
4322
4321
4320
4320
4319
4318
4316
4316
4316
4311
4310
4310
4308
4306
4306
4306
4306
4306
4305
4304
4304
4304
4302
4298
4296
4296
4292
4292
4289
4288
4288
4287
4286
4286
4285
4284
4284
4284
4280
4280
4279
4279
4278
4276
4275
4274
4274
4274
4273
4269
4269
4268
4267
4266
4266
4265
4264
4264
4263
4262
4262
4262
4262
4262
4260
4260
4258
4256
4254
4254
4253
4253
4252
4251
4249
4247
4246
4246
4242
4242
4239
4239
4239
4239
4238
4237
4237
4237
4235
4235
4234
4233
4232
4232
4231
4229
4229
4228
4226
4225
4222
4221
4220
4219
4218
4217
4217
4217
4216
4216
4215
4214
4214
4211
4210
4209
4209
4208
4207
4205
4204
4203
4203
4201
4200
4198
4198
4197
4195
4195
4194
4193
4191
4191
4190
4190
4189
4187
4187
4181
4181
4180
4180
4179
4178
4177
4176
4175
4174
4174
4172
4171
4171
4170
4170
4168
4168
4167
4165
4164
4161
4161
4158
4158
4157
4147
4143
4143
4142
4142
4141
4139
4138
4138
4137
4136
4135
4134
4133
4133
4132
4131
4131
4131
4131
4130
4127
4127
4126
4125
4124
4124
4123
4122
4122
4119
4118
4118
4117
4113
4113
4113
4112
4107
4107
4106
4106
4105
4105
4105
4105
4103
4103
4103
4103
4103
4100
4100
4099
4098
4097
4097
4096
4095
4095
4092
4091
4091
4090
4090
4089
4089
4088
4088
4086
4085
4084
4081
4081
4079
4079
4078
4078
4077
4076
4076
4075
4073
4072
4072
4070
4070
4068
4068
4068
4067
4067
4066
4066
4065
4062
4061
4060
4060
4059
4059
4052
4051
4050
4049
4049
4049
4048
4046
4046
4043
4043
4041
4038
4037
4037
4037
4036
4034
4034
4033
4032
4032
4031
4031
4031
4027
4026
4024
4024
4023
4020
4020
4019
4019
4018
4018
4014
4013
4012
4012
4009
4005
4002
4002
4000
4000
3999
3998
3997
3996
3996
3995
3995
3993
3993
3993
3992
3991
3991
3990
3988
3987
3987
3987
3987
3986
3986
3985
3985
3984
3984
3983
3983
3982
3982
3981
3981
3980
3979
3978
3978
3978
3977
3976
3976
3976
3976
3975
3974
3973
3973
3973
3969
3969
3968
3968
3967
3966
3965
3965
3963
3962
3962
3962
3962
3961
3961
3957
3956
3956
3955
3954
3954
3953
3952
3951
3951
3950
3950
3948
3948
3945
3945
3944
3943
3941
3938
3937
3937
3936
3936
3934
3934
3933
3933
3930
3929
3927
3926
3926
3926
3924
3923
3922
3921
3921
3921
3920
3920
3919
3918
3918
3911
3910
3910
3909
3908
3908
3907
3907
3905
3905
3904
3902
3901
3901
3899
3899
3899
3898
3898
3897
3895
3895
3894
3892
3891
3889
3889
3886
3885
3885
3884
3884
3884
3882
3882
3881
3880
3879
3878
3878
3877
3876
3876
3875
3874
3873
3871
3869
3868
3866
3865
3865
3862
3862
3861
3860
3860
3860
3859
3858
3856
3855
3855
3854
3852
3851
3851
3850
3849
3849
3849
3848
3847
3845
3844
3843
3842
3841
3838
3838
3837
3837
3836
3835
3833
3832
3831
3830
3830
3830
3830
3829
3828
3828
3828
3827
3826
3826
3824
3824
3823
3822
3822
3820
3820
3820
3818
3818
3817
3816
3815
3814
3814
3814
3813
3812
3812
3811
3811
3811
3810
3809
3808
3807
3806
3806
3806
3804
3803
3803
3802
3802
3801
3800
3800
3800
3797
3797
3796
3795
3794
3793
3792
3792
3791
3791
3790
3790
3784
3783
3782
3782
3782
3781
3780
3780
3778
3777
3776
3776
3774
3774
3771
3770
3765
3763
3758
3757
3756
3756
3754
3751
3749
3749
3748
3748
3746
3745
3744
3742
3739
3739
3738
3738
3737
3737
3736
3736
3736
3734
3734
3733
3733
3731
3731
3731
3730
3729
3729
3728
3725
3724
3724
3723
3719
3719
3715
3714
3711
3709
3708
3706
3706
3704
3700
3697
3697
3696
3696
3695
3695
3695
3694
3694
3693
3690
3689
3689
3688
3688
3688
3687
3685
3685
3682
3680
3679
3679
3679
3678
3676
3674
3672
3672
3668
3667
3666
3665
3664
3663
3663
3660
3660
3658
3648
3646
3645
3645
3645
3644
3642
3641
3641
3638
3637
3636
3636
3636
3636
3635
3635
3634
3631
3629
3627
3627
3627
3625
3624
3620
3620
3617
3616
3615
3613
3613
3612
3610
3609
3608
3608
3607
3606
3605
3605
3604
3604
3603
3602
3602
3601
3599
3598
3597
3597
3590
3590
3590
3589
3589
3588
3587
3587
3586
3585
3584
3584
3582
3582
3581
3580
3578
3577
3575
3570
3570
3569
3569
3564
3562
3559
3558
3556
3554
3554
3554
3551
3549
3549
3549
3548
3546
3544
3544
3541
3540
3540
3540
3540
3539
3539
3538
3537
3536
3535
3534
3532
3531
3531
3530
3528
3526
3526
3524
3523
3523
3522
3521
3515
3514
3514
3513
3512
3509
3509
3508
3508
3508
3505
3502
3502
3501
3500
3499
3498
3498
3495
3494
3493
3493
3493
3490
3490
3488
3487
3487
3485
3483
3482
3482
3481
3481
3479
3479
3479
3479
3477
3475
3475
3475
3475
3470
3468
3468
3466
3465
3463
3463
3463
3462
3460
3459
3457
3457
3455
3455
3454
3454
3453
3452
3452
3452
3450
3449
3449
3449
3449
3448
3445
3445
3443
3443
3442
3438
3436
3435
3434
3434
3433
3432
3431
3431
3431
3430
3430
3428
3427
3427
3425
3424
3424
3423
3422
3422
3421
3421
3419
3419
3417
3417
3416
3416
3415
3415
3415
3414
3414
3412
3412
3410
3409
3409
3407
3406
3403
3403
3401
3400
3400
3399
3399
3398
3397
3396
3395
3395
3394
3394
3393
3393
3391
3390
3390
3389
3388
3388
3387
3386
3385
3384
3384
3384
3383
3382
3382
3380
3380
3379
3378
3378
3377
3376
3376
3375
3375
3375
3373
3373
3372
3372
3371
3369
3368
3367
3366
3364
3362
3361
3360
3359
3359
3358
3357
3356
3356
3356
3355
3354
3353
3352
3350
3349
3349
3348
3347
3346
3346
3344
3344
3342
3338
3336
3335
3334
3334
3334
3331
3331
3330
3330
3329
3327
3325
3325
3324
3324
3322
3322
3322
3321
3317
3316
3315
3315
3314
3314
3313
3312
3311
3311
3310
3309
3309
3308
3308
3308
3307
3307
3306
3304
3304
3301
3300
3297
3297
3296
3296
3295
3294
3294
3293
3293
3292
3292
3292
3292
3292
3287
3287
3287
3286
3286
3286
3285
3285
3284
3283
3281
3281
3281
3281
3278
3276
3276
3275
3275
3274
3272
3272
3271
3271
3270
3269
3269
3268
3268
3266
3266
3264
3261
3260
3260
3259
3258
3258
3258
3257
3256
3256
3256
3256
3255
3253
3252
3252
3251
3251
3250
3249
3248
3248
3247
3246
3245
3244
3243
3242
3242
3240
3239
3237
3237
3236
3235
3233
3233
3232
3230
3229
3229
3229
3228
3227
3225
3225
3224
3223
3223
3223
3222
3222
3220
3219
3219
3217
3216
3216
3216
3216
3214
3212
3210
3210
3209
3209
3208
3206
3206
3206
3205
3205
3204
3197
3197
3197
3196
3194
3193
3192
3192
3189
3187
3185
3185
3184
3183
3183
3181
3180
3180
3179
3179
3178
3178
3177
3177
3176
3173
3172
3172
3169
3169
3168
3168
3168
3167
3167
3163
3162
3161
3160
3160
3157
3156
3156
3156
3153
3151
3151
3149
3149
3149
3149
3147
3146
3143
3143
3142
3142
3141
3138
3136
3136
3135
3133
3132
3131
3131
3130
3130
3130
3130
3127
3127
3125
3124
3122
3122
3117
3116
3116
3114
3113
3113
3112
3112
3111
3111
3111
3110
3108
3107
3107
3106
3106
3106
3106
3105
3105
3104
3103
3103
3101
3100
3100
3100
3099
3097
3096
3096
3095
3094
3094
3093
3093
3092
3092
3091
3091
3090
3087
3085
3085
3084
3083
3083
3080
3079
3079
3079
3079
3078
3078
3078
3076
3075
3075
3075
3073
3073
3069
3067
3067
3066
3066
3065
3065
3064
3063
3060
3060
3059
3059
3058
3056
3056
3055
3054
3053
3051
3050
3050
3050
3049
3048
3048
3048
3047
3046
3046
3045
3045
3045
3044
3044
3044
3043
3042
3042
3040
3038
3038
3037
3037
3036
3035
3034
3033
3031
3030
3030
3030
3028
3027
3026
3025
3023
3022
3022
3022
3021
3021
3020
3018
3016
3016
3013
3012
3011
3008
3007
3005
3004
2999
2999
2998
2997
2997
2996
2996
2994
2993
2992
2990
2990
2989
2987
2987
2985
2984
2984
2982
2981
2978
2977
2975
2972
2972
2971
2971
2971
2968
2967
2966
2966
2966
2965
2964
2964
2963
2963
2963
2962
2961
2961
2960
2960
2960
2959
2959
2958
2958
2958
2957
2955
2954
2953
2953
2952
2951
2951
2950
2949
2949
2948
2948
2947
2946
2946
2944
2944
2943
2941
2940
2939
2936
2935
2933
2933
2933
2931
2929
2929
2929
2927
2927
2926
2926
2925
2925
2925
2924
2924
2924
2921
2921
2920
2920
2920
2920
2919
2919
2917
2914
2913
2913
2913
2912
2911
2911
2910
2909
2909
2908
2907
2907
2906
2906
2904
2904
2903
2902
2902
2901
2901
2899
2898
2898
2896
2894
2891
2886
2886
2883
2882
2880
2879
2879
2877
2877
2875
2874
2873
2872
2871
2871
2871
2871
2870
2870
2870
2869
2868
2866
2866
2866
2865
2864
2863
2863
2861
2861
2860
2860
2859
2858
2857
2857
2853
2851
2851
2850
2849
2847
2845
2843
2842
2842
2841
2839
2834
2834
2833
2833
2833
2832
2831
2826
2825
2824
2824
2823
2822
2820
2819
2818
2816
2816
2816
2815
2815
2815
2813
2813
2812
2812
2811
2811
2811
2810
2810
2809
2807
2807
2807
2806
2805
2804
2803
2800
2798
2797
2795
2794
2793
2791
2789
2789
2788
2787
2786
2786
2783
2783
2782
2782
2781
2780
2779
2779
2778
2778
2777
2776
2776
2776
2773
2772
2767
2767
2764
2764
2763
2762
2760
2760
2760
2758
2756
2756
2755
2754
2751
2749
2749
2749
2748
2744
2744
2743
2742
2741
2741
2739
2739
2737
2737
2737
2737
2736
2735
2735
2733
2733
2732
2731
2730
2730
2727
2725
2725
2725
2724
2723
2722
2722
2719
2719
2719
2718
2718
2718
2718
2717
2717
2714
2713
2712
2712
2710
2708
2708
2707
2707
2707
2707
2706
2706
2706
2705
2702
2702
2700
2700
2699
2698
2698
2696
2695
2694
2692
2692
2690
2690
2689
2688
2685
2685
2684
2680
2679
2678
2676
2674
2674
2672
2671
2669
2666
2666
2664
2664
2663
2662
2662
2661
2661
2660
2660
2656
2655
2654
2653
2651
2650
2650
2646
2645
2645
2645
2643
2642
2642
2641
2640
2637
2636
2635
2634
2632
2632
2632
2631
2628
2628
2628
2627
2627
2623
2623
2623
2623
2622
2621
2620
2620
2618
2616
2614
2613
2612
2612
2610
2609
2608
2607
2606
2604
2603
2603
2601
2601
2601
2601
2600
2598
2597
2595
2594
2590
2590
2586
2586
2585
2584
2583
2582
2582
2581
2580
2580
2579
2578
2578
2576
2576
2575
2575
2573
2572
2571
2569
2569
2568
2568
2568
2567
2567
2567
2564
2563
2561
2560
2559
2559
2559
2559
2558
2556
2556
2556
2556
2554
2553
2552
2550
2550
2549
2548
2548
2548
2547
2546
2545
2545
2545
2543
2541
2541
2541
2541
2540
2539
2538
2538
2537
2537
2535
2535
2535
2534
2534
2534
2531
2531
2531
2530
2529
2528
2527
2527
2527
2523
2522
2521
2521
2521
2520
2518
2517
2515
2514
2510
2509
2508
2507
2507
2506
2505
2503
2503
2502
2501
2500
2500
2497
2497
2495
2493
2493
2490
2489
2488
2488
2486
2485
2484
2482
2481
2481
2480
2478
2477
2475
2475
2474
2473
2471
2470
2469
2469
2469
2466
2465
2462
2461
2461
2458
2456
2452
2451
2451
2451
2451
2449
2448
2448
2447
2442
2441
2440
2440
2438
2433
2430
2428
2428
2427
2427
2427
2426
2426
2425
2424
2423
2422
2420
2420
2417
2414
2413
2413
2413
2412
2412
2409
2408
2408
2408
2407
2407
2406
2406
2406
2405
2402
2402
2401
2397
2397
2397
2396
2395
2394
2392
2392
2391
2390
2390
2389
2387
2387
2386
2386
2385
2385
2385
2383
2383
2382
2381
2380
2380
2379
2378
2378
2378
2376
2375
2373
2373
2373
2373
2372
2371
2370
2367
2366
2365
2363
2363
2363
2360
2357
2356
2356
2352
2352
2351
2351
2351
2351
2348
2347
2347
2347
2346
2346
2345
2344
2343
2339
2338
2338
2338
2338
2337
2336
2336
2335
2335
2334
2334
2333
2332
2332
2331
2331
2329
2326
2326
2325
2324
2324
2324
2322
2319
2319
2319
2317
2315
2314
2314
2312
2312
2311
2311
2310
2309
2309
2307
2307
2307
2307
2306
2306
2306
2305
2303
2302
2301
2300
2300
2299
2299
2298
2297
2296
2295
2295
2293
2291
2291
2289
2288
2288
2286
2286
2286
2285
2283
2283
2282
2279
2279
2279
2276
2276
2273
2273
2273
2273
2272
2271
2270
2268
2267
2266
2263
2263
2262
2262
2260
2260
2259
2259
2259
2257
2257
2257
2255
2253
2252
2252
2252
2251
2248
2247
2246
2245
2245
2244
2244
2243
2242
2241
2241
2240
2240
2240
2239
2238
2237
2235
2234
2233
2233
2231
2230
2230
2230
2229
2229
2228
2228
2224
2224
2224
2223
2223
2222
2222
2222
2221
2221
2221
2220
2220
2218
2217
2217
2215
2215
2214
2214
2213
2213
2212
2212
2209
2204
2204
2204
2202
2202
2201
2201
2200
2199
2198
2196
2195
2194
2193
2192
2191
2190
2189
2189
2189
2188
2184
2183
2181
2180
2180
2180
2179
2178
2177
2177
2170
2169
2168
2167
2167
2165
2164
2162
2162
2162
2162
2161
2161
2161
2159
2158
2157
2156
2155
2155
2153
2152
2151
2150
2150
2148
2147
2146
2143
2143
2142
2142
2141
2140
2140
2139
2135
2134
2133
2131
2130
2130
2128
2127
2127
2126
2126
2125
2124
2123
2120
2119
2115
2111
2107
2106
2106
2106
2105
2105
2103
2102
2100
2099
2097
2097
2094
2094
2094
2090
2088
2086
2086
2085
2085
2080
2080
2079
2078
2078
2077
2077
2072
2068
2068
2067
2067
2067
2062
2061
2060
2059
2058
2058
2057
2056
2056
2055
2054
2052
2051
2051
2048
2048
2047
2046
2046
2045
2045
2045
2044
2043
2042
2042
2040
2040
2040
2039
2038
2037
2036
2036
2036
2035
2035
2035
2035
2034
2032
2031
2029
2027
2027
2026
2026
2023
2023
2021
2021
2019
2019
2019
2016
2016
2016
2015
2012
2012
2011
2010
2009
2009
2008
2008
2007
2006
2006
2005
2005
2005
2005
2004
2002
2002
2002
2001
2000
1999
1999
1997
1996
1996
1996
1996
1995
1995
1995
1994
1992
1992
1990
1990
1989
1988
1988
1988
1988
1987
1983
1981
1980
1979
1979
1979
1976
1976
1972
1972
1971
1970
1970
1969
1968
1967
1965
1964
1963
1962
1960
1958
1956
1950
1950
1949
1947
1946
1945
1945
1944
1943
1942
1940
1939
1937
1934
1934
1933
1933
1932
1931
1931
1929
1928
1926
1923
1922
1921
1920
1918
1918
1917
1917
1916
1916
1914
1910
1909
1908
1907
1906
1906
1906
1904
1903
1902
1902
1901
1901
1900
1897
1896
1893
1890
1887
1883
1882
1882
1880
1879
1879
1879
1878
1877
1877
1877
1875
1874
1874
1873
1872
1871
1871
1870
1870
1869
1867
1866
1866
1866
1865
1863
1863
1862
1862
1861
1861
1860
1860
1859
1858
1856
1855
1854
1852
1852
1852
1850
1850
1849
1848
1848
1846
1846
1843
1842
1841
1841
1841
1840
1839
1837
1836
1834
1832
1831
1829
1825
1824
1824
1823
1823
1822
1821
1817
1812
1811
1808
1808
1805
1804
1802
1802
1801
1801
1800
1799
1797
1796
1795
1793
1793
1792
1792
1791
1791
1789
1789
1789
1787
1787
1786
1786
1783
1783
1782
1781
1781
1781
1780
1778
1778
1778
1776
1774
1772
1771
1770
1770
1770
1769
1768
1768
1767
1767
1766
1765
1764
1763
1762
1762
1760
1760
1759
1758
1758
1757
1756
1756
1753
1752
1750
1750
1750
1749
1748
1747
1746
1745
1742
1742
1740
1739
1737
1734
1733
1732
1731
1731
1730
1729
1726
1725
1724
1723
1723
1721
1721
1720
1720
1717
1716
1716
1715
1714
1714
1712
1711
1710
1710
1709
1709
1708
1708
1707
1706
1705
1705
1704
1704
1704
1704
1702
1701
1698
1695
1694
1689
1687
1686
1686
1686
1686
1685
1680
1679
1676
1675
1675
1675
1675
1672
1672
1670
1669
1668
1668
1666
1665
1664
1664
1664
1664
1661
1661
1660
1660
1660
1659
1658
1657
1655
1654
1654
1653
1653
1649
1648
1648
1647
1646
1645
1644
1644
1643
1643
1643
1642
1642
1640
1640
1640
1639
1638
1638
1638
1636
1635
1635
1634
1633
1633
1630
1628
1627
1625
1622
1621
1618
1617
1617
1616
1616
1613
1613
1612
1608
1608
1607
1605
1605
1604
1603
1603
1603
1601
1601
1601
1601
1600
1600
1599
1597
1597
1597
1596
1595
1595
1594
1593
1591
1591
1591
1590
1588
1586
1586
1582
1582
1581
1579
1579
1579
1577
1577
1577
1576
1576
1575
1574
1571
1570
1570
1569
1568
1568
1568
1567
1563
1563
1562
1562
1561
1558
1558
1557
1556
1556
1555
1552
1552
1550
1549
1549
1547
1546
1542
1540
1540
1540
1539
1539
1538
1536
1534
1533
1532
1532
1529
1526
1526
1523
1521
1521
1519
1517
1517
1516
1514
1513
1513
1512
1511
1511
1510
1510
1509
1508
1507
1507
1507
1507
1506
1502
1499
1498
1498
1497
1496
1496
1495
1489
1489
1488
1487
1484
1480
1479
1479
1479
1478
1475
1472
1472
1470
1467
1465
1465
1465
1464
1464
1463
1463
1463
1462
1462
1461
1459
1459
1457
1456
1456
1455
1455
1454
1454
1453
1453
1451
1450
1447
1446
1446
1446
1445
1444
1444
1444
1441
1439
1438
1437
1437
1435
1434
1434
1434
1434
1433
1432
1431
1431
1430
1430
1429
1429
1428
1426
1426
1423
1422
1419
1417
1417
1416
1414
1413
1412
1412
1410
1410
1409
1409
1408
1408
1408
1407
1402
1401
1401
1400
1400
1400
1400
1400
1400
1399
1398
1397
1396
1394
1394
1393
1392
1392
1392
1390
1389
1389
1388
1385
1385
1385
1384
1384
1383
1382
1380
1380
1380
1379
1378
1378
1377
1377
1375
1374
1374
1374
1373
1371
1371
1370
1370
1369
1367
1366
1366
1366
1364
1363
1363
1362
1361
1360
1359
1358
1357
1357
1357
1357
1356
1355
1354
1354
1354
1353
1351
1350
1349
1346
1345
1344
1343
1340
1340
1339
1338
1338
1336
1335
1335
1335
1335
1334
1334
1334
1332
1332
1331
1327
1327
1324
1317
1317
1317
1316
1316
1315
1311
1309
1307
1306
1305
1305
1304
1303
1302
1301
1300
1299
1298
1298
1298
1297
1297
1296
1294
1294
1294
1292
1290
1288
1287
1283
1282
1282
1281
1280
1280
1279
1278
1278
1277
1275
1274
1272
1269
1267
1266
1265
1265
1264
1262
1261
1261
1260
1257
1256
1255
1253
1249
1247
1247
1246
1246
1246
1246
1245
1245
1244
1243
1242
1242
1241
1241
1240
1240
1240
1239
1239
1239
1238
1238
1237
1236
1235
1235
1234
1233
1233
1232
1231
1231
1230
1230
1230
1229
1229
1226
1226
1225
1222
1222
1221
1220
1219
1218
1217
1215
1214
1213
1212
1211
1210
1209
1209
1208
1208
1206
1206
1206
1205
1204
1203
1202
1201
1201
1201
1198
1197
1195
1195
1195
1195
1193
1192
1191
1190
1189
1185
1185
1184
1183
1182
1181
1181
1179
1176
1174
1174
1172
1171
1169
1168
1167
1166
1163
1162
1162
1161
1161
1160
1158
1158
1155
1153
1153
1153
1152
1151
1150
1149
1149
1145
1144
1139
1139
1138
1138
1138
1136
1135
1134
1133
1132
1131
1130
1130
1130
1130
1128
1128
1127
1127
1125
1125
1124
1124
1123
1122
1122
1121
1121
1120
1119
1119
1118
1118
1116
1116
1116
1113
1111
1110
1110
1107
1106
1105
1104
1104
1104
1103
1102
1101
1100
1099
1098
1098
1095
1094
1093
1092
1092
1090
1087
1087
1086
1085
1084
1082
1081
1080
1080
1079
1079
1079
1077
1077
1075
1075
1074
1074
1074
1072
1071
1071
1071
1070
1070
1069
1069
1066
1066
1066
1066
1065
1065
1065
1064
1064
1063
1063
1063
1062
1059
1057
1056
1055
1055
1055
1055
1054
1054
1054
1054
1054
1052
1052
1051
1051
1050
1049
1047
1047
1046
1046
1038
1037
1037
1035
1034
1033
1031
1031
1030
1030
1024
1024
1022
1020
1020
1019
1019
1019
1019
1017
1017
1016
1015
1015
1015
1014
1012
1012
1012
1011
1011
1010
1010
1007
1006
1006
1006
1006
1005
1005
1005
1004
1002
1001
1000
997
997
996
995
994
993
992
992
991
989
989
988
985
985
984
983
982
981
980
977
971
971
968
967
965
964
959
959
959
959
955
955
953
953
953
952
950
950
949
947
946
946
944
944
944
943
943
942
941
941
941
937
937
934
934
934
933
933
932
931
927
926
925
924
924
924
923
923
921
921
920
920
920
919
912
909
908
907
904
904
904
902
901
901
900
900
897
897
896
895
895
894
891
890
890
889
887
886
885
884
884
881
881
881
880
878
878
877
876
875
875
874
874
872
871
871
867
867
866
866
866
865
865
863
863
861
859
859
858
857
855
854
853
851
850
849
847
847
845
845
845
844
841
841
837
836
834
834
834
833
830
829
828
827
826
825
825
822
822
821
815
815
815
815
811
811
811
808
806
806
806
805
804
803
801
800
800
799
799
798
798
795
795
794
794
794
793
793
792
792
792
791
791
789
788
782
782
779
778
776
775
774
772
770
770
769
766
762
761
761
760
760
760
759
758
758
757
756
756
755
754
753
753
750
749
749
749
749
748
748
747
745
744
742
742
740
740
740
739
739
738
738
738
736
735
733
730
729
726
726
725
725
722
722
722
718
716
716
716
715
714
712
709
708
707
706
705
704
703
703
702
700
700
700
698
697
697
696
695
692
691
690
690
690
689
687
687
687
686
686
686
685
683
683
682
682
681
679
679
679
678
678
675
675
674
673
673
673
670
667
666
665
663
660
659
658
657
656
656
656
655
653
652
651
650
650
650
649
648
648
648
645
645
644
641
641
640
637
636
632
632
631
631
630
630
630
629
628
627
627
626
625
625
625
624
623
623
622
622
622
621
620
618
618
617
616
615
613
612
612
612
612
611
610
609
608
608
607
606
606
604
602
602
601
600
599
597
596
595
594
594
593
589
588
586
586
586
585
585
584
583
581
581
577
577
577
576
575
574
573
573
572
571
570
570
570
565
563
563
562
561
561
560
558
557
556
556
555
555
555
552
550
549
547
547
547
545
543
542
539
539
538
537
537
536
535
533
532
531
530
530
529
527
526
526
525
525
524
524
523
523
523
519
519
519
519
518
518
514
514
513
512
511
510
509
508
508
506
504
504
503
501
501
500
500
496
495
495
494
492
491
488
488
488
486
485
484
484
484
481
480
480
480
480
479
478
477
477
476
476
475
474
473
473
473
469
469
468
467
466
466
466
465
465
464
463
462
461
459
458
457
456
454
453
453
452
452
451
448
446
446
445
442
442
441
440
439
438
438
437
435
435
435
434
433
431
430
428
427
425
421
419
417
417
416
416
412
412
411
411
410
408
407
406
405
404
404
403
403
402
402
401
401
400
398
397
395
395
394
394
391
387
387
387
383
383
381
379
377
377
376
376
375
374
374
373
372
371
370
368
368
368
367
367
366
365
364
363
362
362
361
360
359
359
359
358
356
355
354
354
353
352
347
346
343
340
339
339
338
338
337
337
337
336
336
334
333
325
325
324
324
323
323
323
321
320
319
319
319
317
317
316
315
312
312
310
309
308
307
307
305
305
302
301
301
297
295
295
295
295
295
295
295
293
293
292
291
290
290
285
284
284
282
281
280
280
278
278
277
275
274
273
273
272
272
271
268
268
268
268
268
265
265
263
263
262
258
258
258
258
257
254
254
253
250
249
248
248
248
248
247
246
245
245
245
244
243
243
241
240
235
234
234
232
231
230
230
227
222
222
222
222
221
220
220
219
218
217
217
215
213
212
212
212
211
209
209
208
207
202
202
201
199
199
198
198
196
193
193
193
192
192
191
191
189
186
186
186
186
186
185
185
185
184
182
181
179
178
178
177
177
177
177
175
173
173
172
170
169
168
166
165
164
163
160
160
159
159
158
158
156
156
154
152
151
149
149
147
145
145
144
143
140
140
139
139
137
136
134
134
133
133
130
129
129
129
124
123
120
120
118
117
114
114
113
113
113
109
107
105
103
103
101
100
98
96
96
96
96
96
94
94
91
91
91
89
89
88
87
86
86
85
84
84
83
83
81
80
79
78
77
77
77
77
77
76
73
72
71
70
70
70
69
69
69
68
68
67
66
64
62
62
62
62
59
59
58
58
56
54
54
54
53
52
52
51
51
51
46
46
46
45
45
44
42
41
41
39
39
39
38
38
36
35
35
34
34
32
32
32
32
31
30
30
29
29
28
28
27
26
26
26
26
24
24
24
22
22
22
21
21
20
19
19
17
17
17
13
12
9
9
8
8
6
