9996
9996
9995
9995
9994
9994
9993
9991
9990
9990
9990
9987
9987
9984
9981
9981
9981
9980
9979
9978
9977
9976
9976
9976
9974
9974
9973
9973
9970
9969
9968
9968
9964
9964
9964
9963
9963
9963
9963
9963
9962
9962
9961
9958
9956
9956
9956
9955
9954
9954
9953
9952
9951
9950
9950
9949
9948
9947
9947
9946
9946
9944
9944
9942
9941
9941
9941
9940
9939
9939
9938
9936
9936
9934
9934
9933
9933
9933
9932
9931
9930
9929
9927
9926
9925
9921
9920
9919
9918
9918
9917
9917
9917
9916
9915
9914
9913
9911
9911
9910
9909
9909
9908
9907
9906
9904
9903
9902
9902
9901
9901
9901
9900
9900
9899
9897
9896
9895
9895
9893
9893
9893
9892
9892
9891
9889
9889
9889
9888
9886
9885
9885
9883
9883
9881
9879
9879
9879
9879
9877
9877
9876
9874
9872
9872
9872
9870
9868
9867
9867
9864
9863
9860
9859
9859
9856
9856
9856
9854
9854
9854
9853
9851
9851
9851
9851
9850
9850
9850
9847
9845
9844
9841
9839
9836
9836
9835
9829
9829
9825
9825
9823
9823
9822
9821
9821
9821
9820
9819
9819
9818
9818
9818
9816
9815
9812
9811
9811
9810
9808
9808
9807
9805
9803
9803
9802
9801
9801
9800
9797
9796
9796
9794
9793
9793
9792
9788
9788
9787
9786
9786
9784
9783
9783
9783
9782
9780
9779
9779
9778
9778
9778
9777
9777
9770
9768
9768
9765
9764
9763
9763
9761
9761
9759
9758
9758
9755
9755
9755
9755
9753
9753
9751
9751
9749
9747
9745
9743
9743
9742
9740
9738
9737
9737
9737
9735
9731
9731
9730
9729
9727
9726
9726
9726
9725
9723
9723
9722
9721
9719
9718
9717
9716
9715
9714
9714
9713
9712
9709
9708
9708
9707
9705
9704
9703
9702
9702
9702
9701
9700
9698
9696
9696
9695
9693
9692
9691
9690
9688
9688
9687
9685
9685
9684
9683
9683
9680
9679
9679
9678
9677
9676
9675
9674
9674
9673
9673
9672
9670
9670
9669
9668
9668
9664
9664
9661
9660
9657
9657
9657
9656
9655
9655
9655
9655
9652
9650
9650
9646
9645
9644
9643
9643
9639
9639
9638
9638
9634
9634
9633
9631
9630
9629
9628
9627
9626
9625
9624
9624
9623
9623
9622
9621
9621
9621
9621
9620
9620
9618
9618
9617
9617
9617
9617
9615
9615
9615
9614
9613
9611
9610
9609
9609
9607
9607
9606
9606
9605
9605
9603
9603
9602
9601
9600
9599
9596
9593
9592
9592
9589
9589
9587
9586
9586
9584
9584
9583
9583
9583
9582
9582
9581
9581
9580
9580
9579
9579
9576
9575
9574
9574
9574
9574
9574
9572
9571
9570
9568
9567
9567
9567
9566
9565
9564
9563
9562
9561
9558
9558
9556
9555
9555
9553
9553
9551
9551
9550
9549
9549
9542
9541
9536
9536
9535
9534
9533
9533
9533
9532
9531
9529
9527
9526
9526
9525
9524
9523
9523
9523
9522
9521
9520
9519
9519
9519
9518
9518
9518
9517
9517
9515
9514
9512
9508
9507
9502
9498
9498
9497
9497
9496
9496
9496
9493
9492
9491
9491
9491
9488
9487
9486
9485
9485
9484
9483
9483
9481
9480
9479
9477
9474
9474
9473
9472
9471
9471
9471
9470
9470
9468
9466
9466
9465
9465
9465
9464
9464
9462
9462
9461
9460
9460
9460
9458
9458
9456
9454
9453
9452
9451
9448
9447
9446
9444
9444
9442
9441
9441
9440
9439
9438
9437
9435
9435
9433
9432
9431
9430
9430
9430
9427
9426
9426
9425
9422
9422
9420
9420
9420
9415
9414
9414
9412
9412
9411
9410
9409
9407
9407
9406
9406
9406
9403
9402
9401
9401
9400
9398
9398
9397
9396
9395
9395
9392
9391
9390
9389
9389
9385
9384
9383
9383
9382
9381
9381
9378
9378
9377
9376
9375
9374
9374
9372
9372
9370
9370
9369
9368
9367
9367
9362
9361
9358
9355
9354
9353
9353
9351
9350
9346
9344
9343
9342
9342
9340
9339
9336
9335
9333
9333
9332
9330
9329
9329
9328
9328
9328
9328
9327
9326
9326
9325
9324
9323
9322
9319
9318
9317
9317
9315
9314
9308
9305
9305
9301
9300
9299
9299
9299
9297
9296
9294
9294
9294
9293
9292
9291
9289
9288
9287
9287
9287
9285
9285
9285
9284
9283
9283
9282
9280
9280
9279
9279
9279
9279
9278
9276
9276
9275
9275
9273
9271
9271
9271
9271
9270
9268
9268
9266
9266
9266
9265
9265
9262
9262
9262
9261
9260
9259
9258
9258
9256
9255
9253
9250
9249
9249
9248
9248
9246
9245
9245
9244
9244
9244
9244
9242
9242
9241
9238
9237
9234
9233
9230
9230
9229
9229
9227
9227
9225
9225
9225
9222
9222
9222
9221
9221
9218
9217
9217
9214
9214
9211
9210
9206
9206
9205
9204
9204
9204
9201
9201
9200
9199
9198
9197
9197
9196
9195
9194
9192
9192
9191
9191
9191
9189
9187
9187
9187
9187
9187
9186
9185
9183
9179
9178
9177
9177
9177
9175
9175
9174
9173
9169
9169
9169
9168
9167
9167
9166
9166
9166
9166
9164
9163
9163
9163
9161
9160
9160
9158
9157
9155
9153
9149
9149
9145
9144
9144
9144
9143
9141
9141
9141
9140
9139
9137
9136
9135
9134
9134
9133
9133
9129
9129
9128
9128
9127
9126
9125
9125
9125
9124
9124
9123
9121
9120
9120
9119
9118
9118
9115
9115
9113
9113
9112
9110
9108
9108
9107
9107
9101
9101
9101
9100
9099
9099
9098
9098
9098
9096
9095
9093
9090
9090
9087
9087
9086
9086
9086
9085
9085
9084
9082
9082
9077
9072
9072
9071
9071
9070
9069
9067
9067
9067
9063
9061
9060
9060
9058
9058
9057
9057
9056
9056
9055
9055
9052
9052
9049
9049
9049
9049
9048
9048
9048
9048
9048
9047
9047
9046
9043
9043
9042
9041
9038
9038
9036
9035
9034
9033
9032
9032
9031
9031
9030
9029
9027
9026
9026
9026
9025
9022
9022
9020
9019
9018
9018
9018
9018
9017
9017
9017
9016
9016
9016
9013
9011
9010
9007
9007
9006
9005
9004
9004
9004
9003
9002
9002
9000
9000
9000
9000
9000
8999
8999
8999
8998
8997
8996
8996
8994
8993
8988
8985
8985
8985
8984
8983
8983
8982
8980
8980
8979
8979
8979
8978
8978
8976
8975
8974
8974
8972
8970
8968
8968
8967
8966
8965
8962
8961
8960
8959
8957
8957
8957
8957
8956
8956
8955
8955
8954
8954
8953
8952
8952
8952
8951
8951
8950
8950
8949
8948
8945
8945
8943
8942
8940
8940
8940
8939
8937
8937
8936
8936
8936
8934
8931
8930
8929
8928
8927
8922
8920
8920
8919
8916
8915
8914
8914
8913
8912
8905
8905
8905
8901
8896
8895
8895
8894
8894
8894
8893
8890
8889
8888
8888
8886
8884
8883
8883
8881
8880
8879
8878
8876
8876
8874
8874
8873
8873
8872
8872
8871
8871
8870
8868
8868
8866
8866
8865
8863
8862
8862
8861
8859
8858
8858
8852
8852
8848
8848
8848
8845
8845
8843
8842
8842
8841
8841
8841
8839
8839
8839
8837
8837
8834
8833
8833
8832
8831
8830
8830
8829
8826
8825
8825
8825
8824
8823
8822
8822
8822
8822
8820
8819
8818
8818
8815
8812
8812
8812
8812
8811
8809
8807
8806
8806
8803
8802
8802
8801
8801
8798
8798
8797
8797
8797
8796
8795
8793
8792
8791
8791
8790
8789
8788
8787
8786
8786
8786
8785
8785
8784
8783
8782
8781
8781
8781
8777
8777
8777
8775
8774
8774
8771
8770
8770
8767
8766
8765
8765
8765
8765
8764
8764
8764
8763
8760
8760
8760
8758
8757
8755
8755
8754
8754
8753
8753
8752
8752
8750
8748
8747
8745
8745
8745
8744
8742
8742
8742
8739
8739
8738
8737
8737
8735
8733
8733
8732
8732
8731
8731
8727
8727
8725
8725
8724
8723
8722
8721
8721
8721
8719
8718
8718
8718
8717
8717
8717
8715
8713
8711
8710
8709
8707
8705
8704
8704
8703
8703
8700
8699
8699
8698
8698
8696
8696
8695
8695
8694
8693
8693
8692
8690
8690
8687
8685
8685
8683
8683
8682
8681
8679
8678
8673
8672
8672
8671
8671
8670
8670
8670
8669
8669
8668
8668
8668
8668
8668
8668
8667
8665
8663
8662
8659
8658
8658
8657
8654
8654
8654
8654
8653
8652
8651
8651
8650
8650
8648
8648
8648
8645
8642
8638
8632
8632
8631
8628
8628
8628
8628
8626
8626
8626
8626
8623
8622
8622
8620
8618
8618
8616
8614
8612
8612
8611
8611
8610
8609
8608
8607
8606
8605
8605
8605
8604
8604
8603
8602
8602
8602
8602
8601
8601
8600
8600
8599
8596
8596
8596
8596
8596
8594
8593
8588
8587
8587
8586
8585
8584
8582
8582
8579
8578
8576
8575
8575
8575
8573
8573
8573
8571
8571
8570
8570
8569
8567
8566
8565
8564
8563
8562
8561
8561
8559
8557
8556
8556
8555
8554
8553
8552
8552
8552
8550
8550
8550
8549
8548
8546
8545
8544
8543
8543
8543
8541
8538
8538
8536
8536
8536
8535
8534
8533
8532
8532
8532
8531
8530
8529
8529
8526
8524
8523
8521
8520
8519
8517
8517
8516
8515
8515
8510
8509
8509
8507
8506
8506
8505
8505
8504
8503
8502
8501
8500
8500
8499
8499
8496
8496
8495
8495
8495
8494
8494
8494
8492
8491
8487
8486
8485
8484
8483
8481
8479
8477
8476
8475
8470
8470
8470
8469
8469
8468
8467
8467
8467
8466
8466
8465
8464
8463
8462
8462
8461
8460
8460
8453
8451
8450
8450
8450
8449
8447
8447
8446
8443
8442
8441
8439
8438
8437
8435
8435
8435
8433
8431
8431
8430
8430
8430
8430
8429
8428
8428
8426
8426
8425
8425
8425
8425
8425
8424
8422
8422
8421
8420
8419
8418
8418
8417
8416
8413
8413
8410
8406
8405
8404
8404
8403
8402
8400
8399
8398
8398
8396
8394
8393
8392
8391
8391
8391
8388
8388
8386
8385
8384
8383
8381
8380
8374
8374
8374
8374
8372
8371
8370
8370
8368
8368
8367
8366
8366
8366
8365
8364
8363
8363
8363
8362
8362
8362
8361
8361
8360
8359
8359
8357
8357
8355
8354
8354
8352
8351
8350
8349
8349
8348
8347
8346
8345
8343
8343
8342
8339
8339
8339
8338
8337
8337
8336
8336
8334
8334
8332
8332
8329
8328
8328
8327
8327
8326
8326
8326
8326
8323
8323
8322
8320
8320
8320
8315
8315
8314
8311
8310
8310
8309
8307
8306
8305
8297
8297
8296
8296
8295
8293
8293
8291
8290
8288
8288
8286
8285
8285
8285
8283
8283
8282
8279
8279
8278
8277
8276
8276
8273
8273
8271
8269
8268
8266
8264
8264
8264
8263
8262
8262
8262
8262
8261
8260
8260
8260
8259
8258
8258
8257
8257
8257
8253
8252
8250
8249
8249
8248
8248
8246
8246
8246
8245
8243
8243
8242
8241
8241
8240
8239
8235
8231
8230
8229
8224
8222
8222
8222
8221
8218
8217
8216
8214
8213
8212
8210
8209
8209
8208
8208
8207
8207
8206
8202
8201
8200
8199
8198
8198
8198
8197
8196
8196
8194
8193
8191
8190
8187
8186
8186
8185
8185
8182
8179
8178
8177
8176
8176
8175
8175
8173
8173
8171
8171
8171
8168
8167
8167
8166
8165
8165
8165
8164
8162
8162
8159
8158
8156
8156
8156
8156
8156
8154
8151
8147
8146
8142
8141
8140
8139
8139
8138
8136
8135
8135
8134
8132
8130
8129
8129
8129
8128
8127
8125
8123
8123
8120
8119
8118
8118
8118
8117
8117
8115
8114
8113
8109
8108
8108
8106
8104
8103
8101
8099
8097
8097
8096
8094
8094
8094
8092
8091
8090
8090
8089
8088
8088
8087
8087
8086
8084
8083
8083
8080
8079
8078
8078
8075
8074
8072
8072
8069
8067
8064
8064
8060
8060
8060
8059
8058
8057
8056
8055
8052
8052
8051
8048
8047
8046
8046
8045
8045
8045
8044
8043
8042
8042
8040
8040
8040
8039
8037
8037
8036
8035
8034
8034
8033
8032
8032
8031
8031
8030
8029
8028
8028
8025
8024
8023
8020
8019
8019
8019
8019
8019
8017
8015
8014
8013
8013
8010
8006
8006
8006
8005
8005
8005
8004
8003
8002
8002
8001
8001
7998
7997
7995
7994
7992
7991
7991
7990
7989
7989
7988
7985
7984
7983
7981
7979
7979
7978
7976
7975
7975
7975
7974
7973
7973
7973
7972
7970
7964
7963
7962
7962
7961
7959
7958
7958
7957
7957
7956
7955
7955
7955
7954
7954
7953
7951
7950
7946
7946
7946
7946
7945
7944
7944
7944
7943
7941
7941
7941
7940
7939
7937
7937
7937
7934
7933
7933
7931
7931
7930
7929
7929
7926
7923
7923
7921
7918
7917
7917
7916
7915
7915
7915
7914
7912
7912
7911
7910
7910
7909
7909
7908
7907
7905
7904
7904
7900
7900
7899
7897
7896
7894
7893
7892
7892
7891
7889
7888
7888
7887
7886
7883
7879
7878
7877
7877
7876
7875
7872
7872
7870
7870
7868
7868
7866
7866
7866
7865
7865
7863
7862
7860
7859
7859
7856
7856
7855
7855
7853
7853
7852
7851
7844
7844
7844
7844
7844
7843
7843
7842
7842
7841
7838
7836
7833
7832
7829
7826
7825
7824
7822
7817
7817
7817
7816
7815
7815
7815
7813
7812
7809
7808
7807
7806
7805
7804
7804
7804
7803
7803
7803
7800
7797
7797
7797
7795
7795
7794
7791
7790
7789
7788
7787
7787
7786
7786
7785
7785
7784
7782
7781
7781
7779
7777
7774
7774
7773
7772
7771
7770
7770
7768
7768
7768
7767
7766
7764
7764
7764
7763
7763
7761
7760
7760
7760
7758
7758
7756
7756
7754
7753
7753
7752
7751
7749
7749
7749
7749
7748
7748
7747
7745
7742
7741
7741
7739
7738
7738
7737
7736
7735
7734
7733
7731
7730
7729
7729
7724
7724
7724
7723
7723
7717
7716
7714
7713
7712
7712
7712
7711
7708
7708
7707
7706
7705
7704
7703
7701
7700
7700
7700
7700
7699
7698
7692
7692
7690
7690
7689
7689
7688
7688
7687
7687
7687
7685
7685
7684
7684
7681
7680
7680
7679
7679
7678
7676
7675
7674
7672
7671
7668
7665
7665
7664
7663
7662
7662
7662
7661
7661
7660
7660
7659
7659
7658
7658
7657
7656
7656
7655
7655
7651
7651
7650
7650
7650
7649
7645
7643
7642
7641
7641
7641
7639
7639
7638
7636
7636
7634
7633
7633
7633
7632
7631
7630
7629
7629
7625
7624
7624
7623
7623
7623
7623
7622
7622
7621
7618
7617
7616
7614
7612
7611
7610
7608
7603
7603
7603
7600
7598
7594
7593
7593
7593
7593
7591
7591
7591
7590
7590
7588
7588
7587
7587
7585
7585
7584
7584
7584
7583
7581
7578
7578
7575
7574
7573
7572
7572
7570
7569
7569
7568
7567
7566
7563
7562
7561
7560
7560
7559
7555
7555
7555
7553
7552
7551
7550
7549
7549
7548
7548
7548
7547
7544
7542
7542
7542
7542
7542
7541
7540
7539
7537
7537
7537
7534
7532
7530
7530
7529
7528
7527
7527
7523
7523
7522
7521
7520
7520
7518
7518
7518
7512
7511
7511
7510
7510
7509
7507
7507
7504
7501
7499
7499
7497
7497
7497
7493
7493
7492
7491
7491
7490
7490
7490
7487
7486
7484
7484
7482
7478
7478
7474
7473
7472
7471
7468
7468
7466
7464
7463
7462
7461
7457
7456
7456
7454
7454
7453
7452
7451
7450
7450
7450
7448
7448
7447
7446
7446
7446
7444
7444
7442
7438
7438
7437
7435
7434
7433
7433
7433
7431
7431
7430
7429
7429
7428
7426
7425
7424
7424
7423
7422
7422
7421
7421
7421
7419
7418
7418
7415
7415
7409
7408
7407
7405
7402
7400
7399
7399
7398
7397
7396
7395
7395
7395
7394
7393
7393
7390
7388
7386
7385
7385
7384
7384
7384
7384
7382
7382
7381
7381
7381
7379
7378
7378
7377
7377
7376
7375
7375
7372
7371
7371
7370
7368
7367
7367
7366
7365
7362
7361
7360
7359
7359
7357
7354
7352
7352
7351
7351
7350
7349
7349
7346
7343
7342
7339
7338
7337
7336
7335
7335
7333
7331
7331
7328
7327
7327
7327
7327
7325
7325
7325
7324
7323
7323
7322
7322
7322
7321
7320
7320
7319
7319
7319
7318
7317
7315
7314
7312
7310
7306
7304
7304
7304
7303
7301
7301
7301
7299
7297
7296
7295
7294
7293
7292
7291
7290
7289
7288
7287
7285
7284
7284
7282
7282
7280
7279
7279
7279
7279
7278
7277
7277
7277
7277
7276
7275
7275
7274
7273
7271
7271
7271
7268
7268
7265
7261
7261
7260
7258
7257
7256
7255
7255
7254
7254
7253
7251
7251
7246
7246
7241
7241
7238
7236
7235
7233
7232
7230
7229
7229
7227
7226
7226
7226
7225
7224
7223
7223
7223
7223
7223
7223
7223
7222
7222
7221
7220
7220
7220
7220
7219
7217
7217
7216
7216
7216
7214
7214
7213
7209
7208
7207
7205
7203
7202
7201
7199
7197
7196
7193
7192
7192
7192
7191
7189
7189
7187
7186
7185
7184
7183
7182
7181
7181
7181
7181
7180
7179
7178
7176
7175
7173
7172
7169
7168
7168
7167
7167
7167
7166
7165
7164
7164
7161
7159
7159
7158
7158
7157
7156
7156
7155
7154
7152
7151
7151
7150
7149
7149
7147
7146
7145
7144
7144
7144
7143
7142
7141
7141
7137
7137
7137
7136
7136
7136
7136
7135
7135
7134
7133
7133
7132
7131
7130
7129
7129
7129
7128
7126
7124
7123
7123
7122
7122
7121
7121
7120
7118
7116
7116
7115
7115
7112
7111
7111
7110
7107
7107
7107
7106
7105
7105
7104
7104
7103
7101
7101
7101
7100
7100
7099
7099
7099
7095
7092
7092
7091
7089
7088
7088
7086
7084
7083
7083
7083
7083
7081
7078
7078
7078
7078
7077
7076
7075
7073
7072
7072
7068
7068
7067
7067
7067
7067
7066
7064
7064
7063
7062
7061
7060
7060
7059
7055
7054
7053
7052
7051
7050
7050
7048
7048
7047
7046
7044
7044
7043
7041
7040
7039
7036
7035
7034
7034
7033
7032
7031
7031
7030
7029
7028
7028
7027
7027
7026
7025
7022
7021
7021
7019
7018
7018
7017
7016
7015
7015
7014
7011
7011
7010
7010
7009
7008
7007
7001
7001
6999
6999
6998
6994
6994
6994
6993
6992
6991
6991
6991
6990
6986
6986
6985
6985
6984
6984
6983
6982
6982
6981
6978
6977
6975
6974
6974
6973
6973
6973
6972
6971
6971
6970
6966
6965
6964
6960
6956
6956
6956
6956
6955
6953
6952
6952
6952
6951
6950
6950
6949
6949
6949
6947
6947
6947
6947
6946
6946
6946
6944
6944
6943
6942
6942
6939
6939
6939
6939
6938
6936
6934
6933
6933
6932
6932
6932
6929
6928
6927
6927
6924
6923
6921
6921
6920
6920
6918
6917
6916
6916
6913
6912
6912
6912
6911
6911
6910
6910
6909
6907
6906
6905
6904
6904
6903
6901
6898
6894
6892
6890
6890
6887
6886
6886
6886
6885
6885
6885
6883
6883
6882
6881
6880
6879
6878
6878
6876
6876
6876
6871
6871
6870
6869
6868
6868
6868
6867
6866
6864
6864
6863
6859
6857
6856
6854
6853
6853
6853
6851
6850
6847
6847
6847
6846
6846
6845
6842
6842
6842
6840
6839
6839
6839
6838
6835
6835
6834
6833
6833
6833
6833
6833
6831
6830
6824
6822
6822
6821
6821
6819
6818
6817
6817
6816
6815
6815
6815
6814
6812
6812
6812
6812
6811
6810
6809
6808
6808
6808
6808
6808
6807
6806
6806
6805
6804
6800
6798
6797
6796
6795
6790
6790
6790
6789
6788
6788
6785
6785
6784
6782
6776
6776
6776
6775
6771
6771
6770
6770
6770
6769
6769
6764
6761
6761
6759
6758
6757
6757
6756
6755
6755
6754
6752
6750
6749
6749
6748
6748
6748
6747
6746
6746
6744
6744
6740
6739
6737
6737
6737
6736
6735
6735
6735
6735
6734
6733
6733
6733
6733
6732
6732
6732
6731
6730
6730
6729
6728
6728
6728
6727
6727
6725
6724
6724
6723
6721
6719
6718
6718
6715
6714
6711
6710
6708
6707
6706
6705
6705
6704
6703
6703
6702
6702
6701
6700
6700
6699
6695
6695
6694
6694
6692
6692
6691
6691
6690
6689
6689
6687
6686
6686
6685
6685
6679
6677
6677
6676
6675
6672
6670
6670
6669
6669
6667
6667
6665
6665
6665
6664
6663
6663
6662
6662
6661
6661
6660
6660
6657
6656
6654
6653
6650
6649
6649
6649
6649
6649
6648
6648
6647
6647
6646
6645
6645
6644
6644
6640
6639
6638
6638
6638
6637
6636
6634
6634
6634
6632
6631
6630
6630
6629
6628
6627
6627
6627
6625
6625
6624
6621
6621
6619
6617
6615
6614
6613
6612
6610
6610
6608
6608
6605
6605
6604
6604
6604
6602
6601
6598
6596
6595
6595
6594
6594
6592
6591
6590
6590
6587
6587
6587
6585
6584
6584
6581
6579
6579
6577
6577
6577
6576
6574
6573
6572
6571
6568
6568
6567
6567
6567
6566
6560
6557
6556
6555
6554
6554
6554
6553
6552
6549
6549
6549
6548
6548
6548
6546
6546
6546
6543
6542
6542
6541
6541
6538
6536
6535
6530
6528
6527
6526
6526
6525
6524
6522
6520
6519
6517
6517
6516
6515
6514
6514
6513
6513
6512
6512
6511
6511
6509
6509
6509
6508
6507
6507
6507
6505
6504
6502
6500
6500
6500
6499
6499
6498
6497
6497
6497
6497
6497
6496
6495
6495
6494
6492
6491
6491
6490
6488
6488
6488
6487
6487
6487
6486
6485
6483
6483
6478
6477
6477
6477
6472
6472
6472
6471
6471
6470
6467
6467
6465
6464
6461
6461
6459
6456
6456
6455
6453
6451
6448
6447
6445
6444
6444
6443
6442
6442
6442
6440
6439
6438
6436
6436
6436
6433
6432
6425
6425
6424
6422
6421
6420
6418
6418
6417
6417
6416
6416
6415
6413
6411
6410
6410
6410
6409
6409
6407
6403
6402
6401
6401
6400
6398
6397
6396
6396
6395
6392
6391
6391
6391
6391
6390
6387
6387
6384
6380
6379
6377
6377
6376
6376
6375
6374
6373
6372
6369
6368
6367
6366
6365
6365
6363
6363
6361
6361
6360
6359
6359
6356
6354
6354
6351
6350
6350
6350
6349
6349
6348
6348
6347
6346
6343
6343
6340
6340
6340
6339
6339
6338
6338
6335
6335
6334
6334
6332
6331
6330
6330
6328
6327
6326
6326
6326
6326
6325
6325
6323
6322
6322
6321
6319
6318
6317
6315
6315
6314
6313
6313
6312
6312
6312
6312
6312
6311
6311
6308
6307
6307
6306
6306
6305
6304
6304
6303
6303
6299
6298
6297
6297
6296
6295
6295
6293
6293
6293
6292
6291
6291
6291
6290
6289
6289
6288
6288
6287
6287
6287
6286
6286
6285
6284
6283
6280
6280
6279
6277
6277
6276
6276
6275
6273
6273
6272
6272
6272
6271
6271
6269
6268
6267
6266
6265
6263
6262
6260
6260
6260
6258
6258
6258
6258
6258
6255
6255
6252
6252
6250
6249
6248
6248
6245
6243
6243
6242
6241
6239
6239
6237
6236
6236
6234
6232
6231
6230
6229
6228
6228
6227
6227
6227
6226
6225
6225
6223
6222
6222
6221
6220
6218
6218
6217
6216
6215
6214
6214
6214
6211
6210
6210
6210
6207
6207
6205
6205
6205
6204
6202
6202
6201
6201
6200
6200
6200
6196
6195
6195
6194
6194
6192
6192
6190
6189
6186
6186
6186
6184
6183
6183
6181
6180
6179
6179
6179
6177
6177
6176
6176
6175
6175
6172
6170
6169
6169
6168
6168
6168
6167
6167
6167
6166
6164
6164
6163
6163
6162
6160
6159
6156
6152
6152
6152
6151
6150
6150
6148
6147
6145
6144
6143
6140
6139
6138
6138
6135
6134
6134
6133
6132
6129
6128
6128
6123
6122
6122
6120
6119
6119
6118
6118
6117
6117
6114
6114
6113
6113
6112
6112
6112
6112
6110
6109
6109
6109
6108
6108
6108
6104
6104
6103
6102
6102
6101
6100
6099
6099
6098
6095
6093
6092
6092
6090
6087
6086
6086
6086
6085
6085
6083
6083
6082
6079
6078
6076
6075
6073
6073
6071
6071
6071
6071
6070
6070
6069
6067
6067
6065
6064
6064
6063
6062
6062
6061
6060
6060
6060
6060
6059
6058
6057
6057
6057
6055
6054
6052
6051
6050
6049
6049
6049
6048
6048
6046
6046
6046
6045
6045
6045
6044
6044
6043
6042
6042
6042
6041
6041
6041
6041
6041
6041
6041
6040
6040
6036
6036
6035
6035
6035
6034
6033
6033
6031
6031
6028
6026
6026
6025
6022
6021
6021
6020
6020
6019
6018
6018
6017
6016
6013
6013
6012
6011
6010
6009
6008
6007
6007
6004
6003
6002
5999
5997
5994
5993
5993
5992
5988
5988
5988
5986
5985
5985
5983
5982
5981
5979
5979
5975
5975
5975
5973
5967
5967
5966
5964
5963
5959
5958
5957
5957
5956
5956
5952
5951
5950
5949
5948
5947
5945
5944
5943
5941
5940
5939
5933
5933
5933
5930
5928
5928
5927
5927
5926
5925
5925
5924
5923
5922
5921
5920
5920
5917
5916
5916
5916
5914
5913
5913
5913
5911
5911
5910
5909
5908
5908
5905
5905
5903
5903
5903
5901
5901
5898
5897
5896
5893
5892
5892
5890
5890
5890
5887
5886
5886
5886
5885
5884
5881
5878
5876
5876
5876
5874
5873
5872
5871
5870
5869
5868
5865
5865
5864
5864
5864
5863
5863
5860
5860
5860
5856
5856
5855
5853
5852
5851
5849
5848
5847
5846
5846
5846
5845
5844
5844
5844
5842
5842
5841
5841
5840
5840
5840
5838
5838
5838
5837
5835
5834
5832
5832
5829
5829
5827
5826
5826
5824
5824
5824
5822
5818
5818
5815
5815
5814
5813
5813
5812
5811
5809
5808
5807
5807
5807
5807
5805
5805
5803
5803
5802
5802
5801
5800
5800
5799
5796
5796
5794
5793
5792
5792
5792
5791
5790
5790
5789
5789
5788
5788
5786
5785
5783
5782
5782
5780
5778
5778
5777
5776
5775
5775
5772
5771
5771
5771
5769
5769
5769
5768
5767
5767
5764
5761
5760
5760
5759
5757
5757
5756
5756
5755
5754
5753
5753
5752
5751
5751
5750
5750
5747
5745
5745
5744
5744
5741
5739
5739
5738
5737
5737
5736
5736
5734
5732
5732
5731
5731
5731
5730
5729
5728
5727
5726
5726
5726
5725
5724
5722
5721
5719
5719
5717
5716
5715
5713
5712
5711
5710
5710
5709
5709
5707
5707
5706
5704
5703
5703
5703
5702
5700
5697
5696
5695
5695
5695
5694
5694
5694
5694
5693
5693
5692
5690
5690
5689
5688
5686
5686
5683
5682
5682
5681
5681
5681
5680
5680
5679
5678
5678
5677
5677
5676
5676
5676
5675
5674
5674
5673
5673
5671
5670
5670
5669
5667
5666
5666
5665
5665
5663
5663
5663
5662
5662
5659
5656
5656
5655
5655
5654
5652
5650
5649
5649
5649
5648
5647
5647
5646
5645
5645
5644
5643
5641
5637
5637
5634
5633
5633
5632
5632
5631
5631
5630
5630
5628
5622
5618
5615
5615
5613
5612
5612
5611
5610
5609
5609
5607
5607
5607
5605
5605
5605
5604
5603
5603
5601
5600
5599
5599
5598
5596
5596
5595
5594
5590
5590
5588
5588
5588
5588
5588
5587
5587
5586
5586
5585
5585
5584
5584
5583
5581
5581
5580
5578
5577
5576
5576
5576
5575
5574
5574
5573
5573
5570
5569
5567
5567
5566
5565
5565
5565
5564
5564
5561
5560
5560
5559
5558
5553
5553
5553
5552
5551
5549
5549
5549
5549
5548
5548
5545
5544
5543
5543
5543
5540
5540
5538
5538
5538
5532
5531
5530
5529
5528
5527
5526
5525
5524
5524
5520
5520
5520
5519
5517
5514
5513
5512
5511
5511
5511
5510
5509
5509
5509
5508
5508
5506
5506
5505
5505
5504
5503
5497
5497
5496
5496
5495
5494
5492
5491
5491
5490
5488
5486
5486
5485
5483
5482
5480
5478
5477
5474
5471
5471
5470
5469
5469
5466
5463
5463
5462
5462
5460
5459
5458
5456
5456
5454
5454
5452
5452
5449
5444
5444
5443
5443
5443
5443
5442
5442
5441
5439
5439
5436
5436
5436
5436
5436
5435
5434
5434
5431
5431
5430
5429
5426
5425
5424
5422
5421
5421
5418
5417
5417
5414
5414
5413
5413
5411
5409
5408
5407
5407
5407
5406
5405
5405
5404
5403
5403
5402
5402
5401
5400
5400
5398
5397
5396
5395
5395
5395
5393
5393
5390
5390
5389
5389
5388
5387
5387
5386
5384
5384
5383
5382
5380
5379
5379
5379
5378
5377
5376
5375
5375
5374
5373
5372
5371
5365
5365
5364
5361
5359
5358
5357
5356
5355
5354
5354
5353
5352
5352
5350
5350
5349
5348
5348
5347
5345
5344
5343
5341
5341
5338
5338
5338
5337
5337
5335
5334
5332
5332
5330
5329
5325
5323
5323
5322
5321
5320
5319
5319
5318
5318
5317
5317
5316
5315
5313
5313
5313
5312
5311
5310
5309
5308
5306
5306
5306
5306
5303
5303
5299
5298
5298
5296
5294
5293
5291
5290
5290
5289
5288
5288
5288
5287
5285
5285
5285
5284
5284
5279
5279
5279
5278
5276
5276
5275
5275
5275
5274
5272
5271
5270
5269
5269
5267
5265
5265
5265
5265
5264
5263
5262
5261
5259
5258
5258
5257
5257
5255
5254
5250
5248
5248
5246
5246
5246
5246
5244
5244
5244
5243
5242
5242
5241
5241
5240
5239
5239
5237
5237
5237
5233
5232
5232
5232
5231
5231
5231
5229
5229
5229
5228
5227
5226
5226
5225
5224
5223
5223
5223
5220
5218
5218
5217
5217
5214
5212
5209
5209
5208
5207
5205
5205
5204
5203
5203
5202
5198
5197
5196
5196
5194
5194
5193
5193
5191
5189
5188
5188
5185
5185
5185
5185
5184
5181
5180
5179
5178
5178
5176
5175
5175
5174
5174
5173
5173
5172
5172
5171
5171
5170
5169
5169
5168
5168
5165
5164
5164
5163
5163
5163
5162
5161
5160
5160
5159
5158
5158
5156
5154
5154
5153
5153
5151
5150
5150
5149
5149
5148
5145
5144
5144
5144
5144
5144
5139
5139
5137
5135
5132
5132
5131
5130
5130
5129
5129
5129
5127
5126
5126
5126
5126
5125
5121
5121
5120
5119
5117
5117
5115
5115
5114
5114
5114
5113
5113
5112
5111
5111
5109
5108
5108
5108
5103
5101
5100
5099
5098
5098
5097
5096
5094
5091
5091
5090
5090
5089
5089
5088
5087
5086
5085
5084
5082
5082
5081
5081
5080
5080
5079
5079
5079
5079
5077
5076
5075
5074
5074
5072
5071
5070
5070
5069
5068
5068
5067
5065
5064
5064
5061
5061
5061
5059
5056
5054
5054
5054
5053
5052
5052
5050
5049
5049
5047
5047
5046
5045
5044
5042
5041
5039
5037
5035
5035
5033
5032
5031
5031
5030
5029
5028
5026
5026
5025
5023
5019
5017
5017
5015
5013
5013
5012
5011
5009
5008
5008
5008
5007
5006
5006
5006
5006
5005
5003
5002
5000
4999
4998
4995
4995
4995
4994
4993
4992
4992
4991
4990
4987
4986
4985
4985
4985
4983
4981
4980
4980
4979
4979
4978
4978
4977
4977
4976
4976
4975
4975
4975
4973
4973
4972
4971
4970
4968
4967
4964
4964
4963
4959
4958
4958
4958
4957
4957
4956
4952
4951
4951
4950
4950
4950
4949
4947
4947
4945
4944
4943
4943
4943
4941
4940
4939
4939
4939
4939
4939
4938
4936
4935
4934
4932
4931
4931
4929
4928
4927
4926
4926
4925
4924
4924
4922
4921
4921
4916
4916
4915
4915
4915
4914
4913
4912
4912
4912
4912
4908
4908
4908
4904
4904
4903
4902
4902
4902
4901
4901
4898
4898
4897
4896
4896
4896
4896
4893
4889
4888
4887
4885
4883
4883
4882
4880
4880
4878
4878
4877
4876
4875
4875
4874
4874
4873
4873
4873
4872
4871
4870
4869
4867
4866
4865
4864
4863
4863
4859
4858
4858
4857
4857
4853
4852
4852
4847
4846
4846
4846
4845
4843
4842
4840
4840
4839
4839
4837
4836
4836
4835
4833
4833
4833
4831
4831
4830
4830
4828
4828
4828
4826
4826
4826
4825
4823
4823
4823
4821
4818
4817
4815
4815
4814
4811
4811
4811
4811
4806
4806
4805
4800
4799
4799
4798
4797
4797
4796
4796
4795
4795
4795
4794
4793
4793
4791
4790
4788
4788
4787
4787
4786
4785
4785
4784
4783
4781
4780
4779
4779
4776
4776
4775
4774
4773
4773
4772
4771
4770
4769
4767
4765
4765
4763
4763
4762
4762
4761
4760
4760
4759
4759
4758
4757
4757
4754
4753
4752
4752
4749
4748
4748
4747
4746
4745
4745
4744
4743
4743
4743
4742
4742
4739
4739
4739
4738
4737
4737
4737
4736
4736
4734
4733
4733
4733
4731
4731
4731
4730
4726
4726
4725
4721
4720
4719
4715
4715
4715
4715
4712
4711
4710
4710
4710
4709
4705
4704
4703
4702
4701
4699
4699
4699
4699
4699
4698
4698
4698
4697
4696
4695
4692
4692
4692
4690
4689
4688
4687
4685
4683
4683
4682
4679
4678
4678
4677
4677
4676
4676
4675
4673
4673
4671
4670
4670
4669
4669
4668
4665
4663
4658
4657
4657
4656
4656
4653
4651
4650
4649
4647
4645
4645
4644
4644
4644
4642
4641
4641
4641
4640
4638
4638
4637
4636
4635
4635
4633
4632
4632
4632
4632
4631
4631
4630
4630
4629
4628
4628
4627
4627
4626
4625
4625
4625
4623
4623
4623
4623
4622
4622
4621
4621
4621
4619
4619
4619
4618
4618
4617
4617
4616
4615
4613
4612
4612
4611
4610
4610
4607
4607
4607
4607
4607
4606
4605
4605
4604
4603
4603
4603
4602
4602
4602
4602
4599
4599
4599
4598
4596
4596
4595
4594
4593
4593
4592
4590
4589
4589
4588
4587
4586
4584
4584
4584
4583
4583
4583
4582
4581
4580
4580
4579
4579
4578
4576
4576
4575
4574
4574
4573
4573
4570
4570
4569
4569
4568
4564
4563
4562
4561
4560
4559
4559
4558
4558
4557
4557
4555
4554
4553
4552
4551
4551
4549
4548
4547
4546
4545
4544
4542
4542
4541
4541
4540
4539
4539
4537
4536
4534
4534
4529
4529
4529
4526
4525
4525
4522
4522
4519
4517
4516
4515
4515
4514
4514
4513
4513
4512
4512
4510
4510
4509
4509
4509
4508
4506
4506
4506
4503
4501
4498
4497
4493
4491
4489
4488
4487
4487
4486
4483
4483
4481
4480
4480
4472
4471
4471
4470
4469
4468
4468
4466
4465
4464
4463
4460
4460
4460
4458
4457
4457
4457
4456
4454
4454
4454
4453
4452
4452
4452
4452
4451
4451
4448
4448
4446
4444
4444
4441
4441
4440
4440
4439
4439
4438
4438
4438
4434
4434
4433
4433
4432
4432
4430
4430
4429
4428
4428
4426
4425
4422
4422
4421
4419
4413
4413
4413
4412
4412
4412
4406
4405
4405
4404
4404
4403
4402
4401
4400
4398
4395
4392
4391
4391
4390
4390
4390
4386
4385
4384
4384
4383
4381
4381
4379
4378
4378
4376
4375
4375
4373
4372
4371
4371
4371
4370
4368
4368
4368
4367
4367
4366
4365
4365
4363
4363
4363
4363
4362
4362
4362
4359
4358
4357
4356
4355
4355
4354
4354
4354
4353
4353
4352
4347
4345
4342
4342
4342
4339
4337
4337
4334
4332
4330
4329
4327
4327
4326
4326
4326
4326
4323
4321
4321
4320
4318
4318
4317
4316
4316
4315
4315
4314
4311
4309
4308
4308
4308
4307
4304
4302
4302
4298
4295
4291
4289
4289
4289
4289
4289
4288
4287
4286
4286
4286
4285
4283
4281
4281
4280
4280
4280
4277
4276
4274
4273
4273
4273
4272
4272
4272
4271
4270
4269
4269
4269
4267
4267
4267
4267
4265
4265
4264
4262
4261
4260
4257
4256
4255
4254
4254
4252
4252
4251
4250
4249
4247
4247
4242
4241
4240
4238
4236
4236
4236
4233
4232
4232
4231
4231
4231
4231
4231
4230
4226
4226
4225
4225
4225
4222
4220
4219
4218
4216
4215
4214
4214
4213
4213
4212
4211
4211
4210
4209
4207
4206
4202
4202
4201
4200
4200
4198
4197
4197
4195
4194
4194
4193
4193
4190
4189
4188
4187
4186
4186
4186
4185
4184
4183
4181
4181
4181
4180
4177
4176
4176
4174
4172
4171
4171
4171
4169
4167
4167
4166
4166
4165
4165
4164
4164
4163
4163
4162
4158
4157
4156
4156
4156
4155
4154
4153
4152
4148
4146
4146
4146
4146
4145
4145
4145
4140
4140
4138
4135
4134
4134
4132
4131
4131
4131
4130
4129
4129
4127
4126
4125
4125
4123
4122
4122
4120
4119
4116
4115
4115
4114
4114
4111
4111
4111
4111
4110
4109
4108
4105
4104
4101
4100
4099
4097
4096
4096
4095
4095
4094
4094
4094
4093
4093
4092
4091
4091
4090
4089
4089
4086
4085
4084
4084
4082
4079
4078
4076
4076
4075
4074
4073
4073
4072
4071
4071
4068
4068
4067
4067
4065
4065
4065
4063
4063
4062
4061
4061
4061
4058
4058
4057
4056
4055
4055
4055
4053
4050
4050
4049
4049
4048
4048
4048
4048
4048
4047
4047
4047
4046
4046
4045
4044
4043
4042
4042
4042
4041
4038
4038
4037
4037
4037
4035
4034
4034
4033
4030
4030
4028
4027
4027
4027
4024
4022
4021
4021
4020
4020
4020
4019
4019
4019
4016
4016
4015
4015
4014
4011
4011
4010
4009
4008
4005
4004
4004
4004
4003
4003
4000
3999
3997
3997
3996
3996
3995
3993
3990
3989
3988
3987
3987
3984
3980
3979
3977
3977
3976
3976
3976
3976
3976
3975
3975
3975
3974
3973
3973
3973
3970
3969
3968
3968
3966
3966
3966
3965
3962
3962
3959
3957
3956
3952
3951
3950
3950
3950
3949
3949
3948
3947
3946
3946
3945
3944
3944
3943
3940
3938
3938
3937
3937
3935
3932
3931
3930
3930
3930
3929
3928
3926
3924
3923
3923
3922
3920
3919
3917
3916
3915
3915
3914
3914
3914
3913
3913
3913
3912
3911
3910
3910
3909
3908
3907
3905
3904
3904
3904
3904
3901
3901
3901
3900
3899
3897
3896
3892
3892
3891
3889
3888
3888
3886
3885
3885
3885
3883
3883
3883
3883
3881
3880
3879
3879
3878
3875
3874
3874
3872
3871
3871
3871
3871
3867
3867
3867
3867
3866
3866
3865
3864
3862
3862
3861
3859
3858
3857
3856
3856
3856
3855
3855
3852
3851
3849
3847
3846
3845
3844
3843
3842
3841
3840
3839
3838
3838
3837
3837
3837
3834
3833
3833
3832
3831
3831
3830
3828
3828
3828
3828
3827
3827
3826
3825
3822
3821
3821
3819
3814
3814
3813
3812
3811
3809
3808
3808
3807
3806
3806
3806
3805
3798
3796
3796
3793
3790
3788
3787
3784
3784
3784
3783
3782
3781
3781
3779
3779
3779
3774
3774
3774
3774
3774
3773
3772
3769
3769
3768
3768
3767
3767
3766
3763
3762
3761
3760
3759
3758
3758
3756
3755
3754
3753
3753
3753
3752
3751
3750
3750
3748
3748
3747
3747
3745
3744
3744
3743
3743
3741
3741
3739
3738
3737
3737
3737
3735
3734
3730
3726
3726
3726
3725
3724
3724
3723
3723
3723
3722
3720
3720
3719
3717
3713
3713
3711
3710
3709
3706
3705
3705
3702
3701
3700
3699
3698
3697
3697
3697
3692
3691
3691
3690
3690
3689
3689
3689
3687
3686
3686
3686
3686
3684
3683
3683
3683
3678
3676
3676
3675
3675
3674
3674
3673
3671
3671
3671
3668
3668
3666
3665
3663
3662
3662
3661
3660
3659
3659
3658
3658
3658
3657
3657
3655
3655
3655
3654
3652
3652
3651
3650
3650
3647
3645
3645
3642
3641
3640
3639
3638
3637
3636
3636
3636
3635
3634
3634
3634
3633
3632
3632
3631
3631
3630
3630
3629
3628
3628
3628
3627
3624
3624
3622
3620
3618
3617
3617
3614
3614
3613
3611
3611
3607
3606
3606
3605
3604
3603
3599
3599
3599
3598
3597
3596
3596
3596
3595
3595
3595
3594
3593
3591
3591
3590
3589
3589
3589
3588
3587
3587
3586
3582
3581
3580
3580
3577
3576
3574
3574
3573
3572
3571
3571
3571
3571
3570
3570
3568
3567
3567
3566
3565
3564
3564
3564
3564
3562
3561
3558
3558
3553
3551
3551
3551
3551
3551
3550
3548
3548
3548
3547
3546
3546
3545
3545
3544
3543
3543
3540
3538
3537
3537
3535
3535
3534
3533
3532
3529
3528
3528
3527
3523
3523
3523
3522
3522
3520
3518
3518
3518
3518
3516
3516
3514
3510
3510
3510
3510
3510
3509
3506
3505
3505
3503
3503
3502
3502
3502
3502
3502
3501
3501
3499
3498
3498
3497
3497
3496
3495
3495
3495
3495
3494
3493
3493
3492
3491
3491
3491
3490
3490
3487
3486
3485
3485
3485
3485
3484
3483
3483
3481
3473
3469
3468
3466
3465
3464
3462
3459
3459
3459
3457
3456
3456
3455
3455
3454
3453
3452
3447
3447
3446
3445
3444
3443
3443
3442
3439
3439
3437
3436
3434
3431
3428
3427
3427
3424
3424
3424
3421
3420
3417
3417
3416
3414
3414
3413
3413
3411
3409
3408
3407
3404
3404
3403
3403
3402
3402
3399
3398
3398
3396
3395
3393
3393
3392
3392
3391
3390
3389
3388
3387
3387
3385
3385
3385
3384
3380
3378
3377
3377
3376
3376
3375
3375
3373
3371
3370
3367
3366
3365
3363
3362
3360
3360
3359
3359
3359
3359
3359
3358
3358
3357
3357
3357
3357
3355
3355
3354
3353
3352
3351
3348
3348
3346
3346
3345
3344
3344
3343
3343
3342
3342
3338
3338
3336
3334
3333
3331
3329
3328
3327
3326
3326
3325
3325
3323
3321
3321
3319
3318
3317
3317
3317
3316
3316
3315
3315
3315
3314
3314
3312
3311
3308
3306
3305
3304
3303
3303
3302
3302
3300
3299
3299
3297
3297
3297
3296
3295
3294
3293
3292
3291
3291
3291
3290
3290
3289
3288
3288
3287
3287
3286
3286
3284
3283
3283
3282
3279
3278
3277
3277
3276
3273
3271
3268
3268
3267
3267
3267
3266
3266
3265
3265
3264
3263
3263
3263
3261
3260
3260
3259
3258
3257
3257
3257
3256
3255
3255
3253
3252
3252
3252
3252
3251
3250
3249
3248
3247
3246
3246
3245
3244
3241
3239
3239
3239
3238
3237
3235
3235
3234
3234
3232
3232
3232
3231
3231
3230
3229
3228
3226
3223
3223
3222
3222
3220
3220
3218
3215
3215
3214
3214
3213
3213
3212
3211
3211
3210
3210
3210
3209
3208
3205
3205
3205
3204
3204
3203
3202
3201
3201
3200
3199
3198
3198
3198
3197
3197
3197
3195
3193
3192
3191
3191
3191
3191
3187
3187
3185
3182
3182
3180
3180
3179
3178
3178
3177
3172
3170
3170
3169
3168
3166
3166
3164
3164
3164
3163
3163
3162
3162
3161
3160
3159
3158
3158
3156
3155
3154
3153
3152
3151
3150
3148
3147
3146
3145
3145
3142
3142
3140
3139
3139
3139
3138
3135
3134
3134
3131
3131
3129
3129
3128
3126
3123
3123
3122
3120
3117
3113
3111
3110
3109
3108
3107
3107
3106
3105
3104
3103
3101
3099
3099
3099
3099
3098
3096
3096
3094
3094
3090
3089
3088
3088
3085
3083
3083
3080
3078
3078
3076
3076
3075
3075
3072
3072
3069
3068
3068
3063
3062
3061
3061
3060
3059
3059
3058
3058
3055
3054
3054
3052
3051
3051
3049
3049
3048
3047
3045
3043
3043
3042
3041
3038
3037
3031
3030
3030
3029
3028
3027
3027
3026
3025
3024
3024
3024
3022
3021
3020
3020
3020
3018
3017
3016
3014
3014
3014
3012
3010
3009
3008
3008
3008
3007
3007
3007
3006
3005
3005
3005
3004
3002
3001
3000
2999
2998
2997
2997
2996
2995
2995
2994
2994
2994
2994
2993
2993
2993
2993
2992
2989
2988
2987
2987
2984
2984
2983
2977
2977
2977
2977
2974
2974
2971
2970
2970
2970
2966
2965
2964
2964
2964
2962
2962
2962
2961
2960
2960
2960
2960
2959
2959
2958
2957
2954
2952
2951
2947
2947
2944
2943
2943
2942
2941
2941
2940
2940
2940
2938
2936
2936
2935
2933
2931
2928
2927
2927
2927
2926
2926
2925
2924
2923
2921
2920
2920
2915
2914
2914
2913
2913
2909
2907
2906
2905
2904
2904
2904
2903
2903
2902
2902
2902
2902
2901
2900
2900
2899
2899
2899
2898
2897
2895
2894
2893
2892
2892
2892
2891
2890
2890
2890
2888
2888
2887
2886
2885
2883
2881
2879
2877
2876
2875
2873
2872
2872
2871
2870
2870
2867
2866
2864
2864
2864
2864
2864
2862
2862
2862
2861
2861
2859
2859
2857
2857
2857
2856
2856
2855
2855
2853
2853
2851
2849
2849
2849
2846
2843
2843
2839
2836
2835
2835
2834
2833
2833
2833
2832
2829
2828
2828
2827
2827
2827
2827
2826
2826
2825
2819
2819
2818
2816
2814
2813
2813
2812
2812
2812
2810
2810
2807
2807
2807
2807
2807
2806
2806
2803
2803
2802
2801
2800
2800
2800
2799
2799
2799
2798
2792
2788
2788
2788
2785
2784
2783
2781
2781
2781
2779
2779
2778
2778
2778
2776
2776
2776
2773
2772
2771
2770
2768
2767
2767
2764
2762
2762
2762
2762
2761
2760
2760
2760
2759
2759
2758
2757
2757
2757
2757
2756
2753
2752
2751
2750
2750
2750
2747
2745
2744
2742
2741
2740
2738
2738
2738
2738
2736
2736
2735
2734
2734
2733
2731
2729
2727
2726
2725
2725
2724
2723
2723
2722
2721
2721
2717
2716
2716
2715
2715
2712
2711
2709
2709
2708
2707
2704
2704
2704
2703
2703
2699
2698
2697
2697
2695
2692
2689
2688
2686
2685
2685
2685
2685
2683
2683
2683
2682
2680
2679
2679
2677
2676
2675
2675
2674
2672
2672
2671
2671
2670
2668
2668
2667
2666
2664
2663
2663
2662
2659
2657
2657
2656
2654
2654
2652
2652
2651
2649
2649
2647
2647
2645
2644
2643
2641
2640
2640
2640
2639
2639
2638
2637
2635
2635
2635
2633
2632
2631
2629
2629
2627
2627
2627
2626
2626
2625
2625
2624
2624
2624
2623
2621
2621
2621
2619
2619
2619
2619
2618
2617
2614
2614
2612
2610
2609
2607
2606
2606
2605
2602
2599
2599
2596
2595
2593
2593
2592
2592
2590
2589
2588
2586
2584
2581
2581
2579
2579
2576
2576
2574
2573
2572
2571
2571
2570
2569
2567
2566
2566
2563
2563
2563
2562
2561
2561
2561
2561
2560
2560
2559
2559
2559
2559
2556
2555
2555
2553
2553
2552
2551
2550
2550
2549
2549
2548
2548
2548
2547
2547
2546
2546
2546
2546
2544
2544
2543
2542
2542
2540
2540
2539
2538
2537
2537
2535
2534
2534
2533
2533
2532
2531
2528
2527
2526
2526
2523
2523
2522
2522
2522
2520
2520
2519
2518
2516
2516
2514
2514
2512
2511
2511
2511
2510
2509
2508
2507
2503
2503
2501
2500
2497
2497
2496
2496
2496
2493
2491
2491
2490
2490
2490
2488
2488
2487
2486
2485
2485
2481
2480
2477
2476
2476
2475
2474
2473
2472
2471
2470
2470
2470
2468
2466
2465
2464
2464
2463
2463
2461
2459
2459
2458
2458
2455
2455
2455
2455
2454
2453
2453
2452
2450
2447
2446
2444
2444
2443
2442
2441
2441
2440
2440
2439
2439
2437
2434
2433
2433
2429
2428
2426
2426
2423
2423
2421
2419
2419
2418
2417
2414
2414
2413
2413
2412
2412
2411
2411
2410
2409
2409
2409
2408
2406
2406
2405
2405
2404
2403
2402
2402
2402
2401
2394
2394
2393
2392
2390
2390
2390
2389
2387
2385
2385
2384
2384
2384
2384
2381
2380
2378
2377
2377
2375
2375
2370
2370
2370
2369
2368
2368
2367
2366
2364
2364
2364
2362
2362
2361
2361
2360
2360
2359
2356
2351
2351
2350
2348
2347
2346
2345
2345
2344
2344
2343
2343
2341
2341
2340
2340
2340
2339
2339
2338
2338
2335
2333
2332
2332
2331
2330
2330
2329
2328
2327
2327
2327
2323
2321
2321
2320
2320
2320
2319
2319
2318
2317
2317
2316
2316
2313
2313
2313
2312
2311
2310
2310
2307
2307
2305
2305
2304
2303
2303
2302
2301
2301
2300
2298
2297
2296
2295
2293
2292
2291
2290
2290
2289
2287
2286
2286
2285
2284
2283
2283
2281
2279
2275
2274
2273
2273
2272
2266
2265
2265
2265
2263
2263
2263
2262
2259
2257
2257
2255
2254
2254
2254
2254
2252
2250
2250
2248
2248
2247
2247
2246
2245
2244
2243
2241
2238
2236
2236
2236
2236
2235
2234
2233
2232
2231
2230
2230
2229
2228
2228
2227
2227
2226
2222
2222
2222
2220
2220
2218
2217
2216
2216
2213
2212
2211
2209
2209
2208
2208
2208
2207
2207
2204
2204
2201
2201
2200
2197
2193
2191
2191
2191
2190
2184
2182
2181
2181
2179
2178
2177
2176
2176
2174
2172
2169
2168
2167
2164
2163
2163
2163
2162
2160
2159
2159
2157
2151
2150
2150
2149
2148
2146
2143
2142
2142
2141
2141
2140
2140
2139
2139
2139
2137
2134
2133
2133
2133
2132
2132
2130
2130
2125
2125
2125
2124
2124
2123
2122
2121
2121
2121
2119
2118
2118
2118
2118
2118
2115
2115
2112
2111
2111
2110
2107
2106
2106
2105
2105
2105
2105
2105
2104
2100
2098
2097
2097
2097
2096
2096
2096
2095
2092
2091
2090
2089
2089
2089
2087
2085
2085
2085
2085
2085
2083
2081
2081
2080
2079
2078
2078
2076
2075
2075
2074
2072
2069
2069
2066
2065
2062
2062
2062
2061
2059
2054
2053
2053
2051
2051
2050
2050
2050
2049
2048
2047
2046
2044
2040
2039
2037
2035
2033
2033
2033
2033
2032
2032
2030
2029
2028
2028
2027
2026
2025
2024
2023
2022
2019
2019
2018
2018
2018
2017
2016
2016
2013
2013
2011
2010
2008
2008
2007
2005
2001
1999
1998
1998
1997
1997
1997
1996
1995
1995
1993
1993
1993
1990
1990
1989
1989
1988
1987
1983
1983
1980
1980
1979
1979
1977
1974
1974
1973
1971
1969
1968
1968
1967
1967
1966
1966
1965
1963
1963
1962
1962
1959
1957
1956
1955
1955
1954
1954
1952
1952
1950
1948
1948
1947
1947
1946
1945
1945
1945
1944
1943
1941
1940
1938
1937
1937
1935
1933
1932
1932
1930
1929
1928
1925
1924
1921
1917
1917
1916
1915
1914
1914
1911
1911
1909
1908
1908
1906
1904
1903
1902
1901
1899
1897
1897
1897
1896
1895
1894
1893
1891
1891
1890
1889
1887
1883
1883
1883
1883
1879
1878
1878
1877
1875
1875
1874
1874
1872
1872
1870
1868
1867
1865
1864
1864
1863
1863
1863
1862
1861
1861
1860
1860
1860
1858
1858
1858
1857
1853
1853
1852
1852
1851
1850
1849
1848
1848
1848
1846
1846
1845
1844
1844
1842
1841
1841
1841
1840
1839
1839
1839
1837
1836
1834
1834
1831
1831
1831
1830
1829
1829
1828
1827
1827
1826
1825
1825
1824
1823
1823
1821
1817
1816
1816
1813
1811
1810
1809
1807
1806
1806
1805
1804
1802
1802
1800
1800
1799
1797
1796
1795
1794
1791
1790
1790
1790
1788
1788
1787
1787
1786
1786
1786
1786
1781
1781
1779
1779
1777
1776
1775
1775
1773
1771
1771
1771
1770
1767
1767
1767
1766
1766
1766
1765
1763
1763
1763
1759
1757
1755
1752
1752
1751
1751
1751
1750
1749
1748
1747
1747
1747
1746
1746
1743
1742
1742
1741
1741
1741
1740
1739
1737
1736
1736
1734
1729
1729
1728
1727
1725
1725
1725
1723
1723
1723
1722
1721
1721
1717
1716
1715
1715
1715
1715
1715
1714
1711
1709
1709
1708
1707
1707
1707
1706
1705
1705
1704
1702
1701
1700
1697
1696
1695
1694
1692
1691
1691
1691
1691
1688
1688
1685
1683
1682
1682
1682
1681
1680
1679
1679
1678
1677
1677
1677
1676
1675
1674
1672
1672
1671
1670
1668
1666
1665
1665
1664
1662
1662
1661
1659
1659
1659
1658
1658
1657
1657
1653
1652
1652
1650
1648
1647
1646
1646
1645
1642
1641
1640
1639
1637
1637
1637
1636
1633
1631
1631
1630
1629
1626
1626
1625
1624
1623
1623
1623
1623
1623
1623
1622
1621
1621
1619
1618
1617
1616
1616
1615
1613
1613
1612
1611
1611
1611
1609
1609
1608
1607
1607
1606
1605
1605
1604
1598
1596
1596
1594
1593
1592
1590
1589
1589
1589
1588
1587
1587
1586
1586
1585
1585
1584
1583
1581
1581
1579
1578
1576
1576
1573
1573
1573
1571
1570
1570
1569
1569
1567
1567
1566
1565
1564
1561
1560
1559
1558
1558
1557
1557
1556
1556
1552
1552
1552
1548
1547
1547
1545
1543
1543
1542
1542
1540
1539
1538
1536
1535
1534
1533
1532
1531
1531
1528
1528
1526
1526
1524
1524
1521
1520
1519
1519
1519
1518
1517
1516
1516
1515
1514
1513
1512
1512
1512
1508
1506
1505
1504
1503
1501
1500
1500
1499
1499
1498
1497
1497
1496
1495
1494
1494
1494
1493
1490
1489
1487
1487
1485
1485
1485
1484
1484
1482
1482
1481
1479
1477
1477
1474
1474
1472
1472
1471
1471
1469
1465
1463
1462
1460
1460
1460
1460
1460
1458
1456
1454
1452
1452
1451
1451
1451
1448
1448
1448
1447
1446
1444
1443
1443
1441
1441
1440
1436
1435
1435
1435
1434
1433
1433
1432
1431
1431
1431
1428
1426
1426
1425
1423
1422
1415
1415
1414
1413
1413
1413
1411
1411
1411
1409
1407
1407
1405
1404
1404
1401
1401
1401
1400
1400
1399
1399
1395
1394
1394
1394
1394
1392
1389
1388
1384
1380
1380
1380
1379
1379
1375
1375
1373
1373
1373
1372
1371
1369
1369
1368
1368
1367
1365
1364
1364
1362
1361
1358
1358
1356
1356
1356
1355
1354
1353
1352
1349
1349
1349
1348
1348
1346
1346
1345
1343
1342
1340
1340
1340
1340
1339
1338
1337
1337
1336
1336
1336
1336
1335
1334
1333
1331
1329
1329
1328
1327
1327
1326
1324
1324
1323
1323
1323
1322
1322
1320
1319
1319
1318
1315
1314
1313
1313
1312
1311
1310
1309
1307
1306
1303
1303
1302
1301
1300
1300
1299
1299
1296
1288
1285
1285
1285
1284
1281
1281
1280
1280
1277
1277
1276
1275
1275
1275
1272
1270
1269
1268
1268
1267
1266
1266
1264
1263
1262
1262
1262
1260
1260
1260
1259
1259
1257
1255
1255
1254
1254
1250
1250
1250
1248
1247
1246
1245
1245
1244
1243
1241
1240
1240
1240
1240
1240
1239
1239
1234
1232
1232
1229
1228
1227
1227
1225
1225
1225
1225
1224
1224
1223
1221
1221
1219
1219
1217
1214
1211
1210
1210
1209
1209
1208
1205
1201
1199
1198
1198
1198
1198
1197
1196
1196
1194
1193
1193
1192
1192
1191
1190
1189
1184
1181
1179
1179
1179
1178
1177
1177
1177
1176
1175
1175
1173
1173
1172
1171
1170
1167
1166
1165
1165
1163
1162
1161
1161
1161
1160
1160
1160
1158
1158
1157
1156
1156
1154
1153
1153
1152
1152
1148
1148
1148
1147
1147
1145
1145
1142
1141
1141
1140
1139
1136
1136
1136
1134
1134
1132
1130
1129
1128
1128
1127
1126
1126
1125
1125
1124
1124
1122
1120
1119
1119
1118
1117
1117
1116
1115
1115
1113
1113
1111
1110
1110
1109
1105
1104
1103
1102
1099
1098
1098
1096
1095
1090
1090
1090
1089
1087
1086
1086
1085
1085
1084
1084
1083
1083
1083
1081
1081
1080
1079
1079
1075
1073
1072
1069
1069
1067
1066
1065
1065
1062
1061
1060
1060
1058
1056
1056
1055
1052
1052
1051
1050
1049
1049
1046
1046
1046
1045
1043
1042
1039
1038
1038
1037
1037
1037
1036
1034
1032
1032
1030
1028
1026
1026
1024
1021
1020
1020
1019
1019
1018
1015
1015
1014
1013
1013
1013
1010
1007
1006
1006
1004
1002
1002
1002
1000
997
997
996
996
995
995
992
991
990
990
989
988
988
988
988
987
987
986
986
984
983
979
979
978
978
977
976
974
971
971
970
969
968
967
966
965
965
964
963
963
960
960
958
955
954
954
954
954
953
952
951
951
951
950
949
948
947
946
946
946
945
945
944
944
942
941
939
939
938
938
937
937
936
935
934
933
932
930
928
928
928
925
925
923
922
922
921
919
917
916
915
915
914
913
913
912
911
911
910
910
910
907
907
907
907
904
903
902
902
901
901
900
899
899
895
895
894
894
893
893
891
889
888
886
885
885
884
883
883
883
882
881
880
879
878
877
877
877
877
876
875
875
874
874
874
871
870
866
866
864
864
863
863
861
861
861
860
860
854
854
853
852
851
851
849
848
846
845
845
844
843
843
843
842
841
841
838
837
836
836
836
834
833
833
833
832
831
831
829
826
825
825
825
825
824
822
821
820
819
818
818
816
812
811
810
808
807
807
805
805
800
794
794
794
793
792
790
789
787
787
787
785
785
785
785
781
779
778
777
776
775
773
770
769
768
768
768
767
767
766
765
764
764
764
762
762
759
758
757
756
756
755
754
753
752
749
747
747
746
745
744
742
742
741
739
737
736
732
732
732
726
725
725
725
725
723
721
721
720
720
718
718
716
714
709
708
707
706
706
706
705
703
703
702
702
699
698
698
697
695
695
694
693
689
685
685
684
684
684
682
681
680
679
677
676
676
676
675
674
674
674
673
672
671
670
669
669
667
665
664
664
662
662
659
659
658
657
657
657
656
656
653
652
652
650
647
647
646
646
646
645
644
643
642
642
642
639
638
636
635
635
635
634
633
631
630
629
628
628
626
626
625
625
624
623
623
621
621
620
619
619
618
617
616
611
611
610
608
608
608
605
605
604
604
600
599
598
596
595
594
593
593
592
591
588
588
586
585
582
581
579
579
578
577
576
576
575
573
573
572
572
571
571
570
570
569
566
566
566
565
565
564
563
560
559
559
559
559
558
557
557
556
556
555
554
554
554
553
553
552
552
551
549
548
547
547
546
546
546
545
544
542
541
540
540
539
538
538
538
538
536
536
530
529
529
524
522
521
521
520
520
520
519
519
519
518
518
516
515
512
511
510
510
509
508
507
506
505
504
504
503
502
500
499
499
498
498
497
496
493
491
491
491
490
490
488
487
487
487
484
484
484
482
482
481
481
481
480
480
477
473
472
471
468
467
467
466
465
465
464
464
463
461
461
461
461
457
456
456
455
455
454
454
453
451
448
447
446
444
443
442
442
439
439
436
436
436
435
435
434
433
433
432
429
429
428
428
427
427
426
426
425
422
422
421
421
421
420
419
419
419
418
417
417
417
416
414
413
411
410
409
409
409
407
407
407
405
404
404
403
403
400
400
399
399
399
396
396
394
394
394
393
393
393
392
390
388
386
382
382
382
382
382
382
381
380
379
378
378
377
377
375
375
375
375
375
373
373
371
369
369
368
367
366
366
363
362
362
361
360
359
359
357
356
355
354
354
352
351
351
348
346
346
342
342
341
340
340
340
339
338
338
338
336
335
335
332
332
330
330
330
327
326
323
320
318
317
317
316
316
316
316
315
314
314
314
313
313
312
312
311
310
309
306
304
302
301
301
300
300
300
299
298
297
297
297
296
296
295
291
288
288
286
286
285
284
284
283
282
281
280
278
275
275
273
273
273
273
270
269
269
269
268
267
265
259
259
258
258
256
256
252
252
251
250
250
249
248
247
246
242
242
241
241
240
240
240
239
238
237
237
235
234
233
233
233
233
232
231
231
229
227
227
226
226
224
224
224
223
222
220
219
215
214
214
213
212
210
210
208
208
206
206
205
204
204
202
201
200
200
199
199
198
196
195
194
190
190
189
187
186
186
186
185
183
182
180
175
173
170
167
166
165
165
165
165
164
163
162
159
158
158
156
155
155
155
155
153
153
151
151
150
149
148
148
148
148
146
146
145
145
143
143
140
138
138
134
132
131
130
130
128
127
127
126
124
124
123
121
121
120
119
116
116
115
115
113
112
111
109
109
108
107
104
102
100
99
99
98
98
98
97
97
96
96
95
93
92
88
87
86
84
82
81
81
78
78
75
74
73
73
71
71
71
71
71
70
69
68
68
67
67
67
66
64
62
60
56
53
52
52
51
49
49
47
47
46
46
46
45
44
43
42
42
42
40
40
40
39
38
38
37
33
32
32
30
30
30
29
29
29
29
28
27
27
24
23
22
21
21
20
19
18
17
16
15
15
15
12
11
11
9
8
6
6
5
4
4
4
4
3
2
1
0
0
