9998
9997
9997
9996
9995
9994
9994
9993
9993
9993
9989
9989
9988
9987
9984
9982
9982
9980
9979
9978
9978
9977
9976
9976
9975
9975
9973
9972
9972
9972
9971
9970
9969
9969
9969
9968
9968
9968
9967
9966
9965
9965
9963
9962
9959
9958
9958
9958
9955
9953
9951
9950
9949
9948
9945
9944
9943
9943
9942
9940
9938
9935
9932
9932
9931
9931
9931
9931
9929
9929
9927
9927
9926
9924
9924
9921
9921
9919
9918
9913
9912
9912
9911
9911
9911
9911
9910
9908
9907
9906
9906
9905
9905
9901
9901
9900
9899
9896
9895
9894
9894
9894
9894
9893
9893
9891
9891
9891
9890
9890
9889
9883
9883
9879
9878
9877
9876
9876
9875
9874
9873
9870
9868
9867
9865
9864
9864
9863
9861
9860
9856
9852
9851
9850
9847
9847
9846
9842
9840
9840
9838
9838
9837
9836
9835
9834
9833
9832
9831
9829
9829
9829
9828
9827
9824
9823
9822
9822
9820
9820
9819
9818
9818
9818
9816
9815
9815
9814
9814
9811
9810
9810
9807
9804
9803
9803
9803
9803
9802
9802
9800
9799
9798
9797
9797
9797
9797
9795
9785
9783
9781
9779
9779
9779
9778
9776
9775
9774
9773
9771
9769
9768
9767
9767
9766
9766
9766
9764
9762
9761
9760
9759
9758
9757
9756
9753
9753
9752
9751
9751
9750
9750
9748
9748
9746
9742
9742
9741
9740
9740
9738
9738
9737
9736
9736
9736
9736
9734
9732
9731
9731
9728
9727
9726
9726
9724
9722
9722
9721
9720
9719
9717
9717
9717
9716
9715
9714
9712
9711
9711
9709
9709
9706
9706
9704
9703
9701
9701
9701
9701
9701
9699
9697
9695
9693
9693
9691
9691
9690
9690
9688
9687
9687
9686
9686
9685
9685
9682
9682
9681
9681
9680
9680
9680
9679
9676
9675
9674
9672
9672
9669
9667
9667
9667
9666
9666
9665
9665
9665
9664
9664
9662
9661
9660
9656
9655
9655
9654
9651
9651
9649
9649
9649
9649
9647
9646
9644
9643
9640
9639
9638
9636
9633
9633
9632
9630
9629
9629
9628
9628
9627
9627
9626
9625
9624
9623
9622
9621
9621
9620
9617
9617
9617
9617
9616
9616
9615
9613
9612
9608
9607
9606
9605
9603
9601
9600
9600
9599
9599
9599
9597
9595
9594
9590
9590
9586
9586
9585
9583
9582
9582
9581
9581
9580
9579
9578
9578
9577
9577
9576
9575
9575
9572
9571
9570
9570
9569
9569
9567
9567
9566
9565
9564
9563
9563
9562
9561
9561
9559
9559
9559
9559
9558
9555
9553
9550
9548
9547
9547
9547
9547
9547
9543
9542
9542
9540
9540
9539
9539
9539
9539
9536
9536
9536
9534
9533
9531
9531
9529
9529
9528
9528
9523
9523
9522
9520
9518
9518
9517
9516
9516
9515
9515
9515
9514
9512
9510
9510
9509
9508
9507
9506
9506
9505
9504
9501
9501
9501
9501
9500
9498
9497
9497
9496
9495
9495
9494
9494
9493
9493
9493
9492
9491
9490
9490
9488
9488
9487
9486
9486
9486
9486
9484
9484
9483
9482
9480
9479
9479
9479
9479
9478
9478
9477
9477
9474
9474
9473
9473
9470
9467
9465
9464
9463
9463
9462
9461
9456
9455
9454
9454
9454
9453
9453
9453
9452
9452
9451
9448
9448
9447
9446
9445
9443
9442
9441
9441
9438
9437
9437
9436
9436
9436
9436
9435
9434
9434
9434
9434
9432
9432
9430
9430
9430
9428
9427
9427
9427
9425
9425
9425
9425
9423
9423
9423
9422
9421
9421
9419
9416
9416
9415
9415
9415
9413
9412
9408
9408
9407
9406
9406
9404
9403
9402
9399
9398
9397
9395
9395
9395
9394
9393
9392
9390
9390
9388
9388
9387
9385
9385
9385
9385
9384
9384
9383
9382
9382
9382
9382
9381
9381
9379
9376
9374
9373
9373
9371
9371
9369
9365
9364
9363
9362
9361
9359
9358
9357
9356
9356
9356
9356
9356
9354
9354
9353
9351
9350
9346
9345
9345
9343
9343
9342
9341
9340
9337
9334
9330
9330
9329
9328
9328
9327
9326
9326
9326
9325
9322
9322
9322
9322
9320
9320
9319
9318
9317
9316
9316
9316
9315
9313
9313
9312
9311
9311
9311
9311
9310
9308
9306
9303
9303
9301
9296
9294
9294
9293
9292
9292
9291
9291
9289
9288
9287
9287
9286
9284
9284
9284
9284
9283
9283
9283
9282
9282
9281
9278
9277
9276
9276
9276
9276
9275
9275
9275
9272
9271
9271
9269
9268
9266
9264
9263
9263
9261
9261
9259
9257
9257
9255
9254
9253
9252
9252
9251
9249
9248
9248
9248
9247
9246
9241
9241
9239
9239
9239
9239
9239
9236
9236
9235
9235
9233
9233
9232
9231
9230
9230
9229
9228
9227
9227
9226
9224
9224
9224
9224
9221
9218
9216
9216
9214
9210
9210
9207
9205
9204
9204
9203
9203
9202
9197
9197
9197
9195
9194
9194
9194
9193
9192
9192
9191
9191
9191
9190
9190
9188
9188
9187
9185
9184
9183
9180
9180
9179
9178
9177
9177
9177
9173
9173
9173
9172
9172
9172
9171
9170
9169
9167
9166
9166
9165
9164
9161
9157
9156
9156
9156
9155
9153
9153
9152
9149
9147
9144
9144
9143
9142
9141
9141
9137
9137
9137
9137
9134
9134
9134
9133
9132
9131
9131
9131
9130
9127
9127
9127
9125
9121
9119
9119
9118
9117
9116
9115
9114
9113
9111
9110
9110
9108
9107
9106
9105
9105
9104
9103
9102
9101
9101
9097
9097
9095
9093
9091
9088
9087
9086
9085
9084
9083
9082
9081
9081
9079
9079
9077
9077
9075
9075
9074
9073
9072
9071
9071
9071
9069
9069
9066
9066
9066
9065
9064
9063
9062
9061
9060
9058
9058
9057
9057
9054
9053
9052
9050
9050
9050
9050
9049
9049
9048
9045
9045
9044
9043
9042
9041
9040
9038
9038
9038
9036
9035
9035
9034
9033
9032
9030
9029
9028
9027
9026
9026
9026
9025
9024
9024
9022
9022
9021
9021
9019
9015
9015
9015
9013
9013
9009
9009
9008
9007
9006
9006
9006
9005
9004
9004
9004
9003
9001
9000
8998
8996
8995
8995
8994
8994
8993
8993
8991
8991
8990
8986
8984
8983
8983
8983
8981
8980
8980
8979
8979
8978
8976
8975
8974
8972
8969
8967
8967
8965
8964
8964
8961
8960
8959
8958
8958
8956
8956
8955
8955
8955
8953
8951
8950
8948
8948
8946
8945
8945
8944
8943
8942
8942
8941
8940
8935
8935
8934
8934
8931
8930
8929
8927
8925
8924
8923
8922
8920
8919
8918
8916
8916
8915
8915
8914
8913
8913
8913
8911
8911
8909
8907
8906
8904
8903
8900
8899
8898
8897
8895
8892
8888
8888
8887
8885
8884
8883
8881
8881
8881
8879
8878
8878
8877
8876
8875
8875
8874
8874
8873
8871
8871
8870
8870
8869
8867
8865
8864
8863
8863
8863
8862
8862
8861
8860
8860
8860
8860
8857
8857
8857
8856
8854
8854
8854
8854
8850
8850
8849
8847
8846
8845
8845
8844
8844
8843
8843
8842
8842
8838
8837
8836
8835
8835
8835
8835
8834
8833
8830
8830
8829
8828
8828
8827
8827
8826
8825
8825
8825
8822
8820
8820
8818
8818
8817
8817
8816
8816
8815
8813
8811
8810
8807
8807
8807
8806
8806
8804
8804
8803
8803
8802
8802
8801
8801
8800
8797
8797
8797
8796
8796
8796
8792
8791
8790
8790
8789
8788
8785
8785
8783
8782
8780
8778
8778
8778
8778
8775
8775
8774
8773
8772
8772
8769
8769
8768
8767
8764
8763
8762
8762
8761
8758
8757
8757
8756
8755
8754
8754
8754
8754
8754
8754
8753
8753
8751
8750
8749
8747
8745
8744
8744
8741
8740
8738
8738
8736
8736
8734
8734
8734
8734
8731
8731
8729
8727
8726
8725
8725
8723
8723
8720
8720
8720
8719
8717
8717
8716
8716
8716
8712
8712
8711
8710
8710
8709
8708
8708
8708
8707
8707
8707
8706
8706
8705
8703
8702
8701
8700
8700
8699
8699
8695
8695
8695
8692
8692
8692
8690
8690
8689
8689
8689
8688
8687
8684
8681
8679
8679
8678
8678
8677
8677
8676
8675
8675
8675
8674
8674
8674
8669
8669
8669
8667
8665
8665
8665
8664
8663
8663
8660
8660
8659
8659
8659
8659
8658
8656
8653
8653
8653
8652
8650
8650
8648
8646
8646
8645
8644
8644
8643
8642
8642
8641
8641
8641
8640
8640
8637
8637
8634
8633
8633
8633
8632
8631
8631
8630
8628
8627
8627
8626
8626
8625
8625
8624
8624
8623
8623
8622
8620
8619
8618
8618
8616
8615
8614
8613
8611
8607
8606
8605
8604
8603
8602
8602
8602
8600
8600
8600
8599
8598
8597
8597
8594
8593
8592
8591
8590
8590
8590
8590
8590
8589
8589
8589
8588
8586
8585
8584
8584
8584
8583
8582
8580
8578
8577
8577
8576
8576
8576
8573
8573
8572
8568
8568
8567
8566
8565
8565
8565
8561
8560
8558
8557
8557
8554
8554
8553
8552
8551
8551
8550
8550
8549
8546
8546
8546
8545
8544
8543
8542
8542
8541
8540
8540
8539
8539
8538
8537
8535
8534
8532
8531
8528
8527
8524
8522
8522
8522
8519
8519
8518
8517
8517
8515
8515
8515
8514
8513
8512
8512
8511
8510
8509
8509
8509
8503
8498
8497
8497
8497
8496
8494
8492
8491
8491
8490
8488
8485
8485
8483
8483
8483
8482
8482
8481
8480
8479
8478
8477
8477
8476
8474
8473
8473
8472
8472
8472
8471
8471
8468
8468
8466
8466
8465
8464
8464
8463
8462
8462
8460
8460
8456
8456
8456
8455
8454
8452
8452
8452
8450
8450
8449
8448
8446
8445
8445
8444
8443
8442
8440
8440
8440
8439
8438
8438
8437
8431
8430
8430
8429
8428
8427
8427
8426
8424
8423
8423
8421
8420
8419
8415
8414
8413
8413
8413
8412
8409
8409
8409
8407
8407
8407
8407
8405
8404
8403
8403
8403
8403
8402
8400
8399
8399
8398
8397
8397
8397
8395
8395
8394
8392
8391
8390
8390
8390
8389
8388
8387
8386
8385
8385
8384
8384
8383
8382
8381
8381
8381
8380
8379
8378
8378
8378
8376
8376
8375
8372
8371
8371
8370
8370
8368
8367
8367
8367
8366
8363
8362
8360
8360
8359
8359
8358
8356
8356
8355
8355
8353
8353
8352
8352
8351
8350
8350
8349
8348
8347
8346
8346
8345
8345
8344
8344
8343
8343
8341
8341
8339
8334
8334
8334
8334
8332
8331
8331
8331
8330
8329
8328
8328
8327
8327
8326
8326
8326
8325
8325
8320
8319
8318
8318
8314
8313
8312
8312
8310
8310
8309
8307
8307
8307
8306
8305
8301
8298
8298
8297
8295
8292
8290
8289
8287
8287
8287
8287
8285
8284
8284
8284
8283
8282
8279
8279
8278
8278
8278
8277
8276
8276
8274
8274
8272
8266
8265
8263
8261
8261
8260
8258
8256
8255
8253
8252
8251
8251
8250
8249
8249
8248
8247
8247
8247
8244
8244
8241
8240
8237
8237
8236
8234
8234
8233
8232
8232
8230
8230
8229
8228
8228
8226
8224
8223
8223
8221
8220
8220
8219
8217
8216
8216
8213
8213
8211
8208
8207
8204
8201
8200
8200
8199
8199
8198
8197
8196
8196
8196
8196
8195
8194
8192
8191
8190
8190
8190
8190
8189
8187
8185
8183
8182
8182
8179
8177
8176
8174
8174
8172
8171
8171
8171
8168
8168
8164
8160
8159
8159
8157
8156
8155
8153
8153
8151
8146
8146
8146
8143
8141
8137
8137
8132
8131
8131
8128
8127
8127
8124
8122
8122
8121
8121
8121
8121
8120
8119
8118
8117
8116
8115
8115
8113
8113
8113
8112
8110
8110
8107
8106
8104
8103
8101
8101
8100
8099
8098
8097
8096
8096
8096
8096
8095
8094
8094
8092
8091
8091
8090
8089
8088
8088
8087
8084
8084
8084
8084
8083
8082
8081
8080
8078
8077
8075
8074
8072
8072
8072
8071
8071
8070
8069
8068
8067
8065
8064
8064
8062
8062
8060
8059
8058
8058
8058
8058
8057
8057
8056
8055
8053
8051
8050
8050
8050
8050
8049
8048
8047
8044
8042
8041
8040
8037
8034
8033
8032
8032
8032
8031
8028
8027
8027
8026
8024
8024
8024
8024
8023
8022
8018
8015
8014
8014
8014
8014
8013
8010
8009
8005
8005
8005
8004
8001
8001
8000
7998
7995
7994
7992
7991
7991
7990
7989
7989
7988
7987
7987
7986
7986
7985
7984
7984
7983
7983
7979
7979
7976
7976
7976
7975
7974
7974
7974
7973
7973
7969
7969
7969
7968
7968
7967
7965
7965
7964
7964
7964
7964
7963
7963
7963
7963
7962
7962
7961
7961
7960
7959
7959
7958
7958
7957
7955
7955
7955
7954
7952
7948
7947
7946
7945
7945
7943
7943
7942
7941
7941
7941
7940
7936
7936
7935
7935
7933
7933
7932
7930
7929
7927
7927
7927
7926
7925
7924
7923
7923
7923
7922
7922
7922
7922
7921
7921
7920
7918
7915
7914
7913
7911
7911
7911
7910
7910
7909
7903
7901
7900
7899
7898
7896
7896
7896
7896
7895
7894
7893
7893
7891
7890
7889
7889
7889
7886
7886
7886
7886
7885
7885
7885
7885
7885
7885
7884
7884
7883
7883
7883
7882
7881
7881
7881
7879
7877
7874
7873
7873
7873
7872
7871
7869
7869
7868
7867
7867
7867
7865
7864
7864
7860
7858
7857
7855
7855
7855
7854
7854
7854
7853
7851
7850
7850
7850
7849
7849
7849
7848
7844
7843
7841
7841
7840
7839
7838
7838
7838
7837
7835
7835
7835
7834
7831
7830
7826
7825
7824
7823
7823
7822
7822
7821
7820
7817
7816
7815
7812
7812
7812
7811
7811
7810
7809
7808
7807
7806
7805
7805
7805
7805
7804
7803
7803
7803
7802
7802
7802
7801
7797
7797
7797
7795
7794
7794
7792
7792
7791
7791
7790
7790
7787
7787
7787
7786
7786
7786
7785
7785
7785
7783
7783
7783
7781
7778
7777
7775
7774
7774
7773
7772
7771
7771
7771
7770
7769
7769
7766
7764
7763
7761
7761
7758
7757
7755
7755
7755
7752
7752
7751
7750
7750
7749
7744
7743
7743
7742
7739
7738
7737
7735
7734
7734
7733
7729
7728
7727
7727
7725
7725
7724
7723
7723
7722
7715
7715
7712
7711
7711
7709
7709
7708
7707
7707
7704
7704
7704
7704
7704
7703
7701
7701
7701
7700
7700
7698
7697
7697
7697
7695
7695
7695
7692
7692
7691
7691
7691
7687
7687
7686
7685
7685
7685
7682
7678
7677
7677
7677
7677
7676
7676
7675
7675
7673
7673
7672
7672
7671
7671
7670
7670
7670
7665
7665
7660
7660
7659
7658
7655
7655
7655
7655
7654
7652
7652
7652
7649
7649
7649
7647
7646
7645
7643
7641
7639
7638
7638
7638
7637
7637
7637
7635
7635
7633
7632
7631
7627
7625
7623
7623
7622
7621
7620
7620
7620
7619
7618
7618
7615
7615
7613
7612
7611
7611
7605
7603
7602
7599
7598
7597
7596
7596
7595
7593
7592
7590
7590
7589
7589
7589
7588
7587
7587
7587
7586
7585
7584
7580
7579
7576
7575
7573
7573
7572
7570
7569
7568
7566
7565
7563
7563
7560
7559
7558
7557
7554
7554
7553
7553
7553
7552
7551
7550
7550
7548
7548
7546
7544
7542
7542
7541
7541
7540
7539
7538
7537
7536
7536
7534
7533
7532
7530
7529
7529
7527
7525
7525
7523
7521
7520
7518
7517
7517
7517
7515
7514
7513
7513
7513
7511
7510
7509
7509
7508
7503
7502
7501
7499
7498
7495
7494
7494
7493
7492
7491
7489
7488
7487
7486
7486
7483
7483
7483
7481
7478
7478
7477
7476
7476
7475
7475
7475
7473
7473
7471
7470
7469
7468
7468
7468
7466
7466
7464
7463
7463
7460
7459
7458
7453
7453
7453
7453
7452
7452
7450
7449
7449
7448
7446
7446
7445
7445
7444
7442
7440
7439
7438
7437
7437
7437
7436
7436
7434
7434
7431
7430
7430
7429
7428
7428
7427
7427
7425
7423
7422
7421
7420
7419
7418
7417
7417
7415
7414
7412
7409
7408
7407
7407
7406
7405
7405
7404
7403
7403
7401
7400
7400
7398
7396
7395
7394
7393
7392
7392
7392
7391
7389
7389
7388
7387
7386
7384
7383
7380
7379
7379
7377
7377
7377
7376
7372
7370
7368
7367
7366
7365
7365
7365
7365
7363
7361
7360
7359
7359
7358
7358
7355
7354
7354
7353
7351
7351
7349
7348
7346
7346
7344
7344
7341
7341
7340
7337
7336
7336
7336
7335
7335
7333
7333
7333
7332
7329
7329
7329
7329
7328
7327
7325
7325
7325
7324
7323
7322
7322
7317
7316
7316
7315
7312
7312
7311
7310
7309
7309
7308
7308
7307
7305
7302
7302
7302
7301
7301
7300
7300
7299
7295
7294
7294
7290
7290
7289
7289
7288
7287
7287
7287
7287
7286
7286
7284
7284
7282
7282
7282
7277
7277
7277
7277
7276
7275
7273
7273
7273
7272
7271
7266
7266
7264
7261
7261
7259
7258
7257
7257
7256
7254
7253
7249
7247
7247
7247
7245
7244
7243
7243
7242
7242
7241
7240
7240
7237
7233
7232
7231
7230
7229
7228
7228
7227
7225
7225
7224
7223
7221
7221
7220
7219
7218
7216
7214
7212
7209
7209
7208
7207
7207
7206
7204
7203
7202
7200
7199
7199
7199
7197
7194
7194
7193
7192
7190
7189
7188
7188
7185
7185
7184
7183
7182
7181
7180
7179
7178
7176
7176
7175
7173
7172
7172
7171
7171
7170
7170
7169
7169
7164
7164
7164
7162
7161
7160
7157
7157
7156
7156
7156
7155
7155
7153
7153
7153
7153
7153
7151
7151
7149
7148
7148
7147
7147
7146
7146
7145
7145
7145
7143
7142
7141
7137
7137
7133
7132
7132
7131
7131
7131
7128
7125
7125
7125
7124
7124
7122
7122
7119
7119
7119
7118
7118
7117
7116
7115
7115
7114
7114
7114
7112
7111
7110
7109
7109
7108
7105
7104
7104
7104
7098
7097
7096
7095
7095
7094
7094
7094
7093
7092
7092
7092
7092
7092
7091
7085
7084
7084
7083
7081
7080
7080
7079
7075
7072
7072
7071
7070
7069
7069
7068
7068
7068
7067
7066
7065
7063
7061
7060
7059
7059
7057
7056
7056
7055
7052
7051
7051
7048
7047
7046
7042
7039
7039
7038
7038
7037
7037
7033
7033
7033
7032
7032
7032
7031
7027
7026
7024
7021
7017
7014
7013
7011
7011
7008
7007
7006
7006
7005
7005
7004
7004
7003
7001
7000
6997
6996
6996
6991
6991
6990
6990
6989
6988
6988
6988
6987
6987
6986
6985
6984
6983
6983
6982
6980
6980
6978
6977
6976
6975
6975
6974
6972
6972
6972
6972
6970
6969
6969
6967
6966
6965
6965
6961
6957
6953
6951
6951
6951
6950
6948
6946
6945
6944
6943
6941
6941
6941
6938
6938
6936
6936
6934
6934
6933
6933
6933
6932
6931
6931
6929
6928
6927
6926
6925
6924
6921
6920
6920
6920
6920
6918
6917
6917
6916
6915
6914
6914
6913
6913
6913
6910
6908
6902
6902
6901
6900
6900
6899
6897
6896
6895
6894
6892
6892
6892
6892
6891
6891
6891
6891
6890
6890
6888
6886
6883
6882
6881
6881
6880
6880
6878
6878
6877
6872
6872
6872
6871
6870
6870
6869
6868
6867
6865
6864
6864
6859
6859
6858
6858
6857
6857
6856
6855
6855
6852
6852
6850
6850
6849
6849
6847
6847
6847
6847
6846
6845
6845
6845
6844
6844
6843
6842
6841
6841
6841
6841
6841
6840
6839
6839
6838
6837
6837
6836
6835
6834
6834
6834
6833
6832
6832
6832
6830
6830
6829
6828
6828
6828
6828
6827
6827
6826
6826
6825
6825
6824
6824
6822
6821
6821
6819
6817
6817
6815
6814
6812
6811
6807
6807
6806
6805
6803
6801
6799
6799
6796
6796
6796
6795
6795
6795
6794
6794
6793
6793
6793
6792
6790
6789
6789
6787
6787
6785
6785
6785
6784
6783
6781
6778
6778
6777
6776
6774
6772
6772
6770
6770
6769
6769
6768
6767
6766
6765
6763
6762
6760
6760
6759
6759
6758
6758
6757
6756
6754
6754
6748
6748
6746
6745
6744
6744
6743
6743
6742
6741
6741
6740
6740
6738
6737
6733
6733
6731
6729
6728
6726
6726
6724
6723
6721
6720
6720
6718
6714
6714
6714
6712
6711
6711
6709
6709
6708
6708
6707
6704
6701
6701
6699
6699
6696
6695
6692
6691
6690
6690
6690
6689
6689
6688
6685
6684
6684
6681
6680
6680
6679
6678
6678
6678
6675
6675
6674
6673
6673
6671
6671
6670
6669
6667
6667
6666
6666
6665
6665
6665
6665
6664
6664
6664
6663
6663
6663
6662
6661
6661
6657
6657
6656
6652
6651
6651
6650
6648
6647
6647
6646
6646
6643
6643
6642
6641
6641
6641
6639
6639
6639
6639
6638
6636
6636
6636
6635
6634
6634
6634
6633
6632
6632
6630
6628
6627
6625
6624
6624
6623
6623
6622
6620
6619
6619
6619
6618
6617
6615
6612
6611
6609
6608
6607
6606
6606
6606
6605
6603
6601
6599
6597
6597
6596
6594
6593
6593
6592
6589
6589
6588
6587
6586
6586
6585
6585
6584
6584
6582
6580
6576
6576
6574
6574
6571
6569
6568
6567
6566
6565
6565
6564
6563
6563
6560
6557
6556
6554
6554
6553
6553
6552
6551
6550
6550
6549
6548
6547
6546
6546
6545
6543
6543
6543
6542
6541
6539
6539
6537
6534
6533
6532
6532
6532
6532
6530
6530
6529
6528
6527
6527
6527
6526
6525
6524
6524
6523
6522
6521
6521
6521
6520
6519
6518
6518
6518
6517
6516
6515
6513
6512
6512
6511
6511
6511
6510
6510
6509
6509
6507
6505
6505
6505
6505
6502
6502
6500
6500
6499
6498
6498
6498
6497
6497
6497
6496
6493
6493
6491
6490
6489
6489
6488
6487
6485
6483
6483
6483
6482
6481
6480
6480
6480
6479
6477
6475
6475
6474
6473
6472
6472
6472
6469
6469
6467
6467
6466
6465
6464
6463
6463
6463
6461
6460
6458
6458
6458
6457
6457
6455
6454
6452
6450
6449
6447
6446
6445
6445
6444
6441
6440
6440
6439
6439
6438
6436
6436
6436
6435
6434
6433
6431
6431
6430
6430
6427
6426
6420
6418
6417
6416
6416
6416
6414
6414
6414
6413
6412
6412
6411
6411
6410
6409
6409
6409
6404
6403
6403
6401
6400
6400
6398
6397
6395
6394
6392
6392
6390
6388
6388
6388
6388
6386
6386
6385
6384
6383
6383
6382
6381
6379
6378
6377
6376
6375
6374
6373
6372
6372
6371
6370
6370
6367
6367
6367
6366
6363
6363
6363
6362
6361
6360
6360
6359
6357
6357
6357
6356
6355
6355
6352
6352
6351
6351
6350
6350
6350
6347
6346
6346
6345
6344
6341
6340
6339
6339
6338
6337
6336
6335
6334
6331
6330
6329
6329
6328
6327
6327
6327
6326
6325
6324
6324
6324
6324
6322
6322
6318
6318
6317
6314
6314
6314
6314
6312
6311
6309
6308
6308
6307
6307
6307
6306
6305
6305
6305
6305
6304
6304
6304
6303
6303
6301
6301
6299
6299
6299
6299
6298
6298
6296
6295
6295
6294
6293
6293
6292
6289
6287
6283
6280
6280
6280
6277
6277
6277
6274
6273
6273
6269
6267
6266
6265
6264
6262
6260
6260
6260
6259
6259
6259
6258
6258
6257
6255
6255
6255
6254
6254
6254
6252
6252
6252
6250
6250
6249
6249
6249
6247
6247
6246
6245
6243
6241
6240
6240
6238
6238
6237
6235
6235
6233
6233
6231
6229
6229
6228
6228
6227
6227
6221
6220
6220
6217
6214
6213
6210
6209
6209
6208
6207
6206
6206
6205
6205
6205
6201
6201
6201
6200
6199
6198
6198
6198
6196
6196
6195
6194
6193
6192
6192
6191
6190
6188
6187
6187
6186
6186
6185
6183
6183
6182
6182
6181
6179
6178
6175
6174
6174
6174
6172
6171
6171
6169
6167
6167
6166
6164
6161
6161
6159
6157
6157
6156
6155
6155
6154
6154
6151
6148
6146
6145
6142
6142
6141
6139
6138
6136
6134
6133
6133
6132
6131
6129
6128
6126
6124
6120
6120
6118
6118
6117
6116
6116
6113
6112
6112
6111
6110
6108
6107
6106
6105
6105
6104
6104
6104
6103
6102
6102
6102
6102
6101
6098
6098
6098
6098
6097
6096
6095
6094
6094
6089
6088
6087
6086
6086
6084
6084
6083
6083
6082
6080
6080
6078
6078
6078
6076
6074
6074
6072
6072
6071
6069
6068
6068
6067
6065
6065
6064
6060
6059
6059
6058
6056
6056
6054
6054
6051
6050
6049
6049
6048
6048
6046
6045
6045
6045
6045
6044
6044
6043
6041
6041
6040
6038
6038
6037
6037
6036
6036
6036
6035
6035
6034
6034
6032
6032
6032
6031
6029
6029
6028
6026
6026
6023
6022
6022
6022
6021
6021
6021
6020
6020
6018
6017
6016
6014
6012
6009
6008
6008
6008
6006
6003
6002
6001
6000
6000
5997
5997
5997
5996
5996
5995
5992
5991
5991
5991
5989
5988
5988
5988
5988
5987
5986
5985
5982
5982
5981
5979
5979
5979
5979
5978
5978
5978
5978
5977
5977
5976
5971
5971
5969
5967
5963
5963
5963
5962
5961
5960
5960
5958
5957
5957
5957
5956
5954
5952
5951
5950
5950
5949
5949
5949
5948
5948
5946
5946
5946
5945
5944
5943
5943
5941
5941
5941
5940
5939
5937
5937
5936
5935
5934
5932
5931
5930
5927
5925
5924
5923
5923
5923
5922
5922
5921
5920
5920
5919
5918
5918
5917
5917
5916
5914
5913
5913
5912
5912
5912
5912
5910
5908
5908
5907
5907
5905
5904
5904
5904
5903
5900
5900
5900
5899
5898
5898
5895
5895
5895
5895
5895
5892
5892
5891
5891
5891
5890
5888
5887
5886
5886
5886
5886
5885
5884
5883
5883
5883
5880
5878
5877
5877
5877
5870
5866
5866
5866
5863
5863
5862
5862
5862
5862
5861
5860
5859
5858
5857
5857
5855
5852
5852
5850
5848
5846
5844
5843
5843
5843
5838
5838
5837
5837
5836
5835
5835
5834
5833
5832
5832
5831
5831
5831
5830
5826
5826
5824
5822
5822
5820
5819
5816
5816
5816
5816
5816
5815
5814
5813
5813
5813
5811
5810
5810
5810
5808
5807
5807
5806
5805
5805
5805
5804
5803
5802
5801
5801
5800
5797
5793
5792
5790
5788
5787
5786
5786
5786
5786
5784
5783
5782
5781
5780
5776
5773
5773
5772
5770
5768
5767
5766
5766
5765
5764
5763
5762
5762
5760
5760
5760
5759
5757
5755
5752
5751
5751
5750
5748
5748
5747
5746
5746
5746
5743
5742
5741
5740
5740
5739
5739
5737
5737
5737
5736
5735
5733
5732
5731
5731
5729
5729
5728
5728
5728
5727
5726
5726
5725
5724
5720
5719
5717
5716
5714
5713
5711
5705
5704
5704
5703
5703
5703
5702
5701
5701
5701
5700
5700
5699
5698
5698
5698
5696
5696
5696
5695
5694
5691
5691
5690
5685
5685
5684
5684
5683
5683
5683
5682
5681
5679
5679
5677
5676
5674
5673
5673
5673
5672
5671
5669
5668
5668
5668
5666
5660
5659
5659
5659
5659
5656
5654
5654
5652
5651
5650
5647
5645
5644
5643
5643
5643
5642
5641
5641
5640
5640
5640
5639
5638
5637
5634
5634
5633
5632
5632
5631
5630
5628
5628
5624
5622
5620
5619
5619
5619
5616
5615
5614
5612
5610
5609
5608
5607
5605
5605
5604
5604
5603
5603
5602
5601
5600
5599
5598
5597
5597
5597
5595
5593
5592
5592
5591
5591
5591
5590
5590
5590
5588
5587
5587
5587
5586
5585
5585
5584
5582
5582
5581
5580
5580
5577
5577
5577
5574
5573
5573
5573
5573
5571
5570
5570
5569
5568
5568
5567
5567
5566
5566
5566
5565
5565
5561
5559
5559
5558
5555
5555
5555
5552
5548
5548
5548
5548
5547
5546
5546
5545
5545
5544
5543
5543
5542
5541
5540
5537
5535
5533
5531
5531
5531
5530
5529
5529
5528
5526
5525
5525
5522
5520
5517
5516
5514
5514
5513
5513
5512
5511
5510
5510
5508
5506
5505
5505
5502
5502
5502
5500
5498
5498
5495
5492
5492
5491
5491
5491
5490
5490
5490
5489
5489
5488
5487
5487
5486
5485
5485
5485
5484
5482
5482
5481
5479
5479
5478
5478
5477
5477
5476
5476
5474
5473
5473
5472
5471
5470
5469
5469
5467
5466
5466
5465
5465
5465
5464
5460
5458
5457
5457
5457
5456
5455
5454
5453
5452
5450
5448
5448
5447
5447
5445
5445
5444
5444
5444
5443
5443
5443
5442
5441
5440
5438
5437
5437
5436
5435
5435
5435
5434
5433
5432
5432
5432
5431
5429
5428
5427
5424
5424
5424
5424
5424
5422
5422
5421
5419
5419
5419
5418
5417
5415
5415
5414
5414
5414
5413
5412
5411
5410
5405
5405
5404
5403
5402
5401
5400
5400
5400
5399
5394
5393
5391
5391
5391
5390
5390
5390
5390
5389
5388
5388
5386
5385
5385
5384
5384
5384
5383
5383
5383
5383
5380
5378
5378
5376
5376
5376
5376
5374
5374
5371
5370
5369
5366
5364
5363
5363
5362
5361
5360
5359
5356
5356
5354
5353
5353
5351
5350
5350
5349
5349
5349
5347
5346
5345
5344
5344
5343
5342
5342
5342
5341
5338
5337
5335
5335
5335
5334
5333
5333
5331
5331
5329
5329
5329
5328
5326
5326
5326
5326
5324
5322
5322
5321
5321
5321
5320
5320
5317
5317
5316
5316
5315
5313
5311
5311
5310
5308
5307
5307
5306
5306
5304
5303
5301
5299
5299
5297
5296
5295
5293
5293
5292
5291
5291
5290
5290
5290
5288
5286
5285
5284
5284
5284
5283
5283
5281
5281
5281
5279
5277
5277
5277
5275
5275
5275
5274
5274
5272
5271
5271
5270
5269
5269
5268
5266
5265
5264
5264
5263
5263
5262
5262
5262
5261
5260
5258
5257
5257
5257
5253
5248
5248
5246
5245
5243
5240
5239
5239
5237
5237
5235
5235
5234
5233
5233
5233
5233
5233
5233
5232
5232
5227
5227
5227
5226
5225
5223
5222
5221
5219
5218
5218
5218
5211
5208
5208
5208
5207
5207
5206
5206
5205
5204
5202
5202
5200
5200
5199
5198
5195
5194
5194
5193
5192
5189
5189
5188
5186
5186
5186
5183
5182
5181
5179
5178
5176
5175
5174
5172
5171
5169
5167
5167
5166
5166
5162
5159
5158
5157
5157
5157
5153
5150
5150
5150
5149
5147
5147
5145
5143
5143
5141
5141
5139
5139
5138
5138
5137
5135
5135
5133
5132
5132
5131
5131
5130
5129
5128
5126
5126
5124
5124
5122
5121
5119
5118
5118
5118
5117
5117
5117
5116
5115
5115
5114
5113
5112
5112
5111
5109
5107
5106
5106
5105
5104
5103
5102
5101
5100
5100
5098
5098
5097
5097
5097
5096
5095
5095
5094
5092
5091
5090
5089
5087
5087
5086
5085
5085
5081
5081
5078
5077
5075
5072
5071
5071
5071
5069
5068
5067
5066
5066
5065
5063
5063
5063
5058
5057
5054
5052
5051
5048
5048
5047
5045
5044
5044
5043
5042
5041
5041
5039
5039
5039
5038
5038
5037
5036
5035
5034
5034
5032
5031
5030
5026
5024
5024
5024
5023
5022
5021
5020
5019
5018
5013
5013
5012
5012
5012
5011
5011
5010
5010
5009
5009
5008
5008
5007
5006
5006
5005
5004
5003
4996
4995
4993
4992
4992
4990
4990
4987
4986
4985
4985
4985
4984
4983
4983
4982
4980
4980
4979
4979
4978
4976
4974
4974
4973
4973
4972
4972
4971
4970
4967
4967
4966
4964
4964
4964
4964
4962
4960
4960
4959
4958
4957
4957
4957
4956
4955
4955
4947
4947
4946
4943
4943
4942
4941
4941
4940
4939
4939
4938
4937
4937
4936
4935
4935
4935
4934
4932
4931
4930
4929
4929
4927
4925
4924
4924
4924
4923
4923
4923
4920
4917
4916
4914
4914
4913
4913
4913
4911
4910
4909
4908
4908
4906
4905
4905
4904
4904
4902
4901
4900
4900
4899
4899
4897
4896
4895
4895
4893
4891
4889
4888
4885
4885
4884
4880
4879
4879
4879
4878
4876
4875
4873
4872
4871
4870
4869
4869
4869
4867
4867
4866
4865
4865
4865
4863
4862
4862
4862
4861
4861
4860
4860
4857
4856
4855
4855
4852
4852
4851
4851
4851
4851
4850
4849
4848
4848
4847
4847
4844
4844
4842
4842
4838
4838
4836
4834
4833
4832
4831
4831
4827
4826
4825
4825
4821
4820
4819
4819
4816
4816
4815
4814
4814
4814
4813
4813
4812
4812
4811
4810
4810
4809
4808
4807
4806
4806
4805
4802
4801
4800
4800
4799
4799
4795
4795
4794
4792
4791
4790
4790
4789
4788
4786
4785
4785
4782
4782
4781
4781
4778
4778
4777
4777
4777
4776
4776
4776
4773
4772
4771
4769
4769
4768
4766
4763
4763
4762
4761
4759
4759
4758
4758
4758
4757
4756
4755
4755
4754
4753
4753
4752
4750
4747
4746
4745
4744
4743
4742
4742
4741
4738
4737
4737
4736
4734
4733
4732
4731
4730
4729
4729
4729
4728
4726
4725
4724
4724
4723
4722
4721
4716
4715
4713
4712
4712
4711
4711
4711
4711
4710
4709
4707
4707
4706
4706
4706
4706
4705
4705
4704
4703
4703
4702
4700
4698
4696
4696
4696
4695
4695
4692
4692
4689
4688
4687
4686
4685
4678
4678
4677
4677
4676
4675
4673
4673
4670
4670
4668
4668
4667
4660
4660
4660
4659
4659
4658
4657
4656
4656
4655
4655
4654
4654
4653
4653
4652
4651
4651
4651
4651
4650
4650
4649
4648
4648
4647
4646
4644
4644
4640
4640
4639
4639
4638
4638
4637
4637
4637
4635
4635
4634
4634
4634
4632
4631
4630
4628
4626
4625
4625
4624
4623
4621
4620
4619
4618
4617
4617
4613
4611
4609
4607
4607
4606
4606
4605
4605
4604
4603
4602
4601
4598
4598
4597
4597
4594
4593
4592
4591
4589
4587
4586
4585
4584
4581
4580
4579
4579
4578
4578
4577
4576
4576
4575
4575
4575
4574
4573
4572
4571
4571
4569
4568
4568
4565
4565
4565
4564
4558
4557
4555
4555
4555
4553
4553
4550
4550
4550
4549
4549
4547
4547
4547
4547
4547
4546
4545
4545
4542
4542
4541
4540
4539
4539
4538
4538
4537
4537
4536
4536
4535
4535
4534
4534
4533
4532
4532
4531
4529
4528
4528
4526
4526
4526
4525
4523
4523
4520
4519
4518
4516
4514
4514
4513
4513
4511
4510
4510
4508
4508
4507
4506
4504
4504
4503
4501
4501
4499
4498
4496
4493
4493
4489
4489
4489
4488
4488
4487
4487
4486
4485
4485
4484
4484
4482
4482
4482
4480
4480
4478
4475
4473
4472
4470
4468
4466
4465
4465
4464
4464
4464
4463
4463
4462
4462
4461
4460
4460
4460
4458
4457
4454
4453
4452
4452
4451
4451
4448
4448
4447
4446
4445
4445
4445
4444
4444
4444
4443
4442
4441
4439
4439
4438
4438
4438
4437
4437
4436
4434
4430
4428
4428
4427
4426
4424
4424
4423
4423
4423
4420
4420
4420
4419
4418
4418
4417
4417
4416
4415
4414
4414
4413
4413
4410
4409
4408
4407
4407
4406
4404
4404
4403
4402
4402
4401
4400
4400
4399
4399
4397
4397
4394
4393
4391
4391
4390
4390
4390
4388
4388
4388
4387
4386
4385
4385
4385
4385
4383
4382
4380
4378
4376
4375
4374
4373
4372
4372
4372
4371
4371
4371
4368
4368
4367
4365
4365
4364
4363
4361
4361
4360
4360
4359
4358
4358
4357
4356
4356
4356
4354
4353
4352
4352
4350
4350
4349
4349
4348
4347
4347
4345
4344
4344
4340
4338
4335
4335
4335
4334
4334
4333
4332
4331
4330
4330
4326
4326
4324
4323
4322
4322
4321
4320
4319
4317
4316
4316
4315
4313
4312
4310
4309
4308
4307
4305
4304
4303
4302
4301
4300
4300
4299
4297
4297
4296
4295
4293
4291
4291
4290
4289
4289
4287
4287
4286
4285
4285
4283
4282
4278
4276
4276
4275
4274
4272
4271
4271
4269
4269
4269
4268
4268
4267
4265
4264
4262
4261
4261
4260
4259
4257
4257
4256
4256
4255
4255
4255
4253
4252
4252
4251
4251
4249
4249
4249
4248
4247
4245
4243
4242
4241
4240
4240
4239
4239
4239
4238
4238
4237
4237
4236
4235
4234
4234
4231
4231
4227
4224
4224
4222
4221
4219
4218
4217
4217
4216
4216
4214
4214
4213
4213
4211
4210
4209
4208
4208
4207
4204
4203
4200
4199
4199
4193
4192
4190
4189
4187
4187
4187
4186
4186
4186
4185
4184
4183
4183
4183
4181
4181
4181
4179
4177
4176
4175
4175
4173
4171
4169
4169
4165
4165
4165
4164
4164
4164
4162
4162
4161
4161
4157
4157
4156
4154
4153
4153
4153
4152
4152
4151
4150
4149
4148
4144
4144
4144
4143
4141
4139
4139
4137
4136
4135
4135
4135
4135
4133
4130
4130
4128
4127
4127
4124
4123
4123
4120
4119
4118
4118
4114
4113
4113
4112
4112
4111
4111
4110
4110
4107
4107
4107
4107
4106
4104
4104
4103
4102
4100
4097
4097
4096
4095
4093
4093
4093
4092
4091
4091
4089
4088
4086
4084
4084
4081
4081
4079
4079
4079
4078
4077
4075
4075
4075
4072
4071
4070
4069
4069
4067
4067
4067
4067
4066
4066
4063
4056
4054
4053
4048
4048
4047
4047
4045
4045
4043
4043
4043
4043
4041
4041
4040
4040
4040
4038
4037
4037
4037
4035
4033
4032
4032
4032
4031
4031
4031
4030
4030
4029
4029
4028
4025
4025
4024
4023
4023
4023
4022
4022
4022
4021
4021
4020
4019
4018
4017
4015
4014
4014
4012
4011
4010
4009
4007
4006
4006
4005
4003
4000
3998
3998
3996
3996
3996
3994
3993
3992
3992
3992
3991
3990
3990
3990
3988
3988
3986
3984
3984
3983
3983
3983
3982
3981
3980
3980
3980
3974
3973
3973
3972
3970
3970
3969
3968
3967
3967
3965
3965
3963
3962
3962
3962
3960
3954
3954
3954
3953
3953
3951
3951
3950
3950
3949
3945
3943
3943
3943
3942
3942
3941
3940
3939
3939
3939
3938
3937
3936
3935
3933
3930
3930
3929
3928
3928
3926
3926
3926
3926
3925
3925
3924
3924
3923
3923
3921
3921
3920
3920
3920
3919
3919
3919
3917
3915
3915
3912
3911
3909
3908
3907
3906
3906
3903
3902
3902
3899
3897
3895
3893
3891
3891
3890
3890
3888
3887
3887
3887
3887
3886
3886
3885
3885
3885
3885
3884
3881
3881
3878
3877
3876
3876
3874
3874
3870
3869
3868
3868
3868
3864
3864
3863
3862
3862
3861
3860
3858
3855
3854
3854
3854
3852
3849
3848
3847
3846
3845
3844
3844
3843
3841
3840
3839
3837
3837
3837
3834
3834
3833
3831
3831
3830
3830
3827
3827
3826
3826
3823
3821
3819
3818
3817
3815
3815
3815
3813
3811
3810
3810
3809
3809
3808
3806
3806
3805
3805
3805
3804
3804
3804
3802
3802
3802
3801
3801
3800
3799
3799
3799
3795
3795
3794
3793
3791
3788
3786
3786
3786
3786
3785
3779
3775
3774
3772
3770
3768
3768
3768
3767
3767
3766
3765
3765
3764
3762
3761
3758
3758
3757
3757
3756
3754
3754
3751
3750
3750
3749
3748
3747
3746
3746
3745
3744
3743
3743
3743
3742
3742
3738
3737
3737
3735
3735
3735
3734
3734
3733
3733
3732
3731
3730
3730
3725
3724
3723
3723
3721
3720
3719
3719
3717
3716
3716
3710
3708
3708
3707
3705
3704
3702
3702
3697
3695
3690
3689
3689
3689
3688
3688
3687
3686
3686
3685
3684
3684
3684
3684
3681
3678
3677
3677
3676
3676
3673
3672
3671
3668
3668
3667
3667
3667
3666
3663
3663
3663
3663
3661
3659
3656
3656
3656
3652
3651
3650
3650
3648
3648
3648
3647
3646
3646
3644
3643
3643
3642
3640
3639
3639
3638
3638
3637
3636
3636
3635
3635
3635
3633
3632
3630
3630
3629
3629
3629
3627
3626
3626
3625
3625
3624
3623
3623
3622
3621
3620
3619
3619
3618
3617
3617
3616
3615
3615
3614
3611
3611
3610
3609
3608
3607
3606
3606
3605
3605
3601
3601
3601
3599
3599
3599
3599
3596
3596
3593
3593
3593
3592
3592
3592
3592
3591
3591
3590
3589
3588
3586
3584
3584
3584
3583
3581
3579
3579
3578
3577
3576
3576
3576
3575
3573
3569
3569
3567
3567
3564
3564
3564
3561
3559
3559
3558
3556
3556
3556
3556
3556
3554
3552
3549
3548
3547
3547
3547
3545
3544
3544
3544
3543
3543
3543
3542
3541
3540
3539
3536
3535
3535
3534
3534
3534
3531
3530
3528
3527
3526
3525
3523
3522
3522
3522
3521
3520
3520
3520
3518
3514
3513
3512
3512
3511
3510
3509
3507
3504
3503
3503
3501
3499
3497
3496
3493
3491
3487
3487
3486
3484
3483
3483
3481
3481
3481
3480
3480
3480
3478
3478
3476
3475
3474
3473
3473
3473
3473
3471
3471
3470
3470
3469
3468
3467
3466
3465
3463
3462
3460
3459
3458
3456
3456
3454
3453
3450
3450
3447
3446
3446
3440
3438
3437
3437
3434
3434
3433
3433
3433
3432
3430
3430
3428
3428
3427
3427
3425
3425
3424
3422
3421
3421
3420
3420
3419
3419
3419
3418
3416
3415
3413
3412
3412
3411
3411
3409
3408
3408
3407
3407
3406
3406
3405
3405
3405
3405
3403
3399
3398
3397
3394
3394
3394
3392
3392
3390
3389
3389
3388
3388
3386
3386
3386
3385
3385
3385
3384
3382
3381
3379
3379
3377
3376
3375
3375
3374
3373
3372
3372
3372
3371
3369
3369
3367
3367
3366
3365
3364
3359
3358
3358
3358
3358
3355
3355
3354
3353
3353
3352
3352
3352
3350
3349
3349
3349
3347
3347
3346
3345
3344
3343
3343
3342
3340
3340
3338
3337
3334
3334
3332
3332
3331
3330
3330
3329
3329
3327
3326
3326
3324
3324
3323
3323
3323
3321
3319
3318
3318
3318
3317
3316
3316
3316
3315
3313
3310
3310
3309
3308
3305
3304
3303
3302
3301
3300
3297
3296
3295
3295
3295
3293
3289
3289
3289
3287
3287
3286
3286
3286
3283
3283
3283
3283
3281
3281
3280
3280
3278
3278
3275
3274
3274
3272
3269
3268
3267
3266
3264
3263
3262
3260
3258
3258
3257
3256
3255
3255
3255
3254
3253
3252
3252
3250
3249
3248
3247
3247
3244
3244
3243
3243
3241
3241
3241
3240
3239
3238
3237
3235
3235
3231
3229
3228
3225
3224
3224
3223
3221
3221
3219
3215
3215
3215
3214
3213
3212
3211
3211
3210
3207
3206
3204
3204
3203
3201
3200
3199
3196
3196
3195
3193
3190
3188
3188
3185
3185
3184
3184
3182
3182
3182
3181
3181
3179
3176
3174
3173
3173
3173
3173
3172
3172
3171
3169
3169
3169
3168
3168
3168
3167
3167
3164
3164
3164
3164
3163
3163
3163
3162
3160
3159
3158
3158
3158
3157
3154
3153
3152
3150
3149
3148
3147
3146
3146
3144
3144
3141
3141
3140
3140
3136
3136
3133
3131
3131
3129
3126
3126
3126
3124
3124
3123
3123
3123
3122
3122
3122
3121
3119
3118
3117
3117
3117
3117
3115
3113
3113
3112
3110
3108
3106
3104
3103
3102
3102
3102
3101
3100
3098
3098
3097
3096
3095
3094
3093
3091
3090
3089
3087
3086
3085
3085
3085
3078
3076
3074
3073
3072
3070
3069
3068
3067
3067
3065
3064
3064
3063
3062
3061
3061
3061
3059
3059
3058
3057
3055
3054
3054
3053
3052
3052
3051
3050
3049
3048
3046
3045
3043
3043
3043
3042
3041
3038
3037
3036
3036
3034
3034
3033
3032
3031
3030
3030
3029
3029
3028
3027
3025
3025
3024
3021
3018
3018
3018
3015
3014
3012
3012
3010
3010
3010
3009
3008
3008
3007
3007
3006
3006
3005
3002
3001
3000
2999
2998
2998
2998
2997
2996
2995
2994
2992
2991
2991
2989
2983
2981
2980
2980
2977
2977
2975
2974
2970
2969
2969
2968
2968
2968
2966
2965
2963
2962
2962
2961
2957
2955
2954
2953
2953
2952
2952
2952
2951
2949
2949
2949
2948
2948
2947
2947
2945
2944
2943
2943
2942
2941
2940
2939
2939
2938
2936
2936
2936
2935
2935
2934
2933
2930
2930
2930
2929
2928
2927
2927
2927
2923
2922
2921
2920
2920
2919
2918
2917
2917
2915
2915
2914
2913
2913
2913
2912
2911
2910
2909
2907
2907
2907
2906
2906
2906
2902
2901
2900
2900
2900
2897
2896
2896
2895
2890
2890
2886
2885
2885
2883
2882
2882
2881
2879
2878
2877
2877
2877
2874
2873
2872
2872
2872
2871
2870
2866
2865
2863
2862
2860
2860
2856
2853
2852
2852
2851
2851
2849
2847
2847
2845
2845
2844
2844
2844
2843
2842
2839
2839
2839
2837
2836
2836
2836
2836
2835
2834
2834
2832
2830
2830
2829
2828
2828
2827
2826
2825
2823
2821
2821
2820
2819
2819
2818
2818
2817
2817
2815
2815
2815
2815
2812
2811
2810
2809
2809
2807
2801
2800
2799
2798
2797
2797
2792
2790
2789
2789
2788
2788
2787
2786
2786
2785
2784
2783
2783
2782
2782
2782
2782
2781
2779
2777
2776
2775
2774
2774
2773
2772
2772
2771
2770
2770
2768
2768
2768
2766
2766
2765
2765
2765
2765
2763
2762
2762
2761
2760
2760
2757
2756
2755
2755
2754
2753
2753
2753
2753
2752
2752
2752
2751
2751
2750
2749
2749
2748
2747
2747
2744
2742
2741
2740
2740
2739
2737
2733
2732
2732
2731
2730
2729
2727
2727
2726
2725
2724
2723
2722
2721
2719
2719
2716
2716
2714
2712
2711
2711
2707
2706
2706
2703
2702
2702
2700
2699
2699
2698
2697
2697
2697
2694
2694
2693
2692
2692
2691
2691
2690
2690
2690
2689
2688
2687
2687
2686
2684
2681
2681
2681
2681
2680
2680
2678
2676
2676
2673
2672
2671
2671
2669
2668
2666
2666
2664
2664
2664
2661
2659
2658
2657
2655
2651
2649
2646
2646
2645
2644
2644
2644
2644
2640
2640
2639
2639
2639
2638
2637
2635
2633
2631
2629
2628
2627
2626
2625
2623
2622
2622
2621
2618
2618
2616
2615
2611
2610
2610
2607
2605
2604
2603
2601
2599
2599
2597
2596
2596
2595
2593
2593
2592
2590
2590
2590
2588
2587
2586
2585
2585
2584
2582
2581
2581
2580
2579
2578
2575
2575
2575
2574
2573
2573
2573
2571
2570
2570
2569
2569
2569
2568
2567
2566
2565
2563
2563
2562
2561
2559
2559
2557
2556
2555
2554
2553
2553
2552
2551
2550
2545
2544
2544
2542
2542
2541
2541
2541
2536
2535
2533
2531
2531
2528
2527
2526
2525
2524
2522
2521
2519
2518
2518
2517
2516
2515
2515
2512
2512
2510
2510
2509
2509
2509
2505
2504
2503
2503
2502
2502
2500
2500
2500
2499
2499
2498
2498
2497
2494
2494
2494
2494
2492
2489
2489
2489
2488
2488
2486
2484
2483
2483
2482
2481
2479
2477
2476
2475
2475
2475
2474
2472
2471
2471
2469
2468
2467
2467
2466
2466
2466
2464
2463
2463
2463
2463
2462
2461
2458
2455
2452
2452
2451
2449
2449
2448
2447
2447
2447
2447
2447
2447
2446
2446
2446
2446
2446
2446
2445
2445
2443
2443
2439
2439
2438
2437
2437
2437
2436
2436
2436
2434
2432
2430
2427
2427
2427
2426
2424
2424
2422
2420
2419
2418
2417
2416
2416
2415
2414
2414
2413
2413
2412
2409
2409
2409
2408
2407
2407
2407
2407
2406
2406
2406
2406
2405
2405
2405
2405
2404
2403
2402
2398
2398
2398
2396
2396
2395
2395
2394
2393
2388
2387
2387
2385
2385
2385
2385
2384
2383
2383
2382
2382
2381
2379
2379
2378
2378
2377
2377
2376
2375
2374
2373
2369
2367
2367
2366
2366
2366
2365
2364
2364
2363
2362
2360
2359
2358
2356
2353
2352
2352
2352
2351
2351
2351
2351
2349
2348
2347
2346
2346
2345
2343
2341
2341
2339
2339
2338
2336
2335
2335
2334
2334
2333
2333
2332
2332
2332
2331
2331
2331
2330
2330
2329
2329
2326
2325
2324
2324
2323
2321
2320
2320
2320
2319
2316
2315
2315
2314
2313
2312
2312
2311
2310
2310
2309
2308
2305
2302
2300
2300
2299
2299
2297
2296
2295
2295
2295
2294
2294
2293
2291
2291
2290
2288
2285
2285
2283
2283
2282
2281
2281
2281
2281
2281
2280
2279
2278
2275
2273
2272
2272
2271
2270
2270
2270
2268
2267
2266
2264
2262
2262
2260
2259
2259
2259
2258
2258
2257
2256
2255
2255
2255
2254
2254
2253
2249
2247
2246
2244
2243
2243
2241
2240
2239
2238
2238
2237
2235
2235
2233
2233
2232
2232
2231
2230
2229
2229
2228
2227
2226
2225
2225
2224
2223
2223
2221
2220
2216
2216
2215
2214
2211
2209
2208
2205
2205
2202
2201
2201
2200
2200
2199
2198
2198
2197
2196
2195
2193
2193
2193
2192
2191
2191
2191
2191
2191
2189
2188
2181
2181
2180
2180
2180
2179
2178
2175
2174
2173
2173
2171
2171
2169
2168
2168
2165
2165
2165
2163
2161
2159
2159
2159
2159
2156
2156
2153
2153
2153
2153
2152
2151
2148
2148
2148
2148
2147
2147
2147
2144
2143
2141
2141
2140
2140
2138
2137
2136
2136
2135
2135
2135
2134
2133
2132
2131
2129
2128
2128
2127
2127
2126
2125
2123
2122
2121
2121
2121
2118
2117
2117
2117
2116
2116
2113
2113
2112
2111
2111
2110
2106
2106
2105
2103
2102
2099
2098
2098
2096
2091
2091
2089
2089
2089
2088
2086
2084
2084
2083
2081
2080
2080
2078
2078
2077
2077
2077
2076
2076
2076
2076
2075
2074
2074
2071
2069
2068
2068
2068
2068
2067
2066
2065
2063
2058
2057
2055
2054
2053
2052
2052
2052
2051
2050
2048
2048
2048
2047
2045
2045
2043
2043
2041
2040
2038
2038
2037
2035
2034
2033
2033
2032
2031
2030
2030
2030
2027
2027
2027
2026
2024
2024
2024
2023
2023
2021
2021
2018
2017
2017
2015
2013
2011
2011
2004
2003
2003
2001
1999
1999
1998
1996
1995
1994
1993
1992
1991
1990
1989
1988
1985
1985
1983
1983
1981
1979
1978
1978
1976
1973
1966
1966
1965
1965
1965
1965
1965
1964
1963
1962
1959
1957
1957
1953
1953
1953
1952
1951
1951
1951
1950
1950
1950
1949
1948
1948
1948
1946
1945
1945
1944
1943
1943
1942
1941
1940
1939
1939
1938
1937
1936
1935
1934
1934
1933
1932
1932
1931
1931
1929
1928
1925
1925
1925
1924
1924
1923
1922
1922
1921
1918
1918
1917
1916
1916
1915
1915
1913
1912
1911
1910
1905
1905
1904
1903
1903
1900
1897
1897
1896
1894
1894
1893
1891
1891
1890
1890
1889
1888
1888
1886
1886
1886
1883
1883
1883
1883
1882
1882
1881
1881
1880
1880
1880
1879
1879
1878
1877
1877
1875
1874
1871
1870
1870
1869
1868
1868
1864
1864
1864
1863
1862
1860
1858
1858
1858
1858
1856
1856
1855
1854
1853
1853
1852
1851
1849
1849
1848
1847
1846
1845
1845
1844
1841
1840
1840
1839
1836
1836
1836
1834
1832
1832
1830
1829
1828
1828
1828
1826
1824
1822
1821
1819
1819
1818
1818
1817
1816
1815
1815
1815
1814
1813
1811
1810
1810
1810
1810
1809
1807
1806
1805
1804
1804
1803
1802
1801
1799
1796
1796
1793
1793
1792
1789
1789
1788
1788
1785
1785
1784
1781
1780
1778
1777
1777
1776
1776
1774
1773
1773
1773
1772
1770
1770
1769
1768
1766
1765
1761
1760
1759
1759
1756
1755
1755
1754
1753
1752
1752
1751
1751
1750
1748
1748
1745
1744
1743
1742
1740
1738
1737
1737
1736
1735
1735
1734
1733
1731
1730
1726
1725
1725
1725
1719
1719
1717
1717
1716
1716
1715
1715
1715
1715
1714
1712
1712
1711
1711
1709
1709
1708
1707
1706
1704
1704
1702
1702
1701
1701
1700
1700
1699
1698
1697
1696
1696
1695
1693
1690
1689
1689
1688
1688
1687
1687
1686
1685
1685
1684
1684
1680
1678
1677
1676
1675
1674
1674
1673
1667
1667
1667
1666
1666
1666
1664
1661
1659
1657
1657
1656
1655
1655
1655
1654
1653
1653
1653
1652
1651
1650
1650
1649
1649
1648
1648
1647
1644
1643
1641
1640
1639
1636
1635
1634
1634
1634
1632
1631
1631
1630
1629
1625
1623
1618
1617
1616
1616
1616
1615
1615
1611
1610
1608
1606
1605
1604
1603
1599
1596
1593
1591
1590
1589
1588
1587
1587
1586
1586
1585
1584
1584
1581
1580
1580
1580
1575
1574
1573
1570
1569
1568
1568
1565
1561
1561
1561
1559
1558
1557
1557
1554
1552
1552
1547
1546
1546
1545
1544
1544
1544
1543
1542
1540
1540
1538
1535
1534
1532
1532
1530
1530
1529
1528
1527
1527
1526
1524
1524
1523
1522
1521
1521
1520
1520
1519
1518
1517
1517
1515
1515
1512
1511
1511
1510
1506
1505
1503
1503
1503
1502
1502
1499
1499
1498
1498
1497
1496
1495
1495
1493
1493
1492
1491
1490
1490
1490
1488
1487
1485
1484
1484
1484
1483
1482
1481
1480
1479
1479
1477
1476
1475
1474
1473
1472
1470
1470
1468
1466
1465
1465
1463
1463
1461
1460
1460
1460
1459
1458
1455
1454
1453
1452
1451
1450
1450
1450
1449
1448
1448
1447
1447
1447
1444
1444
1443
1442
1440
1438
1436
1434
1432
1431
1430
1429
1429
1427
1426
1425
1425
1425
1424
1424
1424
1421
1421
1420
1420
1419
1418
1416
1416
1414
1413
1413
1412
1412
1410
1409
1409
1409
1407
1406
1406
1405
1405
1404
1404
1404
1403
1403
1403
1403
1402
1400
1399
1398
1398
1393
1391
1390
1389
1388
1385
1385
1384
1382
1382
1381
1381
1379
1379
1379
1378
1377
1377
1377
1375
1375
1374
1374
1374
1373
1372
1371
1370
1370
1363
1362
1360
1358
1357
1355
1354
1353
1352
1352
1352
1351
1351
1350
1348
1347
1344
1344
1342
1342
1341
1339
1339
1336
1336
1334
1332
1332
1331
1329
1326
1325
1324
1324
1322
1322
1322
1321
1320
1319
1319
1318
1317
1317
1317
1317
1315
1315
1315
1314
1312
1311
1310
1310
1308
1308
1308
1305
1304
1302
1302
1302
1299
1299
1298
1298
1294
1294
1294
1292
1291
1290
1287
1285
1283
1283
1281
1279
1279
1279
1279
1277
1276
1273
1271
1271
1266
1266
1264
1262
1257
1257
1253
1252
1252
1251
1250
1249
1248
1245
1245
1244
1243
1243
1240
1239
1237
1236
1236
1234
1233
1233
1232
1228
1228
1227
1226
1225
1225
1224
1224
1222
1221
1221
1220
1220
1219
1219
1216
1214
1213
1213
1211
1210
1210
1209
1208
1208
1206
1205
1205
1204
1204
1204
1202
1202
1201
1199
1198
1198
1197
1196
1196
1196
1195
1194
1193
1192
1191
1189
1189
1188
1188
1188
1187
1186
1184
1183
1182
1181
1180
1178
1177
1176
1175
1175
1175
1175
1173
1173
1168
1168
1167
1166
1165
1165
1164
1163
1162
1162
1161
1160
1160
1160
1158
1157
1156
1156
1156
1155
1154
1149
1148
1145
1144
1143
1143
1142
1141
1140
1140
1139
1139
1139
1138
1135
1135
1135
1133
1133
1133
1131
1131
1130
1130
1130
1130
1129
1129
1129
1129
1128
1127
1127
1126
1125
1124
1124
1124
1122
1122
1120
1120
1119
1119
1118
1113
1112
1109
1109
1109
1109
1106
1105
1105
1104
1104
1103
1103
1103
1103
1103
1101
1099
1096
1095
1094
1093
1091
1091
1090
1090
1090
1090
1089
1089
1088
1088
1087
1085
1084
1084
1083
1081
1081
1080
1078
1078
1077
1076
1075
1072
1072
1068
1068
1068
1067
1067
1066
1065
1064
1064
1063
1062
1062
1062
1061
1060
1056
1056
1052
1051
1051
1050
1049
1049
1049
1046
1046
1046
1046
1045
1044
1043
1041
1041
1040
1040
1039
1038
1038
1038
1038
1038
1038
1036
1034
1034
1032
1024
1023
1023
1022
1022
1020
1019
1017
1017
1017
1016
1016
1014
1014
1012
1011
1007
1006
1003
999
998
997
997
995
994
993
993
992
990
990
990
990
990
988
987
984
983
981
981
978
976
975
975
975
974
973
969
967
967
967
967
966
965
965
963
962
961
960
959
958
956
956
956
955
955
953
950
949
948
948
948
948
946
946
946
945
945
945
943
943
942
941
939
938
938
933
932
929
929
928
928
926
926
924
924
924
922
921
920
920
918
918
917
915
914
912
911
910
910
907
906
906
906
900
899
899
896
896
893
891
890
889
889
886
885
885
884
879
878
876
874
872
871
868
868
867
867
866
864
863
858
858
858
857
856
854
853
853
852
851
850
847
847
845
844
844
843
842
840
839
838
836
836
836
834
833
830
829
829
828
828
827
826
826
824
824
824
822
821
821
820
819
819
816
813
811
811
810
810
809
807
807
806
805
804
803
803
803
803
803
797
794
793
792
791
790
789
788
788
787
784
783
782
779
778
778
777
774
771
771
770
770
768
768
768
767
766
766
764
764
764
762
760
760
759
759
758
758
758
755
755
755
753
753
752
752
751
750
740
740
739
738
734
734
733
733
729
719
718
715
715
714
713
712
712
711
711
709
708
706
705
703
703
701
700
699
699
697
696
696
695
694
694
694
693
690
690
688
687
687
683
683
681
681
678
676
673
672
671
671
671
670
670
669
668
668
668
668
667
667
666
665
663
661
661
659
659
659
658
658
657
655
654
652
651
650
649
648
647
646
641
641
639
638
638
637
636
634
634
634
634
633
628
627
626
625
624
623
623
622
621
620
619
619
618
618
618
618
618
616
616
616
615
615
614
614
614
614
613
612
612
610
610
609
609
608
607
607
606
605
603
603
601
600
600
599
599
597
596
594
594
593
592
591
591
591
588
586
586
584
583
581
581
581
579
579
579
577
576
574
574
574
572
572
568
567
567
566
565
565
564
564
564
562
562
559
558
558
558
558
556
556
555
555
555
555
552
551
549
549
547
545
545
545
545
545
545
542
542
541
539
537
535
535
534
534
533
532
532
531
530
530
525
525
524
524
524
524
524
522
522
521
520
520
519
517
516
515
515
515
514
513
513
511
510
510
509
509
508
508
508
507
506
506
506
505
505
505
504
504
502
502
500
500
499
499
498
498
498
497
496
496
496
490
488
488
487
482
480
479
479
476
474
471
471
470
470
469
466
464
463
463
460
458
458
458
457
457
457
456
456
455
454
454
450
450
449
449
448
448
447
446
444
444
444
443
443
442
442
442
441
440
440
440
438
437
437
436
433
433
432
432
432
430
430
429
429
428
424
424
422
422
421
420
419
419
418
417
417
416
416
415
414
414
414
412
411
410
410
404
404
403
403
402
401
401
400
400
400
399
399
398
394
392
392
390
389
388
387
387
386
386
385
385
385
383
383
382
382
381
380
378
377
375
375
375
375
373
373
373
373
372
372
371
371
370
369
368
368
367
366
362
362
361
359
358
357
355
355
355
355
354
354
353
353
351
351
349
348
348
347
347
344
341
341
339
339
339
338
338
337
336
336
336
335
335
333
330
330
330
330
328
328
327
327
327
324
324
321
321
321
316
314
312
312
309
308
307
305
302
301
301
299
298
295
295
294
293
293
290
286
285
285
285
282
281
280
280
279
279
278
277
277
276
273
273
272
268
268
267
267
267
267
266
265
265
264
263
262
260
260
258
257
256
254
253
253
252
250
245
245
244
244
241
240
239
239
239
238
238
237
237
236
233
233
232
232
231
230
228
227
227
227
226
224
224
224
224
223
221
221
221
220
219
218
218
218
216
214
214
211
211
210
210
209
209
209
208
208
207
205
205
200
200
200
200
199
199
199
199
197
195
194
194
194
193
193
193
192
192
191
190
189
189
188
188
188
187
182
181
180
180
179
178
176
173
172
172
172
171
170
170
170
168
168
166
166
165
165
164
164
162
161
161
161
161
161
160
159
157
157
155
155
153
153
152
151
150
149
148
146
146
145
144
143
142
142
138
137
136
135
134
133
131
131
131
129
129
126
124
123
120
120
118
117
117
114
111
111
111
110
110
109
105
104
104
102
100
99
97
96
94
93
92
91
91
89
88
88
88
87
86
85
85
85
83
83
81
79
79
78
77
77
73
73
71
71
70
67
66
66
64
62
62
58
57
56
54
52
52
52
50
49
48
48
48
47
47
47
46
46
45
44
44
44
43
42
41
39
39
38
37
37
36
31
31
29
28
26
24
23
23
22
22
21
21
20
20
19
19
17
17
17
16
16
15
15
14
13
12
12
9
7
4
3
1
0
