9998
9997
9997
9996
9996
9995
9995
9992
9992
9991
9991
9990
9987
9985
9983
9982
9982
9979
9974
9974
9973
9972
9970
9969
9968
9968
9968
9968
9967
9966
9964
9963
9961
9961
9960
9959
9959
9958
9957
9957
9955
9955
9955
9954
9953
9951
9951
9948
9947
9947
9946
9946
9946
9944
9943
9942
9941
9941
9939
9939
9939
9935
9934
9934
9934
9933
9933
9933
9931
9931
9928
9925
9924
9923
9923
9922
9921
9921
9918
9917
9917
9915
9914
9912
9909
9908
9908
9908
9907
9905
9904
9903
9903
9901
9900
9900
9899
9898
9898
9898
9897
9893
9893
9893
9893
9892
9892
9889
9889
9886
9884
9884
9884
9882
9881
9880
9879
9878
9878
9875
9875
9872
9870
9869
9869
9867
9867
9865
9865
9864
9860
9860
9858
9854
9854
9854
9853
9852
9850
9849
9849
9845
9845
9844
9844
9842
9841
9839
9838
9838
9837
9836
9834
9834
9832
9831
9831
9830
9829
9828
9827
9827
9826
9825
9825
9824
9823
9821
9821
9817
9815
9811
9810
9809
9808
9807
9807
9806
9805
9805
9804
9804
9802
9801
9800
9799
9799
9798
9796
9796
9795
9794
9793
9793
9790
9789
9788
9788
9784
9782
9779
9779
9778
9778
9777
9773
9770
9770
9770
9767
9767
9765
9765
9765
9764
9764
9763
9763
9761
9761
9760
9760
9760
9759
9757
9756
9756
9755
9754
9754
9754
9753
9751
9749
9749
9749
9748
9748
9748
9747
9746
9743
9743
9742
9741
9741
9740
9739
9739
9736
9735
9733
9733
9730
9727
9726
9724
9723
9723
9722
9721
9721
9721
9719
9713
9713
9712
9712
9712
9711
9710
9710
9709
9709
9708
9707
9707
9704
9704
9703
9703
9702
9701
9701
9701
9700
9698
9698
9697
9696
9696
9696
9695
9695
9694
9694
9690
9690
9690
9686
9685
9685
9684
9683
9683
9682
9681
9681
9680
9678
9678
9676
9675
9675
9675
9674
9674
9673
9671
9670
9668
9667
9667
9666
9665
9665
9662
9659
9659
9656
9656
9656
9655
9652
9652
9651
9651
9648
9646
9646
9646
9645
9643
9642
9641
9640
9640
9640
9638
9638
9638
9637
9636
9636
9635
9635
9634
9634
9633
9632
9630
9629
9628
9628
9626
9626
9626
9622
9620
9620
9620
9619
9619
9619
9618
9615
9611
9611
9610
9610
9609
9607
9605
9605
9605
9604
9603
9603
9601
9599
9598
9598
9597
9597
9596
9596
9595
9594
9588
9584
9584
9583
9583
9583
9581
9580
9580
9578
9577
9577
9577
9576
9575
9575
9571
9570
9569
9568
9568
9566
9564
9564
9562
9561
9560
9560
9559
9559
9559
9558
9556
9556
9556
9556
9556
9554
9553
9551
9550
9544
9544
9543
9541
9541
9541
9540
9540
9539
9539
9538
9536
9535
9533
9531
9531
9531
9531
9527
9527
9527
9526
9525
9524
9524
9524
9521
9519
9519
9518
9518
9517
9511
9510
9509
9508
9507
9507
9506
9505
9505
9503
9503
9499
9498
9497
9497
9497
9495
9495
9495
9494
9491
9489
9488
9488
9487
9485
9484
9480
9479
9479
9479
9478
9478
9477
9477
9476
9476
9473
9473
9471
9470
9469
9468
9466
9465
9464
9463
9463
9461
9461
9459
9459
9458
9455
9454
9454
9453
9453
9451
9451
9451
9450
9450
9446
9445
9445
9444
9444
9444
9443
9443
9438
9437
9436
9436
9435
9435
9434
9434
9432
9430
9430
9430
9429
9428
9426
9426
9425
9423
9423
9423
9423
9422
9422
9421
9420
9420
9420
9419
9419
9417
9416
9415
9413
9410
9410
9409
9406
9406
9405
9400
9399
9399
9399
9399
9398
9397
9397
9397
9396
9395
9394
9393
9393
9392
9390
9385
9385
9384
9383
9382
9381
9381
9380
9380
9379
9379
9378
9376
9376
9368
9367
9366
9365
9364
9363
9361
9359
9358
9358
9357
9356
9355
9355
9354
9353
9352
9351
9349
9348
9348
9348
9348
9348
9347
9347
9347
9345
9345
9344
9344
9342
9338
9338
9337
9336
9336
9335
9335
9334
9333
9333
9332
9332
9331
9330
9329
9329
9328
9326
9326
9325
9325
9322
9322
9321
9321
9321
9320
9319
9318
9318
9317
9317
9316
9314
9309
9309
9308
9307
9307
9306
9305
9304
9302
9301
9300
9300
9299
9297
9296
9296
9296
9295
9294
9294
9292
9288
9288
9285
9285
9285
9284
9282
9280
9279
9277
9277
9276
9275
9274
9274
9272
9272
9269
9269
9268
9267
9264
9263
9261
9260
9260
9259
9259
9259
9257
9256
9255
9253
9251
9248
9247
9246
9243
9243
9243
9241
9240
9239
9237
9237
9236
9235
9234
9234
9230
9230
9228
9227
9226
9224
9223
9221
9220
9220
9218
9216
9216
9215
9215
9214
9213
9213
9210
9209
9207
9205
9203
9203
9201
9200
9199
9199
9198
9198
9198
9197
9194
9194
9193
9192
9191
9190
9189
9189
9189
9189
9188
9187
9187
9187
9187
9185
9185
9184
9183
9182
9180
9179
9177
9174
9172
9171
9170
9167
9166
9166
9166
9163
9163
9160
9160
9157
9156
9155
9154
9153
9151
9151
9150
9150
9150
9148
9148
9146
9145
9145
9144
9142
9142
9141
9141
9140
9138
9138
9137
9136
9135
9135
9135
9134
9134
9133
9131
9131
9130
9123
9122
9121
9120
9119
9118
9117
9116
9115
9113
9113
9111
9110
9108
9107
9105
9105
9103
9103
9102
9102
9100
9100
9099
9097
9097
9094
9094
9094
9094
9093
9093
9092
9092
9092
9091
9090
9089
9088
9088
9087
9087
9086
9085
9083
9082
9080
9080
9080
9080
9078
9077
9077
9077
9076
9074
9074
9073
9071
9071
9067
9066
9066
9065
9063
9063
9060
9057
9057
9055
9054
9052
9052
9052
9051
9049
9048
9047
9047
9045
9045
9044
9042
9041
9041
9039
9039
9039
9039
9037
9037
9035
9034
9033
9032
9031
9027
9027
9026
9025
9025
9024
9020
9020
9020
9020
9017
9015
9015
9013
9013
9012
9011
9011
9010
9010
9010
9008
9007
9005
9005
9001
9000
9000
8999
8998
8997
8996
8995
8995
8995
8995
8994
8993
8992
8992
8989
8988
8988
8988
8987
8984
8984
8981
8979
8978
8978
8977
8977
8977
8974
8974
8973
8969
8969
8969
8967
8965
8964
8963
8962
8962
8957
8956
8954
8953
8952
8951
8951
8950
8948
8947
8946
8946
8944
8944
8944
8944
8944
8943
8943
8942
8941
8941
8941
8941
8941
8940
8939
8939
8939
8939
8938
8937
8935
8934
8934
8934
8932
8931
8929
8929
8928
8927
8927
8926
8925
8925
8925
8924
8924
8923
8921
8921
8920
8916
8915
8915
8914
8913
8913
8912
8912
8911
8909
8908
8907
8907
8906
8905
8905
8903
8903
8902
8900
8898
8897
8896
8895
8895
8894
8893
8890
8889
8889
8888
8887
8887
8886
8886
8885
8885
8884
8884
8880
8879
8878
8876
8876
8876
8876
8871
8870
8870
8870
8870
8870
8870
8869
8868
8863
8862
8862
8861
8860
8859
8858
8858
8857
8855
8852
8852
8851
8851
8851
8851
8849
8846
8845
8843
8842
8842
8841
8841
8841
8840
8839
8839
8839
8836
8836
8834
8834
8833
8831
8831
8828
8826
8825
8825
8825
8825
8824
8823
8823
8822
8822
8821
8821
8821
8820
8818
8817
8817
8816
8816
8811
8810
8810
8809
8808
8808
8806
8805
8804
8803
8803
8803
8802
8801
8801
8798
8796
8794
8794
8794
8793
8793
8791
8790
8790
8790
8790
8790
8790
8789
8789
8787
8787
8786
8785
8784
8783
8782
8781
8780
8780
8779
8779
8774
8773
8773
8771
8770
8768
8767
8766
8765
8765
8762
8761
8760
8759
8757
8756
8755
8753
8750
8748
8747
8740
8738
8738
8738
8737
8736
8735
8734
8730
8728
8727
8724
8724
8720
8718
8717
8716
8714
8712
8712
8711
8710
8709
8706
8705
8704
8704
8704
8703
8703
8699
8698
8697
8696
8695
8694
8694
8694
8693
8693
8693
8692
8692
8692
8691
8690
8690
8689
8689
8688
8687
8684
8683
8682
8682
8680
8680
8680
8678
8677
8676
8676
8676
8675
8675
8675
8675
8672
8671
8670
8670
8668
8668
8667
8665
8665
8664
8661
8659
8658
8655
8652
8648
8647
8646
8646
8646
8645
8645
8644
8641
8639
8638
8635
8634
8634
8633
8631
8630
8626
8624
8622
8621
8621
8621
8620
8619
8618
8618
8617
8616
8616
8615
8615
8614
8613
8612
8610
8608
8607
8607
8606
8606
8605
8605
8603
8603
8603
8603
8602
8602
8602
8602
8601
8601
8600
8600
8598
8596
8596
8594
8594
8592
8591
8588
8587
8586
8586
8586
8585
8584
8582
8581
8579
8579
8578
8578
8578
8577
8576
8576
8573
8571
8568
8568
8567
8567
8566
8565
8563
8562
8562
8562
8560
8559
8559
8559
8558
8556
8555
8551
8549
8545
8544
8543
8542
8539
8537
8537
8537
8536
8535
8533
8532
8528
8528
8527
8521
8520
8519
8518
8514
8510
8510
8510
8507
8507
8504
8503
8502
8500
8498
8498
8498
8496
8493
8491
8490
8490
8490
8489
8489
8488
8488
8488
8487
8487
8487
8486
8482
8481
8481
8478
8478
8477
8476
8475
8474
8473
8473
8471
8471
8470
8469
8469
8468
8468
8468
8464
8462
8461
8461
8460
8459
8458
8458
8457
8457
8454
8453
8452
8448
8448
8448
8447
8447
8446
8446
8446
8445
8440
8438
8437
8436
8436
8432
8431
8431
8431
8430
8428
8426
8424
8424
8423
8423
8422
8421
8420
8418
8415
8415
8414
8412
8412
8411
8409
8407
8405
8404
8404
8402
8402
8401
8400
8400
8398
8397
8396
8396
8395
8394
8394
8391
8391
8391
8389
8387
8386
8385
8384
8383
8382
8381
8379
8378
8377
8377
8376
8374
8374
8373
8370
8370
8366
8365
8364
8362
8362
8361
8361
8361
8360
8360
8360
8359
8358
8358
8356
8356
8356
8355
8355
8355
8352
8348
8348
8348
8346
8346
8346
8344
8344
8343
8341
8339
8336
8336
8336
8336
8336
8331
8330
8329
8328
8327
8326
8324
8323
8322
8321
8320
8320
8319
8318
8318
8314
8313
8313
8312
8312
8311
8311
8311
8310
8307
8307
8303
8302
8300
8299
8298
8297
8297
8293
8291
8291
8291
8291
8290
8289
8286
8286
8282
8280
8280
8279
8279
8279
8279
8278
8276
8276
8276
8274
8274
8274
8273
8273
8272
8270
8269
8269
8268
8266
8266
8266
8264
8262
8261
8259
8259
8257
8257
8256
8256
8256
8255
8254
8253
8251
8251
8250
8249
8248
8247
8246
8245
8244
8244
8242
8240
8240
8238
8236
8235
8235
8235
8234
8234
8230
8229
8229
8227
8227
8227
8226
8224
8222
8222
8221
8220
8220
8219
8219
8217
8217
8216
8215
8215
8214
8214
8214
8213
8213
8211
8210
8209
8206
8205
8205
8204
8204
8203
8203
8203
8203
8202
8201
8200
8198
8198
8198
8198
8197
8197
8196
8195
8194
8193
8192
8192
8192
8191
8189
8188
8187
8186
8185
8184
8184
8183
8180
8179
8179
8175
8173
8171
8170
8169
8169
8169
8168
8168
8168
8167
8167
8166
8166
8165
8164
8164
8164
8163
8163
8160
8159
8157
8156
8155
8153
8151
8148
8146
8146
8146
8145
8145
8144
8143
8140
8138
8136
8133
8132
8131
8131
8130
8129
8128
8127
8127
8125
8124
8123
8123
8119
8119
8118
8116
8115
8112
8112
8110
8109
8109
8109
8109
8109
8107
8107
8106
8105
8102
8102
8102
8101
8101
8101
8100
8100
8100
8098
8096
8094
8093
8093
8091
8090
8087
8087
8086
8085
8085
8085
8084
8082
8081
8079
8079
8079
8076
8075
8074
8072
8071
8070
8068
8067
8066
8066
8065
8065
8065
8063
8061
8061
8061
8057
8055
8054
8054
8053
8052
8050
8049
8048
8048
8047
8047
8045
8044
8044
8043
8043
8043
8042
8042
8040
8039
8035
8035
8034
8034
8034
8032
8032
8029
8029
8024
8023
8021
8020
8020
8019
8018
8016
8016
8016
8016
8014
8013
8012
8011
8010
8009
8008
8008
8004
8004
8000
7996
7995
7994
7992
7992
7992
7991
7991
7991
7990
7989
7989
7989
7987
7986
7985
7985
7984
7984
7983
7982
7982
7979
7979
7979
7977
7975
7975
7971
7970
7969
7969
7969
7964
7959
7959
7958
7956
7955
7952
7952
7951
7950
7950
7950
7949
7947
7947
7947
7947
7945
7944
7944
7944
7943
7943
7943
7942
7942
7940
7937
7937
7934
7932
7930
7929
7928
7927
7925
7925
7923
7923
7922
7922
7921
7920
7920
7919
7919
7917
7916
7916
7916
7915
7913
7912
7912
7912
7910
7909
7906
7906
7906
7906
7905
7904
7903
7903
7902
7901
7900
7900
7899
7897
7895
7895
7891
7890
7890
7890
7887
7886
7886
7885
7883
7882
7882
7881
7881
7879
7877
7876
7875
7875
7875
7875
7873
7872
7870
7870
7869
7868
7868
7867
7866
7865
7864
7863
7861
7861
7860
7860
7859
7857
7856
7856
7856
7855
7854
7852
7851
7851
7851
7850
7850
7849
7848
7847
7847
7846
7845
7845
7844
7842
7841
7841
7841
7841
7839
7838
7836
7835
7835
7830
7830
7828
7827
7827
7826
7826
7825
7824
7823
7821
7820
7819
7816
7814
7814
7813
7813
7813
7810
7810
7810
7809
7809
7808
7807
7804
7804
7803
7800
7800
7798
7797
7796
7795
7792
7792
7791
7789
7788
7784
7781
7781
7780
7780
7780
7780
7779
7777
7777
7776
7775
7773
7772
7769
7769
7769
7768
7768
7767
7766
7765
7765
7763
7763
7762
7762
7761
7760
7760
7759
7759
7759
7758
7758
7757
7757
7757
7756
7756
7753
7752
7751
7751
7750
7750
7749
7748
7748
7747
7745
7743
7743
7742
7742
7742
7741
7740
7740
7738
7737
7737
7736
7736
7735
7734
7733
7733
7727
7726
7726
7725
7725
7724
7724
7724
7723
7722
7722
7720
7720
7718
7717
7715
7715
7713
7712
7711
7710
7710
7707
7706
7705
7705
7704
7704
7703
7703
7702
7701
7698
7697
7696
7695
7695
7694
7694
7693
7693
7691
7690
7690
7686
7685
7682
7682
7681
7678
7678
7678
7677
7676
7675
7675
7673
7673
7672
7672
7671
7671
7670
7670
7669
7669
7668
7668
7667
7666
7664
7663
7662
7660
7657
7657
7657
7656
7655
7655
7650
7650
7650
7649
7649
7648
7648
7648
7647
7646
7645
7644
7642
7640
7638
7636
7635
7634
7634
7634
7633
7633
7633
7632
7632
7628
7628
7627
7626
7625
7625
7625
7624
7624
7623
7622
7620
7617
7616
7616
7615
7614
7613
7613
7612
7611
7610
7610
7610
7609
7609
7609
7606
7606
7605
7605
7604
7602
7601
7599
7598
7598
7595
7594
7592
7591
7590
7589
7589
7586
7585
7584
7583
7583
7580
7579
7579
7579
7578
7577
7577
7576
7576
7575
7574
7574
7574
7573
7572
7571
7571
7570
7569
7569
7569
7566
7566
7566
7566
7566
7565
7565
7561
7561
7560
7558
7557
7557
7556
7555
7555
7553
7552
7551
7551
7550
7550
7550
7548
7548
7546
7545
7543
7541
7538
7538
7538
7537
7536
7535
7535
7533
7532
7530
7529
7528
7528
7527
7526
7522
7522
7520
7520
7519
7518
7518
7518
7517
7517
7516
7515
7515
7513
7513
7512
7511
7511
7509
7508
7507
7505
7505
7504
7504
7504
7503
7503
7502
7499
7499
7498
7497
7496
7492
7492
7492
7492
7491
7490
7489
7488
7488
7487
7486
7486
7483
7481
7481
7481
7480
7480
7479
7479
7476
7476
7475
7474
7472
7471
7467
7467
7466
7465
7464
7464
7463
7463
7462
7461
7459
7459
7458
7457
7457
7457
7456
7455
7453
7451
7450
7450
7450
7449
7448
7448
7448
7448
7445
7445
7443
7442
7439
7437
7437
7434
7434
7434
7432
7432
7431
7430
7430
7427
7425
7425
7424
7422
7421
7420
7419
7419
7416
7415
7415
7413
7412
7411
7411
7410
7409
7404
7403
7403
7402
7402
7402
7400
7399
7399
7399
7397
7397
7396
7396
7395
7395
7393
7393
7390
7390
7389
7387
7386
7384
7384
7383
7382
7382
7382
7382
7381
7381
7381
7379
7378
7376
7376
7376
7376
7375
7374
7374
7368
7367
7365
7363
7361
7360
7359
7359
7358
7357
7357
7356
7353
7353
7352
7349
7346
7345
7345
7345
7343
7342
7342
7340
7338
7338
7337
7337
7336
7335
7333
7332
7332
7332
7331
7329
7327
7325
7324
7323
7321
7318
7318
7318
7318
7317
7317
7317
7316
7316
7314
7314
7313
7312
7311
7310
7309
7308
7303
7303
7301
7300
7300
7299
7299
7296
7295
7295
7295
7295
7293
7290
7290
7288
7284
7283
7282
7282
7282
7282
7279
7277
7276
7276
7275
7274
7274
7273
7272
7272
7271
7271
7271
7270
7269
7268
7268
7267
7267
7266
7265
7265
7264
7263
7262
7261
7260
7260
7259
7258
7258
7257
7256
7255
7255
7254
7253
7252
7250
7249
7249
7249
7248
7248
7248
7247
7246
7245
7244
7244
7242
7239
7238
7238
7234
7234
7234
7233
7233
7232
7232
7231
7229
7228
7227
7225
7222
7221
7221
7221
7220
7219
7216
7216
7214
7213
7212
7212
7212
7211
7209
7207
7207
7206
7205
7204
7202
7201
7200
7199
7198
7198
7198
7197
7195
7195
7193
7192
7192
7190
7190
7190
7188
7187
7187
7185
7182
7181
7180
7180
7177
7177
7176
7174
7168
7163
7159
7158
7158
7157
7157
7154
7153
7151
7150
7150
7148
7148
7148
7148
7147
7147
7144
7143
7142
7140
7140
7140
7139
7138
7137
7137
7136
7136
7135
7135
7134
7131
7131
7129
7128
7126
7124
7123
7121
7120
7118
7118
7114
7113
7110
7107
7105
7100
7100
7099
7098
7097
7096
7096
7095
7094
7092
7091
7091
7090
7088
7087
7086
7084
7083
7083
7083
7082
7081
7080
7080
7078
7077
7076
7074
7074
7073
7070
7069
7069
7069
7069
7066
7063
7061
7061
7061
7060
7060
7060
7059
7058
7057
7057
7056
7056
7054
7054
7052
7052
7051
7051
7051
7051
7050
7050
7050
7050
7049
7047
7046
7044
7044
7042
7042
7042
7042
7041
7039
7039
7039
7037
7036
7036
7035
7033
7032
7032
7032
7031
7030
7030
7029
7029
7027
7025
7025
7022
7021
7020
7020
7019
7018
7012
7011
7011
7008
7008
7006
7005
7004
7004
7003
7002
7000
6996
6994
6993
6992
6992
6991
6990
6990
6989
6988
6988
6987
6986
6985
6984
6980
6979
6978
6976
6975
6975
6974
6974
6972
6972
6969
6969
6969
6967
6967
6967
6966
6966
6966
6966
6965
6965
6965
6964
6963
6961
6960
6960
6959
6959
6958
6957
6957
6957
6956
6956
6956
6955
6954
6954
6953
6952
6951
6951
6950
6950
6949
6947
6947
6946
6946
6944
6944
6943
6943
6943
6942
6942
6942
6938
6935
6934
6933
6932
6930
6930
6929
6929
6928
6928
6927
6925
6924
6922
6921
6918
6917
6917
6917
6917
6916
6915
6914
6913
6912
6911
6911
6911
6909
6907
6907
6906
6905
6905
6901
6899
6898
6896
6895
6895
6892
6892
6892
6891
6886
6882
6882
6881
6881
6879
6879
6879
6877
6877
6877
6876
6876
6875
6875
6874
6874
6873
6873
6873
6873
6872
6872
6867
6866
6866
6864
6861
6861
6859
6859
6857
6857
6855
6855
6853
6852
6851
6850
6848
6846
6845
6845
6844
6844
6842
6841
6839
6836
6836
6836
6835
6834
6833
6832
6831
6827
6827
6826
6825
6825
6823
6821
6820
6820
6819
6818
6816
6816
6816
6813
6813
6811
6807
6807
6806
6805
6804
6803
6803
6802
6801
6800
6799
6799
6798
6797
6797
6796
6795
6794
6793
6793
6792
6792
6790
6789
6789
6788
6788
6786
6785
6784
6784
6784
6783
6783
6783
6782
6782
6779
6778
6778
6776
6776
6775
6775
6772
6772
6771
6770
6769
6764
6763
6762
6760
6760
6759
6759
6758
6758
6756
6755
6755
6754
6753
6753
6752
6751
6751
6750
6749
6748
6745
6743
6741
6741
6741
6740
6740
6735
6735
6733
6733
6732
6732
6732
6730
6729
6729
6728
6728
6727
6727
6724
6723
6723
6723
6722
6722
6720
6720
6719
6718
6716
6716
6715
6715
6714
6714
6713
6711
6709
6709
6709
6707
6706
6706
6706
6703
6703
6703
6699
6698
6698
6697
6697
6696
6695
6695
6695
6693
6693
6693
6692
6692
6691
6691
6688
6688
6687
6687
6686
6685
6685
6684
6679
6678
6678
6677
6676
6675
6674
6674
6674
6672
6672
6670
6669
6669
6668
6667
6667
6666
6665
6664
6661
6661
6660
6658
6658
6658
6656
6656
6656
6655
6655
6653
6653
6652
6650
6650
6649
6645
6643
6640
6639
6637
6636
6634
6634
6634
6634
6631
6631
6631
6630
6629
6629
6627
6626
6625
6625
6624
6623
6622
6622
6621
6621
6620
6618
6617
6616
6616
6615
6614
6614
6612
6611
6607
6606
6606
6605
6603
6601
6600
6600
6600
6599
6598
6597
6596
6595
6594
6594
6594
6593
6591
6587
6587
6586
6586
6586
6585
6585
6585
6585
6583
6582
6581
6580
6579
6577
6573
6572
6572
6569
6568
6563
6561
6561
6560
6557
6556
6556
6554
6551
6551
6547
6547
6546
6545
6544
6543
6543
6542
6541
6541
6540
6539
6537
6536
6533
6532
6530
6528
6527
6527
6527
6526
6526
6525
6525
6525
6522
6521
6519
6518
6516
6516
6515
6514
6512
6511
6510
6507
6507
6507
6505
6504
6503
6502
6502
6502
6501
6501
6499
6499
6499
6496
6495
6494
6494
6494
6492
6491
6490
6489
6488
6486
6484
6484
6481
6478
6478
6476
6475
6475
6473
6472
6471
6471
6469
6468
6467
6465
6464
6462
6460
6458
6458
6458
6458
6456
6453
6452
6452
6449
6448
6447
6445
6445
6444
6444
6444
6443
6442
6440
6439
6439
6438
6438
6438
6437
6435
6435
6432
6430
6430
6430
6429
6429
6429
6428
6425
6424
6417
6416
6412
6412
6411
6410
6410
6408
6407
6407
6406
6406
6403
6403
6402
6402
6401
6401
6400
6399
6398
6398
6397
6397
6396
6395
6395
6394
6394
6393
6392
6391
6388
6387
6387
6383
6383
6382
6381
6381
6379
6379
6378
6377
6372
6372
6371
6371
6367
6366
6366
6364
6364
6364
6364
6363
6363
6361
6361
6360
6360
6360
6358
6357
6357
6355
6355
6354
6353
6352
6352
6352
6350
6349
6348
6348
6348
6347
6347
6345
6345
6343
6343
6342
6342
6342
6341
6340
6336
6336
6335
6332
6331
6331
6330
6329
6329
6326
6325
6324
6322
6322
6321
6320
6319
6317
6317
6316
6314
6314
6313
6312
6310
6310
6307
6305
6304
6304
6302
6302
6301
6299
6297
6297
6296
6295
6294
6293
6293
6293
6290
6289
6289
6289
6286
6286
6283
6282
6281
6281
6279
6279
6277
6277
6276
6276
6276
6273
6272
6272
6271
6271
6271
6266
6261
6261
6259
6259
6258
6257
6256
6255
6254
6253
6251
6251
6249
6247
6246
6244
6243
6242
6241
6241
6241
6240
6240
6238
6238
6234
6233
6232
6232
6231
6230
6229
6229
6228
6227
6226
6225
6224
6224
6223
6223
6223
6223
6222
6222
6221
6221
6221
6218
6218
6218
6218
6218
6217
6215
6215
6215
6214
6213
6213
6211
6211
6210
6210
6209
6206
6205
6205
6204
6202
6202
6202
6202
6201
6200
6196
6195
6193
6192
6192
6191
6191
6188
6185
6184
6184
6183
6182
6182
6181
6179
6179
6179
6178
6178
6177
6177
6176
6176
6175
6175
6174
6174
6173
6172
6171
6171
6170
6169
6168
6168
6162
6161
6161
6161
6160
6158
6157
6156
6155
6154
6153
6152
6152
6151
6150
6148
6146
6144
6143
6143
6143
6143
6143
6143
6142
6141
6140
6137
6136
6135
6133
6131
6130
6128
6128
6127
6127
6126
6122
6121
6120
6120
6120
6118
6117
6117
6117
6116
6113
6113
6113
6112
6112
6111
6110
6110
6109
6109
6108
6108
6108
6106
6104
6104
6102
6101
6100
6100
6098
6096
6096
6096
6093
6093
6093
6092
6092
6091
6090
6090
6088
6085
6084
6084
6083
6081
6080
6079
6077
6076
6076
6075
6073
6073
6073
6071
6070
6069
6067
6066
6066
6065
6064
6063
6063
6062
6059
6057
6056
6054
6053
6052
6052
6050
6047
6047
6046
6045
6044
6044
6040
6039
6039
6039
6039
6037
6037
6036
6036
6036
6031
6031
6030
6030
6030
6029
6028
6027
6026
6023
6023
6023
6022
6022
6022
6021
6020
6020
6020
6018
6018
6016
6015
6015
6015
6015
6014
6014
6014
6011
6011
6011
6009
6009
6007
6004
6002
6001
6001
6001
6000
5999
5997
5995
5994
5994
5994
5993
5993
5992
5991
5991
5988
5987
5985
5985
5985
5981
5981
5981
5981
5978
5978
5973
5973
5972
5972
5970
5970
5970
5968
5968
5967
5966
5965
5963
5962
5960
5960
5959
5959
5957
5956
5954
5954
5953
5952
5951
5949
5949
5949
5948
5948
5946
5945
5944
5943
5943
5943
5942
5942
5941
5941
5940
5939
5939
5937
5936
5936
5935
5935
5934
5934
5933
5932
5932
5931
5930
5930
5929
5928
5927
5926
5926
5926
5925
5924
5924
5922
5922
5921
5919
5917
5917
5915
5914
5914
5914
5913
5913
5912
5911
5911
5910
5910
5909
5904
5903
5903
5902
5902
5901
5900
5897
5896
5896
5896
5895
5895
5893
5892
5892
5892
5890
5890
5889
5888
5887
5885
5884
5884
5882
5882
5881
5880
5880
5878
5877
5876
5874
5874
5874
5873
5873
5873
5873
5872
5871
5871
5870
5868
5868
5868
5866
5866
5866
5864
5864
5863
5862
5862
5862
5862
5861
5857
5857
5856
5854
5853
5853
5851
5850
5848
5848
5847
5846
5845
5844
5843
5842
5841
5841
5840
5839
5839
5837
5835
5835
5832
5831
5830
5830
5829
5829
5828
5828
5825
5823
5823
5822
5819
5819
5818
5818
5818
5817
5817
5816
5815
5814
5812
5812
5811
5811
5811
5810
5809
5809
5808
5807
5807
5806
5803
5803
5801
5801
5801
5800
5799
5799
5799
5798
5797
5796
5794
5793
5791
5791
5791
5791
5790
5789
5789
5789
5789
5788
5788
5788
5786
5786
5785
5785
5784
5783
5782
5780
5780
5779
5778
5778
5778
5778
5775
5774
5774
5773
5770
5769
5768
5768
5768
5766
5764
5763
5763
5763
5762
5761
5758
5756
5756
5754
5754
5751
5750
5749
5748
5747
5747
5746
5742
5742
5741
5738
5738
5737
5737
5736
5733
5732
5731
5731
5730
5730
5726
5726
5725
5724
5724
5723
5723
5722
5722
5720
5720
5720
5719
5719
5719
5715
5714
5714
5713
5712
5712
5709
5709
5709
5708
5707
5707
5706
5703
5703
5703
5702
5700
5699
5699
5698
5698
5697
5697
5696
5696
5695
5691
5691
5691
5690
5690
5690
5689
5686
5685
5683
5683
5683
5682
5682
5681
5679
5678
5678
5678
5678
5678
5676
5672
5671
5670
5668
5667
5667
5667
5665
5661
5660
5659
5658
5658
5656
5655
5654
5654
5652
5651
5650
5650
5649
5648
5647
5646
5645
5645
5643
5642
5642
5642
5638
5638
5635
5635
5634
5633
5632
5632
5629
5629
5629
5628
5627
5626
5625
5625
5624
5624
5623
5623
5621
5619
5619
5618
5615
5614
5612
5612
5610
5610
5608
5604
5603
5603
5602
5600
5598
5598
5597
5596
5596
5595
5594
5591
5589
5589
5589
5588
5587
5586
5586
5585
5585
5584
5581
5581
5580
5578
5577
5577
5574
5573
5570
5570
5569
5567
5567
5567
5567
5562
5561
5559
5559
5556
5552
5552
5551
5551
5551
5550
5550
5546
5545
5542
5538
5537
5536
5536
5535
5534
5534
5533
5530
5530
5530
5525
5524
5524
5523
5522
5521
5520
5519
5516
5515
5515
5514
5514
5513
5513
5508
5508
5507
5507
5506
5506
5506
5505
5505
5504
5504
5503
5502
5502
5501
5500
5499
5499
5498
5497
5495
5493
5493
5493
5490
5486
5486
5485
5484
5481
5480
5479
5479
5478
5478
5478
5476
5475
5475
5474
5474
5474
5473
5471
5466
5465
5464
5464
5463
5463
5461
5460
5459
5459
5458
5452
5451
5450
5449
5449
5449
5447
5446
5444
5443
5443
5443
5441
5441
5441
5440
5440
5437
5437
5436
5436
5435
5432
5430
5429
5426
5426
5426
5426
5425
5425
5423
5422
5421
5421
5421
5420
5417
5417
5417
5416
5416
5414
5411
5411
5411
5410
5410
5409
5409
5408
5408
5408
5408
5408
5407
5406
5403
5403
5401
5400
5400
5400
5399
5399
5399
5398
5398
5398
5397
5393
5389
5387
5386
5383
5383
5381
5380
5380
5379
5376
5375
5374
5374
5373
5373
5372
5372
5371
5371
5371
5370
5368
5368
5367
5367
5364
5362
5361
5360
5360
5359
5359
5358
5357
5357
5357
5354
5353
5352
5352
5352
5352
5349
5347
5347
5346
5343
5340
5340
5338
5337
5337
5336
5336
5335
5334
5334
5333
5331
5327
5327
5326
5323
5323
5323
5321
5319
5318
5318
5317
5316
5316
5316
5315
5314
5314
5313
5312
5311
5307
5303
5298
5297
5295
5295
5294
5293
5292
5290
5289
5289
5288
5287
5286
5286
5284
5283
5283
5283
5282
5281
5281
5280
5279
5278
5276
5276
5275
5275
5274
5273
5272
5272
5271
5269
5268
5267
5266
5261
5260
5258
5258
5256
5255
5255
5254
5253
5252
5251
5251
5249
5249
5247
5247
5244
5244
5240
5239
5239
5238
5236
5235
5234
5234
5233
5230
5228
5228
5228
5227
5226
5224
5223
5223
5223
5222
5220
5220
5219
5219
5219
5219
5218
5217
5216
5216
5216
5215
5215
5213
5213
5213
5212
5212
5211
5211
5206
5206
5205
5205
5204
5203
5203
5201
5198
5197
5196
5195
5194
5194
5194
5193
5193
5192
5190
5188
5187
5187
5186
5184
5183
5182
5181
5180
5177
5176
5175
5174
5173
5173
5172
5172
5172
5171
5170
5170
5170
5170
5169
5168
5167
5166
5164
5163
5159
5158
5158
5157
5155
5155
5154
5154
5154
5152
5151
5149
5148
5148
5147
5147
5147
5146
5145
5142
5142
5142
5140
5139
5139
5139
5138
5138
5137
5137
5135
5134
5132
5130
5128
5127
5127
5125
5123
5123
5123
5122
5120
5120
5120
5118
5118
5117
5117
5116
5115
5114
5113
5113
5112
5111
5110
5110
5110
5109
5107
5106
5106
5105
5104
5104
5103
5103
5100
5098
5097
5097
5093
5093
5091
5089
5089
5089
5089
5089
5086
5085
5084
5083
5083
5083
5082
5082
5081
5081
5080
5080
5080
5078
5078
5076
5076
5075
5075
5075
5075
5074
5074
5073
5071
5071
5071
5071
5069
5068
5067
5066
5064
5064
5062
5062
5060
5058
5057
5056
5055
5054
5053
5049
5048
5048
5047
5047
5046
5043
5041
5039
5038
5038
5036
5036
5035
5035
5035
5034
5034
5032
5031
5031
5029
5028
5024
5023
5022
5022
5021
5021
5020
5019
5014
5010
5010
5009
5008
5005
5005
5004
5004
5002
5002
5002
5002
5000
4999
4998
4998
4997
4997
4997
4997
4995
4995
4995
4993
4992
4990
4990
4990
4990
4988
4987
4987
4985
4985
4984
4982
4981
4980
4980
4979
4979
4979
4977
4975
4974
4974
4971
4970
4969
4969
4968
4967
4966
4966
4965
4963
4960
4960
4959
4958
4957
4956
4955
4955
4955
4954
4954
4952
4950
4949
4949
4948
4948
4948
4945
4944
4944
4944
4943
4943
4943
4942
4940
4940
4939
4938
4938
4936
4934
4934
4934
4933
4932
4928
4928
4927
4927
4926
4926
4924
4924
4923
4923
4923
4922
4922
4921
4919
4919
4917
4917
4916
4916
4916
4915
4915
4913
4910
4908
4908
4907
4906
4906
4905
4904
4903
4903
4901
4901
4900
4900
4900
4899
4897
4896
4895
4894
4894
4894
4890
4887
4885
4883
4882
4882
4882
4881
4880
4879
4878
4877
4875
4874
4874
4873
4873
4873
4872
4871
4871
4871
4869
4867
4866
4864
4863
4863
4859
4858
4858
4857
4855
4855
4854
4854
4852
4851
4851
4850
4850
4850
4849
4848
4845
4842
4842
4840
4840
4839
4839
4838
4837
4835
4835
4835
4834
4831
4830
4829
4828
4827
4826
4826
4826
4825
4825
4824
4824
4823
4822
4822
4821
4820
4820
4819
4819
4819
4818
4818
4818
4817
4817
4814
4813
4812
4811
4809
4809
4809
4809
4808
4807
4807
4806
4804
4799
4798
4798
4798
4797
4796
4795
4795
4791
4790
4790
4789
4788
4786
4784
4782
4781
4780
4776
4772
4772
4771
4771
4771
4769
4769
4768
4766
4765
4765
4763
4760
4760
4756
4756
4755
4752
4748
4747
4747
4746
4745
4745
4743
4743
4741
4740
4740
4739
4737
4737
4735
4734
4734
4733
4730
4729
4728
4728
4727
4726
4724
4723
4723
4721
4720
4719
4715
4713
4711
4711
4709
4708
4708
4707
4706
4706
4703
4702
4699
4699
4699
4698
4697
4696
4696
4696
4696
4696
4695
4693
4692
4691
4689
4689
4689
4688
4686
4684
4684
4682
4681
4679
4678
4675
4675
4674
4673
4673
4672
4672
4671
4671
4670
4670
4668
4667
4665
4664
4664
4663
4663
4662
4661
4661
4660
4660
4659
4657
4657
4657
4656
4656
4653
4653
4652
4652
4652
4649
4648
4648
4647
4645
4645
4645
4642
4639
4639
4636
4636
4636
4634
4629
4627
4627
4626
4626
4625
4624
4623
4622
4620
4619
4617
4617
4617
4614
4612
4608
4607
4607
4606
4602
4602
4601
4601
4601
4601
4600
4598
4597
4597
4597
4596
4595
4595
4594
4592
4591
4590
4588
4588
4588
4588
4586
4586
4586
4586
4585
4584
4583
4582
4582
4581
4580
4579
4579
4579
4577
4577
4572
4570
4570
4570
4570
4569
4569
4568
4565
4565
4564
4563
4561
4560
4558
4557
4557
4556
4556
4555
4554
4554
4552
4551
4551
4550
4549
4548
4547
4547
4545
4545
4541
4538
4535
4535
4532
4531
4530
4527
4525
4525
4525
4522
4521
4520
4520
4519
4519
4519
4519
4518
4518
4518
4515
4512
4512
4510
4508
4508
4507
4507
4506
4506
4504
4504
4503
4500
4499
4499
4498
4498
4497
4497
4497
4495
4493
4493
4492
4491
4490
4490
4488
4488
4487
4484
4482
4482
4480
4479
4478
4477
4477
4476
4475
4473
4472
4472
4471
4471
4470
4469
4467
4466
4466
4465
4464
4464
4461
4461
4460
4459
4459
4457
4456
4453
4451
4451
4450
4450
4449
4447
4445
4442
4442
4441
4439
4439
4439
4437
4436
4435
4434
4431
4430
4429
4427
4427
4426
4424
4423
4420
4419
4419
4418
4417
4416
4416
4415
4413
4412
4412
4411
4411
4409
4409
4408
4407
4406
4406
4404
4404
4403
4403
4402
4400
4399
4398
4398
4396
4395
4394
4390
4390
4385
4383
4381
4380
4380
4379
4379
4376
4376
4374
4373
4372
4372
4372
4370
4370
4369
4368
4367
4367
4367
4366
4366
4366
4366
4363
4362
4361
4361
4359
4358
4358
4358
4355
4353
4353
4352
4352
4347
4345
4344
4344
4342
4342
4341
4340
4339
4339
4338
4337
4337
4336
4335
4334
4334
4333
4332
4329
4328
4325
4323
4322
4319
4319
4319
4318
4318
4312
4312
4312
4310
4308
4307
4305
4304
4304
4303
4303
4303
4302
4300
4298
4297
4297
4296
4296
4295
4294
4293
4293
4291
4291
4290
4290
4290
4290
4289
4289
4289
4289
4289
4289
4288
4285
4285
4284
4283
4283
4282
4281
4281
4280
4280
4276
4276
4274
4271
4270
4270
4268
4267
4265
4265
4264
4264
4263
4263
4260
4260
4259
4258
4253
4253
4253
4253
4252
4250
4249
4248
4246
4245
4244
4243
4243
4242
4242
4241
4238
4237
4237
4236
4236
4234
4233
4232
4230
4226
4225
4224
4224
4223
4221
4220
4220
4219
4216
4213
4213
4212
4211
4211
4210
4209
4208
4208
4208
4207
4205
4199
4199
4199
4199
4198
4198
4197
4196
4195
4193
4193
4192
4192
4192
4187
4185
4182
4182
4181
4179
4174
4173
4171
4165
4165
4164
4164
4164
4163
4162
4162
4160
4158
4155
4155
4154
4154
4154
4150
4150
4150
4148
4145
4144
4143
4143
4143
4142
4142
4140
4139
4139
4136
4128
4127
4127
4127
4127
4126
4125
4123
4123
4122
4122
4121
4120
4119
4118
4118
4117
4116
4116
4116
4116
4115
4115
4114
4111
4107
4106
4104
4104
4104
4103
4102
4102
4101
4101
4100
4097
4096
4095
4095
4094
4094
4094
4093
4093
4092
4091
4091
4090
4090
4089
4089
4089
4088
4088
4087
4087
4087
4082
4081
4081
4081
4079
4078
4076
4073
4073
4072
4072
4072
4071
4070
4069
4069
4067
4067
4064
4063
4063
4062
4061
4060
4059
4057
4056
4055
4055
4054
4053
4051
4051
4051
4050
4050
4049
4048
4048
4047
4047
4046
4045
4044
4044
4043
4043
4042
4042
4039
4038
4038
4035
4034
4033
4033
4033
4032
4031
4031
4029
4028
4027
4026
4026
4025
4025
4023
4023
4022
4018
4018
4016
4015
4013
4012
4011
4011
4011
4009
4009
4007
4007
4003
3999
3999
3998
3998
3996
3996
3996
3995
3995
3994
3994
3991
3991
3990
3988
3987
3987
3986
3986
3985
3984
3984
3983
3980
3978
3978
3977
3976
3975
3975
3975
3973
3973
3972
3972
3972
3966
3966
3966
3965
3965
3964
3964
3963
3963
3962
3962
3961
3961
3959
3957
3956
3952
3951
3948
3947
3947
3947
3947
3946
3943
3943
3942
3942
3940
3940
3940
3939
3939
3939
3938
3938
3936
3936
3934
3933
3932
3931
3931
3930
3930
3929
3927
3927
3925
3924
3923
3923
3922
3922
3921
3920
3920
3919
3917
3917
3917
3916
3916
3914
3912
3911
3910
3910
3909
3908
3905
3900
3898
3897
3896
3895
3893
3893
3893
3892
3892
3892
3892
3888
3888
3888
3887
3883
3883
3882
3879
3878
3873
3872
3871
3870
3870
3868
3864
3863
3863
3862
3862
3861
3861
3860
3859
3859
3859
3856
3856
3852
3852
3851
3847
3847
3847
3845
3843
3842
3841
3840
3839
3839
3838
3833
3832
3831
3831
3829
3828
3826
3825
3825
3824
3822
3821
3821
3817
3817
3815
3812
3811
3810
3810
3810
3808
3808
3807
3806
3805
3805
3805
3805
3804
3804
3803
3803
3802
3802
3799
3799
3798
3798
3797
3797
3796
3795
3795
3795
3794
3792
3792
3792
3792
3791
3790
3789
3789
3789
3789
3789
3787
3783
3782
3781
3779
3779
3779
3778
3777
3776
3775
3774
3773
3771
3769
3768
3767
3766
3766
3764
3764
3764
3763
3763
3763
3762
3762
3761
3760
3759
3758
3751
3751
3750
3748
3744
3744
3743
3742
3742
3740
3740
3735
3735
3735
3735
3733
3733
3732
3732
3731
3731
3731
3730
3730
3728
3728
3726
3725
3723
3723
3720
3720
3717
3714
3714
3712
3712
3711
3711
3711
3710
3710
3704
3701
3700
3700
3700
3698
3698
3693
3693
3692
3691
3690
3690
3690
3690
3688
3688
3685
3683
3683
3683
3681
3680
3680
3680
3679
3677
3676
3676
3675
3674
3671
3670
3670
3669
3669
3668
3668
3668
3663
3663
3660
3659
3659
3658
3658
3657
3657
3657
3655
3654
3654
3653
3652
3650
3648
3648
3645
3644
3643
3643
3643
3641
3641
3639
3636
3636
3635
3635
3633
3631
3631
3629
3628
3628
3627
3627
3626
3626
3626
3624
3621
3621
3619
3619
3615
3614
3614
3612
3611
3610
3608
3607
3606
3606
3606
3604
3603
3603
3603
3602
3600
3600
3598
3598
3597
3597
3596
3595
3595
3594
3594
3593
3593
3592
3592
3591
3589
3589
3589
3588
3587
3586
3585
3585
3584
3584
3583
3583
3581
3579
3576
3575
3572
3572
3571
3570
3568
3568
3567
3566
3566
3566
3563
3563
3561
3560
3560
3559
3555
3555
3554
3553
3552
3550
3548
3547
3546
3545
3543
3543
3540
3539
3537
3536
3536
3535
3535
3534
3534
3533
3532
3530
3529
3526
3525
3524
3523
3521
3520
3520
3520
3519
3518
3518
3516
3516
3516
3515
3515
3515
3515
3514
3513
3513
3512
3512
3512
3512
3511
3509
3509
3508
3508
3507
3507
3507
3506
3505
3503
3503
3503
3502
3502
3502
3501
3501
3497
3494
3493
3492
3491
3490
3490
3489
3488
3487
3486
3484
3482
3482
3481
3480
3479
3479
3478
3478
3478
3477
3475
3474
3472
3471
3471
3470
3468
3468
3468
3468
3466
3464
3463
3463
3462
3461
3460
3455
3454
3454
3453
3453
3450
3450
3449
3449
3449
3445
3445
3442
3442
3442
3442
3441
3441
3440
3438
3436
3435
3435
3434
3433
3431
3431
3430
3429
3428
3427
3426
3426
3425
3424
3424
3423
3423
3423
3422
3421
3421
3419
3418
3418
3417
3416
3416
3410
3409
3409
3408
3408
3405
3404
3404
3401
3398
3398
3397
3396
3392
3390
3389
3389
3388
3388
3386
3386
3385
3383
3383
3382
3382
3381
3381
3381
3380
3380
3379
3379
3378
3378
3377
3377
3376
3374
3374
3370
3369
3368
3367
3366
3366
3365
3365
3364
3363
3361
3361
3361
3361
3360
3360
3359
3357
3356
3354
3354
3354
3353
3352
3349
3348
3348
3346
3343
3341
3340
3340
3340
3339
3338
3336
3336
3335
3334
3333
3333
3333
3330
3328
3328
3327
3326
3326
3325
3325
3322
3322
3321
3319
3317
3317
3317
3310
3310
3310
3308
3308
3306
3306
3306
3305
3303
3303
3301
3301
3301
3300
3300
3299
3299
3297
3297
3296
3295
3294
3294
3293
3291
3290
3290
3289
3289
3289
3287
3283
3282
3282
3282
3279
3279
3277
3277
3276
3275
3274
3272
3271
3270
3269
3268
3268
3268
3260
3260
3259
3258
3258
3257
3257
3256
3253
3250
3249
3249
3249
3249
3248
3247
3247
3245
3244
3242
3241
3241
3241
3241
3240
3240
3239
3239
3234
3231
3231
3230
3226
3226
3225
3223
3220
3219
3217
3217
3216
3214
3214
3213
3212
3210
3209
3208
3207
3207
3205
3204
3204
3204
3204
3201
3201
3200
3200
3198
3197
3197
3196
3195
3192
3192
3190
3190
3188
3187
3187
3187
3187
3184
3182
3181
3180
3180
3177
3177
3175
3174
3174
3174
3174
3173
3173
3173
3171
3171
3170
3170
3170
3170
3168
3168
3166
3165
3163
3162
3162
3160
3157
3157
3156
3156
3155
3154
3151
3150
3149
3149
3148
3147
3147
3146
3143
3141
3139
3139
3139
3139
3138
3138
3137
3135
3135
3135
3134
3134
3134
3133
3133
3132
3132
3130
3129
3126
3126
3126
3123
3122
3121
3121
3120
3119
3116
3114
3113
3113
3110
3110
3108
3107
3107
3105
3105
3105
3104
3104
3104
3104
3103
3103
3101
3100
3100
3099
3099
3098
3097
3095
3092
3092
3091
3089
3088
3086
3085
3085
3085
3085
3084
3083
3083
3082
3082
3080
3078
3078
3076
3075
3074
3074
3072
3072
3072
3071
3068
3067
3066
3066
3066
3065
3064
3064
3064
3061
3060
3060
3059
3058
3057
3055
3055
3054
3053
3052
3051
3050
3050
3048
3048
3047
3047
3045
3045
3045
3045
3045
3041
3039
3039
3038
3035
3034
3033
3031
3031
3030
3029
3027
3026
3024
3017
3014
3013
3013
3013
3012
3010
3010
3007
3006
3005
3005
3005
3005
3004
3004
3004
3003
3001
3001
3001
2996
2995
2995
2994
2994
2992
2991
2991
2990
2990
2988
2988
2986
2986
2986
2985
2985
2984
2982
2981
2981
2979
2978
2976
2975
2975
2973
2972
2972
2971
2970
2969
2968
2966
2965
2965
2962
2961
2960
2958
2958
2956
2956
2955
2955
2953
2952
2950
2948
2946
2945
2944
2941
2941
2938
2938
2936
2936
2935
2935
2934
2934
2934
2933
2933
2932
2932
2932
2930
2929
2929
2929
2927
2926
2926
2923
2921
2920
2916
2913
2913
2911
2910
2908
2906
2906
2905
2905
2904
2904
2903
2903
2903
2901
2901
2900
2900
2900
2899
2897
2897
2897
2892
2888
2886
2885
2885
2884
2884
2883
2882
2881
2881
2879
2879
2876
2874
2874
2872
2872
2870
2868
2868
2867
2867
2867
2866
2864
2862
2861
2860
2859
2859
2859
2858
2857
2856
2855
2854
2852
2852
2852
2851
2849
2848
2847
2847
2847
2847
2845
2844
2844
2844
2838
2837
2834
2834
2834
2832
2831
2831
2829
2828
2828
2828
2827
2825
2823
2822
2820
2819
2819
2818
2817
2814
2814
2810
2809
2806
2806
2805
2803
2803
2802
2801
2800
2800
2800
2800
2798
2796
2794
2794
2793
2793
2793
2793
2793
2793
2790
2789
2788
2787
2787
2786
2786
2786
2783
2781
2778
2777
2776
2774
2771
2770
2770
2770
2768
2768
2768
2767
2766
2762
2760
2759
2757
2756
2756
2755
2754
2752
2752
2750
2749
2747
2747
2744
2743
2743
2741
2741
2740
2739
2739
2737
2737
2736
2736
2735
2735
2734
2733
2733
2731
2731
2731
2728
2728
2727
2727
2725
2725
2724
2723
2722
2721
2716
2715
2715
2715
2714
2713
2711
2711
2710
2709
2709
2707
2707
2706
2706
2705
2702
2702
2701
2701
2701
2698
2698
2697
2696
2696
2696
2695
2694
2693
2692
2691
2691
2688
2687
2685
2684
2683
2682
2681
2681
2678
2677
2675
2675
2669
2669
2667
2667
2667
2662
2661
2660
2656
2655
2655
2655
2654
2653
2651
2651
2651
2651
2650
2649
2649
2648
2648
2648
2647
2646
2645
2645
2644
2644
2643
2642
2642
2641
2641
2640
2640
2640
2638
2637
2636
2636
2635
2634
2633
2633
2632
2630
2628
2626
2624
2622
2622
2621
2621
2619
2619
2619
2619
2618
2617
2616
2614
2614
2611
2611
2611
2609
2609
2608
2608
2607
2603
2602
2598
2597
2597
2596
2592
2592
2591
2590
2589
2588
2588
2585
2584
2584
2583
2582
2581
2581
2581
2580
2578
2576
2572
2571
2571
2570
2570
2568
2568
2567
2563
2561
2558
2558
2558
2556
2556
2555
2554
2553
2549
2548
2545
2545
2543
2543
2541
2540
2540
2539
2537
2533
2529
2527
2526
2526
2526
2526
2525
2525
2524
2524
2523
2521
2521
2521
2521
2520
2520
2520
2519
2517
2516
2516
2515
2513
2513
2512
2512
2510
2509
2507
2507
2506
2506
2502
2500
2497
2497
2496
2496
2493
2493
2492
2491
2490
2488
2488
2488
2487
2487
2486
2484
2483
2482
2477
2477
2476
2474
2474
2472
2472
2472
2471
2470
2468
2468
2468
2467
2464
2462
2461
2461
2460
2458
2458
2457
2455
2455
2454
2453
2452
2450
2450
2449
2449
2448
2447
2445
2445
2445
2445
2440
2438
2438
2437
2437
2437
2434
2433
2431
2431
2431
2429
2427
2427
2427
2427
2426
2426
2425
2424
2424
2423
2420
2420
2419
2417
2417
2415
2415
2414
2413
2410
2409
2408
2408
2407
2407
2405
2404
2403
2402
2400
2399
2398
2391
2391
2391
2391
2389
2388
2387
2386
2385
2383
2383
2382
2381
2381
2377
2376
2375
2373
2373
2373
2370
2368
2368
2367
2366
2364
2363
2363
2361
2359
2358
2357
2357
2356
2356
2355
2354
2354
2353
2352
2351
2350
2349
2349
2347
2346
2344
2344
2343
2342
2340
2340
2340
2337
2336
2335
2334
2333
2333
2333
2332
2332
2332
2331
2330
2329
2329
2327
2326
2326
2326
2326
2325
2323
2323
2321
2320
2320
2318
2318
2316
2315
2315
2315
2315
2313
2312
2312
2312
2311
2309
2309
2309
2308
2306
2305
2304
2303
2300
2299
2299
2299
2297
2296
2295
2295
2291
2291
2291
2290
2289
2289
2288
2288
2288
2288
2286
2285
2284
2284
2283
2279
2278
2274
2273
2271
2268
2267
2266
2264
2264
2264
2263
2260
2259
2258
2257
2257
2256
2254
2253
2252
2252
2251
2249
2248
2248
2248
2247
2246
2246
2245
2244
2243
2242
2242
2242
2241
2241
2241
2240
2240
2240
2239
2239
2238
2237
2236
2236
2234
2232
2231
2231
2230
2229
2229
2228
2226
2226
2223
2222
2221
2218
2217
2216
2213
2211
2211
2211
2210
2209
2209
2209
2209
2209
2206
2205
2203
2203
2201
2199
2199
2197
2197
2196
2196
2193
2192
2192
2191
2191
2189
2188
2187
2186
2185
2183
2183
2183
2182
2181
2181
2181
2180
2179
2178
2175
2174
2173
2172
2172
2171
2168
2167
2167
2167
2167
2167
2165
2164
2162
2162
2161
2159
2159
2159
2156
2156
2156
2154
2152
2152
2151
2150
2150
2150
2149
2147
2146
2144
2144
2143
2142
2142
2139
2139
2138
2138
2138
2137
2135
2135
2132
2131
2131
2130
2129
2129
2127
2127
2127
2127
2126
2126
2123
2123
2120
2119
2117
2117
2116
2114
2114
2114
2114
2114
2113
2111
2109
2108
2108
2108
2107
2107
2107
2105
2105
2103
2103
2102
2102
2101
2100
2100
2099
2098
2097
2097
2097
2096
2096
2095
2094
2094
2092
2092
2089
2087
2087
2087
2087
2084
2084
2082
2082
2082
2081
2081
2080
2080
2078
2077
2077
2077
2077
2076
2076
2074
2073
2073
2073
2072
2071
2071
2068
2067
2067
2065
2065
2064
2063
2063
2062
2059
2059
2058
2058
2058
2057
2055
2052
2050
2048
2046
2046
2045
2044
2044
2043
2042
2040
2040
2038
2038
2038
2037
2035
2034
2030
2030
2030
2029
2028
2026
2025
2025
2024
2023
2022
2019
2017
2016
2016
2015
2015
2013
2013
2013
2012
2011
2010
2008
2008
2007
2007
2005
2004
2004
2003
2000
1999
1999
1998
1998
1998
1996
1995
1994
1993
1992
1990
1990
1990
1989
1986
1985
1984
1984
1983
1982
1982
1981
1980
1980
1976
1976
1974
1972
1972
1971
1970
1969
1967
1967
1966
1965
1965
1964
1963
1961
1959
1959
1959
1959
1958
1958
1957
1954
1954
1953
1953
1949
1948
1947
1947
1946
1945
1944
1942
1941
1941
1939
1939
1937
1934
1933
1933
1933
1932
1931
1929
1929
1928
1927
1927
1925
1925
1924
1921
1921
1921
1920
1920
1920
1920
1919
1918
1917
1917
1913
1912
1911
1911
1911
1904
1904
1903
1903
1901
1898
1897
1897
1896
1896
1896
1894
1893
1891
1891
1891
1890
1889
1886
1885
1885
1885
1881
1879
1878
1877
1877
1877
1876
1875
1874
1873
1870
1869
1867
1866
1864
1863
1863
1862
1861
1859
1859
1859
1858
1858
1857
1856
1856
1856
1854
1850
1850
1848
1848
1845
1845
1842
1842
1841
1840
1839
1838
1838
1838
1836
1835
1835
1834
1833
1833
1830
1830
1829
1829
1828
1828
1828
1827
1827
1826
1826
1823
1821
1821
1820
1815
1814
1811
1811
1809
1806
1803
1802
1801
1801
1800
1800
1800
1800
1799
1798
1797
1796
1795
1794
1794
1792
1791
1788
1787
1786
1786
1784
1782
1779
1779
1777
1775
1775
1774
1774
1774
1774
1771
1770
1770
1768
1768
1763
1763
1763
1762
1760
1760
1757
1757
1757
1756
1755
1750
1748
1743
1742
1741
1741
1739
1737
1736
1736
1735
1733
1733
1730
1730
1730
1726
1726
1724
1723
1722
1721
1718
1718
1718
1717
1715
1712
1712
1710
1708
1706
1705
1705
1704
1704
1702
1701
1699
1698
1697
1696
1696
1692
1691
1690
1690
1688
1688
1688
1687
1686
1686
1685
1685
1684
1683
1682
1682
1682
1682
1682
1679
1678
1677
1677
1676
1675
1675
1674
1673
1673
1672
1671
1671
1671
1670
1669
1669
1669
1668
1668
1667
1667
1665
1665
1664
1662
1662
1662
1660
1658
1658
1657
1656
1655
1653
1653
1653
1651
1650
1650
1649
1649
1647
1647
1646
1645
1645
1643
1642
1642
1640
1639
1639
1636
1634
1634
1633
1632
1632
1628
1628
1628
1627
1627
1626
1625
1625
1625
1624
1623
1623
1622
1622
1619
1618
1618
1617
1616
1616
1614
1611
1611
1611
1611
1608
1607
1607
1606
1605
1604
1602
1600
1598
1598
1595
1595
1594
1593
1592
1591
1590
1587
1586
1585
1584
1584
1584
1584
1582
1582
1582
1580
1577
1577
1576
1571
1569
1569
1569
1569
1568
1567
1567
1567
1566
1566
1566
1566
1565
1563
1563
1561
1561
1561
1560
1560
1560
1559
1558
1556
1556
1555
1554
1553
1551
1548
1548
1547
1546
1545
1545
1544
1543
1543
1542
1541
1541
1540
1539
1539
1538
1537
1537
1537
1536
1534
1533
1533
1529
1528
1527
1526
1525
1525
1525
1524
1523
1523
1522
1522
1521
1520
1518
1517
1516
1516
1514
1511
1507
1507
1505
1504
1502
1502
1501
1499
1498
1496
1496
1495
1495
1493
1492
1492
1490
1490
1489
1488
1487
1486
1486
1485
1484
1483
1482
1481
1480
1479
1477
1477
1476
1470
1470
1470
1469
1469
1469
1467
1467
1467
1467
1466
1466
1466
1464
1461
1461
1461
1460
1458
1457
1456
1455
1455
1452
1452
1452
1450
1449
1448
1447
1447
1446
1445
1445
1445
1444
1443
1441
1440
1439
1437
1434
1433
1433
1433
1432
1430
1430
1429
1428
1428
1426
1426
1424
1424
1424
1424
1423
1422
1421
1418
1418
1418
1417
1417
1416
1416
1416
1415
1415
1411
1411
1411
1411
1410
1408
1408
1404
1403
1402
1402
1400
1400
1400
1398
1398
1396
1395
1394
1394
1394
1391
1390
1390
1388
1388
1388
1387
1386
1386
1385
1385
1383
1382
1380
1378
1378
1377
1377
1375
1374
1374
1373
1373
1371
1370
1370
1370
1370
1369
1368
1366
1365
1365
1364
1364
1363
1362
1362
1360
1358
1358
1357
1357
1356
1355
1354
1353
1352
1352
1351
1350
1349
1349
1347
1346
1345
1345
1344
1343
1342
1342
1339
1336
1335
1332
1332
1332
1331
1331
1331
1331
1330
1330
1330
1329
1327
1327
1327
1323
1323
1323
1322
1318
1318
1317
1317
1316
1312
1310
1310
1310
1310
1309
1309
1307
1306
1305
1304
1302
1302
1301
1301
1300
1299
1299
1297
1297
1297
1296
1296
1295
1292
1292
1290
1289
1289
1288
1288
1288
1287
1287
1286
1286
1286
1286
1285
1285
1283
1280
1280
1279
1279
1278
1276
1275
1275
1274
1273
1273
1272
1272
1272
1271
1271
1270
1269
1268
1268
1263
1258
1255
1255
1255
1254
1252
1252
1250
1249
1249
1249
1248
1247
1247
1247
1246
1245
1244
1244
1242
1242
1241
1240
1239
1239
1238
1238
1237
1235
1234
1233
1233
1232
1232
1231
1228
1227
1226
1226
1224
1224
1223
1222
1220
1220
1219
1218
1218
1217
1217
1216
1215
1215
1214
1214
1213
1212
1208
1207
1206
1203
1194
1193
1192
1191
1191
1190
1188
1185
1183
1181
1181
1180
1178
1177
1177
1177
1175
1174
1174
1173
1173
1172
1171
1170
1169
1169
1168
1165
1164
1164
1163
1162
1159
1158
1158
1158
1157
1156
1155
1155
1154
1154
1152
1152
1151
1151
1151
1151
1149
1148
1148
1148
1147
1146
1144
1143
1143
1142
1140
1140
1140
1139
1135
1135
1135
1134
1134
1133
1132
1130
1129
1129
1128
1128
1126
1125
1124
1122
1119
1119
1117
1116
1116
1116
1116
1112
1110
1110
1107
1107
1106
1105
1105
1104
1103
1101
1100
1097
1092
1091
1091
1091
1091
1090
1084
1084
1084
1083
1082
1082
1079
1079
1078
1076
1075
1075
1075
1074
1073
1072
1071
1070
1069
1069
1066
1063
1063
1063
1062
1060
1057
1057
1056
1055
1055
1055
1049
1049
1048
1047
1046
1046
1045
1044
1044
1042
1041
1040
1040
1039
1037
1037
1037
1035
1033
1032
1030
1027
1027
1026
1026
1026
1025
1024
1023
1021
1019
1018
1016
1015
1013
1012
1011
1011
1011
1010
1010
1008
1008
1008
1008
1007
1007
1005
1004
1004
1002
1002
1001
1001
1001
1000
999
998
997
996
995
993
993
993
992
989
989
986
984
983
982
982
977
977
976
975
975
975
974
974
974
974
974
974
973
973
972
971
969
969
967
967
966
966
964
961
961
959
957
957
956
956
955
953
952
952
951
950
949
947
946
945
945
945
944
941
940
939
939
937
937
936
933
933
933
932
931
931
931
927
927
927
927
924
922
922
922
922
922
921
920
919
917
917
916
915
915
914
914
912
910
909
908
908
907
906
905
904
904
904
902
902
902
902
901
900
899
899
898
897
897
897
896
894
894
894
892
892
892
891
888
888
886
886
885
885
885
883
882
882
881
881
881
878
878
877
875
875
874
874
873
872
870
869
869
868
868
867
867
866
866
865
864
863
862
862
861
860
860
859
859
857
856
855
854
854
853
851
850
849
849
849
848
846
845
844
841
840
839
838
837
837
837
836
836
835
835
835
834
832
830
829
827
826
825
823
822
821
819
819
816
816
816
815
815
814
814
811
811
810
808
807
806
806
806
805
805
805
800
799
797
797
797
796
796
794
793
793
792
789
785
784
782
780
779
779
779
778
777
776
776
775
774
774
772
772
771
771
770
769
766
763
761
761
759
759
759
757
756
753
753
751
751
751
750
750
749
749
749
748
748
745
745
745
745
745
744
744
744
743
743
742
742
741
741
740
738
738
738
737
735
735
734
732
732
731
731
731
730
730
730
728
728
727
727
727
726
726
725
723
722
721
720
719
717
717
716
716
716
715
715
714
713
713
712
712
711
709
708
708
707
707
705
704
703
702
701
700
700
699
698
696
694
694
694
691
691
690
688
686
685
682
681
680
680
679
677
673
673
672
670
668
667
666
663
662
660
657
656
656
655
654
654
654
653
652
651
650
646
642
642
641
640
640
639
638
638
635
635
635
633
633
632
631
629
626
626
623
623
620
618
617
616
616
615
615
614
611
610
610
610
608
606
605
604
603
602
600
599
598
597
593
592
592
591
591
591
591
590
589
589
588
581
581
580
579
579
578
578
578
576
574
574
573
573
573
571
571
571
571
570
568
568
568
567
567
567
566
564
564
564
563
563
562
562
561
561
561
561
560
559
556
555
555
555
555
554
553
553
552
551
550
550
549
548
548
548
548
547
546
544
542
540
540
540
540
539
538
538
537
535
535
535
534
534
532
532
531
529
529
528
527
527
526
526
526
525
525
524
524
523
521
516
514
513
511
511
511
511
510
509
508
508
508
504
504
503
502
502
502
502
501
501
500
500
499
499
497
495
493
493
493
492
489
489
488
487
486
483
483
481
478
474
471
470
467
467
466
464
464
464
463
461
459
459
459
458
457
457
457
455
454
454
454
453
451
450
450
449
445
445
444
441
441
440
439
439
439
439
437
436
434
433
433
430
429
429
428
427
424
423
418
416
416
414
414
413
411
410
409
408
407
407
406
406
405
404
401
400
400
398
398
398
397
397
397
397
397
397
396
396
395
393
392
390
389
389
387
386
383
383
382
380
379
376
376
374
374
374
371
368
367
366
362
362
362
359
358
357
357
352
352
352
352
351
351
350
350
349
348
346
345
344
343
343
343
341
341
340
340
338
335
335
332
327
325
325
323
323
323
322
320
320
319
318
317
311
310
309
308
307
307
306
306
305
305
304
304
302
302
302
302
301
301
301
300
298
298
298
293
290
288
287
287
285
283
282
281
279
279
278
277
275
275
275
275
275
274
273
266
265
263
263
262
261
259
257
254
254
253
253
253
253
252
252
249
249
248
248
246
245
245
243
242
242
240
238
238
234
233
233
232
231
231
230
227
227
226
226
224
222
222
220
220
217
217
217
216
216
215
214
212
211
208
207
207
205
204
204
203
203
202
201
200
200
196
193
193
190
188
187
185
184
183
183
183
181
181
178
177
177
174
173
172
171
170
169
169
169
168
167
166
164
164
162
162
162
161
159
157
156
156
154
153
152
151
151
151
150
150
149
149
149
148
146
140
140
140
139
139
139
139
138
137
137
136
134
134
134
132
132
132
131
130
130
129
129
128
128
127
126
126
125
124
122
120
117
117
117
116
116
112
111
109
109
107
107
105
103
101
101
100
100
99
98
97
96
95
95
93
93
93
92
91
89
88
88
87
87
87
87
86
83
80
80
78
78
77
77
76
76
76
76
74
74
73
71
69
68
68
68
65
65
65
64
61
61
60
60
59
59
59
58
57
57
57
55
54
52
52
51
51
50
49
48
46
44
44
43
43
42
41
36
36
35
35
34
33
33
31
30
30
29
29
29
27
27
27
27
23
20
18
16
15
15
11
11
10
9
8
5
4
3
2
1
1
1
1
0
