9998
9997
9996
9993
9992
9991
9989
9989
9989
9988
9988
9985
9982
9980
9979
9977
9977
9976
9976
9975
9975
9973
9972
9972
9969
9969
9969
9968
9966
9964
9963
9962
9960
9959
9959
9959
9955
9954
9954
9954
9953
9949
9948
9948
9944
9944
9943
9943
9942
9942
9942
9941
9936
9933
9932
9932
9931
9930
9930
9929
9929
9929
9927
9924
9922
9921
9921
9920
9920
9920
9920
9919
9919
9918
9913
9913
9912
9910
9908
9908
9907
9905
9904
9904
9903
9902
9902
9902
9901
9900
9899
9899
9899
9898
9897
9897
9896
9896
9895
9894
9893
9890
9890
9889
9889
9889
9889
9889
9888
9887
9887
9885
9885
9883
9883
9882
9881
9881
9880
9880
9880
9880
9878
9877
9877
9877
9874
9874
9874
9874
9873
9872
9872
9871
9871
9870
9866
9865
9864
9862
9862
9860
9860
9859
9858
9856
9856
9854
9854
9853
9852
9851
9851
9847
9847
9846
9845
9845
9843
9843
9841
9841
9841
9839
9839
9838
9837
9831
9831
9830
9830
9828
9826
9826
9826
9825
9823
9823
9822
9822
9820
9819
9817
9817
9816
9816
9815
9815
9815
9813
9812
9811
9805
9804
9803
9803
9800
9799
9798
9798
9797
9797
9795
9795
9793
9792
9790
9790
9789
9788
9787
9786
9786
9784
9784
9784
9783
9783
9782
9781
9779
9779
9777
9777
9776
9776
9774
9773
9772
9771
9771
9769
9766
9766
9765
9765
9765
9764
9764
9761
9760
9758
9758
9756
9755
9755
9755
9754
9752
9750
9750
9749
9747
9746
9746
9746
9744
9744
9740
9740
9738
9737
9734
9733
9733
9732
9729
9726
9723
9723
9723
9722
9722
9718
9718
9717
9716
9716
9716
9714
9713
9710
9709
9707
9705
9704
9703
9703
9703
9701
9701
9701
9700
9699
9697
9697
9694
9690
9690
9689
9689
9689
9687
9687
9686
9686
9686
9686
9685
9684
9684
9683
9683
9683
9680
9679
9678
9678
9677
9676
9675
9673
9672
9672
9671
9671
9670
9669
9669
9668
9667
9664
9664
9664
9663
9662
9661
9660
9659
9659
9658
9657
9654
9654
9654
9652
9651
9646
9646
9646
9646
9645
9643
9643
9642
9642
9642
9642
9639
9639
9639
9637
9637
9637
9635
9633
9632
9629
9629
9628
9627
9626
9623
9623
9623
9621
9620
9619
9619
9618
9618
9618
9616
9616
9615
9614
9614
9612
9610
9609
9605
9602
9602
9601
9598
9598
9596
9593
9592
9592
9591
9590
9589
9588
9588
9587
9587
9585
9584
9583
9580
9579
9579
9577
9575
9575
9575
9574
9572
9571
9571
9571
9570
9568
9566
9565
9564
9560
9556
9554
9553
9553
9552
9552
9552
9550
9550
9547
9543
9542
9542
9541
9540
9538
9538
9537
9536
9535
9533
9532
9532
9531
9529
9527
9527
9526
9526
9525
9523
9523
9522
9521
9519
9518
9517
9517
9517
9516
9514
9513
9510
9510
9509
9507
9506
9505
9504
9499
9499
9499
9498
9497
9495
9495
9494
9492
9492
9488
9487
9485
9483
9482
9481
9480
9478
9476
9475
9475
9474
9474
9474
9474
9474
9472
9471
9471
9471
9470
9470
9470
9469
9469
9467
9464
9463
9463
9462
9461
9461
9460
9460
9460
9457
9455
9450
9449
9444
9443
9443
9442
9442
9441
9440
9440
9439
9439
9439
9439
9438
9436
9435
9434
9434
9432
9431
9430
9430
9429
9428
9427
9425
9424
9421
9420
9419
9418
9417
9416
9415
9415
9412
9410
9410
9410
9407
9406
9405
9403
9403
9403
9401
9401
9400
9400
9397
9395
9394
9393
9392
9389
9388
9385
9385
9383
9379
9377
9377
9376
9375
9375
9375
9374
9373
9371
9371
9371
9370
9369
9368
9368
9367
9367
9366
9364
9364
9363
9362
9362
9361
9361
9361
9361
9360
9360
9358
9356
9356
9355
9355
9352
9352
9352
9352
9351
9350
9349
9348
9342
9342
9341
9340
9339
9337
9337
9337
9335
9335
9335
9335
9331
9330
9329
9327
9326
9326
9325
9325
9324
9323
9323
9323
9322
9319
9318
9318
9318
9317
9317
9313
9313
9312
9311
9311
9311
9307
9307
9305
9305
9304
9303
9303
9301
9300
9300
9299
9299
9298
9298
9297
9297
9296
9295
9294
9293
9292
9291
9291
9288
9288
9288
9287
9287
9286
9285
9281
9281
9281
9280
9280
9278
9275
9274
9274
9273
9273
9271
9269
9269
9268
9267
9266
9266
9266
9265
9264
9262
9260
9259
9258
9256
9255
9254
9254
9253
9252
9252
9250
9249
9248
9247
9247
9246
9243
9242
9242
9239
9237
9237
9235
9234
9233
9232
9231
9229
9228
9224
9223
9223
9223
9222
9222
9221
9220
9220
9218
9218
9217
9216
9215
9215
9214
9214
9213
9212
9211
9210
9209
9209
9208
9208
9207
9205
9205
9205
9204
9203
9202
9201
9198
9197
9197
9195
9195
9194
9193
9193
9193
9192
9192
9192
9192
9192
9191
9189
9188
9188
9187
9186
9185
9185
9184
9181
9180
9179
9179
9179
9178
9178
9177
9177
9176
9174
9173
9173
9173
9172
9171
9169
9169
9167
9165
9164
9163
9161
9159
9159
9159
9159
9157
9155
9154
9153
9153
9153
9148
9148
9148
9146
9145
9143
9142
9142
9142
9141
9140
9140
9138
9138
9137
9137
9136
9135
9135
9133
9133
9132
9132
9130
9130
9130
9129
9129
9128
9127
9125
9125
9124
9123
9121
9120
9118
9117
9117
9116
9114
9114
9112
9111
9110
9109
9108
9108
9107
9106
9104
9102
9102
9099
9097
9096
9095
9095
9094
9093
9091
9090
9089
9088
9088
9087
9087
9083
9083
9083
9083
9082
9080
9078
9073
9072
9071
9069
9066
9065
9065
9064
9063
9063
9062
9061
9060
9059
9058
9057
9057
9055
9054
9054
9054
9054
9053
9052
9052
9051
9050
9050
9049
9048
9048
9047
9046
9046
9046
9044
9043
9043
9042
9042
9041
9040
9038
9037
9037
9036
9036
9035
9034
9034
9033
9028
9028
9027
9027
9027
9025
9025
9023
9017
9015
9015
9015
9015
9014
9012
9009
9009
9008
9008
9008
9007
9006
9006
9005
9004
9002
9001
9001
8998
8998
8996
8995
8995
8994
8994
8993
8992
8992
8992
8991
8991
8990
8990
8989
8989
8988
8988
8988
8984
8984
8983
8982
8980
8980
8979
8979
8979
8978
8977
8972
8971
8971
8971
8971
8968
8968
8964
8964
8964
8963
8963
8962
8961
8961
8957
8956
8954
8951
8950
8949
8948
8946
8945
8944
8942
8941
8935
8935
8935
8935
8934
8934
8933
8932
8932
8931
8931
8931
8928
8928
8927
8926
8926
8926
8925
8925
8925
8924
8923
8923
8923
8923
8922
8919
8918
8917
8912
8911
8911
8909
8908
8908
8907
8907
8907
8906
8906
8905
8904
8904
8903
8901
8900
8898
8897
8895
8895
8895
8894
8893
8889
8884
8883
8883
8881
8881
8879
8879
8878
8876
8873
8872
8872
8868
8865
8864
8864
8864
8857
8856
8854
8853
8852
8851
8850
8847
8846
8846
8845
8844
8843
8843
8840
8837
8836
8836
8834
8834
8834
8833
8832
8831
8831
8830
8830
8830
8827
8825
8823
8818
8817
8817
8816
8814
8812
8811
8811
8810
8808
8806
8805
8805
8803
8801
8801
8800
8800
8800
8799
8798
8798
8796
8795
8795
8794
8794
8791
8788
8787
8787
8786
8785
8785
8784
8782
8781
8780
8780
8779
8779
8778
8777
8776
8776
8775
8775
8775
8774
8771
8770
8770
8770
8768
8767
8767
8762
8760
8760
8758
8758
8756
8755
8755
8755
8755
8754
8754
8754
8754
8753
8753
8750
8749
8748
8744
8742
8742
8742
8740
8739
8738
8738
8737
8735
8735
8734
8733
8733
8732
8732
8731
8731
8730
8729
8729
8728
8728
8728
8727
8726
8724
8721
8721
8720
8720
8719
8719
8717
8717
8716
8715
8714
8713
8712
8712
8711
8708
8708
8708
8707
8707
8707
8707
8706
8705
8705
8704
8704
8703
8702
8702
8702
8701
8698
8698
8698
8697
8696
8696
8695
8694
8694
8691
8689
8689
8688
8687
8687
8687
8686
8685
8685
8683
8683
8682
8681
8681
8677
8675
8674
8673
8672
8672
8671
8671
8670
8669
8669
8669
8669
8665
8663
8661
8660
8660
8659
8659
8659
8658
8657
8657
8656
8656
8653
8652
8652
8651
8651
8649
8648
8648
8646
8645
8643
8642
8642
8641
8641
8639
8638
8637
8635
8635
8635
8633
8633
8632
8632
8631
8629
8627
8627
8626
8626
8624
8623
8621
8621
8620
8619
8618
8616
8616
8615
8615
8614
8613
8613
8612
8609
8609
8608
8608
8606
8606
8606
8605
8604
8603
8602
8602
8602
8600
8600
8600
8597
8592
8592
8591
8590
8588
8588
8587
8586
8585
8578
8578
8575
8575
8575
8574
8573
8570
8569
8568
8566
8566
8564
8564
8563
8563
8563
8562
8562
8561
8560
8556
8555
8555
8554
8552
8552
8551
8548
8548
8546
8544
8544
8544
8541
8541
8540
8537
8537
8535
8534
8534
8532
8531
8531
8529
8529
8528
8528
8525
8524
8523
8522
8522
8521
8520
8520
8520
8520
8516
8516
8515
8514
8513
8513
8511
8510
8506
8506
8504
8502
8501
8501
8499
8499
8497
8497
8497
8492
8491
8490
8489
8488
8487
8486
8486
8486
8485
8485
8484
8484
8483
8482
8482
8481
8479
8478
8476
8475
8475
8474
8473
8472
8472
8469
8469
8468
8468
8468
8466
8466
8466
8464
8464
8463
8462
8461
8461
8448
8447
8445
8444
8442
8442
8440
8440
8436
8436
8435
8435
8435
8432
8429
8429
8428
8427
8425
8424
8423
8422
8422
8420
8418
8418
8418
8417
8416
8415
8412
8411
8411
8410
8409
8408
8408
8408
8407
8407
8405
8405
8404
8404
8404
8400
8400
8398
8398
8398
8397
8397
8397
8396
8396
8395
8393
8391
8390
8387
8385
8385
8385
8385
8384
8384
8383
8381
8380
8379
8377
8377
8376
8376
8376
8375
8374
8374
8373
8372
8372
8371
8370
8369
8368
8368
8364
8363
8360
8360
8360
8360
8359
8358
8358
8356
8355
8355
8355
8352
8352
8351
8351
8350
8349
8349
8349
8349
8348
8347
8346
8344
8343
8342
8341
8341
8340
8338
8337
8336
8334
8333
8333
8332
8332
8332
8332
8329
8328
8328
8328
8328
8327
8327
8326
8326
8326
8325
8325
8324
8324
8323
8322
8319
8319
8319
8317
8315
8314
8313
8312
8311
8311
8311
8310
8309
8308
8307
8306
8306
8306
8305
8304
8303
8302
8302
8300
8299
8298
8297
8290
8288
8286
8284
8283
8278
8277
8276
8273
8273
8272
8272
8271
8271
8270
8268
8268
8267
8266
8265
8265
8265
8262
8261
8257
8257
8254
8252
8251
8250
8250
8249
8247
8246
8244
8244
8244
8242
8241
8241
8241
8239
8238
8236
8235
8234
8232
8232
8231
8231
8230
8224
8223
8222
8221
8219
8217
8215
8213
8213
8212
8211
8210
8209
8209
8209
8209
8208
8208
8207
8207
8205
8205
8204
8204
8202
8202
8202
8201
8199
8198
8198
8198
8196
8196
8194
8192
8191
8190
8189
8189
8188
8187
8185
8184
8181
8179
8178
8178
8175
8173
8173
8171
8168
8167
8166
8165
8164
8163
8161
8160
8159
8156
8154
8154
8153
8151
8151
8151
8149
8149
8148
8147
8145
8145
8145
8144
8142
8141
8141
8138
8138
8137
8135
8134
8133
8132
8130
8129
8127
8125
8125
8124
8122
8122
8121
8121
8121
8120
8119
8117
8116
8116
8116
8115
8115
8114
8113
8112
8112
8112
8111
8108
8107
8107
8105
8104
8102
8101
8100
8098
8096
8095
8093
8092
8088
8087
8087
8086
8086
8085
8085
8084
8083
8083
8083
8082
8082
8081
8081
8081
8081
8080
8080
8080
8079
8079
8079
8078
8077
8076
8075
8074
8073
8072
8072
8072
8071
8070
8067
8065
8065
8061
8061
8060
8057
8055
8053
8053
8052
8050
8049
8048
8048
8047
8047
8046
8042
8041
8040
8039
8037
8035
8035
8032
8031
8031
8030
8029
8027
8026
8025
8025
8024
8024
8022
8021
8020
8018
8017
8016
8016
8015
8015
8012
8010
8009
8009
8008
8007
8006
8004
8004
8004
8002
8002
8000
8000
8000
7999
7997
7995
7995
7994
7992
7990
7990
7989
7988
7987
7986
7985
7984
7982
7982
7980
7980
7979
7978
7973
7973
7973
7971
7971
7970
7969
7968
7967
7967
7966
7963
7963
7963
7962
7961
7960
7959
7958
7957
7956
7955
7955
7952
7952
7949
7948
7947
7946
7944
7944
7942
7942
7938
7938
7935
7935
7934
7934
7933
7931
7929
7928
7928
7928
7927
7926
7926
7925
7925
7925
7924
7924
7920
7917
7916
7915
7914
7911
7909
7908
7907
7904
7903
7903
7903
7902
7901
7900
7899
7899
7895
7895
7894
7889
7889
7887
7887
7886
7884
7884
7883
7882
7881
7879
7879
7877
7875
7874
7873
7872
7871
7870
7869
7868
7868
7866
7866
7866
7866
7863
7863
7862
7861
7861
7860
7858
7858
7857
7857
7857
7857
7857
7855
7853
7851
7849
7847
7845
7844
7843
7842
7842
7840
7838
7837
7836
7835
7834
7833
7833
7831
7830
7830
7830
7829
7828
7828
7827
7827
7826
7826
7826
7825
7825
7821
7821
7820
7820
7819
7819
7818
7817
7817
7816
7816
7815
7814
7813
7812
7812
7811
7809
7808
7807
7805
7804
7803
7800
7799
7797
7796
7796
7795
7795
7794
7794
7791
7791
7791
7790
7788
7788
7787
7785
7785
7785
7781
7780
7779
7777
7777
7776
7776
7776
7774
7773
7771
7771
7770
7770
7768
7768
7767
7764
7763
7762
7762
7762
7762
7761
7760
7758
7756
7756
7756
7755
7754
7754
7754
7751
7750
7748
7746
7746
7745
7745
7745
7744
7743
7742
7740
7739
7738
7738
7738
7737
7737
7736
7736
7735
7734
7733
7732
7731
7731
7730
7730
7729
7729
7727
7725
7725
7725
7723
7723
7722
7721
7717
7716
7715
7715
7715
7715
7713
7708
7707
7706
7704
7704
7703
7702
7702
7701
7701
7700
7700
7699
7699
7699
7699
7698
7696
7695
7695
7693
7690
7690
7689
7688
7687
7687
7684
7683
7681
7681
7680
7680
7679
7678
7677
7675
7674
7672
7671
7671
7669
7669
7668
7668
7668
7667
7667
7666
7666
7666
7665
7665
7664
7663
7660
7660
7659
7658
7658
7658
7657
7657
7657
7657
7656
7656
7656
7655
7655
7652
7651
7650
7649
7649
7649
7648
7647
7647
7647
7647
7645
7644
7644
7644
7643
7641
7638
7636
7635
7634
7632
7628
7627
7627
7625
7624
7623
7623
7623
7621
7620
7618
7618
7617
7616
7614
7614
7612
7610
7609
7603
7602
7600
7597
7597
7597
7596
7595
7595
7595
7595
7594
7591
7590
7590
7589
7587
7583
7581
7581
7580
7579
7578
7577
7572
7571
7571
7571
7571
7567
7567
7566
7563
7561
7560
7559
7559
7558
7553
7549
7548
7548
7547
7546
7544
7543
7543
7540
7538
7537
7536
7536
7535
7534
7533
7532
7532
7531
7531
7528
7527
7527
7526
7525
7523
7521
7521
7520
7520
7519
7516
7516
7516
7515
7513
7513
7512
7512
7512
7511
7511
7511
7510
7510
7508
7508
7506
7505
7504
7504
7503
7501
7499
7499
7496
7494
7492
7489
7488
7488
7488
7488
7486
7486
7485
7484
7482
7481
7481
7480
7480
7480
7480
7480
7478
7478
7478
7478
7476
7475
7473
7471
7471
7470
7470
7469
7469
7467
7467
7465
7464
7463
7462
7462
7460
7460
7458
7458
7457
7457
7457
7455
7451
7450
7449
7449
7448
7445
7444
7444
7442
7442
7440
7439
7439
7435
7434
7434
7433
7433
7433
7433
7431
7431
7430
7430
7429
7427
7426
7425
7424
7423
7423
7422
7422
7420
7419
7419
7418
7418
7416
7415
7415
7415
7415
7414
7413
7413
7411
7410
7410
7409
7409
7409
7408
7408
7407
7405
7405
7404
7404
7402
7400
7399
7399
7398
7397
7394
7394
7393
7393
7392
7392
7392
7390
7390
7389
7389
7388
7388
7386
7386
7385
7383
7381
7381
7378
7378
7377
7375
7375
7373
7373
7372
7371
7371
7368
7366
7365
7364
7361
7360
7360
7360
7357
7357
7355
7355
7355
7354
7353
7353
7353
7352
7352
7351
7350
7350
7350
7349
7349
7349
7348
7347
7346
7341
7340
7337
7337
7336
7336
7336
7335
7335
7335
7334
7334
7333
7332
7329
7327
7327
7326
7325
7324
7323
7322
7322
7321
7320
7320
7318
7318
7315
7312
7311
7311
7311
7310
7310
7310
7309
7307
7307
7305
7305
7305
7305
7304
7304
7304
7302
7301
7300
7299
7293
7289
7288
7286
7285
7285
7284
7282
7281
7279
7278
7277
7277
7276
7275
7275
7272
7271
7271
7269
7268
7267
7266
7263
7261
7260
7260
7259
7259
7258
7258
7257
7256
7254
7254
7254
7253
7253
7253
7252
7249
7249
7248
7248
7247
7247
7244
7243
7242
7242
7242
7242
7241
7239
7239
7239
7238
7238
7235
7234
7234
7233
7233
7232
7230
7230
7229
7228
7228
7228
7226
7225
7225
7224
7223
7222
7221
7221
7221
7221
7220
7220
7217
7216
7215
7214
7213
7213
7212
7211
7211
7211
7210
7207
7205
7201
7201
7198
7197
7195
7194
7193
7192
7192
7189
7189
7187
7187
7187
7186
7185
7184
7182
7182
7181
7178
7177
7176
7173
7173
7173
7172
7170
7170
7167
7166
7165
7164
7164
7163
7157
7156
7156
7155
7153
7152
7151
7151
7151
7150
7149
7148
7147
7144
7144
7143
7143
7142
7142
7142
7141
7140
7139
7139
7135
7134
7131
7131
7131
7129
7128
7128
7128
7127
7124
7123
7123
7120
7119
7118
7117
7114
7113
7113
7109
7109
7107
7107
7105
7103
7100
7100
7097
7095
7091
7090
7089
7088
7088
7088
7088
7088
7086
7083
7081
7081
7080
7079
7079
7079
7078
7077
7077
7072
7071
7069
7068
7067
7066
7064
7063
7062
7062
7061
7061
7060
7059
7058
7058
7057
7056
7055
7054
7053
7053
7049
7048
7048
7047
7046
7044
7044
7043
7042
7041
7040
7039
7039
7039
7038
7036
7034
7034
7034
7029
7029
7027
7026
7025
7024
7024
7024
7022
7021
7019
7015
7012
7012
7011
7010
7009
7009
7008
7008
7006
7006
7003
7001
7001
7000
6996
6996
6995
6995
6993
6993
6990
6990
6986
6985
6985
6983
6983
6983
6982
6981
6979
6979
6979
6977
6976
6976
6975
6975
6974
6973
6973
6973
6972
6972
6971
6971
6971
6970
6969
6966
6965
6963
6962
6962
6962
6960
6960
6960
6957
6957
6954
6953
6953
6952
6951
6951
6951
6951
6951
6950
6950
6949
6948
6948
6948
6947
6946
6945
6945
6944
6944
6943
6943
6941
6938
6938
6938
6937
6937
6935
6935
6931
6929
6926
6926
6924
6924
6923
6923
6922
6921
6921
6920
6920
6918
6917
6917
6914
6913
6911
6911
6911
6906
6905
6900
6900
6900
6899
6899
6898
6898
6897
6897
6897
6896
6895
6894
6894
6892
6892
6891
6891
6890
6889
6888
6887
6886
6885
6884
6884
6884
6883
6881
6879
6878
6877
6876
6876
6875
6875
6874
6870
6869
6869
6869
6867
6867
6866
6865
6863
6863
6857
6856
6856
6855
6853
6853
6853
6852
6851
6851
6850
6848
6848
6847
6846
6843
6842
6842
6842
6841
6840
6840
6838
6837
6837
6835
6834
6831
6831
6829
6828
6825
6821
6820
6820
6820
6819
6816
6816
6813
6812
6812
6809
6809
6808
6807
6806
6805
6804
6804
6803
6802
6801
6800
6799
6799
6798
6798
6796
6796
6794
6794
6794
6794
6794
6793
6792
6791
6791
6790
6787
6787
6787
6787
6787
6786
6785
6784
6784
6782
6779
6779
6778
6777
6777
6777
6774
6774
6774
6771
6771
6770
6770
6768
6766
6765
6765
6765
6764
6763
6762
6761
6759
6758
6758
6757
6757
6756
6755
6752
6749
6749
6747
6744
6742
6739
6738
6738
6737
6735
6735
6734
6733
6732
6731
6730
6728
6728
6728
6727
6726
6725
6724
6723
6723
6723
6723
6723
6720
6720
6720
6719
6718
6716
6714
6712
6710
6709
6708
6707
6707
6704
6701
6700
6695
6693
6692
6691
6691
6691
6691
6691
6690
6688
6684
6683
6682
6682
6681
6680
6680
6679
6679
6678
6677
6677
6676
6675
6672
6671
6670
6665
6661
6661
6660
6659
6658
6656
6654
6653
6653
6652
6652
6651
6649
6649
6649
6648
6647
6647
6647
6645
6645
6645
6643
6643
6642
6641
6640
6640
6640
6639
6638
6636
6635
6635
6635
6635
6633
6633
6633
6632
6631
6630
6629
6628
6628
6626
6625
6624
6623
6622
6620
6620
6620
6615
6614
6612
6612
6610
6610
6608
6607
6606
6605
6603
6602
6602
6601
6601
6600
6591
6591
6591
6590
6590
6590
6589
6589
6588
6586
6586
6585
6583
6583
6582
6582
6581
6581
6580
6578
6578
6577
6576
6576
6575
6575
6574
6572
6572
6571
6570
6570
6570
6569
6567
6567
6566
6565
6564
6564
6563
6560
6559
6556
6555
6555
6555
6553
6553
6551
6550
6548
6546
6546
6543
6543
6541
6541
6539
6538
6537
6536
6535
6535
6534
6531
6531
6531
6530
6530
6530
6529
6528
6526
6525
6523
6521
6520
6520
6520
6519
6518
6517
6517
6516
6516
6515
6514
6514
6514
6513
6512
6511
6511
6511
6510
6510
6509
6508
6507
6507
6503
6502
6500
6494
6492
6492
6491
6489
6487
6487
6486
6485
6484
6483
6481
6481
6481
6480
6478
6476
6476
6475
6472
6471
6470
6470
6469
6468
6466
6465
6464
6462
6462
6462
6461
6458
6456
6455
6454
6454
6453
6453
6453
6452
6451
6450
6449
6448
6445
6444
6443
6441
6440
6440
6439
6437
6434
6433
6433
6432
6431
6429
6428
6427
6427
6425
6423
6422
6422
6422
6419
6419
6417
6416
6415
6414
6413
6413
6412
6411
6410
6408
6403
6402
6402
6402
6401
6401
6400
6400
6394
6393
6392
6392
6392
6391
6391
6391
6391
6390
6388
6387
6386
6384
6383
6383
6379
6377
6376
6375
6375
6374
6374
6373
6372
6371
6370
6369
6369
6369
6368
6365
6365
6365
6364
6364
6361
6359
6357
6356
6355
6354
6351
6351
6351
6351
6349
6348
6346
6346
6346
6345
6344
6342
6341
6341
6340
6338
6338
6334
6334
6333
6333
6332
6331
6328
6328
6327
6327
6325
6324
6324
6324
6323
6322
6322
6321
6320
6319
6317
6314
6314
6312
6312
6310
6310
6307
6306
6306
6305
6304
6302
6299
6299
6297
6296
6295
6295
6294
6294
6293
6291
6291
6291
6290
6290
6289
6289
6289
6287
6287
6286
6284
6284
6284
6282
6282
6281
6280
6279
6279
6279
6277
6277
6276
6274
6274
6273
6272
6272
6272
6269
6268
6268
6268
6265
6265
6264
6263
6262
6261
6257
6256
6256
6256
6254
6253
6250
6248
6246
6246
6244
6244
6244
6242
6242
6239
6239
6238
6237
6237
6236
6235
6234
6233
6233
6231
6231
6231
6230
6227
6227
6226
6225
6225
6224
6223
6223
6216
6215
6214
6212
6212
6208
6208
6207
6206
6204
6202
6200
6200
6200
6199
6199
6199
6197
6197
6196
6195
6195
6195
6189
6188
6185
6184
6183
6181
6181
6179
6178
6177
6176
6175
6175
6172
6171
6170
6169
6169
6169
6168
6168
6166
6165
6162
6160
6158
6154
6154
6154
6153
6153
6153
6152
6151
6150
6150
6148
6148
6146
6146
6145
6143
6142
6140
6140
6138
6138
6137
6137
6136
6135
6134
6133
6133
6132
6132
6132
6131
6131
6130
6130
6129
6129
6128
6128
6127
6125
6124
6124
6124
6123
6121
6121
6121
6119
6118
6115
6114
6113
6112
6112
6110
6108
6104
6102
6101
6101
6101
6100
6099
6098
6094
6094
6094
6093
6092
6092
6091
6091
6090
6090
6090
6089
6089
6088
6088
6087
6087
6084
6084
6082
6081
6079
6079
6079
6077
6077
6076
6076
6073
6072
6072
6072
6072
6070
6070
6070
6069
6069
6067
6067
6065
6064
6064
6063
6063
6062
6062
6061
6061
6059
6059
6058
6057
6057
6056
6056
6055
6054
6052
6052
6051
6050
6047
6047
6046
6045
6045
6044
6042
6041
6039
6039
6038
6036
6036
6035
6033
6033
6032
6031
6031
6027
6025
6024
6023
6023
6022
6021
6021
6019
6019
6019
6019
6014
6014
6013
6013
6007
6004
6002
6002
6002
5999
5996
5995
5995
5995
5995
5992
5992
5991
5991
5990
5989
5989
5988
5988
5986
5985
5985
5984
5983
5978
5978
5978
5977
5975
5973
5972
5971
5971
5965
5965
5962
5962
5960
5960
5958
5957
5957
5956
5955
5955
5955
5954
5954
5954
5953
5952
5952
5950
5949
5948
5948
5945
5945
5944
5943
5942
5941
5940
5940
5939
5939
5938
5938
5937
5936
5935
5935
5935
5934
5933
5932
5932
5931
5930
5929
5929
5927
5926
5922
5922
5920
5920
5920
5919
5919
5917
5917
5917
5916
5911
5911
5910
5910
5908
5907
5905
5902
5902
5901
5901
5900
5898
5898
5897
5897
5896
5896
5895
5894
5894
5893
5892
5889
5887
5884
5883
5883
5882
5882
5881
5881
5880
5880
5879
5879
5879
5879
5878
5878
5877
5877
5877
5873
5872
5869
5869
5865
5864
5862
5861
5861
5860
5858
5858
5857
5857
5856
5855
5853
5853
5852
5851
5851
5851
5850
5850
5849
5849
5846
5846
5844
5839
5839
5837
5836
5835
5835
5834
5834
5834
5833
5831
5831
5830
5830
5830
5829
5828
5828
5828
5826
5822
5822
5820
5819
5819
5818
5818
5817
5816
5816
5816
5814
5813
5812
5809
5809
5809
5807
5807
5806
5803
5802
5801
5801
5800
5800
5799
5798
5795
5794
5794
5793
5792
5791
5790
5789
5788
5787
5787
5787
5786
5786
5786
5786
5785
5784
5784
5783
5783
5779
5779
5778
5778
5777
5774
5773
5772
5771
5769
5768
5768
5768
5767
5767
5767
5767
5767
5767
5766
5763
5763
5763
5762
5762
5760
5760
5759
5759
5759
5759
5758
5758
5757
5756
5756
5755
5754
5754
5754
5753
5753
5752
5745
5744
5744
5743
5743
5742
5739
5737
5737
5737
5734
5734
5732
5727
5726
5725
5725
5724
5724
5723
5723
5720
5720
5719
5716
5715
5714
5713
5712
5711
5711
5711
5710
5709
5708
5707
5707
5707
5705
5705
5704
5703
5703
5703
5701
5700
5699
5698
5698
5695
5695
5691
5690
5689
5687
5687
5686
5684
5684
5684
5683
5682
5678
5677
5676
5673
5673
5673
5673
5669
5669
5668
5668
5667
5667
5667
5666
5665
5664
5664
5664
5663
5662
5661
5660
5660
5660
5659
5657
5657
5656
5655
5651
5649
5649
5646
5645
5643
5640
5640
5639
5637
5637
5635
5633
5632
5632
5630
5630
5628
5628
5628
5627
5627
5626
5625
5623
5620
5619
5619
5619
5618
5618
5618
5617
5617
5616
5615
5615
5615
5612
5611
5609
5605
5602
5601
5600
5600
5598
5598
5598
5596
5594
5594
5592
5592
5589
5589
5587
5586
5584
5584
5583
5583
5581
5579
5578
5578
5576
5576
5574
5570
5567
5567
5566
5564
5562
5562
5561
5558
5555
5553
5550
5549
5549
5546
5545
5543
5542
5541
5538
5537
5537
5536
5536
5536
5535
5534
5527
5527
5526
5525
5524
5524
5523
5522
5518
5516
5516
5515
5514
5512
5511
5511
5510
5509
5508
5508
5507
5507
5507
5506
5506
5505
5505
5504
5503
5502
5501
5501
5498
5498
5496
5496
5495
5495
5495
5495
5494
5493
5492
5492
5491
5491
5490
5489
5489
5488
5485
5485
5483
5483
5483
5481
5481
5480
5479
5478
5476
5475
5475
5474
5474
5473
5473
5473
5472
5472
5470
5469
5469
5469
5468
5466
5464
5463
5463
5458
5457
5456
5455
5455
5454
5454
5454
5453
5452
5451
5449
5447
5446
5446
5446
5446
5445
5444
5441
5441
5437
5436
5435
5435
5435
5434
5434
5432
5432
5430
5430
5429
5429
5426
5425
5425
5424
5421
5418
5418
5417
5417
5414
5413
5412
5410
5406
5404
5403
5402
5402
5397
5397
5396
5395
5394
5393
5392
5392
5392
5391
5391
5388
5385
5385
5383
5381
5381
5380
5379
5378
5378
5377
5375
5374
5374
5373
5372
5372
5372
5370
5370
5370
5369
5369
5368
5366
5365
5364
5362
5361
5361
5361
5361
5361
5360
5358
5358
5358
5355
5355
5353
5352
5352
5349
5348
5346
5346
5346
5345
5341
5338
5338
5337
5337
5336
5336
5335
5335
5335
5334
5334
5332
5332
5331
5326
5326
5325
5325
5323
5316
5316
5315
5315
5313
5313
5311
5309
5308
5308
5308
5307
5307
5303
5301
5300
5299
5298
5297
5296
5296
5295
5293
5292
5292
5290
5290
5288
5288
5287
5285
5284
5283
5282
5281
5281
5280
5278
5277
5277
5276
5275
5275
5274
5273
5272
5272
5271
5269
5269
5268
5268
5264
5264
5259
5259
5258
5258
5258
5257
5257
5257
5256
5256
5256
5256
5255
5253
5253
5252
5252
5252
5251
5250
5249
5249
5247
5247
5247
5246
5246
5244
5243
5243
5240
5239
5238
5237
5236
5234
5234
5234
5231
5230
5230
5230
5228
5227
5227
5226
5225
5225
5224
5223
5222
5218
5217
5214
5214
5213
5213
5212
5211
5210
5210
5208
5207
5206
5206
5206
5205
5204
5203
5202
5201
5196
5194
5194
5194
5190
5189
5189
5188
5187
5187
5186
5186
5186
5183
5183
5182
5182
5175
5174
5173
5172
5171
5168
5168
5165
5162
5161
5161
5161
5160
5157
5157
5155
5155
5152
5151
5150
5148
5147
5145
5145
5144
5143
5143
5143
5136
5136
5135
5135
5134
5132
5132
5132
5130
5130
5129
5127
5126
5125
5124
5122
5122
5121
5121
5120
5120
5119
5117
5116
5115
5115
5114
5114
5113
5112
5109
5109
5108
5108
5108
5106
5105
5104
5102
5102
5100
5099
5098
5098
5097
5096
5095
5094
5094
5094
5093
5093
5091
5090
5088
5087
5086
5085
5084
5082
5081
5079
5078
5077
5076
5075
5075
5073
5073
5072
5072
5071
5071
5071
5069
5068
5068
5067
5067
5064
5062
5061
5059
5058
5056
5056
5056
5056
5055
5055
5053
5052
5052
5050
5049
5049
5049
5047
5043
5042
5041
5041
5041
5040
5038
5037
5036
5036
5035
5034
5032
5031
5030
5030
5025
5021
5020
5017
5017
5017
5016
5014
5014
5013
5013
5007
5004
5003
5003
5002
5002
5001
5001
5000
5000
5000
4997
4997
4997
4997
4996
4996
4996
4995
4994
4993
4990
4989
4988
4987
4987
4986
4985
4985
4984
4984
4983
4982
4981
4980
4978
4977
4974
4974
4974
4973
4973
4972
4971
4969
4969
4967
4964
4961
4960
4957
4954
4952
4950
4945
4943
4942
4942
4938
4937
4936
4936
4934
4933
4932
4931
4930
4929
4929
4928
4926
4925
4925
4925
4922
4921
4918
4917
4915
4914
4914
4914
4914
4913
4913
4911
4911
4911
4909
4906
4906
4905
4904
4903
4903
4902
4902
4901
4900
4900
4899
4898
4898
4898
4898
4897
4896
4895
4895
4895
4894
4892
4891
4891
4891
4889
4889
4889
4888
4887
4886
4886
4885
4882
4881
4879
4878
4878
4875
4874
4873
4872
4871
4871
4868
4868
4868
4867
4866
4861
4859
4858
4857
4856
4855
4854
4854
4853
4852
4850
4849
4847
4847
4845
4845
4845
4840
4836
4835
4835
4833
4832
4832
4830
4829
4828
4827
4827
4826
4824
4823
4823
4821
4819
4816
4816
4816
4815
4815
4815
4814
4813
4813
4812
4812
4811
4811
4808
4807
4807
4806
4806
4805
4805
4804
4804
4803
4802
4802
4801
4801
4801
4801
4799
4798
4797
4797
4796
4796
4791
4791
4791
4791
4790
4787
4786
4786
4785
4785
4784
4783
4783
4783
4781
4778
4776
4771
4771
4770
4767
4766
4766
4766
4763
4762
4762
4760
4758
4758
4757
4757
4756
4756
4754
4754
4754
4754
4753
4753
4753
4752
4752
4750
4750
4748
4748
4748
4746
4746
4745
4744
4743
4742
4742
4741
4740
4738
4738
4737
4737
4737
4736
4735
4735
4734
4732
4731
4729
4729
4729
4728
4727
4726
4726
4723
4717
4716
4716
4714
4714
4714
4712
4711
4710
4709
4706
4705
4700
4699
4695
4694
4691
4690
4685
4683
4680
4680
4680
4680
4680
4678
4676
4675
4672
4672
4672
4671
4670
4669
4669
4668
4668
4667
4666
4666
4666
4666
4665
4663
4663
4663
4661
4660
4660
4659
4659
4658
4658
4657
4655
4653
4653
4652
4651
4650
4650
4649
4648
4646
4646
4646
4645
4644
4643
4643
4642
4640
4640
4640
4639
4639
4638
4636
4636
4635
4634
4634
4631
4631
4630
4629
4629
4628
4628
4626
4626
4625
4625
4623
4621
4620
4618
4617
4616
4616
4616
4615
4615
4614
4614
4614
4613
4612
4612
4611
4610
4609
4607
4607
4607
4606
4605
4605
4605
4604
4604
4603
4603
4602
4602
4601
4599
4598
4598
4598
4598
4597
4597
4595
4594
4593
4593
4592
4592
4590
4588
4587
4586
4584
4584
4583
4583
4582
4582
4580
4580
4580
4579
4575
4575
4574
4574
4574
4573
4572
4569
4569
4568
4568
4565
4565
4563
4562
4559
4558
4558
4558
4557
4557
4555
4555
4555
4554
4553
4552
4552
4551
4551
4551
4551
4551
4548
4548
4547
4547
4547
4547
4546
4545
4544
4543
4542
4542
4540
4536
4536
4535
4535
4535
4534
4531
4530
4530
4529
4529
4525
4525
4523
4523
4520
4517
4517
4516
4514
4513
4511
4511
4510
4510
4509
4507
4507
4506
4505
4502
4501
4500
4500
4494
4493
4493
4492
4492
4492
4490
4490
4488
4487
4487
4486
4486
4485
4484
4484
4482
4478
4478
4477
4477
4472
4472
4472
4471
4471
4469
4469
4467
4467
4467
4467
4466
4466
4465
4463
4463
4460
4460
4460
4459
4459
4459
4457
4455
4451
4450
4450
4448
4448
4448
4448
4446
4445
4444
4444
4444
4443
4443
4442
4441
4441
4440
4439
4437
4437
4436
4435
4434
4433
4431
4430
4429
4429
4428
4427
4427
4425
4422
4422
4421
4421
4421
4421
4420
4417
4416
4415
4414
4413
4413
4412
4411
4409
4409
4408
4404
4404
4402
4402
4401
4401
4401
4400
4399
4399
4398
4398
4397
4396
4395
4393
4393
4390
4388
4387
4387
4386
4386
4384
4384
4382
4378
4378
4377
4377
4377
4376
4376
4375
4374
4371
4371
4369
4368
4368
4367
4367
4367
4365
4364
4364
4360
4360
4359
4359
4358
4358
4358
4357
4356
4356
4354
4353
4351
4351
4350
4350
4348
4348
4348
4348
4346
4344
4344
4344
4341
4340
4340
4339
4337
4335
4332
4332
4330
4330
4329
4327
4327
4327
4326
4321
4321
4320
4320
4319
4317
4316
4316
4313
4310
4310
4307
4304
4300
4300
4297
4297
4297
4296
4295
4295
4294
4294
4293
4292
4290
4290
4287
4287
4286
4285
4283
4283
4283
4283
4282
4281
4281
4281
4279
4279
4277
4277
4277
4276
4275
4275
4273
4272
4272
4269
4268
4268
4266
4265
4265
4264
4263
4263
4263
4262
4262
4259
4259
4258
4258
4257
4256
4255
4254
4254
4253
4252
4251
4249
4248
4248
4246
4246
4244
4244
4243
4242
4242
4239
4238
4238
4238
4238
4235
4235
4234
4233
4233
4229
4229
4229
4228
4227
4226
4225
4225
4221
4219
4219
4219
4219
4218
4218
4216
4215
4211
4211
4210
4209
4208
4207
4207
4207
4206
4205
4204
4201
4200
4200
4196
4195
4193
4192
4191
4190
4190
4188
4188
4185
4184
4184
4183
4183
4183
4183
4182
4181
4181
4180
4177
4176
4176
4175
4173
4169
4169
4168
4166
4166
4164
4163
4163
4161
4157
4152
4152
4152
4150
4150
4148
4148
4147
4145
4145
4145
4144
4144
4144
4143
4143
4142
4142
4140
4140
4140
4137
4136
4136
4136
4136
4135
4135
4134
4131
4130
4130
4128
4127
4126
4124
4124
4124
4122
4122
4122
4121
4120
4120
4119
4118
4118
4118
4118
4117
4117
4115
4115
4115
4113
4113
4110
4110
4109
4109
4107
4106
4106
4105
4104
4103
4102
4100
4099
4098
4098
4097
4097
4097
4096
4095
4094
4094
4094
4093
4091
4091
4091
4090
4089
4085
4085
4085
4084
4083
4082
4082
4080
4078
4077
4077
4077
4076
4076
4075
4074
4073
4070
4069
4069
4069
4066
4065
4065
4064
4063
4062
4060
4059
4059
4057
4057
4057
4057
4055
4054
4053
4052
4052
4050
4050
4049
4046
4046
4045
4045
4044
4043
4043
4042
4042
4042
4041
4040
4037
4037
4036
4036
4035
4034
4034
4032
4032
4030
4029
4024
4022
4020
4019
4019
4017
4017
4015
4014
4014
4013
4012
4009
4009
4005
4000
4000
3999
3999
3998
3997
3996
3995
3995
3994
3993
3993
3991
3991
3991
3990
3989
3987
3986
3985
3984
3983
3983
3982
3982
3982
3981
3981
3981
3980
3980
3978
3976
3974
3974
3971
3971
3970
3968
3966
3965
3964
3963
3962
3961
3961
3958
3958
3955
3955
3953
3951
3949
3949
3948
3948
3947
3946
3946
3946
3946
3945
3944
3943
3942
3937
3936
3935
3934
3934
3933
3932
3932
3930
3929
3929
3928
3928
3927
3926
3923
3922
3922
3921
3920
3920
3919
3919
3919
3918
3917
3915
3914
3913
3912
3910
3910
3910
3910
3909
3909
3908
3908
3907
3906
3906
3905
3904
3904
3904
3903
3902
3902
3901
3901
3900
3900
3900
3898
3898
3897
3897
3895
3895
3892
3891
3891
3890
3890
3889
3888
3887
3885
3885
3876
3876
3875
3873
3872
3872
3871
3870
3870
3870
3869
3868
3868
3868
3867
3865
3863
3863
3862
3862
3861
3860
3860
3860
3859
3859
3858
3858
3856
3856
3855
3855
3854
3853
3851
3851
3849
3849
3848
3845
3845
3845
3844
3844
3844
3843
3842
3842
3842
3841
3839
3837
3836
3836
3835
3834
3834
3833
3833
3833
3832
3832
3830
3829
3828
3827
3827
3827
3823
3823
3823
3822
3822
3820
3820
3819
3819
3817
3817
3817
3816
3816
3814
3814
3814
3812
3809
3809
3809
3808
3807
3807
3806
3805
3805
3805
3804
3803
3802
3802
3801
3799
3799
3799
3798
3798
3798
3797
3797
3796
3795
3794
3793
3793
3792
3791
3787
3786
3786
3785
3784
3783
3782
3777
3776
3775
3773
3772
3770
3769
3768
3766
3765
3764
3761
3760
3760
3759
3757
3757
3757
3756
3755
3754
3754
3753
3753
3753
3753
3753
3750
3749
3747
3745
3745
3744
3742
3740
3740
3738
3738
3737
3737
3736
3734
3734
3731
3730
3729
3728
3728
3728
3727
3725
3722
3721
3721
3721
3720
3720
3717
3717
3717
3717
3715
3715
3714
3713
3713
3713
3710
3709
3707
3707
3707
3706
3705
3703
3703
3702
3702
3700
3700
3698
3697
3697
3696
3696
3694
3693
3692
3690
3690
3689
3688
3687
3684
3682
3680
3680
3679
3677
3675
3672
3670
3670
3669
3667
3666
3665
3665
3665
3664
3663
3663
3663
3662
3660
3660
3660
3655
3652
3645
3642
3641
3640
3640
3638
3637
3636
3636
3634
3633
3630
3629
3627
3625
3623
3623
3621
3616
3616
3616
3615
3615
3612
3611
3611
3611
3610
3610
3610
3609
3609
3608
3607
3607
3605
3604
3603
3603
3602
3602
3599
3597
3597
3596
3595
3595
3593
3590
3589
3589
3589
3588
3588
3588
3587
3586
3586
3585
3583
3583
3581
3580
3580
3580
3580
3579
3579
3578
3576
3574
3574
3574
3572
3572
3572
3571
3571
3570
3570
3570
3570
3569
3569
3568
3567
3566
3565
3564
3563
3563
3560
3557
3556
3555
3555
3554
3554
3553
3552
3551
3551
3550
3550
3549
3548
3547
3545
3543
3542
3541
3541
3540
3539
3539
3538
3538
3537
3536
3536
3534
3531
3531
3528
3527
3527
3526
3525
3524
3524
3523
3521
3519
3513
3512
3512
3512
3511
3511
3510
3510
3509
3508
3508
3508
3507
3507
3506
3504
3503
3502
3498
3496
3494
3494
3493
3491
3491
3490
3490
3490
3489
3486
3484
3484
3482
3480
3480
3480
3479
3479
3479
3478
3478
3477
3477
3475
3474
3473
3473
3471
3471
3470
3469
3463
3462
3460
3459
3458
3456
3456
3454
3454
3454
3453
3452
3451
3450
3450
3449
3447
3447
3445
3444
3442
3442
3439
3439
3438
3435
3433
3432
3432
3431
3430
3429
3427
3425
3425
3424
3424
3424
3424
3423
3422
3421
3421
3419
3416
3415
3415
3413
3412
3412
3412
3409
3407
3406
3405
3405
3404
3403
3401
3401
3399
3398
3398
3396
3396
3394
3394
3393
3393
3392
3392
3391
3390
3390
3390
3390
3387
3387
3385
3385
3384
3382
3382
3381
3380
3379
3379
3378
3378
3377
3376
3375
3374
3373
3371
3371
3371
3368
3367
3366
3366
3364
3364
3363
3363
3360
3360
3359
3358
3357
3357
3356
3355
3355
3354
3353
3353
3352
3351
3350
3348
3348
3346
3346
3345
3345
3345
3344
3344
3344
3344
3343
3343
3341
3338
3338
3336
3336
3335
3334
3333
3333
3333
3332
3331
3330
3330
3329
3328
3327
3325
3323
3321
3321
3320
3319
3318
3316
3316
3314
3314
3312
3311
3310
3310
3309
3308
3305
3304
3304
3303
3303
3301
3301
3301
3300
3300
3300
3299
3299
3298
3297
3296
3295
3295
3294
3293
3292
3292
3291
3291
3290
3290
3290
3289
3285
3285
3283
3282
3280
3279
3278
3277
3277
3277
3276
3276
3276
3275
3273
3273
3273
3272
3268
3268
3267
3267
3265
3264
3264
3264
3263
3262
3259
3258
3257
3254
3254
3253
3252
3252
3252
3252
3252
3251
3251
3250
3247
3246
3246
3245
3243
3242
3242
3241
3241
3240
3238
3237
3237
3236
3236
3236
3234
3234
3233
3233
3233
3233
3233
3230
3228
3228
3228
3227
3227
3226
3225
3223
3222
3222
3218
3218
3216
3214
3212
3208
3207
3202
3201
3201
3200
3200
3200
3199
3199
3199
3197
3196
3195
3194
3192
3189
3189
3186
3184
3183
3180
3179
3179
3177
3177
3175
3175
3174
3172
3172
3171
3171
3170
3169
3167
3166
3166
3161
3161
3160
3159
3158
3157
3156
3156
3155
3155
3155
3154
3154
3154
3152
3151
3150
3150
3149
3149
3148
3147
3147
3144
3141
3140
3140
3139
3139
3138
3138
3138
3136
3135
3134
3134
3134
3133
3132
3130
3130
3130
3127
3124
3122
3121
3120
3120
3120
3120
3116
3115
3114
3114
3114
3111
3110
3110
3109
3108
3107
3105
3104
3103
3102
3102
3102
3100
3098
3097
3097
3097
3097
3097
3096
3095
3092
3089
3088
3087
3087
3086
3085
3084
3083
3083
3083
3082
3082
3081
3080
3080
3080
3080
3079
3079
3079
3077
3077
3076
3073
3073
3072
3072
3070
3069
3069
3066
3064
3063
3061
3061
3061
3057
3057
3056
3055
3054
3054
3053
3051
3051
3049
3048
3047
3045
3045
3044
3043
3042
3041
3040
3039
3037
3036
3036
3036
3033
3032
3032
3031
3030
3029
3028
3028
3026
3025
3025
3024
3023
3023
3022
3022
3022
3022
3020
3020
3020
3020
3020
3017
3014
3013
3012
3011
3011
3010
3010
3007
3007
3006
3006
3006
3005
3004
3004
3003
3002
3002
3001
3001
3000
2997
2997
2996
2995
2995
2995
2994
2994
2993
2993
2992
2991
2990
2989
2989
2988
2987
2987
2986
2986
2986
2985
2984
2984
2983
2982
2981
2979
2978
2975
2975
2975
2973
2973
2972
2972
2971
2971
2970
2969
2969
2968
2968
2966
2964
2963
2962
2962
2962
2961
2961
2961
2960
2960
2960
2956
2956
2956
2956
2953
2953
2951
2949
2948
2947
2944
2940
2940
2939
2938
2938
2938
2936
2936
2935
2934
2933
2933
2932
2931
2930
2929
2928
2927
2927
2926
2923
2920
2919
2918
2917
2915
2914
2912
2912
2912
2909
2908
2907
2903
2900
2898
2898
2898
2897
2897
2894
2893
2893
2892
2892
2891
2890
2890
2890
2889
2888
2888
2888
2887
2882
2882
2882
2881
2879
2878
2877
2876
2876
2876
2876
2875
2874
2874
2873
2873
2873
2873
2872
2871
2870
2869
2865
2862
2862
2859
2859
2858
2857
2857
2856
2853
2852
2850
2850
2849
2847
2847
2842
2842
2841
2839
2839
2839
2839
2836
2835
2831
2831
2830
2830
2830
2828
2827
2825
2824
2824
2822
2822
2818
2818
2817
2815
2814
2814
2814
2812
2812
2811
2809
2809
2807
2805
2802
2801
2801
2798
2797
2797
2797
2796
2795
2795
2792
2792
2789
2789
2786
2783
2783
2781
2780
2780
2780
2779
2776
2775
2775
2774
2774
2773
2771
2771
2771
2769
2768
2768
2767
2767
2767
2765
2765
2762
2759
2758
2757
2756
2755
2754
2753
2753
2752
2749
2748
2748
2747
2746
2746
2745
2744
2744
2742
2739
2739
2738
2738
2738
2736
2736
2735
2735
2735
2735
2734
2734
2729
2727
2727
2725
2725
2724
2724
2722
2722
2722
2721
2721
2721
2720
2719
2718
2716
2716
2716
2715
2715
2714
2712
2710
2710
2710
2709
2708
2706
2705
2705
2703
2703
2703
2702
2701
2698
2697
2697
2697
2697
2696
2695
2695
2695
2695
2695
2694
2694
2693
2693
2689
2688
2688
2687
2686
2685
2684
2684
2684
2684
2682
2682
2682
2682
2681
2680
2680
2679
2678
2677
2677
2676
2675
2673
2673
2672
2671
2671
2671
2670
2670
2669
2669
2668
2667
2667
2666
2666
2660
2660
2660
2658
2656
2654
2653
2653
2652
2652
2651
2649
2649
2649
2649
2649
2646
2645
2645
2644
2644
2643
2642
2641
2640
2637
2637
2637
2636
2635
2633
2632
2632
2630
2628
2627
2626
2625
2625
2625
2624
2623
2621
2621
2620
2617
2617
2617
2617
2616
2615
2614
2613
2611
2611
2608
2607
2606
2605
2604
2603
2601
2600
2599
2599
2598
2597
2596
2595
2595
2595
2594
2593
2593
2593
2591
2591
2589
2589
2587
2585
2585
2585
2583
2580
2580
2580
2578
2578
2578
2577
2577
2577
2576
2576
2576
2575
2575
2572
2571
2571
2570
2568
2567
2567
2566
2565
2565
2564
2564
2564
2564
2564
2562
2561
2561
2561
2560
2558
2556
2555
2554
2554
2553
2553
2552
2551
2551
2550
2549
2547
2545
2545
2544
2543
2543
2538
2538
2537
2537
2536
2536
2533
2533
2531
2531
2528
2526
2526
2526
2526
2525
2525
2524
2523
2522
2522
2521
2521
2521
2520
2519
2518
2518
2517
2516
2514
2514
2514
2513
2512
2512
2510
2509
2509
2507
2506
2505
2505
2504
2501
2501
2500
2499
2499
2495
2495
2494
2492
2492
2492
2490
2489
2489
2487
2486
2486
2484
2480
2477
2472
2468
2468
2467
2467
2464
2464
2463
2457
2457
2456
2454
2454
2453
2452
2450
2448
2446
2446
2446
2444
2444
2442
2440
2439
2436
2434
2433
2432
2429
2427
2427
2423
2421
2421
2420
2419
2417
2416
2416
2413
2411
2409
2407
2407
2406
2404
2401
2401
2400
2400
2399
2399
2398
2397
2396
2393
2391
2391
2390
2390
2390
2389
2388
2387
2387
2387
2386
2385
2385
2384
2384
2383
2382
2381
2377
2376
2375
2374
2371
2370
2370
2368
2367
2366
2365
2365
2364
2364
2364
2363
2361
2360
2360
2357
2355
2354
2354
2353
2353
2352
2352
2351
2351
2350
2349
2348
2345
2345
2344
2343
2342
2341
2340
2340
2339
2339
2339
2339
2336
2335
2335
2333
2331
2331
2326
2326
2325
2325
2325
2325
2322
2322
2321
2320
2320
2319
2319
2319
2318
2316
2316
2315
2314
2312
2311
2311
2309
2308
2306
2306
2306
2305
2304
2304
2303
2303
2302
2301
2300
2298
2298
2297
2297
2295
2294
2293
2293
2292
2290
2290
2289
2288
2288
2288
2287
2287
2286
2285
2284
2283
2283
2281
2280
2278
2277
2277
2276
2276
2275
2275
2274
2274
2274
2273
2272
2272
2271
2270
2270
2269
2266
2266
2264
2264
2263
2263
2263
2263
2262
2260
2260
2260
2257
2256
2255
2255
2255
2254
2254
2253
2253
2251
2249
2247
2244
2238
2238
2238
2238
2237
2236
2236
2234
2233
2233
2233
2232
2229
2228
2227
2227
2225
2222
2220
2219
2217
2215
2213
2213
2213
2211
2210
2205
2204
2204
2202
2202
2200
2200
2199
2197
2196
2195
2195
2194
2193
2193
2192
2192
2189
2184
2184
2184
2183
2182
2179
2178
2176
2175
2175
2175
2174
2174
2171
2170
2169
2168
2168
2168
2163
2162
2162
2161
2161
2160
2159
2159
2159
2158
2157
2156
2155
2151
2150
2150
2150
2149
2148
2146
2144
2141
2140
2138
2137
2137
2136
2135
2135
2134
2134
2133
2133
2132
2131
2131
2131
2128
2128
2127
2127
2126
2125
2125
2124
2122
2122
2121
2120
2120
2116
2116
2114
2113
2111
2110
2109
2108
2106
2106
2106
2105
2103
2101
2100
2100
2098
2098
2096
2095
2095
2093
2091
2090
2087
2085
2084
2083
2079
2079
2079
2078
2077
2076
2076
2075
2074
2073
2071
2069
2068
2068
2065
2065
2064
2064
2063
2060
2060
2060
2059
2059
2058
2058
2057
2053
2049
2048
2047
2046
2046
2046
2046
2046
2045
2043
2043
2043
2042
2041
2039
2039
2038
2038
2038
2038
2037
2037
2036
2035
2034
2034
2032
2031
2030
2030
2030
2025
2024
2023
2023
2022
2020
2020
2019
2019
2019
2019
2018
2014
2014
2012
2012
2012
2011
2011
2007
2006
2002
2002
2002
2001
2001
2000
1998
1996
1996
1996
1994
1993
1992
1991
1990
1990
1988
1987
1985
1984
1983
1983
1982
1981
1981
1981
1980
1978
1978
1978
1978
1977
1977
1976
1974
1974
1973
1972
1972
1972
1971
1970
1968
1967
1965
1964
1962
1962
1961
1961
1959
1959
1957
1956
1956
1955
1955
1954
1952
1952
1950
1948
1948
1947
1945
1945
1944
1943
1942
1942
1942
1942
1941
1941
1940
1939
1938
1937
1936
1936
1936
1934
1933
1932
1932
1932
1932
1930
1928
1928
1928
1927
1926
1926
1926
1925
1924
1924
1923
1923
1922
1921
1916
1916
1915
1915
1912
1910
1910
1910
1910
1909
1909
1909
1905
1905
1904
1903
1902
1901
1900
1899
1897
1896
1895
1895
1893
1892
1892
1891
1890
1889
1889
1889
1887
1886
1885
1882
1880
1879
1879
1879
1878
1875
1875
1873
1871
1871
1871
1871
1869
1869
1867
1865
1865
1864
1863
1862
1862
1860
1855
1854
1854
1854
1852
1851
1850
1850
1850
1850
1846
1846
1846
1845
1843
1843
1842
1841
1839
1839
1838
1837
1836
1835
1834
1833
1833
1831
1831
1831
1829
1827
1825
1825
1825
1825
1824
1823
1823
1823
1821
1820
1820
1817
1815
1815
1814
1813
1811
1811
1810
1810
1809
1807
1805
1805
1804
1801
1800
1798
1798
1795
1793
1793
1793
1793
1791
1791
1789
1789
1786
1785
1784
1784
1784
1783
1780
1778
1778
1778
1777
1777
1776
1775
1775
1774
1774
1773
1773
1770
1770
1768
1768
1768
1767
1766
1766
1766
1765
1765
1765
1763
1762
1762
1761
1760
1757
1756
1756
1755
1752
1752
1750
1749
1747
1747
1746
1745
1745
1744
1742
1742
1741
1740
1740
1740
1740
1738
1737
1737
1736
1736
1735
1735
1732
1732
1731
1731
1731
1730
1728
1726
1725
1725
1724
1723
1720
1719
1719
1717
1717
1716
1715
1714
1713
1712
1712
1710
1709
1709
1709
1706
1705
1704
1702
1700
1699
1697
1696
1696
1695
1695
1695
1694
1693
1693
1693
1692
1692
1691
1691
1690
1690
1690
1689
1688
1685
1685
1683
1683
1682
1679
1678
1676
1676
1674
1673
1672
1671
1671
1671
1670
1670
1664
1663
1660
1660
1660
1659
1659
1659
1659
1657
1657
1655
1654
1653
1653
1650
1647
1647
1646
1644
1642
1642
1641
1640
1638
1638
1637
1636
1635
1634
1634
1634
1633
1631
1631
1630
1630
1629
1628
1627
1624
1623
1622
1622
1622
1620
1619
1616
1614
1614
1613
1612
1612
1611
1610
1610
1610
1605
1604
1603
1602
1601
1599
1598
1597
1597
1596
1594
1594
1594
1593
1592
1588
1586
1585
1585
1585
1582
1582
1580
1578
1578
1578
1578
1576
1575
1575
1573
1570
1569
1568
1567
1566
1566
1566
1565
1564
1562
1561
1558
1557
1554
1553
1550
1550
1550
1549
1549
1548
1546
1546
1545
1545
1537
1536
1536
1534
1533
1531
1531
1531
1530
1530
1530
1530
1528
1527
1526
1525
1524
1522
1521
1520
1519
1517
1516
1515
1514
1513
1513
1511
1511
1510
1510
1510
1510
1509
1507
1507
1506
1505
1504
1500
1500
1498
1498
1498
1498
1497
1495
1494
1493
1492
1491
1490
1485
1484
1484
1484
1483
1483
1482
1482
1482
1480
1480
1479
1479
1479
1477
1474
1474
1472
1472
1470
1470
1469
1468
1467
1463
1460
1459
1459
1458
1457
1455
1455
1453
1453
1453
1452
1449
1447
1447
1446
1445
1443
1442
1442
1441
1440
1439
1438
1436
1433
1430
1430
1429
1429
1429
1427
1426
1424
1423
1423
1422
1421
1421
1419
1418
1418
1416
1415
1414
1412
1409
1409
1408
1407
1405
1405
1404
1404
1399
1397
1395
1394
1394
1394
1393
1393
1393
1390
1389
1389
1386
1386
1385
1384
1383
1380
1377
1377
1376
1376
1374
1373
1373
1372
1372
1371
1371
1371
1370
1370
1364
1364
1363
1363
1360
1360
1359
1358
1357
1356
1356
1353
1353
1352
1351
1351
1350
1349
1349
1347
1347
1346
1345
1344
1344
1343
1341
1339
1338
1338
1338
1337
1337
1336
1334
1334
1332
1332
1331
1330
1328
1328
1328
1327
1327
1325
1324
1324
1323
1320
1319
1315
1314
1314
1312
1312
1312
1310
1308
1307
1307
1306
1305
1304
1301
1295
1295
1293
1291
1291
1290
1289
1287
1287
1286
1285
1284
1284
1283
1283
1282
1280
1278
1276
1275
1273
1270
1265
1264
1264
1264
1263
1262
1262
1262
1261
1261
1260
1260
1260
1259
1259
1258
1258
1255
1254
1254
1253
1252
1251
1251
1249
1249
1248
1248
1247
1247
1247
1246
1246
1245
1245
1238
1238
1237
1237
1236
1236
1236
1235
1235
1234
1233
1232
1230
1229
1228
1228
1226
1225
1225
1225
1221
1219
1219
1219
1218
1218
1217
1216
1216
1216
1216
1215
1215
1215
1214
1214
1214
1211
1207
1207
1206
1204
1199
1199
1196
1196
1194
1194
1191
1191
1191
1190
1187
1186
1186
1185
1183
1182
1182
1181
1180
1180
1178
1178
1176
1176
1176
1175
1175
1174
1173
1173
1171
1170
1167
1167
1165
1163
1163
1163
1163
1162
1161
1160
1159
1159
1158
1158
1152
1152
1151
1150
1150
1147
1146
1145
1144
1143
1141
1140
1140
1138
1137
1137
1135
1135
1133
1132
1131
1131
1131
1130
1129
1129
1125
1123
1123
1122
1121
1121
1119
1118
1118
1117
1117
1116
1116
1116
1115
1115
1111
1111
1110
1110
1109
1109
1109
1107
1107
1107
1105
1103
1102
1099
1097
1097
1097
1096
1095
1094
1094
1093
1090
1090
1088
1086
1084
1084
1083
1083
1081
1080
1077
1076
1076
1076
1076
1073
1070
1068
1067
1067
1065
1064
1063
1062
1062
1061
1059
1059
1059
1059
1059
1058
1057
1053
1051
1051
1051
1050
1050
1048
1047
1047
1047
1046
1046
1046
1045
1044
1043
1043
1041
1040
1039
1038
1034
1033
1033
1032
1032
1031
1031
1030
1029
1026
1026
1024
1023
1018
1016
1015
1014
1014
1013
1012
1012
1011
1010
1008
1006
1006
1006
1006
1005
1005
1004
1002
1002
1002
999
999
998
998
997
997
996
996
996
995
995
992
992
991
990
988
988
986
986
985
984
983
981
981
980
979
979
978
977
973
973
971
970
970
968
967
967
965
964
964
960
960
960
960
960
959
958
957
957
956
956
954
954
954
952
950
950
949
949
949
949
948
941
941
941
939
938
937
935
934
934
933
933
933
932
931
930
929
928
927
926
925
924
924
923
920
920
919
918
918
917
916
915
915
913
911
910
908
907
907
905
905
902
901
899
897
897
896
895
894
894
889
887
883
883
882
881
881
881
880
879
877
876
874
873
870
869
868
868
867
866
863
862
862
861
860
859
857
857
856
853
853
851
850
850
850
848
847
846
844
843
843
842
842
842
841
839
838
838
837
837
837
836
836
835
834
834
833
832
832
829
828
828
828
827
826
826
824
822
821
820
819
819
819
816
813
813
812
812
812
811
811
811
810
809
804
803
802
802
802
801
801
801
801
798
798
797
796
793
789
789
789
788
788
788
787
787
785
784
784
783
782
781
779
779
779
776
775
774
773
773
773
771
770
768
766
765
765
764
764
763
762
762
762
760
759
758
757
756
751
751
749
747
747
746
745
744
743
741
741
739
738
737
736
736
736
735
734
734
734
732
732
731
730
730
730
729
729
729
727
725
722
721
719
719
718
717
715
715
713
712
709
708
707
707
707
704
703
701
701
701
701
699
699
698
696
696
695
694
694
692
692
691
689
689
688
686
683
683
683
680
680
680
679
679
676
675
674
674
673
672
671
671
671
670
668
667
666
666
666
665
665
664
664
664
664
663
662
662
661
659
659
659
658
657
656
654
653
652
652
652
651
651
650
650
650
649
648
647
647
646
645
645
643
642
642
641
641
637
635
633
632
628
626
626
625
624
624
624
624
624
623
623
619
618
617
616
616
614
612
612
610
609
606
606
605
604
601
600
598
595
594
593
593
592
592
591
591
590
589
589
588
587
587
585
585
584
584
584
583
581
580
579
578
577
577
576
575
572
572
570
570
569
568
568
567
565
561
561
561
560
559
558
557
557
557
551
551
550
550
549
549
548
543
543
540
536
535
535
535
533
533
532
532
532
531
530
528
527
527
525
525
524
523
523
522
522
521
521
520
520
520
517
517
516
516
515
514
512
512
511
510
509
509
509
508
508
507
506
505
505
504
503
502
502
501
501
499
498
498
496
494
493
492
492
492
491
490
490
489
489
487
486
484
484
483
483
482
480
479
478
478
477
476
474
473
472
472
471
470
470
470
469
467
465
464
462
462
460
458
458
458
457
456
456
456
455
454
453
452
452
452
451
451
449
449
449
448
448
447
446
446
445
444
443
443
442
441
441
441
440
438
438
438
437
433
433
432
430
430
429
429
428
425
423
423
423
421
419
419
418
417
416
414
414
413
412
411
410
410
410
408
408
407
406
405
404
403
402
401
400
399
399
399
398
396
396
395
394
393
392
392
391
387
387
384
384
383
382
381
380
379
378
377
376
375
375
374
373
373
371
371
370
370
370
370
369
366
366
363
363
362
362
362
361
361
361
360
359
359
358
356
355
354
351
350
349
349
349
347
347
347
346
346
345
343
343
341
341
340
340
339
338
338
336
335
335
335
331
328
328
326
325
325
325
323
322
318
316
312
312
310
309
308
307
304
304
303
302
301
300
300
299
298
298
297
295
294
293
293
290
287
287
286
284
284
283
282
281
281
280
277
277
277
276
274
272
272
272
271
270
269
269
268
266
265
265
265
263
261
261
260
260
258
258
257
256
255
254
254
250
249
249
244
242
242
240
239
238
237
237
235
231
230
229
228
224
221
221
220
220
217
217
216
214
213
213
213
212
210
210
209
207
207
207
206
205
203
202
201
200
200
199
197
197
196
192
192
191
191
189
188
187
187
185
183
183
181
181
181
179
178
177
177
177
177
177
175
174
173
172
172
172
172
171
171
170
169
167
166
165
165
164
163
161
160
160
159
159
158
158
158
157
157
156
152
152
152
151
150
149
149
147
146
143
143
142
142
141
140
139
137
134
134
133
133
132
132
131
131
131
130
130
127
127
126
126
125
122
119
118
117
117
116
113
112
111
110
109
108
108
106
106
106
105
105
104
104
103
99
99
98
97
96
94
94
94
94
93
92
91
90
88
87
87
85
84
84
84
81
81
78
77
76
75
74
73
69
68
67
67
65
61
60
60
58
57
57
57
56
55
54
52
51
51
50
50
50
49
49
49
48
47
46
45
44
41
40
38
38
37
35
35
33
27
27
27
27
27
26
26
23
22
21
21
21
19
19
18
18
16
15
15
14
13
13
13
8
7
7
7
6
4
1
1
0
