9998
9998
9998
9996
9996
9996
9996
9995
9995
9995
9988
9988
9987
9981
9978
9978
9978
9977
9977
9977
9976
9974
9974
9973
9971
9970
9968
9967
9965
9964
9962
9960
9960
9959
9959
9958
9957
9956
9952
9952
9951
9951
9949
9947
9946
9946
9946
9945
9945
9942
9941
9940
9937
9937
9935
9934
9934
9933
9930
9930
9929
9929
9929
9929
9927
9927
9926
9926
9926
9925
9924
9923
9923
9921
9919
9919
9919
9918
9918
9915
9915
9914
9913
9913
9912
9910
9906
9906
9905
9905
9904
9904
9903
9902
9902
9900
9900
9899
9898
9897
9897
9897
9896
9895
9893
9893
9892
9891
9891
9891
9890
9888
9888
9886
9886
9886
9885
9885
9883
9877
9877
9876
9875
9875
9872
9871
9869
9869
9869
9868
9867
9867
9866
9865
9865
9864
9864
9861
9860
9859
9858
9858
9856
9855
9855
9855
9855
9854
9854
9852
9850
9850
9848
9848
9847
9847
9846
9846
9845
9843
9843
9842
9842
9842
9840
9837
9835
9835
9835
9835
9834
9833
9832
9830
9829
9826
9823
9821
9821
9821
9819
9819
9818
9817
9816
9816
9813
9810
9810
9807
9807
9806
9804
9804
9804
9803
9802
9801
9799
9799
9795
9794
9793
9792
9788
9786
9785
9785
9784
9784
9783
9783
9783
9783
9782
9782
9780
9779
9777
9776
9776
9774
9773
9772
9771
9771
9768
9767
9766
9766
9764
9763
9763
9762
9761
9760
9760
9759
9759
9758
9758
9756
9756
9755
9754
9754
9751
9751
9750
9748
9748
9743
9742
9742
9738
9734
9733
9733
9731
9731
9731
9729
9727
9726
9725
9725
9725
9724
9723
9723
9722
9722
9722
9721
9721
9720
9718
9718
9717
9716
9716
9715
9715
9713
9713
9713
9712
9711
9711
9710
9710
9708
9706
9704
9703
9702
9702
9702
9702
9701
9701
9700
9700
9697
9697
9695
9695
9694
9693
9691
9690
9689
9688
9688
9684
9682
9681
9680
9678
9677
9677
9676
9675
9674
9674
9673
9672
9672
9670
9670
9670
9668
9668
9667
9666
9666
9665
9665
9664
9661
9661
9660
9658
9651
9651
9650
9649
9646
9644
9642
9641
9640
9639
9638
9636
9633
9632
9631
9630
9630
9630
9629
9629
9626
9625
9624
9624
9622
9622
9621
9621
9618
9618
9617
9615
9614
9614
9614
9613
9611
9610
9609
9609
9609
9609
9608
9607
9607
9606
9605
9605
9605
9604
9603
9602
9602
9602
9601
9600
9599
9598
9598
9598
9598
9596
9592
9586
9585
9585
9584
9583
9583
9581
9581
9581
9581
9581
9580
9580
9578
9578
9578
9577
9576
9575
9575
9575
9575
9575
9574
9574
9572
9572
9571
9570
9570
9569
9569
9568
9568
9567
9567
9567
9566
9566
9566
9565
9564
9563
9560
9559
9559
9558
9557
9556
9555
9555
9555
9553
9553
9551
9550
9549
9549
9548
9548
9547
9547
9545
9540
9538
9538
9536
9536
9534
9534
9530
9528
9525
9518
9518
9517
9517
9516
9516
9514
9514
9514
9513
9513
9509
9507
9506
9505
9505
9505
9504
9504
9503
9500
9500
9500
9497
9497
9496
9495
9495
9495
9495
9493
9493
9491
9491
9490
9490
9489
9489
9489
9487
9487
9486
9486
9485
9484
9484
9484
9483
9483
9481
9480
9479
9478
9478
9477
9477
9476
9476
9473
9472
9472
9470
9467
9466
9466
9465
9465
9463
9463
9462
9461
9459
9458
9456
9454
9453
9452
9451
9450
9450
9449
9448
9448
9447
9446
9445
9445
9442
9441
9441
9439
9438
9438
9436
9436
9435
9435
9434
9434
9433
9433
9432
9431
9430
9428
9428
9426
9425
9422
9422
9421
9421
9420
9420
9417
9416
9415
9414
9414
9413
9412
9411
9404
9404
9403
9400
9399
9399
9399
9397
9397
9396
9395
9394
9393
9392
9391
9390
9388
9388
9387
9387
9386
9385
9383
9382
9382
9382
9382
9381
9380
9380
9378
9375
9374
9372
9372
9371
9371
9369
9368
9367
9367
9366
9363
9362
9362
9361
9361
9360
9359
9359
9359
9359
9358
9356
9356
9356
9356
9355
9355
9349
9347
9344
9344
9343
9342
9342
9339
9337
9337
9336
9336
9336
9335
9335
9334
9333
9332
9331
9331
9331
9330
9330
9330
9330
9328
9328
9326
9325
9324
9320
9320
9320
9320
9320
9319
9315
9315
9315
9315
9312
9311
9310
9308
9306
9306
9305
9303
9302
9301
9301
9298
9297
9297
9297
9297
9296
9296
9296
9295
9294
9294
9294
9293
9293
9292
9291
9290
9290
9290
9288
9286
9285
9284
9283
9282
9282
9282
9281
9281
9281
9280
9279
9279
9279
9278
9278
9277
9276
9276
9271
9270
9270
9269
9269
9267
9266
9266
9266
9266
9265
9264
9264
9263
9261
9261
9261
9261
9260
9260
9259
9255
9255
9254
9254
9253
9252
9252
9250
9246
9244
9243
9243
9243
9243
9242
9242
9242
9242
9242
9241
9239
9238
9238
9237
9235
9234
9233
9232
9231
9231
9227
9222
9220
9219
9217
9216
9213
9213
9211
9210
9210
9208
9207
9203
9203
9203
9202
9201
9201
9200
9199
9199
9199
9198
9196
9194
9194
9194
9193
9193
9192
9192
9191
9190
9190
9189
9189
9189
9183
9181
9179
9178
9176
9175
9174
9170
9169
9168
9167
9167
9166
9166
9165
9163
9162
9161
9161
9160
9160
9158
9155
9155
9153
9153
9153
9152
9151
9149
9144
9143
9142
9140
9140
9139
9138
9137
9136
9136
9132
9130
9130
9130
9130
9129
9129
9126
9125
9125
9124
9123
9123
9122
9122
9122
9121
9121
9121
9120
9120
9120
9119
9117
9117
9116
9115
9114
9113
9112
9111
9111
9110
9110
9109
9107
9105
9105
9101
9101
9101
9100
9099
9098
9097
9096
9095
9094
9094
9093
9092
9091
9091
9090
9090
9090
9089
9087
9087
9083
9081
9080
9080
9077
9077
9077
9075
9075
9072
9071
9071
9071
9069
9068
9067
9067
9067
9066
9064
9064
9063
9063
9063
9062
9062
9061
9060
9059
9059
9059
9059
9058
9057
9057
9056
9053
9049
9048
9048
9047
9047
9046
9042
9041
9040
9040
9039
9038
9038
9037
9036
9035
9034
9034
9034
9032
9031
9029
9029
9028
9027
9025
9025
9024
9022
9020
9020
9019
9018
9016
9015
9014
9012
9012
9012
9011
9009
9008
9007
9007
9006
9004
9004
9002
9000
8999
8996
8996
8994
8994
8993
8992
8992
8991
8991
8989
8988
8988
8987
8986
8984
8983
8982
8982
8981
8979
8979
8977
8976
8975
8974
8974
8973
8970
8968
8967
8966
8964
8961
8961
8960
8957
8955
8955
8951
8951
8951
8950
8948
8948
8948
8947
8944
8944
8942
8940
8939
8939
8937
8936
8933
8933
8933
8933
8932
8931
8930
8920
8919
8919
8919
8918
8917
8915
8914
8914
8914
8912
8911
8910
8908
8907
8906
8906
8899
8899
8898
8897
8895
8894
8893
8892
8892
8892
8891
8889
8889
8889
8888
8888
8887
8887
8882
8880
8880
8880
8879
8879
8878
8877
8877
8874
8873
8872
8869
8867
8867
8866
8866
8865
8865
8863
8862
8862
8860
8858
8858
8855
8855
8855
8854
8854
8852
8851
8851
8850
8849
8849
8848
8848
8847
8847
8844
8842
8842
8841
8841
8840
8839
8836
8835
8830
8829
8824
8824
8824
8822
8820
8820
8820
8819
8819
8816
8816
8813
8812
8811
8810
8808
8807
8805
8804
8803
8803
8802
8802
8801
8801
8799
8798
8797
8797
8796
8795
8792
8791
8790
8790
8789
8788
8788
8787
8786
8786
8786
8784
8781
8780
8778
8778
8777
8775
8774
8774
8774
8774
8773
8773
8773
8772
8772
8770
8769
8767
8765
8765
8764
8764
8762
8762
8760
8760
8759
8759
8758
8757
8757
8756
8755
8754
8753
8752
8751
8751
8750
8748
8746
8746
8742
8741
8740
8739
8739
8738
8737
8736
8736
8734
8734
8731
8731
8730
8730
8729
8729
8729
8727
8725
8723
8723
8722
8722
8720
8717
8717
8716
8716
8714
8714
8713
8712
8712
8708
8707
8706
8704
8702
8702
8699
8699
8699
8698
8697
8697
8696
8695
8693
8693
8692
8689
8689
8688
8684
8683
8683
8682
8682
8681
8681
8681
8681
8679
8677
8677
8674
8674
8673
8673
8671
8670
8670
8669
8669
8669
8668
8665
8665
8664
8663
8663
8663
8663
8660
8660
8659
8657
8656
8655
8654
8653
8652
8652
8652
8651
8650
8647
8646
8644
8644
8643
8643
8642
8640
8639
8639
8639
8639
8638
8637
8636
8635
8632
8630
8628
8627
8627
8623
8623
8623
8622
8622
8621
8621
8620
8620
8619
8619
8618
8618
8618
8618
8617
8617
8616
8614
8613
8613
8612
8612
8611
8610
8610
8609
8609
8607
8607
8607
8606
8606
8605
8605
8605
8603
8602
8602
8601
8601
8599
8599
8596
8596
8596
8595
8594
8593
8589
8587
8586
8586
8586
8584
8583
8583
8581
8579
8579
8578
8577
8576
8575
8575
8574
8572
8572
8571
8571
8570
8568
8568
8567
8566
8566
8562
8562
8561
8558
8558
8556
8553
8551
8551
8550
8550
8546
8545
8545
8542
8541
8540
8540
8540
8536
8534
8534
8534
8534
8533
8532
8532
8530
8529
8529
8528
8527
8527
8527
8526
8524
8522
8520
8519
8518
8517
8515
8514
8513
8512
8512
8512
8511
8509
8509
8507
8507
8507
8507
8507
8506
8505
8505
8505
8505
8504
8502
8502
8500
8499
8498
8495
8494
8489
8487
8486
8486
8485
8485
8484
8483
8481
8481
8481
8478
8478
8476
8475
8475
8469
8469
8469
8468
8468
8467
8466
8464
8463
8462
8457
8456
8455
8453
8452
8451
8451
8451
8451
8449
8448
8448
8447
8445
8445
8443
8441
8438
8437
8434
8434
8433
8433
8429
8429
8427
8427
8426
8426
8425
8425
8425
8419
8419
8416
8415
8415
8415
8412
8411
8408
8406
8406
8405
8404
8402
8399
8397
8397
8397
8396
8396
8395
8395
8395
8394
8393
8391
8389
8387
8387
8384
8383
8383
8382
8382
8382
8382
8381
8380
8380
8378
8377
8377
8375
8374
8373
8372
8372
8371
8371
8370
8370
8369
8368
8367
8367
8363
8363
8362
8361
8361
8359
8359
8359
8358
8357
8357
8354
8353
8352
8350
8348
8348
8348
8347
8346
8345
8345
8342
8342
8342
8340
8340
8340
8337
8336
8335
8335
8334
8333
8332
8332
8331
8331
8330
8328
8327
8327
8326
8323
8323
8321
8319
8318
8318
8318
8317
8315
8314
8313
8313
8312
8311
8311
8310
8310
8310
8309
8309
8308
8307
8307
8306
8306
8306
8302
8301
8301
8300
8299
8298
8298
8298
8298
8298
8296
8295
8295
8295
8293
8293
8292
8292
8292
8291
8291
8289
8289
8288
8287
8287
8286
8285
8285
8285
8284
8282
8281
8278
8278
8277
8277
8277
8276
8275
8275
8275
8274
8274
8273
8273
8272
8272
8271
8270
8269
8268
8267
8266
8265
8265
8265
8264
8264
8262
8262
8260
8259
8259
8258
8256
8256
8254
8251
8251
8251
8250
8250
8249
8248
8247
8246
8246
8245
8245
8245
8240
8240
8237
8235
8235
8235
8235
8235
8235
8234
8233
8229
8227
8225
8223
8222
8221
8221
8220
8220
8219
8219
8218
8216
8214
8214
8213
8211
8209
8206
8205
8204
8201
8200
8200
8200
8199
8199
8198
8198
8197
8193
8193
8192
8191
8190
8187
8186
8184
8182
8182
8179
8178
8177
8177
8176
8175
8175
8173
8173
8173
8170
8167
8167
8166
8164
8164
8164
8163
8163
8163
8161
8161
8160
8160
8159
8158
8158
8157
8157
8157
8156
8154
8151
8150
8149
8148
8148
8147
8145
8142
8138
8138
8138
8136
8136
8133
8131
8128
8127
8127
8125
8123
8120
8119
8119
8118
8117
8117
8117
8116
8116
8114
8113
8113
8113
8112
8112
8111
8111
8108
8108
8107
8107
8106
8106
8105
8104
8102
8102
8102
8101
8100
8099
8096
8095
8093
8093
8092
8090
8089
8087
8086
8086
8085
8084
8083
8083
8081
8080
8079
8077
8077
8076
8076
8075
8074
8074
8071
8070
8065
8064
8060
8056
8056
8055
8054
8054
8054
8053
8049
8048
8045
8045
8044
8044
8043
8042
8039
8039
8036
8035
8034
8032
8032
8029
8029
8028
8025
8021
8020
8020
8018
8018
8017
8016
8013
8013
8011
8011
8010
8010
8008
8008
8008
8006
8006
8004
8004
8003
8001
7999
7997
7996
7996
7996
7995
7995
7993
7993
7992
7988
7985
7983
7982
7980
7979
7977
7976
7975
7975
7974
7973
7972
7970
7970
7968
7967
7966
7964
7963
7961
7961
7961
7960
7960
7959
7959
7959
7958
7958
7956
7954
7954
7953
7953
7951
7950
7950
7950
7949
7949
7948
7944
7944
7944
7942
7942
7941
7941
7941
7941
7940
7938
7937
7936
7936
7935
7934
7933
7933
7932
7932
7932
7932
7932
7931
7930
7930
7928
7927
7927
7926
7925
7924
7920
7917
7916
7916
7916
7915
7915
7913
7913
7912
7912
7911
7907
7907
7907
7906
7905
7904
7903
7902
7901
7901
7901
7901
7900
7900
7900
7899
7899
7898
7898
7895
7894
7892
7891
7890
7890
7889
7883
7883
7883
7882
7882
7881
7880
7880
7880
7879
7876
7873
7873
7872
7872
7871
7870
7870
7869
7868
7867
7867
7866
7866
7864
7864
7863
7861
7860
7859
7858
7857
7857
7857
7856
7855
7855
7854
7853
7853
7851
7851
7851
7850
7850
7849
7848
7847
7846
7845
7842
7842
7840
7837
7836
7835
7834
7833
7830
7830
7828
7825
7825
7823
7822
7822
7820
7819
7819
7818
7817
7816
7816
7816
7812
7811
7811
7810
7810
7809
7809
7808
7806
7805
7804
7803
7801
7801
7800
7799
7799
7798
7797
7796
7792
7791
7790
7788
7787
7786
7786
7782
7776
7775
7769
7768
7767
7766
7765
7764
7764
7764
7764
7762
7760
7760
7759
7758
7758
7757
7757
7756
7755
7755
7754
7753
7752
7752
7750
7748
7748
7747
7746
7744
7743
7742
7741
7740
7740
7739
7737
7736
7735
7735
7734
7733
7731
7731
7730
7727
7727
7726
7725
7722
7721
7721
7720
7719
7718
7716
7715
7713
7709
7708
7708
7707
7707
7706
7706
7706
7705
7705
7703
7703
7701
7701
7700
7697
7697
7697
7696
7695
7691
7690
7690
7689
7688
7686
7685
7682
7682
7681
7681
7680
7679
7678
7677
7671
7670
7668
7664
7664
7664
7663
7662
7662
7661
7661
7660
7660
7659
7659
7659
7658
7656
7656
7656
7654
7654
7654
7653
7651
7651
7647
7646
7645
7645
7645
7645
7644
7642
7642
7639
7639
7637
7635
7633
7632
7632
7632
7631
7630
7630
7629
7629
7625
7625
7624
7623
7621
7621
7617
7617
7617
7616
7616
7614
7614
7612
7610
7607
7606
7605
7603
7603
7602
7602
7601
7600
7599
7599
7598
7596
7596
7595
7594
7591
7591
7590
7590
7590
7589
7588
7587
7587
7586
7586
7585
7584
7584
7583
7582
7582
7581
7581
7580
7578
7577
7577
7574
7574
7571
7568
7567
7566
7564
7563
7562
7561
7560
7559
7559
7559
7558
7558
7558
7557
7556
7556
7555
7555
7554
7552
7551
7550
7548
7548
7548
7545
7545
7543
7543
7543
7542
7539
7537
7537
7534
7533
7533
7529
7528
7528
7527
7526
7524
7523
7522
7519
7519
7518
7518
7517
7517
7517
7516
7516
7513
7512
7512
7512
7510
7509
7508
7508
7507
7506
7506
7505
7505
7505
7504
7503
7503
7502
7500
7500
7500
7499
7499
7499
7498
7497
7496
7495
7495
7495
7495
7494
7494
7493
7493
7493
7493
7492
7492
7491
7491
7485
7480
7480
7479
7478
7478
7473
7472
7472
7471
7471
7470
7469
7468
7467
7466
7466
7465
7464
7464
7463
7462
7462
7462
7460
7459
7459
7454
7453
7450
7450
7450
7448
7447
7446
7445
7444
7444
7441
7441
7441
7441
7438
7437
7436
7436
7433
7433
7432
7432
7431
7430
7430
7429
7427
7427
7426
7423
7422
7421
7417
7416
7416
7416
7415
7414
7413
7413
7412
7411
7410
7408
7407
7407
7406
7406
7405
7405
7397
7397
7396
7394
7394
7394
7394
7393
7389
7389
7388
7384
7380
7380
7378
7376
7376
7375
7374
7371
7371
7369
7368
7367
7364
7363
7360
7360
7359
7359
7358
7358
7358
7358
7357
7357
7357
7357
7356
7356
7355
7355
7354
7354
7354
7353
7352
7351
7351
7347
7346
7346
7345
7345
7345
7344
7343
7342
7341
7341
7340
7339
7339
7338
7338
7337
7336
7336
7335
7335
7333
7331
7331
7331
7330
7327
7325
7324
7324
7322
7320
7320
7319
7319
7319
7318
7316
7315
7314
7314
7313
7312
7312
7310
7309
7306
7302
7301
7300
7299
7299
7297
7296
7296
7296
7293
7292
7291
7290
7287
7286
7285
7285
7284
7283
7283
7282
7282
7281
7280
7279
7279
7277
7276
7274
7274
7274
7272
7271
7271
7270
7269
7269
7267
7266
7264
7264
7263
7262
7262
7260
7258
7258
7257
7254
7254
7254
7253
7252
7252
7252
7251
7249
7247
7247
7247
7246
7245
7244
7243
7242
7241
7239
7237
7237
7236
7235
7234
7233
7233
7233
7232
7231
7227
7226
7226
7223
7221
7221
7217
7216
7216
7216
7215
7214
7214
7214
7212
7212
7211
7209
7208
7206
7205
7203
7203
7199
7199
7199
7192
7192
7192
7190
7190
7189
7189
7184
7183
7183
7181
7179
7178
7177
7177
7176
7175
7175
7175
7174
7173
7173
7173
7172
7171
7168
7168
7167
7167
7166
7166
7165
7165
7164
7161
7160
7157
7157
7156
7155
7154
7149
7147
7146
7146
7146
7145
7143
7142
7142
7139
7139
7138
7137
7133
7131
7129
7127
7125
7124
7124
7123
7120
7120
7120
7116
7116
7114
7114
7113
7111
7110
7109
7108
7108
7107
7106
7106
7105
7104
7103
7102
7102
7100
7100
7097
7095
7095
7093
7093
7092
7092
7089
7089
7088
7086
7086
7086
7085
7083
7083
7082
7082
7082
7079
7078
7077
7075
7072
7072
7071
7071
7071
7070
7069
7068
7066
7064
7064
7063
7062
7062
7061
7061
7060
7060
7059
7057
7057
7053
7053
7051
7051
7051
7051
7050
7050
7050
7049
7048
7048
7047
7046
7046
7045
7044
7044
7043
7043
7042
7041
7041
7040
7039
7032
7031
7030
7028
7028
7027
7024
7023
7022
7021
7020
7020
7020
7020
7019
7018
7016
7016
7015
7015
7014
7013
7012
7011
7010
7008
7007
7007
7007
7006
7006
7005
7003
7003
7002
7002
7001
6999
6999
6998
6997
6994
6993
6992
6991
6990
6990
6985
6984
6983
6982
6978
6976
6973
6972
6972
6972
6971
6971
6968
6967
6967
6967
6966
6965
6964
6964
6964
6963
6963
6961
6960
6959
6958
6958
6957
6957
6957
6957
6956
6955
6953
6951
6950
6950
6950
6950
6949
6946
6945
6945
6945
6944
6943
6943
6942
6942
6941
6941
6935
6934
6933
6933
6932
6931
6930
6930
6929
6928
6928
6927
6926
6925
6925
6924
6923
6922
6922
6921
6918
6918
6918
6917
6917
6915
6914
6914
6912
6912
6911
6910
6907
6907
6906
6906
6905
6904
6904
6901
6900
6898
6897
6896
6896
6896
6895
6894
6893
6891
6891
6890
6889
6889
6889
6888
6887
6886
6885
6884
6883
6883
6881
6880
6878
6877
6876
6876
6874
6873
6872
6871
6871
6871
6870
6870
6868
6868
6867
6867
6866
6865
6865
6863
6861
6860
6858
6858
6858
6858
6856
6856
6855
6855
6854
6854
6852
6850
6850
6848
6848
6847
6846
6846
6845
6844
6843
6843
6843
6842
6842
6841
6841
6841
6840
6840
6839
6837
6836
6833
6832
6829
6828
6827
6825
6824
6823
6822
6821
6819
6819
6818
6817
6816
6816
6816
6815
6814
6814
6813
6813
6812
6812
6811
6811
6811
6808
6807
6805
6802
6802
6801
6801
6798
6797
6797
6796
6796
6796
6796
6795
6794
6794
6789
6788
6787
6787
6786
6786
6785
6785
6785
6784
6782
6782
6781
6780
6779
6777
6777
6774
6773
6772
6770
6769
6769
6768
6768
6768
6767
6765
6764
6762
6762
6760
6759
6759
6757
6756
6755
6754
6754
6753
6753
6753
6752
6751
6751
6750
6750
6748
6748
6747
6747
6746
6746
6746
6745
6745
6744
6743
6741
6740
6738
6738
6736
6735
6732
6732
6731
6729
6727
6727
6726
6723
6723
6721
6720
6719
6719
6718
6715
6715
6714
6712
6712
6711
6711
6710
6710
6710
6710
6709
6709
6707
6706
6706
6705
6703
6703
6703
6700
6700
6699
6697
6695
6694
6694
6694
6694
6693
6692
6690
6688
6688
6687
6687
6682
6681
6681
6681
6681
6680
6679
6678
6678
6678
6677
6677
6677
6676
6674
6673
6670
6669
6668
6667
6664
6662
6661
6661
6661
6660
6660
6660
6658
6657
6654
6654
6652
6652
6650
6649
6646
6645
6645
6644
6644
6643
6642
6641
6639
6638
6638
6638
6634
6632
6631
6630
6630
6629
6629
6628
6628
6627
6626
6625
6624
6623
6619
6619
6617
6613
6612
6611
6611
6610
6610
6608
6607
6607
6607
6607
6607
6605
6605
6604
6601
6601
6601
6600
6599
6598
6597
6596
6594
6594
6593
6589
6589
6588
6587
6585
6585
6583
6582
6581
6578
6577
6577
6574
6573
6573
6570
6570
6570
6570
6568
6567
6566
6564
6563
6562
6562
6559
6557
6555
6554
6554
6554
6553
6552
6550
6549
6549
6549
6549
6548
6547
6546
6546
6543
6538
6537
6534
6533
6531
6530
6527
6527
6527
6526
6525
6524
6523
6523
6519
6519
6519
6518
6518
6514
6514
6514
6510
6510
6509
6504
6502
6500
6499
6498
6497
6495
6494
6493
6489
6489
6489
6487
6487
6483
6483
6482
6482
6480
6480
6480
6478
6477
6476
6475
6475
6475
6471
6471
6470
6470
6469
6467
6466
6466
6466
6465
6465
6464
6463
6462
6462
6462
6461
6461
6460
6458
6458
6457
6457
6456
6454
6453
6453
6450
6449
6448
6446
6445
6442
6442
6441
6440
6440
6439
6439
6438
6437
6437
6437
6436
6435
6435
6434
6433
6432
6431
6430
6429
6428
6427
6424
6424
6422
6421
6421
6420
6420
6417
6414
6414
6413
6412
6410
6409
6408
6406
6406
6405
6404
6404
6402
6400
6400
6399
6399
6398
6397
6397
6396
6396
6395
6392
6391
6391
6390
6390
6386
6385
6384
6384
6384
6383
6382
6382
6381
6381
6380
6379
6378
6376
6375
6373
6373
6373
6372
6372
6372
6370
6367
6366
6366
6365
6363
6361
6361
6360
6360
6360
6359
6359
6359
6357
6357
6357
6355
6354
6353
6353
6353
6353
6353
6351
6351
6347
6346
6346
6346
6344
6341
6339
6336
6334
6334
6334
6333
6332
6331
6330
6330
6328
6328
6328
6326
6324
6323
6322
6322
6322
6321
6320
6320
6320
6317
6317
6316
6311
6311
6310
6310
6308
6307
6306
6306
6305
6303
6303
6303
6302
6302
6298
6297
6297
6296
6296
6294
6293
6293
6293
6292
6290
6289
6289
6288
6288
6287
6286
6286
6285
6280
6279
6279
6278
6277
6276
6273
6272
6272
6271
6267
6266
6266
6265
6265
6265
6265
6263
6262
6261
6260
6258
6258
6253
6253
6252
6252
6250
6249
6249
6247
6247
6246
6244
6243
6242
6241
6240
6240
6240
6239
6236
6236
6235
6233
6233
6233
6233
6232
6231
6229
6228
6226
6225
6224
6223
6222
6221
6221
6219
6216
6216
6213
6213
6213
6212
6209
6209
6208
6208
6207
6207
6206
6206
6206
6205
6203
6202
6202
6201
6200
6200
6200
6199
6198
6197
6196
6194
6194
6191
6191
6190
6189
6188
6187
6185
6185
6184
6184
6182
6182
6182
6180
6180
6179
6178
6177
6177
6176
6176
6176
6176
6175
6174
6174
6174
6172
6172
6171
6170
6167
6165
6165
6163
6161
6157
6157
6156
6156
6156
6155
6153
6153
6152
6152
6151
6151
6151
6150
6150
6150
6149
6148
6147
6147
6144
6143
6142
6140
6139
6138
6137
6137
6136
6135
6132
6130
6130
6129
6127
6126
6126
6126
6124
6124
6124
6123
6123
6122
6122
6122
6121
6121
6120
6120
6117
6116
6114
6112
6112
6110
6110
6110
6109
6109
6108
6107
6107
6106
6106
6105
6103
6100
6099
6099
6096
6096
6096
6095
6093
6093
6093
6092
6092
6092
6091
6091
6091
6089
6089
6089
6089
6088
6087
6085
6085
6085
6084
6084
6084
6084
6083
6083
6082
6082
6082
6080
6077
6077
6076
6074
6072
6072
6070
6070
6069
6068
6068
6065
6064
6064
6064
6063
6062
6061
6061
6058
6056
6056
6052
6052
6051
6050
6050
6050
6049
6049
6046
6046
6046
6045
6045
6045
6044
6044
6043
6042
6040
6040
6039
6038
6037
6037
6036
6035
6034
6033
6033
6033
6032
6032
6031
6031
6031
6029
6028
6028
6027
6025
6025
6024
6023
6021
6021
6021
6020
6019
6018
6016
6015
6012
6011
6011
6010
6007
6005
6004
6002
6002
6000
5999
5999
5997
5996
5996
5996
5991
5991
5989
5987
5986
5986
5982
5982
5981
5980
5980
5980
5980
5978
5978
5978
5978
5978
5977
5976
5976
5976
5976
5976
5975
5975
5975
5973
5971
5970
5970
5970
5970
5965
5965
5965
5964
5962
5962
5962
5961
5961
5961
5959
5959
5958
5958
5956
5955
5954
5954
5954
5954
5953
5952
5952
5951
5950
5950
5949
5948
5947
5947
5944
5943
5942
5942
5942
5939
5936
5935
5935
5935
5934
5933
5932
5932
5931
5931
5931
5930
5929
5929
5927
5927
5926
5925
5924
5921
5921
5920
5920
5918
5918
5917
5917
5917
5915
5915
5914
5913
5913
5910
5910
5909
5909
5909
5908
5908
5907
5906
5905
5904
5904
5904
5903
5903
5901
5900
5899
5899
5897
5894
5893
5892
5891
5890
5888
5888
5888
5887
5886
5884
5883
5882
5882
5882
5880
5880
5879
5879
5879
5877
5876
5875
5874
5873
5873
5873
5873
5872
5872
5872
5871
5870
5869
5868
5867
5866
5865
5865
5864
5864
5864
5863
5862
5860
5860
5859
5859
5859
5859
5856
5855
5855
5851
5850
5850
5849
5845
5844
5844
5842
5840
5840
5840
5839
5839
5837
5834
5833
5833
5833
5830
5830
5830
5828
5826
5824
5824
5824
5823
5822
5818
5817
5813
5812
5812
5812
5812
5811
5811
5810
5807
5806
5805
5805
5804
5804
5799
5799
5798
5798
5797
5796
5796
5796
5795
5790
5790
5790
5789
5787
5786
5786
5785
5785
5783
5781
5781
5781
5780
5779
5778
5776
5775
5774
5772
5771
5770
5770
5770
5769
5769
5766
5766
5766
5765
5765
5763
5763
5763
5761
5760
5759
5759
5757
5757
5754
5752
5750
5750
5748
5747
5747
5743
5743
5743
5743
5741
5740
5739
5738
5737
5736
5734
5733
5732
5730
5728
5727
5727
5726
5726
5725
5723
5720
5719
5717
5717
5716
5716
5716
5715
5715
5712
5712
5712
5712
5711
5710
5709
5709
5706
5704
5702
5699
5698
5697
5697
5696
5696
5695
5694
5694
5694
5692
5690
5690
5689
5689
5688
5688
5685
5684
5684
5684
5683
5682
5680
5679
5678
5673
5671
5670
5668
5667
5667
5666
5664
5664
5663
5661
5660
5660
5658
5658
5658
5657
5657
5657
5656
5655
5652
5652
5650
5648
5647
5646
5646
5646
5645
5645
5644
5643
5643
5641
5639
5638
5637
5637
5637
5637
5636
5633
5632
5631
5629
5629
5627
5626
5626
5626
5624
5624
5622
5621
5620
5619
5618
5618
5617
5617
5616
5616
5616
5615
5613
5611
5610
5608
5606
5605
5605
5603
5602
5600
5600
5597
5593
5593
5592
5591
5591
5589
5588
5588
5586
5585
5585
5584
5584
5584
5584
5583
5580
5580
5580
5576
5574
5574
5573
5570
5569
5568
5565
5565
5564
5564
5563
5563
5560
5558
5557
5557
5556
5554
5551
5550
5546
5546
5546
5545
5545
5545
5544
5543
5542
5540
5539
5539
5539
5538
5537
5537
5535
5535
5534
5534
5533
5532
5532
5532
5531
5531
5529
5529
5528
5528
5527
5525
5525
5522
5520
5517
5516
5516
5515
5514
5514
5514
5513
5512
5512
5512
5511
5509
5508
5505
5503
5502
5502
5501
5501
5500
5498
5498
5496
5495
5494
5494
5494
5493
5492
5492
5491
5491
5489
5489
5488
5487
5486
5484
5483
5483
5482
5482
5480
5479
5477
5477
5475
5475
5472
5471
5471
5471
5469
5469
5468
5468
5467
5466
5463
5462
5460
5457
5457
5456
5455
5453
5451
5449
5449
5446
5443
5442
5442
5442
5442
5441
5440
5440
5437
5437
5437
5436
5432
5430
5429
5428
5427
5427
5425
5423
5422
5422
5421
5419
5419
5417
5416
5416
5413
5413
5413
5412
5412
5412
5411
5411
5410
5409
5409
5408
5408
5406
5406
5405
5404
5403
5403
5402
5401
5401
5401
5398
5397
5395
5394
5394
5393
5392
5391
5391
5391
5390
5389
5388
5388
5386
5385
5385
5383
5382
5381
5379
5378
5377
5376
5375
5375
5374
5374
5373
5373
5371
5371
5371
5371
5371
5371
5367
5367
5366
5366
5365
5364
5364
5364
5362
5360
5358
5357
5357
5356
5355
5354
5353
5352
5352
5352
5351
5351
5351
5350
5349
5348
5348
5347
5347
5347
5346
5346
5345
5343
5341
5341
5338
5337
5336
5335
5334
5333
5331
5330
5330
5329
5327
5325
5324
5324
5324
5323
5322
5318
5317
5316
5315
5315
5314
5314
5312
5312
5311
5311
5311
5310
5310
5308
5307
5305
5305
5303
5303
5303
5302
5302
5300
5299
5296
5295
5295
5294
5294
5293
5292
5292
5291
5291
5290
5290
5288
5288
5286
5286
5284
5283
5283
5281
5280
5279
5279
5279
5278
5278
5275
5274
5274
5272
5271
5271
5270
5270
5269
5269
5269
5268
5267
5265
5265
5263
5262
5262
5262
5261
5259
5259
5259
5258
5258
5257
5257
5256
5255
5253
5251
5251
5251
5250
5250
5249
5247
5245
5244
5244
5242
5242
5241
5240
5240
5240
5239
5239
5239
5239
5238
5238
5238
5235
5234
5234
5231
5230
5229
5228
5228
5228
5227
5226
5224
5223
5223
5221
5221
5220
5219
5218
5218
5216
5215
5215
5215
5211
5211
5211
5209
5208
5207
5206
5206
5206
5205
5202
5201
5200
5197
5196
5196
5195
5193
5193
5191
5191
5190
5190
5190
5189
5188
5188
5183
5183
5182
5181
5181
5178
5177
5177
5176
5176
5176
5167
5167
5167
5166
5163
5162
5162
5161
5161
5159
5159
5159
5158
5158
5158
5157
5155
5154
5153
5148
5148
5141
5141
5137
5137
5137
5137
5136
5136
5134
5133
5133
5133
5130
5129
5129
5127
5125
5125
5124
5122
5122
5121
5121
5120
5119
5119
5118
5118
5117
5117
5116
5116
5115
5114
5114
5113
5112
5109
5108
5107
5104
5103
5102
5100
5100
5100
5099
5099
5095
5093
5093
5091
5089
5089
5089
5089
5089
5088
5088
5087
5086
5083
5082
5082
5082
5081
5081
5081
5080
5080
5079
5076
5073
5072
5071
5070
5069
5069
5069
5069
5068
5066
5066
5065
5064
5061
5058
5057
5056
5056
5055
5055
5053
5053
5051
5050
5049
5048
5047
5047
5046
5045
5045
5044
5043
5042
5041
5041
5040
5040
5040
5040
5038
5038
5038
5038
5037
5036
5036
5035
5035
5035
5034
5031
5031
5028
5028
5027
5026
5026
5026
5025
5023
5022
5022
5021
5021
5021
5019
5018
5018
5018
5015
5015
5014
5014
5013
5013
5013
5012
5012
5012
5010
5009
5009
5008
5007
5006
5005
5005
5005
5003
5003
5002
5002
5001
5000
5000
4999
4996
4992
4991
4991
4990
4989
4989
4988
4987
4986
4985
4983
4983
4982
4982
4980
4980
4979
4977
4977
4974
4969
4966
4966
4965
4964
4963
4962
4962
4962
4962
4960
4957
4957
4957
4956
4955
4955
4954
4953
4953
4953
4953
4953
4951
4949
4949
4949
4948
4947
4946
4942
4942
4942
4941
4941
4941
4939
4938
4938
4937
4936
4935
4934
4933
4933
4933
4931
4931
4931
4930
4929
4929
4926
4926
4926
4925
4922
4921
4920
4919
4918
4917
4916
4916
4915
4915
4914
4913
4910
4904
4904
4904
4904
4901
4899
4898
4898
4898
4898
4897
4896
4893
4893
4893
4891
4890
4890
4889
4888
4888
4886
4885
4880
4879
4878
4876
4876
4875
4872
4870
4869
4869
4868
4868
4866
4866
4865
4864
4864
4863
4863
4862
4862
4861
4861
4858
4858
4857
4857
4856
4855
4855
4853
4853
4852
4852
4852
4850
4847
4846
4845
4841
4839
4839
4837
4835
4835
4832
4832
4831
4830
4829
4827
4827
4826
4825
4824
4823
4823
4823
4823
4822
4822
4822
4821
4820
4820
4820
4820
4819
4817
4817
4817
4817
4816
4816
4816
4815
4815
4815
4815
4815
4814
4814
4814
4813
4813
4812
4811
4811
4810
4807
4805
4804
4799
4798
4794
4794
4793
4793
4792
4792
4792
4791
4791
4789
4789
4789
4789
4787
4787
4786
4785
4784
4784
4783
4783
4781
4781
4778
4777
4776
4776
4774
4771
4770
4770
4769
4768
4768
4768
4766
4766
4764
4764
4761
4760
4759
4757
4757
4754
4753
4753
4753
4751
4751
4750
4750
4748
4747
4747
4746
4745
4745
4745
4745
4744
4743
4743
4740
4740
4739
4739
4737
4737
4737
4735
4735
4735
4735
4734
4734
4725
4718
4717
4716
4714
4713
4712
4711
4710
4710
4710
4710
4708
4708
4707
4707
4706
4705
4703
4701
4701
4700
4699
4699
4696
4694
4694
4692
4690
4690
4690
4690
4689
4689
4689
4686
4683
4678
4675
4674
4673
4673
4672
4669
4665
4665
4664
4663
4662
4659
4657
4654
4653
4653
4651
4650
4650
4648
4647
4647
4645
4644
4644
4643
4641
4639
4638
4637
4636
4635
4633
4632
4631
4630
4629
4629
4628
4626
4626
4624
4624
4623
4622
4621
4619
4616
4615
4615
4614
4613
4612
4612
4609
4609
4609
4608
4607
4607
4605
4602
4602
4601
4601
4600
4598
4598
4597
4595
4595
4594
4594
4594
4593
4593
4592
4589
4589
4588
4588
4588
4588
4587
4584
4583
4582
4582
4581
4581
4581
4579
4579
4577
4576
4573
4573
4572
4572
4571
4570
4570
4570
4568
4568
4567
4566
4566
4566
4566
4564
4564
4563
4561
4561
4560
4560
4559
4558
4557
4557
4557
4556
4556
4555
4553
4553
4553
4552
4552
4551
4551
4549
4549
4548
4548
4547
4547
4546
4545
4545
4544
4543
4543
4543
4543
4542
4538
4537
4534
4531
4531
4530
4529
4529
4529
4528
4527
4525
4524
4524
4523
4523
4522
4521
4519
4518
4517
4516
4516
4515
4514
4513
4512
4511
4510
4509
4508
4506
4506
4504
4503
4503
4502
4502
4499
4497
4496
4494
4494
4493
4493
4493
4491
4491
4489
4488
4485
4483
4482
4480
4479
4478
4477
4476
4475
4474
4473
4470
4465
4464
4464
4463
4462
4459
4457
4457
4457
4457
4457
4456
4456
4454
4454
4450
4449
4448
4447
4445
4443
4443
4443
4442
4441
4439
4439
4439
4438
4434
4433
4433
4431
4431
4430
4429
4429
4428
4426
4423
4422
4421
4421
4420
4420
4417
4414
4413
4410
4409
4408
4407
4403
4403
4403
4402
4402
4401
4396
4395
4395
4393
4391
4390
4389
4389
4387
4387
4386
4386
4386
4385
4382
4382
4382
4381
4379
4379
4379
4378
4378
4377
4377
4377
4376
4376
4376
4375
4374
4373
4370
4370
4368
4367
4367
4365
4364
4363
4363
4362
4362
4360
4360
4359
4358
4357
4354
4353
4352
4352
4352
4351
4351
4349
4348
4348
4348
4346
4345
4345
4344
4344
4343
4340
4337
4337
4337
4337
4336
4335
4335
4334
4333
4332
4331
4330
4330
4330
4326
4326
4326
4322
4321
4319
4318
4315
4313
4308
4307
4306
4306
4306
4304
4303
4303
4302
4302
4302
4301
4300
4300
4300
4298
4297
4295
4294
4292
4291
4290
4289
4288
4287
4287
4285
4284
4284
4283
4283
4282
4282
4281
4280
4280
4278
4278
4278
4278
4277
4276
4276
4274
4272
4272
4269
4267
4267
4267
4266
4264
4264
4264
4263
4262
4262
4261
4260
4257
4256
4254
4253
4252
4251
4248
4248
4248
4248
4246
4246
4245
4245
4244
4243
4238
4236
4236
4234
4234
4233
4232
4232
4231
4231
4230
4228
4228
4227
4227
4227
4225
4224
4223
4222
4220
4219
4219
4219
4218
4217
4216
4215
4213
4212
4212
4211
4211
4211
4205
4204
4204
4203
4202
4200
4200
4199
4199
4197
4194
4191
4191
4187
4187
4184
4182
4180
4178
4178
4177
4177
4176
4175
4173
4170
4168
4168
4168
4167
4167
4165
4165
4164
4164
4163
4163
4162
4161
4160
4160
4160
4159
4157
4157
4156
4155
4155
4152
4152
4151
4151
4150
4149
4149
4146
4146
4146
4144
4142
4141
4139
4139
4139
4138
4137
4136
4136
4134
4131
4130
4129
4129
4129
4129
4129
4128
4128
4128
4127
4124
4123
4123
4122
4119
4116
4116
4115
4114
4114
4114
4113
4112
4112
4110
4109
4109
4108
4108
4107
4106
4105
4105
4104
4104
4102
4102
4102
4101
4101
4099
4097
4097
4097
4096
4095
4094
4093
4092
4092
4092
4092
4090
4089
4089
4088
4087
4086
4084
4084
4082
4081
4081
4080
4080
4077
4076
4075
4074
4074
4072
4072
4071
4070
4069
4068
4068
4066
4064
4064
4062
4062
4061
4060
4057
4055
4055
4054
4053
4052
4049
4049
4048
4048
4047
4046
4045
4043
4043
4041
4040
4037
4036
4036
4034
4033
4032
4032
4031
4030
4029
4028
4027
4026
4026
4023
4022
4021
4020
4020
4019
4018
4014
4013
4012
4010
4010
4009
4008
4008
4007
4007
4006
4006
4006
4004
4002
4001
4001
4000
3999
3998
3998
3998
3998
3998
3998
3998
3997
3993
3991
3990
3990
3989
3988
3988
3988
3987
3987
3985
3985
3984
3983
3981
3981
3981
3979
3979
3979
3979
3976
3975
3974
3970
3969
3969
3969
3969
3968
3966
3966
3966
3965
3964
3964
3963
3963
3962
3961
3961
3960
3958
3957
3956
3953
3953
3952
3952
3952
3952
3949
3947
3946
3945
3941
3941
3941
3939
3938
3938
3938
3936
3934
3934
3933
3932
3932
3931
3926
3925
3925
3924
3923
3922
3922
3920
3920
3919
3919
3919
3918
3917
3915
3915
3914
3913
3912
3911
3910
3909
3909
3907
3905
3905
3903
3903
3898
3897
3897
3896
3895
3893
3890
3887
3887
3886
3885
3885
3885
3884
3882
3882
3882
3877
3875
3874
3870
3868
3868
3868
3867
3867
3867
3866
3863
3862
3861
3860
3860
3859
3858
3856
3855
3854
3851
3851
3849
3848
3846
3845
3845
3844
3844
3842
3838
3837
3836
3835
3834
3833
3833
3833
3833
3832
3832
3831
3829
3828
3828
3827
3826
3826
3825
3823
3823
3817
3816
3812
3811
3811
3811
3809
3808
3808
3807
3806
3806
3806
3806
3805
3804
3803
3802
3802
3798
3798
3798
3795
3795
3794
3794
3792
3791
3791
3789
3787
3787
3785
3785
3784
3781
3780
3779
3775
3774
3773
3773
3772
3770
3770
3770
3769
3768
3767
3767
3767
3766
3762
3762
3761
3759
3758
3758
3758
3758
3757
3756
3755
3755
3754
3754
3752
3752
3750
3750
3749
3749
3748
3747
3747
3747
3745
3742
3741
3740
3738
3737
3736
3735
3735
3735
3735
3733
3733
3732
3732
3732
3731
3730
3730
3728
3728
3728
3727
3722
3719
3719
3719
3715
3714
3713
3712
3711
3711
3710
3709
3707
3707
3707
3705
3704
3703
3699
3699
3699
3698
3697
3692
3692
3690
3690
3689
3689
3688
3685
3684
3684
3683
3683
3683
3683
3682
3681
3681
3680
3680
3679
3677
3676
3674
3674
3673
3673
3673
3672
3672
3671
3671
3671
3670
3670
3669
3667
3666
3665
3663
3663
3661
3660
3660
3657
3656
3654
3653
3652
3652
3652
3650
3649
3648
3647
3647
3646
3646
3646
3645
3644
3643
3641
3639
3639
3638
3638
3638
3637
3636
3635
3635
3634
3631
3629
3629
3626
3625
3624
3624
3623
3621
3620
3619
3619
3619
3616
3616
3615
3614
3613
3612
3611
3611
3610
3609
3608
3607
3607
3607
3606
3606
3605
3603
3603
3597
3595
3595
3594
3593
3592
3590
3590
3588
3587
3586
3586
3584
3580
3579
3579
3578
3578
3577
3576
3576
3575
3574
3573
3570
3570
3569
3568
3568
3566
3564
3562
3561
3560
3557
3557
3556
3554
3554
3553
3553
3552
3552
3551
3551
3551
3550
3549
3549
3549
3548
3548
3547
3546
3545
3545
3543
3543
3543
3542
3538
3534
3531
3530
3529
3529
3526
3526
3525
3522
3521
3520
3516
3515
3513
3511
3511
3511
3511
3510
3509
3508
3508
3507
3507
3506
3504
3504
3501
3501
3500
3498
3498
3498
3494
3494
3494
3493
3492
3488
3488
3488
3487
3485
3484
3484
3480
3479
3478
3477
3476
3473
3471
3471
3470
3469
3468
3468
3466
3466
3465
3465
3464
3459
3459
3458
3457
3456
3453
3453
3451
3451
3450
3449
3445
3445
3443
3442
3441
3440
3438
3437
3437
3436
3434
3433
3433
3432
3432
3429
3427
3427
3424
3424
3424
3424
3423
3423
3421
3421
3421
3421
3419
3418
3418
3415
3415
3414
3413
3411
3411
3411
3410
3409
3408
3406
3405
3403
3402
3400
3399
3399
3399
3398
3398
3397
3397
3395
3394
3393
3389
3388
3386
3383
3383
3381
3380
3379
3377
3375
3375
3375
3375
3374
3373
3372
3372
3372
3372
3371
3369
3369
3369
3368
3367
3367
3365
3361
3361
3359
3359
3359
3358
3357
3357
3357
3356
3356
3352
3351
3351
3349
3348
3347
3345
3344
3343
3343
3342
3342
3341
3339
3338
3336
3335
3335
3332
3331
3331
3331
3329
3326
3323
3323
3322
3322
3322
3318
3318
3317
3316
3315
3313
3312
3311
3310
3309
3308
3307
3307
3306
3306
3305
3305
3304
3302
3300
3300
3299
3298
3298
3297
3296
3296
3295
3295
3294
3292
3290
3290
3289
3289
3287
3285
3284
3283
3283
3282
3282
3281
3281
3278
3278
3276
3276
3275
3275
3274
3274
3274
3273
3273
3272
3272
3270
3269
3268
3266
3265
3265
3263
3263
3262
3261
3261
3261
3261
3260
3259
3259
3258
3258
3257
3257
3256
3255
3254
3253
3253
3252
3249
3249
3247
3246
3246
3245
3244
3244
3244
3243
3239
3238
3238
3238
3236
3235
3235
3234
3228
3228
3224
3223
3222
3222
3217
3212
3211
3211
3211
3210
3209
3209
3209
3209
3208
3207
3205
3205
3205
3204
3202
3201
3200
3199
3197
3197
3196
3194
3194
3194
3192
3192
3188
3187
3186
3184
3183
3183
3183
3183
3183
3181
3181
3180
3177
3176
3175
3175
3174
3172
3171
3170
3170
3169
3168
3168
3168
3168
3167
3166
3165
3165
3165
3164
3163
3162
3161
3159
3156
3155
3155
3154
3152
3149
3147
3146
3145
3143
3135
3132
3130
3127
3126
3125
3124
3123
3123
3122
3116
3116
3114
3112
3112
3110
3109
3108
3106
3104
3104
3104
3103
3102
3102
3101
3099
3098
3097
3096
3095
3095
3094
3094
3092
3091
3091
3091
3089
3088
3083
3082
3081
3080
3080
3079
3079
3078
3078
3077
3077
3077
3077
3077
3076
3075
3074
3072
3071
3070
3068
3068
3067
3065
3065
3065
3065
3065
3064
3063
3061
3060
3059
3058
3058
3058
3057
3056
3055
3054
3052
3052
3050
3048
3048
3046
3046
3044
3042
3041
3041
3040
3036
3033
3033
3031
3030
3028
3027
3024
3022
3021
3020
3018
3018
3018
3018
3018
3018
3017
3017
3015
3013
3012
3010
3010
3009
3008
3008
3008
3004
3002
3002
3002
3001
3000
3000
2998
2995
2995
2993
2993
2991
2990
2990
2989
2987
2987
2987
2987
2985
2984
2983
2983
2982
2981
2978
2975
2975
2974
2973
2973
2973
2971
2970
2969
2969
2968
2967
2961
2961
2960
2960
2958
2957
2955
2955
2955
2952
2948
2947
2946
2945
2943
2943
2941
2940
2940
2940
2938
2938
2938
2937
2937
2937
2936
2935
2935
2934
2934
2934
2934
2933
2932
2932
2930
2929
2928
2928
2924
2924
2923
2922
2921
2921
2920
2918
2918
2918
2918
2917
2916
2915
2913
2912
2911
2911
2911
2910
2909
2907
2907
2907
2906
2906
2906
2905
2902
2902
2901
2900
2899
2898
2896
2893
2892
2889
2888
2885
2885
2885
2885
2883
2882
2880
2877
2877
2877
2872
2871
2871
2871
2868
2868
2867
2866
2865
2865
2860
2860
2860
2859
2859
2858
2857
2857
2853
2853
2853
2852
2849
2849
2849
2848
2847
2847
2847
2846
2846
2845
2844
2844
2843
2843
2843
2842
2841
2841
2839
2838
2838
2836
2835
2834
2833
2833
2833
2832
2831
2831
2830
2826
2826
2826
2825
2825
2823
2823
2823
2823
2822
2822
2820
2818
2818
2813
2812
2811
2809
2809
2807
2806
2805
2803
2802
2801
2799
2798
2798
2797
2797
2796
2795
2794
2793
2791
2789
2788
2787
2787
2787
2785
2784
2783
2782
2780
2779
2778
2777
2776
2775
2775
2774
2774
2773
2773
2773
2771
2770
2770
2768
2767
2767
2767
2766
2766
2765
2765
2765
2763
2761
2758
2758
2757
2756
2753
2751
2750
2748
2748
2747
2746
2743
2742
2740
2739
2739
2737
2737
2736
2736
2734
2734
2731
2730
2729
2729
2729
2728
2728
2727
2726
2726
2726
2725
2724
2723
2723
2722
2722
2721
2720
2718
2715
2714
2713
2712
2709
2709
2706
2706
2706
2705
2704
2703
2702
2702
2702
2701
2700
2699
2697
2697
2697
2697
2694
2694
2693
2692
2692
2690
2689
2687
2685
2681
2680
2677
2677
2676
2671
2671
2671
2669
2669
2667
2667
2666
2665
2663
2663
2662
2661
2661
2660
2659
2658
2658
2657
2655
2654
2654
2653
2651
2648
2647
2646
2645
2645
2644
2643
2640
2640
2639
2638
2637
2636
2636
2636
2633
2633
2632
2631
2631
2631
2630
2630
2629
2628
2628
2627
2626
2622
2622
2620
2620
2620
2619
2617
2617
2616
2616
2616
2615
2615
2613
2612
2611
2611
2610
2609
2608
2607
2606
2605
2604
2603
2603
2603
2600
2599
2598
2598
2598
2597
2593
2592
2591
2589
2587
2585
2584
2583
2583
2582
2582
2581
2580
2580
2579
2579
2579
2578
2577
2575
2574
2574
2572
2571
2571
2568
2567
2567
2567
2566
2565
2565
2564
2563
2563
2563
2562
2560
2560
2559
2555
2554
2553
2553
2552
2551
2551
2551
2551
2551
2549
2545
2544
2543
2543
2543
2543
2542
2541
2540
2540
2537
2537
2535
2535
2535
2534
2532
2531
2528
2528
2528
2527
2526
2524
2523
2523
2522
2521
2521
2521
2518
2518
2517
2516
2515
2511
2510
2508
2508
2508
2507
2506
2503
2503
2502
2499
2498
2494
2494
2494
2493
2492
2492
2491
2489
2489
2489
2488
2488
2488
2487
2486
2486
2484
2483
2483
2482
2481
2481
2481
2479
2479
2478
2477
2477
2477
2477
2476
2476
2476
2474
2474
2474
2473
2473
2473
2472
2471
2470
2468
2467
2464
2464
2458
2456
2456
2452
2449
2449
2449
2448
2448
2448
2447
2447
2447
2446
2446
2445
2444
2442
2442
2441
2441
2440
2439
2438
2437
2436
2435
2434
2433
2432
2432
2431
2428
2427
2425
2424
2424
2424
2423
2422
2422
2421
2419
2419
2418
2417
2417
2416
2415
2415
2414
2413
2413
2412
2412
2412
2410
2410
2405
2405
2405
2405
2403
2401
2400
2397
2397
2396
2396
2394
2393
2391
2391
2391
2389
2389
2389
2388
2388
2387
2385
2385
2384
2383
2381
2381
2379
2378
2378
2375
2375
2373
2373
2371
2370
2369
2369
2367
2364
2363
2363
2363
2361
2360
2359
2359
2358
2357
2356
2356
2355
2349
2349
2348
2346
2343
2342
2341
2340
2338
2337
2336
2336
2334
2332
2332
2330
2328
2328
2326
2324
2324
2321
2318
2318
2317
2316
2315
2313
2312
2309
2306
2302
2301
2301
2299
2299
2298
2298
2298
2296
2296
2295
2291
2290
2289
2289
2289
2288
2285
2285
2284
2283
2283
2283
2282
2278
2278
2277
2277
2276
2276
2275
2273
2272
2272
2271
2271
2271
2270
2270
2269
2268
2266
2264
2263
2263
2263
2262
2261
2259
2258
2255
2254
2254
2252
2252
2251
2250
2250
2249
2248
2248
2247
2246
2246
2245
2245
2245
2244
2244
2243
2243
2240
2240
2240
2239
2239
2239
2239
2238
2237
2236
2236
2235
2234
2233
2233
2233
2230
2230
2230
2229
2229
2229
2227
2227
2225
2225
2225
2221
2221
2220
2220
2220
2218
2217
2216
2216
2216
2215
2215
2211
2209
2203
2202
2199
2197
2196
2193
2192
2191
2190
2190
2190
2189
2189
2188
2188
2187
2185
2184
2184
2184
2183
2182
2181
2181
2181
2180
2179
2178
2175
2174
2174
2169
2167
2166
2165
2161
2159
2159
2158
2157
2155
2155
2154
2153
2153
2149
2149
2147
2147
2147
2146
2145
2144
2142
2141
2137
2136
2135
2135
2134
2133
2133
2132
2130
2130
2129
2129
2129
2128
2127
2126
2125
2124
2123
2123
2123
2121
2121
2120
2119
2119
2119
2118
2117
2116
2115
2114
2114
2114
2110
2105
2105
2104
2104
2103
2102
2100
2098
2096
2095
2095
2094
2092
2091
2090
2090
2089
2088
2087
2086
2086
2084
2084
2083
2082
2081
2081
2078
2078
2075
2073
2067
2067
2066
2065
2065
2065
2064
2064
2063
2063
2062
2061
2061
2060
2059
2059
2057
2057
2055
2052
2050
2048
2048
2047
2042
2039
2039
2038
2037
2036
2036
2035
2034
2033
2033
2033
2033
2032
2030
2028
2027
2023
2023
2019
2019
2019
2015
2015
2014
2014
2013
2012
2010
2010
2010
2009
2008
2008
2006
2006
2005
2004
2004
2003
2001
2000
2000
1998
1996
1996
1994
1992
1992
1991
1991
1990
1988
1988
1986
1983
1982
1982
1982
1981
1979
1979
1978
1974
1972
1971
1971
1967
1965
1963
1963
1963
1962
1962
1960
1959
1959
1957
1954
1953
1952
1952
1950
1950
1950
1947
1947
1943
1943
1942
1941
1940
1939
1939
1938
1937
1937
1937
1936
1935
1934
1932
1931
1931
1930
1930
1928
1926
1925
1923
1923
1923
1922
1922
1921
1921
1921
1920
1919
1918
1914
1913
1912
1912
1910
1909
1909
1908
1908
1907
1907
1907
1905
1905
1904
1901
1901
1900
1900
1899
1899
1898
1897
1897
1896
1895
1893
1893
1890
1887
1886
1886
1885
1885
1885
1885
1885
1885
1885
1883
1882
1881
1881
1880
1877
1876
1876
1876
1876
1874
1874
1870
1870
1869
1869
1869
1867
1866
1865
1864
1863
1862
1862
1861
1860
1859
1859
1859
1858
1856
1855
1855
1853
1853
1853
1852
1851
1851
1850
1850
1849
1848
1848
1846
1841
1840
1839
1838
1837
1836
1835
1834
1834
1832
1832
1832
1831
1829
1828
1828
1827
1826
1826
1825
1825
1824
1824
1823
1822
1821
1820
1816
1816
1815
1814
1809
1809
1807
1806
1805
1804
1804
1804
1803
1803
1803
1803
1801
1801
1801
1800
1800
1798
1797
1796
1794
1793
1791
1790
1790
1790
1789
1788
1788
1787
1785
1784
1782
1782
1781
1780
1778
1778
1778
1778
1777
1776
1776
1776
1775
1775
1775
1774
1773
1773
1773
1772
1771
1771
1771
1770
1770
1769
1769
1769
1768
1766
1764
1764
1763
1762
1762
1759
1758
1758
1757
1754
1753
1752
1752
1750
1749
1746
1745
1744
1744
1744
1744
1742
1740
1740
1739
1739
1738
1738
1736
1736
1735
1735
1735
1734
1734
1733
1732
1732
1732
1732
1731
1730
1729
1729
1729
1728
1728
1726
1726
1725
1725
1722
1721
1720
1719
1718
1717
1716
1713
1713
1712
1710
1708
1708
1704
1703
1702
1702
1701
1701
1700
1699
1698
1697
1697
1697
1695
1695
1693
1690
1690
1690
1689
1688
1686
1676
1676
1675
1675
1675
1672
1672
1672
1670
1667
1667
1664
1664
1659
1659
1659
1658
1655
1655
1654
1654
1652
1652
1652
1651
1651
1651
1650
1650
1650
1649
1649
1648
1647
1647
1647
1645
1645
1644
1644
1643
1643
1642
1641
1641
1640
1639
1639
1636
1633
1632
1632
1630
1630
1630
1629
1625
1625
1624
1624
1624
1622
1622
1622
1618
1614
1613
1611
1609
1608
1606
1605
1605
1603
1603
1601
1595
1593
1593
1593
1592
1591
1590
1589
1589
1588
1588
1587
1584
1581
1581
1579
1578
1578
1577
1576
1576
1575
1575
1575
1573
1572
1571
1568
1568
1567
1567
1566
1566
1566
1566
1565
1564
1563
1563
1562
1561
1558
1558
1557
1557
1557
1556
1556
1555
1555
1554
1554
1554
1553
1552
1551
1551
1550
1549
1549
1548
1548
1547
1547
1545
1544
1543
1543
1541
1540
1540
1540
1539
1539
1538
1538
1531
1531
1530
1529
1529
1529
1528
1528
1527
1527
1525
1525
1522
1522
1520
1519
1518
1516
1514
1512
1511
1510
1508
1507
1505
1503
1502
1500
1500
1499
1497
1495
1494
1491
1491
1491
1490
1490
1487
1487
1486
1486
1485
1484
1483
1483
1483
1482
1478
1477
1475
1475
1475
1474
1473
1472
1472
1467
1466
1466
1465
1464
1463
1462
1459
1458
1458
1456
1456
1453
1450
1449
1449
1449
1448
1448
1445
1445
1445
1445
1444
1444
1443
1442
1442
1441
1441
1440
1437
1435
1435
1434
1431
1428
1427
1427
1426
1424
1423
1421
1420
1419
1418
1418
1416
1415
1413
1413
1412
1412
1410
1409
1408
1407
1406
1405
1404
1402
1402
1401
1401
1400
1400
1399
1398
1398
1394
1394
1393
1392
1392
1390
1390
1389
1389
1387
1387
1386
1386
1386
1385
1384
1383
1382
1382
1379
1377
1375
1374
1374
1374
1373
1373
1373
1373
1370
1370
1367
1367
1366
1365
1364
1364
1363
1363
1362
1362
1359
1358
1355
1355
1354
1352
1352
1351
1351
1349
1347
1346
1345
1343
1342
1338
1335
1334
1334
1333
1332
1331
1331
1330
1329
1329
1329
1329
1325
1323
1317
1317
1315
1314
1313
1312
1310
1309
1309
1309
1308
1308
1308
1308
1307
1307
1306
1306
1305
1305
1305
1305
1304
1303
1303
1302
1300
1300
1300
1299
1298
1297
1297
1297
1295
1295
1295
1294
1292
1291
1291
1290
1289
1288
1288
1286
1286
1285
1283
1282
1282
1280
1280
1279
1277
1276
1275
1275
1273
1273
1272
1271
1270
1270
1269
1269
1269
1267
1265
1264
1262
1261
1260
1257
1257
1256
1256
1256
1254
1253
1252
1251
1251
1249
1249
1248
1248
1248
1247
1244
1243
1242
1238
1237
1237
1236
1236
1236
1234
1232
1231
1231
1230
1229
1227
1225
1224
1222
1222
1221
1220
1218
1218
1218
1217
1217
1215
1215
1214
1214
1209
1209
1208
1207
1207
1207
1207
1206
1206
1206
1206
1204
1203
1203
1203
1202
1201
1201
1200
1200
1199
1199
1198
1198
1198
1197
1196
1196
1194
1194
1192
1191
1190
1190
1190
1189
1187
1187
1187
1187
1186
1186
1185
1181
1181
1181
1180
1180
1179
1176
1175
1175
1174
1174
1168
1168
1167
1164
1161
1161
1161
1161
1160
1159
1157
1156
1156
1155
1154
1154
1151
1150
1150
1148
1148
1147
1147
1146
1145
1142
1141
1139
1138
1136
1135
1135
1135
1134
1133
1133
1132
1130
1130
1129
1128
1124
1124
1124
1123
1122
1122
1119
1119
1117
1116
1116
1116
1116
1114
1114
1110
1109
1107
1107
1106
1106
1106
1105
1105
1104
1104
1103
1103
1101
1099
1099
1098
1098
1098
1097
1096
1094
1093
1093
1091
1088
1088
1087
1086
1085
1083
1082
1081
1080
1077
1076
1076
1074
1074
1074
1071
1071
1070
1070
1069
1069
1066
1065
1065
1064
1063
1063
1062
1061
1061
1060
1059
1058
1057
1057
1057
1056
1052
1051
1050
1049
1048
1048
1048
1045
1043
1043
1042
1041
1040
1040
1039
1038
1037
1035
1034
1034
1034
1034
1033
1032
1032
1031
1031
1030
1029
1025
1024
1023
1022
1021
1021
1020
1019
1017
1016
1015
1014
1012
1010
1010
1009
1009
1008
1004
1004
1004
1002
1000
999
998
998
996
996
994
993
993
991
989
987
984
984
984
983
982
980
980
979
978
977
977
976
975
974
973
971
971
968
968
968
968
968
967
967
966
961
961
958
958
956
954
954
954
951
951
950
949
948
946
945
944
943
942
941
938
934
934
933
933
930
930
929
925
924
922
922
921
920
920
919
917
916
915
915
914
913
908
908
904
903
903
903
902
902
897
894
893
893
892
891
890
889
887
887
886
886
885
884
884
883
882
881
880
878
878
876
874
874
873
873
873
867
863
863
859
859
858
857
854
852
852
852
851
849
848
848
847
847
846
846
844
844
843
843
843
842
841
838
837
835
834
834
832
831
828
827
826
826
825
824
822
822
820
820
819
818
816
816
814
811
811
810
809
809
809
808
808
805
805
804
802
802
802
801
800
797
796
795
794
792
792
791
789
786
785
784
783
783
782
782
782
782
780
779
778
777
775
774
773
772
771
770
769
769
767
765
765
763
762
762
762
761
760
760
759
758
757
754
754
754
753
751
750
750
748
747
746
746
746
745
744
742
741
741
739
739
738
737
737
734
733
731
730
729
728
727
727
726
726
724
724
723
718
717
717
715
715
712
711
711
710
710
709
709
708
707
706
706
704
701
700
700
700
699
699
698
696
695
694
691
691
690
689
683
683
675
670
669
669
668
664
664
662
661
660
660
658
657
655
654
652
652
652
651
650
647
645
643
639
638
635
633
631
630
630
628
628
627
626
623
623
623
622
621
621
621
620
619
618
617
617
616
615
613
611
611
611
610
607
606
605
599
597
596
595
595
594
593
592
591
590
590
588
585
583
582
581
580
579
575
574
574
572
571
571
567
567
566
565
564
563
563
560
560
560
558
558
558
553
551
550
549
547
545
545
543
540
540
540
539
538
537
537
536
535
532
532
531
526
526
526
525
524
523
521
520
519
519
516
516
515
514
514
512
511
510
509
508
507
506
505
505
505
504
503
500
499
498
498
497
497
496
496
495
493
493
493
493
492
490
490
490
489
488
486
483
483
482
482
481
479
479
479
479
477
477
476
475
475
474
472
471
471
471
470
467
467
464
464
464
464
464
464
463
462
461
461
459
458
455
455
454
453
452
449
449
444
443
443
441
436
436
434
434
433
432
431
429
428
428
427
426
425
425
425
423
423
422
421
420
418
418
418
417
417
416
416
415
413
413
412
410
410
409
409
408
408
407
405
401
400
400
399
396
395
394
387
386
386
385
384
384
383
383
383
382
382
381
381
380
380
379
378
378
377
374
368
367
367
366
365
365
364
363
362
362
362
360
359
358
358
357
357
355
354
354
353
353
350
350
349
349
348
348
348
347
346
345
345
344
341
340
340
339
338
337
336
335
332
331
329
329
327
327
327
326
325
325
324
323
322
322
321
321
319
318
317
317
317
316
313
312
312
310
309
309
306
306
306
306
303
302
302
299
298
298
297
296
296
295
292
290
288
285
284
282
281
280
278
278
277
276
275
274
274
272
269
269
268
266
263
262
260
259
259
258
257
254
252
252
251
249
249
248
248
248
248
246
246
246
246
246
246
244
244
244
244
243
242
240
240
239
239
238
236
236
231
231
231
228
226
226
225
222
222
222
222
218
218
217
216
215
215
215
213
212
210
207
206
204
204
203
203
203
201
200
200
197
197
197
194
194
194
194
194
194
193
192
191
190
190
189
189
189
188
187
186
185
185
184
184
184
184
183
183
182
181
180
180
179
178
178
178
178
177
177
176
174
169
166
164
164
164
163
162
162
161
160
160
159
157
157
157
156
153
147
142
141
139
137
137
134
133
133
132
132
132
130
129
129
127
126
125
125
124
124
123
121
120
120
120
118
118
117
116
115
114
114
114
113
113
112
112
111
110
107
106
105
105
104
103
103
102
100
100
100
98
98
97
96
94
93
93
93
92
90
90
88
88
87
86
86
84
83
83
83
82
81
81
80
79
79
79
78
76
76
74
71
70
69
67
66
66
65
64
62
59
59
58
58
58
57
57
56
56
56
54
54
52
47
47
44
42
41
40
39
39
37
35
34
33
27
26
25
25
23
21
21
21
20
16
15
11
11
10
9
9
8
7
6
4
3
3
2
0
0
