9997
9996
9996
9994
9994
9993
9993
9991
9990
9986
9985
9982
9981
9980
9979
9978
9978
9978
9976
9976
9976
9975
9971
9970
9969
9969
9968
9968
9968
9967
9967
9966
9966
9965
9965
9965
9963
9961
9960
9959
9958
9956
9956
9955
9955
9955
9954
9954
9953
9953
9953
9952
9951
9950
9950
9949
9948
9947
9947
9945
9944
9944
9943
9942
9942
9942
9941
9941
9941
9940
9939
9939
9939
9939
9938
9937
9936
9935
9935
9933
9933
9931
9931
9928
9928
9928
9927
9925
9922
9919
9919
9917
9917
9916
9916
9914
9913
9911
9911
9911
9911
9910
9910
9909
9909
9907
9907
9906
9906
9906
9905
9904
9903
9903
9902
9901
9899
9898
9898
9897
9896
9895
9895
9894
9894
9893
9892
9890
9886
9886
9883
9882
9882
9881
9880
9878
9877
9877
9876
9876
9874
9873
9872
9870
9870
9867
9866
9865
9864
9862
9862
9861
9860
9859
9858
9858
9856
9853
9850
9848
9847
9846
9846
9845
9844
9842
9842
9841
9841
9837
9837
9836
9834
9830
9829
9829
9827
9826
9826
9824
9822
9820
9820
9817
9817
9816
9815
9815
9813
9813
9812
9811
9810
9810
9810
9808
9808
9807
9807
9806
9805
9805
9805
9802
9800
9798
9798
9797
9795
9792
9792
9790
9790
9789
9788
9788
9787
9782
9782
9782
9780
9778
9777
9777
9777
9776
9775
9775
9774
9772
9768
9767
9766
9765
9765
9763
9761
9761
9760
9760
9760
9760
9759
9759
9757
9757
9757
9756
9755
9755
9754
9754
9753
9752
9749
9746
9746
9744
9743
9741
9740
9740
9739
9738
9738
9738
9737
9737
9736
9734
9732
9731
9731
9729
9728
9725
9724
9724
9724
9723
9723
9723
9722
9722
9721
9719
9718
9718
9717
9715
9715
9715
9715
9714
9713
9711
9710
9709
9707
9706
9706
9705
9701
9701
9701
9700
9700
9700
9699
9698
9698
9696
9695
9693
9693
9692
9692
9688
9688
9686
9684
9684
9682
9681
9679
9679
9678
9678
9677
9677
9677
9675
9674
9674
9674
9672
9670
9670
9669
9669
9668
9666
9666
9664
9663
9663
9663
9662
9661
9659
9658
9658
9657
9655
9655
9654
9653
9653
9652
9652
9649
9647
9647
9646
9645
9645
9645
9642
9642
9642
9641
9641
9640
9640
9639
9638
9636
9636
9635
9634
9632
9630
9630
9629
9628
9627
9627
9627
9625
9623
9623
9621
9621
9620
9619
9618
9618
9616
9615
9615
9615
9614
9613
9613
9613
9610
9610
9609
9606
9606
9604
9604
9602
9601
9600
9600
9598
9597
9597
9597
9597
9596
9595
9595
9595
9594
9594
9594
9593
9590
9589
9589
9588
9588
9587
9586
9586
9585
9584
9583
9583
9582
9581
9581
9580
9579
9578
9578
9577
9576
9576
9575
9575
9573
9570
9567
9565
9564
9564
9563
9562
9561
9561
9560
9559
9557
9553
9552
9552
9551
9546
9544
9543
9542
9541
9539
9539
9538
9535
9534
9533
9533
9533
9531
9531
9527
9526
9526
9526
9525
9525
9524
9523
9522
9520
9520
9518
9517
9512
9510
9509
9508
9506
9505
9505
9504
9503
9500
9499
9499
9499
9498
9496
9493
9493
9493
9493
9493
9491
9490
9490
9489
9489
9488
9487
9487
9486
9486
9484
9481
9481
9481
9481
9479
9478
9478
9474
9473
9470
9469
9469
9468
9467
9465
9465
9464
9462
9461
9458
9458
9458
9457
9450
9449
9449
9448
9447
9447
9445
9444
9443
9442
9442
9442
9440
9439
9438
9437
9435
9435
9433
9433
9433
9433
9433
9432
9432
9431
9427
9426
9426
9425
9424
9423
9421
9421
9419
9418
9418
9418
9417
9417
9416
9416
9413
9413
9413
9413
9413
9412
9412
9412
9412
9411
9409
9409
9407
9404
9404
9403
9402
9402
9400
9400
9399
9398
9398
9397
9396
9396
9396
9395
9394
9394
9394
9392
9391
9390
9389
9389
9389
9387
9387
9386
9384
9383
9383
9383
9383
9382
9380
9380
9380
9380
9378
9378
9377
9377
9377
9376
9376
9374
9374
9374
9369
9368
9367
9367
9367
9363
9363
9362
9361
9359
9359
9357
9356
9356
9355
9353
9350
9349
9344
9344
9344
9341
9340
9337
9332
9332
9332
9331
9331
9331
9330
9328
9328
9324
9323
9322
9321
9321
9320
9317
9317
9316
9314
9313
9313
9312
9312
9309
9306
9306
9306
9305
9305
9304
9303
9303
9301
9298
9298
9298
9293
9292
9291
9291
9291
9289
9285
9284
9283
9283
9282
9281
9280
9279
9278
9276
9275
9275
9274
9272
9272
9271
9271
9270
9269
9265
9263
9263
9261
9261
9260
9260
9260
9259
9258
9258
9257
9257
9256
9253
9253
9253
9253
9253
9251
9251
9249
9249
9248
9248
9248
9247
9247
9247
9242
9241
9240
9237
9234
9234
9233
9232
9231
9230
9230
9229
9229
9229
9228
9228
9226
9225
9225
9224
9221
9221
9221
9219
9218
9216
9215
9214
9214
9214
9209
9209
9209
9206
9206
9206
9202
9200
9199
9198
9197
9197
9194
9192
9191
9190
9190
9188
9188
9186
9186
9182
9182
9182
9181
9179
9178
9176
9176
9175
9175
9172
9171
9171
9171
9169
9169
9168
9168
9167
9167
9166
9166
9165
9165
9165
9164
9163
9162
9160
9159
9159
9158
9157
9155
9154
9152
9151
9151
9148
9147
9147
9147
9145
9144
9144
9142
9142
9140
9138
9137
9137
9137
9136
9135
9134
9134
9133
9132
9132
9131
9130
9128
9128
9128
9128
9127
9126
9125
9124
9123
9122
9122
9118
9115
9115
9114
9112
9111
9111
9110
9109
9108
9107
9106
9105
9105
9105
9102
9102
9099
9097
9096
9096
9096
9094
9091
9091
9091
9090
9090
9088
9087
9085
9084
9084
9083
9083
9081
9076
9076
9072
9072
9068
9068
9067
9066
9065
9064
9063
9061
9059
9059
9059
9059
9059
9058
9057
9056
9055
9055
9054
9054
9053
9053
9052
9052
9051
9050
9050
9050
9048
9048
9046
9046
9045
9044
9043
9042
9040
9040
9039
9037
9037
9037
9036
9036
9034
9034
9034
9033
9033
9032
9032
9031
9031
9030
9029
9029
9028
9028
9028
9026
9025
9025
9025
9023
9023
9021
9020
9020
9019
9018
9016
9016
9015
9014
9013
9011
9011
9004
9003
8998
8998
8998
8997
8997
8994
8993
8992
8992
8992
8991
8989
8987
8987
8986
8984
8984
8984
8983
8983
8983
8983
8980
8980
8979
8978
8977
8977
8976
8975
8974
8970
8969
8969
8969
8967
8967
8967
8966
8965
8965
8965
8962
8962
8962
8959
8957
8957
8957
8956
8954
8954
8954
8954
8952
8950
8950
8949
8948
8945
8945
8944
8943
8943
8940
8940
8938
8936
8936
8936
8936
8936
8935
8933
8933
8932
8932
8931
8930
8928
8927
8927
8924
8924
8924
8922
8920
8918
8918
8918
8917
8917
8916
8916
8916
8914
8913
8912
8910
8910
8909
8903
8903
8903
8902
8902
8901
8901
8901
8900
8897
8896
8895
8894
8894
8891
8891
8891
8890
8889
8889
8889
8889
8888
8888
8887
8887
8887
8885
8884
8884
8884
8884
8883
8881
8881
8880
8880
8879
8879
8877
8875
8874
8872
8870
8869
8867
8867
8867
8866
8866
8864
8863
8862
8861
8861
8861
8857
8856
8854
8854
8852
8851
8851
8850
8847
8846
8846
8846
8846
8845
8844
8844
8844
8843
8843
8842
8842
8842
8842
8841
8841
8838
8837
8835
8835
8833
8829
8829
8827
8827
8826
8825
8825
8825
8823
8823
8823
8823
8822
8822
8821
8821
8819
8816
8814
8814
8814
8813
8813
8807
8806
8806
8806
8805
8805
8805
8803
8802
8801
8800
8800
8799
8799
8798
8797
8797
8796
8795
8795
8792
8792
8791
8788
8787
8786
8785
8784
8783
8781
8780
8779
8778
8778
8777
8777
8776
8776
8775
8775
8774
8774
8773
8772
8770
8769
8768
8767
8767
8765
8765
8764
8764
8761
8761
8761
8760
8757
8757
8756
8755
8754
8753
8753
8751
8751
8750
8748
8746
8746
8746
8745
8745
8744
8743
8743
8742
8742
8742
8741
8740
8740
8739
8738
8738
8736
8733
8733
8733
8732
8731
8731
8728
8728
8726
8725
8723
8722
8720
8720
8720
8719
8718
8717
8717
8716
8716
8716
8714
8712
8711
8710
8710
8709
8708
8708
8708
8708
8706
8706
8704
8703
8702
8701
8699
8696
8695
8695
8694
8693
8693
8692
8689
8686
8683
8682
8682
8682
8682
8680
8678
8678
8678
8676
8676
8676
8672
8672
8672
8672
8671
8671
8671
8670
8670
8670
8669
8669
8669
8667
8667
8665
8661
8660
8660
8658
8658
8656
8655
8654
8654
8653
8653
8651
8650
8649
8649
8649
8649
8648
8647
8646
8644
8643
8643
8643
8643
8643
8641
8640
8640
8638
8638
8635
8634
8633
8632
8629
8628
8627
8625
8624
8624
8621
8621
8620
8620
8620
8619
8617
8613
8611
8611
8608
8606
8605
8604
8604
8604
8604
8602
8602
8601
8600
8598
8594
8593
8592
8592
8591
8590
8590
8589
8586
8582
8581
8581
8580
8580
8578
8576
8576
8576
8575
8574
8573
8572
8571
8571
8570
8570
8570
8568
8567
8567
8567
8566
8566
8563
8560
8560
8559
8558
8556
8556
8555
8554
8554
8554
8553
8550
8549
8548
8548
8547
8545
8543
8539
8537
8536
8536
8534
8532
8532
8529
8529
8528
8528
8528
8527
8527
8526
8526
8523
8523
8522
8521
8521
8521
8520
8520
8519
8518
8517
8516
8515
8515
8515
8513
8512
8511
8511
8507
8507
8504
8503
8501
8497
8496
8495
8494
8493
8491
8490
8490
8489
8488
8484
8482
8480
8479
8479
8479
8478
8478
8478
8476
8475
8474
8474
8474
8473
8473
8472
8471
8470
8469
8468
8468
8467
8463
8462
8462
8461
8460
8458
8458
8456
8456
8456
8455
8454
8454
8452
8450
8448
8448
8447
8447
8446
8444
8444
8441
8439
8438
8437
8436
8435
8435
8433
8432
8432
8430
8429
8429
8429
8426
8425
8423
8421
8420
8420
8419
8419
8419
8419
8418
8418
8416
8415
8411
8410
8409
8409
8408
8408
8407
8406
8404
8403
8403
8402
8401
8401
8401
8400
8399
8399
8399
8398
8397
8397
8397
8396
8396
8396
8395
8394
8392
8390
8390
8389
8388
8387
8386
8385
8383
8381
8380
8377
8376
8375
8374
8374
8373
8373
8372
8371
8371
8371
8371
8370
8369
8369
8369
8368
8368
8368
8367
8366
8365
8364
8364
8363
8363
8363
8362
8362
8361
8360
8357
8357
8356
8356
8356
8355
8354
8354
8354
8353
8352
8352
8351
8351
8350
8348
8347
8346
8346
8345
8344
8344
8343
8343
8343
8340
8340
8340
8339
8339
8339
8337
8332
8331
8331
8331
8330
8330
8329
8327
8327
8326
8325
8325
8325
8324
8322
8321
8320
8319
8318
8318
8317
8316
8314
8314
8312
8312
8309
8309
8308
8306
8305
8305
8305
8303
8299
8297
8293
8292
8291
8291
8291
8289
8287
8285
8285
8285
8283
8282
8281
8281
8280
8279
8277
8277
8275
8274
8274
8273
8271
8271
8270
8269
8268
8267
8267
8267
8264
8263
8263
8261
8260
8260
8259
8256
8253
8252
8252
8251
8251
8250
8249
8249
8248
8247
8247
8245
8243
8242
8241
8241
8241
8238
8238
8238
8237
8237
8237
8236
8235
8234
8234
8233
8233
8232
8232
8230
8230
8230
8228
8226
8226
8226
8224
8223
8222
8221
8219
8218
8217
8216
8215
8214
8213
8213
8212
8212
8211
8210
8210
8209
8209
8206
8205
8205
8204
8202
8201
8199
8198
8196
8193
8192
8192
8192
8191
8190
8189
8189
8188
8187
8186
8184
8182
8181
8179
8179
8178
8177
8176
8176
8173
8173
8173
8172
8172
8170
8168
8168
8167
8167
8167
8167
8166
8166
8164
8164
8164
8162
8162
8160
8159
8158
8157
8157
8156
8156
8156
8156
8154
8154
8153
8153
8148
8148
8146
8145
8143
8143
8141
8141
8139
8138
8137
8136
8134
8134
8133
8132
8131
8128
8128
8127
8126
8125
8125
8123
8123
8121
8121
8121
8121
8120
8116
8115
8113
8113
8108
8107
8106
8106
8106
8106
8105
8105
8103
8103
8102
8100
8099
8098
8098
8097
8097
8097
8094
8091
8085
8080
8079
8075
8075
8075
8075
8071
8069
8068
8067
8067
8067
8066
8065
8063
8062
8062
8059
8058
8058
8058
8055
8055
8054
8051
8051
8050
8049
8047
8046
8045
8045
8043
8043
8042
8042
8042
8041
8040
8039
8037
8036
8036
8036
8036
8033
8033
8033
8031
8030
8027
8027
8026
8025
8025
8024
8023
8021
8020
8020
8018
8018
8017
8017
8017
8014
8012
8010
8008
8007
8006
8005
8003
8003
8003
8002
8001
8000
7999
7999
7998
7998
7998
7996
7994
7994
7992
7992
7989
7989
7988
7987
7986
7986
7985
7985
7984
7984
7983
7983
7982
7980
7980
7979
7979
7978
7978
7978
7977
7976
7976
7974
7973
7971
7970
7969
7967
7967
7965
7963
7961
7959
7959
7958
7958
7956
7954
7953
7953
7953
7952
7951
7950
7949
7949
7948
7948
7948
7947
7946
7946
7944
7942
7941
7940
7940
7940
7939
7937
7936
7936
7935
7934
7934
7934
7933
7931
7931
7930
7921
7919
7915
7915
7914
7911
7910
7910
7910
7909
7908
7906
7904
7904
7903
7902
7901
7899
7899
7898
7897
7895
7895
7893
7893
7893
7892
7892
7892
7890
7889
7887
7886
7885
7885
7883
7881
7880
7879
7877
7877
7877
7877
7876
7876
7875
7875
7873
7873
7871
7869
7868
7868
7868
7867
7867
7866
7866
7866
7864
7864
7864
7864
7863
7862
7862
7861
7859
7855
7853
7853
7852
7850
7850
7849
7847
7845
7844
7842
7842
7841
7840
7839
7838
7838
7837
7837
7837
7836
7833
7832
7831
7830
7829
7829
7827
7826
7825
7825
7822
7821
7820
7820
7818
7817
7816
7816
7815
7814
7814
7812
7809
7809
7808
7807
7807
7806
7806
7805
7803
7803
7802
7800
7800
7799
7798
7798
7794
7793
7793
7793
7791
7791
7788
7787
7787
7786
7785
7784
7784
7782
7780
7780
7780
7778
7776
7776
7774
7774
7769
7767
7766
7764
7761
7759
7759
7758
7756
7754
7753
7753
7752
7752
7752
7751
7750
7749
7746
7746
7746
7746
7745
7744
7744
7744
7742
7742
7741
7740
7739
7739
7737
7736
7736
7733
7731
7731
7731
7730
7730
7729
7729
7728
7728
7726
7726
7725
7723
7723
7722
7721
7718
7717
7715
7715
7714
7713
7712
7711
7709
7709
7709
7708
7707
7706
7706
7704
7703
7699
7698
7697
7696
7695
7695
7693
7693
7693
7692
7691
7690
7690
7688
7686
7686
7686
7685
7684
7684
7684
7683
7683
7682
7682
7681
7681
7680
7679
7678
7678
7677
7675
7675
7674
7673
7673
7670
7668
7667
7667
7665
7665
7665
7662
7662
7662
7662
7661
7659
7658
7658
7658
7658
7658
7656
7656
7655
7654
7652
7652
7652
7652
7651
7648
7648
7648
7647
7647
7647
7646
7646
7645
7643
7643
7641
7638
7636
7636
7635
7633
7631
7631
7630
7629
7628
7627
7624
7624
7622
7622
7619
7619
7618
7618
7617
7616
7615
7615
7615
7615
7615
7613
7612
7607
7607
7605
7605
7605
7605
7605
7604
7604
7603
7598
7598
7597
7597
7596
7595
7594
7593
7591
7590
7588
7587
7585
7585
7582
7581
7580
7580
7575
7573
7572
7572
7570
7568
7565
7565
7561
7561
7559
7556
7556
7556
7555
7555
7555
7555
7554
7553
7551
7550
7549
7548
7548
7546
7544
7538
7536
7535
7535
7535
7535
7533
7532
7532
7532
7531
7531
7531
7531
7531
7529
7529
7528
7525
7524
7523
7523
7521
7520
7520
7518
7516
7514
7514
7511
7511
7510
7510
7510
7510
7510
7510
7509
7509
7509
7508
7506
7505
7504
7502
7502
7501
7500
7500
7499
7498
7497
7491
7491
7490
7488
7488
7488
7487
7487
7487
7486
7485
7485
7485
7484
7483
7482
7481
7480
7480
7479
7479
7479
7478
7476
7475
7475
7475
7475
7473
7472
7471
7471
7470
7469
7468
7467
7464
7463
7462
7462
7460
7460
7458
7456
7456
7456
7455
7454
7454
7452
7451
7451
7451
7447
7447
7446
7446
7444
7442
7442
7441
7440
7440
7440
7438
7436
7436
7434
7431
7431
7431
7429
7429
7427
7426
7423
7421
7421
7421
7421
7420
7419
7419
7419
7418
7417
7413
7413
7413
7412
7412
7410
7410
7409
7409
7405
7404
7404
7404
7403
7402
7402
7402
7400
7400
7399
7399
7399
7399
7399
7396
7392
7391
7390
7390
7386
7383
7382
7382
7382
7382
7381
7380
7380
7378
7378
7376
7376
7375
7375
7374
7373
7373
7373
7371
7367
7366
7365
7363
7362
7362
7360
7360
7359
7359
7359
7358
7357
7354
7354
7353
7352
7352
7349
7348
7348
7347
7347
7345
7345
7345
7344
7343
7341
7340
7340
7338
7338
7335
7334
7332
7331
7330
7328
7326
7326
7325
7325
7324
7323
7322
7321
7321
7321
7319
7319
7318
7318
7317
7317
7316
7314
7313
7311
7311
7310
7308
7308
7305
7303
7303
7302
7301
7299
7298
7298
7298
7298
7297
7296
7296
7296
7295
7290
7288
7285
7281
7280
7277
7277
7276
7275
7270
7268
7266
7264
7262
7261
7260
7259
7258
7257
7257
7257
7256
7256
7256
7253
7250
7249
7247
7247
7247
7245
7244
7244
7244
7240
7239
7234
7233
7230
7229
7229
7228
7228
7227
7227
7226
7224
7224
7219
7217
7216
7215
7215
7215
7214
7213
7213
7211
7211
7210
7207
7204
7204
7202
7201
7200
7198
7198
7196
7196
7195
7194
7194
7194
7192
7191
7188
7182
7182
7182
7181
7180
7180
7179
7176
7176
7176
7176
7172
7171
7169
7167
7166
7165
7163
7159
7159
7159
7158
7158
7158
7157
7155
7155
7154
7154
7153
7152
7152
7152
7150
7150
7149
7146
7145
7143
7142
7142
7137
7137
7136
7135
7134
7132
7130
7129
7125
7122
7122
7121
7120
7118
7117
7117
7114
7112
7112
7111
7108
7106
7104
7103
7100
7100
7099
7097
7097
7097
7096
7095
7094
7093
7093
7093
7092
7091
7091
7091
7091
7090
7089
7089
7088
7088
7087
7086
7086
7085
7085
7085
7083
7082
7082
7082
7081
7079
7079
7077
7075
7075
7074
7074
7074
7072
7072
7071
7069
7068
7067
7066
7062
7062
7061
7058
7058
7057
7056
7054
7054
7053
7053
7051
7050
7048
7048
7048
7046
7046
7044
7044
7044
7042
7041
7039
7036
7035
7035
7033
7032
7030
7029
7029
7025
7025
7024
7021
7021
7021
7020
7019
7019
7019
7019
7018
7018
7016
7014
7009
7009
7008
7007
7006
7004
7003
7003
7003
7002
7001
7001
7000
6999
6998
6996
6994
6991
6990
6990
6990
6989
6988
6987
6987
6987
6986
6983
6983
6983
6982
6982
6980
6980
6980
6979
6978
6978
6975
6975
6974
6974
6973
6972
6971
6971
6971
6970
6970
6968
6965
6965
6963
6962
6962
6960
6958
6957
6953
6953
6952
6951
6950
6949
6944
6944
6944
6941
6940
6937
6936
6936
6934
6933
6933
6933
6928
6928
6928
6928
6927
6927
6926
6925
6925
6921
6921
6920
6920
6919
6919
6918
6917
6914
6912
6912
6909
6909
6905
6905
6903
6903
6903
6900
6900
6899
6899
6899
6898
6898
6898
6898
6898
6897
6897
6895
6894
6892
6888
6885
6883
6882
6882
6882
6882
6881
6881
6880
6879
6879
6878
6878
6877
6876
6875
6874
6873
6873
6871
6871
6871
6870
6870
6870
6870
6868
6868
6868
6867
6866
6866
6866
6866
6864
6862
6862
6861
6860
6859
6859
6858
6855
6855
6854
6853
6852
6852
6852
6851
6851
6850
6843
6842
6840
6840
6839
6838
6838
6837
6837
6837
6836
6835
6835
6835
6835
6835
6835
6834
6834
6833
6833
6831
6829
6829
6829
6829
6828
6828
6827
6826
6826
6826
6824
6824
6822
6821
6816
6816
6816
6815
6815
6813
6809
6807
6804
6804
6803
6800
6800
6800
6798
6797
6796
6796
6796
6795
6795
6793
6793
6791
6791
6791
6787
6787
6785
6783
6782
6779
6778
6777
6776
6775
6774
6774
6772
6772
6771
6769
6769
6768
6766
6763
6763
6761
6761
6761
6761
6760
6760
6759
6757
6757
6755
6755
6754
6754
6754
6753
6753
6750
6749
6748
6747
6746
6743
6741
6741
6741
6739
6738
6738
6735
6733
6732
6732
6731
6730
6728
6728
6728
6728
6725
6723
6722
6720
6720
6719
6719
6715
6715
6712
6711
6710
6710
6709
6709
6708
6706
6705
6705
6703
6700
6699
6698
6693
6691
6688
6688
6688
6686
6684
6683
6683
6682
6681
6681
6681
6680
6680
6679
6676
6674
6674
6670
6669
6667
6666
6666
6666
6665
6664
6663
6658
6658
6655
6655
6652
6652
6651
6650
6650
6648
6646
6644
6641
6641
6641
6639
6639
6638
6638
6637
6636
6635
6635
6634
6633
6632
6632
6628
6627
6627
6626
6625
6625
6622
6621
6621
6620
6619
6618
6617
6616
6616
6614
6611
6611
6611
6611
6608
6607
6605
6605
6604
6604
6604
6604
6603
6603
6601
6601
6601
6598
6598
6595
6593
6593
6592
6592
6592
6591
6588
6588
6587
6586
6586
6586
6586
6585
6585
6584
6583
6583
6582
6582
6582
6580
6580
6579
6576
6576
6576
6573
6572
6571
6568
6568
6568
6568
6567
6567
6566
6566
6564
6563
6562
6560
6557
6556
6556
6555
6555
6554
6554
6552
6551
6550
6550
6549
6549
6548
6547
6545
6545
6544
6542
6542
6541
6540
6539
6539
6537
6537
6537
6536
6534
6533
6533
6530
6528
6528
6528
6525
6525
6523
6522
6522
6520
6519
6518
6517
6515
6515
6514
6513
6510
6509
6508
6507
6507
6506
6505
6502
6499
6498
6498
6498
6494
6492
6489
6489
6489
6489
6488
6488
6485
6484
6479
6479
6477
6475
6474
6471
6470
6469
6469
6469
6468
6468
6467
6465
6463
6462
6461
6461
6460
6459
6458
6458
6458
6457
6455
6453
6452
6451
6449
6446
6446
6442
6440
6439
6439
6437
6434
6433
6432
6432
6430
6430
6429
6429
6429
6428
6427
6424
6424
6423
6422
6421
6420
6419
6418
6416
6415
6413
6413
6412
6412
6411
6410
6409
6409
6409
6409
6409
6408
6407
6406
6404
6404
6403
6403
6402
6400
6399
6399
6398
6396
6395
6394
6392
6392
6391
6390
6388
6388
6387
6386
6386
6385
6385
6385
6383
6382
6381
6381
6380
6379
6378
6376
6374
6374
6374
6372
6370
6370
6369
6367
6367
6366
6359
6357
6357
6353
6352
6351
6351
6350
6349
6347
6346
6344
6344
6343
6343
6342
6342
6341
6340
6339
6339
6336
6333
6331
6330
6329
6329
6328
6327
6326
6325
6322
6320
6319
6319
6318
6318
6316
6314
6314
6311
6310
6310
6309
6309
6308
6308
6307
6305
6304
6304
6304
6304
6303
6302
6301
6301
6301
6300
6300
6297
6296
6296
6295
6295
6295
6294
6293
6293
6292
6291
6288
6287
6287
6287
6286
6285
6284
6284
6283
6283
6282
6282
6282
6280
6280
6276
6275
6274
6272
6271
6271
6268
6265
6264
6260
6260
6259
6259
6258
6258
6254
6252
6251
6248
6247
6247
6244
6243
6243
6242
6239
6234
6234
6234
6231
6229
6229
6228
6227
6226
6225
6222
6222
6220
6218
6216
6215
6215
6215
6214
6214
6214
6212
6210
6207
6207
6207
6206
6206
6205
6205
6205
6204
6203
6202
6199
6198
6194
6193
6193
6193
6191
6190
6189
6188
6188
6187
6186
6186
6186
6186
6185
6185
6182
6179
6178
6177
6177
6177
6176
6175
6175
6175
6175
6175
6174
6172
6171
6169
6169
6168
6167
6166
6165
6165
6165
6164
6162
6161
6159
6158
6156
6156
6156
6152
6152
6150
6149
6146
6145
6144
6143
6142
6139
6139
6138
6137
6135
6134
6132
6131
6131
6131
6131
6130
6129
6128
6128
6125
6125
6125
6125
6124
6123
6122
6119
6115
6114
6113
6113
6113
6112
6106
6105
6102
6102
6101
6096
6096
6096
6096
6094
6094
6093
6090
6088
6087
6087
6087
6085
6085
6083
6081
6081
6081
6081
6080
6079
6079
6076
6076
6076
6075
6075
6074
6073
6073
6070
6070
6068
6066
6066
6066
6065
6065
6064
6064
6064
6063
6062
6056
6056
6056
6055
6055
6054
6053
6053
6050
6049
6048
6046
6045
6044
6044
6043
6043
6042
6042
6041
6041
6039
6038
6038
6037
6034
6033
6031
6030
6028
6028
6027
6026
6024
6023
6022
6022
6021
6011
6009
6009
6007
6004
6003
6001
6001
5998
5998
5995
5995
5991
5988
5988
5987
5987
5986
5985
5985
5985
5984
5983
5982
5982
5981
5981
5978
5978
5977
5977
5976
5975
5974
5972
5972
5972
5970
5968
5965
5964
5960
5957
5957
5953
5952
5951
5951
5951
5949
5949
5948
5947
5947
5947
5945
5942
5942
5941
5940
5939
5938
5936
5935
5934
5934
5932
5931
5930
5927
5927
5926
5925
5925
5923
5923
5922
5921
5918
5918
5917
5916
5915
5915
5914
5914
5914
5912
5911
5910
5910
5910
5910
5910
5910
5908
5905
5905
5903
5901
5901
5901
5900
5900
5900
5900
5899
5899
5897
5896
5893
5893
5891
5890
5888
5888
5887
5886
5886
5884
5884
5883
5882
5882
5881
5880
5879
5879
5876
5875
5874
5867
5867
5867
5867
5867
5865
5865
5865
5864
5864
5863
5862
5862
5862
5861
5860
5860
5855
5854
5854
5853
5852
5851
5850
5850
5849
5847
5844
5843
5842
5841
5840
5840
5839
5838
5838
5837
5837
5837
5836
5835
5833
5833
5833
5832
5831
5830
5829
5828
5826
5826
5824
5822
5822
5822
5821
5821
5819
5818
5817
5816
5816
5815
5815
5814
5814
5810
5809
5808
5807
5806
5806
5806
5806
5804
5804
5803
5801
5801
5801
5800
5799
5797
5796
5794
5794
5791
5791
5791
5790
5789
5788
5787
5786
5785
5783
5782
5781
5781
5778
5777
5775
5773
5772
5771
5769
5769
5767
5767
5767
5766
5766
5764
5761
5759
5757
5756
5756
5754
5750
5750
5745
5744
5744
5743
5743
5741
5741
5740
5738
5738
5738
5738
5737
5737
5737
5737
5736
5735
5731
5731
5730
5730
5728
5728
5727
5724
5723
5723
5722
5722
5722
5721
5718
5718
5717
5716
5715
5715
5713
5712
5710
5709
5708
5708
5705
5704
5704
5704
5704
5703
5703
5702
5702
5701
5699
5697
5695
5695
5693
5693
5692
5692
5690
5690
5687
5686
5686
5682
5681
5681
5681
5681
5678
5678
5678
5678
5677
5676
5674
5671
5669
5669
5667
5666
5666
5665
5664
5664
5663
5663
5663
5661
5661
5660
5657
5657
5655
5653
5649
5647
5647
5647
5645
5644
5644
5644
5643
5642
5642
5640
5638
5637
5636
5635
5634
5634
5632
5631
5631
5631
5630
5629
5628
5627
5626
5626
5625
5625
5625
5623
5622
5622
5621
5619
5616
5616
5615
5614
5613
5612
5610
5609
5605
5605
5605
5605
5604
5603
5603
5601
5601
5599
5599
5598
5597
5597
5597
5596
5595
5593
5593
5593
5589
5587
5586
5586
5585
5585
5585
5583
5582
5582
5580
5580
5579
5575
5575
5575
5575
5572
5572
5572
5572
5570
5569
5569
5567
5566
5565
5562
5562
5559
5559
5558
5558
5557
5555
5554
5554
5552
5552
5551
5548
5545
5544
5543
5542
5541
5540
5540
5539
5538
5538
5537
5537
5536
5536
5535
5532
5531
5526
5525
5524
5523
5521
5520
5519
5513
5511
5511
5511
5509
5507
5507
5506
5504
5503
5503
5500
5500
5499
5498
5496
5496
5496
5493
5493
5492
5491
5491
5491
5489
5488
5487
5484
5481
5478
5477
5476
5475
5475
5473
5473
5473
5473
5469
5468
5468
5468
5467
5466
5464
5464
5462
5462
5461
5461
5461
5459
5458
5455
5454
5453
5453
5453
5452
5452
5451
5451
5451
5449
5448
5446
5445
5444
5442
5442
5441
5441
5440
5440
5438
5438
5437
5437
5437
5437
5433
5433
5433
5432
5432
5430
5430
5430
5429
5429
5428
5426
5424
5420
5419
5419
5418
5418
5418
5417
5416
5416
5416
5415
5413
5412
5412
5412
5412
5409
5406
5405
5400
5399
5397
5397
5396
5393
5392
5392
5391
5391
5391
5391
5390
5390
5388
5386
5386
5385
5384
5383
5382
5382
5380
5380
5380
5379
5377
5376
5375
5373
5372
5372
5371
5370
5370
5370
5369
5367
5365
5365
5365
5365
5364
5362
5361
5361
5359
5357
5357
5357
5356
5355
5351
5350
5348
5348
5348
5348
5347
5347
5344
5341
5341
5339
5339
5337
5337
5336
5335
5334
5332
5331
5331
5330
5330
5330
5329
5327
5327
5324
5323
5323
5323
5322
5318
5317
5317
5316
5316
5315
5314
5313
5312
5311
5309
5308
5307
5307
5307
5306
5305
5305
5304
5303
5303
5303
5303
5303
5298
5296
5296
5295
5295
5292
5290
5289
5288
5286
5281
5280
5276
5273
5272
5272
5270
5270
5269
5268
5265
5265
5264
5263
5263
5262
5261
5261
5260
5260
5259
5259
5258
5257
5257
5257
5255
5254
5252
5252
5251
5249
5247
5247
5247
5246
5243
5243
5243
5241
5240
5239
5239
5236
5235
5235
5235
5234
5232
5230
5230
5230
5229
5229
5229
5229
5228
5226
5226
5224
5224
5223
5222
5221
5221
5219
5219
5218
5215
5215
5214
5214
5212
5211
5211
5211
5210
5210
5209
5208
5208
5206
5206
5205
5204
5204
5203
5202
5202
5200
5199
5199
5197
5196
5196
5194
5192
5192
5192
5189
5189
5189
5189
5189
5186
5186
5186
5184
5184
5183
5182
5181
5181
5179
5178
5176
5175
5174
5172
5171
5171
5170
5169
5169
5168
5168
5167
5167
5166
5166
5164
5163
5162
5161
5161
5161
5160
5159
5159
5159
5157
5157
5157
5155
5155
5155
5154
5153
5152
5152
5151
5150
5149
5149
5146
5146
5145
5144
5144
5144
5143
5143
5142
5141
5139
5139
5139
5138
5136
5133
5133
5130
5129
5128
5127
5124
5124
5123
5123
5123
5121
5121
5119
5117
5116
5116
5114
5113
5110
5110
5108
5108
5106
5106
5105
5103
5100
5097
5097
5097
5096
5096
5096
5095
5090
5090
5089
5089
5087
5087
5086
5086
5085
5084
5084
5084
5083
5082
5082
5082
5081
5080
5080
5080
5080
5078
5078
5078
5076
5075
5075
5073
5071
5071
5070
5069
5069
5067
5067
5067
5067
5064
5063
5063
5062
5062
5062
5059
5059
5056
5054
5051
5050
5050
5050
5049
5049
5049
5048
5048
5047
5047
5044
5044
5041
5041
5041
5041
5040
5040
5040
5038
5038
5038
5037
5036
5035
5034
5034
5033
5033
5030
5030
5029
5029
5029
5027
5026
5024
5024
5024
5023
5022
5020
5020
5018
5017
5017
5015
5015
5012
5012
5009
5009
5009
5009
5009
5008
5008
5007
5007
5007
5006
5006
5006
5005
5005
5005
5005
5004
5004
5002
5002
4998
4997
4997
4997
4996
4995
4993
4991
4991
4987
4987
4986
4986
4985
4985
4985
4985
4983
4983
4980
4979
4977
4974
4971
4970
4969
4968
4968
4967
4965
4964
4964
4964
4963
4962
4960
4960
4959
4958
4958
4957
4957
4956
4955
4953
4951
4947
4947
4947
4945
4944
4944
4943
4943
4942
4940
4938
4936
4936
4935
4932
4931
4931
4928
4928
4927
4927
4925
4925
4924
4922
4922
4920
4919
4919
4918
4917
4917
4917
4914
4914
4913
4913
4910
4905
4902
4901
4900
4899
4899
4899
4895
4894
4894
4894
4894
4892
4891
4890
4890
4889
4885
4883
4883
4882
4879
4878
4878
4878
4876
4876
4876
4874
4873
4873
4871
4870
4869
4869
4868
4866
4866
4862
4862
4859
4859
4859
4855
4855
4855
4854
4854
4853
4851
4851
4850
4849
4847
4846
4844
4839
4838
4837
4837
4835
4834
4830
4828
4826
4826
4825
4824
4820
4819
4816
4816
4816
4815
4814
4814
4813
4812
4810
4809
4808
4808
4806
4806
4806
4806
4805
4801
4801
4801
4799
4799
4798
4798
4795
4794
4792
4791
4791
4790
4789
4788
4787
4787
4786
4786
4785
4784
4784
4782
4780
4780
4779
4778
4778
4777
4775
4775
4771
4771
4771
4767
4766
4766
4765
4765
4765
4764
4764
4763
4761
4759
4756
4755
4755
4753
4753
4748
4748
4748
4748
4748
4748
4746
4745
4743
4743
4742
4742
4742
4742
4741
4740
4739
4739
4738
4738
4737
4735
4734
4733
4733
4731
4730
4730
4729
4728
4727
4727
4727
4727
4726
4725
4725
4720
4719
4718
4717
4715
4713
4713
4710
4708
4708
4707
4707
4706
4705
4704
4704
4703
4700
4700
4700
4699
4699
4698
4698
4698
4697
4697
4697
4696
4694
4689
4688
4687
4686
4686
4685
4683
4683
4682
4682
4681
4681
4681
4679
4678
4678
4677
4677
4674
4672
4671
4670
4670
4669
4669
4668
4667
4667
4666
4665
4665
4665
4664
4663
4661
4661
4661
4661
4659
4657
4657
4657
4656
4656
4656
4655
4654
4654
4653
4652
4652
4651
4648
4648
4647
4646
4646
4645
4645
4644
4644
4644
4643
4643
4642
4642
4641
4641
4639
4638
4637
4636
4636
4634
4632
4632
4632
4631
4630
4630
4629
4627
4626
4626
4625
4624
4622
4621
4619
4618
4618
4618
4617
4616
4615
4615
4615
4611
4611
4609
4607
4607
4605
4603
4602
4601
4599
4599
4598
4597
4596
4596
4594
4594
4594
4593
4589
4589
4589
4588
4588
4584
4584
4583
4581
4579
4578
4577
4576
4575
4575
4573
4573
4571
4571
4571
4571
4566
4566
4565
4565
4565
4564
4562
4560
4560
4560
4560
4560
4560
4559
4558
4557
4556
4552
4551
4551
4549
4549
4548
4548
4546
4546
4545
4545
4544
4544
4543
4542
4541
4539
4537
4535
4534
4534
4534
4534
4532
4531
4529
4528
4527
4527
4526
4526
4524
4521
4520
4519
4519
4519
4519
4516
4515
4514
4513
4513
4513
4512
4512
4511
4511
4510
4510
4508
4508
4507
4506
4505
4504
4504
4502
4501
4501
4501
4499
4497
4496
4496
4495
4495
4493
4492
4492
4491
4491
4490
4489
4489
4487
4487
4487
4486
4486
4484
4480
4480
4479
4478
4477
4476
4474
4474
4473
4473
4472
4472
4471
4469
4467
4466
4465
4465
4464
4462
4462
4459
4459
4458
4457
4457
4457
4454
4453
4451
4450
4449
4447
4446
4445
4443
4443
4440
4440
4439
4438
4438
4436
4434
4427
4426
4426
4425
4425
4423
4423
4423
4422
4419
4417
4416
4416
4416
4415
4415
4412
4410
4410
4410
4410
4408
4408
4407
4407
4406
4400
4400
4399
4397
4397
4396
4396
4396
4395
4395
4394
4393
4392
4391
4390
4389
4389
4389
4388
4388
4385
4385
4385
4385
4384
4382
4382
4381
4381
4380
4378
4378
4378
4377
4375
4375
4375
4375
4374
4372
4372
4371
4370
4370
4369
4367
4367
4365
4364
4363
4362
4361
4360
4360
4360
4358
4355
4355
4353
4353
4351
4350
4350
4350
4347
4347
4347
4347
4346
4345
4345
4344
4343
4342
4339
4339
4338
4338
4337
4336
4335
4335
4334
4333
4333
4333
4331
4330
4329
4327
4326
4318
4317
4315
4315
4314
4314
4313
4310
4309
4307
4306
4306
4306
4306
4305
4303
4302
4301
4300
4299
4299
4297
4297
4296
4296
4296
4296
4295
4294
4294
4291
4291
4290
4290
4289
4288
4287
4287
4286
4286
4285
4284
4283
4281
4280
4280
4278
4276
4276
4276
4276
4275
4273
4273
4272
4272
4271
4270
4270
4270
4268
4268
4267
4267
4267
4266
4265
4265
4264
4260
4257
4256
4256
4256
4256
4256
4255
4253
4252
4252
4252
4250
4250
4246
4245
4244
4242
4240
4240
4239
4238
4238
4237
4236
4235
4234
4234
4233
4230
4230
4229
4229
4229
4226
4225
4225
4225
4224
4222
4220
4219
4219
4218
4214
4214
4214
4212
4210
4210
4208
4206
4205
4205
4204
4203
4201
4200
4197
4197
4195
4193
4193
4192
4191
4190
4189
4189
4187
4187
4186
4186
4185
4184
4182
4181
4180
4180
4180
4179
4178
4177
4177
4174
4172
4172
4172
4171
4170
4170
4169
4168
4167
4166
4165
4164
4162
4159
4158
4156
4155
4154
4154
4153
4151
4151
4151
4150
4149
4147
4145
4144
4140
4139
4138
4137
4137
4135
4132
4131
4131
4131
4130
4128
4127
4126
4126
4126
4124
4124
4124
4123
4122
4121
4121
4121
4119
4117
4116
4115
4114
4114
4113
4111
4110
4109
4109
4108
4106
4105
4103
4103
4102
4101
4101
4100
4099
4099
4096
4096
4096
4095
4094
4093
4092
4089
4085
4084
4083
4083
4083
4082
4082
4082
4082
4081
4081
4079
4079
4077
4077
4077
4075
4073
4072
4071
4071
4070
4069
4068
4068
4068
4068
4068
4067
4066
4066
4065
4065
4065
4065
4065
4062
4060
4057
4055
4055
4054
4052
4051
4051
4051
4050
4048
4046
4046
4045
4045
4045
4042
4042
4042
4041
4041
4040
4039
4037
4036
4035
4035
4033
4033
4033
4031
4029
4028
4024
4024
4023
4023
4022
4022
4021
4021
4020
4020
4020
4019
4019
4019
4018
4017
4012
4011
4010
4010
4009
4006
4006
4003
4001
4001
4000
4000
3997
3997
3997
3997
3995
3994
3994
3993
3993
3993
3992
3991
3991
3990
3990
3988
3988
3987
3986
3985
3985
3985
3983
3982
3980
3979
3977
3973
3973
3972
3969
3965
3965
3965
3963
3961
3961
3960
3960
3960
3959
3958
3958
3957
3956
3956
3956
3955
3955
3954
3950
3950
3949
3948
3948
3947
3947
3945
3944
3943
3941
3940
3940
3940
3937
3936
3936
3934
3934
3934
3931
3931
3930
3930
3928
3926
3925
3923
3922
3921
3920
3919
3918
3916
3916
3915
3914
3912
3912
3909
3909
3908
3908
3907
3905
3904
3902
3902
3902
3902
3901
3900
3898
3896
3895
3895
3894
3893
3891
3889
3889
3888
3887
3885
3884
3884
3878
3878
3877
3876
3875
3874
3869
3869
3868
3867
3867
3867
3866
3866
3866
3863
3862
3861
3860
3860
3857
3855
3855
3854
3854
3854
3852
3851
3848
3847
3846
3846
3845
3845
3844
3843
3843
3840
3836
3836
3835
3835
3834
3833
3833
3833
3832
3831
3831
3829
3828
3827
3826
3825
3825
3825
3822
3821
3821
3820
3820
3820
3816
3816
3815
3814
3813
3813
3813
3812
3800
3800
3800
3799
3799
3798
3797
3795
3794
3794
3791
3791
3790
3790
3789
3789
3788
3788
3786
3784
3783
3781
3779
3778
3774
3773
3773
3769
3768
3768
3764
3764
3763
3762
3762
3761
3761
3760
3758
3757
3755
3754
3754
3754
3754
3754
3752
3752
3748
3746
3743
3743
3743
3738
3738
3737
3736
3736
3733
3733
3731
3730
3727
3725
3725
3723
3717
3716
3715
3715
3715
3713
3710
3708
3707
3707
3705
3704
3703
3703
3703
3703
3703
3701
3701
3700
3700
3699
3698
3696
3696
3695
3694
3694
3693
3689
3688
3688
3687
3686
3684
3684
3683
3682
3682
3681
3681
3681
3680
3678
3677
3677
3677
3676
3675
3674
3668
3668
3667
3666
3663
3663
3662
3661
3661
3661
3660
3660
3660
3660
3660
3660
3660
3658
3657
3656
3655
3654
3653
3650
3649
3648
3648
3648
3648
3648
3647
3647
3646
3645
3644
3642
3635
3635
3633
3633
3631
3630
3630
3630
3629
3629
3628
3626
3625
3625
3625
3623
3622
3619
3619
3618
3617
3612
3611
3611
3610
3608
3608
3608
3607
3607
3606
3605
3605
3604
3601
3601
3601
3601
3600
3600
3600
3600
3597
3593
3593
3593
3591
3590
3590
3588
3586
3586
3586
3584
3579
3577
3577
3576
3574
3573
3573
3572
3572
3571
3570
3570
3570
3568
3568
3568
3564
3563
3562
3562
3561
3560
3560
3560
3558
3558
3557
3556
3556
3555
3553
3553
3553
3553
3553
3551
3551
3548
3548
3547
3546
3546
3545
3544
3543
3541
3541
3541
3540
3540
3538
3535
3533
3533
3532
3531
3531
3530
3529
3527
3523
3522
3522
3519
3519
3517
3515
3515
3513
3511
3507
3506
3505
3503
3502
3500
3497
3497
3495
3492
3491
3490
3490
3489
3489
3487
3484
3483
3482
3481
3480
3480
3480
3479
3479
3479
3479
3478
3477
3476
3476
3474
3472
3471
3471
3471
3468
3468
3468
3468
3467
3466
3465
3465
3462
3462
3461
3460
3459
3459
3458
3457
3456
3455
3455
3455
3452
3452
3452
3452
3450
3447
3447
3446
3446
3443
3443
3443
3443
3441
3440
3438
3438
3438
3438
3437
3437
3434
3434
3434
3433
3433
3430
3430
3429
3427
3427
3426
3426
3426
3425
3423
3418
3417
3415
3415
3415
3414
3414
3413
3412
3412
3411
3409
3409
3408
3408
3407
3406
3403
3402
3401
3401
3398
3398
3397
3397
3395
3393
3393
3393
3391
3387
3387
3386
3384
3383
3382
3379
3379
3375
3374
3373
3372
3372
3371
3369
3368
3367
3366
3365
3364
3362
3360
3360
3360
3359
3359
3357
3356
3356
3355
3355
3350
3349
3349
3347
3345
3343
3342
3341
3340
3339
3338
3337
3337
3337
3336
3335
3334
3333
3333
3331
3331
3331
3331
3329
3326
3325
3323
3323
3322
3321
3321
3320
3319
3319
3316
3316
3316
3313
3311
3311
3310
3310
3310
3309
3305
3304
3304
3303
3303
3302
3301
3301
3301
3300
3298
3298
3298
3298
3297
3297
3295
3295
3295
3293
3292
3290
3290
3289
3288
3287
3286
3283
3282
3282
3281
3279
3279
3279
3278
3277
3276
3274
3274
3272
3270
3269
3268
3265
3264
3263
3260
3259
3258
3258
3257
3256
3254
3253
3253
3252
3250
3249
3249
3248
3246
3244
3244
3243
3242
3240
3240
3237
3235
3233
3232
3231
3229
3227
3226
3225
3224
3223
3220
3219
3216
3215
3212
3212
3212
3209
3208
3207
3206
3205
3205
3204
3203
3202
3202
3200
3199
3198
3197
3196
3195
3194
3194
3193
3192
3192
3191
3190
3188
3188
3187
3187
3186
3185
3185
3184
3181
3180
3179
3177
3175
3174
3173
3171
3171
3171
3169
3168
3168
3168
3166
3164
3162
3162
3161
3159
3158
3155
3153
3151
3151
3151
3150
3149
3147
3144
3144
3143
3140
3138
3138
3137
3137
3137
3136
3136
3134
3134
3133
3133
3132
3132
3132
3131
3129
3128
3125
3124
3123
3123
3121
3120
3117
3116
3113
3112
3111
3110
3109
3108
3106
3105
3102
3101
3101
3101
3100
3100
3099
3099
3097
3093
3093
3093
3092
3090
3089
3088
3088
3087
3086
3084
3083
3080
3080
3079
3079
3079
3078
3078
3077
3077
3075
3072
3070
3069
3068
3066
3066
3066
3065
3064
3063
3063
3062
3061
3059
3058
3055
3049
3047
3046
3046
3044
3043
3042
3040
3039
3038
3038
3037
3035
3034
3031
3029
3029
3028
3026
3025
3025
3025
3023
3022
3022
3022
3017
3013
3013
3012
3011
3011
3011
3010
3010
3009
3008
3004
3004
3003
3003
3003
3002
3002
3002
3002
2999
2998
2997
2995
2994
2994
2994
2993
2991
2987
2986
2985
2983
2982
2981
2980
2978
2977
2977
2977
2974
2973
2971
2971
2971
2970
2968
2968
2967
2967
2966
2966
2965
2965
2963
2963
2963
2961
2960
2958
2958
2957
2953
2952
2949
2949
2949
2948
2948
2946
2945
2945
2944
2943
2943
2943
2942
2942
2940
2940
2939
2938
2938
2938
2937
2937
2935
2934
2933
2932
2932
2931
2929
2927
2926
2926
2924
2922
2922
2920
2919
2919
2917
2914
2913
2912
2912
2911
2911
2909
2909
2909
2909
2909
2908
2907
2906
2906
2906
2905
2904
2904
2903
2902
2902
2901
2901
2901
2901
2899
2898
2896
2896
2895
2894
2894
2891
2891
2891
2890
2890
2888
2888
2886
2884
2884
2883
2882
2880
2879
2874
2874
2873
2871
2871
2870
2869
2869
2869
2868
2866
2866
2864
2864
2863
2863
2862
2862
2861
2860
2858
2858
2857
2857
2857
2856
2855
2854
2852
2851
2851
2851
2851
2851
2849
2849
2847
2846
2845
2841
2840
2840
2839
2839
2839
2838
2838
2837
2837
2836
2833
2833
2832
2832
2830
2829
2827
2826
2825
2822
2821
2821
2819
2816
2816
2814
2814
2813
2812
2811
2811
2810
2809
2809
2808
2807
2807
2807
2803
2802
2801
2801
2801
2800
2798
2797
2795
2795
2795
2794
2793
2792
2792
2790
2789
2789
2789
2787
2787
2787
2786
2786
2786
2786
2783
2783
2782
2782
2780
2775
2775
2774
2772
2771
2770
2770
2770
2769
2768
2768
2764
2764
2764
2762
2762
2761
2759
2759
2758
2758
2756
2756
2754
2752
2751
2751
2751
2748
2748
2746
2746
2746
2745
2744
2742
2741
2737
2735
2735
2733
2732
2730
2729
2729
2728
2728
2727
2726
2724
2723
2722
2721
2721
2720
2719
2719
2718
2717
2717
2715
2715
2714
2713
2711
2711
2710
2709
2709
2708
2707
2707
2706
2706
2704
2703
2702
2701
2701
2700
2698
2695
2694
2692
2692
2688
2686
2684
2682
2682
2680
2680
2679
2677
2676
2674
2673
2673
2672
2672
2671
2668
2667
2667
2666
2665
2664
2664
2663
2662
2662
2659
2659
2658
2658
2656
2656
2655
2654
2653
2653
2652
2652
2651
2650
2649
2647
2644
2643
2642
2642
2642
2641
2639
2639
2638
2637
2637
2636
2636
2634
2632
2632
2632
2630
2629
2625
2624
2623
2623
2621
2621
2617
2617
2617
2616
2612
2611
2610
2610
2609
2607
2607
2607
2605
2605
2604
2603
2603
2602
2600
2598
2598
2596
2594
2594
2594
2593
2593
2592
2592
2591
2589
2588
2588
2588
2587
2586
2584
2583
2583
2583
2582
2582
2582
2582
2582
2581
2580
2580
2578
2573
2571
2569
2566
2565
2564
2563
2562
2561
2561
2559
2558
2558
2556
2556
2555
2553
2553
2553
2551
2550
2549
2549
2548
2548
2547
2544
2544
2543
2543
2542
2541
2541
2540
2540
2539
2538
2538
2537
2537
2535
2534
2533
2531
2528
2527
2525
2525
2525
2521
2520
2515
2515
2514
2514
2514
2514
2514
2513
2512
2512
2510
2510
2509
2506
2506
2505
2505
2504
2504
2504
2504
2504
2504
2503
2502
2502
2501
2501
2501
2500
2498
2497
2496
2494
2492
2492
2491
2491
2490
2489
2485
2484
2483
2482
2482
2482
2480
2475
2474
2473
2471
2470
2463
2462
2462
2462
2461
2461
2461
2460
2460
2459
2455
2454
2452
2451
2450
2450
2450
2449
2447
2447
2446
2446
2446
2445
2443
2442
2440
2440
2439
2439
2439
2438
2437
2436
2434
2433
2431
2430
2429
2426
2422
2420
2419
2419
2418
2417
2417
2416
2416
2416
2415
2415
2414
2413
2413
2411
2411
2411
2408
2408
2408
2406
2404
2404
2404
2402
2401
2401
2400
2399
2399
2397
2396
2395
2395
2395
2395
2394
2392
2391
2390
2389
2388
2388
2387
2386
2385
2384
2383
2382
2381
2381
2381
2380
2380
2379
2379
2378
2378
2375
2375
2375
2372
2371
2370
2370
2369
2369
2366
2366
2364
2363
2362
2362
2361
2361
2361
2361
2360
2358
2357
2357
2355
2354
2353
2353
2352
2351
2350
2349
2347
2347
2346
2345
2345
2343
2343
2342
2341
2340
2338
2338
2337
2335
2335
2334
2333
2333
2332
2330
2329
2329
2329
2327
2324
2324
2321
2320
2318
2315
2315
2315
2314
2312
2310
2310
2309
2308
2308
2308
2307
2306
2304
2303
2302
2302
2302
2299
2297
2295
2295
2295
2293
2292
2292
2290
2290
2289
2287
2287
2286
2285
2284
2283
2282
2281
2281
2281
2279
2278
2276
2275
2275
2275
2274
2274
2272
2271
2271
2270
2270
2269
2268
2267
2267
2267
2266
2263
2261
2260
2260
2259
2258
2258
2257
2257
2256
2256
2255
2255
2254
2253
2252
2249
2248
2248
2248
2248
2246
2245
2245
2245
2244
2244
2243
2243
2243
2241
2240
2239
2238
2236
2236
2235
2234
2233
2231
2230
2230
2227
2225
2224
2222
2221
2220
2213
2212
2210
2209
2208
2208
2208
2206
2204
2203
2203
2202
2202
2202
2201
2200
2200
2199
2196
2195
2195
2193
2193
2192
2191
2190
2190
2189
2189
2185
2184
2184
2183
2183
2182
2182
2180
2176
2176
2175
2173
2167
2167
2164
2164
2163
2163
2161
2159
2158
2157
2156
2156
2155
2153
2151
2151
2148
2147
2146
2146
2144
2142
2142
2142
2140
2139
2139
2137
2137
2137
2136
2136
2131
2131
2131
2130
2129
2128
2128
2125
2125
2124
2124
2123
2120
2118
2118
2116
2116
2116
2115
2115
2115
2115
2114
2111
2111
2110
2109
2109
2108
2108
2107
2107
2107
2106
2105
2105
2104
2104
2104
2103
2103
2103
2102
2102
2100
2099
2098
2098
2098
2095
2090
2090
2089
2083
2082
2080
2080
2080
2079
2079
2079
2078
2078
2078
2078
2077
2077
2077
2077
2076
2076
2076
2075
2074
2073
2072
2072
2072
2072
2071
2071
2070
2069
2068
2068
2068
2068
2067
2066
2066
2065
2065
2065
2065
2063
2063
2062
2062
2062
2057
2056
2056
2056
2056
2055
2055
2054
2053
2052
2052
2051
2050
2050
2049
2049
2045
2045
2044
2044
2043
2042
2041
2040
2040
2038
2037
2037
2036
2034
2034
2032
2031
2030
2030
2030
2029
2026
2026
2026
2026
2026
2026
2026
2023
2022
2022
2022
2022
2021
2020
2019
2016
2016
2015
2015
2014
2014
2014
2013
2012
2012
2008
2006
2005
2005
2001
2000
1999
1999
1999
1999
1998
1997
1996
1995
1995
1994
1993
1993
1993
1991
1990
1988
1988
1988
1986
1985
1985
1985
1984
1983
1983
1982
1982
1980
1980
1980
1979
1977
1975
1974
1974
1974
1973
1972
1972
1971
1971
1970
1970
1969
1967
1966
1963
1961
1961
1961
1958
1957
1956
1955
1954
1954
1952
1952
1951
1949
1949
1947
1946
1946
1944
1944
1942
1941
1941
1940
1940
1939
1938
1938
1937
1937
1936
1936
1934
1932
1931
1930
1929
1928
1926
1926
1925
1925
1921
1920
1918
1918
1917
1917
1916
1915
1915
1912
1910
1910
1909
1908
1908
1905
1905
1904
1904
1903
1902
1900
1895
1893
1892
1891
1890
1890
1889
1887
1887
1883
1883
1883
1883
1882
1881
1881
1881
1879
1879
1878
1878
1877
1876
1875
1873
1873
1873
1873
1873
1872
1872
1872
1872
1872
1868
1867
1867
1866
1864
1864
1863
1863
1862
1862
1861
1860
1859
1859
1858
1858
1857
1857
1855
1855
1854
1852
1851
1850
1850
1849
1849
1846
1846
1845
1845
1845
1845
1845
1845
1844
1842
1840
1839
1837
1836
1836
1835
1835
1835
1833
1832
1831
1830
1830
1828
1828
1827
1826
1825
1825
1824
1824
1824
1823
1822
1821
1819
1817
1816
1814
1814
1813
1810
1809
1809
1809
1808
1808
1808
1806
1806
1805
1804
1803
1801
1801
1801
1801
1800
1799
1799
1799
1796
1796
1795
1795
1794
1792
1792
1791
1790
1789
1788
1787
1785
1784
1783
1783
1782
1781
1781
1780
1779
1776
1775
1774
1774
1774
1772
1771
1769
1769
1768
1767
1766
1766
1765
1765
1764
1762
1762
1760
1759
1758
1758
1758
1757
1757
1756
1754
1753
1753
1752
1751
1751
1750
1749
1747
1746
1744
1742
1742
1740
1740
1738
1738
1737
1737
1735
1734
1733
1729
1729
1728
1723
1722
1722
1722
1721
1720
1719
1719
1719
1718
1717
1717
1716
1716
1715
1715
1714
1713
1713
1712
1712
1711
1711
1710
1707
1703
1702
1701
1701
1699
1698
1697
1697
1696
1695
1695
1694
1694
1694
1693
1693
1692
1690
1689
1687
1687
1687
1686
1681
1680
1679
1677
1677
1676
1676
1676
1675
1674
1674
1673
1673
1672
1670
1670
1670
1670
1669
1666
1664
1664
1663
1662
1662
1662
1662
1661
1660
1660
1660
1659
1659
1658
1657
1657
1656
1656
1655
1655
1653
1652
1652
1651
1649
1646
1645
1644
1644
1640
1640
1640
1639
1639
1639
1636
1635
1634
1633
1631
1630
1629
1626
1625
1624
1624
1624
1623
1620
1615
1613
1613
1612
1612
1611
1611
1610
1608
1607
1604
1603
1603
1603
1601
1601
1601
1597
1597
1595
1594
1593
1592
1591
1588
1588
1588
1587
1586
1586
1585
1584
1583
1583
1582
1582
1581
1578
1578
1577
1577
1576
1576
1575
1574
1574
1573
1572
1570
1567
1564
1563
1562
1561
1560
1560
1559
1558
1558
1557
1557
1554
1553
1552
1551
1550
1546
1546
1546
1545
1544
1544
1542
1541
1541
1541
1539
1538
1538
1537
1537
1537
1536
1536
1529
1527
1526
1526
1525
1525
1524
1523
1522
1522
1521
1520
1518
1518
1518
1517
1516
1515
1515
1514
1512
1511
1510
1509
1508
1506
1505
1505
1504
1504
1504
1503
1501
1501
1496
1496
1495
1493
1493
1491
1488
1486
1486
1483
1482
1481
1481
1480
1476
1476
1475
1475
1471
1471
1469
1468
1467
1466
1466
1466
1465
1464
1463
1463
1463
1460
1460
1459
1459
1458
1458
1458
1454
1454
1451
1451
1451
1450
1450
1449
1448
1447
1447
1446
1446
1444
1444
1440
1438
1438
1438
1437
1436
1434
1434
1434
1434
1432
1431
1430
1430
1430
1428
1428
1427
1425
1424
1422
1420
1419
1419
1419
1417
1415
1415
1415
1411
1410
1410
1405
1403
1401
1401
1400
1400
1399
1398
1395
1393
1393
1393
1392
1389
1388
1388
1385
1385
1383
1382
1381
1381
1381
1379
1377
1376
1376
1375
1375
1373
1373
1372
1372
1372
1371
1371
1370
1369
1368
1367
1364
1364
1364
1362
1362
1361
1361
1360
1360
1359
1358
1358
1356
1356
1355
1353
1353
1353
1352
1348
1348
1347
1345
1345
1343
1343
1342
1340
1340
1340
1339
1339
1338
1338
1337
1335
1335
1334
1334
1334
1333
1331
1331
1330
1329
1329
1328
1328
1328
1326
1324
1324
1324
1323
1322
1321
1320
1320
1317
1317
1316
1315
1314
1313
1313
1312
1309
1309
1308
1305
1304
1303
1303
1302
1300
1300
1299
1298
1297
1295
1294
1293
1291
1285
1284
1283
1282
1282
1281
1280
1273
1271
1271
1270
1270
1269
1269
1268
1267
1267
1267
1264
1264
1262
1262
1262
1261
1261
1260
1258
1258
1257
1257
1256
1256
1254
1254
1251
1250
1250
1248
1248
1248
1247
1246
1245
1243
1242
1241
1240
1239
1238
1234
1233
1233
1230
1230
1229
1229
1228
1227
1226
1226
1226
1225
1224
1224
1224
1223
1223
1221
1220
1220
1219
1219
1216
1207
1206
1206
1203
1201
1199
1199
1198
1198
1198
1196
1195
1194
1193
1192
1192
1189
1188
1188
1187
1186
1186
1184
1184
1184
1183
1182
1182
1182
1180
1178
1176
1176
1173
1172
1167
1167
1166
1164
1163
1162
1161
1160
1160
1159
1159
1159
1159
1158
1158
1156
1155
1155
1153
1153
1153
1152
1151
1150
1149
1149
1149
1149
1147
1147
1146
1146
1144
1142
1142
1141
1140
1140
1139
1139
1139
1139
1138
1138
1136
1136
1135
1134
1134
1132
1132
1131
1130
1129
1128
1127
1127
1127
1126
1126
1126
1125
1125
1125
1122
1120
1118
1118
1118
1118
1116
1116
1114
1110
1109
1107
1107
1106
1106
1104
1103
1102
1100
1100
1099
1098
1098
1098
1098
1097
1097
1093
1093
1091
1088
1088
1088
1086
1084
1080
1080
1079
1079
1077
1077
1074
1073
1072
1070
1069
1067
1067
1067
1067
1066
1065
1065
1063
1063
1063
1062
1059
1059
1057
1056
1054
1052
1052
1052
1052
1052
1051
1047
1046
1046
1046
1045
1043
1043
1042
1038
1037
1036
1036
1036
1036
1034
1033
1032
1031
1031
1029
1026
1024
1023
1023
1021
1020
1017
1016
1015
1015
1010
1010
1007
1006
1004
1004
1003
1002
1002
1001
1001
1001
999
998
998
998
998
997
995
995
992
991
990
990
990
990
989
988
987
987
986
985
984
984
984
983
982
982
982
980
980
980
979
978
977
977
976
975
975
970
970
969
968
968
968
965
964
963
963
962
962
962
961
961
960
960
960
959
958
958
958
957
955
955
954
953
953
953
951
951
950
950
949
948
948
948
948
948
947
944
944
941
941
941
941
940
939
938
938
938
937
936
935
935
933
931
929
928
928
923
921
920
918
917
917
916
915
915
915
914
913
911
911
910
910
908
908
907
904
904
904
903
903
902
902
902
901
900
898
897
896
896
894
893
893
892
889
886
886
884
883
883
883
882
881
879
878
876
874
874
872
871
870
870
868
868
867
865
861
860
859
857
857
856
856
856
854
852
850
849
849
847
844
844
843
841
840
840
837
836
836
836
834
834
833
832
831
830
829
829
827
827
827
826
826
825
823
823
822
821
820
820
818
816
815
814
812
812
811
809
809
809
809
809
807
806
805
805
805
804
804
801
801
801
799
798
798
797
797
795
793
793
788
786
784
784
783
783
782
782
780
778
778
777
776
776
775
775
775
774
773
772
772
771
771
771
770
768
767
767
767
767
766
765
764
764
764
763
762
762
761
761
760
759
759
758
758
757
755
755
753
753
752
751
750
749
747
746
745
744
743
742
740
739
738
736
735
732
732
732
730
730
728
728
728
726
724
723
723
723
720
717
716
715
714
713
713
711
711
711
710
706
705
704
702
702
702
701
700
700
700
700
698
698
698
697
696
695
694
694
694
693
693
693
693
692
692
691
690
689
686
684
684
680
679
679
678
678
675
675
674
673
672
671
670
664
664
663
663
663
661
661
660
659
658
657
657
656
656
653
653
653
651
651
650
650
650
649
646
644
642
642
640
640
638
637
636
634
634
634
633
633
631
630
627
625
622
622
621
621
618
618
617
617
616
615
614
613
612
610
609
608
607
606
606
605
605
602
601
597
597
596
595
594
591
591
590
589
587
586
585
585
579
578
576
576
575
574
574
571
571
571
571
570
567
567
566
566
564
564
561
558
558
558
556
556
556
555
552
551
550
548
548
544
542
542
542
541
541
539
538
538
538
537
537
537
536
535
535
534
531
531
530
529
529
529
528
527
526
526
525
524
523
521
521
519
519
515
515
514
514
511
511
510
509
509
509
507
507
500
500
500
499
498
497
497
497
496
495
495
494
491
488
488
486
486
486
486
485
485
484
484
484
483
482
479
479
478
477
476
474
474
473
472
471
468
468
467
466
466
465
465
464
463
461
461
460
458
457
456
455
453
452
451
450
450
447
444
444
443
443
439
439
438
438
435
429
428
428
427
427
424
422
420
417
417
415
414
414
410
409
409
408
407
407
406
406
406
404
404
403
403
401
399
398
395
394
394
393
392
391
389
389
386
383
383
381
381
378
375
373
369
368
366
366
365
365
363
363
362
361
360
360
354
354
353
353
353
352
352
351
349
349
349
349
348
347
346
346
345
345
345
343
342
341
339
338
333
330
324
324
317
315
313
313
311
310
309
306
305
305
305
303
301
300
300
300
298
297
296
292
291
290
286
286
285
285
283
283
280
280
278
274
273
270
269
267
267
266
266
266
265
263
262
261
261
260
260
258
258
258
257
257
255
254
253
252
252
252
250
250
249
249
249
249
247
246
245
244
242
242
242
241
241
239
238
238
236
236
235
234
233
232
231
231
228
227
227
226
224
223
222
222
222
222
219
219
219
219
218
217
217
216
214
214
213
211
210
210
207
205
204
203
201
201
201
199
198
198
198
197
196
196
194
194
193
191
191
188
186
185
185
183
183
183
182
181
178
176
176
175
175
175
174
173
172
172
172
171
171
167
167
166
165
165
165
163
163
161
161
159
158
156
153
153
153
151
151
151
151
150
148
147
145
144
143
143
143
141
141
141
138
137
136
135
133
131
129
128
127
127
126
124
124
123
122
121
121
120
118
118
117
117
115
115
115
115
112
111
110
109
108
107
107
107
106
106
106
104
103
103
103
102
101
100
100
98
96
96
94
93
92
91
90
90
90
88
85
85
84
81
81
80
80
80
78
77
72
66
66
66
64
64
63
63
62
62
62
61
59
57
56
55
54
54
51
51
51
50
50
47
47
46
45
44
42
41
41
40
40
40
37
35
35
35
34
33
33
30
30
25
23
22
21
20
20
19
17
17
17
17
16
16
15
14
14
12
11
8
8
8
7
3
1
1
