9998
9997
9996
9996
9996
9996
9995
9994
9993
9992
9991
9991
9990
9990
9990
9990
9989
9988
9986
9984
9983
9982
9982
9982
9978
9978
9978
9977
9975
9975
9975
9974
9974
9971
9970
9969
9969
9969
9968
9968
9966
9964
9962
9962
9962
9960
9960
9958
9955
9954
9954
9953
9953
9953
9952
9952
9952
9951
9949
9949
9948
9947
9947
9946
9946
9945
9945
9939
9938
9937
9937
9934
9934
9927
9924
9923
9923
9923
9921
9921
9919
9917
9917
9916
9916
9916
9916
9915
9915
9912
9911
9911
9907
9904
9903
9901
9899
9896
9895
9892
9892
9891
9891
9890
9890
9889
9888
9888
9888
9887
9887
9887
9886
9885
9883
9882
9880
9880
9879
9878
9877
9877
9875
9875
9873
9870
9869
9869
9868
9866
9866
9865
9864
9864
9864
9863
9863
9861
9860
9860
9859
9859
9858
9858
9857
9857
9856
9855
9853
9851
9851
9851
9849
9849
9847
9847
9847
9845
9844
9844
9843
9840
9839
9838
9838
9838
9838
9837
9835
9833
9833
9832
9831
9829
9829
9828
9827
9827
9825
9823
9821
9821
9820
9820
9819
9817
9816
9816
9816
9815
9814
9814
9814
9812
9812
9809
9809
9808
9805
9804
9803
9801
9801
9800
9799
9799
9798
9793
9793
9792
9792
9792
9791
9789
9786
9786
9786
9784
9783
9782
9782
9780
9779
9779
9778
9777
9776
9776
9773
9772
9772
9771
9770
9770
9769
9767
9766
9764
9764
9763
9760
9759
9759
9759
9758
9756
9755
9754
9754
9751
9751
9750
9748
9747
9747
9745
9745
9744
9744
9743
9742
9741
9741
9741
9740
9739
9738
9737
9736
9734
9733
9733
9732
9731
9731
9731
9730
9728
9725
9724
9724
9724
9724
9724
9719
9719
9716
9716
9716
9713
9713
9711
9711
9711
9710
9709
9708
9707
9707
9703
9702
9700
9699
9698
9697
9696
9695
9693
9693
9691
9691
9690
9690
9690
9689
9687
9687
9687
9685
9684
9683
9680
9680
9679
9677
9674
9674
9673
9672
9669
9669
9668
9666
9666
9664
9662
9661
9656
9655
9655
9652
9652
9652
9649
9648
9648
9648
9647
9645
9645
9645
9643
9643
9642
9641
9641
9640
9639
9637
9636
9634
9634
9633
9632
9630
9630
9627
9626
9624
9624
9624
9624
9622
9622
9620
9619
9619
9619
9618
9618
9616
9615
9613
9613
9612
9612
9609
9608
9607
9606
9604
9604
9602
9599
9598
9598
9598
9597
9596
9596
9595
9594
9593
9589
9589
9586
9584
9583
9582
9581
9579
9579
9578
9577
9576
9575
9574
9572
9571
9570
9569
9567
9566
9566
9564
9564
9563
9563
9562
9561
9561
9561
9559
9559
9559
9556
9553
9552
9551
9551
9549
9549
9549
9549
9547
9547
9547
9546
9546
9545
9545
9545
9542
9542
9539
9539
9538
9538
9538
9536
9536
9535
9535
9535
9534
9533
9531
9531
9530
9529
9528
9527
9527
9526
9525
9524
9522
9521
9520
9519
9519
9516
9516
9515
9515
9514
9514
9513
9512
9512
9511
9511
9510
9510
9508
9508
9508
9507
9507
9506
9505
9504
9504
9503
9503
9501
9499
9499
9498
9498
9496
9496
9496
9494
9493
9492
9491
9490
9488
9488
9486
9484
9484
9484
9484
9482
9481
9480
9480
9480
9480
9479
9479
9477
9476
9476
9476
9475
9475
9474
9471
9471
9471
9470
9468
9468
9465
9464
9462
9462
9461
9461
9460
9459
9459
9457
9456
9455
9455
9448
9447
9446
9444
9444
9443
9443
9442
9441
9440
9440
9438
9437
9436
9436
9431
9429
9429
9427
9425
9425
9424
9423
9423
9422
9420
9420
9420
9419
9418
9418
9416
9415
9413
9411
9410
9409
9408
9407
9406
9405
9404
9403
9402
9402
9402
9402
9401
9400
9400
9397
9396
9394
9393
9392
9392
9389
9389
9387
9385
9384
9383
9382
9382
9380
9377
9376
9375
9375
9374
9374
9373
9371
9368
9368
9365
9365
9365
9365
9365
9363
9362
9360
9360
9359
9359
9359
9359
9357
9355
9354
9354
9354
9354
9351
9351
9351
9349
9346
9345
9343
9342
9342
9340
9340
9338
9338
9337
9336
9335
9334
9333
9331
9329
9328
9326
9325
9324
9323
9323
9322
9321
9320
9320
9317
9316
9315
9311
9311
9310
9309
9309
9307
9306
9306
9301
9300
9300
9299
9296
9295
9294
9294
9294
9293
9293
9291
9291
9290
9289
9289
9285
9282
9282
9282
9282
9281
9281
9280
9280
9280
9279
9279
9276
9274
9274
9273
9273
9272
9270
9270
9269
9268
9267
9265
9265
9262
9261
9260
9259
9259
9259
9258
9257
9257
9256
9255
9254
9251
9251
9250
9249
9247
9247
9240
9239
9236
9233
9232
9231
9228
9228
9227
9225
9224
9223
9221
9221
9220
9220
9219
9219
9218
9213
9211
9211
9210
9209
9209
9207
9206
9206
9204
9202
9201
9200
9197
9197
9196
9194
9193
9190
9189
9188
9187
9186
9186
9186
9184
9184
9184
9183
9182
9182
9180
9179
9177
9176
9174
9174
9172
9172
9170
9169
9169
9168
9166
9165
9164
9164
9164
9162
9161
9161
9160
9160
9158
9158
9157
9154
9154
9153
9151
9151
9151
9150
9150
9149
9149
9148
9147
9146
9144
9141
9139
9138
9137
9136
9135
9134
9134
9133
9132
9131
9125
9123
9120
9120
9120
9119
9119
9119
9118
9118
9115
9115
9115
9114
9113
9110
9108
9108
9107
9105
9104
9104
9104
9103
9103
9101
9101
9098
9095
9094
9093
9092
9091
9091
9088
9088
9087
9086
9085
9084
9082
9082
9081
9081
9080
9077
9074
9071
9069
9068
9067
9066
9066
9063
9060
9058
9058
9057
9056
9055
9054
9054
9054
9054
9054
9054
9053
9052
9052
9051
9050
9049
9047
9045
9044
9044
9043
9041
9039
9039
9038
9038
9037
9035
9033
9032
9027
9026
9026
9025
9024
9018
9018
9018
9012
9011
9010
9009
9008
9007
9006
9006
9005
9005
9005
9002
9002
9000
8999
8999
8998
8998
8996
8995
8995
8995
8994
8993
8993
8993
8992
8991
8988
8988
8987
8987
8986
8985
8984
8983
8982
8982
8981
8980
8979
8979
8978
8978
8978
8977
8977
8976
8976
8974
8971
8970
8969
8967
8966
8966
8965
8965
8964
8964
8963
8958
8958
8956
8956
8955
8953
8953
8952
8952
8952
8951
8948
8947
8947
8945
8943
8941
8939
8939
8939
8939
8935
8935
8931
8929
8929
8929
8927
8927
8926
8925
8925
8924
8920
8920
8920
8919
8918
8917
8914
8914
8913
8912
8911
8910
8910
8909
8909
8909
8908
8907
8906
8902
8902
8901
8901
8900
8899
8898
8898
8898
8895
8895
8892
8892
8892
8890
8890
8890
8889
8888
8888
8888
8887
8887
8886
8885
8885
8883
8883
8881
8878
8877
8876
8876
8876
8874
8874
8872
8871
8870
8870
8869
8869
8866
8866
8865
8864
8861
8861
8860
8859
8859
8858
8857
8856
8856
8856
8855
8855
8853
8853
8852
8851
8850
8850
8849
8848
8842
8842
8841
8841
8840
8839
8837
8837
8837
8837
8836
8835
8833
8832
8832
8831
8831
8830
8829
8827
8827
8826
8826
8825
8822
8821
8818
8818
8818
8816
8816
8816
8814
8813
8813
8811
8810
8810
8809
8808
8808
8808
8805
8804
8802
8799
8799
8798
8798
8797
8796
8794
8794
8793
8793
8792
8790
8790
8790
8789
8789
8789
8788
8787
8787
8785
8784
8782
8781
8780
8779
8779
8779
8778
8778
8778
8777
8777
8776
8775
8774
8774
8773
8771
8771
8770
8769
8768
8767
8767
8767
8767
8762
8759
8758
8758
8757
8756
8756
8752
8749
8749
8748
8744
8742
8741
8741
8741
8740
8739
8738
8738
8735
8735
8734
8734
8733
8732
8730
8727
8727
8727
8724
8724
8722
8721
8721
8720
8720
8720
8719
8719
8719
8717
8716
8716
8716
8713
8713
8713
8712
8710
8710
8709
8709
8708
8706
8705
8702
8701
8699
8698
8698
8697
8694
8693
8692
8691
8690
8688
8687
8686
8685
8684
8683
8683
8679
8678
8676
8676
8675
8674
8673
8672
8667
8666
8665
8665
8665
8664
8663
8662
8658
8658
8653
8653
8652
8651
8650
8648
8645
8643
8643
8642
8642
8641
8637
8635
8633
8632
8632
8630
8630
8630
8629
8629
8628
8627
8626
8625
8624
8623
8622
8622
8620
8618
8617
8617
8617
8614
8613
8613
8612
8608
8608
8604
8604
8604
8604
8604
8603
8603
8603
8602
8602
8601
8600
8598
8598
8598
8597
8595
8595
8595
8594
8594
8592
8592
8590
8590
8590
8587
8584
8583
8582
8582
8581
8580
8579
8577
8577
8576
8575
8575
8575
8574
8574
8571
8570
8570
8570
8565
8564
8564
8563
8563
8563
8559
8559
8558
8557
8557
8556
8555
8555
8551
8551
8549
8548
8547
8546
8545
8545
8544
8544
8544
8541
8541
8538
8538
8536
8535
8532
8532
8531
8531
8530
8529
8528
8528
8526
8525
8525
8524
8524
8524
8523
8516
8514
8513
8511
8508
8505
8503
8501
8501
8501
8500
8499
8499
8498
8494
8491
8489
8488
8488
8488
8487
8487
8487
8486
8485
8485
8483
8481
8481
8480
8480
8479
8479
8478
8476
8476
8475
8474
8470
8468
8467
8467
8465
8465
8465
8465
8465
8464
8464
8462
8460
8458
8458
8458
8456
8451
8448
8445
8444
8443
8443
8443
8442
8441
8441
8439
8438
8438
8437
8434
8434
8433
8431
8430
8430
8429
8426
8425
8424
8423
8423
8421
8421
8420
8419
8417
8417
8416
8416
8414
8414
8411
8407
8407
8405
8404
8403
8402
8400
8398
8396
8394
8393
8393
8391
8391
8390
8390
8390
8389
8388
8387
8387
8387
8386
8383
8382
8381
8381
8379
8379
8378
8378
8376
8376
8376
8375
8374
8374
8371
8371
8371
8370
8369
8369
8367
8365
8365
8359
8359
8358
8356
8355
8355
8355
8350
8350
8347
8345
8344
8344
8342
8341
8340
8340
8338
8337
8337
8336
8336
8335
8335
8332
8331
8331
8331
8330
8324
8324
8324
8323
8323
8319
8316
8316
8315
8315
8315
8314
8312
8312
8310
8309
8308
8308
8308
8308
8307
8306
8305
8303
8302
8301
8296
8295
8291
8287
8287
8286
8285
8284
8283
8283
8282
8282
8281
8279
8278
8278
8275
8274
8273
8272
8272
8271
8271
8269
8269
8268
8267
8264
8264
8262
8262
8262
8261
8260
8260
8257
8254
8254
8249
8249
8248
8248
8247
8244
8243
8243
8242
8238
8236
8235
8235
8235
8233
8233
8233
8232
8232
8232
8232
8231
8231
8230
8230
8228
8225
8224
8224
8223
8222
8221
8220
8219
8217
8216
8215
8215
8215
8213
8213
8212
8211
8210
8206
8206
8206
8205
8204
8202
8201
8200
8196
8196
8195
8195
8195
8193
8192
8191
8187
8185
8184
8184
8184
8183
8183
8182
8181
8180
8180
8178
8177
8177
8176
8176
8175
8174
8173
8172
8167
8167
8166
8166
8166
8165
8164
8163
8162
8162
8162
8161
8161
8160
8160
8157
8157
8156
8156
8155
8154
8154
8153
8153
8153
8151
8151
8151
8149
8149
8149
8148
8147
8147
8144
8142
8141
8140
8139
8139
8139
8138
8138
8137
8136
8134
8134
8133
8132
8132
8132
8130
8129
8128
8123
8123
8122
8122
8122
8122
8120
8118
8117
8116
8116
8115
8115
8114
8114
8114
8114
8114
8111
8111
8111
8109
8108
8107
8106
8106
8105
8105
8102
8102
8101
8100
8097
8097
8097
8097
8097
8096
8096
8096
8096
8095
8094
8093
8093
8093
8091
8091
8091
8090
8089
8089
8089
8088
8087
8084
8084
8081
8081
8080
8080
8080
8079
8078
8078
8077
8077
8076
8076
8072
8071
8071
8070
8070
8070
8069
8066
8064
8063
8054
8054
8053
8051
8051
8050
8049
8048
8046
8046
8046
8045
8045
8043
8043
8042
8041
8039
8038
8037
8036
8034
8033
8032
8031
8030
8030
8029
8029
8026
8026
8025
8022
8021
8021
8021
8020
8020
8018
8018
8016
8013
8012
8012
8011
8011
8010
8010
8010
8010
8008
8008
8008
8007
8005
8004
8004
8003
8003
8002
8002
8002
8001
8001
8001
8000
8000
7999
7997
7997
7997
7996
7995
7993
7993
7992
7991
7991
7990
7990
7990
7990
7989
7989
7989
7988
7987
7984
7983
7980
7978
7978
7977
7977
7977
7976
7976
7975
7974
7973
7973
7972
7968
7968
7968
7968
7968
7967
7967
7964
7964
7964
7962
7960
7959
7957
7953
7953
7953
7953
7952
7952
7951
7950
7950
7948
7947
7946
7945
7944
7944
7943
7942
7941
7940
7939
7939
7938
7938
7937
7937
7935
7935
7934
7933
7931
7931
7930
7929
7929
7929
7928
7927
7927
7926
7926
7922
7921
7920
7920
7917
7916
7916
7916
7915
7914
7914
7913
7912
7912
7910
7909
7909
7909
7908
7907
7907
7905
7903
7902
7902
7900
7900
7899
7899
7898
7897
7896
7892
7890
7889
7888
7888
7887
7885
7884
7884
7880
7879
7874
7874
7874
7874
7872
7871
7869
7868
7868
7868
7867
7866
7866
7865
7864
7863
7861
7861
7861
7860
7859
7859
7858
7858
7856
7853
7853
7852
7849
7847
7845
7844
7843
7842
7841
7841
7839
7838
7838
7837
7837
7837
7836
7836
7834
7833
7832
7832
7830
7830
7828
7825
7824
7823
7822
7821
7820
7815
7813
7813
7810
7809
7808
7808
7806
7804
7804
7802
7801
7799
7797
7797
7793
7791
7791
7790
7788
7786
7785
7784
7782
7782
7781
7779
7779
7779
7779
7778
7777
7777
7776
7776
7775
7773
7773
7773
7772
7772
7770
7770
7770
7770
7767
7765
7765
7765
7763
7763
7762
7761
7760
7760
7759
7759
7758
7757
7756
7755
7753
7753
7752
7752
7751
7751
7750
7749
7747
7746
7746
7743
7742
7741
7740
7738
7738
7733
7732
7731
7730
7730
7730
7729
7729
7728
7728
7728
7728
7726
7724
7721
7720
7720
7719
7719
7717
7717
7715
7707
7707
7707
7707
7705
7705
7704
7703
7702
7701
7701
7700
7700
7699
7698
7697
7695
7694
7692
7691
7690
7688
7688
7687
7687
7686
7685
7683
7681
7680
7679
7678
7676
7676
7675
7674
7673
7672
7671
7671
7670
7669
7668
7668
7667
7666
7666
7665
7664
7662
7662
7662
7661
7659
7659
7658
7658
7656
7656
7655
7653
7652
7652
7652
7649
7648
7647
7647
7644
7641
7639
7639
7638
7638
7637
7636
7635
7635
7635
7635
7634
7633
7632
7631
7631
7628
7626
7624
7623
7622
7621
7617
7616
7616
7615
7611
7611
7609
7608
7606
7605
7600
7599
7598
7598
7598
7596
7596
7596
7595
7594
7591
7591
7590
7589
7589
7588
7587
7587
7586
7584
7584
7582
7581
7580
7579
7579
7575
7575
7573
7573
7572
7572
7571
7571
7570
7569
7569
7569
7568
7567
7565
7564
7564
7562
7561
7559
7559
7557
7557
7556
7556
7556
7555
7555
7554
7550
7546
7546
7545
7544
7544
7543
7543
7542
7542
7541
7540
7540
7539
7538
7537
7537
7534
7532
7531
7529
7527
7526
7523
7523
7522
7522
7520
7520
7518
7517
7516
7514
7513
7512
7510
7509
7506
7505
7505
7504
7503
7503
7502
7496
7493
7493
7490
7490
7490
7489
7489
7489
7488
7486
7485
7484
7483
7482
7477
7476
7476
7476
7476
7475
7474
7471
7471
7469
7467
7466
7464
7464
7463
7462
7462
7461
7460
7460
7460
7458
7456
7456
7456
7455
7455
7454
7452
7452
7452
7450
7450
7450
7449
7449
7449
7448
7448
7447
7447
7446
7446
7446
7445
7444
7442
7442
7441
7440
7438
7438
7438
7437
7437
7436
7432
7429
7428
7428
7427
7427
7426
7424
7424
7421
7421
7420
7419
7416
7415
7415
7414
7414
7412
7411
7407
7405
7404
7403
7401
7400
7399
7399
7398
7397
7397
7396
7396
7394
7391
7390
7389
7389
7389
7388
7386
7382
7382
7381
7380
7376
7376
7372
7372
7371
7371
7370
7369
7369
7368
7364
7363
7363
7363
7362
7361
7361
7360
7360
7358
7357
7356
7355
7352
7352
7350
7349
7348
7346
7344
7341
7340
7340
7340
7338
7338
7337
7337
7335
7333
7329
7328
7326
7326
7326
7325
7325
7324
7324
7323
7323
7322
7322
7322
7322
7320
7319
7319
7318
7317
7317
7316
7314
7312
7311
7311
7311
7309
7309
7309
7308
7308
7306
7305
7304
7304
7304
7303
7302
7300
7299
7298
7298
7297
7297
7297
7297
7297
7297
7296
7295
7292
7290
7290
7289
7287
7287
7286
7284
7284
7282
7281
7281
7279
7275
7275
7274
7274
7274
7272
7272
7271
7270
7267
7265
7264
7264
7264
7263
7262
7262
7262
7260
7259
7256
7256
7256
7256
7255
7254
7253
7252
7250
7250
7249
7249
7249
7246
7244
7243
7242
7240
7239
7239
7237
7236
7236
7235
7234
7233
7233
7231
7231
7230
7229
7228
7227
7227
7226
7226
7226
7225
7225
7224
7224
7222
7222
7220
7216
7216
7215
7215
7212
7212
7212
7211
7211
7211
7210
7210
7209
7207
7207
7207
7206
7203
7202
7202
7202
7202
7201
7201
7200
7199
7197
7196
7195
7195
7194
7193
7192
7192
7189
7188
7186
7184
7184
7183
7181
7180
7179
7178
7176
7175
7172
7172
7172
7171
7163
7163
7163
7161
7161
7160
7160
7159
7159
7158
7158
7158
7157
7155
7153
7152
7150
7150
7149
7149
7149
7148
7147
7144
7144
7142
7142
7139
7138
7136
7133
7133
7131
7131
7131
7131
7130
7130
7129
7129
7127
7127
7126
7126
7122
7121
7121
7120
7120
7118
7118
7118
7117
7115
7112
7111
7109
7109
7107
7106
7105
7103
7101
7100
7099
7096
7096
7096
7095
7093
7093
7092
7092
7091
7090
7090
7089
7086
7086
7083
7082
7080
7080
7076
7072
7071
7071
7070
7070
7069
7067
7066
7064
7063
7062
7061
7061
7058
7057
7055
7054
7054
7052
7051
7051
7047
7047
7045
7045
7043
7043
7039
7039
7036
7033
7032
7030
7027
7027
7026
7026
7025
7025
7025
7024
7023
7021
7021
7020
7017
7017
7017
7017
7015
7011
7009
7009
7009
7008
7005
7004
7004
7001
7000
6999
6999
6997
6997
6996
6992
6992
6990
6990
6987
6987
6986
6985
6983
6983
6982
6982
6981
6981
6981
6980
6980
6978
6976
6976
6976
6975
6975
6974
6973
6973
6972
6970
6969
6969
6968
6967
6966
6966
6965
6964
6964
6962
6961
6960
6959
6958
6958
6956
6956
6954
6954
6953
6953
6952
6951
6950
6950
6947
6946
6946
6946
6944
6944
6942
6942
6941
6941
6940
6940
6939
6938
6937
6936
6935
6930
6929
6928
6928
6927
6927
6926
6924
6923
6921
6920
6920
6920
6919
6916
6916
6912
6912
6912
6909
6909
6909
6909
6908
6908
6908
6907
6906
6905
6902
6901
6901
6895
6894
6893
6892
6892
6892
6890
6889
6888
6888
6888
6887
6887
6886
6884
6881
6880
6880
6879
6877
6875
6873
6873
6872
6870
6868
6867
6867
6867
6867
6865
6865
6864
6864
6864
6862
6862
6861
6860
6858
6853
6852
6852
6849
6849
6848
6847
6846
6846
6846
6844
6843
6841
6840
6840
6840
6838
6838
6837
6837
6836
6834
6834
6834
6832
6832
6828
6826
6825
6824
6823
6822
6822
6821
6820
6820
6819
6819
6819
6816
6814
6814
6814
6813
6812
6811
6810
6808
6807
6806
6805
6805
6804
6803
6803
6801
6800
6798
6797
6796
6796
6794
6794
6793
6793
6792
6791
6790
6790
6789
6788
6788
6788
6788
6788
6787
6787
6787
6787
6786
6786
6784
6784
6782
6780
6779
6778
6778
6777
6777
6775
6774
6774
6774
6773
6773
6772
6770
6768
6768
6768
6768
6767
6767
6767
6766
6766
6763
6762
6760
6758
6756
6755
6753
6753
6753
6752
6752
6752
6750
6750
6749
6748
6747
6747
6747
6747
6747
6746
6746
6745
6744
6743
6741
6740
6739
6739
6739
6738
6737
6737
6736
6736
6735
6735
6734
6733
6731
6731
6728
6726
6725
6724
6724
6724
6723
6723
6721
6721
6719
6718
6717
6715
6715
6712
6710
6709
6708
6708
6706
6705
6704
6704
6703
6703
6702
6702
6700
6697
6693
6692
6690
6690
6690
6690
6689
6687
6687
6685
6685
6685
6683
6679
6679
6678
6675
6675
6674
6674
6671
6668
6667
6667
6667
6667
6666
6662
6662
6661
6660
6660
6658
6657
6656
6655
6653
6653
6652
6649
6648
6648
6648
6648
6645
6645
6644
6643
6641
6641
6641
6640
6639
6639
6637
6637
6636
6636
6635
6635
6634
6632
6631
6631
6630
6629
6628
6628
6627
6626
6622
6622
6621
6621
6621
6620
6620
6619
6619
6619
6615
6612
6612
6611
6610
6608
6608
6607
6607
6606
6606
6605
6605
6603
6603
6603
6603
6602
6600
6598
6598
6596
6595
6595
6594
6594
6594
6593
6592
6592
6591
6590
6588
6588
6586
6586
6586
6586
6585
6584
6582
6581
6581
6581
6579
6576
6575
6575
6574
6573
6572
6572
6571
6570
6570
6569
6567
6567
6567
6566
6565
6565
6564
6562
6561
6560
6558
6558
6558
6556
6556
6555
6555
6554
6553
6553
6553
6552
6551
6550
6548
6548
6548
6546
6544
6542
6542
6541
6541
6538
6536
6531
6529
6529
6529
6528
6527
6527
6526
6526
6526
6523
6521
6517
6515
6513
6511
6510
6509
6509
6508
6507
6507
6506
6505
6505
6504
6503
6503
6503
6502
6501
6500
6499
6498
6498
6497
6496
6495
6488
6486
6486
6485
6485
6485
6482
6480
6480
6479
6479
6479
6476
6475
6473
6473
6472
6469
6469
6464
6461
6460
6460
6459
6458
6457
6456
6453
6453
6452
6452
6452
6450
6447
6446
6444
6444
6444
6442
6442
6442
6441
6441
6441
6438
6438
6436
6432
6432
6430
6429
6429
6428
6427
6427
6424
6424
6424
6423
6417
6416
6414
6411
6409
6408
6408
6406
6404
6403
6401
6401
6401
6400
6399
6397
6397
6397
6396
6396
6395
6395
6395
6394
6393
6393
6392
6391
6391
6391
6389
6388
6388
6383
6379
6378
6377
6376
6376
6375
6375
6375
6374
6373
6372
6371
6368
6367
6367
6365
6365
6365
6364
6363
6363
6359
6358
6355
6353
6348
6348
6348
6347
6346
6345
6345
6340
6339
6339
6339
6338
6338
6336
6335
6335
6330
6330
6328
6327
6327
6327
6326
6326
6325
6325
6324
6324
6323
6321
6321
6320
6320
6319
6318
6318
6318
6318
6317
6317
6316
6316
6313
6311
6309
6309
6308
6304
6304
6303
6302
6302
6301
6301
6301
6301
6301
6298
6297
6297
6295
6294
6294
6292
6292
6291
6290
6289
6289
6288
6286
6286
6285
6284
6283
6282
6280
6279
6276
6275
6275
6275
6274
6273
6271
6270
6269
6267
6267
6266
6266
6266
6265
6264
6263
6263
6260
6259
6257
6256
6255
6255
6254
6254
6253
6252
6252
6249
6249
6249
6248
6248
6247
6246
6244
6243
6243
6243
6241
6240
6240
6240
6237
6237
6236
6235
6235
6234
6233
6231
6230
6229
6229
6229
6228
6227
6225
6224
6223
6221
6218
6217
6217
6216
6213
6213
6212
6211
6210
6210
6210
6207
6207
6206
6205
6205
6203
6202
6202
6202
6202
6202
6199
6197
6193
6192
6192
6191
6190
6188
6188
6186
6186
6186
6184
6182
6182
6182
6182
6181
6181
6179
6177
6177
6173
6173
6173
6172
6172
6172
6172
6171
6170
6169
6169
6168
6167
6165
6164
6164
6160
6159
6157
6157
6155
6154
6152
6152
6149
6149
6149
6148
6147
6147
6146
6146
6146
6145
6145
6144
6144
6143
6142
6141
6140
6140
6139
6139
6139
6138
6135
6134
6132
6131
6130
6128
6128
6127
6124
6123
6123
6123
6123
6122
6122
6121
6120
6113
6113
6112
6112
6111
6108
6108
6107
6105
6099
6099
6096
6095
6093
6092
6092
6092
6091
6091
6090
6090
6090
6086
6085
6084
6084
6079
6079
6077
6077
6076
6075
6073
6072
6072
6070
6070
6070
6067
6066
6066
6065
6065
6064
6064
6062
6061
6061
6060
6058
6057
6056
6055
6054
6054
6052
6050
6047
6046
6046
6046
6046
6045
6044
6043
6043
6042
6040
6037
6034
6031
6029
6028
6027
6027
6026
6025
6025
6024
6024
6023
6022
6022
6021
6019
6016
6016
6015
6014
6013
6013
6012
6012
6012
6010
6010
6009
6008
6008
6007
6004
6003
6002
6001
6001
6001
6000
6000
5999
5999
5999
5999
5996
5996
5995
5994
5993
5991
5991
5990
5989
5988
5987
5986
5985
5983
5982
5981
5981
5981
5980
5979
5979
5979
5979
5976
5976
5974
5972
5970
5969
5969
5968
5968
5966
5966
5964
5964
5962
5958
5957
5957
5957
5956
5956
5956
5955
5953
5951
5950
5950
5949
5948
5948
5948
5947
5946
5946
5946
5945
5944
5944
5944
5943
5943
5942
5942
5940
5940
5939
5939
5939
5938
5937
5935
5933
5931
5931
5931
5930
5930
5929
5929
5928
5927
5927
5927
5927
5925
5923
5921
5921
5921
5920
5920
5919
5918
5917
5914
5914
5913
5912
5912
5909
5907
5906
5901
5900
5897
5896
5896
5895
5894
5894
5893
5892
5886
5885
5885
5884
5884
5884
5884
5882
5881
5880
5879
5879
5879
5879
5878
5877
5875
5875
5874
5873
5873
5872
5872
5871
5869
5867
5867
5866
5866
5865
5864
5863
5863
5861
5859
5859
5858
5857
5856
5855
5854
5851
5850
5850
5850
5850
5848
5848
5847
5845
5845
5843
5843
5842
5842
5842
5840
5836
5836
5834
5834
5833
5833
5832
5832
5832
5832
5831
5830
5828
5827
5825
5823
5822
5818
5818
5815
5815
5814
5813
5812
5812
5810
5810
5809
5807
5802
5801
5801
5796
5796
5794
5793
5793
5793
5792
5791
5789
5788
5788
5788
5786
5786
5785
5785
5785
5784
5781
5778
5778
5776
5773
5772
5771
5771
5771
5770
5769
5768
5768
5767
5766
5762
5762
5762
5760
5760
5759
5758
5757
5757
5756
5755
5754
5751
5748
5747
5747
5746
5746
5746
5745
5745
5745
5744
5743
5742
5741
5740
5740
5739
5739
5738
5738
5737
5736
5736
5736
5736
5735
5734
5734
5734
5734
5733
5733
5733
5732
5732
5732
5732
5729
5729
5729
5728
5727
5727
5726
5725
5724
5722
5721
5721
5720
5719
5716
5716
5713
5712
5711
5711
5710
5710
5709
5709
5709
5708
5706
5704
5703
5702
5701
5701
5700
5699
5695
5695
5693
5691
5690
5690
5688
5688
5688
5687
5686
5684
5684
5683
5682
5681
5679
5679
5678
5678
5678
5677
5677
5676
5676
5675
5674
5674
5674
5672
5672
5670
5669
5668
5667
5666
5665
5663
5663
5660
5660
5660
5659
5658
5657
5650
5650
5649
5649
5649
5649
5648
5648
5647
5647
5647
5645
5643
5642
5640
5640
5638
5637
5635
5631
5629
5628
5627
5627
5624
5621
5621
5621
5620
5617
5616
5616
5613
5611
5611
5611
5608
5608
5608
5607
5604
5602
5602
5601
5596
5595
5594
5592
5591
5591
5590
5587
5587
5585
5585
5585
5583
5582
5582
5580
5580
5578
5576
5575
5574
5574
5573
5570
5570
5569
5568
5568
5567
5566
5564
5561
5560
5560
5558
5557
5556
5555
5554
5554
5552
5551
5550
5548
5547
5547
5545
5545
5544
5541
5539
5537
5536
5536
5536
5535
5534
5533
5532
5532
5531
5529
5526
5526
5526
5526
5525
5525
5522
5522
5522
5520
5520
5519
5517
5517
5516
5516
5515
5513
5513
5512
5511
5510
5510
5509
5509
5508
5508
5508
5507
5506
5503
5502
5501
5500
5500
5499
5499
5499
5498
5497
5496
5494
5493
5491
5491
5490
5490
5489
5489
5488
5486
5486
5484
5483
5482
5481
5481
5479
5475
5474
5474
5474
5474
5473
5472
5471
5470
5470
5469
5468
5466
5464
5463
5463
5459
5458
5458
5458
5458
5457
5455
5455
5453
5452
5451
5449
5448
5447
5446
5445
5444
5443
5441
5441
5440
5437
5436
5436
5436
5436
5434
5432
5429
5429
5428
5428
5428
5427
5427
5427
5426
5426
5425
5424
5423
5421
5421
5421
5420
5419
5417
5416
5416
5415
5415
5414
5413
5412
5412
5412
5411
5409
5406
5405
5403
5403
5403
5401
5400
5394
5392
5392
5390
5390
5389
5386
5385
5385
5381
5380
5379
5378
5375
5375
5374
5371
5370
5369
5369
5369
5367
5366
5365
5363
5362
5362
5362
5360
5359
5359
5358
5358
5358
5358
5357
5357
5357
5356
5356
5353
5353
5352
5352
5349
5348
5346
5346
5345
5345
5344
5341
5340
5340
5340
5340
5340
5337
5337
5337
5337
5336
5336
5331
5331
5330
5328
5328
5328
5328
5328
5327
5325
5324
5324
5323
5323
5322
5322
5318
5318
5317
5316
5316
5316
5316
5316
5313
5312
5312
5307
5305
5305
5303
5302
5301
5300
5298
5297
5296
5294
5294
5293
5291
5289
5289
5288
5288
5287
5286
5286
5282
5281
5280
5279
5279
5278
5278
5276
5276
5274
5272
5270
5270
5270
5269
5269
5269
5267
5265
5264
5262
5261
5261
5261
5258
5254
5253
5253
5251
5250
5248
5248
5247
5246
5244
5241
5241
5240
5238
5233
5232
5231
5231
5227
5226
5226
5226
5226
5226
5226
5222
5222
5222
5221
5220
5220
5219
5218
5217
5214
5213
5213
5213
5211
5210
5209
5208
5204
5204
5202
5202
5202
5198
5197
5197
5196
5195
5195
5193
5191
5190
5189
5187
5186
5186
5185
5185
5185
5183
5183
5183
5181
5181
5180
5179
5179
5178
5178
5177
5177
5175
5174
5173
5169
5169
5168
5167
5166
5165
5165
5164
5162
5162
5160
5160
5160
5159
5159
5156
5156
5155
5155
5155
5154
5154
5154
5153
5153
5152
5151
5150
5150
5149
5146
5145
5145
5144
5143
5143
5143
5142
5141
5138
5138
5135
5132
5130
5124
5123
5123
5122
5120
5120
5120
5120
5119
5116
5116
5115
5114
5110
5109
5107
5107
5107
5104
5104
5103
5102
5102
5102
5101
5101
5100
5100
5099
5098
5098
5098
5098
5098
5097
5096
5092
5092
5090
5089
5089
5088
5088
5086
5086
5085
5085
5085
5083
5081
5081
5079
5077
5077
5076
5076
5076
5076
5075
5074
5071
5070
5069
5069
5068
5067
5064
5063
5063
5063
5063
5062
5062
5062
5061
5058
5057
5057
5053
5053
5052
5051
5051
5051
5050
5050
5048
5047
5046
5046
5045
5044
5043
5042
5041
5039
5039
5038
5038
5037
5036
5033
5029
5028
5026
5023
5023
5022
5021
5020
5019
5018
5018
5017
5016
5016
5013
5010
5010
5009
5007
5007
5007
5007
5006
5006
5005
5002
5002
4999
4998
4995
4995
4992
4992
4991
4990
4989
4986
4985
4985
4984
4984
4984
4982
4982
4980
4979
4978
4975
4975
4973
4973
4973
4973
4972
4972
4971
4970
4970
4970
4969
4968
4967
4967
4966
4966
4965
4965
4963
4963
4962
4961
4961
4960
4960
4960
4959
4959
4959
4958
4957
4956
4955
4955
4954
4954
4952
4952
4951
4949
4948
4946
4945
4945
4944
4944
4941
4940
4940
4937
4937
4937
4937
4936
4935
4930
4930
4930
4929
4928
4924
4923
4923
4921
4920
4920
4919
4914
4913
4913
4913
4912
4912
4909
4909
4907
4905
4905
4905
4904
4901
4899
4896
4894
4893
4891
4889
4888
4887
4883
4882
4881
4878
4877
4877
4877
4877
4877
4876
4874
4873
4872
4871
4870
4870
4868
4866
4864
4864
4863
4863
4863
4862
4860
4859
4859
4858
4857
4856
4854
4853
4848
4845
4845
4845
4843
4842
4840
4838
4838
4838
4838
4834
4834
4834
4834
4833
4830
4829
4828
4828
4828
4827
4827
4823
4821
4819
4819
4819
4818
4815
4814
4813
4813
4810
4809
4809
4809
4809
4808
4807
4807
4805
4805
4804
4802
4800
4800
4799
4798
4798
4795
4793
4793
4791
4791
4787
4787
4787
4787
4786
4784
4783
4783
4783
4781
4780
4780
4780
4779
4777
4776
4773
4773
4771
4771
4769
4769
4769
4767
4766
4765
4765
4763
4763
4763
4762
4762
4758
4758
4758
4757
4756
4755
4754
4754
4751
4750
4749
4748
4748
4747
4747
4747
4745
4744
4744
4743
4742
4741
4738
4737
4736
4734
4732
4731
4729
4729
4728
4723
4721
4719
4719
4719
4718
4717
4716
4716
4715
4714
4713
4713
4713
4713
4711
4710
4708
4708
4708
4707
4706
4706
4705
4705
4705
4704
4699
4695
4695
4695
4693
4693
4691
4691
4690
4690
4689
4688
4687
4684
4684
4684
4683
4683
4680
4678
4676
4675
4670
4669
4669
4668
4668
4667
4667
4667
4667
4665
4664
4664
4663
4663
4663
4660
4658
4658
4657
4655
4655
4654
4653
4653
4653
4652
4652
4650
4649
4649
4647
4647
4646
4644
4643
4642
4642
4641
4641
4639
4636
4636
4635
4635
4635
4633
4632
4632
4630
4629
4629
4628
4628
4627
4627
4623
4622
4620
4619
4617
4617
4616
4615
4615
4615
4612
4612
4611
4609
4609
4607
4606
4605
4605
4604
4604
4604
4602
4602
4601
4600
4599
4596
4596
4596
4596
4595
4592
4592
4592
4590
4588
4587
4587
4586
4586
4586
4585
4584
4584
4583
4581
4580
4577
4575
4574
4573
4572
4572
4570
4570
4570
4568
4567
4562
4562
4561
4560
4560
4559
4558
4556
4555
4555
4554
4552
4552
4551
4551
4550
4550
4549
4547
4544
4543
4542
4541
4539
4539
4537
4537
4536
4536
4536
4535
4535
4535
4534
4533
4532
4531
4531
4531
4527
4526
4525
4525
4524
4522
4521
4521
4520
4519
4517
4516
4515
4515
4513
4511
4511
4508
4506
4505
4504
4502
4502
4501
4499
4497
4496
4496
4495
4495
4494
4492
4492
4491
4490
4490
4489
4487
4485
4483
4482
4481
4481
4480
4480
4480
4478
4476
4476
4475
4475
4474
4473
4471
4470
4470
4468
4467
4466
4466
4465
4464
4464
4463
4459
4456
4456
4454
4453
4453
4453
4453
4452
4452
4451
4449
4449
4447
4445
4443
4442
4442
4442
4441
4440
4439
4437
4437
4436
4435
4434
4434
4433
4431
4430
4426
4425
4423
4422
4421
4421
4420
4419
4418
4417
4417
4416
4415
4415
4412
4412
4410
4410
4410
4408
4407
4406
4406
4406
4406
4405
4405
4405
4404
4404
4403
4402
4401
4401
4399
4399
4399
4398
4396
4395
4395
4394
4394
4393
4393
4392
4391
4389
4386
4386
4386
4385
4382
4381
4380
4380
4379
4377
4376
4376
4375
4375
4374
4372
4371
4371
4370
4369
4368
4367
4365
4360
4355
4354
4353
4352
4352
4349
4349
4349
4348
4345
4344
4343
4343
4341
4340
4336
4334
4334
4332
4331
4331
4325
4324
4324
4323
4319
4318
4317
4317
4316
4316
4316
4316
4316
4315
4315
4315
4313
4312
4309
4309
4309
4309
4308
4308
4308
4308
4307
4306
4305
4305
4304
4304
4304
4303
4303
4303
4302
4300
4297
4297
4297
4296
4293
4293
4292
4291
4290
4289
4288
4286
4284
4283
4281
4281
4281
4278
4278
4277
4277
4276
4274
4272
4271
4269
4268
4268
4267
4266
4263
4262
4260
4259
4255
4253
4253
4253
4252
4252
4252
4247
4244
4244
4243
4242
4241
4241
4240
4240
4237
4236
4236
4236
4235
4234
4232
4231
4231
4231
4230
4228
4227
4226
4225
4225
4224
4224
4224
4223
4223
4222
4220
4220
4220
4219
4217
4216
4214
4214
4212
4210
4210
4210
4209
4208
4207
4206
4204
4203
4202
4201
4201
4199
4199
4198
4197
4197
4197
4197
4196
4196
4196
4194
4194
4192
4191
4190
4186
4186
4185
4184
4184
4183
4181
4181
4177
4176
4176
4174
4171
4169
4168
4166
4165
4164
4164
4161
4158
4158
4157
4156
4153
4151
4151
4151
4150
4149
4149
4146
4145
4144
4143
4141
4140
4139
4139
4138
4131
4129
4129
4128
4128
4128
4127
4127
4126
4126
4126
4126
4126
4125
4124
4123
4123
4123
4123
4121
4116
4115
4115
4115
4115
4112
4111
4111
4111
4111
4110
4110
4108
4108
4107
4105
4104
4103
4102
4102
4098
4098
4096
4096
4095
4095
4093
4091
4090
4088
4088
4087
4086
4085
4084
4084
4084
4083
4082
4080
4080
4079
4078
4077
4076
4075
4073
4073
4073
4072
4072
4071
4071
4070
4069
4069
4069
4067
4062
4059
4058
4057
4057
4057
4056
4055
4055
4054
4052
4052
4051
4050
4048
4047
4045
4042
4042
4042
4041
4040
4040
4040
4040
4039
4039
4039
4038
4037
4037
4033
4032
4030
4028
4027
4025
4022
4020
4020
4019
4019
4017
4017
4017
4015
4015
4015
4013
4013
4013
4011
4010
4010
4009
4008
4006
4005
4004
4003
4002
4002
4001
3999
3998
3997
3997
3995
3994
3994
3994
3993
3993
3992
3992
3991
3990
3989
3987
3986
3986
3985
3985
3984
3982
3979
3978
3978
3977
3977
3977
3976
3975
3972
3971
3970
3966
3965
3964
3962
3961
3961
3961
3960
3956
3956
3955
3953
3952
3951
3951
3951
3950
3950
3948
3948
3947
3946
3945
3944
3944
3944
3944
3942
3939
3939
3937
3936
3935
3934
3932
3932
3929
3927
3927
3927
3926
3926
3926
3925
3923
3921
3921
3920
3919
3918
3918
3918
3917
3917
3916
3915
3914
3913
3913
3911
3911
3910
3907
3905
3905
3904
3903
3903
3902
3900
3900
3899
3898
3897
3896
3894
3894
3894
3891
3891
3891
3890
3888
3888
3888
3887
3886
3886
3885
3884
3882
3882
3879
3878
3878
3878
3877
3877
3877
3876
3876
3875
3875
3874
3872
3872
3869
3869
3868
3868
3867
3866
3866
3865
3865
3864
3864
3864
3862
3862
3861
3861
3859
3856
3854
3852
3852
3852
3851
3851
3850
3847
3847
3844
3843
3842
3838
3838
3836
3835
3833
3833
3832
3832
3830
3829
3827
3827
3826
3826
3826
3825
3823
3823
3823
3823
3821
3820
3818
3817
3816
3815
3815
3814
3810
3807
3806
3804
3804
3803
3803
3803
3802
3802
3801
3800
3799
3797
3797
3796
3795
3794
3794
3792
3791
3791
3791
3790
3787
3786
3786
3786
3786
3784
3784
3784
3783
3783
3783
3782
3782
3780
3777
3775
3774
3774
3773
3772
3768
3767
3766
3764
3764
3762
3761
3759
3758
3757
3757
3756
3755
3755
3754
3752
3751
3750
3750
3750
3750
3750
3749
3749
3748
3747
3746
3746
3745
3745
3745
3744
3742
3741
3741
3740
3740
3737
3737
3735
3735
3732
3732
3731
3730
3730
3729
3729
3727
3727
3726
3725
3724
3721
3719
3716
3716
3715
3713
3712
3711
3710
3710
3708
3708
3708
3707
3707
3706
3706
3705
3702
3699
3699
3699
3697
3696
3692
3691
3690
3688
3684
3684
3684
3682
3682
3681
3681
3680
3680
3680
3680
3679
3679
3677
3676
3675
3673
3673
3669
3668
3668
3667
3667
3664
3664
3663
3663
3662
3662
3661
3658
3657
3656
3656
3656
3655
3655
3652
3652
3650
3650
3649
3648
3646
3646
3646
3645
3645
3644
3644
3642
3642
3642
3641
3640
3640
3636
3635
3631
3630
3630
3629
3629
3629
3629
3626
3626
3624
3624
3623
3622
3621
3620
3620
3619
3617
3617
3616
3613
3612
3611
3610
3609
3608
3607
3607
3607
3604
3604
3600
3600
3596
3595
3595
3594
3593
3593
3593
3593
3590
3589
3589
3589
3589
3588
3588
3587
3586
3586
3583
3583
3583
3581
3581
3577
3576
3575
3575
3575
3574
3574
3573
3572
3572
3570
3570
3569
3568
3568
3567
3565
3563
3563
3562
3557
3557
3557
3556
3556
3554
3553
3553
3553
3552
3551
3550
3550
3550
3550
3549
3548
3548
3548
3547
3547
3547
3545
3545
3544
3544
3544
3543
3542
3541
3541
3540
3539
3537
3537
3537
3535
3535
3531
3530
3530
3529
3526
3525
3523
3521
3521
3520
3519
3519
3519
3517
3515
3514
3514
3514
3511
3509
3509
3508
3507
3506
3505
3505
3504
3503
3501
3500
3500
3496
3495
3493
3493
3492
3491
3491
3490
3490
3489
3489
3488
3487
3486
3485
3485
3485
3483
3482
3482
3480
3480
3479
3478
3477
3477
3476
3474
3474
3474
3473
3472
3472
3472
3472
3471
3471
3471
3471
3470
3467
3467
3465
3464
3464
3463
3462
3462
3461
3459
3458
3458
3455
3454
3453
3453
3452
3451
3451
3447
3445
3443
3440
3439
3438
3437
3437
3437
3436
3436
3436
3435
3433
3432
3431
3431
3429
3429
3427
3427
3423
3421
3421
3419
3419
3419
3419
3415
3413
3413
3412
3412
3412
3411
3411
3408
3406
3405
3405
3404
3403
3401
3401
3401
3401
3400
3400
3399
3399
3399
3397
3397
3395
3395
3394
3393
3392
3391
3391
3390
3389
3389
3388
3388
3388
3387
3387
3387
3386
3386
3385
3384
3384
3381
3381
3379
3378
3376
3376
3374
3373
3373
3373
3373
3372
3370
3370
3369
3369
3369
3369
3368
3367
3366
3365
3365
3365
3362
3362
3361
3361
3359
3358
3355
3353
3352
3351
3350
3350
3349
3347
3346
3345
3344
3343
3340
3340
3339
3336
3335
3333
3332
3332
3331
3330
3330
3330
3329
3329
3329
3328
3327
3324
3324
3322
3322
3321
3320
3319
3316
3316
3316
3316
3314
3314
3313
3312
3311
3311
3310
3310
3309
3308
3308
3305
3304
3303
3303
3302
3301
3301
3300
3299
3299
3298
3296
3295
3295
3294
3294
3294
3294
3293
3293
3292
3291
3291
3290
3290
3290
3290
3290
3286
3284
3280
3278
3278
3277
3277
3277
3275
3273
3273
3273
3273
3270
3267
3267
3266
3266
3265
3261
3261
3260
3258
3257
3256
3254
3252
3251
3246
3246
3245
3245
3245
3245
3243
3242
3241
3241
3241
3240
3239
3236
3235
3235
3234
3233
3232
3229
3228
3227
3226
3226
3225
3224
3224
3221
3221
3221
3220
3220
3217
3216
3216
3215
3212
3212
3212
3211
3210
3209
3209
3209
3209
3208
3207
3206
3205
3204
3201
3200
3199
3196
3194
3192
3192
3190
3189
3189
3188
3188
3187
3187
3185
3184
3183
3183
3180
3180
3180
3179
3179
3177
3177
3177
3176
3174
3173
3173
3172
3171
3171
3169
3168
3168
3167
3166
3166
3164
3164
3162
3162
3161
3161
3159
3156
3154
3152
3152
3150
3148
3148
3147
3147
3147
3146
3144
3141
3141
3139
3138
3137
3135
3135
3135
3133
3128
3128
3127
3127
3126
3125
3125
3124
3123
3123
3122
3121
3121
3120
3119
3119
3118
3115
3114
3114
3113
3112
3111
3110
3109
3107
3105
3103
3102
3101
3100
3098
3097
3097
3096
3095
3095
3094
3093
3093
3092
3092
3092
3091
3090
3090
3089
3086
3085
3085
3085
3084
3084
3083
3083
3083
3082
3080
3079
3079
3078
3077
3076
3074
3072
3072
3070
3069
3068
3067
3066
3063
3063
3062
3062
3062
3059
3058
3057
3056
3056
3056
3053
3052
3052
3051
3050
3050
3050
3048
3048
3047
3047
3046
3045
3045
3045
3044
3043
3041
3041
3040
3036
3036
3034
3034
3033
3031
3031
3030
3030
3028
3027
3024
3023
3021
3020
3019
3018
3017
3015
3015
3014
3012
3011
3010
3010
3009
3008
3007
3007
3005
3005
3004
3002
3001
3001
2999
2998
2997
2996
2994
2994
2993
2993
2992
2991
2991
2988
2986
2986
2986
2985
2985
2983
2981
2979
2979
2978
2975
2975
2975
2972
2972
2971
2970
2969
2969
2969
2968
2968
2966
2965
2965
2964
2961
2959
2959
2959
2958
2958
2957
2956
2956
2955
2953
2952
2952
2952
2949
2949
2948
2947
2947
2947
2947
2946
2941
2940
2938
2938
2938
2937
2934
2933
2932
2931
2931
2930
2928
2927
2926
2922
2921
2920
2919
2916
2916
2915
2915
2912
2911
2910
2910
2910
2909
2907
2907
2906
2904
2902
2900
2900
2900
2899
2898
2897
2897
2896
2896
2895
2895
2895
2895
2894
2893
2891
2891
2890
2890
2889
2889
2888
2886
2886
2886
2885
2885
2885
2885
2884
2884
2882
2882
2881
2881
2881
2881
2879
2878
2878
2878
2877
2874
2874
2873
2873
2871
2870
2869
2867
2867
2867
2866
2865
2865
2864
2863
2863
2861
2860
2860
2859
2858
2857
2856
2856
2853
2851
2850
2850
2849
2848
2846
2845
2842
2841
2839
2838
2837
2833
2832
2832
2830
2828
2828
2826
2826
2824
2821
2819
2818
2817
2817
2816
2816
2811
2811
2811
2811
2810
2810
2807
2807
2805
2805
2803
2800
2799
2799
2799
2797
2793
2792
2792
2790
2789
2787
2786
2786
2786
2784
2783
2779
2778
2777
2777
2776
2775
2775
2773
2773
2773
2773
2769
2769
2769
2767
2767
2767
2767
2765
2764
2762
2761
2761
2760
2760
2759
2759
2759
2757
2756
2755
2754
2754
2754
2751
2750
2748
2748
2748
2747
2746
2746
2745
2745
2744
2743
2740
2740
2740
2739
2738
2738
2738
2737
2737
2736
2736
2736
2736
2735
2735
2735
2732
2726
2724
2723
2723
2721
2720
2719
2718
2718
2716
2713
2713
2713
2713
2713
2713
2712
2710
2709
2708
2707
2706
2706
2706
2704
2704
2703
2702
2701
2701
2700
2699
2699
2699
2698
2697
2696
2695
2695
2694
2693
2690
2690
2689
2689
2688
2688
2687
2687
2686
2686
2683
2682
2681
2681
2681
2675
2675
2674
2674
2674
2672
2672
2670
2670
2670
2669
2667
2666
2665
2663
2661
2660
2660
2659
2659
2659
2659
2657
2656
2653
2652
2652
2652
2651
2651
2651
2650
2650
2649
2648
2647
2646
2643
2643
2642
2639
2639
2638
2637
2636
2634
2634
2633
2633
2631
2630
2628
2626
2625
2624
2621
2621
2619
2618
2616
2616
2616
2615
2613
2612
2612
2611
2610
2610
2609
2607
2602
2602
2601
2601
2600
2599
2599
2596
2596
2595
2595
2594
2591
2591
2587
2586
2586
2585
2583
2581
2580
2578
2578
2577
2576
2574
2572
2568
2567
2565
2565
2563
2562
2561
2558
2557
2556
2556
2555
2554
2554
2553
2552
2552
2552
2551
2547
2547
2547
2545
2544
2543
2543
2540
2538
2537
2532
2532
2531
2529
2529
2528
2526
2526
2526
2525
2524
2524
2524
2522
2521
2519
2518
2517
2514
2514
2513
2512
2512
2510
2507
2506
2506
2506
2506
2505
2504
2504
2504
2503
2502
2502
2502
2500
2498
2497
2497
2496
2492
2492
2490
2490
2489
2488
2485
2483
2483
2482
2482
2480
2480
2480
2479
2478
2477
2477
2476
2473
2471
2470
2470
2469
2468
2468
2468
2467
2465
2464
2462
2461
2460
2460
2459
2458
2458
2456
2455
2452
2449
2448
2447
2447
2447
2447
2446
2445
2444
2444
2438
2437
2436
2435
2434
2433
2432
2432
2431
2430
2429
2429
2429
2428
2427
2426
2424
2424
2424
2422
2421
2421
2418
2415
2412
2409
2407
2406
2405
2405
2405
2405
2405
2404
2404
2401
2399
2399
2398
2394
2394
2393
2393
2392
2392
2390
2390
2388
2388
2388
2384
2384
2383
2383
2382
2381
2381
2380
2380
2379
2378
2377
2377
2377
2374
2374
2373
2372
2371
2370
2365
2363
2363
2362
2362
2357
2357
2357
2356
2355
2353
2353
2353
2353
2353
2350
2350
2349
2348
2346
2346
2342
2341
2340
2340
2338
2337
2336
2335
2334
2334
2332
2330
2330
2329
2329
2327
2327
2327
2326
2325
2325
2324
2323
2322
2321
2321
2319
2318
2318
2317
2317
2315
2313
2313
2311
2308
2308
2307
2307
2306
2306
2306
2305
2305
2303
2303
2303
2303
2301
2301
2300
2300
2300
2297
2296
2296
2295
2295
2294
2294
2291
2289
2289
2288
2288
2288
2287
2287
2285
2285
2282
2281
2280
2279
2278
2277
2277
2276
2276
2276
2274
2273
2273
2273
2273
2270
2269
2269
2267
2267
2266
2265
2264
2262
2261
2258
2257
2257
2257
2256
2256
2255
2255
2253
2251
2251
2250
2250
2249
2248
2247
2247
2245
2245
2243
2243
2243
2243
2242
2242
2241
2239
2238
2238
2235
2234
2231
2230
2228
2228
2226
2224
2223
2221
2220
2220
2220
2220
2217
2216
2215
2214
2214
2211
2211
2208
2207
2207
2205
2205
2204
2204
2203
2202
2200
2200
2197
2196
2195
2195
2193
2192
2192
2192
2190
2189
2188
2187
2186
2186
2184
2182
2182
2181
2180
2180
2180
2179
2179
2178
2178
2177
2174
2174
2173
2171
2170
2168
2168
2166
2166
2166
2165
2165
2165
2162
2161
2156
2155
2154
2154
2153
2153
2153
2152
2151
2151
2151
2147
2146
2145
2144
2143
2143
2142
2140
2140
2139
2139
2137
2136
2134
2132
2132
2131
2131
2130
2130
2129
2129
2127
2127
2127
2126
2126
2126
2122
2119
2119
2118
2118
2114
2111
2111
2111
2109
2109
2108
2106
2100
2099
2099
2098
2098
2097
2094
2094
2094
2093
2093
2092
2091
2090
2089
2088
2088
2088
2085
2085
2084
2083
2082
2082
2081
2079
2078
2078
2078
2077
2077
2076
2075
2074
2074
2073
2072
2071
2071
2071
2066
2066
2065
2064
2062
2061
2058
2057
2054
2052
2052
2048
2048
2046
2045
2044
2043
2043
2043
2043
2043
2042
2041
2041
2041
2041
2040
2040
2039
2037
2035
2034
2032
2031
2031
2029
2029
2027
2026
2023
2023
2023
2022
2022
2022
2022
2022
2021
2021
2020
2020
2020
2020
2019
2017
2017
2016
2016
2015
2014
2013
2013
2012
2012
2011
2010
2009
2009
2009
2008
2008
2006
2005
2005
2003
2003
2002
2001
2001
2000
1999
1996
1995
1995
1994
1993
1993
1993
1991
1991
1990
1989
1989
1988
1987
1985
1982
1982
1980
1980
1977
1977
1974
1973
1973
1971
1971
1970
1970
1970
1969
1969
1966
1966
1965
1964
1964
1961
1959
1959
1953
1951
1949
1949
1948
1947
1947
1946
1944
1944
1942
1941
1941
1940
1938
1936
1935
1935
1935
1934
1932
1932
1931
1929
1925
1924
1923
1923
1923
1921
1921
1921
1920
1919
1918
1918
1918
1916
1916
1916
1915
1915
1915
1914
1914
1913
1913
1912
1911
1911
1910
1909
1909
1909
1908
1907
1905
1904
1903
1903
1902
1902
1901
1901
1900
1899
1893
1892
1892
1890
1888
1887
1886
1885
1882
1881
1880
1880
1877
1875
1875
1875
1874
1871
1871
1871
1870
1870
1867
1866
1865
1863
1863
1863
1862
1862
1862
1861
1861
1861
1860
1859
1859
1859
1857
1857
1856
1853
1853
1850
1849
1848
1847
1847
1846
1846
1843
1840
1840
1838
1836
1835
1834
1834
1833
1832
1832
1831
1830
1829
1829
1827
1825
1823
1823
1822
1822
1820
1819
1817
1816
1815
1815
1815
1814
1812
1811
1809
1806
1805
1805
1804
1804
1803
1803
1802
1801
1795
1795
1795
1794
1793
1793
1793
1792
1792
1790
1789
1788
1788
1787
1787
1787
1783
1783
1783
1782
1781
1781
1781
1780
1780
1779
1778
1778
1777
1775
1774
1774
1770
1767
1766
1766
1766
1765
1762
1761
1761
1760
1760
1756
1755
1754
1753
1753
1751
1750
1750
1749
1748
1747
1747
1747
1747
1747
1745
1744
1742
1741
1740
1739
1739
1739
1738
1738
1738
1736
1734
1731
1728
1727
1727
1726
1724
1724
1723
1722
1722
1721
1719
1715
1715
1714
1713
1711
1711
1708
1707
1705
1705
1705
1704
1704
1703
1703
1699
1698
1696
1696
1695
1694
1692
1692
1692
1691
1690
1689
1687
1686
1685
1684
1684
1683
1683
1683
1681
1681
1681
1681
1677
1676
1676
1675
1673
1669
1667
1667
1667
1667
1666
1666
1665
1665
1665
1664
1664
1664
1661
1656
1656
1656
1656
1656
1654
1654
1654
1653
1646
1645
1644
1643
1643
1641
1640
1639
1637
1637
1636
1635
1635
1633
1633
1632
1631
1629
1629
1626
1625
1624
1623
1620
1620
1620
1620
1615
1615
1614
1614
1613
1613
1612
1609
1608
1608
1607
1605
1605
1603
1602
1601
1599
1599
1599
1598
1598
1597
1596
1596
1596
1595
1593
1593
1589
1589
1588
1588
1588
1586
1586
1586
1585
1583
1583
1582
1577
1577
1576
1576
1574
1573
1572
1569
1568
1567
1567
1566
1566
1565
1565
1563
1562
1561
1559
1559
1559
1558
1556
1555
1555
1555
1554
1554
1553
1549
1544
1544
1543
1542
1540
1540
1539
1539
1539
1537
1535
1532
1531
1529
1529
1527
1523
1522
1521
1521
1520
1517
1516
1515
1513
1513
1511
1511
1510
1510
1510
1509
1508
1507
1506
1504
1504
1504
1503
1502
1502
1502
1501
1500
1499
1498
1497
1497
1497
1495
1494
1493
1492
1492
1490
1490
1489
1488
1481
1481
1481
1480
1480
1479
1479
1477
1476
1474
1473
1472
1472
1471
1470
1470
1469
1468
1465
1465
1464
1463
1463
1462
1461
1459
1458
1457
1456
1455
1455
1455
1452
1451
1448
1447
1444
1441
1439
1436
1436
1434
1433
1433
1431
1431
1431
1428
1427
1426
1423
1422
1422
1422
1421
1420
1420
1419
1418
1418
1417
1417
1417
1417
1417
1416
1411
1411
1410
1410
1408
1408
1408
1407
1406
1406
1405
1403
1403
1401
1399
1398
1398
1398
1397
1395
1393
1388
1388
1387
1385
1385
1385
1385
1385
1384
1382
1380
1380
1379
1378
1377
1377
1376
1375
1374
1374
1373
1372
1371
1371
1370
1366
1365
1362
1360
1360
1359
1359
1357
1356
1356
1356
1356
1356
1356
1354
1353
1352
1351
1350
1349
1349
1348
1346
1344
1343
1341
1338
1335
1335
1335
1334
1334
1332
1330
1330
1330
1330
1329
1329
1328
1325
1324
1324
1324
1324
1323
1322
1322
1321
1321
1320
1320
1319
1319
1318
1318
1318
1317
1315
1315
1313
1312
1311
1311
1310
1310
1309
1308
1308
1308
1307
1306
1304
1304
1303
1301
1300
1300
1299
1296
1296
1295
1293
1292
1292
1292
1291
1291
1289
1287
1287
1287
1286
1286
1283
1282
1282
1282
1281
1281
1280
1280
1279
1277
1276
1275
1273
1272
1271
1269
1268
1265
1264
1263
1262
1261
1259
1257
1256
1252
1251
1251
1251
1251
1249
1248
1247
1247
1245
1244
1243
1243
1243
1243
1240
1240
1239
1239
1238
1238
1237
1235
1234
1234
1233
1232
1232
1231
1227
1226
1225
1225
1223
1223
1221
1221
1220
1220
1220
1219
1219
1215
1215
1214
1214
1213
1212
1211
1211
1211
1210
1208
1205
1204
1202
1200
1197
1197
1197
1197
1196
1195
1194
1193
1192
1190
1190
1190
1189
1187
1187
1185
1184
1183
1183
1182
1182
1179
1179
1179
1179
1178
1178
1177
1177
1176
1175
1175
1175
1174
1172
1171
1169
1168
1166
1166
1166
1165
1163
1162
1161
1161
1159
1157
1157
1155
1154
1154
1152
1151
1151
1151
1149
1149
1147
1146
1146
1145
1144
1143
1143
1143
1142
1138
1136
1136
1134
1134
1132
1130
1129
1128
1126
1126
1124
1124
1124
1123
1122
1121
1119
1119
1119
1118
1117
1117
1117
1116
1115
1115
1114
1113
1112
1111
1110
1109
1109
1109
1109
1108
1106
1105
1104
1104
1104
1103
1102
1101
1101
1101
1101
1100
1100
1099
1098
1098
1097
1095
1094
1094
1094
1093
1093
1093
1092
1091
1090
1090
1089
1088
1088
1088
1087
1085
1085
1085
1085
1085
1083
1082
1081
1080
1078
1077
1077
1076
1075
1075
1074
1073
1072
1072
1071
1070
1070
1069
1067
1065
1065
1064
1064
1063
1061
1061
1061
1061
1059
1058
1057
1054
1054
1054
1054
1050
1050
1050
1049
1049
1049
1048
1048
1048
1048
1047
1045
1044
1043
1041
1040
1039
1038
1038
1037
1035
1034
1034
1034
1031
1031
1028
1027
1027
1024
1023
1023
1021
1020
1020
1019
1017
1017
1015
1015
1011
1011
1010
1007
1006
1004
1002
1002
1001
1000
998
998
997
997
996
995
994
994
992
992
990
990
988
987
987
987
987
986
985
985
984
981
981
979
979
975
974
974
973
973
973
971
971
970
970
970
967
966
966
965
964
963
962
961
960
959
955
954
954
953
952
950
950
947
947
946
946
945
943
943
942
941
941
940
939
936
935
935
935
934
933
932
931
931
930
929
928
928
928
928
927
926
925
924
924
924
924
921
920
920
920
919
917
917
915
915
915
913
912
911
910
909
909
908
906
903
902
901
901
900
899
899
897
897
897
897
896
896
896
894
893
893
893
891
891
889
888
888
888
887
887
885
884
883
882
882
882
882
880
878
877
877
877
877
875
875
875
875
873
872
872
870
870
870
870
868
867
865
863
862
859
856
855
853
850
850
850
848
845
845
845
842
838
837
837
836
836
834
832
831
831
830
828
827
827
826
825
823
823
822
822
821
820
819
818
817
815
814
813
812
812
810
810
809
808
808
808
807
803
800
800
798
798
797
796
795
793
792
789
786
786
786
785
785
785
784
781
779
779
776
775
775
773
772
772
769
769
768
766
764
764
764
763
761
760
759
759
758
758
756
754
754
753
753
753
753
753
752
751
750
748
746
746
743
743
742
742
742
741
739
738
737
737
736
736
735
734
732
732
732
732
731
730
730
727
727
727
726
726
726
724
722
722
721
717
715
715
714
714
714
712
712
711
711
710
709
709
709
706
705
703
701
696
694
693
693
692
691
691
691
690
690
687
686
685
684
683
681
681
680
679
679
678
678
676
675
675
675
675
674
674
673
670
670
668
667
667
667
667
667
666
666
665
665
665
665
663
662
659
659
657
657
656
655
653
652
652
652
650
649
649
649
647
647
645
644
643
642
640
640
639
637
636
632
631
629
627
626
624
622
622
619
619
618
617
616
615
615
615
615
612
612
611
610
608
608
608
606
602
601
601
599
599
599
598
598
598
597
594
594
589
589
589
587
586
585
582
582
581
580
579
578
577
576
576
575
574
570
570
569
569
566
566
565
565
565
564
563
562
562
562
559
559
557
555
555
553
552
551
550
550
550
549
548
546
546
544
544
544
543
543
543
542
540
538
535
535
534
534
534
533
533
533
533
532
531
529
529
528
528
526
526
525
525
523
523
522
521
520
518
518
515
510
510
509
508
508
507
506
506
503
503
502
501
501
498
497
496
494
494
494
493
493
492
491
491
489
487
487
485
483
482
482
481
480
479
478
477
476
475
474
474
474
474
470
470
469
468
468
468
468
468
468
467
466
466
465
465
465
462
461
461
460
460
459
459
456
456
456
454
453
453
452
451
449
449
448
447
447
446
445
444
443
442
440
439
438
436
434
433
433
430
430
429
427
427
426
426
424
423
422
420
418
415
415
414
414
413
413
412
412
411
409
407
406
404
403
402
400
400
399
399
399
399
397
397
395
394
390
389
388
388
385
385
384
383
381
381
380
380
377
377
377
376
376
376
372
372
372
371
370
369
369
368
367
366
365
364
364
363
360
359
359
356
355
354
354
352
351
350
350
350
349
349
347
346
346
346
345
345
345
345
344
344
341
337
335
334
333
332
331
331
330
325
321
319
318
318
317
316
315
315
315
312
312
311
307
305
304
304
303
302
301
301
301
300
297
296
295
294
293
292
292
290
290
288
288
286
286
285
284
281
278
278
278
277
276
273
272
272
271
271
271
270
269
268
268
267
267
267
264
263
262
261
259
257
257
254
252
251
250
248
248
247
247
246
245
245
244
243
241
240
239
239
238
238
236
236
233
231
229
229
228
227
227
226
226
226
225
222
222
221
220
220
220
220
218
217
217
214
214
214
214
213
212
212
212
211
210
207
206
203
202
199
197
195
194
193
192
191
190
190
190
189
185
183
181
180
179
178
177
176
175
175
173
173
172
172
170
170
169
166
165
165
164
163
161
161
160
159
157
156
155
154
154
153
151
149
149
149
147
147
147
147
146
146
145
144
144
144
143
142
138
138
135
135
134
133
132
132
131
130
129
128
125
125
124
124
123
123
121
119
118
116
115
114
114
114
113
112
111
110
109
108
107
106
106
106
106
105
104
101
101
100
99
96
95
95
95
94
94
93
93
91
91
90
89
87
85
83
83
81
77
77
77
77
75
74
73
72
72
70
70
69
69
68
68
67
67
67
61
61
60
58
58
57
55
54
52
49
49
48
48
46
45
43
42
42
40
40
40
39
38
37
37
36
33
33
33
32
32
32
30
29
29
28
26
23
23
23
22
22
22
21
21
19
19
18
17
16
16
14
14
13
13
10
7
7
7
4
4
1
0
