9997
9996
9995
9993
9993
9993
9992
9991
9990
9990
9989
9986
9983
9982
9981
9981
9981
9980
9979
9978
9978
9976
9975
9974
9974
9972
9971
9971
9971
9969
9968
9967
9964
9963
9963
9962
9961
9960
9959
9959
9958
9957
9955
9951
9951
9950
9946
9942
9941
9941
9940
9936
9935
9935
9929
9929
9928
9927
9927
9927
9926
9924
9923
9922
9921
9920
9919
9919
9916
9916
9915
9915
9914
9914
9912
9912
9912
9911
9911
9911
9911
9910
9908
9902
9901
9899
9898
9896
9896
9896
9896
9895
9894
9894
9893
9892
9891
9891
9889
9889
9887
9886
9883
9883
9881
9879
9878
9878
9878
9875
9873
9873
9873
9870
9869
9869
9868
9867
9865
9865
9863
9861
9861
9858
9858
9856
9854
9852
9851
9851
9849
9847
9846
9845
9845
9845
9845
9843
9842
9839
9839
9839
9837
9834
9834
9833
9833
9833
9833
9833
9831
9831
9831
9830
9830
9829
9828
9826
9826
9826
9825
9825
9823
9822
9821
9820
9820
9819
9818
9814
9813
9811
9810
9809
9809
9809
9807
9807
9805
9805
9804
9803
9801
9801
9800
9800
9800
9800
9799
9799
9799
9798
9798
9798
9795
9795
9795
9793
9791
9789
9788
9788
9788
9787
9786
9785
9783
9783
9782
9781
9780
9780
9780
9780
9780
9778
9778
9777
9776
9776
9775
9774
9774
9774
9772
9772
9772
9770
9770
9770
9769
9767
9765
9765
9763
9762
9762
9762
9761
9761
9760
9758
9758
9756
9756
9756
9751
9751
9747
9745
9744
9743
9741
9741
9740
9736
9735
9734
9733
9731
9730
9729
9728
9728
9727
9727
9725
9725
9724
9723
9723
9722
9722
9721
9721
9718
9718
9718
9717
9714
9713
9713
9712
9711
9708
9708
9706
9705
9704
9704
9704
9703
9699
9698
9697
9697
9697
9696
9695
9694
9694
9689
9689
9688
9688
9687
9686
9686
9684
9684
9684
9682
9681
9680
9680
9679
9679
9677
9676
9676
9674
9674
9672
9669
9663
9662
9661
9661
9660
9658
9658
9657
9656
9655
9655
9654
9653
9653
9652
9652
9650
9649
9648
9647
9645
9642
9639
9638
9636
9635
9634
9633
9632
9632
9631
9629
9628
9627
9624
9623
9621
9621
9621
9620
9620
9619
9619
9618
9618
9618
9617
9616
9616
9616
9616
9614
9613
9613
9612
9612
9611
9610
9609
9608
9608
9608
9607
9606
9605
9605
9604
9604
9602
9602
9601
9599
9599
9599
9598
9597
9595
9593
9593
9592
9592
9592
9592
9591
9591
9588
9588
9587
9585
9585
9584
9583
9582
9581
9579
9578
9577
9575
9575
9575
9574
9574
9573
9572
9572
9571
9571
9570
9570
9565
9565
9564
9564
9561
9561
9558
9558
9556
9555
9554
9551
9549
9548
9544
9544
9544
9544
9542
9542
9541
9541
9540
9540
9539
9539
9538
9537
9536
9535
9532
9531
9530
9530
9529
9529
9528
9528
9527
9526
9525
9525
9524
9520
9520
9519
9519
9518
9517
9514
9513
9513
9513
9512
9511
9509
9509
9508
9507
9506
9503
9502
9501
9500
9500
9500
9499
9499
9498
9498
9498
9498
9497
9496
9496
9495
9494
9494
9491
9490
9490
9488
9488
9487
9487
9486
9484
9483
9483
9481
9481
9481
9479
9479
9478
9478
9477
9476
9474
9468
9465
9464
9461
9459
9459
9459
9458
9455
9453
9452
9452
9450
9450
9449
9449
9449
9448
9448
9445
9444
9444
9443
9440
9439
9439
9439
9439
9439
9437
9436
9435
9432
9432
9432
9431
9430
9424
9423
9423
9421
9419
9417
9417
9414
9414
9413
9412
9411
9410
9409
9408
9408
9402
9402
9402
9401
9401
9400
9400
9399
9399
9398
9398
9396
9395
9393
9389
9387
9387
9386
9384
9384
9383
9382
9381
9380
9378
9376
9376
9375
9375
9374
9374
9373
9373
9371
9370
9370
9370
9368
9368
9365
9365
9362
9362
9361
9358
9357
9355
9355
9355
9355
9354
9352
9352
9350
9347
9347
9346
9345
9343
9343
9343
9342
9341
9338
9337
9337
9335
9335
9333
9333
9330
9330
9330
9328
9327
9326
9326
9325
9325
9325
9324
9324
9324
9323
9323
9322
9321
9321
9321
9320
9319
9318
9318
9317
9314
9314
9314
9313
9313
9313
9312
9311
9311
9310
9310
9310
9308
9307
9305
9304
9304
9304
9303
9302
9302
9301
9301
9301
9300
9300
9299
9299
9297
9297
9297
9297
9296
9296
9296
9295
9295
9294
9293
9293
9292
9292
9290
9289
9287
9286
9285
9285
9285
9283
9281
9280
9280
9279
9277
9276
9275
9275
9274
9272
9272
9270
9270
9269
9266
9266
9266
9265
9264
9263
9262
9260
9260
9257
9257
9256
9255
9255
9255
9254
9254
9253
9253
9253
9252
9252
9251
9250
9250
9248
9247
9247
9247
9245
9245
9244
9239
9239
9238
9237
9233
9232
9231
9228
9227
9226
9226
9225
9224
9222
9221
9220
9219
9218
9218
9216
9215
9214
9211
9210
9210
9210
9208
9208
9207
9207
9207
9206
9206
9206
9205
9203
9201
9200
9198
9196
9194
9193
9192
9192
9191
9190
9190
9190
9189
9189
9188
9187
9186
9184
9184
9183
9183
9183
9182
9181
9181
9178
9178
9178
9178
9177
9176
9176
9176
9176
9174
9174
9171
9169
9167
9167
9165
9163
9163
9161
9161
9160
9160
9160
9159
9158
9157
9156
9156
9156
9155
9155
9155
9155
9155
9154
9153
9153
9152
9152
9151
9151
9150
9150
9148
9148
9146
9146
9146
9146
9145
9144
9144
9143
9143
9143
9142
9141
9139
9138
9136
9136
9136
9135
9133
9132
9131
9130
9128
9127
9127
9127
9127
9126
9126
9125
9124
9124
9123
9121
9119
9118
9115
9114
9114
9114
9113
9112
9112
9110
9109
9108
9107
9105
9105
9103
9103
9102
9100
9100
9100
9098
9098
9097
9096
9095
9094
9091
9091
9089
9088
9088
9088
9087
9086
9086
9085
9084
9084
9084
9084
9083
9080
9080
9078
9078
9076
9073
9069
9068
9065
9065
9064
9063
9060
9059
9056
9054
9053
9052
9050
9050
9049
9048
9047
9046
9045
9045
9044
9044
9039
9039
9038
9038
9038
9037
9037
9034
9030
9028
9028
9027
9027
9026
9026
9025
9025
9025
9023
9020
9019
9018
9016
9015
9015
9015
9015
9013
9013
9013
9011
9011
9011
9010
9009
9008
9006
9004
9002
9001
9000
8999
8998
8996
8994
8991
8991
8990
8989
8987
8987
8986
8985
8982
8981
8979
8978
8978
8977
8973
8970
8968
8965
8965
8964
8964
8963
8963
8961
8960
8960
8959
8959
8959
8958
8956
8954
8954
8953
8952
8952
8952
8951
8949
8948
8947
8947
8947
8947
8946
8946
8945
8944
8944
8942
8942
8941
8940
8939
8938
8938
8938
8937
8936
8935
8935
8929
8928
8927
8926
8926
8925
8925
8925
8923
8921
8920
8917
8917
8916
8916
8915
8914
8911
8909
8908
8906
8905
8904
8903
8903
8899
8897
8897
8895
8895
8895
8892
8890
8886
8885
8883
8881
8880
8880
8880
8878
8878
8877
8876
8875
8875
8875
8874
8874
8874
8872
8871
8871
8871
8869
8869
8869
8866
8866
8866
8865
8865
8865
8864
8864
8863
8862
8860
8859
8858
8856
8855
8855
8854
8853
8853
8852
8852
8852
8850
8846
8844
8842
8842
8841
8840
8838
8836
8836
8834
8834
8833
8833
8832
8832
8831
8830
8830
8827
8826
8826
8824
8823
8822
8821
8820
8817
8817
8816
8816
8815
8813
8813
8812
8812
8812
8809
8807
8804
8801
8800
8800
8800
8800
8798
8798
8798
8797
8797
8796
8796
8795
8795
8793
8792
8791
8791
8790
8790
8790
8787
8787
8786
8786
8783
8783
8781
8780
8779
8778
8777
8776
8776
8775
8775
8774
8774
8774
8774
8769
8766
8766
8765
8765
8765
8764
8763
8762
8761
8759
8759
8757
8753
8753
8752
8746
8746
8746
8746
8745
8745
8743
8740
8740
8739
8738
8736
8735
8734
8734
8732
8732
8731
8728
8728
8728
8726
8725
8724
8724
8721
8719
8719
8718
8716
8714
8714
8713
8713
8711
8711
8711
8710
8710
8710
8710
8709
8709
8708
8707
8707
8704
8702
8701
8699
8698
8695
8695
8688
8687
8685
8685
8684
8683
8683
8681
8680
8679
8677
8676
8675
8668
8668
8667
8665
8665
8665
8664
8664
8663
8662
8660
8659
8657
8657
8656
8656
8655
8654
8654
8653
8651
8651
8649
8649
8645
8645
8645
8644
8642
8641
8640
8640
8639
8639
8635
8632
8631
8631
8630
8629
8628
8628
8626
8625
8624
8622
8621
8619
8617
8616
8615
8615
8612
8611
8610
8609
8608
8604
8603
8602
8602
8601
8601
8599
8597
8597
8596
8596
8593
8592
8592
8592
8589
8587
8587
8586
8585
8584
8584
8582
8582
8581
8581
8581
8580
8579
8578
8577
8577
8576
8575
8572
8571
8571
8570
8569
8567
8565
8565
8564
8564
8564
8563
8563
8562
8561
8560
8559
8558
8558
8556
8554
8554
8550
8549
8549
8547
8547
8546
8545
8544
8543
8542
8542
8538
8538
8536
8536
8536
8536
8535
8533
8533
8532
8531
8530
8528
8527
8525
8525
8525
8524
8523
8522
8522
8520
8519
8519
8518
8517
8516
8515
8515
8514
8513
8509
8508
8508
8506
8505
8502
8500
8500
8500
8499
8498
8498
8497
8495
8494
8493
8489
8489
8486
8484
8484
8484
8483
8483
8482
8480
8480
8479
8478
8478
8477
8476
8473
8473
8471
8471
8467
8465
8464
8464
8464
8462
8461
8461
8459
8458
8458
8457
8457
8457
8456
8454
8453
8451
8451
8450
8450
8448
8447
8446
8446
8444
8443
8441
8440
8440
8437
8437
8436
8436
8436
8436
8433
8432
8431
8431
8430
8427
8427
8427
8426
8426
8424
8424
8423
8423
8421
8421
8420
8419
8418
8417
8412
8412
8410
8410
8409
8408
8408
8408
8404
8403
8402
8402
8402
8402
8401
8401
8400
8399
8399
8399
8398
8397
8394
8394
8392
8392
8390
8389
8389
8388
8386
8382
8382
8382
8380
8380
8379
8379
8378
8377
8377
8376
8376
8375
8374
8372
8370
8370
8369
8368
8368
8368
8367
8365
8365
8363
8363
8363
8362
8362
8362
8360
8359
8358
8358
8357
8357
8355
8355
8353
8353
8351
8351
8349
8349
8349
8348
8348
8348
8347
8347
8347
8346
8346
8345
8344
8344
8342
8341
8341
8340
8338
8337
8337
8332
8330
8330
8329
8326
8324
8323
8323
8322
8321
8321
8320
8320
8320
8320
8319
8318
8317
8317
8316
8316
8315
8312
8309
8308
8308
8307
8307
8304
8303
8303
8302
8302
8302
8298
8297
8296
8295
8294
8293
8289
8289
8288
8288
8288
8286
8286
8285
8285
8284
8283
8282
8282
8274
8274
8273
8273
8273
8272
8271
8271
8269
8266
8266
8265
8265
8264
8264
8262
8261
8260
8260
8259
8258
8258
8258
8255
8255
8254
8253
8250
8250
8250
8249
8248
8248
8247
8245
8244
8242
8241
8240
8240
8239
8238
8238
8237
8236
8234
8233
8233
8231
8229
8228
8227
8226
8224
8221
8221
8221
8221
8219
8218
8218
8218
8216
8216
8215
8213
8210
8209
8209
8208
8207
8207
8206
8205
8204
8204
8203
8203
8202
8200
8200
8199
8198
8197
8197
8195
8192
8192
8191
8188
8188
8187
8186
8186
8185
8184
8177
8175
8174
8173
8173
8173
8172
8172
8170
8170
8167
8166
8166
8166
8164
8164
8164
8164
8163
8162
8161
8160
8159
8158
8158
8157
8156
8156
8151
8151
8151
8149
8146
8146
8145
8144
8144
8144
8144
8143
8141
8141
8139
8136
8135
8134
8134
8133
8133
8132
8132
8131
8130
8129
8128
8128
8126
8126
8126
8122
8121
8121
8121
8119
8118
8118
8117
8117
8116
8115
8115
8110
8110
8109
8106
8106
8105
8104
8104
8104
8104
8103
8103
8103
8102
8099
8098
8096
8096
8093
8093
8092
8092
8091
8089
8088
8088
8081
8080
8080
8079
8077
8074
8073
8072
8071
8071
8068
8065
8064
8063
8061
8060
8059
8059
8057
8057
8055
8055
8055
8055
8053
8052
8052
8051
8048
8047
8047
8046
8045
8045
8044
8043
8042
8041
8040
8039
8037
8037
8034
8030
8030
8029
8026
8025
8024
8023
8022
8020
8017
8017
8017
8016
8016
8016
8015
8015
8014
8014
8011
8010
8010
8009
8008
8008
8007
8007
8006
8006
8006
8006
8005
8005
8004
8003
8002
8002
7995
7995
7993
7992
7992
7991
7990
7986
7986
7982
7981
7981
7981
7981
7979
7979
7979
7979
7979
7978
7978
7977
7977
7976
7975
7974
7974
7972
7972
7969
7968
7967
7967
7967
7966
7966
7965
7965
7964
7964
7964
7964
7963
7961
7959
7959
7959
7957
7957
7956
7955
7955
7954
7953
7952
7951
7950
7950
7950
7949
7947
7946
7946
7944
7944
7943
7941
7940
7939
7938
7938
7937
7936
7936
7936
7935
7935
7934
7934
7933
7930
7930
7930
7929
7927
7927
7926
7924
7922
7922
7921
7919
7919
7917
7917
7916
7916
7913
7913
7912
7912
7908
7908
7907
7906
7905
7904
7903
7903
7902
7901
7901
7900
7899
7898
7897
7897
7895
7894
7894
7893
7886
7885
7885
7883
7883
7882
7882
7881
7881
7881
7880
7879
7879
7878
7877
7875
7872
7871
7871
7870
7867
7866
7865
7864
7864
7864
7863
7862
7862
7862
7861
7859
7855
7855
7849
7849
7847
7847
7847
7844
7842
7841
7841
7838
7838
7835
7835
7834
7833
7833
7832
7830
7830
7829
7829
7829
7829
7827
7827
7827
7827
7826
7826
7826
7826
7824
7822
7820
7820
7819
7819
7817
7815
7814
7813
7811
7810
7807
7807
7807
7805
7803
7803
7802
7800
7800
7799
7798
7795
7794
7794
7791
7790
7789
7788
7788
7787
7787
7786
7783
7782
7781
7780
7780
7778
7777
7777
7777
7776
7776
7774
7772
7769
7767
7767
7766
7766
7765
7763
7762
7761
7761
7759
7757
7755
7753
7753
7751
7751
7751
7750
7750
7750
7750
7748
7747
7744
7744
7742
7742
7741
7741
7737
7737
7737
7736
7736
7736
7736
7732
7732
7732
7731
7730
7729
7729
7728
7727
7726
7725
7723
7719
7718
7718
7718
7718
7718
7717
7717
7717
7716
7716
7714
7714
7711
7709
7706
7704
7703
7702
7702
7699
7697
7696
7696
7694
7692
7692
7691
7690
7689
7685
7683
7682
7682
7680
7679
7679
7678
7678
7678
7677
7676
7676
7673
7672
7671
7669
7668
7667
7666
7664
7664
7664
7664
7662
7662
7661
7658
7658
7653
7653
7652
7649
7649
7648
7648
7647
7646
7642
7642
7639
7639
7638
7638
7638
7638
7632
7632
7631
7626
7624
7623
7623
7619
7618
7618
7615
7615
7614
7614
7612
7612
7610
7610
7609
7607
7605
7604
7604
7603
7602
7602
7601
7600
7599
7598
7596
7595
7594
7594
7593
7593
7592
7591
7591
7591
7590
7590
7590
7590
7588
7587
7587
7586
7585
7585
7585
7584
7583
7582
7582
7582
7581
7579
7578
7578
7576
7576
7574
7574
7572
7572
7570
7566
7565
7564
7563
7563
7563
7562
7560
7560
7558
7558
7558
7558
7558
7558
7557
7555
7555
7555
7553
7551
7550
7549
7548
7547
7543
7542
7541
7541
7538
7538
7538
7537
7537
7535
7532
7530
7529
7527
7526
7525
7525
7524
7522
7521
7521
7519
7519
7518
7518
7517
7517
7513
7513
7512
7506
7506
7506
7504
7501
7500
7500
7499
7497
7496
7495
7495
7492
7489
7488
7488
7487
7486
7486
7483
7478
7475
7474
7473
7471
7471
7465
7464
7464
7464
7463
7461
7461
7460
7459
7459
7458
7458
7457
7457
7456
7456
7455
7454
7454
7454
7452
7451
7449
7449
7449
7448
7446
7446
7445
7444
7444
7444
7443
7443
7442
7441
7441
7440
7439
7438
7438
7438
7437
7437
7436
7436
7435
7434
7434
7431
7431
7430
7430
7430
7430
7429
7425
7424
7423
7423
7421
7419
7419
7418
7418
7417
7416
7414
7414
7414
7412
7412
7411
7411
7411
7410
7408
7407
7405
7404
7403
7402
7402
7401
7401
7400
7400
7400
7398
7397
7396
7396
7396
7395
7395
7394
7393
7393
7391
7391
7390
7389
7388
7386
7385
7384
7383
7382
7381
7381
7381
7381
7380
7380
7379
7378
7378
7376
7375
7374
7374
7373
7372
7372
7371
7371
7370
7369
7367
7367
7367
7366
7366
7364
7363
7361
7359
7358
7357
7357
7357
7355
7352
7352
7350
7349
7348
7347
7344
7343
7342
7340
7337
7337
7337
7335
7335
7334
7334
7333
7330
7328
7328
7328
7327
7326
7324
7324
7323
7322
7322
7318
7316
7315
7315
7313
7313
7312
7312
7310
7309
7308
7307
7305
7305
7303
7303
7303
7299
7298
7296
7296
7295
7295
7294
7294
7293
7292
7292
7291
7290
7287
7287
7285
7285
7284
7281
7281
7280
7279
7278
7278
7276
7276
7275
7275
7275
7274
7273
7273
7272
7271
7270
7269
7269
7268
7268
7268
7267
7267
7267
7267
7267
7266
7265
7264
7262
7261
7260
7259
7259
7259
7259
7255
7254
7254
7252
7251
7251
7249
7248
7245
7245
7244
7243
7243
7242
7242
7242
7241
7241
7238
7238
7238
7237
7236
7235
7235
7230
7228
7226
7224
7222
7220
7220
7218
7217
7217
7215
7213
7212
7211
7211
7210
7209
7208
7206
7205
7204
7203
7203
7203
7202
7202
7201
7198
7195
7195
7195
7194
7194
7194
7194
7191
7189
7188
7185
7184
7184
7184
7183
7180
7179
7179
7175
7175
7174
7174
7173
7173
7172
7170
7170
7168
7168
7168
7167
7167
7166
7166
7165
7165
7165
7163
7162
7160
7160
7160
7159
7159
7158
7155
7154
7152
7152
7152
7151
7149
7149
7148
7147
7147
7147
7146
7145
7142
7141
7141
7141
7138
7137
7137
7135
7135
7132
7132
7131
7131
7131
7129
7129
7127
7127
7126
7126
7125
7124
7121
7117
7117
7116
7115
7114
7114
7114
7112
7110
7108
7106
7105
7104
7102
7101
7101
7100
7100
7098
7098
7098
7098
7097
7096
7096
7095
7095
7095
7094
7094
7092
7090
7089
7089
7088
7086
7085
7083
7082
7081
7081
7080
7079
7078
7078
7077
7077
7077
7075
7075
7075
7075
7074
7073
7071
7071
7069
7068
7061
7060
7059
7059
7057
7056
7052
7051
7050
7050
7048
7046
7044
7042
7042
7040
7040
7039
7039
7038
7038
7037
7036
7036
7035
7035
7032
7031
7030
7028
7027
7027
7025
7024
7024
7022
7021
7020
7020
7020
7018
7017
7016
7016
7016
7016
7015
7014
7010
7009
7008
7008
7007
7007
7004
7004
7004
7003
7001
6999
6999
6998
6997
6992
6992
6991
6991
6990
6988
6988
6988
6987
6987
6986
6986
6984
6984
6983
6982
6982
6979
6977
6976
6975
6971
6971
6968
6967
6966
6965
6964
6962
6962
6960
6960
6959
6959
6957
6957
6957
6956
6954
6953
6953
6952
6952
6951
6950
6948
6948
6948
6947
6946
6945
6944
6944
6943
6943
6942
6941
6941
6940
6940
6940
6939
6937
6935
6934
6933
6931
6931
6931
6927
6926
6925
6924
6922
6920
6919
6918
6915
6914
6914
6914
6913
6912
6911
6909
6909
6908
6907
6906
6904
6904
6903
6903
6901
6901
6899
6899
6898
6898
6898
6896
6895
6895
6894
6889
6888
6886
6885
6885
6883
6883
6880
6879
6879
6879
6879
6878
6877
6875
6874
6872
6869
6868
6868
6867
6866
6866
6865
6865
6864
6862
6862
6861
6860
6858
6857
6857
6856
6856
6855
6854
6854
6853
6853
6853
6852
6849
6849
6848
6848
6847
6847
6847
6847
6844
6844
6843
6841
6841
6840
6840
6840
6840
6839
6839
6838
6833
6832
6832
6830
6830
6829
6828
6827
6823
6822
6821
6821
6820
6820
6819
6819
6818
6818
6816
6815
6815
6814
6809
6808
6807
6807
6805
6803
6803
6801
6800
6800
6799
6798
6797
6796
6793
6791
6791
6789
6788
6787
6786
6785
6783
6781
6780
6779
6778
6778
6776
6776
6775
6774
6774
6774
6773
6773
6772
6771
6770
6769
6769
6767
6766
6764
6763
6761
6761
6759
6755
6755
6754
6754
6754
6754
6753
6753
6749
6749
6748
6747
6747
6747
6747
6747
6746
6746
6746
6743
6741
6741
6739
6738
6737
6736
6734
6732
6732
6730
6730
6729
6729
6726
6725
6722
6720
6718
6715
6714
6714
6714
6714
6712
6709
6708
6707
6705
6704
6703
6702
6700
6699
6698
6696
6696
6696
6695
6695
6695
6695
6695
6694
6694
6692
6692
6691
6691
6690
6689
6689
6687
6686
6686
6683
6682
6680
6679
6679
6677
6676
6675
6673
6673
6673
6671
6669
6668
6666
6665
6664
6664
6660
6658
6657
6655
6655
6654
6654
6654
6654
6653
6651
6648
6648
6648
6646
6646
6645
6645
6644
6640
6640
6639
6639
6638
6637
6635
6635
6635
6635
6635
6635
6634
6634
6631
6630
6628
6627
6626
6624
6624
6623
6623
6622
6621
6618
6618
6617
6616
6616
6615
6614
6614
6613
6612
6612
6609
6609
6607
6605
6605
6603
6603
6602
6602
6601
6601
6601
6600
6599
6599
6597
6594
6594
6592
6592
6592
6591
6589
6589
6589
6588
6587
6587
6586
6586
6585
6584
6583
6580
6580
6579
6579
6578
6577
6576
6576
6575
6575
6571
6568
6565
6565
6561
6561
6561
6561
6560
6560
6558
6558
6556
6556
6554
6553
6552
6550
6549
6549
6548
6547
6546
6545
6544
6544
6543
6539
6538
6537
6536
6536
6535
6535
6530
6530
6529
6528
6528
6527
6527
6526
6526
6525
6525
6525
6524
6521
6521
6518
6517
6515
6514
6513
6510
6510
6509
6507
6505
6504
6503
6503
6502
6500
6500
6498
6497
6496
6496
6495
6495
6494
6492
6492
6491
6491
6491
6489
6489
6488
6487
6486
6485
6483
6481
6480
6480
6480
6479
6479
6478
6478
6477
6476
6475
6474
6474
6473
6473
6470
6470
6468
6468
6467
6464
6464
6463
6462
6460
6458
6458
6456
6455
6455
6453
6452
6452
6451
6450
6450
6448
6448
6448
6445
6445
6443
6442
6437
6435
6432
6431
6429
6428
6428
6427
6427
6426
6425
6425
6420
6419
6418
6418
6417
6416
6415
6415
6415
6412
6412
6411
6411
6409
6408
6408
6408
6408
6405
6405
6405
6404
6403
6403
6400
6399
6399
6398
6396
6396
6394
6393
6393
6392
6391
6390
6390
6389
6388
6387
6387
6387
6382
6381
6380
6380
6378
6378
6378
6377
6377
6376
6373
6373
6371
6371
6370
6370
6370
6368
6368
6367
6367
6364
6362
6360
6360
6358
6358
6357
6356
6355
6355
6355
6354
6354
6353
6352
6350
6350
6349
6348
6347
6346
6345
6343
6343
6341
6341
6340
6340
6340
6337
6336
6334
6333
6332
6332
6328
6324
6324
6323
6321
6320
6320
6316
6316
6316
6314
6314
6313
6313
6310
6309
6308
6306
6305
6303
6301
6300
6298
6298
6297
6295
6293
6290
6289
6287
6286
6284
6284
6283
6282
6280
6278
6276
6276
6276
6275
6274
6274
6273
6271
6270
6270
6270
6269
6268
6267
6263
6262
6261
6260
6260
6260
6258
6258
6258
6258
6257
6257
6255
6253
6253
6252
6250
6245
6245
6244
6240
6240
6239
6237
6236
6236
6236
6236
6234
6234
6233
6233
6233
6232
6230
6228
6227
6226
6224
6222
6222
6221
6221
6219
6216
6215
6214
6212
6212
6211
6211
6210
6209
6209
6208
6208
6207
6204
6204
6204
6203
6203
6198
6197
6196
6196
6195
6195
6194
6193
6193
6192
6192
6190
6189
6189
6184
6183
6181
6180
6179
6177
6176
6175
6175
6174
6174
6172
6171
6170
6169
6169
6167
6167
6165
6165
6163
6162
6161
6161
6160
6158
6158
6157
6156
6156
6156
6154
6154
6152
6152
6151
6151
6150
6150
6147
6145
6145
6144
6144
6142
6141
6141
6138
6137
6137
6136
6136
6136
6135
6135
6132
6131
6130
6129
6129
6126
6126
6125
6125
6124
6124
6123
6122
6121
6120
6119
6118
6116
6115
6114
6110
6109
6109
6109
6107
6107
6106
6104
6102
6102
6101
6100
6097
6097
6096
6096
6095
6095
6094
6093
6093
6092
6092
6091
6091
6090
6090
6089
6089
6089
6088
6087
6086
6086
6085
6082
6081
6080
6079
6079
6079
6079
6079
6078
6077
6076
6073
6072
6072
6071
6071
6070
6070
6070
6070
6070
6069
6067
6067
6067
6066
6065
6064
6063
6063
6061
6059
6059
6059
6058
6058
6057
6053
6052
6051
6051
6050
6050
6047
6046
6045
6042
6041
6040
6040
6039
6038
6035
6033
6032
6031
6030
6029
6028
6027
6024
6023
6023
6021
6019
6019
6017
6017
6016
6015
6015
6014
6014
6013
6013
6013
6012
6012
6007
6007
6005
6005
6004
6003
6001
5998
5996
5994
5994
5994
5992
5991
5987
5986
5986
5986
5984
5984
5981
5981
5979
5978
5976
5975
5975
5972
5971
5969
5968
5968
5967
5966
5961
5961
5959
5959
5957
5957
5956
5955
5955
5955
5954
5954
5953
5953
5952
5952
5951
5950
5948
5948
5946
5944
5940
5939
5937
5937
5936
5935
5933
5932
5932
5931
5930
5929
5929
5928
5928
5928
5927
5927
5926
5926
5925
5924
5923
5922
5921
5917
5916
5916
5914
5914
5913
5913
5913
5912
5911
5908
5908
5907
5907
5907
5905
5904
5903
5902
5902
5902
5901
5901
5900
5900
5899
5897
5897
5896
5896
5895
5894
5894
5892
5892
5889
5888
5887
5887
5886
5885
5884
5884
5882
5882
5882
5879
5878
5878
5878
5877
5876
5875
5875
5874
5870
5870
5869
5868
5867
5867
5866
5865
5863
5862
5861
5861
5861
5860
5859
5859
5858
5855
5854
5854
5853
5853
5853
5852
5851
5850
5850
5849
5849
5848
5848
5847
5845
5845
5844
5844
5843
5842
5840
5840
5840
5837
5836
5835
5835
5833
5833
5831
5831
5831
5831
5830
5830
5828
5827
5827
5825
5825
5824
5824
5824
5821
5820
5819
5818
5816
5815
5814
5814
5813
5811
5810
5808
5808
5808
5808
5808
5807
5807
5807
5807
5806
5806
5806
5804
5803
5802
5801
5801
5799
5799
5799
5794
5793
5791
5790
5789
5787
5787
5786
5786
5784
5783
5782
5781
5780
5780
5778
5777
5776
5775
5772
5772
5771
5771
5770
5767
5766
5763
5761
5761
5761
5760
5760
5758
5758
5758
5757
5757
5757
5757
5754
5753
5752
5752
5752
5749
5749
5749
5748
5746
5746
5745
5742
5741
5740
5738
5736
5734
5733
5732
5732
5731
5731
5731
5729
5729
5727
5726
5725
5724
5724
5722
5721
5721
5720
5720
5719
5719
5718
5713
5711
5711
5710
5709
5709
5709
5709
5707
5707
5706
5705
5704
5703
5703
5703
5699
5699
5697
5697
5696
5691
5690
5689
5689
5688
5688
5686
5685
5684
5683
5682
5681
5681
5681
5681
5681
5680
5680
5678
5677
5676
5672
5668
5668
5665
5663
5663
5662
5660
5659
5659
5657
5657
5657
5656
5656
5655
5654
5654
5654
5653
5653
5652
5651
5649
5647
5646
5645
5643
5642
5642
5639
5639
5639
5638
5638
5637
5634
5634
5633
5632
5632
5632
5632
5630
5630
5630
5629
5627
5627
5626
5626
5625
5624
5623
5622
5621
5621
5620
5620
5617
5616
5615
5614
5614
5610
5610
5610
5609
5607
5606
5605
5603
5603
5602
5602
5602
5601
5600
5600
5600
5599
5599
5598
5598
5595
5595
5594
5590
5589
5589
5588
5587
5586
5586
5582
5582
5577
5576
5576
5573
5569
5569
5568
5566
5563
5563
5562
5562
5561
5561
5561
5560
5558
5557
5556
5556
5556
5551
5551
5550
5549
5547
5546
5545
5544
5543
5543
5543
5542
5542
5537
5537
5534
5532
5532
5531
5531
5529
5529
5528
5528
5528
5526
5523
5523
5520
5520
5520
5517
5517
5515
5515
5513
5512
5511
5510
5509
5508
5508
5507
5506
5506
5504
5504
5503
5500
5496
5496
5495
5495
5495
5494
5493
5493
5493
5488
5488
5486
5485
5482
5481
5479
5479
5478
5477
5476
5476
5475
5475
5474
5473
5472
5472
5472
5472
5471
5466
5466
5466
5465
5465
5465
5464
5463
5463
5463
5462
5461
5458
5458
5457
5457
5456
5454
5453
5452
5452
5451
5450
5450
5450
5449
5445
5444
5443
5443
5441
5439
5439
5435
5435
5435
5435
5434
5433
5430
5427
5426
5424
5422
5421
5420
5418
5418
5417
5417
5416
5415
5414
5413
5413
5413
5411
5410
5409
5407
5406
5406
5405
5404
5403
5403
5403
5402
5401
5399
5398
5397
5394
5394
5393
5393
5392
5391
5391
5391
5390
5387
5387
5387
5385
5380
5380
5379
5378
5378
5376
5376
5376
5375
5374
5373
5372
5372
5372
5372
5371
5370
5369
5368
5368
5368
5367
5367
5366
5366
5365
5364
5364
5364
5364
5363
5363
5362
5361
5360
5360
5359
5359
5358
5358
5356
5354
5354
5352
5349
5349
5349
5347
5347
5344
5343
5343
5342
5340
5340
5339
5338
5337
5336
5335
5334
5333
5333
5332
5331
5329
5329
5327
5323
5319
5319
5315
5309
5309
5308
5308
5308
5308
5307
5305
5305
5305
5301
5300
5299
5299
5299
5297
5296
5295
5295
5294
5293
5293
5293
5292
5290
5290
5289
5289
5289
5289
5288
5288
5287
5286
5285
5285
5284
5284
5283
5282
5281
5281
5279
5279
5279
5278
5277
5277
5276
5274
5273
5272
5270
5269
5269
5269
5268
5264
5263
5263
5262
5261
5260
5259
5257
5257
5254
5254
5253
5252
5248
5248
5248
5248
5247
5245
5245
5244
5244
5244
5243
5241
5241
5241
5239
5238
5238
5236
5236
5235
5235
5235
5234
5234
5233
5232
5230
5227
5227
5226
5226
5226
5226
5225
5222
5219
5216
5215
5214
5211
5210
5210
5209
5209
5209
5208
5208
5208
5208
5207
5206
5206
5203
5203
5202
5201
5200
5199
5199
5199
5197
5197
5197
5196
5195
5193
5193
5191
5190
5188
5187
5186
5185
5184
5184
5183
5183
5181
5180
5179
5179
5178
5178
5177
5176
5176
5168
5167
5167
5166
5166
5166
5165
5164
5160
5157
5156
5155
5155
5155
5154
5154
5152
5150
5147
5146
5146
5144
5144
5144
5143
5143
5140
5140
5139
5138
5137
5137
5136
5135
5133
5133
5133
5131
5128
5126
5123
5123
5122
5122
5121
5121
5121
5121
5119
5119
5118
5115
5113
5112
5111
5108
5107
5107
5107
5107
5106
5101
5099
5099
5097
5097
5097
5096
5096
5094
5093
5092
5091
5091
5091
5087
5086
5085
5085
5083
5082
5082
5082
5080
5076
5074
5073
5070
5070
5070
5070
5070
5068
5067
5066
5066
5066
5065
5063
5062
5059
5059
5057
5057
5055
5054
5052
5051
5050
5050
5048
5047
5047
5047
5046
5044
5044
5043
5042
5041
5038
5038
5037
5035
5032
5031
5030
5029
5029
5026
5026
5025
5025
5025
5025
5024
5024
5022
5019
5019
5018
5018
5015
5014
5014
5014
5014
5014
5013
5013
5012
5012
5012
5011
5011
5009
5009
5007
5007
5007
5005
5005
5003
5002
5002
5001
5000
5000
4999
4998
4996
4995
4994
4994
4993
4993
4993
4993
4992
4991
4990
4987
4984
4984
4983
4983
4982
4982
4981
4980
4979
4978
4977
4977
4975
4974
4971
4971
4968
4968
4968
4967
4967
4967
4967
4967
4966
4966
4966
4965
4964
4959
4959
4958
4958
4956
4956
4953
4953
4953
4950
4949
4946
4946
4946
4945
4942
4942
4941
4940
4940
4939
4939
4939
4939
4938
4933
4932
4931
4931
4927
4926
4925
4924
4924
4923
4923
4922
4921
4920
4919
4918
4918
4918
4918
4916
4915
4912
4910
4909
4907
4904
4904
4902
4900
4898
4898
4898
4897
4895
4895
4895
4893
4893
4893
4893
4889
4889
4889
4889
4888
4888
4887
4886
4884
4883
4883
4882
4881
4878
4877
4876
4876
4875
4875
4875
4875
4873
4872
4872
4871
4871
4869
4868
4868
4867
4867
4866
4864
4862
4860
4858
4853
4853
4852
4851
4849
4849
4848
4848
4846
4846
4845
4843
4843
4842
4841
4840
4838
4837
4835
4834
4832
4831
4830
4830
4830
4827
4826
4826
4826
4825
4823
4822
4822
4822
4821
4821
4819
4819
4819
4818
4818
4817
4816
4815
4814
4814
4814
4813
4811
4810
4810
4810
4808
4808
4807
4806
4805
4803
4799
4798
4797
4797
4795
4795
4795
4790
4790
4790
4789
4788
4785
4783
4782
4781
4781
4779
4779
4776
4774
4773
4772
4770
4769
4769
4768
4768
4767
4766
4765
4765
4765
4762
4761
4760
4757
4757
4756
4748
4747
4747
4746
4746
4745
4744
4744
4744
4743
4743
4741
4741
4740
4740
4739
4737
4735
4734
4734
4733
4733
4733
4732
4731
4731
4729
4729
4728
4727
4727
4723
4722
4721
4721
4720
4718
4718
4717
4716
4715
4715
4714
4714
4709
4709
4707
4707
4706
4705
4704
4704
4702
4702
4700
4699
4698
4698
4698
4698
4696
4695
4693
4692
4691
4691
4689
4686
4685
4685
4685
4684
4680
4680
4677
4677
4677
4676
4675
4673
4672
4672
4669
4669
4668
4666
4665
4663
4661
4659
4659
4658
4657
4654
4653
4652
4651
4649
4648
4648
4647
4646
4645
4645
4643
4643
4641
4641
4640
4640
4639
4638
4638
4636
4636
4635
4634
4632
4632
4632
4631
4630
4629
4628
4628
4628
4627
4627
4625
4625
4624
4623
4623
4621
4620
4619
4619
4618
4618
4617
4616
4615
4614
4614
4614
4612
4611
4610
4610
4609
4608
4607
4605
4605
4604
4604
4602
4601
4600
4599
4598
4597
4597
4596
4596
4592
4592
4592
4590
4589
4589
4588
4586
4584
4583
4583
4582
4582
4582
4582
4580
4578
4576
4575
4575
4575
4570
4570
4569
4567
4564
4564
4563
4563
4562
4561
4560
4558
4558
4557
4557
4556
4556
4555
4554
4553
4553
4553
4550
4550
4549
4549
4548
4547
4545
4545
4543
4543
4539
4536
4534
4533
4532
4530
4530
4530
4529
4528
4527
4526
4526
4525
4524
4523
4523
4523
4523
4523
4522
4521
4520
4519
4516
4515
4515
4515
4514
4514
4513
4512
4512
4511
4510
4509
4509
4509
4508
4506
4505
4504
4502
4501
4501
4499
4498
4497
4496
4496
4496
4495
4494
4493
4489
4489
4487
4487
4487
4485
4485
4483
4483
4482
4482
4478
4478
4477
4477
4475
4474
4474
4474
4470
4463
4463
4461
4460
4460
4460
4459
4458
4457
4454
4453
4453
4453
4453
4448
4448
4447
4447
4446
4446
4444
4442
4442
4441
4441
4440
4440
4439
4437
4436
4436
4435
4435
4434
4432
4430
4430
4430
4429
4429
4428
4427
4427
4425
4424
4423
4419
4419
4418
4418
4418
4416
4415
4412
4412
4409
4408
4407
4407
4406
4405
4403
4401
4400
4400
4400
4394
4394
4394
4393
4393
4391
4390
4389
4388
4387
4385
4384
4383
4381
4379
4377
4377
4375
4375
4374
4374
4373
4372
4372
4372
4372
4372
4369
4368
4368
4367
4367
4366
4365
4364
4364
4362
4360
4360
4359
4357
4357
4354
4352
4351
4351
4350
4350
4349
4349
4348
4348
4348
4346
4343
4334
4333
4333
4333
4333
4332
4332
4331
4329
4328
4327
4327
4326
4323
4323
4321
4317
4317
4317
4316
4315
4312
4312
4311
4311
4309
4309
4309
4306
4304
4303
4300
4300
4300
4299
4299
4298
4298
4298
4297
4294
4294
4294
4294
4293
4292
4291
4291
4290
4289
4288
4287
4286
4284
4280
4280
4280
4279
4279
4279
4279
4277
4274
4272
4269
4267
4267
4266
4265
4261
4261
4260
4260
4259
4259
4258
4256
4256
4253
4253
4253
4250
4250
4249
4248
4248
4248
4246
4246
4245
4244
4244
4244
4243
4242
4241
4239
4235
4234
4234
4234
4233
4233
4232
4231
4230
4230
4229
4226
4226
4224
4224
4224
4223
4223
4222
4218
4215
4214
4213
4212
4212
4210
4210
4208
4208
4205
4204
4202
4201
4201
4199
4199
4198
4198
4197
4197
4197
4196
4196
4195
4195
4193
4193
4193
4192
4191
4191
4190
4190
4190
4189
4189
4187
4186
4185
4185
4184
4183
4182
4182
4182
4182
4181
4180
4180
4180
4180
4177
4175
4175
4174
4173
4170
4168
4167
4167
4166
4166
4165
4165
4164
4164
4164
4161
4161
4161
4160
4159
4159
4159
4159
4157
4156
4154
4153
4152
4152
4151
4151
4150
4150
4149
4148
4148
4148
4147
4146
4146
4141
4140
4140
4139
4135
4135
4135
4131
4130
4129
4129
4129
4128
4128
4128
4127
4127
4127
4126
4125
4125
4124
4124
4124
4123
4123
4123
4123
4122
4121
4119
4118
4117
4117
4115
4113
4113
4112
4111
4107
4107
4107
4107
4106
4105
4105
4103
4101
4101
4099
4096
4095
4093
4092
4091
4091
4090
4088
4088
4083
4083
4082
4081
4080
4078
4077
4076
4076
4075
4075
4075
4075
4072
4072
4072
4068
4067
4064
4063
4062
4060
4056
4056
4054
4054
4053
4051
4048
4047
4045
4045
4044
4044
4044
4042
4042
4040
4039
4038
4037
4036
4035
4031
4029
4028
4026
4024
4023
4022
4021
4021
4019
4019
4018
4017
4017
4016
4016
4014
4013
4011
4008
4007
4004
4003
4002
4000
3999
3998
3997
3996
3996
3994
3994
3993
3993
3992
3992
3990
3989
3988
3988
3987
3987
3987
3986
3986
3985
3984
3984
3984
3984
3983
3983
3982
3982
3981
3980
3979
3979
3978
3977
3976
3974
3974
3972
3972
3970
3968
3967
3966
3965
3964
3964
3964
3961
3961
3960
3960
3960
3958
3958
3958
3956
3956
3955
3955
3954
3954
3954
3950
3949
3947
3945
3945
3943
3942
3941
3941
3940
3939
3938
3936
3936
3935
3933
3933
3932
3928
3926
3925
3920
3919
3918
3918
3918
3918
3917
3917
3916
3915
3911
3908
3904
3900
3900
3897
3897
3897
3896
3896
3896
3895
3895
3895
3895
3894
3894
3892
3890
3889
3889
3888
3887
3886
3886
3886
3885
3885
3883
3882
3882
3881
3881
3880
3878
3877
3877
3877
3876
3876
3876
3875
3873
3870
3869
3869
3869
3869
3868
3867
3867
3867
3866
3865
3863
3861
3861
3861
3860
3860
3857
3855
3853
3851
3850
3848
3848
3846
3845
3842
3842
3841
3840
3839
3838
3838
3834
3833
3831
3828
3827
3826
3825
3825
3824
3824
3823
3823
3822
3820
3820
3820
3819
3818
3818
3817
3816
3814
3813
3813
3813
3809
3806
3805
3805
3803
3802
3800
3800
3799
3798
3797
3797
3795
3795
3793
3793
3792
3792
3791
3790
3790
3790
3790
3789
3788
3788
3787
3785
3783
3782
3782
3780
3780
3780
3777
3774
3774
3772
3770
3768
3765
3763
3763
3763
3763
3762
3761
3761
3759
3759
3758
3758
3758
3758
3757
3756
3754
3754
3754
3753
3753
3753
3752
3752
3751
3750
3749
3748
3747
3746
3746
3744
3744
3741
3741
3740
3740
3740
3739
3738
3738
3737
3737
3736
3734
3734
3734
3734
3732
3732
3728
3728
3727
3725
3725
3723
3723
3721
3721
3721
3719
3718
3717
3717
3716
3713
3713
3713
3712
3712
3709
3709
3708
3708
3708
3707
3705
3703
3702
3702
3699
3699
3698
3697
3697
3695
3694
3693
3693
3692
3688
3688
3687
3687
3687
3686
3686
3685
3682
3682
3682
3682
3677
3677
3677
3676
3676
3674
3674
3671
3670
3670
3668
3668
3667
3665
3663
3663
3663
3662
3662
3660
3659
3657
3655
3655
3654
3650
3650
3649
3649
3646
3645
3645
3645
3644
3643
3643
3642
3642
3640
3638
3637
3636
3635
3634
3632
3632
3628
3628
3628
3627
3627
3626
3624
3624
3624
3623
3622
3621
3621
3621
3620
3619
3619
3619
3618
3617
3617
3616
3615
3615
3614
3612
3612
3612
3609
3608
3607
3606
3605
3605
3604
3603
3601
3601
3601
3600
3600
3599
3597
3597
3596
3595
3594
3594
3593
3589
3588
3585
3585
3582
3581
3579
3578
3578
3577
3577
3577
3577
3575
3573
3571
3571
3571
3570
3570
3567
3566
3566
3564
3563
3561
3561
3557
3555
3555
3554
3554
3552
3551
3550
3549
3548
3546
3546
3544
3544
3543
3543
3540
3540
3539
3539
3538
3538
3537
3536
3535
3535
3533
3532
3532
3532
3529
3528
3527
3526
3526
3525
3524
3524
3523
3520
3520
3519
3517
3517
3517
3517
3517
3516
3516
3515
3514
3513
3513
3512
3511
3509
3508
3507
3507
3504
3503
3503
3500
3497
3497
3494
3494
3494
3489
3488
3482
3479
3479
3478
3477
3477
3476
3474
3474
3473
3471
3471
3471
3467
3467
3467
3466
3464
3463
3463
3463
3462
3462
3460
3455
3452
3450
3448
3447
3445
3444
3443
3443
3443
3443
3442
3441
3441
3439
3435
3435
3434
3434
3433
3433
3433
3432
3432
3432
3431
3429
3427
3426
3426
3425
3422
3422
3421
3421
3421
3419
3418
3418
3416
3416
3414
3412
3412
3412
3409
3408
3407
3407
3407
3405
3405
3403
3402
3401
3400
3399
3397
3397
3397
3396
3396
3393
3392
3390
3390
3390
3390
3388
3388
3386
3383
3382
3381
3380
3379
3379
3376
3372
3372
3372
3369
3364
3362
3362
3362
3360
3359
3359
3359
3359
3358
3358
3358
3357
3355
3353
3352
3351
3350
3350
3350
3347
3347
3347
3344
3344
3343
3343
3340
3340
3339
3338
3338
3337
3336
3336
3336
3336
3334
3334
3333
3333
3332
3331
3331
3331
3328
3328
3328
3327
3327
3326
3325
3324
3321
3320
3318
3318
3316
3313
3311
3310
3310
3309
3309
3308
3308
3307
3306
3306
3306
3306
3304
3304
3303
3301
3299
3298
3298
3297
3296
3293
3293
3292
3292
3287
3285
3284
3282
3281
3280
3278
3276
3274
3274
3274
3273
3273
3273
3271
3271
3271
3269
3267
3267
3266
3265
3264
3264
3263
3262
3261
3260
3259
3258
3257
3257
3256
3255
3255
3254
3253
3253
3253
3249
3249
3246
3245
3244
3243
3242
3241
3241
3241
3240
3239
3238
3238
3236
3236
3234
3234
3231
3230
3228
3228
3228
3227
3227
3227
3225
3224
3224
3222
3222
3220
3218
3217
3216
3214
3214
3213
3211
3210
3210
3208
3206
3205
3204
3203
3200
3198
3197
3196
3196
3194
3194
3193
3192
3191
3191
3190
3189
3187
3187
3187
3186
3186
3186
3185
3184
3182
3182
3180
3180
3180
3179
3177
3177
3177
3176
3176
3176
3176
3175
3175
3172
3172
3172
3171
3170
3169
3169
3168
3167
3166
3164
3164
3163
3163
3162
3160
3159
3159
3159
3158
3157
3154
3153
3153
3150
3149
3149
3149
3146
3146
3146
3145
3145
3144
3142
3141
3141
3139
3139
3138
3138
3138
3135
3135
3134
3133
3131
3129
3127
3125
3125
3124
3123
3123
3121
3121
3115
3115
3115
3114
3112
3112
3112
3110
3109
3109
3108
3107
3106
3104
3103
3102
3099
3098
3097
3095
3091
3090
3090
3090
3089
3089
3089
3088
3088
3087
3087
3085
3085
3084
3084
3084
3083
3083
3082
3081
3081
3080
3079
3077
3076
3076
3075
3073
3073
3072
3069
3069
3069
3069
3068
3068
3067
3066
3063
3063
3063
3061
3059
3059
3058
3057
3053
3052
3050
3049
3048
3048
3047
3047
3046
3046
3045
3042
3042
3040
3040
3039
3038
3037
3036
3035
3035
3032
3031
3031
3030
3028
3028
3024
3023
3023
3021
3021
3020
3020
3020
3019
3019
3018
3017
3017
3016
3013
3011
3009
3007
3007
3006
3005
3004
3004
3004
3003
3001
3001
3001
3001
3001
3000
2999
2997
2997
2997
2996
2995
2994
2993
2993
2991
2990
2990
2986
2985
2984
2984
2983
2983
2983
2982
2978
2978
2978
2977
2977
2977
2976
2976
2975
2973
2973
2971
2970
2970
2968
2966
2965
2965
2963
2962
2962
2962
2962
2962
2962
2961
2959
2958
2958
2958
2951
2950
2946
2945
2943
2939
2939
2938
2936
2935
2933
2933
2933
2932
2932
2931
2931
2931
2931
2929
2929
2929
2928
2926
2926
2925
2924
2924
2924
2923
2923
2922
2922
2922
2921
2921
2919
2918
2916
2916
2916
2916
2916
2914
2913
2912
2912
2909
2908
2908
2907
2907
2905
2905
2904
2904
2903
2902
2900
2899
2897
2896
2895
2894
2894
2892
2891
2889
2889
2887
2887
2886
2886
2886
2886
2881
2878
2877
2877
2875
2874
2873
2870
2869
2869
2867
2866
2865
2865
2863
2859
2858
2857
2857
2855
2855
2853
2852
2851
2850
2850
2850
2848
2848
2848
2846
2845
2844
2843
2843
2840
2838
2837
2837
2837
2836
2832
2831
2830
2830
2830
2830
2828
2828
2827
2826
2825
2825
2824
2822
2822
2821
2821
2819
2819
2818
2816
2815
2814
2814
2813
2812
2812
2810
2810
2810
2809
2809
2807
2807
2806
2805
2805
2804
2803
2802
2800
2800
2799
2796
2795
2792
2792
2791
2791
2791
2790
2789
2787
2786
2784
2782
2781
2781
2780
2778
2778
2777
2775
2775
2774
2774
2770
2768
2768
2767
2767
2766
2766
2764
2763
2763
2762
2762
2759
2759
2756
2754
2754
2753
2753
2751
2751
2750
2750
2750
2750
2750
2747
2744
2744
2743
2741
2740
2738
2738
2737
2734
2734
2734
2733
2732
2731
2731
2731
2729
2729
2728
2727
2726
2726
2726
2726
2725
2724
2724
2724
2722
2722
2720
2720
2719
2716
2716
2716
2714
2713
2713
2712
2711
2710
2709
2709
2707
2706
2704
2704
2704
2702
2702
2701
2701
2700
2699
2699
2697
2696
2695
2695
2695
2695
2695
2691
2691
2690
2689
2687
2687
2687
2686
2686
2686
2686
2685
2682
2682
2679
2677
2676
2676
2674
2673
2672
2669
2667
2667
2667
2666
2665
2662
2661
2661
2660
2659
2657
2657
2657
2654
2650
2648
2647
2646
2643
2639
2638
2638
2636
2636
2635
2635
2633
2631
2629
2628
2627
2626
2626
2626
2625
2624
2622
2619
2619
2618
2617
2614
2613
2613
2613
2611
2609
2608
2608
2606
2606
2604
2604
2604
2604
2604
2604
2603
2602
2602
2601
2598
2596
2596
2595
2594
2593
2593
2590
2589
2588
2586
2585
2584
2584
2583
2583
2581
2580
2579
2579
2578
2578
2577
2577
2576
2574
2571
2569
2569
2566
2565
2565
2565
2564
2564
2563
2562
2562
2560
2560
2559
2558
2557
2556
2555
2553
2552
2552
2552
2552
2550
2548
2547
2546
2545
2545
2545
2542
2542
2539
2539
2539
2539
2539
2537
2535
2534
2533
2532
2532
2532
2531
2531
2531
2530
2529
2528
2527
2527
2527
2525
2523
2522
2522
2521
2518
2516
2516
2515
2511
2511
2509
2508
2507
2506
2504
2504
2503
2502
2500
2497
2497
2497
2494
2494
2494
2493
2493
2489
2489
2488
2487
2486
2486
2485
2485
2485
2484
2484
2484
2483
2483
2483
2481
2479
2478
2478
2478
2477
2477
2477
2477
2474
2472
2471
2471
2469
2469
2467
2467
2467
2467
2465
2462
2458
2457
2456
2455
2453
2451
2450
2449
2449
2448
2448
2447
2447
2447
2446
2445
2443
2442
2442
2442
2442
2440
2440
2438
2438
2437
2436
2434
2432
2432
2432
2430
2430
2429
2428
2427
2427
2425
2423
2422
2422
2419
2418
2417
2416
2416
2415
2414
2413
2413
2413
2413
2412
2408
2408
2408
2407
2407
2407
2405
2404
2404
2403
2402
2402
2400
2399
2399
2398
2398
2398
2396
2395
2394
2394
2393
2392
2392
2390
2390
2389
2387
2387
2385
2385
2384
2384
2384
2381
2378
2378
2378
2377
2376
2372
2372
2372
2371
2371
2371
2370
2368
2368
2368
2368
2365
2364
2362
2362
2361
2358
2355
2355
2354
2353
2352
2352
2349
2348
2347
2346
2345
2345
2344
2343
2343
2342
2341
2340
2339
2337
2336
2335
2335
2332
2331
2329
2329
2328
2325
2325
2325
2324
2324
2322
2319
2316
2316
2314
2314
2309
2309
2307
2307
2306
2305
2304
2303
2302
2301
2300
2298
2297
2297
2294
2293
2292
2291
2289
2288
2286
2286
2286
2285
2284
2284
2284
2283
2283
2283
2282
2281
2279
2277
2273
2273
2269
2266
2266
2265
2265
2261
2259
2255
2254
2254
2253
2253
2250
2247
2247
2246
2246
2246
2245
2243
2243
2242
2239
2239
2238
2238
2238
2237
2235
2234
2234
2230
2228
2228
2228
2226
2226
2226
2225
2224
2223
2223
2221
2220
2216
2214
2214
2213
2212
2212
2211
2209
2208
2207
2206
2205
2204
2203
2201
2200
2200
2199
2199
2197
2193
2193
2192
2192
2189
2189
2188
2188
2187
2187
2186
2185
2185
2184
2184
2184
2181
2180
2180
2180
2179
2178
2177
2175
2174
2173
2173
2172
2172
2172
2171
2170
2169
2169
2167
2166
2165
2165
2164
2162
2161
2161
2161
2160
2159
2158
2158
2158
2158
2155
2155
2154
2153
2152
2151
2151
2150
2150
2149
2149
2148
2147
2145
2143
2141
2139
2139
2138
2137
2136
2133
2133
2133
2131
2130
2130
2129
2129
2128
2127
2126
2126
2125
2121
2120
2119
2118
2118
2118
2118
2113
2112
2112
2111
2107
2106
2103
2103
2101
2101
2100
2100
2099
2098
2098
2097
2096
2095
2094
2094
2094
2094
2094
2094
2093
2093
2093
2091
2090
2090
2086
2086
2083
2082
2082
2081
2081
2080
2079
2078
2077
2076
2076
2074
2071
2071
2071
2070
2070
2070
2070
2067
2064
2064
2061
2059
2058
2058
2058
2058
2057
2053
2053
2051
2051
2051
2050
2050
2049
2047
2045
2042
2042
2042
2041
2040
2039
2039
2038
2037
2036
2035
2031
2028
2027
2027
2024
2023
2020
2020
2018
2017
2016
2015
2014
2013
2013
2012
2011
2011
2009
2008
2008
2008
2006
2005
2005
2004
2004
2002
2002
2002
2000
1999
1997
1997
1996
1996
1995
1994
1994
1994
1993
1993
1991
1991
1991
1989
1989
1988
1988
1986
1986
1986
1985
1985
1982
1982
1982
1982
1978
1977
1975
1974
1973
1972
1971
1971
1970
1970
1969
1969
1968
1965
1965
1964
1963
1962
1962
1960
1957
1955
1955
1955
1955
1954
1954
1953
1953
1952
1952
1949
1948
1948
1948
1947
1942
1941
1941
1940
1938
1937
1934
1933
1932
1930
1929
1928
1928
1926
1924
1923
1922
1922
1921
1919
1919
1918
1917
1916
1916
1915
1915
1913
1911
1911
1911
1911
1909
1907
1905
1904
1903
1903
1901
1900
1898
1896
1895
1894
1890
1889
1886
1886
1884
1884
1882
1882
1881
1881
1880
1880
1879
1878
1878
1878
1878
1874
1873
1873
1872
1869
1869
1869
1867
1867
1867
1865
1865
1865
1864
1863
1863
1862
1861
1857
1854
1854
1853
1853
1853
1852
1850
1849
1848
1848
1848
1846
1846
1844
1838
1835
1835
1832
1832
1832
1832
1831
1828
1826
1824
1821
1821
1820
1820
1820
1817
1816
1816
1814
1813
1811
1808
1806
1805
1805
1805
1805
1804
1803
1802
1801
1800
1800
1800
1800
1798
1796
1796
1795
1795
1795
1793
1791
1790
1788
1788
1787
1787
1786
1786
1786
1786
1785
1783
1783
1782
1781
1776
1775
1771
1771
1771
1770
1770
1767
1767
1766
1760
1760
1757
1757
1755
1754
1754
1753
1749
1749
1748
1747
1747
1745
1745
1744
1744
1744
1740
1740
1740
1737
1737
1735
1734
1734
1732
1731
1730
1730
1727
1726
1725
1725
1724
1722
1722
1722
1720
1720
1720
1719
1719
1718
1717
1715
1714
1713
1713
1713
1712
1712
1712
1712
1710
1708
1706
1706
1705
1704
1704
1703
1702
1701
1701
1701
1700
1699
1699
1696
1695
1695
1694
1694
1694
1693
1693
1692
1691
1690
1689
1689
1689
1688
1687
1686
1684
1684
1681
1679
1678
1678
1676
1676
1675
1675
1675
1672
1669
1668
1666
1666
1665
1665
1664
1662
1660
1658
1658
1657
1656
1655
1654
1654
1653
1653
1653
1653
1653
1652
1651
1650
1644
1643
1643
1642
1642
1642
1642
1641
1641
1639
1637
1637
1635
1634
1634
1633
1633
1632
1631
1630
1629
1628
1627
1625
1623
1622
1622
1621
1621
1619
1619
1618
1617
1616
1616
1615
1615
1614
1613
1612
1612
1612
1611
1611
1610
1608
1605
1605
1605
1604
1604
1603
1601
1600
1599
1598
1597
1596
1596
1596
1595
1595
1594
1592
1591
1591
1591
1588
1588
1587
1585
1584
1584
1582
1581
1581
1581
1580
1579
1579
1578
1576
1576
1572
1570
1570
1570
1569
1569
1569
1569
1569
1567
1567
1567
1567
1566
1565
1565
1562
1562
1560
1559
1559
1558
1558
1558
1557
1552
1552
1550
1549
1548
1546
1546
1546
1546
1545
1545
1545
1543
1542
1542
1541
1541
1541
1540
1540
1540
1539
1539
1537
1536
1535
1535
1532
1531
1527
1525
1525
1523
1521
1521
1520
1520
1519
1517
1516
1514
1513
1512
1512
1510
1510
1509
1507
1507
1507
1506
1506
1506
1505
1505
1505
1503
1502
1497
1495
1495
1494
1494
1492
1492
1492
1492
1492
1491
1490
1490
1489
1488
1488
1486
1485
1485
1484
1483
1482
1480
1480
1479
1478
1477
1477
1474
1473
1473
1472
1472
1470
1469
1467
1466
1466
1466
1464
1463
1461
1460
1459
1457
1456
1453
1452
1451
1451
1449
1447
1446
1446
1445
1445
1444
1442
1440
1439
1438
1437
1436
1433
1432
1431
1431
1431
1430
1430
1430
1429
1429
1427
1427
1426
1426
1425
1425
1425
1424
1420
1419
1419
1418
1417
1416
1416
1415
1413
1412
1411
1407
1406
1406
1404
1403
1403
1403
1403
1403
1401
1399
1397
1396
1396
1394
1393
1391
1391
1391
1391
1391
1390
1388
1387
1385
1385
1384
1384
1380
1380
1380
1380
1378
1377
1374
1374
1374
1373
1372
1372
1372
1369
1369
1369
1369
1368
1367
1367
1364
1362
1358
1358
1356
1356
1356
1355
1355
1354
1353
1351
1350
1347
1347
1347
1346
1344
1343
1343
1343
1342
1342
1341
1341
1341
1339
1338
1338
1336
1334
1334
1334
1334
1333
1332
1332
1332
1330
1329
1329
1329
1327
1327
1326
1325
1324
1323
1321
1321
1320
1318
1317
1317
1317
1316
1312
1309
1307
1306
1306
1305
1304
1304
1301
1300
1299
1297
1295
1294
1293
1292
1292
1292
1289
1289
1287
1286
1285
1285
1284
1283
1282
1282
1281
1279
1279
1277
1277
1276
1275
1274
1274
1274
1273
1272
1271
1271
1270
1267
1264
1262
1262
1260
1260
1259
1259
1257
1256
1255
1250
1249
1248
1248
1248
1245
1244
1244
1243
1242
1239
1238
1238
1237
1237
1231
1231
1231
1229
1229
1227
1226
1226
1226
1225
1225
1225
1222
1222
1221
1220
1219
1219
1218
1218
1217
1217
1215
1214
1214
1214
1214
1213
1213
1212
1210
1209
1207
1206
1205
1205
1204
1203
1201
1198
1195
1194
1194
1193
1192
1191
1191
1191
1190
1189
1189
1188
1187
1183
1182
1182
1180
1179
1177
1175
1175
1174
1173
1172
1172
1171
1171
1170
1170
1169
1167
1167
1167
1167
1164
1162
1162
1161
1161
1161
1158
1157
1155
1153
1153
1152
1150
1150
1150
1149
1146
1145
1145
1145
1144
1144
1143
1139
1138
1136
1136
1135
1133
1132
1132
1130
1130
1128
1128
1126
1126
1126
1125
1125
1124
1121
1120
1120
1120
1119
1118
1117
1115
1115
1114
1113
1113
1113
1112
1111
1111
1111
1110
1108
1106
1106
1104
1103
1101
1101
1101
1098
1097
1096
1096
1095
1095
1094
1094
1091
1091
1090
1090
1089
1089
1089
1089
1087
1087
1087
1086
1083
1083
1082
1082
1082
1080
1080
1077
1077
1076
1076
1074
1072
1072
1071
1067
1066
1065
1065
1064
1064
1061
1061
1061
1061
1060
1059
1059
1056
1056
1053
1052
1051
1051
1050
1050
1049
1048
1046
1046
1046
1046
1045
1042
1040
1040
1040
1039
1039
1039
1039
1035
1033
1032
1032
1031
1030
1029
1027
1026
1025
1024
1024
1023
1022
1022
1020
1020
1019
1019
1018
1016
1016
1014
1014
1013
1012
1010
1009
1008
1005
1003
1000
998
998
996
996
994
993
993
992
992
990
990
990
989
988
988
987
987
987
987
986
985
983
981
981
980
980
980
975
973
971
970
969
969
967
967
966
966
964
961
960
960
960
960
960
957
955
953
952
951
950
949
949
949
947
945
945
945
945
944
942
939
938
935
935
933
932
932
932
931
930
927
927
925
924
923
923
921
921
921
920
920
920
919
919
918
918
917
915
914
912
912
908
907
907
906
905
905
904
904
901
901
901
900
900
899
898
896
896
896
895
893
892
889
889
888
888
887
886
886
886
883
883
881
881
879
879
878
877
877
876
876
875
875
875
874
874
874
872
872
870
870
870
868
866
866
865
863
860
860
858
857
855
855
854
853
853
851
850
848
847
845
842
840
838
838
837
837
836
836
835
833
832
829
828
827
827
827
826
826
826
823
820
819
818
816
816
814
813
813
813
813
813
811
811
810
809
808
808
807
804
803
802
802
796
796
794
794
792
790
789
788
787
786
785
784
783
782
781
781
780
780
775
775
775
774
774
772
772
769
769
768
767
765
765
764
763
763
761
760
760
758
757
755
754
754
753
751
749
748
745
745
745
742
742
740
740
736
735
734
730
728
727
727
727
726
722
722
722
720
719
719
719
718
718
717
717
714
714
711
711
711
709
709
708
706
706
705
703
702
701
698
697
697
696
695
694
694
694
693
692
692
690
689
689
689
688
688
688
687
686
685
685
682
681
680
680
679
679
677
676
676
675
674
672
671
670
670
669
669
668
667
667
667
665
665
664
664
663
662
661
659
658
656
656
653
652
652
651
650
649
649
648
648
647
645
644
644
640
640
639
638
638
637
637
637
636
636
635
633
631
631
628
626
623
623
623
621
621
617
617
617
615
613
611
611
606
604
604
602
599
598
598
598
597
594
594
590
590
590
590
589
589
582
582
580
579
577
575
574
574
573
573
573
571
570
568
565
564
563
561
560
559
558
558
558
555
553
553
549
547
547
546
543
543
543
543
540
539
538
537
534
533
532
532
531
531
531
530
530
529
529
529
529
527
526
525
524
523
523
522
520
518
518
517
517
517
517
516
514
512
509
509
506
502
501
499
498
498
498
497
496
493
492
490
490
489
488
486
485
485
485
483
483
483
479
479
478
477
476
475
474
473
473
472
472
471
471
470
469
469
468
466
465
464
464
461
460
459
459
458
458
458
458
456
455
455
452
449
448
447
447
447
444
443
439
439
437
436
435
435
434
434
433
432
430
429
428
428
428
428
427
427
427
427
425
424
424
424
423
423
422
421
420
419
419
417
417
417
416
414
414
414
413
411
411
410
408
407
405
404
402
402
401
401
401
400
400
399
395
395
394
394
393
391
390
389
386
385
384
383
382
381
381
377
375
375
374
373
373
373
372
372
371
370
366
365
365
364
364
361
361
360
360
360
356
356
354
347
346
346
346
346
344
344
343
343
341
341
340
340
340
339
338
338
338
337
337
337
336
336
335
334
334
334
332
332
329
329
327
327
327
325
325
324
323
322
320
318
318
317
314
310
309
308
307
305
304
304
303
303
300
299
299
297
295
295
291
290
289
287
286
281
281
281
281
279
274
274
274
273
272
272
271
271
270
266
265
265
262
261
261
261
260
259
258
258
257
257
257
256
256
253
252
251
250
249
248
247
246
244
244
243
243
241
241
239
239
238
237
235
233
229
224
222
221
219
218
218
218
217
215
215
215
212
205
205
203
203
197
197
196
196
195
190
190
188
188
187
185
184
183
182
182
180
179
179
177
174
172
172
171
170
169
169
169
166
165
164
163
163
163
162
162
162
162
162
161
161
160
157
157
157
155
154
153
149
149
149
148
147
147
145
143
142
141
140
139
139
138
137
137
136
136
135
133
132
132
131
131
131
127
126
118
118
117
117
115
115
115
114
114
113
113
112
112
111
110
110
106
106
105
104
104
104
103
101
98
98
97
96
95
95
94
93
92
91
89
87
84
84
83
82
81
77
74
74
72
71
71
68
68
68
65
64
63
63
62
60
60
60
57
57
56
56
55
52
52
50
50
50
49
48
47
44
44
43
41
40
39
38
37
37
37
37
36
34
32
30
28
28
27
26
24
24
24
23
23
22
21
21
20
18
18
15
14
14
13
13
12
12
12
12
11
11
11
10
10
9
8
8
7
6
5
4
4
4
2
2
1
