9998
9997
9997
9996
9996
9993
9992
9990
9990
9989
9989
9988
9987
9987
9986
9986
9986
9982
9981
9980
9979
9978
9976
9975
9975
9974
9973
9972
9971
9971
9970
9970
9967
9966
9966
9965
9963
9963
9963
9962
9959
9957
9957
9957
9955
9953
9951
9949
9944
9943
9942
9941
9940
9939
9938
9935
9934
9934
9934
9933
9933
9933
9932
9931
9931
9931
9931
9929
9929
9927
9926
9926
9924
9923
9923
9919
9919
9918
9918
9917
9916
9915
9915
9914
9913
9912
9912
9910
9910
9907
9907
9907
9906
9906
9904
9904
9903
9902
9901
9900
9899
9898
9897
9897
9895
9895
9895
9893
9892
9892
9891
9890
9889
9887
9887
9884
9884
9884
9883
9881
9880
9879
9879
9878
9877
9874
9874
9874
9872
9871
9870
9866
9866
9865
9864
9861
9860
9860
9860
9860
9852
9851
9850
9850
9849
9848
9848
9848
9847
9847
9843
9843
9842
9841
9841
9840
9839
9838
9838
9835
9835
9835
9834
9833
9833
9831
9830
9828
9828
9827
9826
9826
9824
9824
9823
9822
9822
9819
9819
9817
9816
9816
9816
9815
9814
9814
9813
9813
9811
9809
9808
9808
9808
9807
9807
9805
9805
9802
9802
9801
9801
9797
9797
9796
9795
9794
9793
9792
9792
9792
9788
9788
9787
9784
9783
9783
9780
9780
9780
9779
9778
9777
9776
9776
9775
9774
9774
9774
9773
9772
9771
9771
9771
9771
9770
9770
9769
9769
9767
9766
9765
9765
9763
9763
9761
9760
9759
9758
9754
9753
9752
9752
9751
9751
9751
9749
9749
9747
9745
9744
9744
9739
9738
9736
9735
9735
9734
9732
9729
9728
9728
9725
9725
9724
9724
9721
9720
9716
9715
9714
9713
9711
9709
9708
9708
9708
9707
9706
9705
9704
9704
9704
9703
9702
9702
9702
9700
9698
9697
9696
9696
9696
9695
9695
9693
9692
9692
9692
9690
9689
9689
9687
9685
9684
9684
9682
9681
9681
9680
9677
9676
9676
9674
9673
9672
9672
9671
9669
9668
9668
9667
9666
9666
9664
9663
9661
9660
9660
9659
9657
9656
9656
9652
9651
9651
9651
9650
9650
9649
9648
9648
9648
9647
9646
9645
9644
9644
9642
9641
9638
9637
9636
9635
9635
9634
9634
9632
9630
9628
9628
9628
9626
9624
9623
9623
9622
9622
9621
9619
9619
9618
9617
9617
9615
9613
9613
9612
9612
9607
9607
9605
9604
9604
9604
9602
9601
9601
9600
9600
9596
9596
9595
9595
9593
9592
9592
9591
9590
9590
9589
9588
9587
9586
9586
9585
9585
9585
9584
9584
9584
9582
9580
9580
9579
9579
9578
9577
9577
9576
9575
9575
9575
9574
9573
9571
9571
9570
9570
9570
9568
9568
9567
9567
9567
9565
9565
9565
9564
9561
9560
9560
9559
9556
9556
9555
9555
9555
9554
9554
9554
9554
9551
9551
9551
9548
9548
9548
9547
9547
9546
9545
9544
9544
9543
9541
9540
9540
9538
9536
9536
9535
9533
9532
9529
9529
9529
9528
9524
9524
9523
9523
9520
9519
9519
9517
9517
9517
9517
9516
9515
9513
9513
9512
9512
9512
9511
9510
9505
9505
9504
9504
9503
9500
9500
9499
9497
9495
9494
9494
9492
9492
9492
9491
9490
9490
9488
9484
9483
9482
9478
9478
9478
9477
9477
9477
9476
9475
9473
9473
9470
9469
9468
9468
9468
9468
9467
9467
9462
9461
9459
9459
9457
9455
9455
9454
9454
9453
9453
9452
9452
9452
9452
9451
9451
9451
9451
9451
9450
9449
9447
9446
9446
9446
9444
9443
9442
9442
9441
9439
9439
9437
9434
9431
9431
9430
9429
9429
9429
9428
9428
9426
9426
9424
9424
9423
9422
9420
9418
9414
9414
9414
9414
9413
9413
9412
9410
9410
9409
9408
9407
9406
9405
9404
9402
9402
9401
9398
9395
9395
9395
9394
9392
9390
9390
9386
9385
9384
9383
9378
9378
9377
9376
9375
9374
9373
9372
9368
9367
9366
9363
9361
9360
9359
9358
9356
9355
9355
9355
9354
9349
9348
9348
9348
9347
9347
9347
9346
9345
9344
9343
9343
9343
9341
9340
9340
9340
9338
9337
9335
9335
9333
9332
9332
9331
9327
9325
9323
9321
9320
9320
9320
9319
9319
9319
9315
9314
9313
9310
9310
9310
9309
9309
9308
9308
9306
9306
9305
9304
9300
9300
9299
9298
9297
9296
9295
9294
9294
9294
9294
9293
9293
9292
9291
9291
9290
9289
9289
9289
9288
9288
9287
9287
9287
9284
9281
9281
9280
9280
9279
9278
9277
9274
9274
9271
9271
9270
9266
9265
9265
9264
9263
9263
9260
9260
9260
9259
9257
9257
9256
9255
9255
9254
9254
9253
9252
9252
9252
9249
9248
9245
9245
9244
9243
9242
9241
9241
9241
9240
9240
9239
9239
9237
9237
9233
9233
9233
9233
9231
9230
9229
9228
9226
9224
9223
9218
9217
9217
9216
9216
9215
9214
9213
9212
9211
9207
9206
9203
9203
9200
9200
9199
9198
9198
9197
9196
9192
9191
9189
9189
9189
9188
9188
9186
9186
9186
9186
9185
9185
9184
9183
9183
9183
9182
9180
9179
9179
9178
9178
9176
9176
9176
9175
9173
9172
9170
9170
9169
9168
9168
9166
9166
9166
9165
9165
9164
9163
9162
9162
9162
9162
9161
9160
9160
9160
9158
9157
9156
9155
9154
9153
9152
9152
9151
9150
9149
9149
9145
9144
9143
9143
9142
9142
9142
9142
9138
9136
9136
9136
9135
9133
9132
9131
9131
9130
9128
9128
9127
9126
9126
9121
9120
9119
9118
9115
9111
9111
9110
9109
9108
9107
9107
9106
9106
9106
9106
9105
9105
9105
9104
9100
9096
9095
9094
9092
9091
9090
9090
9090
9088
9088
9085
9082
9082
9082
9081
9081
9081
9079
9079
9078
9077
9077
9077
9075
9075
9074
9072
9071
9069
9068
9067
9067
9066
9065
9065
9065
9065
9064
9064
9063
9063
9062
9060
9060
9058
9057
9056
9056
9055
9055
9054
9053
9053
9052
9052
9052
9051
9049
9048
9047
9046
9045
9043
9042
9042
9041
9041
9040
9040
9039
9038
9037
9037
9037
9037
9035
9034
9034
9033
9033
9033
9031
9031
9030
9030
9029
9027
9026
9026
9025
9025
9024
9023
9023
9021
9018
9015
9015
9015
9015
9014
9012
9011
9010
9010
9010
9009
9009
9008
9007
9005
9003
9003
9000
9000
8999
8999
8999
8998
8997
8992
8991
8990
8990
8989
8988
8987
8986
8985
8984
8982
8981
8979
8976
8975
8975
8974
8973
8973
8973
8972
8971
8970
8966
8966
8966
8964
8963
8962
8960
8959
8958
8958
8957
8955
8953
8951
8949
8944
8938
8938
8937
8937
8936
8933
8932
8930
8929
8926
8924
8923
8923
8922
8922
8921
8919
8919
8918
8918
8917
8915
8914
8913
8912
8909
8907
8906
8906
8906
8906
8905
8904
8904
8903
8902
8901
8900
8898
8898
8895
8895
8895
8891
8891
8891
8890
8889
8888
8887
8887
8884
8884
8883
8883
8883
8880
8878
8877
8876
8876
8874
8873
8873
8869
8869
8865
8860
8857
8856
8854
8853
8853
8852
8851
8849
8848
8846
8846
8846
8845
8844
8843
8843
8843
8842
8841
8840
8840
8839
8838
8838
8838
8836
8836
8836
8835
8835
8834
8832
8832
8831
8828
8828
8828
8827
8827
8825
8824
8821
8821
8820
8819
8818
8818
8814
8814
8814
8814
8814
8814
8811
8810
8810
8808
8808
8808
8806
8805
8803
8802
8800
8799
8799
8796
8795
8795
8794
8794
8793
8793
8792
8792
8791
8791
8789
8788
8788
8786
8785
8785
8785
8784
8783
8782
8782
8781
8780
8779
8779
8778
8778
8776
8776
8776
8773
8773
8770
8770
8766
8766
8763
8762
8760
8760
8760
8758
8758
8757
8756
8754
8754
8753
8751
8751
8750
8749
8747
8746
8744
8743
8740
8738
8737
8736
8736
8735
8733
8731
8728
8728
8728
8726
8724
8724
8722
8721
8719
8718
8715
8712
8712
8711
8707
8707
8707
8707
8707
8706
8706
8704
8704
8703
8701
8700
8698
8698
8698
8697
8696
8696
8695
8695
8695
8694
8693
8692
8691
8690
8690
8687
8686
8685
8685
8685
8684
8683
8682
8681
8679
8676
8673
8671
8669
8668
8666
8665
8665
8664
8663
8662
8661
8660
8660
8660
8658
8657
8655
8655
8654
8650
8650
8649
8649
8648
8648
8645
8645
8644
8642
8641
8641
8640
8640
8640
8638
8637
8637
8637
8637
8636
8635
8635
8628
8628
8628
8626
8625
8623
8623
8622
8621
8620
8619
8618
8616
8615
8614
8614
8614
8611
8610
8610
8610
8607
8607
8606
8606
8603
8602
8599
8598
8596
8596
8596
8594
8594
8593
8592
8591
8590
8589
8588
8585
8582
8580
8580
8580
8579
8579
8579
8579
8578
8576
8576
8576
8575
8574
8574
8573
8573
8572
8572
8572
8571
8571
8571
8571
8567
8567
8566
8564
8561
8561
8558
8557
8556
8556
8555
8555
8554
8554
8554
8553
8553
8552
8551
8549
8547
8545
8544
8544
8544
8542
8542
8542
8541
8540
8539
8538
8537
8537
8537
8535
8534
8534
8534
8534
8533
8533
8532
8531
8529
8529
8527
8526
8522
8522
8521
8519
8519
8517
8516
8516
8515
8513
8511
8511
8511
8509
8509
8509
8507
8507
8507
8505
8505
8503
8503
8502
8501
8500
8499
8499
8497
8497
8497
8495
8494
8494
8494
8493
8492
8490
8487
8487
8487
8486
8484
8484
8483
8481
8480
8479
8478
8476
8476
8476
8475
8474
8473
8473
8472
8472
8471
8470
8469
8469
8469
8467
8466
8464
8464
8463
8463
8461
8461
8460
8460
8457
8456
8455
8454
8454
8453
8452
8452
8450
8450
8449
8449
8448
8446
8444
8443
8443
8443
8442
8442
8441
8440
8439
8439
8437
8436
8434
8432
8431
8430
8429
8429
8428
8426
8426
8424
8424
8424
8421
8421
8421
8421
8420
8418
8416
8415
8414
8414
8413
8413
8413
8413
8411
8411
8410
8410
8409
8409
8407
8406
8405
8405
8405
8404
8404
8402
8401
8400
8400
8397
8396
8395
8395
8395
8395
8393
8392
8391
8391
8391
8391
8390
8390
8389
8388
8387
8387
8386
8384
8382
8380
8377
8376
8375
8374
8374
8373
8373
8373
8372
8371
8369
8365
8364
8364
8364
8364
8362
8362
8361
8359
8359
8355
8354
8354
8354
8354
8354
8353
8352
8350
8349
8344
8342
8342
8341
8341
8337
8333
8332
8331
8330
8329
8329
8328
8326
8326
8325
8325
8324
8324
8323
8323
8322
8321
8321
8319
8319
8319
8318
8317
8312
8311
8309
8309
8308
8308
8308
8308
8307
8306
8306
8305
8305
8303
8302
8300
8299
8298
8298
8296
8296
8295
8295
8295
8295
8293
8290
8290
8288
8287
8287
8287
8284
8284
8283
8282
8282
8281
8276
8276
8276
8276
8274
8274
8273
8270
8269
8269
8268
8265
8257
8257
8257
8256
8255
8254
8254
8253
8252
8252
8251
8250
8248
8247
8246
8245
8243
8242
8241
8241
8240
8240
8240
8238
8238
8237
8236
8235
8233
8233
8232
8230
8229
8229
8228
8227
8227
8227
8224
8223
8223
8221
8221
8220
8220
8220
8219
8217
8216
8216
8216
8215
8214
8214
8213
8212
8212
8211
8211
8210
8208
8206
8205
8205
8204
8203
8201
8197
8196
8195
8194
8194
8194
8191
8190
8189
8187
8187
8186
8184
8184
8183
8183
8181
8180
8180
8179
8179
8178
8178
8177
8177
8177
8176
8175
8175
8174
8174
8173
8173
8171
8170
8170
8166
8166
8166
8165
8164
8164
8163
8161
8160
8159
8159
8158
8158
8158
8155
8153
8153
8152
8152
8150
8147
8147
8146
8145
8143
8141
8140
8138
8138
8137
8134
8132
8131
8129
8129
8127
8126
8126
8126
8125
8124
8122
8121
8121
8118
8118
8116
8115
8115
8113
8113
8113
8111
8110
8110
8108
8108
8108
8107
8107
8106
8106
8103
8103
8103
8102
8099
8098
8098
8098
8097
8097
8096
8096
8095
8094
8093
8090
8090
8087
8087
8084
8079
8076
8074
8073
8071
8071
8068
8068
8067
8066
8061
8061
8061
8059
8059
8058
8058
8057
8057
8056
8056
8054
8054
8054
8053
8048
8047
8047
8047
8046
8045
8044
8044
8043
8042
8042
8042
8040
8040
8040
8040
8039
8038
8037
8036
8034
8034
8033
8030
8029
8028
8025
8025
8025
8024
8023
8023
8021
8021
8020
8019
8019
8019
8017
8013
8012
8012
8010
8010
8010
8008
8007
8006
8004
8003
8003
8002
8002
8002
8001
8001
8000
7996
7996
7996
7996
7993
7993
7993
7992
7991
7991
7990
7990
7986
7986
7986
7985
7984
7982
7982
7981
7980
7979
7979
7979
7979
7979
7978
7978
7977
7977
7976
7976
7975
7974
7974
7973
7972
7972
7972
7971
7970
7969
7967
7967
7967
7966
7966
7964
7964
7963
7962
7962
7961
7961
7960
7960
7958
7958
7955
7955
7954
7954
7953
7953
7950
7950
7950
7949
7949
7946
7943
7943
7943
7938
7938
7937
7937
7937
7937
7937
7933
7931
7931
7930
7928
7928
7927
7924
7924
7924
7923
7919
7918
7918
7916
7916
7916
7913
7912
7912
7912
7911
7909
7908
7907
7906
7906
7906
7906
7905
7905
7904
7903
7902
7901
7901
7901
7897
7897
7897
7896
7896
7893
7893
7892
7891
7888
7887
7886
7886
7884
7884
7883
7883
7882
7882
7878
7877
7876
7875
7872
7870
7869
7863
7858
7858
7857
7856
7856
7856
7856
7856
7855
7855
7854
7854
7854
7853
7851
7851
7849
7847
7847
7846
7845
7839
7837
7837
7837
7836
7836
7835
7835
7831
7829
7828
7827
7826
7825
7824
7823
7823
7822
7821
7821
7821
7821
7820
7817
7817
7817
7817
7817
7816
7816
7813
7812
7812
7811
7810
7809
7809
7808
7808
7808
7807
7807
7806
7805
7805
7804
7802
7802
7801
7801
7800
7800
7798
7797
7796
7796
7795
7793
7791
7791
7789
7789
7789
7789
7788
7788
7788
7786
7786
7785
7784
7781
7777
7776
7776
7775
7774
7774
7772
7770
7767
7766
7765
7765
7764
7763
7763
7763
7762
7762
7760
7758
7758
7753
7753
7752
7752
7750
7749
7749
7749
7747
7747
7747
7747
7746
7746
7745
7744
7744
7744
7743
7743
7742
7738
7738
7738
7737
7736
7736
7735
7732
7731
7731
7730
7729
7728
7727
7727
7727
7726
7725
7724
7724
7724
7723
7723
7720
7719
7719
7719
7718
7716
7716
7715
7714
7713
7712
7712
7711
7710
7709
7709
7709
7709
7706
7706
7705
7704
7703
7702
7701
7700
7700
7693
7692
7692
7690
7689
7689
7688
7688
7688
7686
7686
7683
7682
7682
7681
7679
7679
7677
7676
7676
7670
7669
7668
7668
7668
7666
7666
7663
7662
7661
7660
7659
7659
7657
7654
7654
7650
7649
7649
7647
7644
7644
7644
7643
7642
7642
7641
7640
7638
7637
7637
7637
7636
7635
7635
7633
7633
7632
7631
7629
7629
7629
7627
7626
7626
7624
7623
7623
7623
7622
7621
7621
7621
7619
7619
7618
7615
7613
7611
7611
7610
7609
7608
7608
7606
7602
7600
7600
7599
7599
7598
7597
7596
7595
7594
7593
7592
7591
7591
7591
7591
7587
7586
7586
7585
7583
7583
7582
7581
7578
7578
7575
7574
7572
7570
7566
7566
7565
7562
7562
7562
7560
7558
7556
7556
7555
7555
7555
7554
7554
7553
7553
7553
7551
7549
7547
7544
7541
7541
7538
7537
7537
7536
7535
7534
7533
7531
7531
7528
7527
7527
7527
7527
7525
7524
7523
7523
7521
7520
7520
7515
7514
7513
7513
7513
7513
7512
7512
7507
7507
7506
7505
7503
7502
7502
7502
7501
7501
7501
7500
7498
7497
7496
7495
7495
7495
7494
7494
7494
7492
7491
7491
7490
7490
7489
7489
7489
7488
7487
7486
7485
7484
7484
7483
7482
7482
7482
7480
7479
7478
7478
7477
7471
7468
7467
7466
7466
7465
7461
7461
7460
7458
7457
7456
7453
7452
7452
7449
7449
7445
7445
7444
7443
7442
7439
7437
7435
7433
7432
7431
7431
7429
7428
7427
7424
7423
7422
7422
7418
7417
7417
7414
7414
7413
7411
7410
7407
7406
7406
7405
7405
7404
7403
7403
7403
7402
7401
7400
7400
7399
7399
7398
7397
7396
7396
7392
7390
7390
7390
7387
7387
7386
7384
7378
7376
7376
7375
7374
7374
7373
7372
7370
7369
7368
7366
7366
7365
7365
7364
7361
7361
7360
7360
7359
7359
7359
7359
7359
7358
7358
7357
7355
7355
7353
7352
7351
7350
7350
7346
7346
7346
7345
7339
7339
7337
7336
7333
7332
7331
7330
7330
7329
7328
7327
7326
7326
7325
7325
7324
7324
7323
7323
7323
7322
7321
7321
7320
7319
7318
7312
7311
7309
7308
7306
7301
7300
7298
7298
7298
7297
7296
7295
7294
7294
7293
7293
7292
7292
7291
7291
7290
7289
7288
7287
7286
7285
7285
7284
7283
7283
7282
7281
7279
7278
7278
7278
7276
7275
7275
7275
7270
7269
7269
7264
7264
7263
7262
7261
7258
7257
7256
7256
7253
7252
7250
7250
7249
7247
7246
7245
7245
7243
7243
7243
7242
7242
7242
7240
7240
7239
7238
7237
7237
7236
7236
7235
7235
7233
7231
7230
7230
7229
7228
7226
7225
7225
7222
7222
7220
7219
7218
7217
7215
7214
7214
7212
7211
7208
7208
7207
7206
7205
7203
7202
7202
7200
7200
7199
7199
7199
7198
7198
7197
7196
7191
7191
7190
7189
7188
7184
7184
7183
7182
7181
7180
7179
7179
7178
7178
7176
7174
7174
7173
7172
7171
7170
7167
7165
7164
7164
7163
7163
7163
7161
7161
7161
7160
7160
7160
7159
7158
7157
7157
7156
7156
7153
7153
7151
7150
7150
7149
7149
7149
7148
7147
7146
7144
7143
7143
7142
7142
7142
7141
7140
7136
7135
7135
7135
7132
7132
7132
7131
7131
7131
7129
7127
7126
7124
7124
7124
7123
7122
7120
7119
7116
7113
7109
7107
7107
7106
7106
7105
7105
7103
7103
7102
7102
7101
7099
7097
7096
7096
7095
7094
7093
7093
7092
7092
7092
7092
7090
7090
7089
7089
7089
7087
7087
7085
7085
7082
7082
7082
7081
7080
7079
7078
7077
7076
7076
7075
7074
7074
7074
7068
7066
7066
7065
7064
7063
7061
7059
7058
7054
7053
7049
7048
7048
7047
7047
7047
7046
7046
7044
7043
7043
7042
7041
7041
7040
7040
7039
7036
7036
7034
7034
7033
7031
7030
7030
7028
7028
7027
7026
7026
7025
7023
7022
7020
7019
7019
7018
7018
7016
7016
7015
7014
7012
7010
7010
7008
7008
7007
7006
7006
7006
7004
7003
7002
6999
6999
6998
6997
6996
6995
6995
6994
6993
6993
6992
6991
6991
6990
6988
6987
6987
6986
6986
6986
6985
6983
6983
6981
6981
6980
6980
6980
6976
6976
6976
6975
6970
6970
6969
6969
6964
6961
6960
6960
6960
6959
6959
6959
6958
6958
6957
6957
6956
6953
6952
6951
6949
6949
6947
6944
6943
6943
6943
6938
6935
6935
6934
6934
6933
6931
6930
6929
6929
6927
6926
6926
6926
6925
6925
6924
6924
6923
6923
6921
6920
6919
6918
6918
6917
6916
6915
6915
6914
6913
6913
6913
6911
6910
6910
6908
6906
6906
6905
6904
6904
6904
6904
6903
6902
6900
6900
6899
6899
6898
6898
6898
6898
6895
6892
6892
6891
6890
6890
6888
6888
6887
6887
6885
6884
6884
6883
6882
6882
6882
6881
6880
6878
6878
6878
6877
6876
6876
6876
6874
6873
6869
6868
6865
6865
6865
6864
6864
6862
6861
6860
6859
6858
6858
6855
6855
6854
6854
6853
6853
6852
6851
6851
6850
6850
6848
6847
6847
6847
6846
6846
6846
6844
6844
6843
6842
6841
6840
6838
6837
6836
6836
6834
6833
6830
6826
6825
6822
6818
6817
6817
6817
6814
6813
6813
6811
6808
6807
6807
6807
6804
6803
6803
6803
6802
6801
6800
6799
6799
6798
6798
6797
6797
6795
6794
6794
6792
6792
6791
6790
6789
6786
6782
6780
6776
6776
6776
6774
6772
6772
6771
6771
6770
6770
6769
6768
6766
6764
6762
6761
6761
6759
6758
6758
6758
6755
6755
6754
6754
6754
6753
6753
6753
6752
6751
6751
6749
6749
6746
6745
6744
6744
6744
6741
6739
6739
6738
6735
6734
6732
6732
6728
6728
6727
6727
6726
6725
6724
6724
6724
6724
6722
6722
6722
6721
6719
6718
6718
6717
6717
6716
6715
6711
6711
6709
6707
6706
6703
6702
6701
6701
6700
6697
6697
6697
6696
6696
6695
6694
6694
6693
6693
6693
6691
6691
6691
6691
6690
6687
6687
6687
6684
6684
6683
6682
6680
6678
6678
6675
6674
6671
6670
6669
6669
6668
6668
6668
6667
6667
6665
6664
6663
6663
6663
6661
6659
6658
6650
6650
6650
6647
6647
6647
6643
6642
6641
6641
6641
6640
6640
6639
6639
6635
6634
6634
6632
6632
6632
6631
6629
6627
6625
6624
6623
6623
6621
6620
6619
6619
6619
6619
6619
6618
6618
6617
6615
6615
6615
6614
6613
6613
6613
6611
6609
6609
6609
6607
6606
6606
6605
6604
6604
6601
6598
6597
6597
6597
6597
6595
6595
6594
6594
6593
6591
6591
6590
6590
6588
6587
6587
6586
6586
6586
6585
6584
6584
6583
6583
6580
6579
6578
6578
6578
6578
6577
6575
6575
6574
6574
6572
6571
6571
6570
6566
6566
6566
6565
6564
6564
6563
6562
6562
6562
6561
6560
6559
6558
6557
6557
6556
6556
6556
6552
6551
6551
6550
6547
6545
6544
6544
6544
6543
6542
6542
6541
6540
6539
6538
6534
6533
6531
6529
6529
6528
6528
6528
6527
6523
6523
6522
6522
6521
6521
6520
6520
6519
6519
6519
6518
6518
6517
6513
6512
6512
6509
6508
6507
6502
6502
6501
6501
6501
6500
6500
6499
6499
6498
6498
6497
6497
6497
6496
6494
6493
6491
6488
6487
6486
6483
6483
6481
6479
6479
6479
6477
6477
6476
6476
6473
6473
6469
6469
6468
6467
6467
6464
6464
6462
6461
6461
6461
6461
6461
6461
6461
6459
6459
6458
6458
6458
6457
6457
6455
6454
6450
6448
6447
6446
6446
6445
6443
6442
6440
6439
6439
6437
6436
6434
6434
6431
6430
6427
6426
6426
6422
6421
6420
6420
6420
6419
6417
6416
6416
6416
6413
6413
6413
6412
6412
6411
6409
6409
6409
6406
6406
6406
6406
6402
6402
6402
6402
6399
6397
6394
6393
6393
6391
6390
6389
6388
6388
6384
6382
6382
6381
6380
6379
6379
6379
6378
6378
6375
6374
6373
6373
6370
6370
6367
6367
6365
6359
6359
6359
6359
6358
6358
6357
6356
6356
6352
6351
6346
6345
6345
6344
6343
6343
6342
6342
6342
6341
6338
6338
6337
6335
6335
6334
6333
6333
6332
6332
6332
6330
6329
6329
6329
6329
6329
6328
6328
6327
6327
6326
6326
6322
6321
6321
6320
6318
6317
6316
6315
6311
6310
6310
6309
6307
6307
6304
6304
6304
6304
6302
6301
6301
6300
6300
6300
6298
6298
6296
6296
6295
6294
6294
6294
6293
6292
6292
6291
6291
6289
6288
6287
6286
6285
6285
6285
6284
6283
6282
6281
6277
6277
6275
6275
6275
6274
6273
6271
6271
6270
6269
6267
6266
6265
6264
6262
6260
6260
6259
6258
6258
6258
6255
6255
6254
6253
6251
6247
6247
6244
6244
6240
6239
6238
6237
6237
6237
6237
6236
6236
6235
6232
6232
6231
6231
6230
6228
6226
6225
6222
6222
6220
6220
6220
6219
6216
6216
6215
6214
6213
6213
6212
6211
6209
6209
6208
6206
6206
6205
6205
6204
6202
6201
6200
6196
6196
6195
6193
6193
6193
6190
6188
6188
6187
6186
6183
6183
6182
6181
6181
6180
6180
6180
6178
6178
6178
6177
6177
6176
6175
6171
6169
6165
6164
6163
6163
6162
6162
6162
6161
6161
6160
6155
6154
6152
6151
6150
6147
6146
6146
6145
6145
6144
6143
6141
6141
6140
6138
6137
6136
6136
6135
6135
6130
6130
6129
6129
6129
6128
6128
6127
6126
6123
6123
6121
6120
6119
6119
6118
6118
6116
6116
6114
6114
6113
6111
6110
6109
6109
6107
6106
6104
6104
6103
6102
6101
6101
6101
6101
6101
6100
6100
6099
6099
6099
6098
6096
6096
6095
6094
6093
6093
6089
6088
6083
6083
6083
6081
6079
6078
6078
6077
6077
6075
6075
6075
6073
6072
6072
6071
6069
6068
6068
6066
6062
6062
6062
6061
6056
6055
6053
6052
6051
6048
6047
6046
6046
6046
6045
6042
6042
6042
6040
6038
6036
6035
6035
6033
6033
6033
6032
6031
6030
6029
6027
6027
6027
6026
6026
6025
6025
6025
6024
6023
6023
6023
6021
6021
6020
6019
6017
6017
6015
6014
6012
6012
6011
6010
6010
6010
6009
6009
6009
6007
6007
6006
6006
6006
6001
6001
5996
5995
5993
5988
5988
5986
5986
5986
5985
5985
5984
5983
5982
5981
5981
5979
5976
5975
5975
5974
5972
5971
5970
5969
5969
5969
5968
5968
5968
5967
5966
5965
5965
5965
5964
5964
5963
5962
5962
5961
5960
5959
5959
5958
5957
5957
5957
5955
5955
5953
5951
5951
5951
5950
5950
5949
5949
5948
5948
5947
5947
5946
5945
5944
5942
5942
5941
5937
5937
5935
5935
5933
5933
5933
5932
5932
5929
5928
5927
5927
5927
5926
5925
5924
5923
5923
5923
5923
5922
5920
5920
5919
5917
5917
5916
5916
5915
5915
5914
5910
5910
5908
5906
5906
5904
5904
5904
5903
5902
5901
5901
5899
5899
5899
5897
5896
5895
5894
5894
5893
5893
5892
5891
5889
5888
5888
5887
5887
5887
5886
5886
5884
5881
5881
5881
5881
5881
5880
5880
5880
5879
5878
5877
5877
5875
5874
5874
5872
5872
5872
5870
5869
5868
5868
5868
5867
5867
5863
5860
5860
5859
5857
5856
5855
5855
5854
5852
5852
5852
5852
5852
5851
5850
5849
5849
5848
5847
5847
5846
5846
5845
5845
5845
5845
5844
5843
5842
5841
5840
5840
5839
5835
5835
5834
5834
5834
5833
5832
5831
5830
5830
5827
5825
5825
5824
5824
5823
5822
5821
5820
5820
5818
5815
5811
5810
5809
5806
5806
5805
5805
5804
5802
5802
5797
5796
5796
5795
5793
5791
5790
5790
5789
5788
5786
5786
5785
5784
5783
5783
5782
5781
5779
5779
5777
5772
5771
5768
5768
5768
5768
5767
5767
5767
5766
5764
5763
5763
5763
5760
5757
5757
5755
5753
5753
5753
5751
5751
5751
5751
5750
5750
5750
5748
5745
5745
5745
5744
5743
5743
5741
5741
5740
5740
5739
5738
5737
5737
5736
5735
5733
5732
5732
5731
5730
5728
5725
5724
5724
5723
5723
5723
5721
5717
5716
5715
5712
5711
5711
5711
5710
5709
5708
5707
5704
5703
5702
5701
5701
5700
5700
5700
5698
5697
5697
5694
5693
5691
5691
5691
5690
5690
5689
5689
5689
5689
5688
5688
5686
5686
5685
5685
5682
5681
5681
5681
5679
5678
5678
5678
5676
5674
5674
5674
5673
5673
5669
5668
5668
5668
5667
5667
5666
5665
5663
5662
5662
5661
5658
5657
5657
5656
5656
5656
5655
5655
5653
5652
5651
5649
5648
5648
5647
5647
5646
5644
5644
5644
5644
5644
5643
5643
5642
5642
5642
5641
5639
5638
5638
5636
5635
5634
5634
5634
5633
5628
5627
5627
5627
5627
5625
5624
5622
5617
5616
5616
5615
5615
5615
5611
5609
5608
5608
5607
5605
5604
5603
5603
5603
5603
5601
5601
5600
5592
5592
5591
5591
5591
5590
5588
5587
5586
5586
5586
5584
5584
5583
5583
5582
5581
5581
5580
5579
5579
5577
5575
5572
5572
5571
5571
5571
5571
5570
5569
5568
5567
5567
5564
5561
5559
5558
5558
5557
5557
5557
5555
5555
5554
5554
5553
5552
5551
5551
5550
5550
5549
5549
5547
5546
5543
5543
5542
5542
5542
5541
5540
5540
5539
5539
5537
5537
5537
5534
5534
5533
5532
5531
5531
5528
5525
5525
5525
5525
5525
5522
5522
5520
5519
5519
5519
5519
5517
5516
5516
5516
5515
5514
5514
5513
5511
5511
5508
5507
5507
5507
5506
5505
5505
5503
5503
5503
5502
5501
5500
5500
5499
5499
5498
5496
5494
5493
5491
5486
5485
5484
5482
5481
5479
5479
5478
5478
5478
5474
5471
5470
5469
5469
5467
5467
5465
5465
5465
5463
5462
5461
5460
5460
5460
5460
5459
5458
5458
5458
5456
5456
5455
5454
5454
5453
5453
5453
5451
5450
5449
5449
5448
5447
5447
5446
5444
5444
5444
5444
5443
5443
5442
5441
5441
5440
5439
5436
5434
5430
5429
5428
5427
5426
5426
5423
5423
5422
5421
5419
5418
5418
5417
5415
5415
5413
5406
5403
5403
5402
5401
5400
5397
5397
5396
5395
5394
5394
5392
5389
5389
5389
5389
5387
5386
5386
5385
5384
5384
5383
5382
5379
5379
5378
5377
5376
5375
5375
5374
5373
5372
5371
5371
5370
5370
5369
5369
5369
5368
5367
5367
5367
5366
5366
5364
5363
5362
5362
5362
5361
5360
5360
5358
5357
5356
5356
5355
5354
5351
5350
5350
5349
5348
5348
5347
5347
5346
5346
5344
5343
5343
5343
5343
5341
5341
5341
5340
5339
5337
5336
5336
5336
5335
5334
5333
5330
5327
5327
5326
5325
5325
5324
5323
5323
5322
5321
5321
5319
5318
5317
5316
5316
5312
5312
5312
5312
5311
5311
5309
5308
5307
5303
5302
5302
5299
5299
5298
5294
5293
5293
5290
5288
5288
5288
5286
5286
5285
5285
5285
5284
5284
5283
5283
5281
5281
5281
5281
5280
5280
5279
5276
5276
5272
5272
5272
5271
5268
5268
5267
5267
5267
5266
5266
5265
5265
5265
5264
5264
5263
5263
5262
5261
5261
5258
5257
5257
5256
5256
5253
5253
5251
5251
5251
5250
5247
5245
5245
5244
5244
5242
5241
5238
5238
5237
5235
5233
5231
5231
5231
5230
5229
5229
5228
5227
5227
5225
5224
5224
5223
5223
5222
5221
5221
5219
5218
5217
5214
5212
5211
5210
5209
5207
5205
5204
5204
5204
5204
5203
5203
5201
5201
5201
5200
5198
5192
5191
5191
5190
5188
5187
5186
5186
5185
5184
5184
5183
5182
5181
5176
5175
5172
5172
5167
5165
5164
5163
5160
5160
5159
5159
5158
5158
5158
5158
5158
5152
5152
5152
5150
5149
5148
5148
5142
5142
5141
5140
5140
5140
5139
5135
5135
5135
5133
5131
5131
5130
5127
5127
5126
5126
5126
5124
5123
5123
5122
5122
5121
5119
5118
5117
5115
5115
5114
5112
5112
5112
5112
5110
5110
5109
5109
5108
5106
5104
5104
5100
5100
5100
5098
5097
5096
5094
5094
5094
5094
5094
5092
5089
5088
5087
5084
5083
5083
5081
5078
5078
5077
5077
5074
5073
5072
5071
5070
5069
5068
5067
5064
5063
5063
5061
5061
5060
5059
5057
5056
5054
5054
5053
5051
5048
5048
5048
5047
5047
5045
5044
5044
5042
5040
5040
5039
5037
5037
5035
5035
5033
5033
5032
5031
5030
5030
5029
5028
5028
5025
5024
5023
5021
5020
5020
5019
5019
5016
5015
5013
5013
5011
5010
5007
5006
5003
5003
5001
5001
4999
4999
4999
4998
4998
4996
4994
4994
4993
4992
4992
4992
4990
4987
4985
4985
4984
4984
4980
4979
4978
4976
4975
4974
4974
4973
4973
4973
4972
4972
4971
4970
4970
4969
4969
4969
4968
4968
4968
4964
4963
4962
4962
4961
4961
4961
4959
4959
4959
4958
4958
4958
4958
4956
4955
4955
4953
4953
4952
4950
4949
4948
4944
4942
4939
4939
4939
4938
4938
4935
4934
4933
4932
4929
4929
4929
4926
4926
4926
4925
4925
4924
4924
4923
4921
4919
4918
4913
4912
4910
4909
4909
4908
4906
4906
4905
4904
4903
4902
4902
4902
4899
4898
4898
4898
4897
4896
4896
4895
4893
4890
4890
4887
4886
4886
4885
4884
4879
4877
4877
4877
4876
4876
4875
4875
4872
4871
4864
4864
4864
4863
4863
4861
4859
4859
4859
4858
4856
4855
4852
4852
4851
4850
4849
4849
4848
4848
4848
4846
4844
4844
4840
4839
4839
4839
4839
4836
4836
4835
4835
4835
4834
4833
4833
4832
4832
4831
4831
4831
4829
4828
4828
4825
4825
4824
4823
4820
4819
4819
4818
4818
4816
4816
4815
4815
4815
4814
4813
4812
4811
4811
4811
4810
4810
4809
4809
4809
4808
4806
4806
4805
4803
4803
4802
4801
4800
4800
4799
4798
4797
4797
4797
4797
4796
4795
4795
4793
4793
4792
4792
4791
4791
4789
4788
4788
4786
4786
4784
4783
4782
4781
4780
4780
4779
4777
4777
4776
4775
4772
4771
4768
4768
4768
4767
4766
4766
4764
4764
4764
4763
4763
4762
4761
4761
4760
4759
4758
4755
4755
4752
4751
4750
4749
4747
4746
4745
4744
4744
4741
4741
4736
4736
4732
4728
4727
4726
4723
4722
4719
4717
4715
4715
4714
4714
4714
4711
4711
4711
4711
4708
4707
4707
4705
4705
4704
4704
4703
4702
4701
4700
4699
4698
4697
4697
4696
4696
4696
4695
4695
4695
4694
4690
4688
4688
4686
4686
4686
4685
4685
4685
4684
4682
4682
4682
4680
4680
4679
4678
4678
4677
4677
4676
4675
4674
4674
4673
4673
4671
4670
4669
4669
4669
4668
4666
4665
4665
4665
4662
4661
4661
4659
4657
4655
4654
4653
4653
4652
4651
4649
4649
4648
4648
4647
4647
4642
4642
4641
4640
4640
4636
4636
4635
4634
4634
4631
4630
4629
4629
4629
4628
4627
4626
4626
4625
4624
4624
4621
4620
4618
4617
4616
4616
4615
4615
4615
4613
4610
4610
4604
4602
4602
4600
4599
4599
4598
4598
4597
4597
4597
4596
4595
4595
4595
4590
4590
4589
4589
4588
4587
4586
4586
4584
4583
4582
4577
4575
4574
4572
4570
4570
4570
4568
4568
4565
4564
4564
4561
4561
4560
4559
4559
4559
4559
4558
4558
4556
4556
4556
4554
4553
4552
4552
4551
4551
4549
4547
4546
4544
4544
4543
4542
4542
4542
4541
4541
4540
4538
4535
4533
4533
4532
4532
4531
4530
4529
4528
4528
4527
4527
4527
4526
4526
4524
4524
4523
4521
4521
4520
4517
4515
4515
4514
4514
4513
4513
4512
4511
4510
4509
4509
4508
4507
4506
4505
4505
4505
4504
4504
4504
4502
4502
4501
4501
4501
4497
4497
4497
4497
4496
4495
4494
4492
4492
4488
4488
4484
4481
4481
4481
4480
4480
4480
4478
4478
4477
4477
4477
4476
4476
4475
4474
4473
4471
4471
4468
4466
4466
4466
4465
4463
4461
4461
4458
4457
4457
4456
4455
4454
4452
4451
4448
4448
4445
4445
4445
4445
4444
4444
4444
4444
4442
4441
4441
4440
4440
4438
4437
4437
4436
4432
4431
4431
4430
4430
4429
4427
4427
4427
4426
4424
4424
4423
4420
4419
4419
4418
4417
4417
4414
4413
4413
4412
4411
4410
4408
4408
4405
4403
4401
4401
4400
4399
4399
4396
4396
4394
4392
4391
4391
4390
4390
4390
4390
4389
4389
4388
4387
4386
4385
4383
4383
4381
4381
4381
4380
4380
4378
4378
4376
4374
4373
4372
4372
4372
4371
4371
4370
4369
4368
4368
4366
4366
4366
4365
4365
4362
4360
4360
4360
4359
4358
4357
4357
4356
4356
4355
4354
4354
4354
4349
4349
4349
4348
4347
4347
4346
4346
4342
4339
4335
4335
4334
4332
4332
4332
4332
4331
4331
4330
4330
4329
4329
4327
4327
4324
4323
4322
4318
4317
4317
4314
4314
4313
4312
4311
4310
4309
4306
4305
4305
4304
4301
4301
4301
4299
4298
4297
4296
4295
4291
4291
4290
4290
4289
4288
4287
4287
4287
4286
4286
4284
4280
4280
4280
4277
4277
4276
4275
4272
4272
4271
4269
4268
4265
4265
4264
4262
4262
4260
4260
4260
4258
4258
4255
4254
4254
4253
4249
4246
4243
4243
4242
4241
4239
4238
4238
4237
4237
4237
4231
4230
4230
4229
4226
4226
4225
4223
4222
4221
4221
4220
4220
4220
4217
4214
4214
4213
4213
4209
4208
4208
4207
4205
4204
4203
4203
4202
4198
4197
4194
4191
4189
4184
4184
4184
4183
4183
4181
4179
4177
4175
4175
4174
4174
4172
4171
4170
4170
4167
4167
4167
4167
4166
4166
4166
4165
4164
4162
4161
4160
4160
4160
4160
4160
4159
4159
4158
4156
4154
4153
4151
4151
4147
4147
4146
4146
4144
4144
4143
4142
4142
4141
4141
4140
4140
4138
4137
4137
4137
4137
4136
4133
4133
4133
4132
4132
4131
4130
4130
4129
4128
4127
4127
4126
4124
4123
4122
4122
4122
4122
4121
4119
4116
4115
4115
4113
4112
4110
4110
4107
4105
4105
4105
4104
4104
4103
4102
4102
4100
4099
4097
4091
4090
4090
4089
4089
4088
4088
4088
4086
4086
4085
4085
4083
4080
4079
4077
4077
4074
4073
4072
4072
4071
4070
4070
4069
4068
4067
4067
4067
4066
4065
4064
4063
4062
4062
4061
4060
4059
4057
4053
4053
4052
4048
4046
4046
4045
4045
4043
4042
4041
4040
4039
4039
4039
4039
4037
4036
4036
4033
4028
4027
4027
4026
4025
4023
4023
4023
4022
4022
4022
4021
4021
4019
4018
4018
4017
4017
4015
4012
4010
4010
4008
4007
4007
4006
4005
4004
4003
4002
4001
4000
3999
3998
3995
3994
3994
3993
3993
3992
3991
3989
3987
3987
3986
3982
3982
3982
3980
3979
3977
3977
3976
3976
3975
3971
3969
3968
3968
3967
3967
3964
3964
3963
3963
3963
3963
3960
3959
3959
3958
3957
3955
3954
3953
3951
3949
3948
3947
3947
3947
3947
3947
3945
3943
3939
3939
3938
3936
3936
3935
3935
3934
3933
3931
3930
3930
3929
3924
3924
3923
3921
3920
3918
3917
3915
3915
3914
3913
3913
3912
3912
3912
3911
3911
3911
3909
3908
3908
3907
3906
3905
3905
3904
3904
3903
3900
3900
3899
3899
3899
3898
3898
3898
3896
3896
3895
3895
3895
3895
3894
3891
3891
3890
3890
3889
3886
3885
3884
3884
3882
3882
3881
3879
3879
3879
3878
3878
3878
3876
3876
3875
3875
3874
3873
3873
3872
3870
3868
3866
3866
3864
3863
3863
3863
3863
3862
3860
3860
3860
3856
3855
3854
3853
3852
3852
3852
3851
3851
3851
3850
3847
3845
3844
3844
3843
3843
3843
3841
3839
3838
3835
3834
3834
3833
3833
3832
3831
3831
3831
3830
3827
3826
3823
3822
3821
3821
3818
3817
3815
3815
3814
3813
3812
3809
3806
3803
3801
3801
3799
3799
3798
3798
3796
3794
3791
3791
3791
3789
3785
3784
3781
3780
3780
3780
3778
3778
3778
3777
3772
3771
3771
3771
3770
3770
3770
3766
3766
3765
3765
3765
3765
3764
3764
3763
3761
3760
3759
3758
3758
3756
3755
3755
3754
3753
3752
3749
3749
3749
3749
3749
3749
3748
3747
3747
3745
3744
3743
3741
3740
3740
3738
3736
3735
3735
3734
3731
3731
3731
3729
3728
3728
3727
3726
3726
3724
3724
3722
3720
3720
3720
3716
3716
3715
3714
3714
3711
3711
3711
3710
3710
3709
3706
3706
3706
3704
3704
3703
3703
3702
3701
3701
3700
3697
3697
3696
3696
3695
3694
3693
3692
3691
3691
3686
3686
3685
3683
3679
3679
3678
3677
3676
3675
3673
3673
3672
3665
3663
3663
3663
3662
3661
3661
3661
3657
3656
3654
3652
3652
3651
3649
3647
3644
3643
3642
3642
3642
3640
3640
3639
3636
3634
3632
3631
3631
3629
3628
3628
3627
3627
3626
3624
3623
3622
3620
3619
3617
3616
3616
3616
3616
3615
3615
3615
3614
3613
3612
3611
3611
3610
3609
3609
3608
3608
3608
3608
3605
3605
3604
3602
3602
3601
3601
3600
3600
3600
3600
3600
3600
3599
3599
3598
3597
3596
3596
3595
3592
3592
3591
3590
3590
3590
3590
3588
3587
3586
3586
3585
3584
3584
3582
3581
3581
3580
3578
3577
3574
3574
3572
3572
3572
3571
3571
3570
3567
3566
3565
3563
3563
3563
3561
3560
3559
3557
3555
3555
3554
3554
3553
3552
3552
3551
3551
3551
3550
3545
3543
3542
3542
3541
3539
3535
3532
3532
3531
3531
3531
3530
3527
3526
3526
3526
3525
3525
3525
3525
3524
3524
3524
3523
3523
3522
3521
3521
3521
3521
3520
3519
3516
3516
3516
3516
3516
3515
3514
3513
3512
3511
3511
3509
3509
3508
3507
3507
3507
3504
3504
3503
3502
3500
3500
3499
3498
3498
3498
3497
3497
3497
3496
3496
3492
3492
3490
3489
3488
3484
3484
3482
3481
3481
3481
3479
3477
3475
3474
3472
3472
3471
3471
3470
3470
3468
3465
3465
3465
3463
3462
3461
3460
3459
3459
3459
3459
3457
3456
3455
3454
3454
3454
3453
3448
3447
3446
3445
3442
3442
3441
3440
3439
3438
3437
3436
3434
3433
3433
3433
3432
3431
3431
3430
3430
3430
3430
3429
3429
3429
3429
3426
3425
3423
3417
3416
3416
3416
3416
3416
3415
3413
3413
3410
3409
3409
3406
3406
3406
3405
3402
3401
3400
3400
3398
3398
3396
3393
3392
3392
3392
3391
3391
3387
3386
3385
3383
3380
3380
3379
3379
3378
3378
3378
3377
3376
3376
3376
3375
3375
3373
3372
3370
3370
3366
3364
3364
3363
3363
3362
3360
3360
3360
3360
3359
3359
3358
3355
3355
3355
3353
3352
3349
3349
3348
3348
3347
3345
3345
3342
3340
3339
3339
3339
3338
3337
3337
3336
3335
3334
3333
3333
3332
3331
3331
3330
3329
3329
3329
3329
3327
3327
3327
3326
3326
3325
3325
3325
3325
3324
3323
3323
3322
3322
3321
3321
3320
3320
3319
3318
3318
3316
3315
3314
3314
3312
3312
3311
3310
3310
3309
3308
3306
3306
3305
3304
3304
3302
3301
3296
3295
3291
3291
3290
3289
3288
3287
3283
3282
3281
3281
3281
3280
3279
3278
3277
3276
3276
3274
3273
3273
3272
3272
3271
3268
3268
3267
3264
3262
3260
3260
3258
3256
3256
3255
3255
3254
3253
3253
3251
3250
3250
3247
3246
3245
3241
3241
3240
3240
3238
3238
3236
3236
3234
3234
3233
3231
3231
3230
3225
3225
3225
3222
3222
3221
3220
3220
3218
3217
3214
3212
3211
3210
3209
3209
3208
3207
3207
3203
3202
3202
3202
3201
3199
3199
3198
3198
3197
3197
3196
3195
3195
3193
3193
3192
3190
3190
3189
3186
3185
3185
3184
3183
3182
3181
3180
3180
3177
3176
3171
3170
3170
3170
3169
3167
3166
3165
3163
3162
3160
3159
3159
3158
3157
3154
3153
3150
3150
3150
3149
3147
3146
3146
3146
3146
3145
3144
3143
3142
3139
3138
3136
3135
3134
3133
3131
3130
3130
3129
3128
3126
3126
3126
3125
3125
3125
3124
3124
3124
3123
3121
3119
3119
3119
3118
3115
3114
3114
3112
3109
3105
3103
3102
3102
3101
3098
3097
3092
3087
3087
3087
3086
3079
3078
3078
3078
3077
3076
3075
3075
3075
3074
3073
3072
3071
3071
3071
3069
3068
3064
3064
3063
3062
3062
3062
3061
3060
3060
3059
3058
3055
3052
3050
3050
3049
3047
3045
3045
3045
3044
3044
3044
3043
3043
3043
3043
3042
3039
3038
3038
3036
3033
3033
3032
3031
3031
3030
3029
3028
3028
3027
3026
3026
3024
3022
3022
3019
3018
3016
3015
3015
3014
3014
3013
3012
3012
3012
3012
3011
3010
3008
3007
3007
3005
3003
3001
3001
3001
3000
2999
2995
2995
2994
2993
2992
2991
2991
2990
2990
2989
2986
2985
2983
2981
2979
2976
2974
2973
2972
2972
2971
2970
2969
2966
2963
2957
2955
2952
2951
2951
2950
2948
2948
2947
2947
2946
2946
2942
2942
2942
2942
2941
2937
2937
2934
2934
2934
2933
2932
2932
2932
2931
2930
2929
2929
2927
2927
2927
2926
2925
2923
2923
2922
2922
2921
2921
2921
2921
2919
2917
2916
2915
2915
2915
2915
2914
2914
2913
2912
2912
2911
2909
2908
2907
2907
2907
2906
2905
2905
2899
2899
2898
2898
2897
2896
2895
2893
2893
2892
2892
2891
2890
2890
2889
2888
2888
2888
2886
2885
2885
2883
2883
2880
2880
2880
2880
2880
2879
2879
2876
2874
2873
2872
2871
2870
2868
2867
2867
2864
2864
2862
2862
2860
2860
2860
2860
2859
2859
2859
2857
2855
2855
2855
2854
2853
2847
2847
2846
2846
2845
2844
2842
2840
2837
2836
2836
2836
2834
2834
2833
2832
2832
2832
2830
2829
2828
2828
2824
2820
2820
2819
2818
2816
2816
2816
2816
2815
2815
2812
2812
2810
2806
2806
2805
2804
2804
2804
2798
2796
2794
2794
2794
2793
2791
2790
2786
2783
2783
2783
2781
2780
2780
2779
2777
2777
2775
2775
2774
2773
2771
2771
2770
2769
2767
2766
2766
2763
2759
2758
2758
2757
2757
2756
2754
2753
2752
2751
2751
2749
2747
2746
2743
2741
2741
2741
2739
2738
2737
2736
2734
2733
2732
2731
2729
2729
2727
2726
2726
2726
2725
2725
2723
2721
2721
2721
2720
2720
2720
2718
2718
2717
2716
2715
2715
2713
2713
2713
2711
2710
2709
2708
2707
2704
2703
2703
2701
2698
2697
2695
2693
2693
2690
2689
2689
2689
2688
2688
2687
2687
2687
2686
2684
2684
2683
2683
2682
2682
2680
2679
2679
2677
2677
2676
2675
2674
2674
2673
2672
2672
2671
2670
2668
2661
2658
2658
2656
2656
2654
2652
2647
2645
2643
2643
2640
2640
2638
2638
2638
2638
2636
2636
2635
2635
2634
2631
2630
2630
2627
2625
2625
2624
2622
2621
2617
2616
2615
2611
2611
2609
2608
2608
2607
2607
2604
2603
2601
2599
2598
2598
2597
2597
2597
2596
2595
2592
2591
2590
2590
2589
2589
2589
2589
2587
2587
2586
2585
2583
2581
2580
2580
2580
2578
2577
2577
2577
2575
2574
2573
2573
2572
2572
2572
2571
2567
2566
2566
2566
2565
2564
2562
2560
2558
2557
2557
2557
2555
2552
2551
2550
2550
2549
2547
2546
2546
2545
2541
2541
2541
2540
2539
2538
2536
2536
2534
2534
2533
2533
2533
2533
2531
2531
2531
2530
2530
2529
2528
2528
2527
2525
2522
2522
2522
2521
2521
2519
2519
2518
2518
2517
2514
2513
2512
2512
2511
2509
2507
2506
2506
2506
2505
2505
2501
2501
2500
2499
2499
2498
2498
2497
2496
2496
2496
2495
2495
2494
2491
2490
2490
2489
2489
2489
2487
2486
2484
2484
2483
2483
2483
2483
2482
2481
2480
2478
2478
2477
2477
2473
2473
2471
2470
2470
2467
2463
2463
2463
2463
2462
2461
2461
2460
2456
2456
2455
2454
2453
2452
2452
2449
2449
2447
2447
2446
2446
2446
2445
2443
2441
2441
2440
2440
2440
2439
2439
2439
2438
2437
2437
2435
2434
2434
2434
2433
2432
2431
2430
2427
2426
2426
2425
2424
2424
2423
2422
2422
2422
2421
2421
2421
2419
2417
2416
2415
2414
2412
2411
2411
2411
2410
2410
2410
2407
2406
2405
2403
2402
2401
2399
2398
2397
2395
2395
2392
2391
2391
2389
2383
2383
2381
2380
2380
2380
2380
2380
2378
2378
2375
2374
2374
2373
2371
2368
2368
2365
2364
2363
2363
2362
2361
2360
2357
2357
2354
2354
2353
2350
2350
2349
2348
2348
2348
2345
2344
2343
2340
2339
2338
2337
2337
2337
2337
2336
2336
2334
2334
2332
2332
2330
2330
2330
2327
2327
2326
2326
2326
2326
2320
2320
2320
2319
2317
2317
2317
2315
2314
2314
2313
2313
2312
2311
2310
2309
2309
2308
2308
2307
2306
2306
2305
2304
2301
2300
2297
2297
2296
2296
2295
2294
2294
2293
2293
2292
2291
2287
2286
2286
2285
2281
2278
2277
2275
2274
2274
2269
2269
2269
2268
2267
2267
2267
2265
2263
2262
2262
2260
2259
2258
2256
2254
2253
2252
2252
2249
2249
2247
2247
2247
2244
2244
2243
2243
2243
2241
2241
2241
2239
2238
2238
2238
2237
2236
2236
2236
2234
2234
2233
2233
2233
2232
2232
2231
2230
2230
2230
2229
2229
2228
2226
2225
2224
2220
2219
2219
2218
2217
2217
2215
2214
2214
2212
2211
2210
2210
2209
2208
2207
2206
2205
2204
2204
2203
2202
2202
2201
2201
2200
2200
2199
2199
2198
2198
2197
2195
2195
2194
2194
2193
2190
2189
2187
2184
2182
2175
2175
2175
2174
2174
2174
2171
2170
2170
2167
2167
2166
2165
2164
2163
2162
2161
2152
2151
2151
2149
2149
2147
2144
2143
2143
2143
2143
2139
2138
2138
2138
2137
2136
2136
2133
2133
2133
2133
2130
2129
2128
2127
2127
2127
2124
2124
2124
2124
2123
2123
2123
2122
2121
2120
2120
2119
2118
2117
2117
2116
2113
2113
2112
2112
2112
2111
2109
2108
2108
2108
2108
2105
2102
2102
2101
2100
2100
2098
2097
2097
2096
2095
2093
2092
2091
2091
2090
2089
2088
2087
2087
2087
2087
2086
2085
2084
2083
2082
2077
2075
2070
2069
2068
2068
2067
2063
2063
2062
2061
2060
2056
2055
2052
2052
2051
2051
2051
2051
2050
2049
2049
2046
2045
2045
2044
2044
2043
2041
2037
2037
2037
2036
2036
2034
2032
2031
2031
2030
2022
2022
2021
2021
2019
2019
2018
2016
2016
2014
2014
2014
2012
2011
2010
2009
2008
2008
2007
2007
2005
2005
2003
2001
2001
2001
2001
2000
1998
1996
1994
1992
1990
1989
1988
1988
1987
1985
1985
1985
1978
1977
1974
1973
1972
1971
1971
1969
1967
1966
1965
1965
1962
1961
1960
1959
1959
1957
1957
1957
1956
1954
1953
1951
1949
1948
1948
1946
1945
1943
1941
1940
1940
1938
1937
1936
1934
1932
1931
1930
1930
1929
1928
1928
1927
1926
1926
1926
1925
1924
1921
1920
1920
1918
1916
1916
1915
1915
1913
1912
1912
1910
1906
1906
1906
1903
1903
1903
1901
1901
1899
1898
1898
1898
1898
1897
1895
1894
1894
1894
1894
1894
1893
1893
1893
1892
1890
1890
1889
1889
1888
1888
1885
1884
1884
1883
1882
1882
1879
1879
1878
1878
1877
1875
1875
1873
1871
1869
1869
1869
1868
1865
1864
1864
1864
1863
1863
1862
1861
1860
1859
1856
1854
1854
1850
1849
1848
1848
1848
1846
1845
1844
1842
1841
1840
1839
1838
1837
1836
1836
1834
1834
1834
1834
1833
1832
1831
1829
1829
1829
1829
1827
1827
1827
1826
1825
1825
1825
1822
1821
1821
1820
1820
1819
1817
1817
1816
1816
1816
1814
1814
1814
1813
1812
1811
1810
1810
1809
1809
1808
1808
1807
1807
1805
1805
1804
1804
1804
1804
1803
1802
1802
1800
1799
1798
1797
1797
1796
1796
1795
1794
1791
1791
1790
1789
1789
1788
1787
1786
1784
1783
1783
1782
1781
1781
1780
1779
1778
1778
1778
1776
1775
1775
1774
1774
1774
1772
1769
1767
1763
1761
1757
1757
1755
1755
1753
1750
1747
1746
1745
1745
1743
1742
1740
1739
1738
1735
1735
1733
1731
1731
1730
1729
1728
1728
1728
1725
1724
1723
1722
1720
1720
1718
1718
1717
1717
1715
1714
1713
1713
1711
1709
1709
1709
1708
1704
1703
1702
1701
1700
1698
1698
1695
1694
1693
1692
1692
1690
1690
1689
1687
1686
1685
1685
1684
1683
1682
1681
1679
1679
1678
1678
1677
1677
1677
1674
1673
1671
1671
1670
1670
1668
1668
1666
1666
1666
1665
1663
1660
1659
1658
1658
1658
1657
1656
1655
1654
1653
1652
1652
1651
1651
1651
1650
1649
1649
1646
1645
1645
1644
1641
1639
1639
1637
1637
1636
1635
1634
1633
1633
1632
1632
1632
1628
1627
1627
1626
1626
1624
1624
1622
1622
1621
1620
1619
1619
1618
1618
1618
1617
1617
1616
1616
1616
1615
1615
1613
1613
1613
1612
1612
1611
1610
1610
1609
1609
1607
1606
1605
1605
1605
1601
1600
1599
1599
1599
1598
1598
1597
1596
1596
1594
1594
1594
1590
1588
1588
1587
1584
1583
1581
1579
1577
1577
1577
1577
1576
1576
1574
1572
1571
1571
1567
1563
1563
1562
1562
1561
1561
1561
1560
1559
1559
1559
1558
1558
1555
1553
1553
1552
1551
1548
1547
1547
1546
1545
1545
1545
1543
1541
1540
1539
1538
1538
1537
1535
1534
1531
1531
1531
1530
1527
1526
1526
1525
1523
1522
1521
1520
1519
1519
1518
1517
1517
1516
1516
1513
1512
1512
1511
1508
1507
1506
1504
1500
1499
1498
1497
1497
1496
1495
1495
1495
1493
1492
1492
1491
1491
1490
1489
1485
1485
1485
1484
1483
1483
1482
1481
1481
1479
1478
1477
1477
1475
1474
1474
1473
1470
1470
1469
1468
1468
1468
1468
1467
1467
1465
1465
1465
1464
1463
1462
1459
1459
1458
1456
1456
1453
1452
1451
1451
1450
1449
1449
1449
1448
1448
1447
1446
1444
1444
1444
1442
1441
1441
1439
1436
1436
1435
1435
1435
1434
1433
1432
1430
1429
1426
1426
1425
1424
1422
1422
1421
1421
1420
1417
1416
1415
1414
1414
1414
1413
1411
1411
1410
1409
1409
1408
1407
1407
1406
1404
1402
1401
1400
1399
1398
1398
1394
1393
1393
1392
1391
1390
1388
1388
1387
1386
1385
1384
1383
1379
1378
1376
1374
1374
1372
1372
1371
1370
1369
1368
1366
1365
1363
1363
1362
1362
1362
1361
1361
1361
1360
1359
1359
1357
1356
1355
1355
1354
1352
1349
1348
1348
1348
1347
1343
1341
1340
1340
1339
1338
1337
1337
1336
1336
1335
1335
1334
1331
1328
1327
1327
1327
1326
1326
1325
1325
1324
1323
1322
1321
1320
1319
1319
1318
1317
1316
1315
1314
1314
1313
1311
1311
1311
1310
1310
1306
1305
1300
1298
1296
1295
1293
1292
1292
1288
1288
1287
1287
1286
1286
1286
1284
1282
1281
1280
1279
1278
1278
1275
1272
1272
1270
1270
1270
1270
1269
1268
1268
1265
1265
1264
1263
1263
1262
1260
1258
1257
1257
1255
1254
1254
1254
1253
1253
1253
1251
1251
1251
1251
1248
1248
1248
1246
1245
1244
1244
1242
1240
1239
1239
1239
1238
1237
1235
1234
1234
1234
1233
1233
1231
1225
1224
1221
1220
1219
1219
1219
1218
1217
1217
1216
1215
1215
1214
1214
1214
1214
1213
1212
1211
1211
1210
1209
1208
1208
1208
1205
1204
1201
1201
1200
1199
1199
1199
1196
1196
1195
1194
1194
1194
1192
1191
1190
1190
1189
1189
1188
1187
1187
1186
1185
1184
1182
1182
1181
1181
1180
1179
1178
1177
1177
1177
1176
1175
1174
1173
1173
1173
1172
1172
1170
1169
1168
1166
1166
1165
1165
1164
1163
1162
1161
1161
1159
1158
1156
1156
1154
1154
1149
1148
1148
1147
1146
1145
1143
1143
1142
1141
1141
1140
1140
1140
1140
1137
1137
1136
1135
1134
1132
1132
1131
1131
1130
1129
1126
1124
1124
1124
1124
1122
1120
1118
1116
1116
1115
1114
1114
1112
1112
1110
1109
1108
1108
1107
1106
1106
1106
1105
1104
1104
1103
1102
1101
1100
1099
1099
1099
1098
1098
1096
1094
1092
1092
1092
1092
1089
1089
1089
1088
1087
1087
1087
1086
1082
1081
1080
1080
1079
1079
1079
1078
1076
1075
1074
1074
1070
1070
1069
1068
1068
1068
1067
1066
1066
1065
1064
1062
1061
1061
1060
1059
1057
1057
1056
1056
1054
1053
1052
1051
1048
1047
1047
1045
1044
1043
1043
1043
1042
1041
1041
1041
1040
1038
1038
1038
1038
1035
1034
1031
1030
1027
1026
1026
1026
1024
1023
1021
1020
1017
1017
1015
1015
1015
1014
1014
1013
1012
1012
1011
1011
1011
1010
1009
1006
1005
1005
1004
1002
1002
1002
1000
999
999
999
998
998
995
995
992
988
988
988
988
988
987
986
986
983
983
983
982
982
981
981
981
980
978
976
976
976
976
976
975
975
973
973
970
967
966
965
964
963
963
962
962
961
961
958
957
956
955
954
953
953
952
951
951
950
948
945
945
945
943
941
940
939
939
939
938
936
936
934
933
933
931
930
929
929
929
929
927
926
926
925
923
922
922
921
921
919
918
918
918
917
915
915
914
912
911
911
910
909
908
908
904
903
903
902
902
901
901
901
900
899
899
897
896
895
895
894
894
894
891
891
890
886
885
883
883
882
881
879
878
877
877
876
876
874
872
868
867
867
867
866
865
865
865
863
861
859
859
856
856
855
854
853
850
850
847
846
845
844
844
843
842
840
840
840
839
839
838
837
836
834
833
832
831
830
830
829
828
827
826
826
825
824
824
820
820
819
816
816
814
812
812
811
808
807
807
806
806
804
803
802
801
801
799
799
792
792
792
791
790
790
788
787
787
787
785
783
783
782
780
779
778
776
775
775
774
772
772
771
769
769
769
769
768
768
766
765
764
764
764
763
762
761
761
760
759
758
758
757
756
756
756
754
754
753
753
752
747
747
746
746
745
745
744
743
743
742
740
740
735
733
732
731
730
729
728
726
725
725
725
724
724
724
724
723
721
720
718
716
716
716
712
712
712
710
707
705
705
703
700
700
699
696
695
693
692
690
688
688
685
684
684
684
683
682
682
682
679
678
678
675
675
675
674
673
673
671
670
670
670
666
665
665
658
655
654
654
652
652
651
651
651
649
648
648
646
645
643
642
641
639
637
635
635
635
634
633
632
632
631
630
630
630
628
627
626
625
625
625
623
622
622
620
618
618
618
616
616
615
609
607
606
605
605
604
602
601
600
599
599
599
599
599
597
597
596
595
595
593
591
590
588
587
586
586
585
584
584
584
582
581
579
578
578
577
576
576
576
574
573
572
569
568
567
567
567
566
566
566
565
565
564
562
560
560
560
560
559
559
556
554
553
553
553
552
552
552
552
551
550
550
549
549
548
546
545
544
543
543
543
542
541
541
540
540
539
538
538
537
534
533
531
530
530
529
526
524
523
519
518
517
515
515
515
515
515
512
510
510
508
507
507
506
504
503
501
501
501
501
499
497
496
496
496
495
495
494
492
492
488
487
487
485
484
484
484
483
483
483
483
482
482
482
480
480
479
479
479
479
476
474
474
470
470
470
469
469
467
465
464
464
463
461
459
459
458
458
457
456
456
456
455
455
454
454
453
453
451
451
450
450
449
449
449
448
448
448
443
443
442
441
439
438
437
436
433
433
432
426
426
426
425
423
422
415
415
413
412
412
409
408
406
405
405
403
400
398
398
398
397
397
396
394
392
391
389
388
388
387
386
385
383
383
383
383
381
377
375
375
374
371
369
367
366
365
359
358
357
355
354
354
354
353
352
349
349
347
347
346
346
345
345
345
338
337
337
335
334
333
333
333
331
331
330
330
330
329
325
323
323
323
322
322
318
315
314
313
313
311
310
308
308
306
306
305
304
303
301
301
299
299
299
298
292
291
289
288
288
287
287
286
286
285
284
284
284
281
275
275
274
272
271
270
269
268
267
265
264
260
257
257
253
252
251
251
250
250
249
249
249
248
247
245
244
243
241
240
240
240
239
237
237
237
236
234
233
232
231
231
231
229
228
228
228
227
227
226
225
222
222
221
221
219
219
217
217
216
216
216
215
214
213
212
211
211
211
210
210
209
209
208
207
203
200
200
198
197
196
195
194
193
192
191
190
188
188
185
185
185
184
183
182
182
182
180
180
179
179
178
178
177
176
174
173
173
172
172
172
170
169
168
166
164
163
163
159
158
158
158
156
156
156
156
156
155
153
151
150
149
148
147
144
143
143
142
140
140
140
139
139
138
137
136
135
134
134
132
132
131
129
129
129
128
127
127
127
127
126
126
126
121
121
119
119
117
116
116
116
112
112
111
111
111
111
110
108
108
108
107
107
107
106
103
102
102
101
101
100
99
99
98
98
98
97
97
95
94
93
93
93
93
92
92
88
87
85
84
83
81
80
79
77
76
73
73
73
72
70
70
68
68
66
65
64
63
63
60
58
55
55
54
53
53
51
51
50
50
49
49
45
45
45
45
44
43
42
41
40
39
39
36
34
33
33
32
32
32
32
32
31
29
28
28
26
26
23
23
23
22
22
21
20
19
18
17
17
16
16
15
14
14
14
13
12
11
10
9
6
6
6
5
3
3
2
2
1
1
1
