9998
9997
9996
9996
9995
9995
9995
9994
9990
9989
9988
9987
9986
9985
9985
9984
9979
9978
9978
9977
9977
9976
9975
9975
9975
9975
9974
9974
9974
9972
9971
9970
9968
9967
9967
9967
9966
9965
9964
9964
9961
9961
9961
9960
9958
9957
9957
9956
9955
9955
9954
9953
9953
9952
9952
9948
9948
9947
9946
9946
9946
9944
9944
9942
9942
9940
9938
9938
9936
9936
9935
9935
9935
9935
9933
9933
9932
9931
9930
9929
9929
9928
9926
9926
9925
9924
9924
9923
9923
9922
9922
9920
9920
9919
9918
9917
9917
9915
9915
9913
9911
9909
9909
9908
9907
9906
9902
9901
9901
9898
9898
9898
9898
9896
9895
9895
9895
9894
9894
9893
9892
9892
9892
9891
9889
9888
9887
9886
9885
9885
9884
9883
9880
9879
9877
9877
9875
9874
9873
9873
9872
9872
9871
9869
9869
9868
9866
9865
9865
9864
9863
9863
9863
9862
9859
9858
9858
9858
9857
9856
9856
9854
9853
9852
9851
9849
9849
9849
9848
9848
9848
9847
9843
9841
9838
9837
9836
9836
9835
9834
9833
9833
9833
9833
9832
9831
9831
9830
9830
9830
9826
9822
9822
9821
9819
9818
9818
9818
9818
9817
9816
9816
9815
9814
9811
9810
9810
9808
9808
9808
9808
9808
9806
9806
9806
9805
9804
9804
9804
9803
9800
9800
9800
9799
9799
9798
9795
9792
9791
9790
9790
9787
9787
9787
9786
9786
9786
9784
9783
9781
9781
9779
9776
9775
9774
9773
9772
9771
9770
9769
9769
9769
9769
9768
9768
9764
9764
9764
9762
9760
9759
9757
9757
9757
9755
9755
9753
9752
9749
9748
9747
9747
9746
9745
9742
9742
9742
9741
9740
9740
9740
9739
9738
9736
9735
9735
9734
9733
9732
9731
9730
9730
9730
9728
9728
9727
9725
9724
9724
9723
9722
9721
9720
9720
9719
9719
9719
9718
9718
9717
9716
9716
9716
9716
9715
9714
9713
9709
9707
9704
9704
9702
9700
9698
9697
9697
9696
9694
9694
9693
9692
9691
9691
9689
9689
9688
9687
9687
9686
9684
9683
9678
9677
9676
9676
9674
9673
9672
9672
9672
9671
9671
9671
9671
9671
9671
9670
9669
9669
9669
9668
9667
9667
9666
9665
9664
9663
9663
9662
9661
9661
9661
9658
9657
9657
9656
9654
9652
9652
9651
9651
9649
9648
9647
9644
9642
9642
9641
9638
9638
9638
9636
9634
9634
9634
9632
9632
9632
9630
9630
9630
9628
9628
9628
9626
9624
9622
9621
9621
9621
9621
9620
9617
9617
9617
9616
9616
9615
9615
9615
9613
9613
9611
9610
9609
9606
9605
9604
9603
9603
9602
9602
9602
9598
9597
9597
9597
9597
9597
9597
9590
9587
9587
9586
9585
9584
9583
9581
9580
9576
9576
9576
9575
9575
9574
9573
9572
9571
9570
9569
9569
9569
9568
9568
9567
9567
9564
9562
9562
9560
9560
9559
9559
9558
9558
9558
9556
9555
9555
9554
9554
9553
9552
9551
9551
9551
9550
9550
9548
9545
9542
9542
9542
9542
9540
9540
9540
9539
9537
9536
9536
9535
9535
9535
9534
9534
9534
9532
9529
9529
9529
9529
9528
9527
9526
9524
9524
9524
9524
9523
9522
9521
9521
9519
9518
9518
9517
9517
9516
9511
9511
9511
9509
9509
9508
9507
9506
9506
9506
9505
9503
9502
9502
9501
9499
9498
9497
9497
9496
9495
9494
9493
9493
9493
9491
9490
9490
9489
9487
9486
9486
9485
9485
9485
9484
9481
9479
9479
9479
9479
9478
9474
9472
9472
9471
9469
9469
9466
9465
9464
9464
9462
9460
9460
9459
9459
9456
9455
9454
9452
9452
9446
9446
9440
9440
9439
9438
9438
9438
9437
9437
9437
9436
9433
9432
9431
9431
9431
9431
9430
9429
9429
9427
9426
9424
9424
9423
9422
9420
9419
9418
9416
9415
9414
9413
9413
9411
9410
9409
9409
9407
9406
9405
9404
9404
9404
9403
9402
9402
9402
9400
9398
9398
9397
9397
9397
9395
9395
9395
9395
9394
9393
9393
9392
9390
9389
9389
9388
9388
9387
9385
9384
9384
9384
9383
9382
9380
9376
9375
9374
9372
9371
9368
9363
9361
9359
9358
9354
9354
9352
9352
9352
9351
9351
9351
9350
9350
9350
9349
9347
9346
9346
9346
9346
9345
9342
9342
9342
9339
9338
9335
9335
9334
9333
9331
9329
9329
9329
9329
9327
9326
9325
9325
9323
9322
9319
9318
9318
9317
9315
9313
9310
9309
9309
9307
9307
9307
9305
9304
9302
9301
9301
9301
9300
9298
9298
9297
9296
9295
9293
9293
9291
9290
9289
9289
9288
9288
9287
9287
9286
9286
9285
9284
9284
9283
9282
9280
9280
9279
9278
9277
9276
9274
9274
9274
9274
9272
9271
9270
9270
9268
9268
9268
9268
9266
9265
9265
9264
9264
9264
9264
9263
9261
9259
9259
9258
9257
9257
9253
9252
9250
9249
9249
9248
9248
9246
9246
9245
9244
9243
9240
9237
9236
9236
9235
9235
9234
9234
9233
9232
9231
9229
9229
9228
9227
9227
9226
9226
9225
9224
9223
9222
9222
9221
9220
9217
9216
9215
9214
9211
9210
9210
9210
9210
9209
9209
9208
9207
9206
9206
9203
9202
9202
9201
9200
9198
9198
9197
9195
9195
9194
9190
9190
9190
9189
9187
9187
9186
9185
9182
9182
9181
9178
9177
9176
9176
9176
9175
9175
9174
9174
9173
9172
9171
9169
9169
9164
9164
9164
9160
9160
9160
9160
9156
9156
9154
9152
9148
9148
9148
9147
9145
9142
9140
9139
9137
9135
9135
9133
9133
9130
9129
9128
9128
9127
9126
9126
9126
9126
9124
9123
9123
9123
9122
9122
9119
9119
9117
9116
9116
9115
9113
9112
9112
9111
9109
9105
9103
9101
9100
9100
9097
9095
9095
9095
9094
9093
9091
9091
9091
9090
9090
9089
9089
9087
9086
9086
9085
9084
9081
9081
9079
9077
9077
9077
9076
9076
9072
9072
9071
9070
9070
9069
9069
9067
9066
9063
9061
9059
9058
9057
9057
9056
9056
9054
9053
9052
9051
9050
9049
9049
9049
9045
9044
9044
9044
9043
9043
9040
9038
9036
9036
9035
9033
9032
9032
9031
9031
9029
9029
9027
9027
9026
9026
9024
9023
9022
9022
9021
9020
9019
9016
9016
9016
9015
9015
9015
9014
9013
9013
9013
9012
9012
9011
9011
9011
9006
9006
9005
9004
9004
9003
9001
8998
8998
8997
8995
8991
8990
8990
8990
8990
8990
8989
8989
8987
8987
8985
8984
8984
8983
8982
8981
8980
8980
8979
8978
8978
8977
8977
8976
8975
8974
8971
8970
8968
8968
8967
8965
8965
8965
8965
8964
8964
8961
8960
8959
8957
8957
8956
8955
8954
8953
8951
8951
8947
8943
8939
8938
8938
8937
8937
8936
8935
8935
8931
8930
8930
8930
8929
8928
8927
8925
8925
8925
8924
8924
8923
8921
8918
8918
8916
8916
8915
8913
8913
8912
8911
8908
8907
8906
8904
8902
8902
8899
8897
8897
8897
8896
8896
8893
8892
8890
8890
8889
8886
8885
8884
8883
8883
8882
8881
8881
8881
8879
8879
8879
8878
8876
8876
8876
8876
8876
8875
8873
8866
8865
8865
8864
8864
8863
8863
8862
8861
8858
8858
8857
8856
8853
8853
8852
8851
8850
8850
8849
8848
8847
8847
8846
8844
8842
8839
8836
8835
8835
8834
8834
8834
8833
8833
8832
8831
8830
8830
8830
8828
8828
8828
8825
8825
8824
8823
8822
8822
8821
8819
8819
8817
8814
8814
8813
8812
8812
8811
8811
8810
8807
8806
8805
8804
8803
8801
8800
8800
8799
8796
8795
8793
8790
8788
8786
8785
8784
8782
8781
8781
8780
8780
8780
8776
8776
8774
8774
8773
8772
8771
8768
8767
8767
8767
8767
8764
8763
8763
8763
8762
8762
8762
8762
8761
8761
8759
8759
8758
8758
8757
8757
8757
8757
8756
8755
8753
8751
8751
8750
8750
8749
8749
8749
8748
8744
8743
8743
8740
8738
8737
8734
8733
8733
8732
8730
8730
8730
8728
8728
8727
8727
8726
8725
8724
8723
8722
8722
8722
8719
8719
8718
8717
8716
8711
8711
8711
8710
8709
8708
8707
8701
8699
8699
8699
8699
8698
8697
8696
8695
8694
8694
8693
8693
8693
8692
8691
8690
8690
8687
8687
8685
8682
8682
8680
8680
8679
8678
8678
8676
8674
8674
8674
8672
8671
8671
8670
8670
8669
8669
8669
8668
8667
8667
8666
8665
8665
8664
8663
8663
8663
8662
8659
8657
8655
8654
8654
8653
8651
8648
8647
8647
8646
8645
8644
8644
8643
8642
8639
8639
8638
8638
8635
8635
8635
8635
8634
8631
8631
8629
8627
8626
8623
8622
8618
8618
8618
8614
8613
8609
8606
8606
8605
8605
8604
8602
8602
8602
8602
8601
8600
8600
8600
8600
8599
8598
8597
8596
8595
8594
8594
8594
8592
8591
8590
8588
8588
8587
8585
8583
8583
8582
8581
8579
8578
8578
8577
8576
8575
8574
8573
8573
8572
8571
8571
8569
8568
8567
8565
8565
8563
8562
8561
8560
8560
8555
8555
8553
8551
8551
8548
8547
8547
8547
8547
8547
8546
8545
8545
8543
8542
8541
8541
8540
8539
8538
8536
8536
8534
8534
8532
8531
8531
8531
8530
8530
8529
8529
8528
8525
8524
8522
8522
8519
8518
8517
8516
8515
8512
8512
8512
8510
8508
8506
8506
8505
8505
8504
8500
8500
8499
8498
8498
8498
8497
8496
8495
8494
8493
8492
8492
8489
8487
8487
8486
8486
8485
8484
8483
8482
8482
8480
8480
8480
8478
8478
8477
8477
8476
8474
8473
8471
8470
8470
8468
8467
8467
8461
8461
8461
8460
8459
8452
8451
8451
8450
8450
8449
8447
8447
8446
8444
8442
8440
8440
8436
8435
8435
8434
8434
8432
8429
8426
8425
8425
8425
8425
8424
8424
8423
8423
8423
8423
8422
8422
8421
8420
8420
8417
8413
8413
8412
8412
8410
8409
8409
8407
8407
8407
8407
8406
8403
8402
8399
8399
8398
8398
8397
8397
8396
8395
8393
8392
8389
8386
8385
8383
8383
8382
8382
8381
8380
8376
8375
8375
8373
8372
8371
8371
8370
8370
8369
8368
8365
8362
8362
8362
8361
8361
8359
8358
8357
8356
8355
8355
8354
8354
8353
8352
8352
8351
8350
8350
8349
8348
8344
8342
8340
8339
8338
8338
8337
8335
8334
8333
8333
8333
8333
8333
8332
8330
8327
8325
8323
8322
8321
8320
8318
8318
8316
8315
8315
8312
8311
8311
8310
8310
8310
8310
8309
8308
8307
8305
8305
8304
8303
8303
8302
8300
8300
8298
8298
8298
8297
8296
8296
8296
8294
8291
8290
8288
8288
8287
8285
8285
8283
8283
8283
8282
8281
8280
8277
8276
8275
8275
8274
8274
8274
8274
8273
8270
8270
8269
8268
8268
8267
8266
8266
8262
8262
8257
8256
8256
8255
8253
8253
8252
8251
8249
8249
8248
8246
8241
8241
8240
8240
8238
8235
8235
8235
8234
8233
8232
8231
8231
8230
8229
8229
8227
8226
8225
8223
8221
8219
8219
8217
8217
8216
8215
8214
8213
8213
8213
8213
8213
8213
8211
8210
8210
8207
8207
8206
8205
8205
8205
8204
8204
8204
8203
8202
8201
8201
8200
8199
8198
8194
8192
8192
8192
8191
8190
8188
8188
8188
8185
8185
8183
8183
8183
8182
8182
8180
8180
8179
8178
8178
8176
8175
8173
8173
8172
8171
8168
8168
8167
8167
8166
8165
8165
8164
8163
8161
8158
8152
8151
8150
8149
8149
8149
8148
8147
8147
8147
8146
8146
8145
8145
8142
8141
8141
8138
8137
8137
8135
8133
8133
8132
8129
8129
8127
8127
8126
8124
8123
8122
8122
8122
8122
8120
8119
8117
8116
8113
8113
8113
8113
8113
8112
8112
8112
8111
8111
8111
8111
8105
8105
8104
8104
8103
8101
8101
8100
8098
8096
8096
8096
8096
8096
8095
8095
8095
8095
8095
8094
8093
8093
8091
8090
8090
8089
8089
8089
8088
8088
8088
8087
8086
8085
8084
8084
8081
8077
8077
8075
8075
8074
8074
8071
8068
8068
8068
8068
8065
8065
8065
8064
8064
8064
8063
8063
8061
8060
8060
8060
8060
8059
8058
8058
8055
8055
8054
8053
8052
8051
8051
8050
8050
8049
8049
8048
8048
8046
8044
8043
8041
8040
8040
8040
8038
8037
8035
8035
8034
8034
8034
8033
8032
8031
8029
8028
8027
8026
8025
8024
8024
8024
8021
8021
8021
8021
8020
8019
8018
8018
8018
8018
8017
8016
8016
8013
8012
8010
8010
8010
8009
8007
8006
8006
8006
8005
8004
8004
8003
8002
8002
8001
8001
8000
7999
7999
7999
7995
7992
7991
7990
7989
7988
7988
7987
7984
7984
7983
7983
7981
7981
7980
7980
7978
7978
7977
7974
7970
7969
7968
7967
7966
7964
7963
7963
7962
7962
7959
7958
7958
7957
7956
7956
7955
7955
7954
7952
7951
7950
7950
7950
7946
7946
7945
7943
7942
7941
7941
7940
7940
7938
7936
7936
7935
7934
7934
7933
7931
7929
7929
7928
7927
7926
7926
7925
7924
7922
7921
7920
7919
7918
7918
7918
7917
7916
7916
7915
7915
7914
7913
7911
7911
7911
7910
7910
7909
7908
7908
7905
7901
7900
7900
7899
7898
7895
7895
7894
7893
7892
7892
7891
7891
7889
7886
7885
7885
7882
7881
7881
7881
7880
7879
7879
7879
7879
7876
7875
7874
7873
7873
7872
7872
7870
7868
7867
7866
7864
7862
7862
7861
7859
7859
7856
7855
7853
7851
7848
7845
7844
7843
7843
7843
7843
7841
7841
7840
7840
7839
7834
7834
7832
7832
7831
7830
7830
7828
7828
7827
7824
7823
7823
7822
7821
7821
7821
7821
7818
7816
7816
7815
7814
7814
7814
7813
7812
7812
7811
7809
7809
7806
7806
7806
7805
7805
7804
7803
7803
7803
7801
7801
7800
7799
7798
7797
7796
7795
7794
7792
7790
7789
7786
7785
7783
7782
7781
7781
7778
7777
7776
7776
7773
7770
7768
7768
7767
7767
7767
7766
7765
7762
7761
7761
7760
7760
7759
7758
7758
7757
7756
7754
7752
7751
7751
7749
7749
7747
7745
7744
7744
7744
7742
7739
7738
7737
7736
7734
7732
7730
7729
7729
7728
7727
7727
7725
7725
7725
7723
7722
7722
7722
7718
7718
7717
7717
7716
7714
7714
7713
7712
7712
7712
7711
7707
7707
7707
7705
7705
7704
7704
7704
7703
7701
7700
7700
7699
7699
7699
7697
7697
7696
7696
7695
7691
7690
7690
7689
7689
7689
7689
7688
7687
7684
7681
7680
7680
7680
7678
7678
7676
7674
7674
7673
7672
7671
7671
7670
7670
7669
7668
7666
7666
7666
7665
7665
7664
7662
7659
7659
7658
7658
7658
7657
7657
7655
7655
7653
7651
7651
7650
7649
7647
7647
7644
7644
7643
7639
7639
7639
7637
7637
7637
7633
7633
7633
7633
7632
7631
7630
7628
7628
7627
7625
7625
7625
7624
7623
7623
7622
7621
7620
7618
7617
7616
7615
7612
7612
7611
7608
7608
7606
7604
7603
7600
7600
7599
7598
7598
7597
7597
7596
7596
7594
7594
7591
7591
7586
7586
7584
7584
7583
7583
7580
7578
7576
7575
7572
7572
7569
7569
7569
7567
7566
7564
7559
7557
7556
7556
7555
7555
7555
7554
7553
7552
7549
7549
7548
7548
7546
7546
7545
7544
7544
7543
7542
7542
7541
7540
7540
7540
7540
7539
7538
7538
7535
7532
7531
7529
7527
7526
7526
7524
7522
7522
7521
7520
7518
7516
7515
7514
7511
7511
7509
7506
7504
7502
7500
7500
7499
7499
7499
7499
7499
7498
7498
7498
7497
7496
7496
7494
7493
7490
7489
7488
7487
7487
7486
7484
7483
7483
7482
7481
7481
7479
7479
7479
7479
7478
7477
7477
7477
7476
7476
7475
7474
7474
7473
7473
7471
7470
7470
7467
7467
7466
7465
7464
7463
7463
7461
7461
7460
7458
7458
7458
7457
7456
7456
7455
7454
7453
7452
7451
7450
7450
7450
7449
7449
7449
7448
7447
7446
7446
7445
7443
7442
7441
7438
7437
7437
7434
7433
7432
7431
7431
7429
7429
7426
7426
7425
7422
7422
7422
7421
7420
7420
7420
7419
7418
7414
7414
7413
7413
7412
7412
7412
7407
7407
7406
7406
7404
7403
7403
7403
7403
7402
7402
7401
7397
7397
7396
7396
7396
7392
7391
7390
7390
7388
7388
7387
7386
7386
7385
7382
7381
7381
7380
7378
7377
7375
7373
7373
7372
7371
7371
7370
7366
7366
7362
7362
7362
7362
7361
7358
7357
7357
7356
7356
7355
7354
7353
7352
7352
7351
7351
7350
7349
7348
7343
7341
7340
7340
7339
7339
7339
7338
7338
7338
7338
7337
7335
7334
7334
7334
7334
7333
7330
7329
7328
7328
7325
7325
7325
7325
7325
7324
7324
7322
7320
7320
7320
7319
7318
7317
7317
7316
7316
7315
7314
7313
7313
7313
7313
7311
7311
7310
7310
7310
7309
7308
7307
7306
7306
7306
7306
7304
7304
7303
7303
7302
7302
7301
7300
7300
7299
7298
7297
7297
7297
7296
7295
7292
7290
7287
7286
7283
7282
7280
7280
7280
7279
7279
7276
7273
7271
7266
7263
7263
7262
7262
7261
7260
7260
7260
7259
7258
7257
7256
7256
7255
7255
7255
7253
7250
7249
7247
7245
7244
7244
7243
7242
7241
7241
7241
7241
7240
7239
7236
7235
7235
7235
7234
7234
7234
7233
7233
7231
7228
7228
7227
7227
7226
7226
7225
7225
7224
7222
7218
7218
7215
7212
7210
7210
7210
7209
7207
7206
7205
7204
7202
7202
7201
7201
7201
7199
7199
7198
7197
7197
7193
7193
7192
7190
7188
7188
7187
7186
7186
7185
7185
7185
7181
7180
7179
7179
7178
7176
7174
7174
7173
7172
7169
7169
7167
7167
7165
7165
7165
7165
7163
7162
7161
7161
7161
7156
7153
7153
7150
7150
7149
7148
7148
7145
7142
7140
7140
7138
7137
7137
7135
7134
7134
7134
7130
7130
7128
7125
7121
7121
7120
7119
7119
7118
7117
7115
7114
7112
7112
7108
7107
7106
7106
7106
7103
7103
7100
7100
7099
7099
7099
7099
7098
7097
7097
7096
7096
7096
7096
7095
7093
7092
7092
7090
7089
7088
7088
7087
7087
7086
7086
7085
7082
7082
7081
7081
7080
7080
7078
7078
7078
7078
7077
7076
7076
7076
7076
7075
7075
7074
7073
7072
7072
7071
7069
7067
7067
7066
7063
7062
7058
7057
7057
7056
7055
7055
7053
7052
7052
7052
7052
7050
7050
7048
7045
7045
7044
7042
7041
7039
7039
7038
7037
7037
7037
7035
7035
7034
7033
7033
7033
7029
7029
7029
7027
7026
7026
7025
7024
7024
7023
7023
7020
7020
7020
7020
7020
7020
7018
7016
7015
7014
7014
7013
7012
7011
7010
7009
7008
7005
7005
7004
7002
7001
6999
6999
6994
6993
6992
6991
6991
6989
6989
6989
6987
6986
6985
6985
6983
6982
6979
6978
6977
6976
6976
6976
6975
6973
6973
6972
6971
6970
6970
6969
6969
6969
6969
6969
6969
6968
6967
6967
6967
6966
6965
6964
6964
6964
6964
6964
6963
6963
6962
6961
6961
6960
6960
6959
6957
6956
6955
6954
6951
6950
6949
6947
6946
6945
6944
6944
6942
6942
6941
6937
6937
6937
6935
6934
6933
6932
6930
6927
6927
6926
6924
6923
6921
6917
6916
6915
6915
6915
6915
6912
6911
6910
6907
6907
6907
6907
6907
6906
6905
6905
6901
6898
6898
6893
6893
6892
6890
6889
6888
6888
6887
6887
6886
6886
6886
6884
6883
6882
6880
6879
6878
6878
6877
6876
6876
6875
6874
6873
6872
6869
6867
6867
6867
6866
6865
6865
6864
6864
6863
6863
6862
6861
6860
6858
6858
6858
6854
6854
6853
6853
6853
6852
6849
6849
6845
6845
6843
6843
6842
6840
6840
6839
6838
6835
6835
6834
6834
6833
6833
6832
6829
6828
6828
6828
6827
6827
6826
6826
6824
6822
6822
6822
6821
6819
6819
6817
6814
6814
6813
6813
6812
6810
6810
6809
6809
6808
6807
6805
6803
6802
6801
6800
6797
6797
6796
6796
6795
6795
6794
6794
6794
6794
6794
6790
6789
6788
6788
6788
6787
6787
6786
6785
6784
6783
6783
6783
6783
6780
6779
6779
6779
6778
6777
6776
6776
6775
6775
6774
6772
6768
6767
6767
6766
6765
6764
6762
6762
6760
6759
6759
6759
6757
6756
6755
6755
6754
6753
6752
6752
6751
6750
6750
6749
6747
6747
6746
6745
6743
6742
6742
6741
6740
6739
6737
6737
6735
6735
6735
6735
6733
6732
6730
6729
6729
6727
6725
6724
6724
6724
6723
6722
6722
6721
6718
6718
6717
6716
6716
6715
6714
6714
6712
6712
6711
6710
6710
6708
6708
6706
6705
6703
6702
6702
6701
6699
6698
6698
6697
6696
6695
6694
6693
6692
6691
6689
6689
6688
6688
6687
6686
6685
6684
6684
6682
6680
6680
6679
6677
6675
6674
6673
6672
6670
6669
6668
6666
6666
6661
6661
6660
6658
6657
6656
6655
6654
6651
6650
6650
6650
6647
6647
6647
6646
6644
6644
6644
6641
6636
6636
6635
6634
6634
6634
6633
6629
6628
6626
6625
6624
6622
6622
6621
6621
6620
6620
6618
6618
6617
6617
6617
6617
6616
6616
6615
6615
6614
6613
6613
6612
6611
6611
6611
6611
6609
6606
6606
6604
6604
6603
6602
6598
6598
6598
6597
6597
6597
6596
6593
6592
6591
6587
6586
6586
6585
6582
6580
6580
6579
6579
6575
6574
6573
6572
6570
6570
6569
6569
6569
6569
6568
6567
6566
6566
6566
6565
6562
6562
6561
6560
6559
6559
6556
6556
6555
6553
6552
6550
6548
6548
6548
6546
6544
6544
6543
6542
6542
6542
6542
6541
6539
6538
6536
6536
6536
6535
6532
6532
6531
6530
6527
6526
6523
6520
6519
6517
6516
6515
6515
6515
6514
6514
6514
6513
6512
6512
6511
6509
6509
6507
6506
6505
6501
6501
6500
6499
6498
6494
6493
6492
6492
6492
6491
6491
6490
6490
6490
6490
6490
6490
6490
6489
6489
6488
6487
6487
6485
6485
6484
6484
6482
6481
6481
6480
6480
6479
6478
6474
6474
6473
6472
6471
6471
6470
6470
6468
6467
6467
6467
6466
6466
6464
6461
6461
6460
6458
6457
6456
6454
6454
6453
6453
6452
6451
6451
6451
6451
6450
6450
6448
6445
6445
6445
6444
6440
6439
6438
6437
6436
6432
6432
6430
6426
6426
6423
6423
6423
6423
6422
6422
6421
6419
6419
6415
6413
6412
6412
6411
6411
6411
6408
6408
6407
6407
6404
6404
6402
6400
6397
6396
6395
6395
6394
6394
6389
6388
6387
6387
6384
6382
6381
6380
6378
6378
6377
6377
6376
6376
6375
6374
6373
6370
6369
6368
6366
6366
6365
6364
6363
6361
6361
6360
6358
6357
6355
6355
6354
6353
6353
6353
6351
6349
6346
6345
6345
6342
6341
6341
6341
6340
6340
6340
6338
6337
6337
6337
6336
6335
6335
6335
6333
6329
6326
6326
6325
6323
6323
6321
6321
6320
6319
6316
6316
6315
6314
6314
6313
6313
6312
6312
6312
6311
6309
6308
6308
6307
6307
6307
6304
6303
6303
6302
6301
6301
6299
6299
6299
6298
6298
6298
6297
6297
6296
6287
6287
6285
6285
6284
6283
6282
6281
6280
6279
6278
6278
6274
6271
6270
6270
6268
6268
6268
6268
6266
6265
6265
6262
6262
6262
6261
6260
6258
6257
6256
6255
6255
6254
6253
6250
6249
6249
6249
6248
6247
6247
6245
6245
6245
6242
6242
6242
6242
6241
6241
6240
6239
6236
6236
6234
6233
6232
6232
6232
6231
6230
6227
6226
6225
6224
6224
6223
6220
6220
6219
6219
6218
6218
6217
6217
6216
6215
6213
6212
6211
6209
6205
6204
6201
6200
6197
6194
6191
6186
6186
6186
6185
6184
6181
6180
6179
6178
6178
6176
6175
6172
6171
6170
6169
6169
6167
6167
6166
6166
6164
6162
6162
6161
6160
6159
6158
6154
6154
6152
6150
6149
6149
6148
6147
6144
6144
6144
6140
6139
6138
6137
6132
6131
6131
6129
6128
6128
6128
6125
6125
6122
6121
6121
6119
6119
6118
6117
6116
6116
6115
6112
6112
6112
6111
6110
6108
6108
6107
6107
6106
6104
6104
6104
6104
6100
6100
6099
6099
6097
6093
6092
6092
6089
6088
6086
6085
6084
6081
6080
6078
6078
6077
6074
6073
6073
6073
6071
6070
6070
6070
6070
6069
6069
6069
6069
6068
6066
6065
6064
6064
6062
6062
6062
6061
6061
6060
6056
6055
6054
6053
6053
6053
6051
6050
6049
6049
6048
6048
6047
6047
6047
6045
6043
6043
6042
6040
6040
6040
6039
6037
6035
6035
6034
6034
6033
6031
6030
6030
6030
6029
6029
6022
6021
6021
6020
6020
6015
6014
6010
6010
6009
6007
6006
6006
6005
6002
6001
6000
5999
5999
5997
5997
5996
5994
5993
5990
5989
5988
5988
5988
5985
5985
5985
5983
5980
5979
5977
5975
5973
5973
5973
5973
5972
5971
5969
5969
5969
5967
5964
5964
5964
5963
5963
5962
5961
5961
5960
5959
5956
5955
5955
5954
5953
5952
5952
5951
5950
5949
5948
5947
5946
5946
5945
5944
5944
5943
5938
5938
5938
5937
5937
5936
5934
5931
5930
5929
5929
5928
5927
5926
5925
5922
5920
5919
5918
5918
5918
5916
5915
5911
5911
5911
5910
5908
5907
5905
5904
5904
5903
5900
5895
5895
5894
5893
5892
5891
5891
5889
5888
5887
5886
5886
5884
5883
5881
5880
5878
5876
5874
5873
5871
5870
5868
5868
5866
5865
5864
5864
5864
5864
5863
5861
5860
5859
5858
5858
5857
5855
5854
5854
5853
5851
5850
5850
5848
5847
5846
5845
5845
5844
5844
5843
5843
5841
5841
5838
5836
5833
5832
5831
5828
5828
5827
5827
5825
5825
5824
5823
5822
5822
5821
5820
5819
5819
5817
5816
5814
5813
5813
5812
5812
5811
5810
5810
5810
5809
5805
5803
5802
5801
5801
5799
5798
5797
5797
5797
5797
5797
5796
5795
5795
5794
5794
5794
5793
5792
5792
5791
5790
5790
5789
5787
5787
5784
5782
5782
5781
5780
5778
5778
5776
5775
5774
5773
5773
5772
5771
5771
5768
5767
5766
5765
5764
5764
5764
5764
5763
5761
5760
5758
5758
5757
5756
5756
5755
5754
5753
5750
5749
5749
5748
5748
5747
5745
5745
5744
5744
5742
5740
5739
5739
5734
5734
5734
5732
5731
5731
5730
5729
5728
5728
5727
5726
5724
5724
5723
5722
5722
5721
5721
5721
5719
5715
5714
5712
5710
5706
5706
5706
5706
5706
5704
5702
5701
5701
5699
5699
5695
5692
5692
5692
5688
5686
5685
5685
5685
5685
5684
5684
5682
5680
5676
5676
5676
5675
5675
5674
5673
5671
5668
5668
5666
5665
5664
5664
5661
5661
5660
5658
5657
5654
5654
5652
5652
5651
5649
5649
5648
5648
5648
5648
5647
5645
5645
5643
5642
5641
5640
5640
5640
5639
5638
5634
5634
5633
5632
5632
5630
5629
5629
5628
5628
5627
5627
5627
5627
5626
5625
5625
5625
5624
5622
5621
5620
5619
5618
5618
5618
5615
5615
5614
5614
5614
5613
5612
5611
5608
5607
5607
5606
5606
5606
5605
5604
5602
5602
5601
5598
5598
5597
5597
5596
5595
5594
5593
5593
5592
5592
5592
5590
5590
5589
5588
5586
5580
5580
5579
5576
5575
5574
5573
5572
5567
5567
5566
5566
5566
5565
5564
5562
5561
5560
5558
5556
5555
5555
5553
5552
5552
5551
5551
5549
5547
5546
5545
5544
5543
5542
5541
5540
5538
5537
5537
5536
5536
5533
5531
5530
5528
5525
5524
5524
5524
5524
5523
5522
5522
5522
5518
5518
5517
5517
5516
5512
5511
5509
5508
5507
5507
5505
5505
5504
5504
5504
5504
5504
5503
5503
5501
5499
5499
5498
5498
5497
5496
5495
5495
5495
5493
5493
5492
5490
5489
5488
5488
5486
5486
5484
5484
5483
5483
5482
5480
5479
5477
5477
5476
5476
5475
5473
5472
5472
5470
5469
5469
5467
5467
5467
5466
5465
5463
5461
5459
5457
5457
5457
5455
5455
5454
5452
5451
5451
5449
5448
5446
5446
5446
5445
5445
5441
5441
5440
5439
5439
5439
5438
5437
5437
5437
5437
5437
5435
5434
5433
5433
5432
5432
5431
5431
5430
5429
5429
5429
5429
5428
5427
5427
5426
5426
5422
5421
5420
5420
5418
5417
5416
5413
5412
5408
5407
5406
5405
5402
5402
5402
5402
5401
5401
5400
5399
5399
5397
5396
5396
5395
5395
5394
5393
5391
5388
5386
5386
5386
5385
5384
5381
5380
5379
5377
5377
5375
5375
5375
5374
5373
5370
5370
5369
5369
5368
5368
5368
5367
5366
5366
5364
5361
5360
5357
5356
5356
5355
5354
5353
5353
5352
5351
5351
5351
5350
5350
5349
5347
5344
5342
5339
5339
5337
5337
5335
5332
5331
5330
5330
5330
5323
5321
5321
5321
5318
5318
5317
5316
5316
5315
5315
5313
5313
5312
5312
5312
5312
5310
5309
5308
5307
5307
5307
5305
5303
5303
5302
5301
5301
5300
5299
5298
5297
5297
5295
5294
5294
5293
5291
5289
5289
5288
5287
5287
5286
5285
5283
5282
5279
5279
5278
5277
5277
5276
5276
5276
5274
5274
5272
5272
5271
5269
5266
5265
5263
5257
5256
5254
5253
5250
5250
5250
5249
5245
5244
5244
5244
5243
5243
5241
5241
5240
5239
5239
5237
5237
5237
5236
5235
5234
5233
5233
5233
5233
5232
5231
5231
5231
5230
5230
5229
5229
5229
5227
5226
5224
5223
5222
5220
5219
5219
5219
5219
5218
5217
5215
5215
5213
5212
5210
5210
5209
5209
5208
5206
5205
5204
5203
5202
5202
5200
5199
5198
5197
5193
5193
5193
5190
5189
5188
5187
5183
5183
5181
5177
5176
5176
5176
5174
5174
5174
5173
5171
5170
5168
5167
5167
5166
5166
5166
5165
5163
5162
5161
5160
5159
5159
5159
5158
5157
5157
5155
5155
5154
5152
5152
5150
5150
5149
5146
5143
5142
5140
5140
5139
5138
5138
5137
5135
5134
5134
5132
5131
5131
5130
5130
5130
5130
5128
5127
5125
5120
5118
5117
5117
5117
5117
5116
5115
5115
5115
5114
5112
5111
5110
5110
5107
5106
5104
5104
5103
5103
5102
5101
5100
5099
5099
5098
5096
5095
5095
5092
5091
5091
5089
5089
5088
5086
5086
5082
5080
5080
5078
5078
5078
5077
5075
5073
5069
5069
5068
5068
5067
5066
5065
5064
5064
5064
5062
5062
5058
5055
5054
5053
5050
5049
5048
5047
5046
5043
5043
5040
5040
5040
5039
5038
5037
5036
5035
5033
5033
5033
5032
5031
5031
5030
5029
5028
5026
5026
5025
5022
5022
5021
5020
5020
5019
5019
5018
5016
5015
5015
5013
5011
5011
5011
5011
5009
5009
5009
5008
5008
5007
5007
5007
5005
5004
5002
5002
5001
5001
5000
5000
4999
4998
4998
4998
4997
4997
4996
4996
4995
4994
4993
4993
4993
4992
4990
4990
4990
4990
4990
4989
4987
4987
4986
4986
4984
4983
4983
4982
4981
4980
4980
4980
4979
4979
4979
4978
4977
4976
4976
4976
4971
4971
4971
4971
4971
4971
4970
4970
4970
4969
4969
4968
4967
4966
4966
4964
4962
4962
4962
4959
4957
4957
4956
4955
4954
4954
4953
4953
4952
4952
4947
4946
4945
4945
4944
4944
4942
4937
4937
4935
4935
4935
4933
4933
4933
4931
4930
4926
4925
4925
4924
4924
4924
4923
4921
4921
4919
4919
4918
4917
4915
4913
4912
4912
4912
4911
4910
4910
4910
4907
4902
4900
4900
4900
4900
4898
4895
4895
4895
4894
4893
4890
4889
4889
4888
4886
4886
4884
4883
4882
4882
4882
4879
4879
4879
4878
4873
4873
4872
4871
4871
4869
4868
4867
4866
4866
4866
4865
4864
4862
4862
4861
4861
4858
4858
4858
4857
4855
4854
4854
4854
4853
4851
4851
4850
4849
4848
4847
4846
4846
4845
4844
4844
4843
4842
4841
4837
4835
4834
4833
4832
4829
4828
4828
4828
4827
4826
4825
4823
4819
4819
4817
4817
4815
4814
4814
4813
4813
4813
4813
4812
4808
4808
4807
4805
4804
4804
4803
4803
4803
4801
4799
4799
4799
4799
4798
4797
4796
4795
4794
4794
4793
4793
4793
4793
4793
4792
4791
4791
4791
4791
4786
4785
4785
4783
4783
4781
4781
4780
4779
4779
4778
4778
4778
4775
4775
4775
4772
4772
4771
4771
4765
4765
4764
4764
4763
4763
4763
4760
4760
4759
4759
4758
4758
4757
4754
4753
4753
4753
4752
4751
4750
4748
4744
4744
4744
4744
4744
4742
4742
4736
4736
4735
4734
4731
4731
4731
4730
4724
4724
4724
4721
4720
4719
4719
4718
4718
4714
4714
4712
4710
4710
4710
4709
4709
4708
4708
4707
4706
4705
4705
4705
4704
4704
4703
4701
4699
4699
4699
4698
4698
4697
4697
4695
4695
4694
4694
4692
4692
4692
4690
4690
4690
4689
4688
4688
4687
4686
4685
4685
4684
4681
4679
4675
4672
4672
4671
4670
4670
4670
4670
4669
4668
4667
4666
4665
4663
4663
4662
4662
4661
4660
4659
4657
4656
4655
4655
4655
4654
4654
4653
4652
4651
4651
4650
4650
4649
4648
4648
4647
4647
4646
4646
4646
4642
4642
4641
4640
4639
4638
4637
4637
4635
4631
4631
4629
4628
4628
4625
4625
4624
4622
4621
4620
4618
4616
4615
4613
4612
4611
4610
4609
4607
4605
4604
4603
4601
4601
4597
4597
4596
4596
4595
4595
4594
4593
4593
4592
4592
4592
4591
4590
4590
4589
4585
4584
4582
4580
4578
4575
4574
4574
4573
4572
4572
4571
4570
4570
4569
4569
4568
4566
4566
4566
4565
4565
4564
4563
4562
4561
4561
4558
4558
4555
4550
4549
4549
4545
4544
4543
4543
4543
4543
4541
4540
4540
4539
4538
4538
4537
4536
4534
4533
4533
4530
4530
4530
4530
4530
4529
4528
4528
4527
4527
4527
4527
4525
4523
4523
4520
4518
4516
4516
4516
4515
4515
4513
4513
4513
4512
4511
4511
4511
4511
4511
4510
4510
4509
4507
4506
4503
4502
4502
4501
4500
4500
4497
4495
4494
4494
4493
4493
4490
4489
4488
4488
4487
4487
4487
4486
4486
4484
4482
4481
4480
4480
4478
4478
4476
4474
4474
4473
4472
4468
4468
4465
4463
4463
4463
4462
4461
4461
4460
4460
4459
4456
4455
4454
4453
4452
4451
4451
4450
4450
4448
4448
4448
4447
4446
4444
4444
4444
4444
4442
4441
4438
4438
4438
4437
4437
4432
4432
4432
4427
4425
4422
4421
4421
4420
4420
4418
4417
4417
4417
4414
4414
4412
4410
4410
4409
4408
4408
4407
4405
4403
4403
4400
4400
4397
4396
4394
4394
4393
4393
4392
4392
4392
4391
4390
4389
4388
4387
4383
4380
4379
4379
4379
4379
4378
4375
4372
4370
4370
4369
4369
4368
4368
4368
4367
4367
4367
4366
4365
4364
4361
4361
4359
4358
4356
4353
4353
4353
4352
4352
4352
4351
4350
4350
4349
4348
4348
4347
4347
4347
4343
4342
4341
4341
4340
4339
4338
4338
4336
4335
4335
4333
4333
4332
4331
4331
4329
4329
4328
4326
4323
4323
4322
4321
4320
4319
4319
4319
4318
4318
4318
4317
4317
4315
4314
4314
4313
4313
4312
4312
4312
4309
4307
4306
4305
4304
4304
4304
4303
4302
4301
4299
4299
4298
4298
4297
4296
4295
4295
4294
4294
4294
4292
4292
4292
4291
4290
4289
4287
4285
4285
4283
4283
4282
4281
4280
4280
4279
4279
4279
4278
4277
4276
4276
4276
4276
4276
4273
4271
4269
4269
4269
4266
4266
4262
4258
4255
4254
4254
4252
4250
4249
4248
4248
4244
4244
4242
4241
4239
4238
4238
4236
4235
4234
4234
4234
4234
4233
4232
4232
4230
4230
4229
4228
4228
4226
4225
4225
4223
4223
4220
4218
4218
4218
4217
4217
4212
4211
4210
4210
4210
4209
4208
4205
4204
4204
4199
4197
4197
4196
4193
4189
4187
4186
4184
4184
4183
4182
4182
4179
4179
4179
4179
4175
4175
4175
4174
4174
4172
4171
4171
4170
4167
4167
4167
4166
4165
4165
4165
4164
4162
4161
4160
4159
4158
4157
4156
4153
4152
4151
4150
4150
4149
4149
4148
4148
4147
4146
4141
4140
4139
4135
4134
4134
4132
4129
4128
4128
4124
4122
4120
4116
4116
4116
4114
4111
4109
4108
4108
4107
4107
4106
4103
4102
4102
4100
4100
4099
4098
4098
4097
4094
4094
4094
4093
4093
4093
4092
4092
4092
4090
4089
4088
4087
4087
4085
4079
4079
4076
4076
4075
4075
4075
4073
4073
4071
4069
4066
4066
4064
4064
4064
4063
4062
4062
4062
4060
4059
4059
4057
4057
4057
4056
4055
4054
4054
4054
4053
4052
4051
4051
4050
4049
4048
4048
4047
4046
4043
4043
4043
4042
4040
4037
4036
4034
4033
4033
4030
4029
4029
4028
4026
4024
4024
4023
4020
4020
4019
4018
4016
4016
4015
4012
4011
4007
4006
4006
4006
4005
4003
4001
4001
3998
3998
3996
3996
3994
3993
3993
3991
3991
3990
3990
3990
3990
3988
3988
3986
3985
3982
3981
3981
3981
3980
3979
3978
3976
3976
3975
3974
3973
3968
3968
3968
3965
3965
3965
3964
3962
3962
3962
3961
3961
3959
3959
3959
3957
3956
3956
3955
3954
3954
3953
3951
3950
3950
3949
3947
3947
3945
3944
3943
3941
3941
3941
3939
3939
3938
3938
3938
3937
3936
3935
3934
3934
3934
3929
3929
3928
3927
3926
3925
3924
3921
3921
3919
3918
3918
3917
3917
3917
3916
3915
3911
3910
3910
3909
3909
3908
3907
3907
3906
3906
3906
3905
3904
3903
3901
3901
3899
3899
3897
3895
3895
3894
3894
3893
3892
3891
3891
3890
3890
3889
3889
3887
3886
3885
3884
3883
3883
3882
3882
3881
3881
3880
3880
3879
3879
3878
3877
3876
3872
3870
3868
3867
3864
3864
3864
3863
3862
3862
3862
3862
3861
3860
3860
3859
3859
3858
3858
3857
3852
3851
3851
3848
3847
3846
3844
3844
3843
3842
3840
3839
3838
3838
3836
3836
3835
3835
3834
3834
3834
3832
3831
3829
3829
3828
3826
3826
3825
3825
3824
3823
3823
3821
3817
3814
3814
3810
3808
3808
3807
3806
3806
3806
3805
3804
3804
3804
3803
3801
3801
3800
3800
3799
3799
3799
3795
3792
3791
3789
3787
3787
3786
3786
3784
3784
3784
3781
3781
3781
3780
3780
3779
3779
3777
3777
3776
3776
3773
3773
3773
3771
3771
3771
3769
3766
3766
3766
3765
3765
3763
3763
3762
3761
3761
3761
3760
3760
3759
3759
3758
3754
3754
3753
3751
3750
3750
3750
3748
3747
3747
3745
3744
3743
3742
3742
3741
3740
3739
3738
3735
3734
3733
3732
3732
3732
3730
3729
3729
3727
3725
3725
3723
3723
3721
3721
3721
3720
3718
3717
3717
3717
3715
3715
3714
3714
3714
3714
3714
3714
3713
3713
3711
3709
3707
3703
3702
3701
3699
3697
3697
3696
3696
3695
3694
3692
3687
3686
3686
3686
3685
3684
3683
3681
3680
3679
3678
3678
3677
3676
3676
3676
3676
3675
3675
3675
3674
3674
3674
3672
3672
3671
3670
3670
3669
3668
3668
3663
3662
3661
3661
3661
3660
3660
3659
3652
3649
3649
3649
3648
3644
3644
3643
3641
3640
3638
3637
3637
3637
3637
3636
3635
3634
3633
3632
3630
3630
3628
3628
3625
3623
3619
3618
3616
3614
3610
3610
3608
3607
3606
3606
3604
3604
3603
3601
3600
3599
3598
3598
3596
3596
3595
3595
3595
3594
3594
3593
3593
3592
3591
3590
3589
3587
3586
3585
3585
3583
3582
3581
3580
3580
3577
3575
3573
3572
3567
3567
3565
3565
3564
3564
3564
3563
3563
3562
3562
3559
3559
3559
3557
3557
3555
3553
3553
3551
3548
3547
3544
3544
3544
3540
3540
3539
3539
3538
3537
3537
3535
3534
3530
3530
3529
3528
3525
3524
3523
3522
3520
3519
3518
3518
3517
3517
3517
3513
3511
3511
3510
3509
3508
3508
3507
3506
3506
3506
3506
3505
3503
3502
3502
3500
3500
3499
3499
3499
3498
3496
3496
3495
3494
3494
3491
3490
3488
3486
3485
3482
3479
3477
3476
3475
3474
3474
3473
3472
3472
3471
3471
3471
3468
3467
3467
3466
3464
3464
3463
3462
3461
3461
3460
3460
3459
3458
3457
3457
3457
3457
3455
3455
3455
3454
3454
3452
3452
3451
3451
3450
3450
3448
3447
3447
3446
3445
3444
3442
3442
3441
3441
3441
3441
3441
3436
3436
3435
3434
3434
3430
3430
3429
3428
3425
3425
3425
3424
3422
3421
3420
3418
3418
3418
3417
3417
3416
3416
3414
3414
3414
3409
3409
3408
3408
3407
3407
3406
3405
3402
3400
3400
3399
3395
3394
3392
3391
3390
3389
3389
3387
3386
3385
3384
3380
3380
3380
3379
3379
3378
3376
3376
3373
3373
3372
3372
3372
3372
3371
3370
3369
3368
3368
3368
3364
3362
3362
3362
3361
3360
3360
3359
3358
3357
3354
3352
3351
3351
3347
3344
3343
3342
3341
3341
3340
3340
3339
3338
3338
3337
3335
3329
3327
3327
3326
3325
3325
3323
3323
3322
3322
3318
3318
3318
3316
3315
3313
3313
3312
3311
3309
3308
3307
3307
3307
3306
3306
3306
3305
3303
3302
3302
3302
3301
3301
3296
3294
3293
3293
3293
3292
3291
3291
3291
3290
3290
3289
3286
3283
3282
3279
3278
3276
3275
3274
3274
3274
3273
3273
3271
3271
3270
3270
3270
3270
3267
3267
3266
3264
3263
3262
3260
3260
3260
3257
3254
3253
3253
3253
3251
3251
3250
3249
3249
3248
3247
3245
3245
3243
3240
3238
3238
3235
3234
3233
3233
3232
3232
3229
3228
3225
3224
3223
3223
3223
3221
3220
3217
3216
3215
3215
3215
3213
3212
3212
3211
3210
3210
3206
3206
3205
3205
3204
3204
3203
3200
3199
3197
3195
3192
3191
3191
3190
3190
3185
3185
3184
3182
3182
3182
3181
3179
3178
3176
3176
3175
3174
3172
3171
3170
3168
3166
3166
3166
3166
3165
3165
3163
3163
3162
3161
3161
3159
3159
3159
3158
3158
3157
3156
3154
3154
3152
3152
3150
3150
3150
3149
3146
3144
3143
3141
3141
3139
3139
3137
3136
3136
3135
3132
3129
3128
3128
3127
3126
3125
3124
3121
3121
3116
3116
3114
3114
3112
3111
3111
3107
3106
3102
3102
3100
3100
3100
3099
3099
3099
3098
3097
3096
3096
3095
3094
3092
3092
3091
3091
3091
3090
3090
3089
3089
3086
3086
3086
3084
3083
3082
3081
3081
3080
3080
3078
3078
3078
3077
3075
3074
3071
3069
3069
3069
3069
3068
3065
3064
3062
3062
3061
3059
3059
3056
3056
3056
3055
3055
3054
3052
3051
3049
3048
3048
3048
3046
3046
3041
3040
3039
3038
3038
3038
3036
3036
3033
3033
3033
3029
3028
3028
3027
3027
3024
3023
3023
3022
3020
3020
3019
3019
3018
3018
3017
3014
3014
3014
3012
3012
3008
3007
3006
3005
3004
3003
3003
3002
3002
3000
2997
2995
2994
2993
2993
2992
2992
2991
2991
2986
2985
2985
2984
2983
2983
2982
2982
2982
2981
2980
2980
2980
2979
2978
2977
2975
2971
2970
2968
2967
2966
2962
2962
2961
2960
2959
2958
2957
2957
2957
2956
2956
2953
2952
2950
2948
2948
2947
2947
2945
2944
2943
2941
2941
2940
2936
2935
2935
2935
2934
2930
2927
2924
2922
2922
2921
2919
2918
2918
2918
2918
2917
2917
2916
2915
2913
2913
2911
2911
2908
2908
2904
2904
2902
2901
2901
2901
2899
2899
2899
2894
2894
2893
2893
2892
2892
2892
2890
2889
2888
2887
2887
2887
2886
2885
2885
2885
2881
2881
2880
2879
2878
2878
2877
2876
2876
2875
2875
2874
2874
2874
2873
2873
2870
2866
2866
2863
2862
2862
2860
2859
2859
2859
2859
2857
2856
2856
2856
2854
2854
2853
2852
2852
2851
2848
2844
2843
2842
2840
2840
2839
2839
2837
2836
2836
2835
2835
2834
2834
2833
2832
2831
2829
2829
2828
2827
2826
2825
2824
2823
2823
2822
2820
2817
2816
2815
2811
2810
2808
2807
2807
2807
2804
2803
2803
2801
2800
2800
2799
2798
2797
2797
2796
2796
2795
2794
2792
2792
2791
2791
2791
2791
2790
2789
2787
2787
2786
2786
2783
2783
2781
2780
2779
2778
2777
2773
2772
2769
2767
2767
2766
2766
2764
2764
2762
2760
2760
2759
2756
2756
2755
2754
2752
2752
2751
2751
2751
2750
2749
2749
2749
2747
2747
2745
2744
2744
2743
2740
2740
2739
2738
2738
2738
2738
2738
2737
2737
2736
2736
2734
2732
2732
2731
2727
2727
2726
2725
2723
2723
2721
2721
2719
2719
2719
2718
2717
2717
2717
2717
2715
2715
2714
2714
2713
2712
2712
2711
2710
2709
2709
2708
2707
2702
2701
2699
2699
2697
2696
2695
2695
2694
2692
2689
2688
2687
2687
2685
2684
2684
2684
2683
2682
2682
2680
2679
2679
2677
2677
2675
2673
2673
2672
2672
2669
2668
2668
2667
2663
2660
2659
2657
2656
2655
2655
2653
2653
2652
2650
2648
2647
2646
2646
2645
2643
2642
2639
2638
2637
2637
2635
2634
2633
2632
2630
2629
2628
2628
2627
2627
2625
2625
2623
2623
2623
2622
2619
2619
2619
2618
2612
2610
2609
2609
2608
2607
2607
2607
2607
2607
2606
2606
2605
2605
2604
2602
2602
2601
2601
2600
2599
2599
2599
2599
2596
2594
2594
2593
2593
2588
2588
2587
2586
2585
2580
2579
2579
2578
2577
2577
2577
2577
2576
2576
2575
2575
2575
2574
2573
2573
2572
2571
2570
2570
2570
2570
2569
2566
2565
2565
2565
2564
2563
2562
2561
2560
2559
2559
2558
2557
2555
2554
2554
2553
2552
2548
2548
2547
2547
2546
2545
2542
2542
2541
2541
2538
2538
2538
2537
2537
2536
2536
2535
2532
2531
2530
2529
2529
2528
2526
2524
2524
2523
2522
2521
2521
2518
2517
2517
2516
2515
2515
2515
2515
2515
2514
2513
2512
2512
2510
2509
2507
2507
2507
2506
2506
2504
2499
2499
2499
2499
2498
2497
2497
2494
2491
2490
2489
2488
2485
2483
2483
2482
2482
2481
2480
2479
2479
2478
2478
2478
2475
2474
2469
2468
2468
2467
2467
2464
2462
2462
2461
2461
2460
2460
2460
2459
2457
2457
2456
2455
2454
2452
2451
2451
2451
2451
2450
2450
2450
2448
2444
2443
2443
2443
2442
2441
2439
2437
2435
2435
2433
2433
2432
2428
2427
2427
2427
2427
2426
2425
2423
2421
2421
2420
2419
2419
2417
2415
2414
2414
2412
2410
2409
2409
2406
2405
2403
2402
2400
2400
2400
2399
2398
2398
2396
2395
2393
2390
2390
2389
2388
2388
2387
2386
2386
2385
2385
2385
2385
2383
2382
2381
2381
2380
2378
2378
2378
2377
2376
2375
2375
2375
2375
2374
2374
2374
2373
2372
2371
2369
2368
2367
2367
2366
2365
2364
2363
2363
2362
2362
2361
2361
2359
2358
2358
2356
2355
2354
2354
2353
2352
2351
2351
2350
2350
2349
2347
2347
2347
2346
2344
2342
2341
2339
2338
2337
2337
2337
2335
2335
2333
2330
2330
2328
2327
2326
2326
2326
2323
2323
2323
2321
2321
2320
2319
2319
2318
2318
2317
2317
2316
2315
2315
2314
2312
2311
2310
2308
2307
2306
2305
2305
2305
2304
2304
2302
2300
2300
2300
2299
2299
2299
2298
2297
2296
2295
2295
2294
2294
2292
2292
2291
2291
2291
2291
2290
2288
2288
2286
2286
2284
2283
2282
2277
2277
2277
2276
2275
2275
2275
2274
2273
2273
2272
2271
2271
2270
2268
2264
2262
2262
2260
2258
2254
2254
2253
2252
2250
2245
2242
2241
2240
2236
2236
2234
2230
2229
2228
2228
2228
2227
2227
2226
2226
2225
2224
2223
2223
2222
2222
2221
2220
2220
2218
2213
2210
2209
2208
2206
2206
2204
2204
2203
2203
2202
2202
2202
2202
2201
2199
2199
2197
2196
2194
2194
2193
2192
2192
2191
2190
2190
2189
2189
2189
2187
2187
2185
2183
2182
2180
2179
2176
2174
2174
2173
2172
2171
2170
2169
2169
2166
2164
2164
2164
2163
2162
2161
2161
2160
2158
2158
2157
2156
2156
2155
2155
2155
2154
2151
2149
2148
2147
2147
2146
2145
2144
2143
2143
2143
2143
2142
2142
2142
2141
2140
2140
2139
2138
2137
2134
2133
2131
2124
2124
2121
2118
2118
2118
2117
2116
2114
2110
2110
2108
2108
2108
2107
2106
2105
2103
2100
2099
2098
2098
2097
2094
2094
2093
2093
2093
2092
2088
2088
2088
2085
2085
2085
2084
2083
2083
2082
2081
2081
2081
2080
2079
2078
2077
2077
2076
2071
2070
2068
2068
2067
2065
2064
2062
2060
2060
2059
2057
2057
2051
2051
2050
2049
2047
2046
2046
2045
2045
2044
2042
2041
2040
2040
2040
2040
2039
2039
2039
2039
2038
2036
2035
2034
2030
2029
2026
2025
2025
2024
2022
2021
2020
2019
2019
2015
2014
2014
2013
2013
2012
2012
2011
2011
2010
2010
2009
2008
2007
2007
2007
2007
2006
2006
2006
2005
2003
2001
2000
1998
1997
1997
1993
1992
1991
1990
1990
1990
1988
1988
1987
1986
1985
1983
1982
1982
1981
1981
1980
1978
1978
1978
1976
1975
1975
1975
1973
1971
1971
1971
1970
1969
1969
1968
1968
1967
1965
1965
1963
1961
1960
1959
1958
1958
1954
1954
1954
1953
1952
1952
1952
1952
1951
1951
1951
1950
1950
1950
1946
1946
1946
1945
1944
1944
1941
1940
1939
1939
1938
1935
1933
1933
1931
1930
1925
1924
1924
1923
1921
1921
1920
1920
1919
1919
1919
1918
1918
1918
1916
1914
1913
1910
1910
1910
1910
1909
1909
1908
1907
1907
1907
1906
1905
1905
1904
1903
1901
1901
1900
1900
1899
1899
1895
1894
1894
1893
1893
1893
1891
1891
1890
1890
1889
1889
1888
1887
1885
1883
1883
1883
1880
1879
1879
1879
1879
1878
1877
1877
1877
1877
1876
1876
1875
1875
1875
1874
1872
1872
1871
1871
1870
1868
1867
1865
1864
1864
1863
1861
1861
1860
1859
1857
1857
1856
1855
1854
1853
1852
1852
1852
1850
1849
1848
1848
1848
1848
1847
1847
1847
1845
1844
1843
1842
1842
1841
1840
1840
1839
1838
1836
1835
1833
1833
1833
1831
1831
1829
1829
1829
1828
1828
1827
1823
1821
1821
1820
1820
1819
1819
1818
1817
1817
1816
1816
1813
1813
1813
1813
1812
1811
1811
1809
1808
1808
1806
1805
1805
1804
1803
1802
1802
1802
1801
1799
1798
1798
1798
1798
1797
1797
1797
1796
1794
1794
1794
1793
1793
1792
1792
1791
1790
1790
1789
1786
1786
1785
1785
1785
1784
1784
1784
1783
1782
1782
1781
1780
1780
1780
1778
1778
1777
1776
1775
1773
1771
1770
1768
1768
1766
1766
1766
1766
1765
1764
1760
1758
1758
1756
1755
1754
1754
1751
1751
1750
1746
1746
1745
1745
1744
1743
1743
1741
1738
1736
1736
1735
1735
1734
1732
1731
1731
1730
1730
1729
1729
1729
1728
1727
1726
1726
1725
1725
1721
1721
1720
1719
1718
1717
1715
1712
1711
1709
1706
1706
1703
1702
1700
1700
1699
1699
1698
1697
1697
1695
1694
1693
1692
1692
1691
1690
1690
1690
1689
1689
1688
1688
1688
1686
1685
1685
1685
1684
1684
1684
1682
1681
1681
1680
1679
1678
1677
1676
1675
1674
1673
1672
1672
1669
1669
1669
1669
1668
1667
1665
1664
1664
1663
1662
1662
1661
1660
1658
1657
1655
1654
1654
1653
1653
1653
1653
1653
1649
1648
1645
1644
1643
1642
1641
1641
1640
1640
1637
1637
1636
1635
1633
1633
1631
1630
1629
1625
1625
1625
1625
1624
1624
1623
1622
1622
1622
1622
1621
1621
1621
1620
1619
1617
1616
1614
1613
1613
1613
1613
1612
1611
1611
1607
1606
1606
1605
1605
1604
1604
1604
1603
1602
1600
1600
1598
1597
1597
1596
1596
1595
1595
1594
1593
1593
1593
1591
1589
1586
1586
1585
1584
1583
1583
1582
1582
1582
1581
1579
1578
1577
1576
1576
1575
1575
1569
1567
1567
1565
1560
1558
1557
1557
1556
1555
1554
1553
1553
1552
1551
1550
1548
1548
1546
1545
1544
1544
1543
1542
1541
1540
1536
1535
1534
1533
1531
1531
1530
1529
1528
1528
1526
1526
1526
1526
1525
1524
1523
1519
1519
1518
1517
1517
1516
1516
1516
1514
1514
1512
1511
1510
1510
1509
1509
1508
1507
1507
1506
1506
1505
1505
1505
1505
1504
1504
1504
1504
1503
1501
1496
1495
1493
1493
1493
1492
1492
1490
1490
1487
1483
1483
1483
1482
1481
1481
1479
1479
1478
1478
1478
1478
1475
1474
1473
1471
1470
1470
1469
1468
1468
1466
1466
1466
1463
1462
1460
1459
1459
1458
1458
1458
1458
1457
1456
1455
1454
1454
1452
1452
1448
1447
1447
1445
1442
1442
1442
1441
1441
1441
1440
1437
1437
1435
1434
1433
1431
1431
1429
1429
1429
1428
1427
1426
1426
1424
1423
1420
1418
1417
1417
1416
1415
1413
1412
1411
1409
1409
1407
1405
1404
1404
1402
1401
1400
1400
1400
1399
1399
1398
1396
1395
1395
1390
1390
1386
1386
1386
1384
1384
1383
1382
1379
1378
1378
1377
1376
1376
1373
1373
1372
1371
1369
1368
1368
1367
1365
1364
1362
1361
1357
1356
1356
1356
1355
1355
1352
1352
1351
1348
1348
1346
1345
1342
1341
1340
1340
1339
1337
1337
1336
1336
1334
1334
1333
1333
1333
1330
1330
1328
1327
1327
1326
1325
1325
1323
1320
1319
1319
1319
1318
1314
1313
1312
1312
1309
1308
1308
1305
1304
1304
1302
1301
1301
1298
1298
1298
1296
1287
1287
1287
1284
1284
1283
1281
1281
1279
1278
1276
1275
1273
1273
1271
1270
1269
1269
1268
1267
1266
1266
1266
1266
1265
1265
1264
1264
1263
1262
1262
1262
1261
1261
1258
1255
1254
1254
1253
1253
1253
1253
1252
1252
1251
1249
1248
1247
1246
1244
1244
1243
1241
1240
1239
1236
1236
1235
1234
1233
1232
1231
1231
1230
1230
1227
1224
1224
1223
1223
1222
1221
1218
1217
1216
1214
1214
1213
1212
1212
1211
1211
1211
1211
1210
1208
1207
1204
1203
1203
1202
1202
1201
1200
1199
1199
1199
1198
1197
1196
1194
1194
1194
1193
1192
1191
1190
1188
1186
1183
1183
1180
1179
1178
1177
1176
1174
1173
1172
1170
1170
1168
1166
1165
1164
1160
1158
1158
1158
1157
1156
1154
1154
1154
1153
1151
1146
1144
1144
1143
1141
1141
1141
1140
1140
1140
1138
1138
1137
1134
1134
1132
1131
1131
1130
1130
1130
1128
1128
1127
1125
1124
1124
1121
1119
1117
1116
1115
1114
1112
1112
1109
1108
1106
1105
1105
1103
1102
1102
1100
1098
1097
1095
1094
1093
1091
1087
1087
1084
1083
1080
1080
1078
1077
1076
1074
1071
1070
1068
1068
1066
1066
1066
1063
1063
1063
1062
1062
1060
1060
1060
1060
1059
1059
1058
1057
1057
1056
1055
1055
1055
1052
1051
1051
1049
1047
1046
1046
1045
1044
1041
1039
1039
1039
1036
1035
1034
1033
1032
1031
1031
1031
1028
1028
1028
1027
1027
1027
1026
1025
1024
1024
1020
1020
1020
1019
1018
1015
1014
1012
1011
1010
1009
1008
1006
1006
1005
1005
1004
1004
1004
1002
1002
1001
1000
1000
999
998
997
997
995
995
995
994
994
993
993
990
989
987
987
986
984
984
984
984
982
982
981
980
979
978
977
976
976
975
974
974
973
972
972
972
970
970
969
969
968
966
966
966
965
964
963
963
962
962
961
961
960
960
959
958
958
958
957
957
954
952
951
947
947
946
945
944
944
943
943
940
939
938
938
937
937
934
933
933
930
929
929
929
927
926
926
924
919
919
918
918
917
917
917
915
913
913
912
911
911
908
907
905
903
903
902
901
901
897
896
896
894
893
893
892
891
887
885
882
881
881
881
878
878
877
877
874
873
869
868
864
863
862
861
861
861
861
861
860
859
857
857
856
852
851
849
848
847
846
846
842
841
841
841
836
836
836
834
831
829
826
825
824
820
816
815
814
814
813
813
812
811
810
809
809
809
809
809
807
807
806
806
804
801
800
799
798
798
797
796
796
796
796
796
796
795
795
793
793
792
791
791
789
789
788
787
785
785
784
784
782
782
781
781
780
780
780
779
779
778
778
777
777
777
775
774
774
773
771
770
770
767
767
767
766
764
762
762
762
762
760
757
753
752
752
751
750
750
747
745
744
742
742
742
742
740
740
739
738
737
737
737
736
735
735
734
734
734
734
733
730
725
724
724
723
723
721
720
720
720
720
719
719
717
717
714
713
712
712
712
711
710
709
709
708
707
707
706
705
705
705
703
703
702
702
701
701
701
701
700
700
699
696
696
695
694
694
692
689
687
686
685
685
684
684
684
683
680
680
679
679
679
678
677
675
675
674
672
672
672
669
669
664
663
661
660
660
659
659
658
657
656
655
655
655
654
653
653
652
651
648
647
644
643
641
638
638
636
636
635
634
634
634
632
631
630
630
629
627
627
626
626
625
625
625
623
623
621
619
619
618
618
616
616
615
615
614
614
613
612
612
611
611
610
610
609
608
607
607
606
606
605
605
604
603
603
601
601
600
599
599
598
598
595
593
592
592
592
591
591
589
588
588
588
588
588
586
586
584
583
583
583
582
582
581
581
580
578
578
577
577
574
574
574
573
571
571
570
569
568
568
567
567
566
566
565
565
564
563
563
563
559
556
555
554
554
554
554
553
553
552
551
550
550
548
546
544
544
544
543
541
540
540
540
540
539
539
537
532
530
528
528
527
523
522
522
521
519
519
518
518
518
517
515
511
511
510
509
507
506
505
504
500
500
499
495
494
494
494
494
494
493
488
487
487
487
487
486
485
484
484
484
483
481
480
479
479
478
477
475
474
474
474
473
471
471
470
469
469
469
468
468
468
468
467
466
466
465
464
463
463
462
461
459
458
458
458
457
457
455
454
454
453
452
450
450
447
444
443
443
442
442
441
440
438
438
436
436
436
435
431
430
428
427
425
424
423
422
421
421
416
415
412
412
410
407
406
405
405
404
400
400
399
397
393
392
392
391
391
390
390
389
388
388
387
387
386
385
385
384
383
382
382
382
379
378
378
377
377
374
372
371
369
369
368
366
365
365
365
364
364
363
361
359
359
353
352
351
349
347
346
345
344
343
342
341
339
339
336
335
332
332
331
330
329
329
329
327
323
321
321
317
314
313
311
309
308
307
305
305
304
304
303
300
299
298
298
297
296
295
294
294
292
292
290
290
289
288
287
285
284
284
284
284
283
281
280
278
275
275
274
272
271
271
269
267
267
266
266
264
264
263
262
262
262
261
260
258
257
257
256
256
256
256
255
253
248
248
247
247
246
245
245
243
243
242
242
240
240
239
238
237
237
236
236
233
233
231
230
230
230
227
227
226
225
223
221
221
219
219
219
218
218
216
216
214
214
213
211
210
206
204
204
204
203
203
202
202
202
201
201
200
198
198
198
197
195
194
193
192
191
191
190
190
189
189
189
188
188
187
186
186
184
182
182
181
180
180
179
176
176
176
176
174
174
174
174
174
174
173
172
172
171
171
169
169
164
163
163
163
162
162
161
161
160
159
159
158
155
154
151
150
149
149
149
148
147
147
146
146
146
144
143
141
141
141
141
140
140
138
137
137
137
137
136
136
134
132
132
132
130
130
130
130
130
125
125
124
121
120
118
115
114
114
114
113
113
113
112
112
111
111
108
106
106
105
105
105
104
103
99
97
97
95
95
94
93
92
92
91
90
89
87
85
85
85
84
84
83
82
82
80
78
78
78
77
76
75
75
75
74
71
70
69
67
67
67
67
66
65
64
60
60
59
58
58
57
57
57
55
52
52
51
50
49
48
47
46
46
45
45
42
42
39
38
37
34
34
32
30
30
28
27
25
24
24
23
23
21
19
17
13
11
8
7
6
6
5
4
2
1
1
0
