9998
9998
9997
9995
9995
9994
9992
9989
9987
9985
9984
9984
9979
9979
9978
9976
9974
9974
9971
9969
9968
9965
9965
9964
9960
9960
9959
9957
9956
9956
9955
9951
9951
9949
9948
9948
9948
9948
9947
9946
9945
9945
9945
9944
9944
9944
9943
9940
9938
9938
9937
9936
9936
9933
9932
9931
9929
9928
9928
9925
9924
9923
9922
9921
9920
9917
9917
9916
9915
9915
9913
9913
9912
9911
9910
9905
9904
9904
9903
9902
9901
9901
9901
9901
9900
9898
9898
9895
9894
9891
9887
9887
9887
9885
9885
9885
9885
9883
9883
9881
9879
9879
9878
9878
9875
9874
9873
9869
9869
9867
9866
9866
9866
9863
9861
9861
9861
9857
9857
9856
9856
9855
9855
9853
9853
9853
9852
9849
9848
9848
9846
9845
9845
9844
9844
9844
9844
9843
9842
9841
9841
9841
9839
9838
9836
9835
9834
9834
9832
9832
9832
9830
9829
9826
9826
9826
9825
9822
9822
9822
9821
9821
9820
9819
9819
9818
9816
9816
9814
9813
9812
9810
9810
9810
9807
9804
9803
9801
9801
9798
9798
9796
9795
9793
9793
9792
9792
9791
9790
9789
9789
9787
9787
9786
9784
9783
9783
9783
9781
9780
9779
9779
9777
9777
9776
9776
9776
9775
9774
9772
9772
9772
9770
9770
9769
9768
9767
9767
9765
9763
9763
9763
9762
9761
9759
9759
9757
9754
9751
9750
9748
9747
9746
9744
9744
9743
9741
9741
9738
9738
9737
9737
9736
9736
9735
9735
9734
9733
9733
9733
9732
9728
9728
9727
9726
9723
9721
9721
9719
9715
9715
9714
9713
9710
9709
9709
9709
9708
9708
9708
9707
9706
9706
9704
9704
9704
9702
9701
9701
9701
9700
9700
9696
9696
9695
9694
9694
9693
9693
9692
9691
9691
9686
9685
9685
9684
9683
9682
9682
9681
9680
9679
9679
9677
9677
9676
9675
9673
9673
9672
9670
9668
9665
9657
9657
9656
9653
9653
9653
9652
9651
9651
9650
9650
9646
9641
9641
9641
9639
9635
9635
9635
9634
9634
9634
9634
9632
9632
9631
9629
9629
9628
9627
9626
9622
9621
9621
9620
9616
9615
9615
9615
9610
9609
9608
9604
9604
9604
9601
9601
9600
9599
9599
9599
9598
9598
9597
9596
9595
9594
9594
9591
9591
9591
9590
9590
9589
9588
9587
9585
9585
9584
9582
9581
9580
9579
9578
9578
9576
9575
9575
9573
9572
9571
9569
9568
9568
9567
9564
9564
9563
9563
9562
9561
9561
9560
9559
9557
9556
9556
9555
9555
9554
9552
9552
9551
9551
9550
9546
9545
9545
9544
9543
9541
9541
9540
9540
9540
9539
9539
9538
9538
9535
9533
9533
9533
9533
9532
9532
9530
9529
9529
9529
9528
9528
9528
9527
9526
9524
9523
9523
9522
9521
9520
9520
9520
9517
9515
9514
9514
9512
9512
9512
9512
9512
9511
9508
9506
9505
9504
9503
9503
9500
9497
9496
9493
9492
9490
9490
9489
9489
9489
9488
9487
9487
9487
9487
9485
9484
9483
9481
9478
9474
9473
9472
9472
9471
9471
9469
9469
9461
9460
9459
9455
9455
9453
9453
9451
9449
9448
9448
9447
9447
9445
9444
9444
9444
9443
9443
9442
9441
9441
9440
9439
9438
9438
9438
9437
9434
9434
9433
9432
9432
9432
9431
9430
9429
9428
9427
9427
9426
9425
9422
9422
9421
9421
9420
9419
9417
9417
9416
9416
9415
9415
9414
9414
9413
9413
9410
9410
9409
9409
9409
9408
9407
9406
9405
9404
9401
9401
9401
9400
9399
9396
9396
9395
9395
9394
9394
9393
9392
9391
9391
9390
9389
9389
9389
9389
9389
9386
9385
9385
9383
9382
9382
9381
9380
9380
9379
9378
9378
9378
9377
9377
9376
9376
9374
9373
9373
9371
9370
9370
9369
9367
9367
9366
9366
9365
9363
9362
9361
9360
9359
9359
9358
9358
9358
9356
9355
9353
9350
9349
9349
9347
9347
9347
9346
9346
9345
9345
9344
9342
9340
9340
9338
9337
9337
9335
9334
9332
9328
9328
9326
9326
9324
9323
9322
9322
9321
9319
9319
9319
9319
9317
9315
9312
9310
9309
9308
9305
9305
9304
9304
9303
9303
9302
9302
9302
9301
9299
9298
9297
9297
9297
9296
9296
9295
9295
9293
9292
9292
9291
9290
9289
9288
9286
9286
9286
9284
9283
9282
9282
9281
9278
9276
9275
9271
9270
9270
9268
9266
9264
9262
9261
9259
9257
9256
9256
9254
9253
9252
9250
9250
9250
9250
9248
9247
9246
9246
9243
9243
9241
9241
9241
9240
9240
9238
9238
9237
9235
9235
9232
9232
9229
9229
9228
9228
9227
9225
9222
9222
9222
9221
9219
9219
9218
9217
9217
9216
9216
9216
9216
9216
9215
9214
9213
9213
9213
9212
9212
9211
9210
9209
9208
9208
9208
9208
9208
9208
9205
9205
9203
9203
9203
9201
9201
9200
9199
9198
9197
9197
9196
9196
9195
9194
9193
9193
9192
9191
9191
9191
9190
9190
9189
9189
9188
9187
9186
9185
9184
9184
9183
9182
9182
9180
9178
9177
9177
9177
9176
9176
9175
9173
9172
9172
9170
9169
9169
9168
9167
9167
9166
9166
9166
9165
9165
9164
9164
9163
9163
9162
9159
9159
9157
9155
9154
9154
9154
9154
9153
9152
9151
9150
9150
9150
9149
9148
9148
9148
9148
9146
9144
9143
9143
9142
9142
9141
9141
9140
9138
9138
9138
9137
9135
9135
9133
9132
9131
9130
9126
9123
9123
9122
9120
9120
9118
9114
9111
9110
9109
9108
9108
9106
9106
9105
9104
9103
9100
9100
9099
9096
9093
9092
9091
9090
9089
9089
9088
9087
9087
9086
9085
9082
9081
9079
9078
9078
9078
9078
9076
9074
9073
9073
9073
9072
9072
9070
9068
9068
9067
9067
9067
9066
9066
9065
9062
9062
9061
9060
9057
9056
9056
9055
9055
9054
9054
9051
9050
9049
9048
9046
9045
9042
9037
9037
9036
9036
9035
9035
9035
9035
9034
9033
9031
9029
9028
9026
9026
9026
9024
9024
9024
9024
9024
9023
9023
9022
9022
9022
9022
9020
9020
9019
9018
9014
9013
9012
9011
9009
9008
9008
9006
9005
9003
9002
9001
8999
8997
8996
8995
8993
8993
8993
8992
8991
8989
8989
8989
8984
8984
8983
8983
8981
8978
8977
8977
8974
8974
8973
8972
8972
8971
8968
8968
8968
8966
8966
8965
8965
8964
8962
8961
8961
8961
8960
8959
8959
8959
8958
8957
8956
8956
8953
8952
8951
8951
8949
8948
8947
8946
8945
8944
8944
8944
8943
8941
8941
8941
8941
8941
8940
8939
8937
8936
8934
8934
8932
8927
8926
8925
8925
8925
8924
8924
8923
8921
8921
8921
8917
8917
8917
8916
8913
8913
8912
8910
8908
8907
8906
8906
8906
8905
8904
8904
8902
8902
8899
8899
8899
8896
8893
8893
8892
8892
8892
8892
8891
8891
8891
8889
8888
8888
8888
8888
8886
8885
8885
8884
8882
8881
8880
8877
8876
8875
8874
8873
8871
8871
8871
8869
8869
8868
8866
8864
8864
8864
8862
8861
8861
8861
8859
8855
8853
8852
8852
8852
8852
8851
8851
8851
8850
8849
8847
8846
8844
8842
8842
8841
8841
8841
8840
8839
8836
8835
8835
8834
8831
8830
8830
8829
8829
8828
8828
8828
8827
8822
8819
8819
8818
8817
8817
8814
8814
8814
8813
8813
8813
8812
8812
8811
8811
8810
8808
8808
8807
8806
8802
8799
8797
8797
8795
8795
8795
8794
8791
8790
8787
8786
8785
8785
8785
8784
8783
8782
8781
8779
8779
8779
8778
8777
8774
8774
8773
8772
8770
8770
8769
8769
8767
8766
8765
8761
8757
8757
8757
8756
8756
8755
8754
8754
8752
8752
8751
8751
8750
8748
8746
8746
8746
8745
8742
8741
8737
8735
8735
8734
8734
8733
8732
8731
8730
8729
8729
8728
8728
8727
8727
8727
8726
8726
8725
8725
8723
8722
8722
8721
8720
8720
8720
8719
8719
8718
8718
8716
8715
8709
8708
8708
8707
8706
8706
8705
8704
8704
8704
8703
8701
8699
8699
8698
8696
8695
8695
8694
8694
8693
8690
8689
8687
8685
8684
8684
8683
8683
8683
8683
8681
8681
8680
8679
8679
8678
8678
8677
8677
8671
8669
8668
8667
8665
8664
8659
8654
8653
8652
8652
8651
8649
8649
8647
8647
8645
8645
8644
8644
8643
8643
8642
8640
8639
8638
8638
8636
8635
8635
8634
8631
8631
8629
8629
8627
8627
8627
8626
8623
8622
8622
8621
8621
8620
8619
8619
8617
8616
8616
8614
8614
8614
8613
8612
8610
8610
8610
8607
8606
8606
8606
8605
8605
8605
8605
8604
8604
8603
8601
8597
8597
8597
8596
8595
8595
8593
8590
8589
8588
8588
8587
8587
8585
8584
8583
8583
8582
8581
8580
8579
8579
8577
8576
8575
8572
8571
8571
8569
8568
8568
8567
8566
8566
8566
8565
8564
8564
8564
8563
8562
8561
8561
8560
8560
8560
8559
8559
8558
8558
8557
8556
8555
8555
8554
8554
8553
8551
8551
8550
8550
8549
8548
8545
8544
8544
8544
8543
8543
8543
8541
8540
8540
8539
8536
8536
8536
8535
8535
8534
8531
8531
8527
8527
8526
8526
8525
8524
8523
8523
8522
8521
8521
8520
8519
8519
8515
8514
8513
8513
8512
8511
8511
8509
8508
8507
8507
8506
8504
8504
8503
8502
8501
8501
8500
8500
8499
8498
8497
8496
8496
8495
8495
8493
8491
8490
8488
8486
8485
8483
8481
8480
8480
8479
8479
8477
8476
8475
8474
8472
8472
8472
8470
8469
8469
8468
8467
8464
8463
8461
8461
8461
8460
8459
8458
8455
8454
8454
8453
8450
8449
8448
8448
8447
8446
8440
8439
8439
8438
8437
8437
8436
8433
8433
8431
8431
8429
8427
8427
8427
8425
8425
8424
8424
8420
8420
8419
8418
8418
8418
8415
8414
8414
8414
8413
8413
8413
8413
8413
8410
8408
8404
8403
8402
8402
8400
8399
8398
8398
8398
8397
8397
8396
8396
8394
8394
8394
8393
8393
8393
8391
8391
8390
8388
8383
8382
8381
8381
8380
8379
8377
8376
8376
8376
8375
8373
8373
8373
8372
8372
8370
8370
8369
8368
8368
8367
8366
8362
8362
8362
8361
8361
8361
8358
8357
8356
8356
8356
8355
8355
8355
8355
8355
8353
8353
8350
8349
8348
8347
8346
8345
8344
8343
8343
8341
8341
8340
8339
8338
8338
8337
8337
8335
8335
8334
8332
8327
8324
8324
8323
8323
8323
8322
8320
8320
8318
8315
8314
8313
8311
8311
8310
8310
8310
8310
8310
8309
8309
8308
8305
8304
8304
8303
8303
8301
8301
8301
8300
8298
8297
8297
8297
8296
8295
8295
8293
8293
8293
8291
8289
8288
8286
8285
8285
8282
8281
8280
8279
8278
8278
8277
8277
8274
8273
8272
8270
8270
8269
8269
8269
8269
8269
8269
8267
8267
8264
8264
8263
8263
8261
8260
8259
8259
8259
8258
8255
8252
8251
8249
8248
8247
8246
8245
8243
8242
8241
8238
8237
8236
8235
8235
8234
8233
8233
8231
8230
8229
8229
8228
8228
8227
8227
8226
8225
8225
8225
8224
8223
8222
8221
8221
8220
8219
8217
8216
8216
8212
8212
8211
8211
8211
8210
8209
8209
8209
8207
8207
8207
8207
8205
8202
8201
8199
8197
8195
8195
8194
8194
8194
8193
8189
8189
8188
8188
8183
8178
8178
8175
8174
8174
8173
8172
8169
8166
8165
8164
8164
8163
8162
8162
8162
8160
8160
8160
8159
8159
8159
8158
8158
8157
8157
8157
8157
8156
8156
8155
8154
8151
8150
8149
8149
8149
8148
8147
8146
8145
8144
8141
8140
8140
8140
8138
8138
8138
8136
8134
8133
8131
8131
8130
8129
8128
8127
8124
8122
8120
8120
8118
8118
8114
8110
8109
8105
8104
8104
8102
8102
8102
8101
8100
8098
8098
8096
8095
8094
8094
8093
8092
8089
8089
8088
8087
8087
8087
8086
8084
8083
8082
8082
8081
8080
8079
8079
8078
8077
8077
8075
8074
8074
8073
8070
8070
8069
8069
8064
8061
8060
8058
8057
8056
8055
8055
8054
8051
8050
8050
8048
8047
8046
8045
8044
8043
8040
8039
8038
8037
8036
8035
8035
8034
8034
8034
8032
8030
8029
8028
8027
8026
8025
8024
8022
8021
8021
8021
8020
8019
8019
8016
8014
8014
8014
8013
8012
8011
8009
8008
8006
8006
8006
8005
8005
8004
8004
8004
8003
8002
7998
7997
7995
7994
7994
7994
7992
7992
7992
7991
7990
7989
7989
7988
7987
7984
7983
7982
7982
7980
7979
7977
7976
7975
7975
7975
7974
7974
7973
7973
7972
7971
7967
7967
7967
7966
7964
7963
7960
7958
7957
7956
7955
7954
7954
7953
7953
7952
7952
7951
7951
7950
7949
7947
7945
7945
7945
7945
7945
7944
7943
7942
7942
7940
7939
7938
7937
7936
7934
7931
7931
7929
7928
7928
7925
7925
7925
7924
7923
7923
7923
7922
7921
7921
7921
7919
7917
7917
7916
7915
7915
7915
7915
7914
7914
7912
7912
7909
7903
7901
7901
7900
7900
7897
7897
7896
7896
7894
7894
7894
7893
7891
7891
7890
7888
7888
7888
7887
7885
7882
7882
7881
7881
7880
7880
7879
7879
7878
7878
7877
7877
7875
7874
7871
7869
7868
7867
7866
7866
7866
7865
7863
7861
7860
7858
7858
7855
7854
7854
7853
7852
7850
7847
7847
7846
7845
7844
7844
7844
7844
7843
7842
7842
7841
7841
7838
7838
7837
7837
7836
7836
7831
7831
7831
7831
7830
7826
7824
7824
7823
7823
7822
7820
7818
7809
7809
7808
7807
7804
7803
7802
7801
7801
7800
7799
7797
7797
7797
7793
7792
7790
7789
7786
7786
7784
7783
7783
7783
7780
7780
7779
7779
7778
7776
7775
7773
7772
7772
7771
7770
7769
7768
7763
7762
7762
7761
7760
7760
7759
7758
7757
7754
7754
7753
7753
7753
7753
7750
7750
7750
7749
7748
7748
7746
7744
7743
7743
7742
7742
7740
7735
7733
7732
7731
7731
7730
7728
7726
7725
7725
7723
7722
7722
7720
7719
7718
7716
7715
7714
7714
7713
7713
7712
7712
7712
7711
7711
7710
7710
7710
7710
7708
7708
7708
7707
7707
7706
7705
7704
7704
7703
7702
7702
7702
7701
7701
7701
7699
7697
7697
7696
7696
7693
7692
7692
7691
7689
7689
7688
7687
7686
7686
7685
7685
7683
7681
7681
7680
7679
7679
7678
7676
7676
7675
7674
7672
7672
7671
7669
7669
7666
7666
7666
7664
7664
7658
7657
7657
7655
7654
7653
7653
7653
7652
7651
7649
7647
7646
7646
7645
7644
7643
7643
7642
7637
7637
7633
7633
7631
7631
7630
7629
7629
7627
7626
7626
7625
7625
7624
7624
7624
7624
7623
7623
7620
7620
7617
7616
7616
7616
7614
7614
7614
7612
7611
7609
7609
7608
7605
7604
7604
7602
7600
7600
7600
7599
7599
7598
7598
7597
7597
7593
7591
7591
7590
7589
7589
7587
7587
7585
7583
7583
7582
7582
7581
7581
7580
7578
7577
7576
7576
7576
7574
7572
7569
7566
7565
7564
7563
7563
7563
7558
7558
7557
7555
7553
7551
7547
7547
7546
7546
7545
7544
7544
7544
7544
7544
7542
7540
7539
7538
7537
7536
7535
7534
7533
7533
7533
7529
7529
7528
7527
7526
7523
7519
7518
7517
7516
7515
7514
7513
7512
7510
7507
7505
7505
7505
7504
7504
7503
7500
7499
7499
7499
7497
7497
7495
7494
7493
7493
7493
7491
7490
7489
7489
7486
7485
7485
7485
7483
7483
7483
7481
7481
7481
7479
7478
7478
7475
7474
7472
7472
7468
7468
7468
7467
7466
7466
7465
7463
7463
7461
7460
7456
7455
7454
7454
7454
7453
7453
7452
7452
7451
7448
7448
7448
7447
7446
7445
7445
7444
7444
7444
7444
7442
7442
7442
7441
7440
7440
7439
7438
7437
7436
7435
7434
7433
7432
7431
7431
7431
7431
7430
7430
7430
7429
7429
7429
7427
7427
7425
7425
7425
7424
7424
7421
7420
7419
7417
7417
7416
7414
7413
7413
7413
7411
7411
7410
7409
7406
7405
7404
7403
7401
7400
7399
7399
7398
7398
7398
7398
7397
7397
7396
7396
7396
7395
7394
7391
7391
7391
7390
7390
7388
7387
7386
7385
7383
7383
7383
7382
7380
7380
7379
7379
7379
7377
7376
7376
7375
7370
7369
7367
7364
7364
7363
7363
7363
7363
7363
7363
7360
7359
7359
7359
7357
7356
7355
7353
7352
7352
7351
7350
7350
7346
7344
7342
7342
7340
7338
7338
7338
7336
7335
7332
7331
7330
7329
7328
7328
7328
7325
7324
7321
7320
7320
7319
7319
7319
7318
7317
7317
7311
7310
7310
7308
7307
7306
7306
7304
7304
7304
7302
7300
7298
7297
7296
7296
7296
7295
7294
7294
7289
7289
7289
7284
7283
7283
7281
7280
7279
7277
7276
7275
7273
7272
7272
7270
7267
7266
7266
7263
7263
7260
7260
7257
7257
7256
7254
7253
7252
7251
7251
7250
7250
7250
7249
7248
7247
7247
7246
7245
7245
7244
7244
7241
7239
7239
7238
7237
7236
7236
7235
7235
7234
7231
7230
7229
7228
7227
7223
7223
7222
7222
7217
7214
7214
7212
7211
7211
7210
7209
7209
7207
7206
7204
7204
7201
7201
7200
7200
7198
7198
7197
7197
7196
7196
7196
7193
7192
7188
7188
7188
7187
7185
7185
7185
7185
7184
7183
7182
7179
7179
7176
7176
7175
7175
7175
7174
7174
7172
7170
7170
7170
7169
7167
7165
7165
7164
7163
7162
7161
7158
7157
7156
7156
7155
7155
7153
7150
7149
7149
7148
7147
7146
7145
7144
7144
7142
7142
7141
7141
7139
7138
7135
7135
7134
7132
7132
7131
7131
7130
7128
7126
7126
7123
7122
7122
7119
7117
7115
7115
7113
7112
7112
7111
7111
7109
7109
7109
7106
7106
7105
7103
7102
7101
7101
7097
7097
7097
7096
7095
7094
7093
7092
7092
7092
7091
7089
7088
7086
7085
7084
7083
7082
7081
7081
7080
7080
7079
7078
7077
7077
7077
7076
7073
7072
7071
7071
7070
7068
7067
7064
7064
7063
7063
7061
7059
7058
7056
7055
7054
7052
7052
7051
7051
7050
7050
7048
7048
7047
7046
7043
7042
7041
7039
7038
7037
7034
7030
7030
7028
7027
7027
7026
7026
7025
7025
7024
7023
7023
7022
7021
7020
7019
7019
7019
7018
7017
7014
7014
7014
7012
7010
7010
7009
7009
7008
7008
7007
7007
7005
7005
7004
7003
7002
7001
7001
7001
7001
6996
6995
6994
6994
6993
6993
6991
6991
6989
6989
6989
6988
6988
6987
6986
6984
6984
6984
6981
6980
6980
6979
6978
6977
6974
6973
6970
6969
6966
6966
6966
6963
6962
6961
6961
6960
6958
6958
6958
6955
6953
6951
6949
6949
6949
6948
6948
6948
6948
6948
6946
6944
6943
6943
6943
6943
6942
6942
6940
6938
6937
6937
6937
6936
6936
6934
6934
6933
6932
6931
6930
6930
6929
6929
6928
6927
6925
6925
6925
6925
6924
6924
6923
6922
6921
6921
6920
6920
6920
6919
6918
6918
6918
6918
6913
6912
6911
6911
6911
6908
6907
6907
6907
6907
6907
6906
6905
6904
6903
6902
6901
6901
6898
6897
6896
6896
6896
6895
6886
6886
6885
6882
6882
6882
6880
6876
6872
6872
6872
6871
6870
6869
6869
6868
6867
6866
6865
6865
6864
6864
6861
6858
6858
6853
6853
6852
6851
6851
6850
6850
6849
6848
6847
6845
6844
6841
6839
6839
6837
6835
6835
6834
6832
6831
6830
6829
6829
6829
6828
6826
6825
6825
6824
6821
6820
6820
6819
6818
6817
6815
6815
6815
6814
6814
6812
6811
6811
6806
6805
6803
6801
6800
6800
6799
6798
6796
6795
6794
6793
6792
6791
6788
6786
6784
6784
6784
6783
6782
6780
6777
6776
6775
6773
6773
6773
6771
6770
6769
6768
6766
6766
6765
6763
6763
6763
6761
6756
6756
6754
6751
6751
6750
6749
6748
6747
6746
6745
6744
6744
6744
6742
6739
6738
6737
6737
6736
6735
6735
6734
6733
6733
6732
6731
6731
6730
6729
6729
6728
6728
6727
6726
6725
6725
6723
6722
6721
6721
6720
6719
6719
6718
6717
6717
6717
6716
6716
6715
6714
6711
6710
6709
6709
6709
6708
6708
6708
6707
6706
6706
6705
6704
6701
6701
6700
6699
6699
6699
6695
6695
6695
6693
6690
6689
6687
6686
6686
6686
6682
6679
6679
6678
6677
6677
6677
6676
6675
6675
6674
6674
6674
6673
6672
6670
6669
6667
6666
6666
6666
6665
6664
6664
6664
6664
6663
6662
6658
6657
6656
6655
6655
6655
6655
6654
6654
6653
6652
6651
6650
6649
6648
6648
6646
6645
6642
6641
6636
6634
6634
6632
6630
6629
6627
6624
6624
6619
6619
6618
6618
6618
6617
6615
6615
6614
6613
6613
6613
6611
6610
6610
6608
6607
6607
6606
6606
6605
6604
6604
6603
6601
6600
6600
6598
6595
6595
6592
6592
6592
6590
6590
6589
6587
6586
6585
6585
6584
6584
6583
6582
6580
6579
6576
6568
6567
6567
6566
6565
6565
6565
6565
6565
6564
6562
6561
6560
6560
6559
6557
6555
6555
6554
6553
6553
6552
6552
6552
6551
6550
6548
6548
6547
6546
6545
6543
6542
6541
6541
6540
6538
6537
6537
6537
6537
6537
6532
6531
6530
6530
6529
6527
6526
6525
6523
6522
6521
6518
6516
6516
6516
6514
6513
6510
6508
6508
6508
6507
6506
6506
6505
6504
6503
6502
6502
6501
6501
6500
6500
6500
6499
6499
6498
6498
6497
6497
6492
6491
6490
6489
6488
6486
6483
6483
6482
6482
6482
6481
6480
6480
6477
6476
6475
6474
6473
6473
6473
6473
6472
6471
6471
6470
6470
6468
6467
6466
6465
6463
6462
6462
6462
6461
6461
6457
6457
6456
6455
6455
6455
6454
6452
6451
6450
6450
6449
6448
6446
6446
6446
6445
6445
6445
6444
6441
6441
6440
6438
6438
6436
6434
6429
6429
6428
6428
6427
6426
6426
6426
6425
6425
6423
6423
6422
6422
6422
6421
6419
6419
6419
6417
6417
6417
6415
6415
6414
6412
6411
6411
6411
6409
6407
6406
6405
6404
6404
6404
6403
6402
6401
6401
6401
6401
6400
6400
6400
6399
6399
6397
6397
6395
6395
6393
6392
6391
6389
6386
6385
6383
6383
6382
6381
6381
6380
6378
6377
6376
6375
6374
6373
6372
6369
6367
6366
6363
6361
6360
6360
6359
6359
6357
6356
6356
6355
6353
6348
6346
6346
6346
6346
6346
6346
6342
6341
6339
6339
6337
6335
6334
6333
6333
6333
6331
6331
6330
6330
6330
6328
6328
6326
6325
6322
6321
6321
6318
6315
6314
6313
6313
6311
6311
6311
6307
6307
6306
6306
6305
6301
6301
6300
6300
6300
6300
6300
6297
6295
6295
6295
6294
6293
6293
6293
6293
6292
6292
6290
6289
6288
6286
6286
6286
6286
6283
6282
6282
6280
6279
6278
6276
6274
6273
6272
6271
6270
6270
6270
6270
6270
6269
6267
6266
6265
6263
6263
6262
6260
6260
6258
6257
6255
6255
6254
6252
6252
6250
6250
6250
6249
6249
6248
6243
6243
6242
6239
6238
6233
6233
6232
6232
6231
6231
6230
6229
6228
6228
6225
6225
6224
6223
6222
6222
6222
6222
6221
6221
6220
6219
6218
6217
6217
6216
6214
6214
6213
6213
6213
6212
6212
6210
6208
6207
6207
6207
6207
6206
6206
6206
6205
6205
6203
6203
6200
6200
6200
6199
6197
6197
6196
6196
6192
6192
6191
6190
6186
6184
6183
6182
6181
6181
6180
6178
6178
6177
6177
6177
6176
6174
6174
6173
6171
6171
6170
6169
6169
6169
6169
6168
6168
6168
6166
6165
6160
6160
6159
6158
6155
6154
6152
6152
6150
6149
6149
6149
6146
6144
6142
6142
6142
6141
6141
6140
6140
6139
6138
6137
6137
6134
6133
6132
6129
6129
6128
6127
6127
6127
6125
6124
6123
6123
6122
6119
6119
6117
6117
6116
6114
6113
6112
6111
6111
6107
6106
6105
6104
6102
6101
6099
6098
6098
6096
6096
6095
6095
6094
6094
6094
6090
6088
6085
6085
6084
6083
6082
6079
6078
6077
6077
6076
6076
6075
6068
6067
6063
6060
6060
6060
6060
6058
6058
6057
6056
6055
6054
6053
6053
6052
6051
6051
6051
6050
6050
6049
6048
6045
6045
6044
6043
6041
6040
6040
6039
6038
6037
6036
6033
6033
6032
6032
6032
6030
6030
6028
6027
6027
6026
6026
6025
6025
6024
6023
6023
6022
6021
6021
6021
6020
6019
6018
6018
6018
6017
6016
6016
6015
6014
6014
6014
6014
6014
6012
6011
6011
6010
6010
6009
6008
6006
6006
6006
6004
6003
6003
6001
6001
6000
6000
5996
5996
5995
5994
5993
5993
5992
5991
5990
5990
5989
5989
5985
5983
5982
5982
5980
5980
5978
5976
5975
5974
5974
5973
5973
5972
5971
5970
5970
5969
5968
5968
5968
5967
5967
5967
5966
5964
5964
5964
5964
5961
5960
5959
5959
5958
5957
5956
5956
5954
5953
5953
5952
5952
5949
5949
5949
5948
5946
5945
5945
5944
5944
5944
5941
5941
5938
5937
5937
5936
5936
5935
5933
5932
5931
5930
5930
5929
5928
5927
5924
5923
5918
5918
5917
5916
5916
5914
5914
5913
5912
5911
5910
5910
5907
5907
5907
5905
5904
5899
5899
5898
5896
5896
5895
5894
5891
5890
5889
5887
5884
5881
5880
5879
5878
5877
5875
5875
5874
5874
5873
5873
5872
5872
5870
5870
5869
5869
5868
5868
5866
5865
5865
5865
5864
5860
5860
5858
5856
5853
5852
5852
5847
5846
5845
5844
5844
5844
5843
5842
5840
5838
5838
5833
5833
5829
5829
5828
5824
5824
5821
5820
5819
5818
5817
5815
5814
5812
5810
5808
5806
5806
5805
5804
5802
5802
5801
5800
5797
5797
5795
5795
5795
5793
5793
5792
5790
5789
5788
5788
5788
5787
5787
5786
5785
5783
5783
5780
5779
5779
5779
5778
5778
5777
5777
5776
5775
5774
5774
5773
5773
5772
5771
5768
5768
5767
5766
5764
5763
5763
5762
5762
5762
5761
5761
5759
5758
5757
5756
5755
5755
5754
5751
5749
5748
5748
5746
5746
5745
5745
5745
5743
5742
5740
5736
5736
5735
5734
5734
5733
5728
5727
5725
5724
5719
5719
5718
5715
5715
5714
5712
5712
5711
5710
5709
5708
5708
5704
5704
5701
5701
5701
5700
5698
5698
5696
5695
5693
5692
5692
5692
5689
5689
5688
5687
5686
5685
5684
5684
5683
5681
5681
5679
5678
5676
5676
5675
5672
5668
5666
5666
5666
5665
5665
5664
5664
5663
5661
5659
5659
5658
5658
5658
5656
5656
5655
5655
5653
5648
5648
5647
5646
5646
5646
5645
5642
5642
5639
5637
5636
5635
5635
5634
5633
5632
5631
5631
5630
5629
5629
5627
5627
5625
5625
5625
5623
5613
5609
5608
5608
5606
5604
5604
5604
5603
5603
5603
5600
5600
5600
5599
5599
5599
5599
5599
5596
5595
5595
5593
5592
5591
5591
5589
5588
5587
5586
5586
5584
5583
5582
5581
5579
5578
5577
5577
5575
5574
5572
5572
5571
5569
5568
5568
5566
5565
5565
5564
5564
5562
5562
5561
5559
5559
5558
5557
5556
5556
5556
5556
5555
5554
5553
5553
5552
5552
5551
5549
5548
5547
5546
5546
5545
5545
5542
5542
5539
5537
5537
5537
5535
5534
5533
5531
5531
5528
5527
5526
5526
5522
5521
5521
5519
5519
5517
5516
5516
5513
5513
5511
5510
5510
5510
5508
5508
5507
5507
5507
5506
5505
5503
5501
5500
5499
5499
5498
5497
5497
5497
5496
5496
5495
5494
5493
5492
5490
5489
5489
5488
5487
5486
5485
5485
5484
5483
5481
5481
5481
5480
5479
5478
5478
5477
5477
5475
5475
5474
5472
5472
5471
5471
5471
5470
5466
5466
5461
5458
5454
5452
5450
5449
5447
5447
5444
5443
5441
5441
5440
5440
5438
5437
5436
5436
5436
5435
5435
5434
5433
5433
5432
5432
5431
5431
5431
5431
5430
5429
5429
5428
5428
5427
5426
5426
5426
5425
5424
5424
5423
5423
5423
5421
5421
5420
5420
5419
5419
5419
5419
5417
5416
5413
5412
5411
5410
5409
5409
5408
5405
5405
5403
5402
5402
5402
5401
5400
5400
5399
5399
5398
5397
5396
5395
5391
5389
5388
5386
5384
5380
5380
5379
5378
5378
5377
5377
5375
5375
5375
5374
5373
5373
5373
5373
5372
5370
5370
5366
5365
5364
5362
5361
5358
5358
5356
5353
5353
5352
5352
5351
5351
5350
5348
5348
5348
5347
5346
5345
5345
5344
5340
5337
5336
5336
5335
5335
5334
5334
5334
5333
5333
5333
5331
5331
5331
5331
5326
5324
5323
5322
5322
5319
5318
5317
5316
5316
5314
5314
5312
5311
5311
5311
5310
5306
5305
5303
5302
5302
5301
5300
5299
5299
5299
5296
5296
5293
5291
5291
5290
5289
5288
5288
5288
5281
5281
5281
5280
5280
5279
5278
5277
5276
5275
5274
5269
5269
5268
5268
5267
5266
5264
5264
5264
5263
5263
5262
5260
5259
5259
5257
5257
5255
5255
5253
5253
5252
5249
5248
5247
5246
5245
5244
5244
5242
5242
5242
5242
5240
5239
5239
5238
5235
5233
5233
5232
5231
5231
5231
5229
5228
5227
5224
5224
5221
5221
5220
5219
5219
5218
5218
5217
5217
5215
5214
5214
5212
5211
5211
5209
5208
5207
5206
5204
5203
5203
5201
5201
5200
5199
5198
5197
5195
5192
5190
5190
5189
5187
5185
5185
5183
5182
5181
5180
5178
5177
5175
5175
5174
5173
5173
5172
5170
5168
5168
5168
5167
5166
5165
5162
5157
5157
5156
5156
5154
5154
5154
5153
5153
5153
5152
5151
5150
5149
5148
5148
5147
5145
5144
5144
5143
5141
5138
5137
5136
5136
5136
5134
5133
5132
5131
5130
5129
5128
5127
5127
5126
5125
5125
5123
5122
5122
5118
5118
5118
5117
5117
5117
5116
5116
5115
5114
5113
5111
5111
5111
5110
5109
5108
5107
5107
5106
5106
5105
5103
5103
5103
5103
5102
5101
5100
5099
5097
5095
5094
5092
5092
5092
5090
5090
5089
5089
5088
5088
5087
5087
5086
5085
5085
5084
5082
5080
5080
5078
5078
5075
5074
5074
5074
5071
5070
5070
5070
5069
5067
5066
5061
5061
5060
5059
5058
5058
5058
5057
5056
5054
5052
5051
5050
5050
5049
5049
5046
5046
5046
5046
5044
5043
5042
5042
5041
5041
5038
5038
5038
5037
5037
5037
5037
5037
5035
5033
5032
5031
5031
5031
5031
5029
5029
5028
5027
5026
5026
5025
5023
5023
5023
5023
5022
5021
5019
5018
5018
5017
5017
5016
5015
5015
5015
5014
5011
5008
5007
5007
5004
5000
5000
4998
4998
4997
4996
4996
4995
4994
4993
4993
4993
4991
4990
4989
4989
4989
4988
4986
4985
4985
4984
4984
4982
4982
4982
4980
4979
4978
4977
4977
4973
4972
4970
4970
4970
4970
4969
4968
4968
4967
4965
4965
4965
4962
4961
4960
4957
4957
4957
4956
4954
4953
4953
4947
4947
4946
4946
4945
4945
4944
4944
4943
4942
4938
4937
4937
4936
4936
4935
4933
4932
4932
4932
4931
4930
4928
4927
4927
4925
4925
4923
4923
4923
4922
4920
4920
4920
4918
4918
4917
4917
4917
4916
4916
4915
4915
4914
4913
4912
4911
4910
4910
4910
4910
4909
4908
4907
4907
4905
4903
4903
4902
4901
4900
4898
4898
4897
4897
4896
4895
4895
4894
4894
4894
4894
4893
4893
4892
4891
4891
4890
4890
4887
4887
4886
4886
4883
4883
4882
4881
4881
4881
4880
4879
4879
4878
4877
4876
4876
4875
4875
4872
4871
4868
4868
4867
4866
4866
4863
4863
4863
4862
4862
4860
4858
4856
4855
4852
4852
4851
4848
4847
4845
4844
4844
4841
4841
4841
4840
4839
4839
4839
4838
4831
4830
4829
4828
4827
4827
4826
4826
4826
4825
4824
4823
4822
4822
4821
4821
4820
4820
4819
4819
4819
4815
4813
4813
4812
4812
4811
4811
4811
4810
4809
4809
4808
4807
4806
4804
4804
4803
4802
4801
4799
4798
4798
4796
4795
4794
4791
4790
4786
4785
4784
4784
4782
4781
4781
4780
4779
4778
4778
4778
4778
4778
4777
4777
4776
4776
4775
4775
4774
4773
4773
4773
4771
4770
4769
4769
4768
4768
4764
4761
4760
4758
4758
4753
4752
4752
4751
4751
4750
4749
4748
4746
4745
4744
4744
4744
4744
4743
4742
4742
4742
4740
4740
4739
4738
4737
4734
4732
4731
4730
4730
4730
4728
4728
4727
4726
4726
4726
4726
4726
4725
4724
4724
4723
4723
4722
4720
4716
4716
4714
4713
4713
4713
4711
4711
4711
4711
4709
4709
4707
4705
4705
4704
4703
4703
4703
4698
4695
4693
4689
4687
4686
4685
4685
4684
4684
4681
4681
4681
4679
4679
4679
4679
4678
4676
4676
4674
4674
4674
4673
4673
4672
4671
4670
4668
4667
4665
4665
4664
4663
4662
4661
4660
4660
4659
4659
4658
4658
4657
4657
4657
4656
4655
4653
4653
4653
4652
4651
4651
4649
4649
4649
4649
4648
4648
4646
4643
4642
4641
4640
4638
4638
4638
4638
4637
4635
4635
4634
4634
4633
4633
4633
4632
4631
4628
4627
4627
4627
4626
4625
4622
4622
4619
4619
4618
4617
4617
4615
4614
4613
4611
4611
4611
4610
4608
4608
4608
4607
4607
4605
4605
4603
4602
4602
4602
4602
4601
4600
4597
4597
4597
4596
4595
4593
4592
4590
4589
4588
4581
4578
4577
4576
4573
4573
4573
4572
4572
4571
4570
4569
4567
4567
4567
4567
4567
4567
4566
4564
4563
4563
4560
4559
4558
4558
4558
4556
4555
4553
4550
4546
4544
4544
4543
4543
4541
4539
4538
4538
4538
4537
4536
4536
4535
4529
4528
4528
4527
4527
4526
4526
4525
4525
4524
4524
4523
4521
4521
4518
4516
4516
4516
4511
4511
4508
4507
4505
4505
4502
4502
4502
4501
4499
4498
4498
4497
4497
4493
4490
4488
4488
4487
4485
4485
4482
4482
4481
4481
4480
4480
4477
4477
4476
4475
4474
4469
4469
4469
4468
4468
4467
4467
4464
4463
4462
4462
4461
4460
4460
4458
4458
4457
4456
4454
4452
4451
4450
4449
4449
4449
4448
4447
4444
4442
4442
4442
4441
4440
4440
4439
4439
4436
4436
4436
4436
4436
4434
4433
4431
4430
4430
4430
4429
4428
4426
4424
4424
4420
4420
4418
4417
4413
4413
4413
4412
4412
4409
4409
4407
4407
4405
4405
4405
4404
4403
4403
4402
4400
4400
4399
4398
4397
4396
4395
4395
4394
4393
4393
4392
4391
4388
4384
4379
4379
4379
4378
4378
4377
4377
4377
4377
4375
4375
4375
4374
4374
4374
4373
4373
4372
4371
4370
4370
4369
4368
4368
4368
4368
4365
4365
4364
4363
4363
4363
4362
4361
4359
4355
4355
4355
4354
4353
4353
4353
4352
4349
4349
4346
4345
4344
4343
4342
4341
4340
4340
4339
4338
4337
4336
4335
4334
4334
4332
4331
4330
4328
4327
4326
4324
4323
4322
4321
4321
4320
4320
4319
4317
4316
4314
4314
4314
4312
4309
4308
4306
4305
4305
4303
4301
4301
4298
4297
4297
4297
4295
4294
4293
4292
4292
4290
4288
4287
4286
4286
4286
4285
4284
4283
4283
4282
4282
4279
4279
4278
4277
4277
4275
4273
4271
4269
4266
4266
4265
4265
4263
4262
4261
4259
4258
4258
4258
4258
4254
4254
4254
4254
4253
4252
4252
4251
4249
4249
4244
4243
4242
4242
4241
4239
4238
4238
4236
4235
4234
4233
4233
4232
4232
4232
4229
4228
4225
4224
4223
4223
4223
4222
4221
4221
4220
4220
4219
4219
4216
4216
4215
4214
4213
4212
4211
4210
4210
4209
4206
4206
4205
4203
4201
4200
4200
4200
4198
4197
4196
4196
4195
4195
4192
4191
4190
4186
4186
4185
4185
4185
4182
4182
4181
4181
4179
4179
4179
4176
4175
4174
4172
4170
4169
4169
4166
4165
4165
4164
4164
4163
4162
4161
4160
4159
4156
4155
4154
4154
4153
4152
4151
4149
4148
4145
4144
4143
4143
4142
4141
4140
4138
4136
4136
4135
4133
4133
4133
4133
4132
4128
4127
4126
4122
4120
4120
4119
4118
4115
4114
4114
4114
4113
4112
4112
4111
4110
4108
4107
4107
4106
4102
4102
4100
4100
4098
4097
4097
4096
4096
4095
4095
4094
4094
4091
4090
4087
4086
4084
4084
4079
4077
4076
4075
4075
4073
4072
4071
4070
4069
4069
4069
4068
4067
4065
4064
4064
4063
4061
4061
4058
4057
4056
4056
4056
4055
4054
4053
4052
4051
4050
4050
4050
4049
4049
4049
4049
4047
4045
4045
4045
4045
4044
4044
4042
4042
4042
4042
4042
4040
4039
4037
4037
4036
4030
4030
4030
4028
4028
4028
4028
4026
4026
4026
4025
4023
4022
4021
4019
4018
4017
4017
4016
4015
4015
4014
4013
4013
4012
4010
4008
4005
4002
4001
3999
3995
3995
3994
3994
3993
3993
3991
3991
3989
3989
3989
3987
3987
3985
3985
3984
3981
3980
3979
3978
3978
3975
3974
3973
3973
3972
3970
3969
3968
3967
3966
3966
3965
3964
3963
3963
3961
3961
3959
3953
3953
3952
3952
3952
3951
3949
3948
3948
3946
3945
3940
3940
3939
3939
3939
3938
3938
3938
3937
3937
3935
3934
3934
3932
3932
3931
3930
3930
3929
3928
3928
3926
3926
3924
3924
3923
3922
3921
3920
3918
3917
3916
3915
3914
3914
3914
3914
3914
3912
3912
3908
3908
3908
3907
3906
3905
3905
3905
3905
3905
3904
3901
3899
3897
3896
3894
3893
3892
3892
3892
3892
3890
3889
3889
3888
3887
3885
3883
3881
3881
3880
3875
3875
3875
3874
3874
3874
3873
3873
3872
3871
3871
3870
3870
3867
3866
3865
3865
3864
3861
3861
3860
3860
3859
3859
3857
3856
3856
3856
3856
3853
3850
3850
3849
3846
3845
3845
3845
3844
3842
3838
3838
3838
3835
3834
3832
3830
3830
3828
3827
3827
3826
3823
3823
3822
3820
3819
3819
3818
3818
3817
3816
3815
3813
3813
3812
3812
3811
3808
3807
3806
3806
3805
3804
3804
3804
3803
3803
3800
3799
3796
3795
3795
3793
3792
3787
3787
3785
3785
3784
3781
3781
3781
3781
3780
3780
3780
3779
3778
3777
3776
3776
3776
3776
3776
3775
3774
3774
3774
3773
3771
3768
3767
3765
3765
3765
3764
3763
3762
3759
3758
3757
3755
3755
3754
3754
3752
3751
3751
3750
3750
3746
3743
3743
3743
3742
3742
3741
3739
3736
3735
3735
3734
3731
3731
3731
3731
3731
3729
3729
3729
3728
3726
3724
3724
3723
3721
3721
3721
3720
3718
3718
3718
3717
3713
3713
3713
3712
3710
3709
3707
3706
3706
3705
3704
3703
3703
3702
3702
3701
3700
3699
3698
3698
3697
3697
3696
3695
3695
3694
3694
3692
3691
3690
3690
3690
3689
3688
3686
3685
3684
3683
3682
3681
3679
3677
3676
3676
3675
3675
3673
3673
3672
3672
3672
3671
3671
3671
3670
3667
3664
3664
3663
3663
3663
3660
3659
3659
3657
3657
3656
3655
3652
3652
3652
3649
3649
3648
3648
3645
3645
3644
3643
3643
3641
3639
3636
3634
3634
3633
3633
3633
3632
3632
3629
3628
3628
3628
3627
3627
3626
3624
3624
3624
3623
3621
3621
3619
3618
3617
3617
3617
3617
3615
3615
3614
3613
3612
3610
3610
3610
3609
3608
3606
3605
3605
3604
3603
3603
3600
3599
3598
3596
3596
3595
3594
3593
3593
3593
3592
3592
3591
3590
3588
3588
3586
3585
3584
3583
3583
3583
3582
3582
3578
3578
3578
3576
3575
3575
3575
3574
3573
3573
3572
3572
3571
3571
3569
3569
3569
3569
3569
3567
3567
3567
3564
3564
3564
3563
3561
3561
3560
3559
3558
3556
3556
3556
3556
3555
3554
3554
3553
3552
3552
3551
3548
3548
3546
3545
3543
3542
3541
3541
3540
3539
3537
3537
3536
3535
3534
3530
3530
3526
3526
3525
3520
3519
3517
3514
3513
3512
3512
3511
3511
3510
3509
3509
3508
3505
3504
3503
3503
3502
3501
3501
3500
3499
3496
3496
3496
3494
3493
3492
3490
3490
3489
3489
3486
3485
3484
3484
3482
3482
3482
3479
3479
3478
3478
3477
3476
3475
3475
3472
3471
3471
3470
3470
3468
3468
3468
3467
3467
3466
3466
3465
3463
3460
3459
3459
3456
3456
3454
3454
3452
3451
3450
3450
3449
3449
3448
3446
3444
3444
3443
3443
3443
3442
3441
3441
3440
3438
3437
3437
3435
3434
3431
3431
3430
3430
3429
3429
3428
3427
3425
3425
3425
3424
3424
3424
3422
3421
3421
3420
3419
3418
3418
3415
3411
3410
3410
3409
3409
3408
3407
3405
3405
3405
3404
3402
3399
3398
3397
3397
3396
3396
3396
3396
3395
3395
3394
3394
3392
3392
3390
3389
3387
3384
3383
3383
3383
3382
3381
3381
3380
3380
3380
3380
3380
3379
3377
3374
3373
3370
3369
3368
3368
3366
3366
3366
3366
3362
3361
3360
3360
3358
3357
3356
3354
3353
3352
3352
3349
3348
3346
3346
3345
3344
3344
3343
3343
3342
3341
3341
3341
3341
3339
3338
3337
3337
3336
3335
3334
3333
3330
3329
3329
3327
3326
3326
3326
3326
3324
3324
3319
3319
3314
3312
3312
3311
3310
3310
3309
3308
3307
3307
3307
3305
3305
3301
3301
3300
3300
3299
3298
3298
3298
3297
3297
3297
3297
3296
3296
3295
3295
3294
3293
3292
3291
3290
3290
3288
3283
3282
3282
3281
3279
3279
3278
3275
3273
3273
3273
3273
3272
3271
3271
3271
3271
3270
3267
3267
3266
3266
3263
3261
3260
3259
3259
3258
3257
3256
3255
3254
3253
3253
3253
3251
3248
3247
3247
3247
3245
3245
3245
3244
3244
3243
3243
3242
3241
3238
3238
3236
3231
3230
3229
3229
3228
3227
3227
3226
3225
3224
3222
3222
3220
3220
3220
3219
3215
3213
3213
3211
3210
3210
3210
3209
3207
3206
3206
3204
3204
3202
3201
3201
3200
3200
3199
3198
3196
3194
3193
3192
3191
3190
3190
3190
3189
3189
3188
3188
3188
3187
3187
3185
3184
3183
3182
3182
3182
3181
3181
3180
3180
3179
3178
3177
3177
3176
3176
3175
3174
3174
3172
3172
3172
3171
3170
3168
3168
3167
3167
3166
3165
3164
3164
3163
3162
3161
3159
3158
3157
3156
3156
3156
3154
3152
3152
3150
3150
3148
3148
3147
3146
3146
3145
3145
3143
3143
3141
3140
3138
3138
3138
3136
3136
3135
3135
3134
3133
3132
3131
3130
3129
3129
3128
3128
3127
3126
3126
3125
3124
3123
3123
3122
3121
3118
3118
3117
3116
3115
3115
3114
3111
3110
3109
3108
3107
3105
3105
3104
3104
3103
3102
3101
3100
3100
3100
3097
3097
3097
3095
3095
3093
3092
3092
3090
3089
3089
3088
3087
3086
3086
3084
3083
3082
3081
3080
3080
3080
3077
3077
3075
3074
3073
3072
3070
3070
3070
3070
3066
3065
3065
3065
3064
3063
3063
3062
3062
3058
3057
3055
3055
3054
3052
3051
3050
3048
3047
3046
3044
3044
3043
3043
3042
3039
3037
3037
3036
3033
3031
3031
3031
3031
3030
3029
3029
3028
3026
3026
3026
3025
3022
3022
3020
3020
3019
3017
3016
3015
3014
3013
3012
3012
3011
3011
3010
3009
3004
3004
3004
3001
3000
2999
2999
2998
2997
2996
2995
2992
2992
2992
2989
2988
2987
2986
2986
2986
2984
2984
2984
2984
2982
2982
2980
2980
2980
2979
2979
2973
2972
2970
2969
2969
2968
2967
2965
2964
2962
2959
2958
2958
2956
2955
2955
2953
2952
2952
2952
2949
2949
2942
2941
2940
2939
2939
2938
2938
2935
2935
2934
2933
2933
2931
2931
2930
2927
2927
2927
2926
2925
2924
2921
2921
2921
2920
2919
2918
2917
2915
2915
2913
2910
2910
2909
2908
2907
2906
2905
2905
2903
2903
2903
2902
2902
2901
2900
2900
2900
2899
2899
2897
2896
2895
2894
2893
2890
2888
2888
2888
2887
2886
2885
2884
2883
2882
2882
2880
2879
2878
2877
2877
2876
2876
2875
2874
2872
2871
2870
2869
2869
2869
2869
2868
2868
2868
2858
2857
2856
2856
2856
2854
2852
2851
2850
2850
2849
2849
2848
2846
2846
2845
2842
2841
2839
2839
2838
2838
2836
2835
2835
2835
2835
2834
2829
2828
2827
2822
2821
2821
2818
2817
2816
2816
2814
2813
2812
2812
2807
2807
2806
2804
2804
2804
2802
2802
2801
2800
2798
2796
2796
2796
2796
2794
2794
2794
2792
2791
2790
2790
2790
2789
2789
2788
2788
2788
2788
2787
2787
2787
2784
2784
2784
2783
2783
2783
2782
2781
2780
2778
2776
2775
2775
2774
2774
2773
2769
2769
2765
2765
2763
2762
2762
2760
2758
2756
2756
2753
2752
2750
2749
2747
2745
2745
2744
2744
2744
2743
2741
2740
2740
2737
2737
2731
2731
2730
2730
2730
2728
2728
2727
2724
2723
2722
2722
2721
2718
2717
2716
2713
2712
2712
2712
2710
2710
2710
2710
2708
2708
2708
2707
2705
2704
2701
2700
2700
2696
2695
2694
2694
2692
2690
2690
2690
2690
2690
2688
2687
2684
2683
2682
2681
2680
2679
2678
2677
2677
2676
2676
2676
2675
2674
2674
2672
2672
2670
2668
2667
2665
2664
2664
2663
2661
2661
2661
2660
2660
2660
2659
2659
2655
2653
2653
2653
2652
2650
2648
2647
2645
2644
2644
2643
2642
2641
2638
2638
2638
2637
2637
2637
2636
2634
2634
2632
2631
2630
2629
2629
2629
2628
2628
2626
2625
2623
2623
2623
2623
2621
2621
2619
2619
2618
2617
2614
2613
2613
2613
2611
2610
2610
2610
2609
2608
2608
2607
2605
2605
2605
2602
2601
2600
2599
2599
2599
2594
2593
2591
2589
2586
2586
2585
2584
2584
2584
2582
2580
2579
2579
2577
2576
2575
2575
2574
2574
2574
2573
2573
2571
2570
2568
2567
2567
2567
2565
2564
2562
2560
2560
2560
2558
2558
2558
2557
2556
2555
2554
2554
2552
2551
2551
2551
2550
2549
2549
2547
2546
2546
2544
2544
2538
2538
2537
2535
2534
2533
2532
2531
2527
2527
2524
2522
2521
2521
2521
2520
2519
2517
2516
2514
2514
2513
2512
2511
2510
2510
2509
2508
2508
2508
2508
2506
2505
2503
2502
2500
2498
2497
2496
2496
2494
2494
2493
2491
2490
2490
2489
2488
2485
2485
2484
2483
2482
2480
2479
2478
2477
2477
2477
2476
2476
2476
2476
2475
2475
2474
2473
2472
2469
2467
2465
2465
2464
2464
2463
2460
2459
2457
2456
2456
2454
2454
2454
2453
2452
2451
2450
2448
2448
2448
2448
2447
2447
2446
2446
2445
2445
2444
2441
2440
2438
2436
2436
2436
2434
2433
2433
2432
2432
2432
2430
2428
2427
2424
2422
2422
2420
2418
2417
2417
2416
2412
2411
2411
2410
2410
2409
2407
2406
2406
2404
2404
2404
2403
2402
2401
2396
2395
2392
2391
2390
2390
2390
2390
2388
2387
2387
2384
2382
2382
2382
2381
2380
2380
2378
2378
2376
2376
2376
2374
2373
2373
2371
2371
2371
2371
2369
2368
2367
2365
2365
2361
2360
2360
2360
2357
2357
2356
2352
2351
2349
2349
2347
2347
2347
2344
2343
2342
2342
2341
2340
2340
2340
2339
2338
2338
2337
2336
2335
2333
2331
2330
2329
2327
2325
2324
2323
2323
2322
2320
2319
2318
2317
2317
2315
2314
2313
2311
2310
2309
2309
2307
2305
2304
2304
2302
2299
2298
2297
2296
2296
2294
2292
2291
2291
2290
2290
2289
2287
2286
2286
2286
2283
2279
2279
2278
2277
2276
2276
2275
2275
2275
2275
2272
2272
2271
2271
2270
2269
2268
2267
2266
2266
2266
2266
2263
2263
2261
2261
2260
2259
2259
2258
2258
2258
2256
2256
2255
2254
2254
2254
2253
2253
2253
2252
2251
2251
2250
2249
2249
2246
2245
2243
2243
2240
2240
2236
2234
2234
2233
2233
2232
2232
2232
2230
2230
2230
2228
2227
2227
2225
2224
2223
2222
2221
2220
2220
2219
2218
2217
2217
2217
2217
2216
2215
2215
2215
2214
2213
2210
2210
2207
2207
2207
2206
2205
2204
2204
2203
2203
2201
2200
2199
2199
2198
2197
2197
2195
2192
2189
2188
2188
2187
2187
2186
2186
2185
2185
2183
2182
2181
2180
2179
2176
2175
2175
2173
2171
2170
2170
2169
2168
2167
2166
2166
2165
2163
2163
2160
2159
2158
2155
2154
2151
2150
2149
2148
2148
2148
2147
2145
2145
2144
2144
2143
2143
2143
2142
2142
2141
2141
2140
2140
2139
2138
2138
2137
2137
2137
2136
2136
2133
2133
2131
2128
2128
2127
2127
2127
2125
2124
2123
2123
2123
2122
2121
2119
2118
2113
2112
2111
2110
2106
2106
2105
2104
2103
2103
2103
2103
2102
2099
2099
2097
2095
2094
2091
2090
2089
2088
2087
2087
2086
2086
2085
2085
2084
2083
2082
2080
2079
2079
2077
2076
2076
2076
2075
2074
2073
2073
2071
2071
2068
2067
2066
2065
2065
2064
2064
2063
2062
2060
2060
2060
2060
2058
2057
2056
2056
2056
2055
2054
2054
2053
2051
2051
2051
2051
2050
2050
2049
2048
2047
2045
2043
2041
2041
2040
2040
2040
2039
2038
2037
2036
2032
2032
2031
2030
2030
2029
2028
2026
2025
2025
2024
2022
2020
2020
2020
2020
2019
2019
2016
2015
2012
2012
2011
2009
2009
2009
2008
2007
2007
2006
2006
2001
2000
1999
1999
1997
1997
1996
1995
1994
1993
1992
1991
1991
1989
1988
1988
1986
1985
1985
1983
1983
1980
1980
1979
1979
1978
1977
1976
1975
1975
1973
1972
1971
1970
1970
1969
1968
1967
1967
1967
1967
1966
1966
1964
1963
1962
1961
1959
1958
1958
1953
1953
1950
1950
1949
1949
1948
1947
1945
1942
1941
1939
1939
1938
1937
1936
1934
1934
1933
1933
1932
1932
1931
1930
1930
1930
1929
1927
1926
1925
1924
1924
1922
1922
1913
1912
1912
1910
1909
1908
1907
1907
1904
1904
1902
1900
1900
1900
1898
1898
1896
1895
1895
1892
1891
1890
1890
1890
1889
1889
1888
1886
1885
1884
1884
1882
1882
1881
1880
1875
1875
1874
1874
1871
1871
1870
1870
1869
1867
1866
1865
1863
1863
1862
1861
1859
1858
1857
1857
1855
1854
1854
1853
1851
1851
1850
1849
1848
1847
1846
1846
1844
1840
1839
1838
1837
1837
1837
1836
1836
1835
1835
1833
1831
1828
1827
1827
1826
1826
1825
1825
1821
1821
1820
1820
1819
1819
1818
1817
1816
1816
1814
1814
1813
1813
1812
1810
1809
1808
1807
1807
1807
1806
1806
1806
1806
1805
1802
1802
1801
1801
1799
1799
1798
1797
1796
1796
1795
1793
1792
1791
1791
1791
1790
1790
1789
1785
1785
1785
1785
1784
1783
1783
1782
1778
1775
1775
1775
1775
1773
1773
1773
1772
1771
1770
1770
1770
1769
1768
1767
1765
1765
1764
1763
1762
1759
1759
1759
1758
1757
1757
1756
1756
1756
1754
1754
1750
1750
1747
1746
1746
1745
1744
1744
1744
1744
1742
1741
1741
1741
1739
1738
1737
1736
1736
1735
1733
1733
1732
1730
1729
1727
1727
1726
1725
1725
1724
1723
1722
1722
1722
1719
1718
1718
1717
1717
1716
1715
1714
1711
1710
1709
1709
1705
1705
1704
1704
1704
1703
1702
1701
1700
1700
1699
1696
1692
1692
1691
1690
1688
1688
1688
1687
1687
1684
1684
1683
1683
1681
1680
1679
1677
1676
1675
1674
1673
1673
1673
1671
1670
1670
1669
1668
1668
1668
1667
1666
1666
1663
1662
1662
1661
1657
1653
1653
1650
1649
1649
1648
1648
1647
1645
1641
1640
1635
1634
1633
1631
1628
1627
1626
1625
1624
1623
1619
1617
1617
1617
1615
1614
1614
1612
1612
1610
1606
1605
1604
1604
1603
1603
1603
1603
1603
1602
1601
1601
1600
1599
1599
1598
1596
1595
1594
1593
1593
1592
1590
1590
1590
1587
1587
1582
1582
1581
1579
1579
1579
1577
1577
1576
1576
1575
1574
1573
1572
1572
1572
1571
1571
1569
1567
1564
1562
1560
1560
1559
1559
1557
1555
1553
1553
1552
1551
1551
1550
1547
1546
1546
1545
1545
1544
1543
1542
1537
1536
1535
1534
1534
1533
1532
1530
1530
1530
1529
1528
1528
1527
1526
1525
1523
1523
1522
1521
1521
1521
1521
1520
1519
1519
1519
1519
1518
1516
1514
1512
1510
1508
1508
1508
1508
1506
1506
1506
1505
1501
1501
1500
1500
1499
1497
1497
1495
1495
1494
1493
1493
1493
1492
1489
1489
1489
1486
1485
1485
1485
1484
1484
1483
1482
1482
1481
1480
1479
1473
1473
1470
1470
1468
1468
1467
1466
1461
1461
1459
1459
1458
1458
1457
1457
1457
1455
1454
1453
1453
1452
1452
1452
1451
1450
1448
1448
1447
1447
1445
1444
1443
1442
1442
1440
1440
1436
1436
1436
1435
1434
1433
1432
1430
1429
1428
1427
1427
1427
1424
1424
1424
1423
1422
1421
1421
1420
1420
1416
1415
1414
1413
1413
1412
1412
1410
1410
1408
1407
1402
1401
1399
1398
1397
1397
1397
1397
1396
1396
1395
1394
1394
1393
1393
1391
1391
1390
1389
1388
1388
1388
1386
1385
1383
1382
1382
1381
1381
1381
1381
1381
1379
1379
1375
1375
1375
1373
1373
1372
1371
1371
1370
1369
1369
1367
1365
1365
1365
1364
1363
1361
1361
1361
1360
1360
1359
1359
1359
1358
1356
1354
1353
1351
1351
1350
1350
1349
1349
1349
1348
1347
1347
1347
1345
1344
1343
1339
1339
1336
1336
1336
1333
1330
1329
1327
1325
1324
1322
1319
1316
1315
1314
1312
1312
1311
1310
1310
1309
1308
1304
1304
1304
1303
1301
1300
1299
1298
1297
1297
1296
1296
1296
1295
1290
1290
1289
1288
1286
1285
1283
1282
1281
1276
1271
1269
1269
1268
1268
1268
1268
1265
1265
1262
1262
1262
1261
1261
1261
1260
1260
1257
1257
1257
1256
1256
1255
1254
1253
1253
1251
1251
1250
1249
1248
1248
1248
1248
1247
1247
1246
1244
1244
1244
1243
1243
1243
1243
1240
1239
1234
1233
1232
1232
1231
1227
1226
1225
1222
1222
1222
1222
1221
1220
1219
1218
1217
1215
1214
1213
1213
1212
1209
1209
1208
1205
1204
1203
1203
1201
1201
1200
1200
1198
1197
1196
1196
1195
1195
1194
1194
1194
1192
1191
1191
1191
1188
1188
1188
1188
1185
1184
1183
1183
1183
1181
1181
1181
1181
1179
1179
1177
1176
1176
1176
1175
1175
1174
1173
1172
1170
1169
1169
1167
1166
1165
1164
1162
1161
1160
1160
1159
1158
1157
1157
1156
1156
1155
1154
1153
1152
1149
1147
1147
1146
1145
1143
1143
1143
1142
1141
1138
1138
1136
1135
1135
1135
1135
1133
1130
1130
1128
1125
1119
1119
1118
1118
1115
1113
1113
1112
1112
1109
1108
1107
1107
1105
1105
1104
1104
1103
1100
1100
1100
1098
1098
1096
1094
1094
1094
1093
1093
1088
1088
1087
1086
1085
1081
1081
1080
1079
1079
1078
1077
1076
1073
1073
1073
1072
1072
1071
1069
1068
1067
1067
1067
1067
1065
1062
1062
1062
1060
1060
1057
1056
1054
1054
1053
1053
1046
1043
1042
1042
1042
1041
1040
1040
1039
1039
1038
1037
1037
1036
1036
1036
1035
1035
1035
1030
1029
1027
1027
1026
1026
1022
1021
1020
1020
1019
1018
1018
1018
1017
1012
1011
1011
1011
1010
1007
1006
1005
1005
1004
1002
1002
1001
997
996
994
993
992
991
990
990
989
988
987
987
986
982
982
982
981
981
977
977
976
976
973
972
971
970
969
968
968
967
965
965
963
962
962
959
958
958
956
956
956
954
953
953
953
952
951
949
947
946
944
943
940
939
935
934
932
927
927
926
924
920
918
918
917
917
917
916
915
913
913
913
913
911
910
906
905
905
903
900
899
898
898
897
894
892
888
888
885
885
885
881
880
878
878
877
877
876
876
875
874
874
873
873
873
871
869
869
868
868
865
863
860
859
858
856
856
856
853
852
848
847
846
846
845
845
845
844
842
840
840
837
835
835
832
831
831
830
830
829
827
826
824
821
821
820
818
818
817
816
816
815
814
813
812
811
811
811
810
806
805
804
803
801
799
799
798
797
793
791
791
790
790
788
786
783
783
782
782
782
781
780
780
774
771
768
768
766
765
765
764
762
761
760
759
758
757
756
756
754
752
752
750
749
749
748
748
747
746
746
746
742
742
741
741
740
739
736
734
734
734
732
729
729
728
728
727
726
726
726
724
723
723
722
721
720
719
718
716
714
713
712
712
712
710
710
710
710
708
708
707
704
704
703
701
701
700
700
698
698
696
695
693
692
692
691
690
689
687
687
687
686
685
684
684
684
682
681
679
676
676
675
673
672
671
670
663
663
662
662
662
661
660
660
660
660
659
657
657
653
653
652
650
648
647
645
643
643
642
641
640
640
638
636
635
635
634
634
634
632
627
627
623
621
621
620
619
619
619
617
614
614
613
613
613
611
611
608
608
607
606
603
603
602
602
601
600
599
598
598
597
595
595
593
593
592
591
591
589
588
588
586
584
583
583
583
582
582
580
579
575
574
574
572
572
571
571
570
570
570
570
569
568
567
567
566
566
565
564
564
563
561
561
560
559
559
558
558
557
557
556
554
553
552
552
551
550
549
548
548
548
547
546
545
545
544
543
543
542
541
540
540
539
536
535
535
533
532
531
529
528
527
527
526
526
525
525
523
522
522
522
521
520
518
517
515
515
513
513
512
512
512
511
511
511
510
508
506
504
503
503
503
500
499
499
499
499
499
497
494
492
491
489
488
487
486
485
484
484
484
482
481
479
479
478
478
476
474
474
473
473
471
468
467
467
464
464
464
463
462
460
460
460
460
460
458
458
457
457
456
456
456
456
455
454
454
454
454
453
451
451
451
450
450
449
449
449
447
447
446
445
445
445
442
442
441
440
439
439
439
438
435
433
429
429
429
426
425
424
422
422
421
420
418
418
418
417
417
415
415
412
411
411
410
410
409
409
408
407
406
406
406
404
402
402
401
400
400
400
400
399
396
396
396
395
394
394
394
394
392
392
392
391
390
389
389
388
388
388
385
385
384
384
383
382
381
380
379
379
378
377
377
377
377
376
376
376
376
375
374
373
371
371
370
369
368
367
366
366
364
363
363
363
362
362
362
361
360
359
359
358
357
356
356
355
354
354
353
352
350
349
349
349
348
347
346
344
344
344
344
341
341
339
339
339
338
338
336
336
336
336
335
334
333
333
332
331
328
327
327
325
324
323
322
321
320
319
318
318
315
315
313
311
311
310
310
309
308
306
306
306
304
303
303
301
301
299
299
297
296
295
294
291
291
291
285
284
284
282
282
282
281
279
279
278
277
277
274
272
270
269
268
268
267
266
266
265
264
264
263
261
260
260
259
258
256
256
256
255
254
253
250
247
247
244
244
242
241
241
241
238
236
236
234
234
234
231
231
230
229
229
229
224
224
222
221
221
220
215
214
212
212
212
211
209
207
205
204
204
203
203
203
203
201
201
201
200
198
198
197
196
195
194
192
192
192
191
189
189
183
183
183
182
182
180
180
180
179
176
175
174
174
173
172
171
169
169
168
167
167
167
166
165
164
162
162
160
160
158
158
158
157
156
156
154
154
153
153
152
151
151
150
150
149
148
146
145
145
142
142
141
140
138
137
136
134
133
133
132
132
129
126
125
124
122
122
121
119
118
117
116
114
111
111
109
109
109
107
106
105
105
104
103
102
102
101
100
99
99
99
98
98
96
96
95
94
94
92
92
92
92
92
91
91
91
91
90
89
88
87
87
86
85
84
84
82
80
79
77
77
76
75
75
75
75
74
74
73
72
72
70
70
69
69
65
65
64
63
61
61
59
59
58
57
55
54
53
53
53
52
50
50
47
47
46
46
45
43
43
42
42
42
42
42
40
39
38
38
38
35
34
34
32
32
30
30
30
29
26
26
25
25
24
23
22
21
20
20
20
20
18
18
16
10
10
8
8
5
4
4
3
3
