9997
9996
9996
9996
9990
9990
9989
9989
9989
9989
9988
9987
9986
9986
9986
9984
9982
9981
9981
9981
9981
9979
9978
9978
9976
9975
9975
9974
9972
9972
9971
9971
9968
9968
9967
9964
9961
9956
9954
9953
9952
9952
9951
9950
9950
9950
9949
9949
9947
9947
9947
9947
9946
9946
9945
9943
9942
9941
9940
9940
9937
9936
9935
9935
9934
9933
9932
9932
9932
9931
9930
9929
9927
9927
9926
9926
9925
9925
9925
9924
9923
9921
9920
9918
9918
9917
9916
9915
9913
9913
9910
9909
9909
9906
9904
9904
9904
9903
9903
9903
9902
9901
9901
9901
9901
9900
9900
9899
9899
9898
9898
9897
9897
9895
9894
9894
9890
9890
9888
9888
9887
9887
9886
9885
9884
9881
9878
9878
9878
9877
9876
9875
9872
9872
9872
9869
9868
9868
9866
9866
9865
9865
9864
9863
9863
9863
9862
9861
9860
9858
9857
9856
9856
9856
9856
9856
9855
9855
9854
9852
9850
9850
9850
9850
9849
9849
9848
9847
9846
9846
9845
9844
9844
9843
9842
9840
9840
9839
9839
9837
9835
9834
9833
9832
9831
9831
9831
9830
9829
9829
9829
9829
9827
9825
9823
9821
9820
9820
9819
9817
9816
9816
9815
9815
9815
9813
9810
9810
9809
9808
9806
9804
9803
9803
9802
9802
9801
9801
9799
9798
9797
9796
9795
9795
9794
9794
9792
9791
9789
9789
9786
9785
9785
9784
9784
9784
9782
9781
9777
9776
9776
9774
9772
9772
9771
9770
9768
9767
9766
9766
9764
9763
9762
9760
9759
9759
9758
9758
9757
9756
9752
9751
9751
9748
9748
9748
9747
9747
9746
9745
9744
9744
9741
9739
9739
9739
9738
9738
9737
9736
9735
9734
9732
9730
9729
9727
9726
9726
9726
9725
9724
9721
9720
9719
9718
9717
9716
9716
9715
9712
9709
9708
9708
9706
9706
9705
9704
9704
9704
9703
9703
9699
9698
9698
9697
9696
9694
9692
9692
9691
9691
9690
9688
9688
9687
9685
9685
9685
9684
9684
9683
9682
9682
9681
9681
9681
9679
9678
9678
9677
9676
9675
9675
9673
9671
9670
9670
9669
9669
9668
9668
9666
9666
9665
9658
9656
9655
9655
9654
9653
9652
9652
9652
9650
9648
9648
9648
9648
9648
9647
9647
9647
9645
9645
9644
9641
9636
9636
9635
9634
9632
9632
9632
9631
9631
9630
9630
9630
9627
9626
9625
9624
9624
9624
9623
9623
9623
9622
9622
9622
9621
9621
9619
9619
9618
9617
9616
9614
9613
9612
9611
9609
9607
9606
9606
9605
9604
9602
9601
9599
9599
9596
9590
9589
9588
9585
9584
9583
9583
9583
9581
9580
9579
9578
9576
9572
9572
9568
9567
9566
9565
9564
9564
9563
9561
9561
9560
9558
9558
9555
9549
9548
9548
9547
9546
9545
9544
9543
9543
9541
9540
9539
9539
9538
9538
9538
9538
9537
9536
9536
9535
9534
9534
9533
9533
9533
9532
9531
9530
9530
9527
9527
9526
9526
9524
9519
9519
9518
9516
9515
9514
9514
9512
9512
9510
9510
9509
9508
9507
9506
9505
9505
9503
9502
9502
9502
9501
9497
9497
9496
9496
9496
9495
9494
9493
9491
9489
9489
9488
9486
9486
9485
9485
9482
9481
9480
9480
9480
9478
9478
9477
9476
9474
9474
9474
9473
9471
9469
9469
9465
9465
9461
9461
9460
9459
9459
9459
9456
9456
9456
9455
9454
9453
9451
9451
9450
9449
9448
9448
9447
9446
9442
9441
9440
9440
9435
9433
9430
9430
9429
9428
9426
9426
9426
9421
9421
9421
9420
9419
9416
9415
9414
9414
9414
9412
9410
9409
9409
9409
9408
9408
9406
9406
9404
9402
9402
9402
9401
9401
9401
9400
9396
9396
9393
9393
9391
9390
9390
9389
9388
9387
9387
9383
9382
9382
9381
9380
9378
9378
9378
9374
9374
9373
9371
9371
9370
9369
9369
9367
9367
9366
9365
9364
9364
9364
9363
9363
9362
9362
9362
9362
9362
9362
9360
9358
9357
9355
9354
9354
9354
9353
9352
9352
9349
9347
9347
9346
9346
9345
9342
9342
9341
9341
9338
9338
9337
9336
9335
9334
9333
9333
9333
9333
9330
9330
9327
9327
9327
9326
9326
9324
9322
9321
9320
9318
9318
9317
9316
9316
9313
9311
9311
9310
9309
9309
9308
9308
9305
9305
9305
9304
9304
9304
9301
9299
9298
9297
9297
9295
9293
9290
9290
9290
9289
9288
9286
9283
9281
9281
9279
9279
9279
9279
9278
9277
9277
9276
9275
9271
9268
9267
9266
9265
9265
9264
9263
9263
9262
9262
9260
9260
9259
9259
9259
9257
9257
9249
9247
9246
9246
9245
9242
9241
9240
9239
9239
9239
9237
9237
9236
9233
9232
9231
9231
9230
9228
9227
9222
9222
9221
9221
9220
9218
9216
9216
9214
9214
9213
9213
9213
9211
9211
9210
9210
9209
9209
9209
9207
9206
9206
9203
9202
9201
9200
9200
9200
9200
9199
9199
9198
9197
9197
9196
9194
9189
9189
9188
9188
9187
9185
9184
9184
9182
9180
9180
9178
9178
9176
9176
9176
9176
9174
9174
9172
9172
9172
9172
9169
9168
9166
9165
9165
9165
9164
9164
9164
9162
9160
9159
9158
9157
9157
9155
9152
9152
9151
9151
9149
9148
9147
9147
9147
9147
9146
9144
9144
9143
9141
9141
9141
9141
9140
9137
9136
9135
9135
9132
9131
9130
9129
9128
9126
9126
9124
9122
9121
9120
9120
9118
9118
9116
9114
9113
9112
9111
9111
9111
9110
9110
9110
9109
9105
9103
9102
9100
9099
9099
9099
9099
9095
9094
9094
9091
9090
9089
9087
9084
9084
9083
9080
9079
9077
9076
9074
9074
9074
9073
9073
9070
9068
9067
9066
9066
9066
9065
9065
9065
9065
9064
9061
9061
9060
9060
9058
9058
9056
9056
9056
9056
9053
9052
9052
9051
9049
9048
9048
9047
9045
9044
9044
9043
9042
9040
9039
9039
9037
9037
9035
9034
9033
9032
9029
9027
9026
9024
9024
9023
9023
9022
9021
9021
9021
9020
9020
9018
9016
9014
9013
9013
9011
9011
9010
9008
9007
9006
9006
9006
9005
9004
9003
9003
9003
9003
9000
9000
8999
8999
8998
8998
8996
8994
8994
8993
8993
8991
8990
8990
8988
8984
8983
8982
8981
8979
8978
8978
8976
8975
8974
8973
8973
8970
8970
8966
8965
8965
8963
8962
8961
8960
8959
8957
8956
8956
8955
8955
8955
8954
8954
8951
8950
8949
8949
8948
8948
8947
8947
8945
8944
8939
8938
8936
8936
8936
8936
8936
8934
8931
8930
8930
8930
8929
8926
8924
8924
8923
8923
8922
8922
8922
8919
8918
8917
8917
8916
8916
8915
8914
8914
8913
8913
8912
8912
8912
8909
8907
8906
8905
8901
8901
8901
8900
8896
8895
8894
8893
8892
8892
8892
8892
8891
8889
8887
8886
8885
8885
8885
8885
8885
8883
8883
8883
8882
8881
8880
8880
8880
8879
8879
8878
8878
8878
8877
8877
8876
8875
8874
8873
8872
8871
8869
8869
8869
8869
8868
8864
8863
8862
8862
8859
8859
8858
8858
8857
8857
8855
8854
8854
8853
8853
8853
8852
8852
8851
8848
8848
8848
8847
8844
8843
8842
8840
8840
8839
8839
8839
8836
8835
8833
8831
8829
8828
8828
8828
8828
8827
8826
8822
8822
8821
8821
8816
8815
8814
8814
8811
8810
8810
8810
8808
8807
8806
8806
8805
8805
8804
8804
8804
8802
8801
8801
8801
8799
8799
8798
8797
8796
8796
8795
8795
8795
8794
8794
8794
8793
8793
8793
8793
8792
8790
8790
8788
8787
8786
8785
8785
8784
8782
8782
8781
8781
8781
8780
8780
8777
8776
8775
8775
8774
8773
8772
8771
8771
8769
8767
8766
8766
8765
8763
8759
8758
8758
8758
8758
8757
8757
8756
8755
8755
8752
8751
8750
8748
8748
8748
8747
8743
8743
8741
8740
8740
8740
8738
8738
8738
8736
8735
8735
8734
8732
8728
8728
8728
8726
8723
8721
8721
8720
8719
8718
8717
8717
8715
8713
8712
8712
8711
8710
8710
8709
8708
8708
8707
8706
8706
8703
8703
8703
8702
8702
8701
8700
8697
8697
8697
8697
8696
8696
8696
8696
8695
8694
8694
8689
8688
8687
8687
8685
8683
8683
8683
8681
8680
8676
8674
8674
8674
8673
8671
8668
8668
8668
8667
8667
8666
8664
8664
8663
8661
8660
8659
8658
8656
8655
8652
8649
8648
8648
8647
8646
8646
8644
8643
8642
8642
8639
8639
8638
8637
8637
8635
8633
8632
8632
8631
8629
8629
8629
8628
8628
8628
8627
8625
8624
8623
8623
8622
8621
8619
8619
8615
8615
8614
8612
8612
8611
8611
8609
8609
8608
8607
8606
8606
8605
8605
8604
8604
8604
8603
8601
8601
8601
8600
8599
8599
8598
8598
8598
8596
8595
8592
8591
8591
8590
8588
8588
8588
8588
8585
8585
8583
8582
8582
8581
8579
8579
8577
8577
8576
8574
8574
8573
8572
8572
8572
8571
8571
8571
8570
8570
8567
8567
8565
8559
8558
8558
8557
8556
8556
8554
8552
8552
8551
8551
8550
8549
8548
8548
8547
8545
8542
8540
8539
8538
8538
8537
8535
8534
8534
8533
8532
8532
8531
8531
8528
8528
8527
8526
8526
8525
8523
8522
8522
8521
8521
8521
8520
8519
8518
8517
8515
8514
8513
8513
8512
8511
8511
8509
8509
8508
8507
8507
8506
8506
8505
8503
8502
8501
8499
8498
8498
8497
8497
8495
8494
8493
8493
8492
8491
8489
8489
8489
8489
8488
8487
8484
8483
8483
8483
8482
8481
8479
8478
8478
8478
8478
8476
8475
8474
8473
8473
8473
8472
8471
8471
8469
8468
8467
8466
8465
8464
8464
8463
8462
8461
8461
8461
8461
8460
8460
8459
8459
8459
8455
8453
8451
8451
8449
8445
8445
8445
8444
8444
8444
8442
8442
8441
8440
8440
8439
8435
8434
8433
8432
8432
8432
8432
8432
8432
8432
8431
8431
8431
8431
8428
8428
8427
8426
8425
8425
8424
8424
8422
8421
8421
8420
8420
8415
8415
8414
8414
8411
8410
8410
8406
8405
8405
8403
8403
8403
8402
8402
8400
8400
8400
8398
8398
8394
8393
8392
8392
8391
8391
8390
8389
8383
8383
8381
8381
8378
8377
8377
8377
8373
8373
8371
8369
8368
8366
8366
8365
8365
8365
8363
8362
8357
8356
8355
8354
8354
8352
8351
8351
8351
8350
8350
8350
8350
8349
8348
8348
8346
8345
8344
8344
8342
8339
8339
8339
8337
8335
8332
8332
8330
8330
8330
8329
8329
8328
8327
8327
8327
8327
8322
8321
8320
8319
8316
8315
8312
8312
8308
8308
8306
8304
8304
8303
8303
8303
8300
8299
8298
8295
8295
8294
8294
8292
8291
8290
8290
8280
8279
8278
8278
8278
8275
8275
8273
8271
8270
8269
8267
8267
8267
8267
8267
8265
8265
8262
8261
8261
8260
8259
8259
8258
8258
8257
8255
8255
8255
8252
8251
8250
8250
8249
8246
8243
8242
8239
8239
8239
8233
8231
8230
8230
8228
8227
8227
8224
8222
8221
8220
8215
8214
8212
8208
8208
8207
8205
8202
8201
8199
8199
8199
8198
8197
8197
8195
8194
8192
8190
8190
8189
8189
8189
8188
8186
8185
8185
8184
8183
8182
8182
8181
8180
8180
8178
8177
8177
8177
8173
8172
8171
8170
8170
8169
8169
8168
8167
8166
8164
8162
8162
8161
8161
8160
8159
8159
8156
8155
8153
8153
8152
8152
8151
8150
8149
8148
8148
8148
8147
8144
8144
8144
8143
8140
8140
8137
8136
8132
8130
8128
8126
8125
8125
8122
8121
8120
8119
8119
8119
8118
8118
8115
8115
8115
8115
8114
8114
8114
8113
8111
8110
8108
8107
8106
8106
8105
8104
8104
8103
8103
8102
8101
8100
8100
8098
8096
8090
8089
8089
8088
8087
8087
8086
8085
8082
8082
8081
8078
8075
8074
8072
8069
8069
8066
8064
8062
8062
8061
8061
8060
8057
8056
8056
8056
8054
8052
8051
8051
8051
8051
8049
8048
8046
8046
8046
8045
8045
8044
8042
8042
8041
8040
8040
8040
8039
8037
8036
8035
8035
8034
8034
8034
8032
8030
8030
8029
8028
8027
8025
8025
8024
8023
8023
8022
8022
8021
8021
8017
8017
8016
8015
8012
8011
8008
8007
8006
8005
8002
8000
7999
7999
7998
7995
7995
7994
7993
7991
7990
7988
7987
7986
7982
7982
7980
7979
7979
7977
7976
7976
7975
7973
7971
7969
7968
7968
7965
7964
7964
7963
7961
7960
7958
7958
7956
7954
7954
7952
7952
7952
7951
7951
7950
7948
7947
7947
7947
7947
7946
7945
7944
7942
7942
7941
7940
7939
7938
7935
7935
7934
7931
7931
7928
7927
7925
7925
7924
7923
7922
7922
7922
7921
7921
7921
7915
7915
7915
7914
7913
7913
7911
7911
7909
7906
7906
7905
7904
7904
7904
7904
7903
7902
7901
7901
7900
7900
7899
7898
7897
7896
7895
7894
7894
7892
7890
7888
7887
7887
7884
7884
7884
7883
7883
7882
7881
7881
7880
7879
7878
7878
7877
7874
7874
7873
7873
7872
7871
7871
7871
7869
7869
7868
7867
7866
7866
7865
7862
7861
7860
7859
7856
7855
7855
7853
7853
7853
7853
7849
7847
7846
7844
7843
7837
7837
7835
7834
7834
7833
7831
7831
7831
7830
7829
7829
7829
7825
7824
7824
7824
7822
7822
7819
7817
7817
7816
7813
7811
7810
7810
7810
7810
7809
7809
7806
7805
7805
7805
7805
7804
7802
7801
7801
7800
7800
7799
7798
7798
7796
7796
7795
7795
7793
7792
7792
7790
7790
7786
7785
7785
7784
7783
7782
7780
7779
7779
7778
7775
7773
7773
7771
7770
7768
7767
7767
7767
7767
7766
7764
7763
7763
7761
7761
7761
7761
7760
7759
7758
7758
7755
7755
7754
7752
7751
7751
7750
7750
7749
7747
7746
7746
7745
7744
7743
7741
7741
7739
7739
7738
7738
7738
7737
7736
7734
7733
7732
7732
7732
7730
7730
7729
7728
7726
7725
7724
7723
7722
7721
7721
7718
7718
7716
7715
7715
7713
7712
7712
7711
7708
7708
7707
7707
7705
7705
7705
7705
7704
7703
7702
7701
7701
7701
7699
7699
7696
7696
7694
7693
7692
7691
7691
7691
7690
7688
7688
7687
7687
7687
7686
7683
7682
7681
7680
7680
7677
7674
7673
7672
7670
7670
7669
7664
7664
7664
7660
7660
7659
7659
7658
7656
7655
7655
7654
7648
7646
7645
7644
7642
7642
7640
7640
7639
7639
7638
7637
7636
7636
7636
7635
7634
7633
7632
7631
7631
7630
7628
7627
7625
7625
7624
7623
7622
7620
7616
7615
7615
7614
7613
7613
7612
7612
7610
7610
7609
7608
7607
7606
7605
7605
7605
7604
7603
7601
7600
7599
7598
7597
7596
7595
7594
7593
7592
7592
7591
7590
7589
7588
7586
7585
7585
7584
7584
7583
7582
7582
7581
7581
7581
7580
7578
7576
7575
7574
7574
7573
7573
7573
7572
7572
7572
7570
7569
7568
7568
7567
7567
7566
7566
7565
7565
7561
7559
7559
7558
7558
7557
7556
7554
7554
7554
7553
7553
7553
7552
7552
7551
7550
7549
7548
7546
7545
7544
7541
7541
7540
7540
7539
7538
7537
7536
7536
7535
7534
7534
7534
7533
7533
7531
7531
7531
7530
7529
7527
7527
7527
7525
7525
7522
7521
7521
7520
7520
7520
7519
7518
7515
7515
7515
7515
7514
7514
7512
7511
7511
7511
7510
7508
7508
7508
7506
7506
7505
7505
7504
7504
7503
7503
7500
7498
7498
7497
7496
7496
7495
7494
7493
7493
7493
7492
7490
7490
7490
7489
7488
7488
7488
7487
7487
7487
7485
7483
7483
7482
7481
7480
7479
7478
7477
7475
7473
7473
7472
7471
7471
7466
7465
7465
7464
7464
7463
7462
7462
7460
7459
7458
7456
7456
7455
7454
7451
7450
7448
7447
7446
7446
7446
7445
7442
7441
7439
7439
7439
7438
7438
7438
7437
7437
7437
7436
7434
7431
7431
7431
7429
7429
7427
7427
7427
7426
7425
7424
7423
7423
7423
7421
7421
7419
7418
7418
7418
7418
7417
7417
7416
7413
7413
7410
7410
7408
7407
7405
7403
7402
7402
7401
7401
7401
7401
7400
7399
7397
7395
7395
7395
7395
7394
7394
7392
7391
7390
7387
7387
7387
7385
7384
7380
7379
7379
7377
7377
7377
7377
7375
7374
7373
7373
7372
7371
7370
7370
7368
7368
7368
7365
7365
7362
7361
7360
7359
7358
7355
7354
7353
7351
7351
7350
7349
7349
7348
7348
7346
7345
7345
7342
7341
7340
7340
7340
7339
7338
7337
7334
7332
7331
7329
7328
7328
7327
7327
7325
7324
7323
7323
7322
7321
7319
7319
7318
7317
7313
7312
7312
7311
7311
7310
7308
7308
7308
7306
7306
7305
7303
7298
7297
7297
7295
7294
7294
7293
7292
7292
7292
7291
7288
7288
7288
7286
7286
7285
7285
7285
7284
7283
7282
7281
7281
7281
7281
7280
7280
7275
7275
7275
7273
7273
7272
7271
7271
7270
7270
7268
7268
7267
7266
7265
7263
7261
7260
7260
7259
7259
7258
7256
7256
7256
7254
7253
7250
7250
7249
7248
7246
7246
7245
7242
7242
7239
7238
7238
7237
7236
7236
7230
7230
7230
7226
7225
7225
7224
7223
7222
7220
7220
7219
7219
7219
7218
7218
7218
7216
7213
7211
7210
7208
7208
7208
7207
7207
7206
7206
7206
7203
7203
7201
7200
7200
7199
7198
7198
7197
7196
7196
7196
7194
7194
7191
7191
7190
7189
7188
7188
7187
7186
7185
7185
7183
7183
7183
7182
7182
7182
7182
7181
7181
7180
7180
7180
7180
7180
7179
7179
7179
7178
7178
7178
7178
7176
7174
7173
7172
7172
7171
7170
7168
7166
7165
7165
7164
7164
7164
7163
7162
7161
7158
7156
7155
7155
7154
7154
7151
7151
7150
7150
7149
7149
7147
7147
7147
7145
7145
7144
7143
7141
7141
7140
7140
7140
7140
7139
7139
7137
7136
7134
7133
7133
7133
7132
7128
7128
7127
7126
7125
7125
7125
7125
7124
7121
7120
7118
7112
7112
7110
7110
7109
7108
7107
7104
7104
7103
7102
7101
7100
7099
7098
7098
7098
7097
7095
7095
7093
7092
7091
7090
7089
7089
7089
7088
7088
7084
7083
7082
7079
7078
7078
7078
7077
7075
7074
7073
7073
7071
7069
7068
7067
7066
7066
7065
7064
7064
7064
7063
7063
7062
7061
7061
7061
7061
7059
7058
7058
7057
7054
7053
7051
7047
7047
7047
7047
7044
7044
7042
7040
7038
7036
7036
7036
7035
7033
7031
7030
7028
7027
7027
7025
7025
7024
7024
7024
7024
7023
7022
7022
7021
7021
7018
7017
7017
7016
7013
7013
7012
7012
7012
7009
7009
7008
7007
7007
7007
7005
7005
7004
7003
7002
6999
6999
6999
6999
6998
6998
6997
6997
6997
6996
6994
6994
6994
6993
6990
6990
6987
6985
6984
6984
6984
6984
6983
6983
6982
6981
6981
6979
6976
6975
6975
6974
6973
6972
6970
6970
6969
6967
6966
6966
6964
6963
6963
6963
6962
6962
6962
6962
6962
6962
6961
6961
6959
6957
6955
6955
6955
6955
6953
6952
6952
6950
6946
6942
6937
6937
6936
6936
6935
6928
6927
6926
6925
6923
6923
6920
6919
6919
6918
6917
6916
6915
6914
6913
6908
6908
6908
6908
6907
6906
6905
6905
6904
6903
6901
6901
6901
6900
6899
6899
6898
6897
6895
6895
6894
6894
6893
6892
6892
6891
6891
6890
6889
6889
6889
6889
6889
6886
6886
6884
6881
6879
6878
6878
6877
6876
6875
6874
6872
6872
6870
6870
6869
6869
6869
6868
6868
6867
6867
6865
6865
6864
6864
6864
6864
6864
6863
6862
6861
6859
6859
6858
6858
6857
6857
6857
6857
6857
6854
6854
6852
6851
6850
6845
6844
6843
6836
6832
6832
6831
6830
6828
6826
6826
6824
6823
6821
6821
6821
6820
6818
6817
6817
6817
6815
6814
6809
6808
6808
6807
6806
6806
6806
6804
6803
6803
6803
6801
6797
6795
6794
6794
6793
6792
6791
6791
6791
6789
6785
6785
6783
6781
6781
6780
6780
6779
6779
6778
6775
6775
6774
6774
6773
6773
6771
6771
6769
6768
6768
6768
6767
6766
6766
6764
6764
6762
6761
6761
6761
6760
6760
6758
6756
6754
6754
6753
6751
6748
6747
6747
6745
6743
6743
6743
6742
6739
6738
6738
6735
6734
6734
6733
6731
6731
6730
6729
6729
6727
6726
6726
6725
6724
6724
6721
6721
6721
6720
6720
6719
6718
6718
6716
6715
6715
6712
6709
6709
6708
6707
6706
6704
6704
6704
6704
6703
6703
6702
6702
6701
6701
6701
6698
6697
6697
6697
6696
6696
6696
6695
6694
6694
6692
6691
6690
6690
6689
6689
6689
6688
6686
6683
6683
6683
6683
6681
6680
6680
6678
6678
6677
6677
6675
6675
6673
6673
6672
6672
6672
6671
6670
6669
6669
6669
6669
6669
6668
6667
6666
6666
6666
6665
6664
6664
6663
6663
6662
6658
6658
6658
6658
6658
6657
6657
6656
6655
6654
6653
6653
6652
6652
6650
6645
6645
6644
6644
6644
6644
6644
6643
6642
6637
6637
6635
6635
6635
6634
6630
6629
6627
6627
6626
6625
6622
6622
6621
6621
6620
6620
6616
6616
6616
6615
6615
6614
6612
6610
6608
6607
6606
6605
6603
6602
6602
6601
6601
6600
6600
6599
6599
6598
6598
6596
6593
6593
6593
6591
6590
6590
6589
6585
6584
6583
6581
6581
6580
6579
6579
6578
6575
6575
6574
6574
6573
6570
6570
6568
6568
6567
6567
6566
6566
6566
6565
6564
6564
6563
6559
6559
6557
6557
6556
6555
6551
6550
6549
6548
6548
6547
6547
6546
6544
6544
6543
6543
6537
6536
6536
6533
6533
6533
6532
6531
6530
6529
6527
6527
6527
6526
6526
6526
6525
6524
6524
6524
6521
6520
6520
6519
6518
6515
6515
6515
6513
6512
6511
6511
6509
6508
6505
6505
6502
6502
6501
6499
6499
6498
6496
6494
6492
6490
6489
6489
6489
6489
6489
6486
6485
6484
6484
6482
6480
6480
6475
6474
6470
6468
6468
6467
6467
6466
6465
6464
6462
6461
6460
6460
6460
6459
6457
6457
6454
6454
6452
6452
6451
6446
6445
6444
6442
6435
6435
6435
6434
6434
6434
6434
6433
6433
6433
6432
6431
6431
6429
6429
6428
6426
6426
6426
6425
6424
6424
6424
6423
6423
6421
6420
6419
6417
6416
6415
6415
6414
6413
6412
6408
6405
6404
6402
6399
6392
6392
6392
6391
6389
6389
6387
6384
6383
6381
6381
6380
6380
6380
6379
6378
6377
6376
6375
6374
6374
6373
6373
6373
6373
6371
6371
6370
6370
6368
6366
6362
6360
6360
6358
6358
6356
6355
6354
6354
6354
6354
6353
6353
6353
6352
6351
6351
6349
6347
6347
6346
6346
6345
6345
6342
6342
6341
6340
6340
6339
6339
6339
6338
6338
6337
6336
6334
6334
6332
6331
6331
6327
6327
6326
6325
6325
6325
6324
6322
6322
6321
6321
6321
6320
6320
6320
6319
6319
6318
6317
6317
6316
6315
6313
6312
6312
6312
6311
6310
6310
6309
6309
6308
6308
6304
6304
6303
6301
6300
6300
6299
6298
6297
6297
6297
6297
6296
6294
6293
6293
6293
6292
6291
6290
6288
6288
6287
6287
6284
6284
6283
6283
6283
6282
6282
6282
6281
6280
6279
6277
6276
6276
6273
6273
6272
6271
6271
6271
6270
6269
6267
6265
6264
6264
6263
6261
6261
6261
6261
6261
6258
6256
6256
6255
6255
6254
6253
6252
6250
6246
6246
6245
6245
6242
6241
6240
6239
6239
6239
6237
6236
6236
6234
6234
6233
6232
6231
6231
6230
6230
6228
6227
6226
6226
6225
6224
6223
6222
6222
6218
6217
6216
6212
6212
6211
6211
6210
6210
6210
6209
6208
6208
6208
6206
6205
6205
6202
6202
6201
6201
6200
6198
6197
6197
6196
6195
6195
6195
6194
6193
6191
6189
6188
6186
6185
6184
6182
6182
6181
6180
6178
6178
6177
6176
6174
6174
6173
6172
6170
6170
6169
6167
6167
6164
6164
6161
6157
6156
6156
6151
6151
6151
6151
6150
6150
6150
6149
6145
6143
6142
6139
6139
6136
6136
6136
6133
6132
6132
6132
6130
6130
6126
6124
6123
6121
6120
6119
6118
6117
6115
6115
6113
6113
6112
6109
6108
6107
6105
6104
6104
6101
6100
6099
6098
6096
6095
6095
6094
6090
6088
6088
6087
6084
6079
6076
6076
6075
6073
6071
6069
6069
6068
6068
6066
6066
6066
6064
6061
6060
6059
6058
6057
6057
6057
6056
6053
6052
6050
6049
6047
6046
6046
6046
6046
6043
6040
6039
6038
6036
6033
6031
6029
6029
6029
6028
6028
6027
6027
6024
6024
6024
6021
6016
6016
6016
6015
6014
6013
6011
6011
6010
6009
6008
6008
6008
6008
6006
6004
6004
6003
6003
6001
6000
5999
5998
5997
5996
5995
5994
5993
5992
5992
5992
5991
5990
5989
5989
5987
5986
5984
5984
5981
5981
5978
5978
5973
5972
5971
5969
5969
5968
5968
5964
5963
5962
5962
5962
5962
5962
5960
5959
5959
5958
5957
5957
5956
5956
5956
5953
5952
5952
5952
5952
5950
5948
5947
5943
5943
5942
5941
5940
5935
5935
5934
5934
5933
5933
5931
5926
5922
5921
5921
5920
5918
5916
5913
5912
5911
5910
5910
5909
5905
5904
5903
5902
5901
5901
5901
5900
5898
5898
5895
5895
5894
5893
5891
5888
5887
5887
5887
5885
5885
5885
5885
5884
5884
5883
5883
5883
5883
5879
5879
5878
5877
5875
5875
5874
5871
5871
5871
5870
5869
5869
5867
5864
5864
5863
5863
5862
5861
5861
5859
5859
5855
5854
5853
5850
5850
5850
5847
5846
5845
5845
5844
5844
5844
5843
5843
5838
5837
5836
5836
5835
5833
5833
5832
5830
5829
5828
5828
5827
5827
5826
5826
5825
5825
5825
5825
5822
5818
5817
5816
5815
5814
5812
5812
5810
5810
5806
5804
5803
5802
5801
5801
5799
5798
5798
5797
5795
5795
5794
5792
5791
5790
5789
5787
5786
5786
5785
5785
5785
5784
5781
5780
5779
5779
5779
5779
5778
5778
5778
5778
5777
5775
5772
5771
5770
5770
5768
5768
5767
5765
5765
5765
5765
5765
5763
5762
5760
5758
5757
5756
5756
5755
5755
5751
5750
5750
5749
5749
5748
5748
5747
5747
5746
5745
5745
5744
5743
5742
5741
5740
5738
5736
5735
5734
5733
5730
5729
5727
5725
5721
5720
5718
5718
5715
5715
5712
5712
5707
5705
5703
5703
5703
5702
5702
5702
5700
5699
5698
5698
5696
5695
5695
5694
5693
5692
5691
5690
5690
5689
5689
5688
5687
5686
5686
5684
5684
5678
5678
5677
5675
5675
5672
5671
5671
5671
5670
5670
5669
5669
5669
5669
5666
5666
5665
5665
5664
5660
5658
5656
5656
5655
5654
5654
5652
5652
5650
5649
5647
5647
5646
5645
5645
5644
5644
5642
5642
5641
5641
5641
5638
5638
5637
5637
5636
5636
5635
5633
5633
5633
5633
5632
5632
5631
5631
5630
5630
5629
5629
5628
5626
5624
5623
5623
5622
5621
5620
5619
5619
5619
5618
5617
5616
5615
5615
5614
5613
5613
5611
5611
5610
5610
5609
5608
5608
5608
5608
5607
5606
5606
5603
5603
5601
5600
5600
5597
5596
5596
5596
5595
5595
5594
5594
5592
5591
5589
5588
5588
5588
5587
5585
5584
5583
5583
5583
5583
5581
5581
5581
5580
5580
5579
5578
5578
5576
5575
5574
5572
5571
5571
5571
5570
5570
5569
5568
5566
5565
5564
5564
5561
5559
5559
5558
5558
5557
5557
5556
5556
5556
5555
5554
5553
5553
5551
5550
5550
5549
5548
5548
5548
5548
5547
5547
5546
5546
5543
5543
5542
5540
5539
5539
5534
5533
5533
5532
5532
5531
5530
5528
5528
5526
5525
5525
5524
5523
5522
5522
5521
5520
5519
5519
5518
5516
5513
5513
5513
5513
5512
5511
5511
5510
5509
5508
5507
5507
5505
5505
5505
5505
5505
5504
5502
5501
5499
5499
5499
5498
5498
5497
5497
5497
5496
5493
5492
5492
5491
5489
5488
5488
5487
5487
5487
5486
5485
5484
5484
5481
5481
5480
5480
5478
5477
5476
5475
5475
5473
5472
5471
5471
5471
5470
5468
5468
5467
5466
5466
5466
5466
5465
5464
5460
5458
5458
5456
5453
5453
5452
5452
5451
5450
5450
5449
5447
5446
5446
5444
5443
5443
5442
5442
5439
5438
5438
5437
5435
5434
5433
5432
5429
5428
5427
5427
5426
5426
5425
5425
5423
5422
5421
5421
5420
5419
5418
5418
5418
5418
5415
5415
5415
5414
5414
5413
5412
5412
5410
5410
5409
5409
5407
5405
5404
5403
5403
5403
5402
5400
5400
5400
5400
5399
5398
5396
5396
5395
5392
5392
5389
5388
5388
5388
5387
5384
5383
5382
5381
5380
5379
5379
5377
5376
5376
5373
5370
5368
5368
5368
5366
5366
5366
5364
5362
5361
5361
5358
5357
5356
5355
5354
5352
5351
5350
5347
5344
5344
5344
5343
5342
5338
5338
5338
5337
5336
5334
5333
5333
5333
5333
5332
5329
5328
5326
5325
5323
5322
5322
5322
5320
5319
5318
5317
5317
5316
5314
5314
5313
5312
5305
5304
5303
5302
5302
5302
5300
5300
5300
5299
5299
5297
5297
5296
5295
5295
5294
5294
5292
5291
5291
5285
5284
5284
5282
5282
5276
5276
5276
5276
5275
5274
5273
5272
5268
5267
5266
5266
5264
5264
5262
5262
5262
5260
5259
5258
5257
5252
5252
5250
5249
5249
5249
5248
5248
5247
5246
5245
5244
5244
5243
5241
5240
5240
5240
5239
5239
5239
5238
5236
5235
5232
5231
5229
5229
5228
5227
5227
5226
5225
5224
5222
5221
5220
5218
5218
5217
5216
5215
5215
5215
5214
5213
5213
5212
5211
5210
5208
5207
5204
5203
5202
5200
5200
5200
5199
5199
5197
5196
5196
5196
5195
5195
5192
5190
5190
5190
5189
5189
5188
5188
5187
5186
5184
5184
5183
5183
5183
5183
5182
5181
5179
5179
5176
5175
5175
5172
5172
5172
5170
5170
5170
5169
5167
5166
5162
5161
5158
5158
5157
5156
5153
5153
5152
5152
5152
5152
5151
5151
5150
5149
5149
5147
5147
5146
5146
5146
5145
5143
5141
5139
5136
5135
5134
5131
5131
5131
5127
5126
5126
5126
5125
5125
5124
5122
5122
5121
5121
5121
5118
5117
5117
5115
5113
5108
5107
5106
5105
5105
5105
5105
5104
5103
5103
5103
5101
5101
5101
5100
5100
5099
5098
5098
5098
5097
5097
5096
5096
5095
5094
5093
5092
5091
5091
5091
5090
5089
5088
5087
5087
5086
5085
5084
5084
5084
5082
5082
5082
5082
5081
5080
5078
5075
5074
5074
5074
5074
5070
5069
5069
5068
5067
5065
5061
5061
5059
5058
5057
5056
5055
5055
5054
5054
5054
5053
5052
5051
5048
5046
5043
5043
5042
5037
5036
5034
5033
5030
5028
5028
5027
5027
5024
5024
5024
5022
5022
5022
5021
5021
5021
5020
5020
5019
5019
5019
5016
5015
5015
5014
5013
5012
5012
5009
5008
5007
5007
5007
5005
5005
5004
5004
5002
5002
5000
4998
4998
4995
4994
4993
4992
4991
4991
4990
4988
4986
4985
4983
4983
4981
4980
4980
4976
4975
4973
4971
4970
4969
4969
4968
4967
4967
4967
4967
4966
4966
4966
4964
4963
4962
4961
4960
4959
4958
4958
4957
4955
4954
4953
4952
4951
4950
4950
4948
4948
4946
4943
4941
4941
4940
4940
4939
4938
4938
4937
4935
4935
4935
4934
4934
4934
4934
4933
4933
4932
4931
4931
4931
4930
4929
4929
4927
4926
4925
4922
4922
4922
4921
4921
4919
4919
4918
4916
4915
4912
4912
4911
4910
4909
4908
4908
4907
4907
4905
4905
4905
4904
4901
4900
4899
4899
4898
4898
4897
4897
4896
4895
4895
4895
4894
4893
4892
4891
4886
4885
4885
4884
4883
4883
4882
4882
4882
4881
4877
4877
4876
4872
4872
4871
4870
4870
4869
4868
4868
4868
4866
4865
4865
4865
4864
4864
4863
4860
4860
4858
4857
4857
4857
4857
4855
4854
4853
4852
4852
4851
4851
4850
4850
4849
4847
4846
4846
4846
4844
4842
4841
4839
4839
4838
4838
4837
4837
4837
4836
4836
4836
4836
4836
4834
4833
4832
4832
4831
4830
4829
4829
4828
4828
4827
4827
4826
4826
4825
4825
4822
4821
4819
4818
4818
4818
4817
4817
4816
4815
4814
4812
4811
4811
4808
4808
4806
4805
4804
4803
4802
4802
4798
4798
4796
4795
4793
4792
4791
4791
4788
4788
4786
4785
4783
4782
4782
4782
4780
4780
4777
4776
4776
4775
4775
4775
4774
4774
4774
4773
4773
4772
4771
4769
4769
4768
4768
4767
4766
4765
4765
4763
4760
4760
4757
4756
4756
4756
4753
4751
4751
4751
4751
4750
4750
4746
4746
4744
4743
4743
4742
4742
4741
4741
4739
4738
4737
4736
4735
4734
4731
4731
4731
4730
4728
4727
4725
4725
4724
4723
4722
4722
4722
4722
4721
4719
4719
4718
4718
4718
4714
4712
4711
4710
4710
4709
4707
4704
4703
4702
4701
4700
4699
4698
4696
4694
4693
4693
4693
4692
4686
4685
4684
4683
4683
4683
4682
4681
4680
4679
4678
4677
4672
4671
4671
4667
4666
4664
4662
4662
4660
4659
4659
4658
4657
4657
4654
4654
4653
4653
4653
4649
4649
4649
4648
4647
4644
4644
4644
4643
4642
4642
4642
4641
4641
4639
4638
4638
4637
4637
4637
4636
4634
4632
4631
4629
4629
4627
4626
4625
4624
4619
4619
4615
4614
4610
4609
4608
4608
4608
4606
4603
4602
4602
4600
4600
4599
4599
4595
4593
4593
4591
4591
4588
4588
4586
4586
4584
4584
4584
4583
4581
4580
4580
4573
4572
4572
4571
4570
4570
4569
4569
4569
4568
4568
4568
4564
4563
4562
4561
4560
4560
4560
4555
4553
4553
4552
4551
4549
4549
4547
4546
4544
4544
4544
4542
4542
4541
4541
4539
4535
4535
4533
4532
4531
4531
4531
4530
4530
4529
4529
4528
4527
4527
4523
4523
4522
4521
4520
4518
4516
4516
4513
4513
4513
4512
4511
4511
4509
4508
4506
4506
4506
4505
4504
4504
4503
4500
4500
4499
4498
4494
4494
4492
4491
4489
4488
4486
4486
4485
4484
4481
4480
4480
4479
4479
4477
4475
4475
4474
4474
4471
4471
4471
4470
4470
4468
4468
4466
4466
4465
4463
4462
4460
4459
4459
4458
4454
4454
4453
4452
4451
4451
4451
4450
4448
4447
4447
4446
4446
4446
4445
4441
4436
4435
4435
4434
4434
4433
4432
4431
4431
4429
4428
4426
4426
4426
4425
4423
4421
4417
4417
4416
4415
4414
4414
4414
4413
4413
4412
4412
4411
4411
4411
4410
4410
4409
4408
4405
4405
4404
4404
4404
4403
4402
4402
4402
4402
4400
4399
4399
4396
4396
4395
4394
4394
4393
4393
4391
4390
4388
4385
4383
4383
4383
4383
4382
4382
4382
4381
4381
4380
4378
4378
4378
4377
4376
4374
4374
4373
4372
4372
4372
4371
4371
4370
4370
4367
4367
4367
4365
4365
4363
4362
4360
4352
4351
4351
4351
4351
4348
4347
4346
4346
4346
4345
4344
4344
4342
4342
4342
4341
4340
4338
4336
4335
4333
4332
4332
4331
4330
4330
4330
4329
4326
4326
4324
4323
4323
4323
4323
4322
4322
4321
4321
4317
4317
4317
4316
4315
4313
4312
4311
4310
4309
4307
4307
4305
4302
4299
4294
4294
4294
4292
4291
4291
4289
4289
4288
4286
4285
4282
4282
4281
4281
4280
4277
4277
4277
4277
4276
4275
4273
4272
4267
4266
4264
4263
4262
4262
4262
4260
4260
4260
4256
4256
4256
4255
4253
4250
4250
4249
4247
4241
4241
4241
4240
4238
4237
4237
4236
4235
4235
4234
4234
4234
4233
4232
4230
4230
4228
4226
4225
4224
4223
4223
4222
4219
4219
4218
4217
4216
4215
4215
4213
4213
4212
4212
4210
4209
4208
4206
4205
4204
4204
4201
4200
4199
4198
4197
4197
4195
4195
4193
4191
4190
4190
4189
4186
4185
4184
4184
4180
4180
4178
4177
4177
4176
4175
4175
4175
4174
4173
4171
4169
4169
4167
4167
4167
4167
4165
4162
4160
4159
4158
4157
4156
4155
4155
4151
4151
4150
4150
4150
4150
4150
4149
4148
4148
4147
4146
4145
4144
4144
4143
4143
4143
4141
4139
4133
4133
4132
4131
4130
4129
4128
4127
4127
4127
4125
4125
4123
4122
4122
4122
4121
4119
4118
4116
4116
4116
4115
4114
4111
4111
4110
4107
4106
4104
4101
4101
4101
4101
4100
4099
4098
4097
4096
4094
4092
4091
4091
4090
4090
4088
4086
4086
4084
4084
4081
4077
4077
4076
4074
4074
4073
4071
4069
4069
4069
4069
4069
4068
4067
4067
4067
4065
4065
4065
4063
4062
4062
4058
4054
4054
4050
4049
4047
4046
4045
4045
4045
4043
4043
4042
4042
4041
4041
4038
4038
4037
4035
4031
4031
4030
4030
4029
4029
4028
4027
4024
4021
4017
4015
4011
4009
4008
4008
4007
4006
4006
4003
4003
4001
4001
4000
3998
3998
3998
3996
3993
3990
3989
3984
3983
3983
3982
3982
3982
3979
3978
3977
3977
3977
3977
3976
3975
3974
3974
3973
3973
3973
3971
3971
3969
3964
3964
3963
3963
3963
3962
3961
3960
3960
3960
3959
3957
3957
3956
3956
3956
3954
3954
3954
3949
3949
3946
3946
3946
3944
3944
3942
3942
3942
3941
3940
3940
3940
3939
3939
3938
3938
3937
3936
3933
3933
3932
3931
3931
3931
3930
3928
3928
3928
3926
3925
3924
3924
3924
3923
3923
3922
3922
3922
3921
3921
3920
3919
3918
3917
3916
3914
3914
3913
3913
3912
3912
3908
3908
3908
3907
3907
3907
3907
3904
3904
3903
3902
3901
3901
3901
3900
3898
3897
3897
3897
3894
3894
3893
3893
3892
3892
3892
3892
3892
3891
3890
3890
3889
3888
3888
3888
3886
3886
3886
3884
3883
3883
3882
3882
3881
3881
3879
3879
3879
3878
3878
3878
3877
3876
3876
3874
3872
3871
3870
3868
3867
3866
3865
3865
3865
3863
3862
3862
3859
3858
3857
3857
3854
3854
3852
3852
3851
3851
3849
3849
3848
3846
3844
3843
3843
3841
3840
3839
3839
3837
3836
3835
3835
3833
3832
3831
3831
3830
3830
3830
3827
3826
3825
3824
3822
3822
3822
3821
3820
3820
3820
3819
3817
3817
3817
3816
3815
3814
3813
3813
3811
3811
3810
3809
3808
3806
3805
3804
3804
3802
3801
3801
3798
3798
3796
3795
3795
3795
3794
3791
3788
3787
3782
3781
3779
3776
3773
3767
3767
3766
3766
3765
3764
3764
3764
3762
3762
3762
3762
3761
3760
3759
3758
3757
3755
3755
3754
3753
3751
3751
3751
3751
3751
3749
3747
3747
3747
3746
3743
3743
3741
3741
3740
3738
3737
3733
3733
3732
3732
3731
3730
3730
3728
3728
3728
3728
3727
3726
3719
3718
3718
3718
3718
3716
3715
3715
3714
3714
3714
3713
3707
3707
3706
3706
3705
3700
3700
3697
3695
3693
3692
3691
3691
3691
3690
3689
3689
3689
3688
3688
3687
3686
3686
3686
3685
3684
3684
3682
3681
3680
3680
3680
3679
3677
3675
3675
3674
3673
3673
3670
3669
3669
3669
3669
3667
3663
3663
3661
3661
3658
3658
3657
3656
3655
3654
3654
3653
3652
3652
3651
3651
3649
3648
3648
3647
3644
3644
3643
3641
3639
3639
3638
3637
3636
3636
3634
3633
3633
3632
3632
3631
3630
3629
3629
3627
3624
3623
3620
3619
3618
3618
3618
3617
3617
3617
3616
3615
3615
3615
3614
3613
3612
3611
3610
3610
3610
3609
3607
3606
3605
3605
3605
3603
3602
3601
3600
3599
3598
3595
3595
3591
3591
3590
3589
3588
3587
3585
3585
3585
3583
3583
3581
3581
3581
3579
3579
3578
3577
3576
3574
3573
3572
3571
3569
3569
3568
3566
3566
3563
3562
3561
3560
3558
3558
3558
3556
3556
3556
3555
3555
3548
3548
3548
3546
3544
3544
3544
3543
3542
3542
3541
3540
3540
3539
3539
3537
3537
3536
3536
3535
3534
3534
3532
3532
3531
3529
3529
3527
3524
3523
3521
3520
3519
3514
3514
3513
3512
3511
3509
3508
3508
3508
3507
3506
3504
3503
3503
3502
3502
3502
3501
3498
3497
3497
3497
3496
3493
3493
3492
3492
3491
3490
3490
3485
3485
3480
3480
3477
3476
3475
3473
3471
3466
3466
3465
3464
3464
3463
3463
3463
3462
3462
3460
3459
3459
3459
3458
3458
3457
3455
3455
3454
3451
3450
3449
3449
3447
3445
3445
3443
3441
3441
3441
3441
3440
3440
3440
3439
3439
3438
3437
3436
3435
3435
3434
3434
3433
3431
3430
3429
3429
3426
3426
3426
3426
3425
3425
3424
3421
3421
3419
3416
3416
3416
3416
3415
3415
3412
3411
3410
3409
3409
3407
3406
3404
3404
3403
3403
3401
3400
3400
3398
3398
3396
3395
3395
3394
3393
3390
3387
3387
3386
3386
3386
3386
3385
3383
3382
3382
3381
3381
3380
3379
3377
3376
3375
3373
3372
3371
3371
3369
3365
3364
3364
3363
3363
3362
3360
3359
3359
3359
3358
3358
3358
3358
3357
3356
3355
3354
3352
3352
3350
3350
3349
3349
3349
3348
3348
3348
3347
3345
3343
3343
3342
3341
3341
3340
3340
3340
3339
3338
3337
3337
3337
3337
3333
3333
3333
3328
3328
3327
3327
3326
3324
3323
3323
3322
3322
3321
3320
3320
3319
3319
3316
3315
3315
3314
3313
3313
3312
3311
3311
3310
3309
3308
3308
3306
3305
3304
3304
3303
3303
3300
3299
3297
3294
3294
3293
3290
3289
3289
3289
3288
3287
3287
3287
3280
3280
3280
3277
3276
3275
3275
3273
3272
3271
3271
3270
3269
3269
3268
3268
3267
3265
3265
3265
3264
3264
3260
3259
3257
3256
3256
3255
3253
3252
3252
3251
3249
3247
3246
3245
3245
3245
3245
3244
3244
3244
3243
3241
3241
3240
3239
3238
3236
3234
3233
3232
3231
3230
3228
3228
3228
3227
3226
3226
3226
3225
3225
3221
3219
3218
3218
3218
3217
3217
3214
3213
3213
3212
3212
3212
3211
3210
3210
3209
3209
3209
3207
3204
3203
3203
3203
3200
3196
3196
3195
3194
3194
3194
3192
3192
3192
3191
3190
3189
3189
3189
3189
3188
3188
3187
3186
3182
3181
3181
3179
3179
3179
3179
3178
3178
3177
3177
3177
3177
3176
3175
3174
3173
3171
3171
3169
3169
3168
3168
3165
3163
3163
3162
3160
3160
3159
3158
3158
3157
3156
3154
3151
3151
3149
3149
3149
3147
3147
3147
3144
3144
3143
3141
3139
3139
3138
3137
3137
3134
3134
3132
3132
3132
3131
3130
3129
3128
3128
3127
3126
3124
3124
3124
3124
3123
3120
3120
3117
3115
3113
3113
3111
3110
3108
3106
3105
3105
3104
3104
3103
3103
3102
3102
3101
3100
3099
3098
3097
3096
3095
3094
3094
3093
3093
3093
3092
3091
3091
3091
3090
3090
3089
3089
3089
3088
3087
3087
3086
3086
3084
3081
3080
3078
3078
3076
3075
3075
3074
3073
3072
3072
3071
3071
3070
3069
3067
3066
3065
3064
3064
3063
3062
3062
3061
3059
3059
3059
3058
3057
3056
3055
3053
3053
3052
3049
3046
3045
3045
3042
3041
3040
3038
3037
3037
3036
3034
3033
3031
3031
3029
3028
3027
3026
3025
3024
3024
3021
3019
3018
3017
3017
3016
3015
3015
3014
3011
3011
3010
3009
3008
3007
3007
3007
3005
3004
3002
3001
3000
2996
2996
2995
2995
2994
2994
2993
2993
2992
2992
2992
2991
2991
2991
2990
2990
2990
2989
2989
2988
2979
2978
2978
2978
2978
2974
2974
2974
2972
2970
2968
2968
2967
2965
2964
2964
2962
2958
2958
2957
2955
2950
2949
2949
2948
2947
2946
2946
2945
2942
2941
2941
2939
2939
2937
2935
2934
2933
2928
2928
2925
2925
2925
2925
2924
2924
2923
2921
2921
2921
2920
2917
2916
2913
2912
2912
2912
2911
2907
2906
2906
2906
2904
2903
2903
2902
2902
2902
2901
2901
2900
2900
2899
2899
2896
2896
2895
2894
2894
2894
2892
2892
2889
2887
2887
2885
2885
2883
2883
2881
2880
2880
2880
2880
2876
2876
2875
2871
2870
2868
2864
2863
2862
2862
2862
2860
2858
2858
2857
2857
2856
2856
2854
2853
2851
2850
2848
2847
2846
2846
2845
2845
2843
2842
2841
2841
2840
2840
2840
2839
2839
2839
2837
2837
2837
2836
2835
2834
2834
2832
2832
2832
2831
2828
2828
2826
2826
2825
2824
2823
2823
2822
2819
2819
2817
2816
2815
2815
2815
2814
2813
2813
2811
2810
2809
2808
2806
2805
2804
2804
2803
2801
2801
2800
2798
2797
2796
2794
2792
2792
2791
2790
2790
2788
2787
2786
2785
2783
2783
2781
2781
2781
2780
2780
2779
2775
2773
2770
2770
2767
2766
2762
2762
2762
2761
2760
2760
2759
2757
2754
2753
2751
2749
2749
2748
2746
2746
2746
2745
2744
2744
2741
2741
2741
2739
2739
2737
2737
2736
2734
2733
2733
2732
2730
2729
2729
2728
2728
2726
2726
2724
2723
2723
2723
2720
2720
2719
2718
2718
2715
2715
2714
2714
2714
2713
2712
2712
2712
2711
2710
2709
2709
2708
2707
2707
2706
2705
2704
2700
2699
2699
2698
2698
2698
2698
2696
2695
2694
2692
2692
2691
2690
2689
2689
2688
2687
2687
2684
2684
2683
2683
2681
2681
2681
2680
2680
2679
2679
2679
2678
2677
2675
2674
2672
2670
2670
2667
2667
2666
2666
2666
2665
2665
2664
2663
2662
2661
2661
2660
2660
2657
2656
2656
2656
2654
2652
2651
2651
2650
2650
2649
2649
2648
2647
2645
2644
2644
2644
2644
2640
2638
2637
2636
2633
2628
2627
2625
2624
2624
2623
2621
2620
2618
2617
2617
2614
2610
2610
2610
2609
2609
2609
2608
2607
2606
2605
2604
2604
2604
2601
2600
2599
2598
2598
2596
2596
2596
2595
2595
2594
2594
2593
2592
2590
2587
2587
2584
2584
2583
2583
2583
2582
2581
2581
2578
2578
2578
2577
2577
2576
2576
2575
2570
2569
2569
2567
2565
2565
2564
2564
2561
2561
2558
2557
2557
2556
2556
2554
2554
2553
2553
2553
2552
2550
2550
2549
2546
2545
2545
2542
2539
2539
2538
2538
2538
2538
2537
2535
2533
2531
2529
2529
2529
2529
2525
2524
2521
2521
2521
2520
2519
2518
2517
2516
2515
2513
2508
2508
2506
2503
2501
2500
2500
2500
2494
2493
2492
2490
2486
2485
2483
2480
2479
2479
2475
2475
2472
2472
2469
2468
2468
2467
2464
2461
2460
2459
2457
2457
2456
2456
2454
2452
2451
2449
2447
2447
2446
2445
2445
2445
2445
2442
2441
2441
2436
2436
2435
2433
2430
2429
2427
2426
2426
2426
2425
2424
2424
2418
2417
2415
2413
2412
2410
2407
2404
2402
2401
2400
2398
2398
2397
2393
2393
2393
2390
2390
2390
2389
2388
2388
2387
2386
2386
2386
2385
2385
2384
2382
2381
2380
2379
2376
2376
2373
2373
2373
2372
2372
2371
2370
2368
2368
2367
2365
2364
2364
2363
2362
2358
2356
2356
2356
2355
2355
2354
2353
2353
2353
2351
2350
2350
2350
2350
2348
2348
2348
2347
2347
2346
2345
2344
2343
2342
2340
2339
2339
2338
2337
2335
2335
2335
2333
2329
2328
2327
2327
2326
2325
2323
2323
2319
2319
2318
2315
2313
2312
2312
2312
2310
2310
2307
2306
2306
2304
2304
2303
2302
2301
2299
2298
2297
2295
2294
2292
2292
2291
2291
2291
2290
2288
2288
2286
2285
2285
2284
2284
2283
2281
2281
2280
2280
2278
2277
2276
2274
2274
2273
2273
2273
2272
2271
2271
2271
2271
2270
2268
2267
2264
2263
2260
2259
2256
2256
2254
2254
2254
2254
2252
2251
2250
2250
2250
2247
2247
2246
2246
2244
2242
2238
2238
2236
2233
2233
2233
2230
2229
2225
2225
2223
2222
2221
2221
2219
2218
2216
2215
2215
2215
2214
2214
2211
2209
2207
2207
2206
2204
2202
2202
2201
2200
2198
2197
2197
2193
2192
2192
2191
2191
2189
2189
2189
2189
2186
2186
2184
2184
2184
2182
2182
2182
2181
2181
2181
2180
2180
2177
2173
2172
2171
2170
2169
2169
2168
2168
2165
2163
2161
2158
2158
2157
2157
2151
2151
2151
2150
2148
2148
2148
2147
2146
2146
2146
2146
2146
2145
2145
2144
2142
2142
2141
2140
2140
2137
2135
2135
2135
2130
2128
2128
2128
2127
2127
2126
2126
2126
2124
2124
2123
2122
2121
2121
2121
2119
2119
2119
2116
2115
2115
2114
2112
2112
2111
2110
2108
2108
2104
2103
2100
2100
2099
2098
2097
2097
2096
2096
2096
2095
2095
2094
2093
2093
2091
2090
2090
2089
2088
2087
2087
2086
2086
2083
2081
2080
2078
2077
2076
2074
2074
2073
2073
2073
2072
2072
2072
2070
2070
2070
2068
2068
2067
2067
2067
2065
2064
2061
2061
2060
2059
2057
2057
2057
2056
2056
2054
2052
2051
2051
2050
2049
2048
2047
2046
2045
2044
2044
2041
2040
2040
2039
2039
2038
2037
2036
2036
2035
2035
2034
2032
2032
2032
2031
2031
2031
2031
2029
2029
2029
2028
2028
2028
2027
2026
2021
2020
2020
2018
2018
2018
2017
2016
2016
2012
2011
2010
2010
2008
2006
2004
2004
2003
2002
2002
2001
2000
1999
1998
1997
1997
1997
1997
1996
1996
1995
1993
1992
1991
1991
1990
1987
1986
1985
1984
1984
1983
1982
1981
1981
1981
1980
1979
1979
1978
1978
1977
1976
1970
1969
1969
1968
1968
1967
1966
1965
1963
1962
1961
1961
1961
1959
1958
1957
1954
1953
1952
1950
1948
1947
1947
1945
1943
1943
1942
1942
1941
1940
1936
1936
1935
1934
1933
1931
1931
1929
1929
1928
1928
1926
1923
1923
1923
1922
1921
1920
1920
1919
1918
1917
1915
1915
1914
1913
1912
1912
1912
1912
1910
1910
1910
1908
1907
1906
1906
1905
1904
1901
1901
1901
1898
1897
1897
1897
1892
1891
1890
1890
1889
1889
1888
1887
1885
1885
1885
1883
1883
1880
1879
1879
1877
1877
1876
1875
1875
1874
1873
1872
1870
1868
1868
1867
1867
1865
1863
1862
1861
1858
1855
1852
1852
1852
1847
1847
1847
1846
1845
1843
1843
1842
1841
1839
1838
1838
1836
1834
1833
1832
1832
1830
1828
1827
1826
1824
1824
1822
1821
1821
1821
1820
1819
1818
1815
1813
1812
1811
1811
1811
1810
1810
1809
1809
1808
1808
1808
1807
1806
1806
1805
1805
1804
1803
1803
1801
1799
1799
1797
1797
1797
1796
1795
1794
1794
1791
1789
1789
1788
1786
1782
1782
1782
1781
1781
1779
1779
1778
1775
1774
1773
1773
1773
1773
1772
1772
1771
1770
1770
1768
1768
1766
1766
1765
1763
1763
1762
1762
1762
1761
1760
1760
1759
1758
1757
1757
1756
1755
1754
1751
1750
1748
1747
1747
1746
1746
1745
1744
1743
1739
1739
1738
1737
1737
1737
1737
1737
1736
1736
1735
1734
1731
1729
1729
1728
1727
1727
1727
1726
1726
1725
1722
1720
1719
1719
1719
1718
1716
1716
1715
1715
1714
1714
1713
1713
1712
1710
1710
1710
1709
1707
1707
1704
1702
1701
1697
1696
1696
1695
1695
1694
1691
1691
1690
1689
1689
1689
1689
1689
1688
1687
1687
1685
1685
1684
1683
1683
1683
1681
1680
1679
1678
1677
1675
1675
1673
1672
1671
1671
1671
1668
1667
1664
1663
1660
1660
1660
1660
1660
1659
1658
1657
1655
1654
1654
1654
1648
1648
1647
1646
1645
1641
1640
1637
1636
1635
1634
1634
1634
1633
1632
1632
1631
1629
1627
1624
1623
1622
1622
1619
1616
1615
1615
1614
1614
1612
1612
1611
1610
1609
1607
1606
1605
1605
1602
1600
1598
1596
1596
1595
1595
1594
1593
1584
1583
1582
1581
1580
1579
1579
1576
1572
1572
1572
1572
1571
1571
1569
1568
1567
1566
1560
1559
1558
1558
1557
1555
1553
1552
1551
1551
1549
1548
1545
1545
1543
1543
1543
1542
1542
1541
1540
1539
1539
1539
1539
1537
1536
1535
1532
1532
1530
1530
1528
1525
1525
1524
1523
1523
1523
1521
1520
1519
1516
1516
1515
1515
1513
1512
1510
1509
1509
1508
1508
1508
1506
1506
1505
1505
1504
1501
1501
1499
1498
1497
1496
1496
1495
1495
1495
1494
1494
1491
1491
1490
1490
1489
1489
1486
1485
1485
1484
1484
1483
1483
1480
1479
1479
1479
1478
1478
1478
1477
1476
1475
1475
1475
1475
1473
1473
1472
1472
1468
1468
1467
1465
1464
1464
1464
1463
1462
1460
1453
1451
1449
1448
1447
1447
1445
1445
1445
1445
1445
1443
1442
1441
1440
1439
1438
1438
1437
1435
1434
1433
1433
1431
1430
1429
1426
1426
1426
1421
1417
1417
1416
1416
1415
1415
1414
1413
1413
1412
1412
1412
1409
1409
1407
1407
1407
1406
1406
1406
1404
1404
1402
1402
1401
1400
1399
1399
1399
1393
1392
1392
1389
1388
1388
1388
1384
1383
1382
1381
1381
1379
1379
1378
1378
1378
1378
1377
1373
1372
1371
1370
1367
1365
1364
1362
1362
1360
1359
1358
1357
1356
1355
1355
1353
1353
1352
1352
1351
1351
1351
1350
1349
1346
1346
1346
1342
1342
1341
1340
1339
1338
1337
1336
1336
1335
1333
1333
1333
1332
1329
1327
1327
1324
1323
1322
1322
1321
1320
1318
1317
1316
1316
1313
1313
1312
1312
1308
1306
1306
1306
1305
1304
1304
1301
1300
1297
1297
1293
1293
1293
1288
1286
1286
1285
1285
1283
1283
1282
1281
1279
1278
1278
1277
1276
1276
1276
1275
1274
1273
1271
1271
1270
1270
1269
1268
1264
1264
1261
1260
1258
1258
1258
1256
1255
1255
1254
1253
1252
1252
1251
1249
1249
1247
1247
1242
1241
1239
1239
1236
1235
1233
1231
1230
1230
1229
1228
1223
1221
1219
1217
1215
1215
1214
1212
1210
1209
1209
1208
1208
1208
1207
1207
1207
1205
1204
1204
1203
1201
1201
1198
1194
1193
1193
1193
1193
1193
1191
1191
1188
1188
1186
1186
1185
1185
1184
1182
1180
1180
1178
1177
1176
1175
1174
1174
1174
1173
1173
1172
1170
1169
1169
1167
1167
1166
1166
1165
1164
1164
1163
1162
1162
1162
1162
1162
1162
1162
1162
1161
1161
1160
1159
1158
1157
1155
1155
1153
1151
1151
1150
1149
1148
1148
1145
1144
1142
1142
1142
1141
1141
1140
1140
1139
1138
1137
1137
1137
1136
1136
1136
1134
1134
1133
1132
1131
1131
1130
1130
1129
1127
1126
1126
1126
1126
1125
1124
1123
1122
1121
1121
1119
1119
1119
1119
1118
1118
1117
1115
1115
1114
1114
1113
1113
1112
1111
1109
1106
1106
1106
1105
1104
1100
1098
1098
1096
1094
1094
1093
1090
1089
1089
1087
1085
1084
1084
1083
1083
1083
1082
1082
1081
1081
1080
1079
1078
1078
1075
1075
1075
1072
1071
1070
1070
1070
1069
1068
1068
1067
1067
1066
1065
1065
1064
1062
1062
1060
1060
1058
1058
1058
1058
1057
1057
1056
1055
1055
1055
1055
1053
1053
1053
1053
1052
1051
1049
1048
1048
1046
1046
1046
1044
1041
1041
1040
1040
1040
1038
1037
1037
1037
1035
1035
1034
1033
1031
1031
1030
1026
1026
1026
1025
1025
1023
1019
1018
1018
1017
1015
1015
1015
1014
1014
1014
1012
1010
1010
1009
1009
1009
1006
1005
1005
1003
1003
1003
1002
1001
1001
1001
999
996
995
995
993
992
991
988
988
986
986
985
983
982
981
981
981
978
977
976
975
973
971
971
970
968
967
967
967
965
965
964
963
962
960
956
956
955
955
953
953
952
951
951
951
951
950
949
949
948
947
944
942
942
942
942
941
938
937
937
936
936
935
934
933
930
930
929
929
928
926
925
925
923
920
919
919
918
917
917
916
910
910
910
909
909
908
908
907
906
904
903
902
901
900
900
899
896
895
895
895
894
893
893
892
892
890
890
890
890
890
889
888
886
882
881
879
877
875
873
872
872
872
870
869
869
865
865
861
861
856
854
851
850
850
849
848
848
847
846
846
846
845
844
843
843
842
841
841
841
841
840
838
838
836
835
831
830
829
828
828
828
827
827
826
826
826
825
825
824
823
822
821
820
820
817
816
816
815
814
810
810
809
809
808
806
803
802
801
801
800
799
799
798
797
796
796
794
792
791
790
790
789
789
789
788
788
787
787
787
787
787
782
781
780
779
779
778
778
778
777
777
777
777
775
775
773
772
772
772
772
769
768
768
768
768
767
766
766
766
764
763
763
763
762
762
762
760
760
759
759
757
755
753
752
751
751
751
749
746
746
743
737
736
735
735
732
728
728
727
726
726
722
722
721
720
719
718
718
716
716
714
713
712
712
712
712
712
708
706
705
702
700
700
699
699
698
696
696
694
693
691
691
689
688
688
688
686
685
685
683
683
683
681
679
679
678
678
677
676
676
674
674
673
673
673
672
672
672
672
671
671
669
669
668
667
666
665
665
664
663
662
661
660
659
658
658
657
657
657
655
653
653
653
653
651
651
650
650
650
649
648
648
648
647
646
645
643
642
640
640
640
638
638
637
636
636
635
635
632
631
629
628
626
625
625
625
622
619
618
617
616
615
614
613
613
611
610
607
607
603
603
602
597
596
596
596
595
595
594
594
592
591
591
590
589
588
588
587
586
584
584
583
582
580
577
576
574
573
573
573
572
569
569
568
566
566
566
566
566
565
560
560
560
559
559
556
555
555
554
554
553
553
551
551
550
549
549
549
548
547
547
545
545
545
540
540
539
538
538
535
534
532
532
531
531
529
528
527
527
526
523
522
522
521
521
521
521
521
518
517
517
516
514
513
513
509
508
508
507
506
506
504
504
502
500
500
500
497
495
495
495
494
494
493
492
492
492
489
488
488
488
487
486
486
483
483
480
479
476
476
475
474
474
473
473
473
473
470
470
470
470
469
468
466
465
465
462
462
462
461
461
461
459
459
459
455
454
454
452
449
448
444
441
441
441
441
439
439
439
437
437
437
437
434
428
426
426
426
426
425
425
425
425
417
417
417
415
414
411
411
410
409
408
408
406
405
402
398
398
397
397
395
394
394
393
390
390
389
388
388
388
387
387
386
386
385
384
383
382
381
381
379
377
376
374
373
372
371
371
371
370
369
369
368
368
367
366
365
364
364
363
362
362
361
361
361
360
360
360
359
358
357
355
354
353
352
351
349
349
348
348
347
345
344
342
338
337
337
336
335
334
333
333
330
330
330
329
329
328
327
327
326
325
324
324
324
321
321
320
320
318
317
317
315
314
313
313
312
312
311
306
306
306
305
305
304
303
303
302
302
298
296
296
296
296
294
294
293
292
291
290
289
288
288
288
287
284
284
283
282
281
281
280
280
277
277
276
276
275
273
272
271
270
268
266
264
264
264
262
262
260
260
259
257
256
256
252
252
251
250
250
250
248
247
242
241
240
239
239
238
238
237
235
234
234
232
231
231
231
230
229
228
227
227
227
227
226
225
225
225
223
221
220
217
216
216
214
214
213
212
212
208
207
207
206
204
204
203
202
201
199
198
198
197
197
197
197
195
195
194
191
191
191
190
190
189
189
188
184
183
181
181
181
180
177
176
176
174
173
173
171
171
170
168
168
167
167
165
165
164
161
160
159
159
158
157
154
154
154
153
152
151
150
150
150
150
149
148
147
147
147
145
143
142
142
141
141
140
139
139
137
136
136
135
135
135
131
128
128
127
124
122
120
118
118
118
117
115
114
114
114
112
110
110
108
105
102
98
97
97
97
96
95
93
92
91
91
89
89
87
85
85
83
82
81
79
79
76
75
75
75
74
73
72
71
70
70
69
67
66
65
64
63
63
62
62
62
61
61
60
59
59
59
58
55
54
53
52
50
50
49
49
48
48
47
47
46
44
43
43
43
43
40
40
39
37
37
36
36
35
35
34
31
31
29
28
28
24
23
22
22
21
19
18
17
15
14
14
13
13
11
9
9
4
4
2
2
0
0
