9998
9997
9997
9997
9996
9995
9992
9992
9992
9990
9990
9989
9989
9988
9987
9987
9987
9986
9983
9982
9981
9981
9980
9979
9979
9978
9977
9976
9976
9976
9975
9974
9972
9972
9971
9971
9971
9970
9969
9968
9966
9965
9964
9960
9960
9959
9956
9954
9953
9950
9949
9948
9946
9945
9944
9943
9943
9943
9942
9942
9941
9941
9939
9935
9935
9934
9933
9932
9930
9928
9928
9928
9927
9927
9926
9925
9924
9924
9922
9920
9919
9919
9918
9918
9918
9917
9917
9915
9915
9913
9911
9911
9910
9909
9909
9909
9906
9906
9906
9906
9904
9903
9903
9903
9902
9901
9900
9900
9898
9897
9897
9896
9895
9895
9893
9893
9891
9890
9889
9888
9884
9884
9884
9883
9880
9880
9879
9878
9878
9878
9877
9876
9876
9874
9873
9873
9871
9870
9868
9868
9866
9866
9866
9864
9863
9862
9861
9860
9859
9858
9857
9856
9856
9855
9855
9850
9847
9846
9845
9845
9844
9844
9843
9841
9840
9839
9838
9838
9837
9837
9834
9834
9832
9832
9832
9831
9831
9831
9830
9830
9830
9828
9828
9827
9826
9824
9823
9823
9820
9819
9816
9816
9814
9813
9808
9808
9807
9805
9801
9800
9799
9798
9797
9797
9796
9796
9794
9793
9792
9792
9790
9790
9789
9788
9788
9787
9786
9785
9784
9783
9782
9781
9781
9780
9778
9778
9777
9776
9776
9775
9774
9774
9772
9771
9771
9769
9768
9768
9768
9766
9765
9765
9764
9763
9761
9760
9760
9759
9759
9758
9757
9757
9755
9755
9754
9753
9753
9753
9751
9749
9748
9748
9748
9746
9746
9744
9743
9742
9740
9739
9737
9736
9734
9734
9734
9730
9729
9725
9725
9725
9724
9724
9724
9723
9722
9721
9720
9719
9718
9715
9714
9711
9710
9709
9709
9707
9706
9704
9703
9702
9702
9701
9700
9700
9699
9699
9699
9699
9698
9696
9694
9694
9693
9691
9688
9688
9687
9687
9686
9683
9683
9682
9679
9678
9678
9676
9676
9676
9672
9672
9672
9671
9670
9669
9669
9669
9668
9667
9662
9661
9660
9659
9658
9657
9656
9654
9652
9652
9651
9651
9650
9646
9645
9645
9643
9643
9643
9643
9643
9642
9642
9642
9641
9640
9639
9638
9638
9636
9635
9634
9634
9633
9631
9630
9629
9627
9627
9625
9623
9621
9619
9617
9617
9616
9615
9614
9613
9611
9611
9610
9610
9609
9608
9606
9604
9603
9600
9599
9598
9597
9597
9597
9596
9596
9595
9594
9593
9591
9590
9589
9588
9588
9585
9584
9583
9583
9582
9580
9580
9580
9580
9579
9579
9578
9578
9577
9576
9575
9569
9568
9567
9566
9565
9565
9565
9565
9564
9563
9562
9562
9561
9560
9559
9559
9559
9557
9556
9556
9555
9554
9554
9551
9551
9550
9549
9549
9549
9549
9549
9548
9547
9547
9545
9543
9543
9543
9542
9542
9542
9540
9538
9538
9538
9537
9537
9536
9536
9533
9533
9532
9531
9531
9531
9530
9526
9525
9521
9520
9518
9517
9514
9513
9513
9513
9512
9512
9512
9511
9510
9509
9508
9505
9504
9503
9503
9503
9503
9502
9502
9500
9499
9498
9497
9496
9495
9495
9492
9492
9492
9491
9488
9488
9488
9487
9486
9482
9482
9481
9481
9481
9480
9480
9479
9478
9478
9477
9477
9474
9473
9472
9472
9471
9469
9469
9466
9466
9465
9464
9462
9462
9461
9461
9460
9459
9459
9458
9457
9457
9456
9456
9455
9454
9454
9454
9453
9452
9451
9450
9450
9449
9449
9449
9448
9446
9446
9446
9445
9445
9444
9442
9441
9440
9440
9439
9436
9435
9432
9431
9430
9430
9429
9428
9427
9427
9427
9426
9425
9424
9422
9422
9422
9421
9420
9420
9419
9418
9418
9416
9416
9415
9415
9414
9412
9411
9411
9410
9410
9410
9410
9409
9408
9408
9406
9401
9401
9400
9400
9400
9399
9398
9397
9397
9397
9395
9392
9389
9388
9388
9387
9387
9387
9387
9386
9385
9385
9385
9383
9383
9377
9375
9373
9372
9372
9371
9371
9368
9368
9367
9367
9366
9365
9363
9362
9361
9361
9359
9359
9357
9356
9355
9355
9354
9354
9352
9350
9350
9349
9347
9346
9346
9346
9346
9345
9344
9342
9341
9340
9339
9339
9337
9336
9333
9331
9331
9330
9330
9328
9327
9327
9327
9326
9326
9325
9325
9324
9322
9322
9322
9321
9320
9319
9318
9318
9316
9315
9314
9313
9312
9312
9310
9309
9307
9307
9307
9306
9306
9305
9305
9303
9300
9299
9299
9299
9297
9297
9290
9289
9286
9285
9284
9282
9280
9279
9277
9277
9274
9273
9273
9272
9270
9270
9270
9270
9268
9268
9267
9267
9266
9266
9265
9264
9264
9262
9259
9259
9259
9259
9257
9256
9253
9252
9252
9250
9250
9249
9249
9249
9246
9246
9246
9246
9245
9243
9243
9243
9242
9240
9240
9240
9239
9239
9239
9238
9238
9237
9237
9236
9236
9236
9235
9234
9233
9232
9232
9232
9230
9226
9225
9224
9223
9222
9222
9222
9222
9221
9221
9220
9220
9219
9219
9218
9217
9210
9210
9209
9209
9207
9206
9205
9205
9202
9198
9197
9197
9196
9194
9194
9194
9194
9194
9193
9192
9192
9191
9191
9188
9187
9185
9184
9183
9181
9181
9180
9180
9180
9180
9179
9178
9176
9174
9174
9173
9172
9172
9172
9170
9169
9167
9166
9165
9165
9162
9162
9161
9160
9160
9160
9159
9159
9157
9157
9156
9154
9145
9143
9143
9143
9142
9142
9141
9139
9137
9137
9134
9134
9131
9131
9131
9131
9129
9128
9128
9126
9126
9124
9123
9122
9122
9122
9121
9120
9120
9115
9115
9114
9114
9113
9112
9112
9111
9110
9109
9109
9108
9106
9104
9104
9104
9102
9101
9100
9099
9098
9097
9097
9097
9095
9094
9094
9091
9090
9090
9089
9088
9088
9086
9085
9085
9085
9084
9081
9079
9078
9075
9075
9072
9072
9072
9072
9071
9071
9070
9070
9069
9069
9068
9068
9065
9065
9065
9060
9059
9059
9058
9057
9056
9054
9054
9053
9049
9048
9047
9046
9045
9044
9043
9040
9040
9039
9039
9039
9039
9038
9037
9035
9035
9034
9033
9033
9033
9032
9030
9030
9029
9028
9026
9025
9024
9022
9022
9022
9022
9021
9019
9019
9019
9019
9018
9017
9016
9016
9013
9012
9011
9010
9009
9008
9007
9007
9006
9006
9006
9004
9001
9001
8998
8997
8994
8991
8991
8991
8989
8985
8984
8984
8982
8981
8980
8979
8975
8975
8973
8972
8971
8970
8970
8969
8969
8968
8966
8964
8964
8962
8962
8962
8960
8959
8958
8956
8954
8954
8954
8953
8953
8950
8949
8948
8947
8946
8945
8945
8944
8943
8940
8940
8938
8936
8936
8935
8935
8933
8933
8932
8931
8929
8929
8929
8926
8926
8922
8921
8919
8918
8916
8915
8915
8914
8912
8912
8912
8910
8909
8906
8906
8905
8905
8904
8903
8902
8902
8900
8899
8896
8896
8894
8893
8892
8891
8889
8889
8886
8881
8881
8880
8878
8877
8876
8875
8874
8874
8873
8872
8872
8871
8871
8869
8867
8866
8864
8864
8862
8861
8860
8860
8858
8857
8857
8855
8854
8854
8853
8852
8851
8850
8850
8845
8845
8845
8843
8843
8843
8842
8841
8837
8833
8833
8833
8833
8832
8832
8830
8830
8828
8827
8826
8824
8824
8823
8822
8821
8821
8820
8820
8819
8817
8817
8815
8813
8812
8811
8810
8807
8805
8803
8803
8801
8800
8800
8798
8796
8796
8796
8796
8795
8794
8794
8792
8791
8791
8790
8790
8790
8789
8787
8787
8786
8786
8786
8786
8785
8784
8782
8781
8781
8780
8780
8779
8777
8777
8777
8776
8776
8775
8774
8774
8770
8769
8767
8767
8766
8766
8765
8765
8764
8760
8760
8759
8759
8758
8756
8755
8755
8754
8754
8754
8754
8753
8750
8749
8749
8749
8749
8747
8747
8747
8747
8745
8745
8743
8743
8742
8741
8740
8739
8738
8738
8738
8735
8735
8735
8731
8730
8730
8729
8728
8726
8724
8722
8722
8721
8721
8717
8717
8716
8714
8714
8713
8713
8709
8708
8706
8703
8695
8694
8693
8692
8691
8690
8689
8688
8686
8684
8683
8683
8683
8682
8680
8680
8677
8676
8675
8675
8675
8673
8669
8668
8665
8665
8665
8664
8664
8662
8656
8653
8652
8651
8650
8650
8648
8647
8646
8646
8645
8643
8643
8642
8641
8640
8637
8636
8636
8636
8636
8635
8634
8632
8631
8631
8631
8628
8628
8626
8626
8625
8625
8625
8624
8623
8623
8623
8622
8622
8622
8622
8621
8618
8617
8615
8615
8613
8609
8609
8607
8607
8604
8603
8602
8602
8602
8600
8600
8599
8598
8596
8592
8591
8590
8590
8590
8589
8589
8589
8589
8588
8588
8587
8587
8587
8586
8586
8585
8583
8582
8580
8580
8578
8578
8577
8576
8576
8573
8569
8569
8568
8566
8561
8561
8560
8557
8556
8556
8555
8554
8551
8550
8550
8550
8549
8548
8548
8548
8546
8544
8544
8541
8541
8540
8538
8538
8537
8535
8535
8534
8533
8533
8533
8533
8532
8531
8531
8531
8531
8530
8530
8526
8524
8523
8522
8521
8520
8519
8519
8519
8513
8513
8511
8509
8509
8506
8506
8506
8505
8505
8504
8503
8502
8501
8501
8500
8497
8494
8493
8492
8492
8490
8489
8489
8489
8487
8485
8485
8484
8483
8483
8481
8481
8480
8476
8472
8470
8467
8467
8466
8465
8465
8464
8464
8463
8462
8461
8461
8460
8458
8456
8456
8455
8455
8452
8451
8451
8451
8451
8450
8450
8449
8449
8449
8448
8448
8447
8447
8445
8443
8441
8441
8440
8440
8433
8430
8430
8428
8426
8424
8423
8423
8423
8422
8422
8421
8420
8417
8416
8414
8413
8413
8412
8411
8411
8410
8410
8407
8407
8406
8403
8401
8401
8400
8398
8397
8397
8396
8396
8396
8395
8394
8393
8391
8390
8389
8389
8389
8388
8384
8384
8384
8383
8380
8380
8379
8378
8378
8378
8378
8377
8376
8375
8375
8375
8374
8374
8373
8372
8372
8371
8370
8369
8368
8368
8368
8367
8364
8364
8363
8363
8358
8357
8357
8353
8352
8352
8351
8351
8351
8348
8346
8345
8344
8343
8343
8341
8340
8339
8338
8337
8336
8335
8334
8334
8333
8332
8331
8330
8330
8329
8329
8328
8328
8328
8327
8327
8325
8325
8324
8324
8323
8322
8321
8320
8320
8319
8319
8318
8317
8316
8314
8311
8310
8305
8304
8304
8304
8302
8302
8301
8300
8299
8298
8298
8297
8296
8295
8294
8293
8293
8293
8292
8291
8290
8290
8290
8288
8287
8286
8285
8285
8283
8283
8282
8280
8278
8278
8276
8275
8275
8275
8275
8275
8274
8273
8273
8273
8271
8271
8270
8268
8267
8266
8264
8264
8262
8262
8262
8262
8261
8261
8261
8261
8259
8259
8257
8256
8256
8254
8252
8249
8249
8248
8248
8247
8247
8247
8245
8244
8240
8240
8237
8237
8236
8235
8233
8233
8233
8233
8232
8232
8229
8229
8228
8226
8224
8223
8220
8219
8217
8217
8216
8214
8210
8210
8209
8208
8207
8205
8204
8203
8203
8202
8201
8200
8200
8196
8194
8194
8193
8192
8192
8191
8191
8190
8190
8189
8188
8186
8184
8183
8182
8178
8178
8177
8175
8167
8167
8167
8166
8165
8161
8160
8159
8159
8159
8158
8155
8155
8153
8153
8153
8153
8151
8151
8150
8150
8148
8147
8147
8146
8144
8143
8142
8134
8133
8130
8127
8126
8125
8125
8124
8123
8123
8122
8122
8121
8118
8116
8113
8112
8112
8112
8110
8109
8109
8105
8103
8102
8101
8101
8100
8100
8099
8098
8096
8094
8093
8093
8091
8089
8087
8086
8084
8082
8082
8081
8076
8075
8074
8074
8070
8069
8068
8067
8065
8063
8062
8060
8058
8058
8057
8056
8055
8054
8054
8053
8052
8051
8051
8049
8049
8049
8048
8047
8046
8044
8043
8043
8042
8041
8040
8038
8038
8038
8037
8037
8036
8036
8035
8033
8032
8029
8029
8029
8028
8028
8027
8027
8026
8026
8025
8024
8023
8019
8016
8014
8012
8011
8010
8010
8008
8007
8007
8007
8004
8004
8003
8003
8003
8003
8002
8001
8001
8001
8000
8000
7999
7999
7998
7996
7996
7995
7995
7994
7994
7994
7993
7989
7989
7988
7987
7986
7985
7984
7983
7983
7982
7982
7982
7982
7979
7978
7977
7977
7976
7976
7976
7976
7976
7976
7975
7970
7970
7970
7969
7969
7967
7966
7964
7964
7964
7963
7963
7961
7961
7958
7955
7951
7951
7951
7951
7949
7949
7948
7946
7946
7945
7945
7944
7943
7942
7942
7936
7933
7933
7933
7933
7931
7931
7930
7930
7929
7928
7928
7927
7926
7925
7925
7925
7922
7921
7920
7917
7917
7915
7913
7912
7911
7911
7910
7910
7909
7908
7905
7903
7901
7897
7897
7896
7893
7893
7893
7890
7890
7889
7888
7887
7887
7887
7884
7883
7881
7880
7877
7877
7877
7877
7875
7875
7874
7873
7872
7869
7866
7866
7865
7865
7865
7865
7864
7861
7860
7860
7857
7857
7856
7856
7855
7854
7854
7851
7850
7850
7847
7847
7846
7845
7844
7843
7841
7841
7841
7840
7839
7837
7837
7836
7834
7833
7833
7833
7829
7829
7828
7827
7822
7820
7820
7818
7818
7817
7817
7817
7816
7812
7812
7810
7809
7807
7807
7807
7805
7803
7802
7802
7802
7800
7800
7799
7799
7798
7797
7797
7793
7793
7791
7791
7791
7790
7790
7789
7788
7787
7787
7786
7786
7785
7782
7781
7781
7780
7779
7778
7777
7777
7776
7776
7774
7773
7773
7772
7771
7770
7770
7769
7768
7768
7764
7763
7763
7762
7760
7756
7756
7755
7751
7751
7748
7748
7746
7746
7746
7746
7742
7740
7739
7738
7738
7738
7737
7734
7733
7731
7731
7729
7728
7728
7725
7724
7724
7724
7724
7723
7723
7721
7720
7720
7718
7717
7716
7715
7710
7710
7705
7704
7704
7704
7703
7701
7698
7697
7696
7696
7694
7693
7692
7692
7691
7690
7690
7689
7689
7687
7685
7685
7685
7684
7681
7681
7681
7680
7679
7677
7676
7674
7674
7671
7671
7670
7668
7668
7667
7666
7665
7665
7664
7663
7661
7661
7659
7659
7659
7658
7657
7655
7652
7652
7652
7651
7651
7651
7650
7649
7648
7648
7645
7645
7645
7644
7638
7636
7636
7630
7629
7628
7626
7625
7624
7624
7622
7622
7620
7619
7618
7617
7616
7615
7614
7613
7613
7613
7613
7611
7608
7607
7605
7604
7603
7603
7602
7600
7600
7600
7599
7597
7596
7596
7595
7595
7595
7593
7592
7592
7591
7591
7590
7590
7590
7586
7584
7583
7583
7582
7581
7580
7580
7578
7578
7578
7577
7576
7575
7575
7574
7570
7568
7568
7566
7566
7566
7562
7562
7561
7561
7558
7558
7558
7557
7557
7555
7554
7551
7551
7550
7549
7542
7541
7539
7539
7538
7538
7535
7534
7534
7533
7532
7530
7527
7526
7525
7523
7522
7520
7519
7517
7517
7516
7514
7512
7511
7511
7511
7509
7501
7499
7499
7497
7496
7493
7493
7492
7492
7492
7490
7490
7487
7486
7484
7484
7482
7481
7480
7480
7480
7480
7479
7478
7476
7476
7476
7475
7475
7474
7474
7474
7473
7473
7470
7470
7468
7466
7466
7465
7464
7463
7463
7462
7462
7461
7461
7461
7461
7460
7460
7459
7457
7457
7457
7456
7456
7456
7455
7454
7454
7454
7453
7450
7449
7446
7446
7444
7443
7442
7440
7439
7437
7436
7434
7433
7432
7432
7431
7430
7429
7428
7428
7428
7428
7427
7426
7426
7425
7425
7422
7419
7419
7417
7415
7413
7412
7412
7411
7408
7407
7406
7405
7404
7402
7402
7402
7401
7400
7398
7395
7395
7394
7391
7389
7385
7384
7383
7383
7383
7382
7381
7380
7380
7380
7379
7379
7378
7377
7375
7374
7372
7370
7369
7369
7368
7365
7361
7360
7360
7359
7359
7358
7358
7358
7358
7356
7356
7355
7354
7353
7353
7351
7346
7346
7346
7343
7343
7342
7340
7339
7339
7338
7338
7338
7337
7336
7336
7333
7332
7331
7329
7329
7329
7328
7328
7327
7326
7324
7324
7323
7323
7323
7322
7322
7321
7321
7321
7321
7317
7317
7315
7313
7311
7311
7310
7309
7308
7308
7304
7302
7302
7300
7300
7299
7298
7297
7297
7296
7296
7293
7292
7292
7290
7290
7288
7286
7286
7283
7283
7283
7282
7281
7280
7278
7278
7277
7277
7276
7275
7274
7274
7272
7271
7271
7271
7271
7270
7269
7268
7267
7267
7267
7267
7265
7264
7262
7262
7261
7261
7258
7258
7255
7252
7249
7249
7247
7246
7244
7242
7242
7240
7239
7239
7237
7236
7236
7235
7235
7233
7232
7232
7231
7229
7228
7228
7228
7224
7222
7222
7221
7220
7220
7219
7218
7218
7217
7217
7215
7214
7211
7209
7208
7205
7205
7205
7205
7201
7201
7197
7195
7194
7193
7191
7191
7188
7188
7185
7184
7183
7179
7179
7178
7177
7173
7172
7170
7169
7167
7166
7163
7162
7162
7161
7161
7160
7157
7155
7155
7154
7152
7151
7150
7150
7148
7147
7147
7146
7146
7146
7145
7143
7143
7143
7139
7136
7134
7133
7132
7129
7129
7128
7128
7126
7125
7124
7120
7119
7118
7117
7115
7114
7114
7111
7111
7110
7109
7108
7108
7108
7107
7107
7107
7106
7106
7104
7101
7099
7098
7095
7095
7094
7094
7093
7093
7093
7092
7092
7088
7088
7088
7085
7083
7082
7082
7082
7079
7079
7077
7077
7074
7074
7072
7070
7070
7069
7069
7067
7063
7062
7061
7061
7058
7058
7058
7057
7056
7056
7055
7055
7054
7054
7054
7054
7053
7053
7052
7049
7049
7047
7047
7047
7046
7045
7045
7045
7044
7043
7043
7042
7040
7040
7035
7034
7032
7030
7030
7029
7029
7028
7026
7026
7025
7023
7022
7022
7022
7022
7020
7020
7020
7019
7018
7018
7016
7016
7016
7015
7013
7012
7011
7010
7010
7010
7008
7008
7008
7007
7006
7004
7001
7000
7000
6999
6998
6998
6998
6997
6996
6995
6995
6995
6994
6993
6993
6993
6992
6992
6989
6989
6988
6986
6985
6983
6983
6981
6981
6981
6981
6979
6979
6979
6978
6977
6977
6973
6971
6968
6967
6966
6966
6966
6965
6964
6963
6963
6962
6960
6960
6959
6957
6957
6955
6954
6953
6953
6953
6949
6948
6947
6947
6946
6945
6944
6943
6943
6942
6942
6941
6940
6939
6939
6937
6937
6934
6932
6931
6931
6926
6925
6925
6924
6923
6923
6923
6922
6922
6921
6919
6917
6916
6916
6914
6913
6913
6912
6911
6910
6908
6908
6908
6907
6904
6901
6901
6901
6900
6900
6900
6898
6897
6897
6896
6895
6894
6893
6892
6891
6890
6889
6889
6888
6888
6884
6884
6884
6883
6883
6883
6882
6881
6881
6880
6880
6879
6879
6878
6877
6876
6876
6876
6874
6874
6872
6871
6870
6869
6867
6864
6864
6864
6863
6863
6862
6861
6861
6861
6860
6860
6859
6857
6856
6855
6854
6854
6853
6852
6850
6849
6848
6847
6846
6845
6843
6841
6839
6838
6838
6838
6836
6831
6829
6829
6828
6827
6826
6825
6824
6823
6821
6821
6820
6820
6819
6818
6818
6815
6815
6814
6814
6813
6810
6810
6807
6807
6807
6807
6803
6801
6799
6798
6797
6795
6795
6791
6787
6786
6785
6785
6785
6784
6783
6783
6782
6780
6779
6778
6777
6776
6776
6773
6771
6771
6770
6766
6766
6765
6765
6764
6761
6761
6760
6759
6758
6757
6757
6757
6756
6754
6754
6754
6751
6750
6749
6748
6748
6747
6746
6744
6742
6741
6740
6735
6735
6735
6735
6734
6732
6731
6730
6729
6729
6728
6725
6719
6719
6716
6715
6715
6713
6713
6713
6713
6711
6706
6705
6703
6702
6700
6697
6696
6696
6696
6695
6694
6694
6694
6693
6691
6691
6691
6691
6690
6689
6689
6688
6688
6687
6686
6686
6684
6684
6683
6682
6682
6680
6679
6679
6677
6677
6677
6676
6676
6675
6675
6675
6674
6674
6673
6673
6673
6672
6670
6670
6669
6668
6667
6666
6665
6665
6659
6657
6657
6657
6657
6654
6651
6649
6648
6648
6647
6647
6646
6646
6645
6645
6643
6643
6643
6641
6641
6641
6640
6639
6639
6638
6637
6636
6636
6636
6635
6634
6633
6629
6629
6628
6626
6626
6624
6623
6621
6620
6619
6617
6616
6616
6616
6614
6614
6612
6611
6610
6609
6607
6605
6604
6604
6603
6603
6601
6600
6600
6600
6597
6596
6594
6592
6592
6589
6587
6586
6585
6585
6583
6582
6581
6581
6580
6579
6578
6576
6574
6572
6571
6571
6570
6569
6569
6568
6568
6567
6567
6566
6564
6564
6564
6563
6562
6560
6560
6560
6558
6558
6556
6556
6555
6553
6551
6550
6546
6546
6546
6543
6543
6542
6542
6541
6541
6539
6538
6535
6535
6534
6534
6533
6533
6533
6532
6531
6529
6526
6526
6526
6523
6522
6522
6521
6521
6521
6520
6518
6518
6516
6513
6511
6511
6510
6508
6508
6507
6506
6506
6505
6504
6502
6502
6498
6498
6498
6498
6497
6493
6490
6489
6489
6489
6488
6487
6487
6484
6483
6481
6481
6480
6480
6478
6475
6474
6474
6474
6473
6471
6470
6468
6468
6467
6466
6465
6465
6464
6463
6461
6460
6460
6460
6459
6459
6458
6458
6457
6456
6454
6453
6449
6447
6446
6440
6439
6439
6438
6436
6434
6431
6431
6430
6430
6428
6428
6426
6426
6425
6425
6423
6423
6421
6419
6419
6419
6419
6415
6415
6415
6414
6413
6412
6412
6411
6411
6409
6409
6407
6406
6406
6404
6400
6400
6399
6399
6397
6395
6395
6394
6394
6393
6392
6392
6392
6392
6392
6387
6385
6384
6384
6383
6381
6380
6380
6380
6379
6378
6377
6376
6375
6374
6371
6371
6371
6370
6369
6368
6368
6368
6366
6365
6363
6363
6363
6362
6360
6358
6357
6356
6355
6355
6355
6352
6351
6351
6351
6350
6350
6346
6344
6344
6342
6339
6339
6337
6336
6336
6336
6335
6335
6328
6327
6327
6327
6327
6325
6323
6322
6322
6319
6318
6318
6316
6316
6315
6315
6313
6312
6312
6311
6310
6310
6310
6309
6309
6308
6306
6306
6306
6305
6302
6302
6302
6301
6300
6300
6297
6297
6296
6296
6292
6292
6291
6290
6288
6288
6288
6286
6285
6285
6284
6284
6283
6283
6282
6281
6279
6277
6276
6274
6273
6273
6272
6271
6270
6270
6267
6266
6263
6263
6261
6261
6259
6258
6258
6258
6257
6257
6256
6256
6256
6253
6251
6251
6250
6250
6247
6247
6245
6243
6242
6241
6240
6238
6238
6237
6236
6234
6234
6234
6231
6229
6228
6227
6226
6224
6224
6223
6223
6222
6222
6220
6220
6219
6215
6215
6215
6213
6211
6211
6210
6210
6210
6209
6209
6209
6208
6208
6207
6207
6207
6207
6207
6206
6205
6204
6202
6201
6198
6198
6198
6196
6195
6195
6195
6195
6192
6192
6191
6189
6189
6189
6188
6188
6184
6182
6180
6179
6177
6177
6174
6172
6172
6172
6172
6171
6170
6168
6168
6167
6167
6166
6166
6166
6165
6164
6164
6163
6162
6162
6161
6161
6158
6158
6156
6156
6155
6154
6154
6152
6151
6151
6151
6151
6149
6149
6149
6148
6147
6146
6142
6142
6141
6139
6135
6134
6134
6130
6130
6130
6128
6128
6127
6125
6124
6124
6123
6122
6122
6121
6115
6114
6113
6112
6112
6112
6112
6111
6108
6108
6108
6108
6107
6107
6107
6107
6104
6102
6102
6102
6101
6099
6099
6098
6097
6097
6096
6096
6095
6093
6093
6092
6090
6089
6086
6085
6085
6085
6085
6084
6084
6083
6083
6083
6081
6080
6079
6079
6078
6076
6075
6075
6075
6074
6072
6071
6070
6068
6068
6067
6066
6066
6065
6065
6063
6062
6062
6060
6059
6056
6055
6054
6054
6053
6053
6053
6052
6051
6051
6051
6051
6048
6047
6047
6047
6046
6046
6045
6041
6039
6038
6038
6037
6037
6036
6034
6034
6031
6029
6026
6023
6023
6021
6020
6020
6020
6019
6018
6017
6017
6016
6016
6015
6014
6013
6013
6012
6012
6011
6010
6010
6009
6009
6008
6008
6008
6007
6007
6002
6002
6001
5997
5995
5995
5995
5995
5993
5990
5989
5989
5988
5988
5988
5987
5987
5987
5986
5981
5981
5978
5978
5977
5975
5973
5970
5969
5969
5968
5968
5967
5967
5966
5966
5965
5963
5961
5961
5961
5961
5960
5960
5960
5960
5959
5957
5956
5956
5956
5955
5954
5954
5951
5951
5950
5949
5948
5947
5947
5946
5946
5946
5945
5945
5945
5945
5944
5944
5943
5942
5941
5940
5939
5938
5938
5938
5937
5937
5936
5936
5936
5935
5934
5933
5931
5931
5929
5928
5927
5927
5926
5925
5924
5923
5920
5920
5920
5919
5917
5916
5914
5910
5909
5908
5908
5906
5906
5906
5906
5905
5905
5904
5903
5903
5903
5902
5902
5902
5902
5900
5899
5897
5896
5896
5896
5894
5894
5893
5893
5892
5890
5888
5887
5886
5886
5883
5883
5882
5882
5879
5877
5876
5876
5876
5876
5876
5875
5870
5870
5870
5869
5867
5864
5863
5862
5861
5860
5860
5859
5856
5856
5856
5855
5855
5855
5853
5850
5847
5846
5846
5845
5844
5843
5840
5839
5839
5838
5837
5836
5836
5835
5835
5835
5834
5834
5833
5830
5829
5829
5828
5828
5827
5826
5825
5825
5824
5823
5822
5821
5819
5818
5816
5813
5813
5811
5810
5810
5809
5807
5807
5801
5801
5800
5800
5799
5798
5795
5791
5790
5789
5785
5784
5784
5783
5783
5775
5775
5775
5773
5772
5771
5771
5770
5769
5767
5767
5765
5765
5764
5764
5763
5763
5758
5757
5757
5756
5756
5755
5755
5755
5755
5754
5753
5753
5753
5752
5750
5750
5750
5747
5746
5744
5744
5742
5741
5741
5741
5740
5740
5740
5739
5739
5738
5737
5737
5737
5733
5731
5730
5730
5728
5726
5726
5724
5723
5723
5722
5722
5721
5721
5720
5718
5717
5717
5716
5714
5712
5710
5710
5710
5709
5709
5708
5707
5707
5706
5706
5704
5704
5704
5703
5701
5699
5698
5698
5697
5697
5694
5692
5690
5689
5689
5686
5686
5686
5682
5682
5681
5679
5679
5678
5678
5678
5678
5676
5675
5674
5672
5666
5665
5662
5661
5661
5659
5659
5657
5657
5657
5657
5656
5654
5654
5652
5651
5648
5646
5645
5645
5644
5643
5643
5642
5641
5641
5641
5638
5638
5638
5635
5633
5631
5631
5630
5629
5628
5628
5627
5626
5625
5622
5619
5616
5616
5615
5615
5614
5612
5610
5610
5608
5607
5606
5605
5605
5602
5601
5600
5599
5598
5598
5598
5597
5596
5594
5593
5590
5589
5589
5588
5583
5583
5582
5581
5581
5581
5580
5580
5578
5578
5576
5575
5575
5571
5571
5569
5569
5568
5568
5567
5566
5566
5566
5566
5565
5564
5564
5563
5563
5563
5562
5562
5562
5560
5559
5558
5557
5556
5556
5556
5556
5555
5554
5552
5552
5550
5550
5550
5549
5547
5547
5546
5546
5546
5546
5546
5546
5545
5544
5544
5540
5540
5539
5538
5537
5536
5536
5535
5535
5535
5534
5533
5533
5533
5533
5532
5529
5529
5528
5527
5527
5523
5519
5517
5516
5516
5515
5515
5515
5515
5514
5512
5512
5510
5507
5506
5505
5504
5504
5501
5501
5500
5499
5498
5497
5496
5496
5495
5494
5494
5494
5491
5490
5490
5489
5488
5487
5485
5485
5485
5483
5482
5481
5480
5479
5479
5478
5471
5470
5470
5470
5469
5469
5469
5464
5463
5463
5462
5460
5459
5459
5459
5458
5457
5457
5456
5456
5456
5453
5450
5450
5449
5449
5448
5446
5446
5446
5444
5444
5444
5443
5442
5441
5441
5440
5440
5439
5438
5437
5436
5436
5436
5435
5435
5434
5434
5432
5430
5429
5428
5428
5427
5426
5426
5425
5423
5423
5423
5423
5422
5422
5422
5421
5421
5419
5419
5418
5418
5417
5417
5417
5416
5413
5412
5411
5410
5410
5409
5409
5408
5407
5406
5402
5402
5398
5398
5398
5398
5398
5398
5396
5394
5393
5393
5393
5393
5391
5390
5390
5389
5388
5387
5387
5386
5386
5384
5384
5377
5376
5376
5375
5375
5373
5372
5372
5372
5371
5371
5371
5371
5371
5369
5369
5365
5365
5364
5363
5362
5362
5357
5356
5356
5356
5355
5354
5353
5352
5351
5351
5350
5350
5349
5348
5347
5347
5346
5345
5344
5343
5333
5332
5331
5331
5331
5331
5330
5323
5321
5320
5320
5319
5319
5318
5318
5318
5316
5315
5314
5314
5311
5310
5310
5310
5309
5305
5301
5301
5299
5298
5297
5297
5297
5297
5296
5293
5291
5291
5289
5289
5285
5285
5284
5281
5281
5281
5276
5276
5274
5274
5274
5273
5273
5271
5270
5270
5267
5265
5265
5264
5263
5261
5260
5260
5255
5253
5252
5251
5250
5250
5249
5248
5248
5247
5247
5247
5247
5246
5246
5245
5243
5243
5241
5240
5239
5235
5233
5232
5232
5232
5230
5230
5230
5229
5228
5227
5227
5227
5226
5225
5223
5223
5222
5222
5221
5219
5218
5218
5218
5218
5217
5217
5216
5215
5213
5212
5209
5208
5207
5206
5205
5205
5203
5203
5202
5201
5199
5198
5198
5196
5195
5195
5195
5194
5193
5193
5191
5187
5187
5184
5180
5179
5178
5178
5178
5178
5177
5176
5176
5175
5174
5173
5173
5171
5170
5170
5169
5168
5168
5167
5167
5164
5163
5160
5160
5159
5158
5157
5157
5157
5152
5151
5149
5149
5147
5147
5146
5145
5144
5144
5144
5143
5142
5141
5141
5141
5140
5139
5138
5137
5136
5135
5134
5133
5133
5133
5131
5131
5129
5129
5129
5127
5125
5124
5123
5122
5120
5119
5118
5118
5118
5118
5117
5117
5117
5116
5116
5113
5113
5112
5110
5109
5107
5107
5106
5099
5098
5098
5097
5097
5097
5096
5096
5095
5094
5094
5093
5089
5089
5088
5087
5087
5086
5086
5086
5084
5083
5082
5082
5081
5081
5079
5079
5078
5077
5073
5073
5071
5069
5069
5068
5067
5067
5067
5066
5066
5065
5065
5065
5062
5062
5061
5060
5060
5060
5060
5059
5059
5058
5058
5057
5057
5056
5054
5054
5054
5053
5053
5051
5048
5046
5043
5040
5040
5040
5039
5038
5038
5038
5036
5034
5033
5032
5032
5031
5031
5031
5030
5030
5029
5029
5027
5026
5023
5023
5022
5018
5017
5015
5015
5015
5015
5013
5013
5010
5010
5009
5008
5004
5003
5003
4999
4998
4997
4997
4995
4994
4991
4991
4991
4990
4990
4990
4988
4988
4988
4987
4987
4986
4986
4985
4985
4985
4983
4983
4980
4979
4977
4973
4970
4970
4969
4967
4967
4965
4965
4964
4962
4961
4960
4960
4959
4959
4958
4958
4955
4955
4955
4952
4952
4951
4949
4949
4949
4947
4946
4946
4943
4941
4940
4939
4937
4937
4934
4934
4933
4931
4931
4930
4929
4929
4929
4928
4928
4927
4926
4926
4925
4924
4923
4921
4921
4921
4919
4919
4917
4917
4917
4917
4916
4916
4915
4915
4914
4914
4913
4912
4911
4910
4910
4909
4909
4908
4907
4906
4906
4906
4906
4906
4905
4905
4904
4904
4904
4904
4901
4899
4899
4896
4896
4895
4894
4894
4892
4891
4889
4888
4885
4885
4885
4885
4884
4884
4881
4881
4879
4879
4878
4877
4877
4875
4875
4874
4873
4871
4869
4867
4866
4861
4860
4860
4860
4858
4858
4858
4856
4855
4855
4855
4853
4852
4851
4850
4850
4850
4849
4849
4848
4847
4847
4842
4842
4841
4840
4837
4837
4836
4835
4834
4832
4832
4830
4829
4829
4827
4827
4827
4827
4826
4821
4819
4818
4818
4816
4814
4812
4811
4811
4811
4810
4808
4805
4803
4802
4802
4801
4800
4798
4797
4796
4794
4793
4793
4792
4792
4792
4790
4789
4789
4788
4787
4787
4787
4786
4784
4784
4784
4783
4783
4782
4781
4780
4780
4778
4777
4777
4775
4775
4775
4774
4773
4772
4771
4770
4767
4766
4765
4763
4762
4762
4761
4761
4759
4759
4758
4756
4756
4755
4755
4754
4752
4751
4751
4750
4750
4749
4749
4748
4748
4748
4746
4746
4740
4739
4738
4738
4737
4736
4736
4735
4733
4732
4731
4730
4728
4727
4725
4723
4722
4720
4720
4720
4718
4718
4716
4716
4716
4716
4715
4714
4711
4711
4711
4709
4708
4707
4704
4704
4704
4704
4703
4703
4703
4702
4701
4701
4699
4699
4699
4698
4698
4697
4696
4696
4695
4695
4694
4693
4692
4691
4690
4690
4688
4687
4687
4687
4686
4685
4685
4685
4685
4685
4683
4683
4682
4681
4678
4678
4677
4676
4676
4676
4675
4674
4674
4674
4673
4672
4672
4671
4671
4669
4669
4669
4668
4666
4666
4665
4665
4664
4662
4662
4661
4659
4659
4656
4655
4653
4652
4652
4650
4650
4650
4649
4648
4648
4648
4648
4646
4646
4640
4638
4636
4636
4635
4635
4634
4633
4633
4633
4632
4632
4630
4629
4629
4629
4628
4626
4626
4624
4624
4623
4623
4622
4622
4621
4621
4621
4618
4617
4617
4616
4615
4614
4611
4611
4610
4609
4609
4609
4608
4608
4606
4604
4603
4601
4600
4598
4596
4596
4596
4596
4596
4595
4593
4593
4592
4590
4589
4589
4589
4589
4588
4588
4588
4586
4586
4584
4584
4583
4583
4582
4581
4578
4574
4573
4571
4570
4568
4567
4567
4566
4565
4565
4564
4564
4563
4561
4560
4558
4556
4554
4553
4553
4551
4549
4549
4547
4547
4546
4545
4544
4541
4540
4539
4539
4539
4537
4535
4535
4534
4532
4531
4530
4529
4529
4528
4525
4525
4524
4524
4523
4522
4522
4519
4519
4517
4516
4514
4513
4513
4513
4512
4511
4511
4511
4509
4507
4506
4505
4504
4504
4503
4502
4502
4501
4499
4499
4498
4497
4494
4493
4491
4491
4491
4490
4488
4488
4487
4486
4485
4485
4480
4479
4477
4475
4474
4473
4472
4470
4470
4469
4469
4467
4465
4464
4464
4464
4463
4463
4462
4462
4461
4460
4459
4456
4456
4455
4454
4453
4451
4450
4449
4449
4448
4448
4447
4447
4447
4447
4446
4446
4444
4442
4440
4438
4438
4436
4436
4435
4435
4434
4433
4433
4432
4431
4430
4428
4425
4424
4424
4423
4420
4420
4420
4419
4419
4419
4418
4416
4415
4414
4413
4412
4412
4411
4409
4409
4408
4408
4408
4408
4404
4404
4404
4403
4401
4401
4400
4400
4399
4395
4394
4392
4392
4390
4390
4390
4389
4389
4389
4388
4388
4388
4388
4387
4386
4385
4384
4384
4383
4383
4380
4379
4378
4378
4377
4377
4377
4376
4376
4375
4374
4372
4370
4370
4370
4368
4367
4366
4365
4364
4363
4363
4363
4362
4361
4361
4355
4355
4354
4354
4352
4352
4352
4351
4348
4347
4346
4346
4346
4343
4341
4340
4340
4338
4336
4332
4332
4331
4329
4328
4328
4328
4328
4327
4327
4324
4322
4321
4320
4320
4319
4319
4316
4313
4313
4312
4312
4311
4307
4307
4307
4306
4305
4301
4300
4299
4298
4298
4295
4295
4290
4290
4289
4288
4288
4288
4286
4284
4283
4282
4282
4281
4280
4280
4280
4279
4278
4277
4275
4274
4274
4273
4271
4267
4266
4264
4263
4262
4260
4257
4255
4253
4251
4249
4249
4249
4244
4244
4240
4239
4237
4235
4234
4233
4233
4232
4232
4231
4230
4230
4230
4228
4227
4224
4221
4219
4217
4217
4215
4215
4214
4213
4211
4211
4211
4210
4209
4207
4207
4207
4205
4204
4204
4203
4202
4201
4199
4199
4197
4197
4194
4194
4191
4189
4188
4188
4186
4186
4185
4184
4183
4182
4180
4180
4179
4177
4176
4176
4173
4172
4172
4172
4171
4169
4168
4167
4166
4164
4164
4163
4162
4158
4158
4157
4157
4156
4155
4151
4151
4150
4149
4148
4148
4147
4144
4143
4141
4140
4139
4138
4138
4137
4135
4135
4135
4135
4134
4134
4131
4129
4129
4129
4127
4126
4125
4125
4125
4125
4123
4122
4122
4122
4121
4120
4120
4120
4119
4119
4119
4114
4114
4114
4114
4114
4113
4110
4110
4110
4109
4109
4108
4108
4107
4107
4106
4105
4104
4103
4103
4103
4099
4098
4097
4093
4092
4090
4089
4088
4087
4085
4081
4079
4078
4074
4074
4073
4073
4071
4070
4069
4069
4068
4067
4066
4066
4065
4064
4064
4064
4064
4063
4063
4063
4063
4062
4061
4060
4058
4057
4056
4055
4053
4051
4050
4049
4048
4048
4048
4047
4047
4046
4046
4046
4045
4045
4045
4040
4040
4040
4038
4037
4036
4034
4033
4031
4031
4031
4030
4029
4026
4026
4025
4025
4025
4019
4018
4018
4017
4016
4016
4016
4016
4015
4014
4014
4011
4010
4009
4006
4006
4006
4005
4004
4003
4003
4003
4003
4003
4002
4000
4000
3999
3999
3998
3998
3997
3997
3997
3996
3995
3995
3991
3990
3990
3984
3984
3984
3984
3980
3979
3979
3979
3977
3975
3975
3973
3972
3970
3969
3968
3968
3967
3966
3965
3965
3964
3962
3962
3961
3961
3961
3959
3956
3956
3956
3955
3955
3954
3953
3953
3952
3950
3949
3948
3947
3946
3946
3944
3943
3943
3942
3942
3941
3941
3939
3938
3938
3938
3935
3935
3935
3934
3934
3931
3931
3929
3929
3927
3927
3927
3924
3924
3921
3920
3920
3919
3918
3917
3917
3916
3915
3914
3914
3913
3913
3908
3907
3903
3901
3900
3899
3897
3896
3896
3896
3896
3895
3894
3893
3892
3891
3887
3886
3886
3886
3885
3885
3884
3884
3883
3883
3882
3880
3879
3878
3877
3877
3875
3874
3874
3874
3873
3871
3871
3871
3869
3869
3866
3865
3864
3863
3863
3862
3861
3860
3857
3856
3856
3856
3855
3855
3854
3853
3852
3852
3852
3851
3847
3846
3846
3843
3842
3842
3841
3839
3839
3838
3837
3836
3834
3834
3833
3833
3831
3831
3831
3831
3830
3828
3828
3827
3826
3825
3823
3821
3820
3817
3817
3816
3816
3816
3815
3812
3812
3809
3808
3808
3807
3807
3805
3804
3803
3803
3802
3801
3800
3800
3799
3797
3797
3797
3796
3795
3794
3792
3791
3791
3790
3789
3789
3786
3785
3784
3782
3781
3780
3778
3778
3778
3778
3777
3777
3776
3775
3772
3772
3772
3770
3769
3769
3768
3767
3765
3762
3760
3760
3759
3758
3757
3757
3753
3751
3750
3750
3750
3748
3747
3747
3747
3746
3746
3744
3743
3743
3743
3740
3739
3738
3738
3738
3738
3737
3737
3734
3732
3730
3730
3729
3729
3728
3728
3727
3727
3727
3726
3725
3724
3724
3724
3723
3718
3718
3714
3713
3712
3711
3710
3710
3709
3709
3709
3709
3708
3707
3706
3705
3703
3700
3698
3697
3697
3696
3696
3695
3690
3686
3686
3682
3682
3677
3676
3676
3674
3673
3673
3671
3670
3669
3667
3666
3665
3663
3663
3663
3662
3662
3660
3659
3658
3658
3658
3657
3657
3656
3655
3655
3655
3654
3654
3652
3652
3651
3650
3649
3648
3648
3646
3643
3642
3641
3640
3640
3638
3638
3637
3636
3636
3636
3635
3634
3634
3634
3633
3632
3632
3632
3632
3632
3629
3626
3626
3623
3622
3622
3620
3618
3613
3611
3610
3608
3608
3607
3607
3604
3604
3603
3602
3601
3599
3597
3597
3594
3592
3591
3591
3590
3589
3589
3589
3589
3586
3585
3583
3583
3580
3580
3579
3579
3579
3579
3577
3577
3576
3576
3575
3575
3574
3574
3572
3570
3565
3563
3563
3562
3561
3561
3557
3554
3554
3554
3553
3553
3553
3550
3549
3549
3548
3547
3547
3546
3546
3544
3544
3543
3542
3541
3539
3538
3538
3538
3537
3535
3535
3533
3531
3531
3529
3529
3527
3525
3523
3522
3521
3521
3520
3520
3518
3517
3516
3514
3512
3512
3511
3510
3509
3509
3506
3504
3504
3501
3500
3498
3498
3497
3494
3494
3493
3493
3491
3491
3488
3488
3487
3486
3486
3486
3485
3485
3485
3481
3481
3481
3480
3479
3478
3478
3477
3477
3475
3474
3473
3472
3472
3470
3470
3468
3468
3468
3465
3465
3463
3463
3460
3459
3459
3458
3457
3457
3456
3456
3456
3453
3453
3451
3450
3450
3450
3445
3444
3444
3443
3442
3442
3442
3442
3441
3440
3440
3439
3437
3437
3437
3437
3434
3433
3431
3430
3430
3429
3429
3428
3425
3425
3423
3423
3422
3418
3416
3415
3414
3412
3411
3410
3410
3408
3408
3405
3404
3404
3404
3402
3401
3401
3399
3399
3399
3399
3398
3398
3397
3396
3396
3395
3395
3394
3393
3392
3392
3392
3392
3391
3390
3389
3388
3388
3387
3386
3385
3385
3381
3380
3379
3376
3376
3375
3374
3371
3371
3370
3366
3366
3364
3364
3363
3362
3361
3361
3360
3359
3359
3359
3358
3357
3356
3355
3355
3353
3353
3352
3352
3350
3349
3349
3347
3346
3346
3345
3345
3345
3344
3344
3343
3343
3343
3343
3342
3340
3340
3339
3338
3337
3332
3332
3332
3330
3328
3327
3326
3326
3326
3326
3323
3321
3321
3321
3318
3317
3317
3316
3315
3314
3313
3311
3309
3308
3307
3305
3302
3298
3297
3296
3294
3294
3293
3293
3290
3290
3288
3288
3287
3286
3286
3286
3285
3285
3284
3283
3282
3281
3280
3277
3277
3277
3272
3271
3271
3271
3270
3269
3268
3265
3264
3263
3260
3258
3257
3257
3256
3251
3250
3247
3246
3246
3245
3245
3245
3245
3244
3244
3244
3242
3239
3238
3238
3234
3234
3233
3230
3230
3230
3229
3229
3227
3222
3222
3222
3221
3221
3221
3220
3218
3218
3217
3217
3217
3216
3214
3214
3213
3213
3212
3212
3212
3212
3209
3207
3206
3206
3205
3205
3204
3203
3202
3200
3199
3199
3198
3197
3197
3197
3196
3196
3196
3196
3195
3195
3194
3194
3193
3190
3190
3187
3184
3183
3181
3181
3181
3181
3179
3179
3179
3179
3177
3176
3176
3174
3174
3173
3170
3169
3169
3168
3168
3168
3168
3167
3166
3165
3165
3164
3163
3162
3161
3160
3159
3159
3158
3157
3157
3153
3153
3153
3153
3151
3150
3150
3145
3143
3142
3140
3139
3138
3137
3136
3134
3128
3125
3124
3123
3122
3122
3122
3121
3121
3120
3120
3120
3120
3120
3117
3116
3115
3113
3112
3110
3110
3109
3109
3108
3104
3104
3104
3104
3103
3102
3102
3102
3101
3101
3100
3100
3098
3098
3097
3096
3095
3092
3092
3092
3091
3090
3090
3090
3090
3088
3088
3088
3088
3085
3082
3080
3080
3078
3078
3077
3077
3076
3076
3073
3072
3071
3071
3070
3069
3067
3065
3064
3064
3062
3062
3061
3060
3060
3059
3058
3057
3055
3055
3053
3053
3050
3050
3048
3047
3046
3046
3046
3045
3044
3044
3043
3042
3041
3036
3032
3029
3028
3027
3027
3027
3025
3025
3024
3024
3024
3023
3023
3021
3021
3021
3020
3020
3018
3017
3017
3016
3016
3015
3014
3014
3014
3013
3010
3009
3007
3002
3002
3002
3002
3001
3001
2999
2999
2997
2997
2997
2997
2994
2993
2993
2990
2990
2990
2989
2988
2986
2985
2984
2984
2982
2981
2977
2975
2975
2972
2968
2967
2967
2963
2963
2963
2960
2958
2957
2954
2953
2952
2952
2951
2947
2947
2945
2944
2944
2940
2938
2936
2934
2932
2932
2932
2931
2929
2928
2927
2925
2924
2923
2923
2920
2920
2919
2919
2918
2918
2918
2917
2916
2916
2915
2914
2913
2910
2909
2907
2907
2906
2906
2906
2904
2903
2901
2898
2898
2898
2897
2896
2896
2896
2893
2893
2892
2891
2891
2891
2890
2889
2888
2888
2888
2885
2885
2883
2882
2881
2881
2880
2879
2879
2877
2876
2874
2872
2867
2866
2864
2864
2864
2863
2862
2861
2860
2860
2859
2858
2858
2858
2857
2856
2856
2855
2855
2853
2852
2852
2852
2849
2849
2848
2847
2847
2847
2847
2845
2844
2844
2843
2843
2842
2842
2841
2840
2839
2838
2836
2836
2834
2832
2830
2827
2826
2826
2823
2822
2822
2818
2816
2816
2815
2814
2814
2814
2813
2812
2810
2808
2808
2808
2806
2805
2805
2804
2804
2803
2799
2799
2799
2798
2797
2796
2796
2795
2795
2794
2792
2790
2790
2790
2789
2787
2787
2785
2784
2784
2783
2783
2780
2780
2780
2780
2779
2779
2776
2776
2774
2770
2769
2769
2768
2768
2768
2768
2765
2764
2764
2763
2760
2758
2757
2756
2756
2754
2752
2752
2751
2750
2750
2750
2749
2747
2746
2744
2742
2742
2739
2737
2731
2731
2729
2728
2727
2724
2724
2723
2717
2717
2716
2715
2715
2715
2713
2713
2711
2711
2710
2709
2706
2705
2704
2704
2702
2701
2701
2700
2700
2698
2697
2697
2696
2696
2696
2695
2691
2691
2690
2690
2689
2688
2687
2686
2685
2685
2685
2684
2683
2683
2682
2682
2682
2679
2678
2676
2675
2674
2672
2670
2670
2666
2664
2663
2663
2662
2662
2661
2660
2660
2660
2658
2655
2655
2653
2652
2652
2651
2651
2650
2649
2647
2647
2646
2645
2645
2644
2642
2642
2641
2641
2641
2640
2639
2638
2637
2637
2635
2635
2635
2633
2632
2632
2631
2629
2629
2629
2628
2627
2626
2626
2624
2620
2615
2615
2614
2614
2614
2613
2613
2611
2611
2608
2608
2607
2607
2606
2606
2604
2603
2602
2600
2600
2600
2599
2599
2599
2598
2596
2596
2593
2589
2586
2586
2584
2584
2583
2583
2583
2582
2581
2580
2580
2579
2578
2577
2576
2575
2575
2574
2574
2574
2573
2572
2572
2571
2571
2571
2568
2568
2566
2566
2566
2564
2563
2562
2560
2558
2558
2558
2557
2555
2555
2555
2554
2554
2554
2551
2551
2551
2551
2549
2549
2547
2547
2547
2546
2545
2543
2543
2542
2541
2541
2540
2539
2539
2539
2535
2535
2535
2534
2533
2533
2531
2529
2529
2528
2527
2527
2525
2523
2522
2521
2520
2520
2518
2517
2517
2516
2515
2514
2513
2513
2513
2511
2507
2506
2505
2505
2504
2504
2503
2503
2503
2503
2503
2501
2500
2500
2500
2500
2499
2499
2499
2498
2497
2497
2496
2495
2495
2493
2493
2491
2490
2489
2488
2487
2487
2486
2483
2481
2481
2480
2479
2478
2478
2475
2475
2474
2474
2472
2470
2470
2468
2468
2467
2466
2465
2464
2464
2463
2463
2460
2459
2459
2458
2457
2456
2455
2455
2455
2455
2454
2454
2450
2449
2449
2446
2446
2445
2445
2442
2440
2439
2437
2437
2433
2431
2431
2431
2431
2431
2430
2430
2428
2426
2426
2426
2424
2423
2423
2422
2420
2420
2418
2417
2415
2412
2411
2410
2410
2408
2408
2408
2408
2406
2405
2404
2404
2403
2402
2402
2401
2400
2399
2398
2398
2396
2395
2394
2393
2393
2393
2392
2389
2389
2388
2386
2386
2385
2382
2382
2382
2379
2377
2377
2377
2377
2376
2375
2374
2374
2372
2370
2367
2367
2365
2364
2364
2362
2362
2360
2359
2357
2357
2357
2356
2354
2353
2353
2353
2352
2352
2351
2351
2351
2349
2348
2347
2345
2345
2344
2344
2344
2343
2343
2342
2340
2339
2339
2339
2338
2338
2333
2330
2330
2329
2329
2329
2329
2327
2327
2326
2325
2323
2322
2322
2321
2321
2320
2320
2318
2318
2315
2315
2314
2314
2313
2312
2312
2311
2311
2310
2309
2309
2308
2308
2307
2305
2305
2305
2304
2303
2301
2301
2300
2300
2299
2296
2292
2291
2287
2281
2280
2279
2279
2278
2277
2276
2274
2274
2273
2273
2271
2267
2266
2266
2264
2264
2264
2264
2262
2261
2260
2258
2256
2256
2256
2255
2254
2252
2252
2251
2250
2248
2248
2245
2243
2241
2240
2240
2240
2238
2238
2236
2236
2236
2234
2233
2233
2231
2231
2231
2231
2229
2228
2227
2227
2227
2227
2224
2223
2223
2222
2221
2215
2215
2213
2213
2212
2212
2211
2210
2208
2207
2205
2205
2205
2204
2203
2202
2202
2202
2201
2201
2201
2198
2197
2195
2195
2195
2192
2192
2192
2190
2189
2186
2183
2183
2182
2181
2181
2180
2180
2180
2177
2177
2177
2176
2175
2174
2174
2174
2172
2172
2171
2171
2171
2170
2170
2169
2169
2168
2168
2167
2166
2165
2165
2164
2163
2162
2161
2160
2160
2159
2159
2158
2155
2155
2152
2150
2149
2149
2147
2146
2146
2146
2145
2144
2142
2142
2140
2140
2138
2135
2135
2134
2134
2132
2129
2128
2128
2126
2126
2125
2125
2124
2122
2122
2122
2121
2121
2120
2120
2119
2119
2118
2117
2117
2117
2116
2115
2115
2115
2114
2113
2112
2111
2111
2110
2110
2110
2109
2108
2108
2106
2105
2105
2104
2104
2103
2103
2102
2100
2100
2100
2098
2098
2096
2096
2095
2094
2094
2093
2091
2090
2090
2088
2087
2086
2085
2083
2082
2082
2080
2077
2076
2076
2076
2075
2074
2074
2072
2072
2072
2068
2065
2065
2064
2063
2062
2062
2062
2061
2061
2060
2060
2059
2058
2057
2057
2056
2056
2055
2055
2055
2055
2054
2054
2053
2052
2049
2048
2047
2047
2042
2042
2041
2041
2040
2039
2038
2036
2034
2032
2032
2032
2032
2032
2031
2031
2030
2029
2026
2025
2024
2023
2023
2022
2019
2018
2018
2018
2017
2017
2016
2016
2016
2015
2015
2012
2009
2008
2007
2007
2006
2005
2005
2003
2001
2000
2000
1999
1997
1994
1993
1993
1992
1989
1989
1989
1989
1988
1987
1986
1983
1982
1981
1981
1980
1980
1979
1978
1978
1978
1977
1976
1975
1973
1973
1973
1972
1972
1972
1971
1969
1969
1969
1966
1966
1965
1965
1964
1964
1963
1963
1961
1958
1956
1956
1956
1955
1953
1951
1951
1950
1948
1948
1946
1946
1943
1943
1942
1941
1939
1938
1937
1937
1936
1936
1935
1934
1933
1932
1932
1931
1931
1929
1929
1929
1929
1926
1925
1925
1925
1924
1924
1924
1923
1923
1920
1919
1919
1917
1917
1915
1914
1913
1911
1910
1906
1905
1905
1904
1904
1903
1901
1898
1897
1895
1894
1894
1892
1890
1889
1889
1889
1888
1886
1886
1883
1883
1882
1878
1877
1875
1873
1873
1873
1873
1871
1869
1869
1868
1867
1866
1864
1864
1864
1863
1862
1862
1860
1860
1858
1856
1856
1855
1855
1854
1854
1854
1851
1850
1850
1850
1849
1849
1848
1848
1847
1847
1847
1841
1838
1838
1838
1837
1837
1837
1836
1835
1835
1835
1834
1834
1833
1832
1832
1832
1830
1830
1829
1827
1827
1824
1824
1819
1819
1819
1818
1815
1815
1814
1813
1813
1812
1811
1810
1808
1806
1805
1803
1802
1802
1801
1799
1798
1798
1797
1796
1796
1795
1795
1795
1794
1792
1791
1790
1788
1788
1787
1787
1786
1784
1783
1783
1779
1778
1778
1778
1777
1777
1776
1776
1776
1773
1773
1773
1772
1772
1771
1770
1770
1770
1768
1767
1765
1764
1764
1761
1761
1758
1756
1756
1754
1751
1750
1749
1748
1748
1748
1748
1747
1745
1744
1744
1743
1741
1739
1738
1737
1736
1735
1734
1734
1734
1732
1732
1732
1727
1727
1725
1725
1724
1720
1720
1720
1719
1719
1719
1718
1717
1717
1715
1715
1714
1714
1714
1714
1713
1711
1711
1710
1710
1708
1708
1708
1707
1706
1706
1705
1704
1701
1700
1699
1697
1696
1696
1695
1695
1695
1693
1693
1691
1689
1687
1687
1685
1685
1684
1684
1682
1682
1679
1678
1677
1676
1676
1675
1675
1674
1673
1672
1672
1672
1671
1670
1669
1669
1668
1668
1668
1667
1667
1667
1665
1662
1661
1659
1658
1655
1654
1653
1652
1648
1648
1646
1643
1641
1640
1639
1639
1638
1637
1637
1636
1632
1632
1629
1628
1628
1626
1624
1624
1624
1624
1622
1621
1620
1620
1620
1620
1618
1618
1617
1617
1616
1613
1612
1611
1609
1607
1607
1606
1604
1603
1603
1602
1602
1601
1601
1600
1599
1599
1596
1595
1595
1594
1592
1591
1591
1590
1589
1589
1588
1588
1588
1587
1586
1585
1582
1581
1578
1576
1576
1575
1572
1571
1571
1570
1569
1568
1566
1565
1563
1563
1560
1556
1555
1555
1554
1554
1554
1554
1553
1552
1552
1551
1550
1550
1549
1548
1548
1548
1547
1545
1544
1544
1544
1540
1539
1537
1536
1536
1536
1535
1535
1535
1535
1535
1535
1534
1532
1531
1531
1529
1527
1526
1526
1525
1525
1525
1524
1523
1520
1518
1517
1517
1517
1517
1516
1516
1514
1514
1514
1513
1513
1512
1511
1511
1511
1510
1509
1507
1506
1506
1504
1504
1503
1502
1501
1500
1500
1500
1500
1499
1497
1496
1496
1495
1495
1493
1492
1492
1488
1487
1486
1485
1485
1485
1484
1483
1482
1480
1478
1477
1476
1476
1474
1473
1471
1466
1464
1464
1461
1459
1459
1458
1456
1455
1455
1454
1452
1451
1451
1451
1450
1449
1449
1448
1447
1447
1446
1444
1444
1443
1443
1443
1442
1442
1442
1441
1440
1438
1435
1434
1434
1434
1433
1433
1432
1432
1430
1428
1426
1425
1423
1421
1420
1419
1418
1418
1416
1416
1415
1413
1411
1411
1410
1410
1408
1406
1405
1405
1404
1404
1402
1401
1401
1400
1399
1399
1399
1397
1397
1395
1394
1394
1393
1393
1393
1393
1392
1391
1390
1390
1389
1387
1386
1386
1386
1385
1384
1384
1383
1382
1382
1379
1379
1379
1378
1376
1375
1372
1371
1369
1368
1367
1365
1364
1362
1361
1360
1356
1355
1355
1355
1354
1354
1353
1352
1350
1350
1350
1349
1349
1348
1345
1344
1343
1343
1343
1342
1342
1341
1341
1341
1340
1340
1339
1339
1338
1336
1336
1335
1334
1333
1329
1328
1328
1326
1326
1324
1323
1320
1319
1317
1317
1316
1312
1312
1311
1311
1310
1310
1309
1308
1308
1308
1307
1304
1302
1300
1299
1298
1297
1296
1296
1295
1295
1294
1293
1293
1291
1291
1290
1289
1288
1287
1286
1286
1285
1284
1283
1282
1281
1280
1280
1278
1278
1277
1277
1275
1275
1274
1273
1273
1271
1271
1270
1270
1269
1269
1268
1268
1267
1267
1267
1267
1264
1263
1261
1261
1260
1259
1257
1257
1255
1253
1253
1251
1251
1250
1247
1247
1246
1243
1242
1240
1240
1239
1238
1238
1237
1237
1236
1236
1236
1235
1233
1233
1231
1230
1230
1230
1226
1225
1225
1223
1222
1222
1222
1221
1220
1220
1220
1219
1217
1217
1214
1213
1213
1212
1211
1210
1210
1208
1206
1205
1203
1202
1202
1200
1200
1199
1199
1197
1194
1192
1190
1190
1190
1188
1186
1186
1185
1185
1182
1180
1178
1177
1177
1176
1175
1174
1173
1172
1172
1170
1168
1168
1165
1164
1163
1163
1159
1158
1157
1156
1153
1153
1152
1150
1150
1149
1147
1146
1146
1144
1143
1142
1142
1140
1139
1139
1138
1137
1136
1135
1134
1134
1132
1132
1131
1131
1131
1131
1131
1129
1125
1119
1117
1116
1116
1116
1115
1115
1113
1113
1113
1112
1111
1111
1109
1109
1106
1106
1105
1105
1105
1103
1103
1101
1101
1101
1101
1098
1098
1097
1096
1095
1094
1094
1094
1093
1093
1093
1092
1092
1090
1090
1088
1086
1086
1084
1083
1083
1082
1081
1080
1079
1075
1075
1074
1074
1073
1072
1072
1070
1070
1070
1070
1070
1069
1068
1067
1066
1061
1060
1059
1057
1057
1057
1055
1054
1052
1052
1051
1050
1049
1049
1047
1047
1047
1046
1045
1044
1044
1044
1043
1042
1041
1040
1039
1039
1039
1038
1035
1034
1033
1030
1029
1029
1029
1028
1024
1023
1022
1021
1021
1020
1020
1018
1017
1015
1015
1015
1010
1008
1007
1006
1005
1004
1004
1002
999
998
996
993
992
990
990
990
989
989
986
985
981
981
980
979
979
978
976
975
975
974
974
972
972
970
969
968
967
966
965
964
964
960
959
959
956
955
953
952
951
951
951
949
949
949
948
947
947
947
947
946
945
945
944
942
942
942
941
941
939
938
938
937
937
936
936
935
934
933
932
931
930
929
929
928
926
925
924
924
924
923
923
922
921
920
917
917
916
914
911
910
909
908
907
906
904
904
902
901
900
900
900
899
899
899
898
897
897
896
894
894
894
893
892
890
889
888
888
887
887
887
885
884
882
882
877
875
874
874
873
873
873
871
871
871
870
869
868
868
868
866
866
864
864
864
862
859
856
854
854
849
849
848
847
846
846
846
845
844
843
842
840
839
838
837
831
830
830
828
828
827
827
826
825
823
823
822
820
819
816
816
815
815
812
811
810
809
809
809
808
808
807
807
807
807
806
802
801
800
799
796
796
795
794
794
792
789
789
789
788
787
786
786
783
778
778
777
772
772
771
770
769
769
769
769
769
767
767
767
766
765
764
763
763
762
762
761
761
761
760
759
757
757
757
757
755
754
752
752
751
750
750
749
748
746
746
745
744
742
740
739
737
736
736
734
734
731
729
728
728
726
726
721
721
719
716
716
712
712
711
709
709
708
707
706
704
704
703
703
702
702
702
702
701
699
698
697
696
695
692
690
689
689
688
688
688
687
685
685
684
684
683
683
681
680
679
678
677
674
673
673
672
670
669
669
668
666
665
665
663
663
662
661
661
657
657
656
656
656
654
654
652
652
652
651
650
650
648
647
647
646
645
645
644
643
638
638
637
634
634
632
631
626
626
625
624
624
624
623
621
621
621
621
620
619
619
618
618
618
618
617
616
615
614
614
613
611
608
608
607
607
607
605
605
603
602
602
601
600
593
592
590
588
588
588
587
586
586
585
585
584
582
581
578
577
577
575
574
574
574
574
574
573
572
571
570
568
568
568
566
566
564
564
563
561
561
560
559
558
558
558
557
556
556
551
550
549
548
547
546
545
544
543
543
543
542
542
541
540
540
540
539
537
535
533
533
533
533
532
531
529
527
527
527
526
525
525
522
521
520
519
519
518
518
518
517
515
515
514
511
510
509
507
506
506
505
502
501
500
500
500
496
491
491
490
487
487
486
484
483
482
482
481
481
480
478
477
477
476
476
474
474
474
472
472
471
470
469
469
464
463
463
459
455
454
452
450
448
448
446
445
445
443
443
441
439
435
435
434
433
432
431
431
427
427
426
425
425
425
421
421
421
420
420
419
419
418
417
417
417
417
416
415
412
411
410
409
407
406
406
405
404
403
402
401
400
399
398
396
394
393
392
391
391
390
390
389
389
389
388
386
386
385
384
384
384
383
382
381
381
380
380
378
378
374
372
371
370
369
365
365
365
364
363
361
359
359
359
359
357
354
354
353
353
353
353
352
351
349
349
348
348
346
346
345
344
343
341
337
336
334
332
330
326
324
323
323
322
320
318
313
308
307
307
306
306
304
302
301
299
298
298
297
297
297
296
296
296
296
295
294
294
294
293
293
292
292
292
290
290
290
289
289
287
285
285
285
283
281
281
280
279
279
279
277
277
275
274
274
273
273
273
272
272
271
271
271
271
270
269
269
269
269
268
268
268
268
267
266
266
266
265
265
265
263
262
261
261
259
259
259
259
258
257
256
256
255
254
254
254
252
252
252
251
251
250
249
249
249
248
247
246
246
245
245
243
243
242
241
240
239
237
237
236
235
235
232
232
232
231
231
228
227
226
221
220
219
219
217
217
216
214
213
212
212
211
206
205
204
203
202
200
200
199
198
198
198
197
195
195
194
193
193
193
192
191
190
189
187
184
182
181
180
180
178
178
175
174
173
172
171
169
169
167
166
163
162
161
161
161
160
159
159
158
157
155
149
148
148
148
147
146
145
145
144
143
142
142
140
139
139
138
135
134
131
129
128
127
127
127
127
125
123
122
120
120
119
119
119
117
117
116
116
116
114
114
114
113
112
111
110
108
108
106
104
103
100
100
100
99
99
98
98
97
97
96
94
94
92
92
90
89
88
88
88
87
86
84
83
83
82
81
79
79
77
77
76
74
71
71
70
69
68
68
66
65
65
65
64
64
64
63
60
60
59
58
58
58
57
56
56
56
55
53
48
48
46
45
44
42
42
38
37
34
34
33
32
32
32
31
30
30
28
27
22
22
21
20
20
19
19
19
19
19
19
14
14
13
11
8
8
6
5
5
4
3
1
